descriptor s_test R_test Z_test
0	0.948836	9.99999e-006	0.002	-0.398539	-0.00159892
0.005	0.943836	2.99634e-005	0.0039927	-0.397061	-0.00319661
0.01	0.938836	5.98532e-005	0.005978	-0.395566	-0.00479293
0.015	0.933836	9.9632e-005	0.00795583	-0.394054	-0.00638773
0.02	0.928837	0.000149262	0.0099261	-0.392525	-0.00798086
0.025	0.923837	0.000208704	0.0118887	-0.390978	-0.00957217
0.03	0.918837	0.00027792	0.0138436	-0.389413	-0.0111615
0.035	0.913838	0.00035687	0.0157907	-0.387831	-0.0127487
0.04	0.908839	0.000445514	0.0177298	-0.386231	-0.0143337
0.045	0.90384	0.000543813	0.019661	-0.384612	-0.0159162
0.05	0.898841	0.000651725	0.0215841	-0.382975	-0.0174962
0.055	0.893842	0.000769209	0.0234989	-0.38132	-0.0190734
0.06	0.888844	0.000896223	0.0254055	-0.379646	-0.0206478
0.065	0.883846	0.00103272	0.0273038	-0.377953	-0.0222191
0.07	0.878848	0.00117867	0.0291935	-0.376241	-0.0237873
0.075	0.87385	0.00133402	0.0310747	-0.374509	-0.0253521
0.08	0.868853	0.00149873	0.0329473	-0.372759	-0.0269134
0.085	0.863856	0.00167275	0.0348111	-0.370989	-0.028471
0.09	0.858859	0.00185604	0.036666	-0.369199	-0.0300249
0.095	0.853863	0.00204855	0.038512	-0.367388	-0.0315747
0.1	0.848867	0.00225024	0.0403489	-0.365558	-0.0331205
0.105	0.843872	0.00246106	0.0421767	-0.363708	-0.0346619
0.11	0.838876	0.00268096	0.0439953	-0.361836	-0.0361989
0.115	0.833882	0.00290991	0.0458044	-0.359944	-0.0377312
0.12	0.828887	0.00314784	0.0476042	-0.358031	-0.0392588
0.125	0.823893	0.00339471	0.0493943	-0.356097	-0.0407815
0.13	0.8189	0.00365047	0.0511748	-0.354141	-0.042299
0.135	0.813907	0.00391508	0.0529455	-0.352163	-0.0438113
0.14	0.808915	0.00418847	0.0547063	-0.350164	-0.0453181
0.145	0.803922	0.00447061	0.0564571	-0.348142	-0.0468194
0.15	0.798931	0.00476143	0.0581979	-0.346098	-0.0483148
0.155	0.79394	0.00506089	0.0599283	-0.344031	-0.0498044
0.16	0.788949	0.00536894	0.0616485	-0.341942	-0.0512878
0.165	0.783959	0.00568552	0.0633582	-0.339829	-0.0527649
0.17	0.77897	0.00601058	0.0650574	-0.337693	-0.0542356
0.175	0.773981	0.00634406	0.0667458	-0.335533	-0.0556997
0.18	0.768993	0.00668591	0.0684235	-0.33335	-0.057157
0.185	0.764005	0.00703607	0.0700902	-0.331142	-0.0586073
0.19	0.759018	0.0073945	0.0717459	-0.32891	-0.0600505
0.195	0.754031	0.00776112	0.0733905	-0.326653	-0.0614864
0.2	0.749046	0.00813589	0.0750238	-0.324371	-0.0629148
0.205	0.74406	0.00851874	0.0766456	-0.322064	-0.0643355
0.21	0.739076	0.00890962	0.0782559	-0.319731	-0.0657483
0.215	0.734091	0.00930847	0.0798546	-0.317373	-0.0671531
0.22	0.729108	0.00971522	0.0814414	-0.314988	-0.0685498
0.225	0.724125	0.0101298	0.0830164	-0.312577	-0.069938
0.23	0.719143	0.0105522	0.0845793	-0.310139	-0.0713176
0.235	0.714162	0.0109823	0.08613	-0.307674	-0.0726885
0.24	0.709181	0.0114201	0.0876683	-0.305181	-0.0740505
0.245	0.704201	0.0118655	0.0891942	-0.302661	-0.0754033
0.25	0.699221	0.0123184	0.0907075	-0.300113	-0.0767468
0.255	0.694243	0.0127788	0.0922081	-0.297536	-0.0780808
0.26	0.689264	0.0132466	0.0936958	-0.29493	-0.0794051
0.265	0.684287	0.0137217	0.0951704	-0.292296	-0.0807195
0.27	0.67931	0.0142041	0.0966319	-0.289631	-0.0820238
0.275	0.674334	0.0146938	0.0980801	-0.286937	-0.0833179
0.28	0.669359	0.0151905	0.0995148	-0.284213	-0.0846015
0.285	0.664385	0.0156943	0.100936	-0.281458	-0.0858744
0.29	0.659411	0.0162052	0.102343	-0.278672	-0.0871365
0.295	0.654438	0.0167229	0.103736	-0.275854	-0.0883875
0.3	0.649465	0.0172475	0.105116	-0.273005	-0.0896272
0.305	0.644494	0.0177789	0.106481	-0.270123	-0.0908555
0.31	0.639523	0.018317	0.107831	-0.267209	-0.0920721
0.315	0.634552	0.0188618	0.109167	-0.264261	-0.0932768
0.32	0.629583	0.0194131	0.110489	-0.26128	-0.0944695
0.325	0.624614	0.0199709	0.111795	-0.258265	-0.0956499
0.33	0.619646	0.0205351	0.113086	-0.255215	-0.0968178
0.335	0.614679	0.0211057	0.114363	-0.25213	-0.0979729
0.34	0.609712	0.0216825	0.115623	-0.249009	-0.0991152
0.345	0.604746	0.0222655	0.116868	-0.245853	-0.100244
0.35	0.599781	0.0228547	0.118097	-0.24266	-0.10136
0.355	0.594817	0.0234498	0.119311	-0.23943	-0.102462
0.36	0.589853	0.0240509	0.120508	-0.236162	-0.103551
0.365	0.58489	0.0246578	0.121689	-0.232856	-0.104625
0.37	0.579927	0.0252706	0.122853	-0.229512	-0.105685
0.375	0.574966	0.025889	0.124001	-0.226128	-0.106731
0.38	0.570005	0.026513	0.125131	-0.222704	-0.107762
0.385	0.565045	0.0271425	0.126245	-0.219239	-0.108778
0.39	0.560085	0.0277775	0.127341	-0.215734	-0.109779
0.395	0.555126	0.0284179	0.12842	-0.212187	-0.110764
0.4	0.550168	0.0290635	0.129481	-0.208597	-0.111734
0.405	0.545211	0.0297142	0.130524	-0.204964	-0.112688
0.41	0.540254	0.0303701	0.131548	-0.201287	-0.113626
0.415	0.535298	0.0310309	0.132555	-0.197566	-0.114548
0.42	0.530342	0.0316966	0.133543	-0.1938	-0.115453
0.425	0.525388	0.0323672	0.134512	-0.189987	-0.116341
0.43	0.520433	0.0330424	0.135462	-0.186128	-0.117212
0.435	0.51548	0.0337223	0.136392	-0.182221	-0.118066
0.44	0.510527	0.0344066	0.137303	-0.178266	-0.118902
0.445	0.505574	0.0350954	0.138195	-0.174261	-0.11972
0.45	0.500623	0.0357885	0.139066	-0.170207	-0.12052
0.455	0.495672	0.0364858	0.139917	-0.166101	-0.121302
0.46	0.490721	0.0371872	0.140747	-0.161944	-0.122065
0.465	0.485771	0.0378926	0.141557	-0.157734	-0.122809
0.47	0.480822	0.038602	0.142346	-0.15347	-0.123534
0.475	0.475873	0.0393151	0.143113	-0.149152	-0.12424
0.48	0.470924	0.0400319	0.143859	-0.144777	-0.124925
0.485	0.465977	0.0407523	0.144583	-0.140346	-0.125591
0.49	0.461029	0.0414762	0.145285	-0.135857	-0.126236
0.495	0.456082	0.0422034	0.145964	-0.131309	-0.12686
0.5	0.451136	0.0429339	0.14662	-0.1267	-0.127464
0.505	0.44619	0.0436675	0.147254	-0.12203	-0.128046
0.51	0.441245	0.0444041	0.147864	-0.117298	-0.128607
0.515	0.4363	0.0451436	0.148451	-0.112502	-0.129146
0.52	0.431355	0.045886	0.149013	-0.10764	-0.129663
0.525	0.426411	0.0466309	0.149551	-0.102712	-0.130157
0.53	0.421467	0.0473784	0.150065	-0.0977157	-0.130628
0.535	0.416524	0.0481284	0.150553	-0.0926501	-0.131076
0.54	0.411581	0.0488806	0.151017	-0.0875135	-0.131501
0.545	0.406638	0.049635	0.151454	-0.0823045	-0.131902
0.55	0.401695	0.0503914	0.151866	-0.0770213	-0.132279
0.555	0.396753	0.0511497	0.152251	-0.0716622	-0.132631
0.56	0.391811	0.0519098	0.152609	-0.0662257	-0.132958
0.565	0.38687	0.0526715	0.15294	-0.0607097	-0.13326
0.57	0.381928	0.0534347	0.153244	-0.0551126	-0.133536
0.575	0.376987	0.0541993	0.153519	-0.0494322	-0.133786
0.58	0.372046	0.0549651	0.153767	-0.0436666	-0.13401
0.585	0.367105	0.055732	0.153985	-0.0378138	-0.134207
0.59	0.362165	0.0564998	0.154174	-0.0318714	-0.134377
0.595	0.357224	0.0572684	0.154333	-0.0258373	-0.134519
0.6	0.352284	0.0580377	0.154463	-0.019709	-0.134633
0.605	0.347343	0.0588074	0.154561	-0.0134841	-0.134719
0.61	0.342403	0.0595775	0.154628	-0.00716002	-0.134775
0.615	0.337462	0.0603477	0.154664	-0.000734048	-0.134803
0.62	0.332522	0.061118	0.154668	0.00579661	-0.1348
0.625	0.327582	0.0618881	0.154639	0.0124349	-0.134767
0.63	0.322641	0.0626579	0.154577	0.0191839	-0.134704
0.635	0.317701	0.0634272	0.154481	0.0260467	-0.134609
0.64	0.31276	0.0641959	0.154351	0.0330268	-0.134482
0.645	0.30782	0.0649638	0.154185	0.0401277	-0.134323
0.65	0.302879	0.0657307	0.153985	0.0473531	-0.134131
0.655	0.297938	0.0664964	0.153748	0.0547068	-0.133906
0.66	0.292997	0.0672608	0.153475	0.0621929	-0.133647
0.665	0.288055	0.0680236	0.153164	0.0698157	-0.133354
0.67	0.283113	0.0687847	0.152815	0.0775797	-0.133025
0.675	0.278171	0.0695439	0.152427	0.0854896	-0.132661
0.68	0.273229	0.070301	0.151999	0.0935504	-0.13226
0.685	0.268286	0.0710557	0.151531	0.101767	-0.131823
0.69	0.263343	0.071808	0.151023	0.110146	-0.131347
0.695	0.2584	0.0725575	0.150472	0.118693	-0.130834
0.7	0.253456	0.0733041	0.149878	0.127413	-0.130281
0.705	0.248511	0.0740475	0.149241	0.136314	-0.129689
0.71	0.243566	0.0747876	0.14856	0.145402	-0.129056
0.715	0.238621	0.0755241	0.147833	0.154685	-0.128382
0.72	0.233675	0.0762567	0.147059	0.164171	-0.127666
0.725	0.228728	0.0769853	0.146238	0.173868	-0.126906
0.73	0.223781	0.0777096	0.145369	0.183786	-0.126103
0.735	0.218833	0.0784293	0.14445	0.193933	-0.125256
0.74	0.213885	0.0791443	0.143481	0.204321	-0.124362
0.745	0.208935	0.0798542	0.142459	0.214959	-0.123422
0.75	0.203985	0.0805587	0.141384	0.225861	-0.122434
0.755	0.199034	0.0812577	0.140255	0.237038	-0.121398
0.76	0.194082	0.0819508	0.13907	0.248504	-0.120312
0.765	0.18913	0.0826378	0.137827	0.260274	-0.119174
0.77	0.184176	0.0833183	0.136526	0.272365	-0.117985
0.775	0.179222	0.083992	0.135164	0.284793	-0.116742
0.78	0.174267	0.0846587	0.13374	0.297576	-0.115444
0.785	0.16931	0.0853181	0.132252	0.310737	-0.11409
0.79	0.164353	0.0859697	0.130698	0.324296	-0.112678
0.795	0.159395	0.0866133	0.129077	0.338278	-0.111207
0.8	0.154435	0.0872485	0.127386	0.352711	-0.109675
0.805	0.149474	0.087875	0.125622	0.367623	-0.108081
0.81	0.144513	0.0884923	0.123784	0.383047	-0.106422
0.815	0.13955	0.0891002	0.121869	0.39902	-0.104696
0.82	0.134586	0.0896981	0.119874	0.415582	-0.102903
0.825	0.12962	0.0902857	0.117796	0.432777	-0.101039
0.83	0.124654	0.0908626	0.115632	0.450656	-0.0991019
0.835	0.119686	0.0914283	0.113378	0.469277	-0.0970898
0.84	0.114717	0.0919823	0.111032	0.488704	-0.0949999
0.845	0.109746	0.0925241	0.108589	0.50901	-0.0928295
0.85	0.104774	0.0930534	0.106043	0.530281	-0.0905755
0.855	0.0998009	0.0935694	0.103392	0.552613	-0.088235
0.86	0.0948262	0.0940717	0.100629	0.576122	-0.0858045
0.865	0.08985	0.0945597	0.0977484	0.60094	-0.0832806
0.87	0.0848725	0.0950327	0.0947437	0.627226	-0.0806595
0.875	0.0798934	0.0954901	0.0916076	0.655171	-0.0779373
0.88	0.0749129	0.0959312	0.0883317	0.685006	-0.0751099
0.885	0.0699309	0.0963552	0.0849067	0.717014	-0.0721732
0.89	0.0649475	0.0967613	0.0813216	0.751553	-0.0691231
0.895	0.0599625	0.0971488	0.0775639	0.789075	-0.0659556
0.9	0.054976	0.0975165	0.0736185	0.830172	-0.0626677
0.905	0.0499881	0.0978636	0.0694676	0.875637	-0.0592575
0.91	0.0449987	0.0981888	0.0650894	0.926567	-0.0557262
0.915	0.0400078	0.0984909	0.0604566	0.984542	-0.0520801
0.92	0.0350155	0.0987684	0.0555339	1.05195	-0.0483363
0.925	0.0300218	0.0990197	0.0502741	1.13264	-0.0445334
0.93	0.0250268	0.0992427	0.0446109	1.23338	-0.0407566
0.935	0.0200305	0.0994349	0.038444	1.36741	-0.0372024
0.94	0.015033	0.0995929	0.031607	1.56529	-0.0343761
0.945	0.0100344	0.0997118	0.0237806	1.91705	-0.0338758
0.95	0.00503492	0.0997827	0.0141953	2.82752	-0.0436055
0.955	3.49188e-005	0.099783	5.76947e-005	9.12001	-0.233702
