descriptor s_test R_test Z_test
0	2.46689	9.99999e-006	0.002	-0.401705	-0.00161918
0.005	2.46189	3.00426e-005	0.00400852	-0.403405	-0.00325755
0.01	2.45689	6.01701e-005	0.00602555	-0.405102	-0.00491509
0.015	2.45189	0.000100425	0.00805106	-0.406795	-0.00659181
0.02	2.44689	0.000150849	0.010085	-0.408484	-0.0082877
0.025	2.44189	0.000211485	0.0121275	-0.410168	-0.0100028
0.03	2.43689	0.000282374	0.0141783	-0.411849	-0.011737
0.035	2.43189	0.000363558	0.0162375	-0.413526	-0.0134903
0.04	2.42689	0.000455079	0.0183052	-0.415198	-0.0152629
0.045	2.42189	0.000556978	0.0203812	-0.416867	-0.0170545
0.05	2.4169	0.000669296	0.0224655	-0.418532	-0.0188653
0.055	2.4119	0.000792074	0.0245582	-0.420192	-0.0206952
0.06	2.4069	0.000925354	0.0266591	-0.421849	-0.0225442
0.065	2.4019	0.00106918	0.0287684	-0.423501	-0.0244123
0.07	2.3969	0.00122358	0.0308859	-0.42515	-0.0262995
0.075	2.39191	0.00138861	0.0330116	-0.426794	-0.0282058
0.08	2.38691	0.0015643	0.0351456	-0.428434	-0.0301311
0.085	2.38191	0.0017507	0.0372878	-0.43007	-0.0320755
0.09	2.37692	0.00194784	0.0394381	-0.431702	-0.0340389
0.095	2.37192	0.00215576	0.0415966	-0.43333	-0.0360214
0.1	2.36693	0.00237451	0.0437633	-0.434954	-0.0380228
0.105	2.36193	0.00260411	0.045938	-0.436574	-0.0400432
0.11	2.35694	0.00284463	0.0481209	-0.438189	-0.0420826
0.115	2.35194	0.00309608	0.0503119	-0.439801	-0.044141
0.12	2.34695	0.00335851	0.0525109	-0.441408	-0.0462183
0.125	2.34196	0.00363197	0.0547179	-0.443011	-0.0483145
0.13	2.33697	0.00391648	0.0569329	-0.44461	-0.0504296
0.135	2.33197	0.00421208	0.059156	-0.446204	-0.0525635
0.14	2.32698	0.00451883	0.061387	-0.447795	-0.0547164
0.145	2.32199	0.00483674	0.063626	-0.449381	-0.056888
0.15	2.317	0.00516587	0.0658729	-0.450962	-0.0590785
0.155	2.31202	0.00550624	0.0681277	-0.45254	-0.0612877
0.16	2.30703	0.0058579	0.0703904	-0.454113	-0.0635157
0.165	2.30204	0.00622089	0.072661	-0.455682	-0.0657624
0.17	2.29706	0.00659524	0.0749394	-0.457247	-0.0680278
0.175	2.29207	0.00698098	0.0772256	-0.458807	-0.0703119
0.18	2.28709	0.00737816	0.0795197	-0.460363	-0.0726146
0.185	2.2821	0.00778681	0.0818215	-0.461915	-0.074936
0.19	2.27712	0.00820697	0.0841311	-0.463462	-0.077276
0.195	2.27214	0.00863867	0.0864484	-0.465005	-0.0796345
0.2	2.26716	0.00908196	0.0887734	-0.466544	-0.0820115
0.205	2.26218	0.00953686	0.0911061	-0.468078	-0.084407
0.21	2.2572	0.0100034	0.0934465	-0.469607	-0.086821
0.215	2.25222	0.0104817	0.0957945	-0.471133	-0.0892535
0.22	2.24725	0.0109716	0.0981502	-0.472653	-0.0917043
0.225	2.24227	0.0114733	0.100513	-0.474169	-0.0941735
0.23	2.2373	0.0119869	0.102884	-0.475681	-0.096661
0.235	2.23233	0.0125122	0.105263	-0.477188	-0.0991668
0.24	2.22736	0.0130494	0.107649	-0.47869	-0.101691
0.245	2.22239	0.0135985	0.110042	-0.480188	-0.104233
0.25	2.21742	0.0141595	0.112443	-0.481682	-0.106794
0.255	2.21245	0.0147325	0.114851	-0.48317	-0.109372
0.26	2.20749	0.0153175	0.117267	-0.484654	-0.111969
0.265	2.20252	0.0159145	0.119691	-0.486133	-0.114584
0.27	2.19756	0.0165236	0.122121	-0.487608	-0.117216
0.275	2.1926	0.0171448	0.124559	-0.489078	-0.119867
0.28	2.18764	0.0177781	0.127005	-0.490543	-0.122536
0.285	2.18268	0.0184236	0.129457	-0.492003	-0.125222
0.29	2.17772	0.0190813	0.131917	-0.493459	-0.127927
0.295	2.17277	0.0197512	0.134385	-0.494909	-0.130649
0.3	2.16781	0.0204334	0.136859	-0.496355	-0.133388
0.305	2.16286	0.0211278	0.139341	-0.497796	-0.136146
0.31	2.15791	0.0218346	0.14183	-0.499232	-0.138921
0.315	2.15297	0.0225537	0.144326	-0.500663	-0.141714
0.32	2.14802	0.0232852	0.146829	-0.502089	-0.144524
0.325	2.14308	0.0240292	0.14934	-0.50351	-0.147352
0.33	2.13813	0.0247855	0.151857	-0.504926	-0.150197
0.335	2.13319	0.0255544	0.154382	-0.506337	-0.15306
0.34	2.12825	0.0263357	0.156914	-0.507742	-0.15594
0.345	2.12332	0.0271296	0.159452	-0.509143	-0.158837
0.35	2.11838	0.0279361	0.161998	-0.510539	-0.161752
0.355	2.11345	0.0287551	0.164551	-0.511929	-0.164683
0.36	2.10852	0.0295868	0.167111	-0.513314	-0.167632
0.365	2.10359	0.0304311	0.169677	-0.514694	-0.170598
0.37	2.09867	0.0312881	0.172251	-0.516069	-0.173581
0.375	2.09374	0.0321578	0.174831	-0.517438	-0.17658
0.38	2.08882	0.0330403	0.177418	-0.518802	-0.179597
0.385	2.0839	0.0339355	0.180012	-0.52016	-0.18263
0.39	2.07898	0.0348435	0.182613	-0.521513	-0.18568
0.395	2.07407	0.0357643	0.18522	-0.522861	-0.188747
0.4	2.06916	0.0366979	0.187835	-0.524203	-0.19183
0.405	2.06425	0.0376445	0.190456	-0.525539	-0.19493
0.41	2.05934	0.0386039	0.193083	-0.52687	-0.198047
0.415	2.05444	0.0395763	0.195718	-0.528195	-0.201179
0.42	2.04953	0.0405616	0.198359	-0.529515	-0.204328
0.425	2.04464	0.0415598	0.201006	-0.530829	-0.207494
0.43	2.03974	0.0425711	0.203661	-0.532137	-0.210675
0.435	2.03484	0.0435954	0.206321	-0.533439	-0.213873
0.44	2.02995	0.0446328	0.208988	-0.534736	-0.217087
0.445	2.02506	0.0456832	0.211662	-0.536026	-0.220317
0.45	2.02018	0.0467467	0.214342	-0.537311	-0.223562
0.455	2.0153	0.0478234	0.217029	-0.53859	-0.226824
0.46	2.01042	0.0489132	0.219722	-0.539862	-0.230101
0.465	2.00554	0.0500161	0.222421	-0.541129	-0.233394
0.47	2.00067	0.0511323	0.225127	-0.542389	-0.236702
0.475	1.9958	0.0522616	0.227839	-0.543644	-0.240026
0.48	1.99093	0.0534042	0.230557	-0.544892	-0.243366
0.485	1.98606	0.0545601	0.233281	-0.546134	-0.246721
0.49	1.9812	0.0557292	0.236012	-0.54737	-0.250091
0.495	1.97634	0.0569117	0.238749	-0.548599	-0.253476
0.5	1.97149	0.0581074	0.241492	-0.549822	-0.256877
0.505	1.96664	0.0593165	0.244241	-0.551038	-0.260292
0.51	1.96179	0.060539	0.246996	-0.552248	-0.263722
0.515	1.95694	0.0617748	0.249757	-0.553451	-0.267168
0.52	1.9521	0.0630241	0.252525	-0.554648	-0.270628
0.525	1.94726	0.0642867	0.255298	-0.555838	-0.274102
0.53	1.94243	0.0655628	0.258077	-0.557021	-0.277591
0.535	1.9376	0.0668524	0.260862	-0.558198	-0.281095
0.54	1.93277	0.0681555	0.263653	-0.559368	-0.284613
0.545	1.92795	0.069472	0.26645	-0.56053	-0.288146
0.55	1.92313	0.070802	0.269253	-0.561686	-0.291692
0.555	1.91831	0.0721456	0.272061	-0.562835	-0.295253
0.56	1.9135	0.0735028	0.274875	-0.563977	-0.298828
0.565	1.90869	0.0748735	0.277695	-0.565111	-0.302417
0.57	1.90389	0.0762577	0.280521	-0.566239	-0.306019
0.575	1.89909	0.0776556	0.283352	-0.567359	-0.309635
0.58	1.89429	0.0790671	0.286189	-0.568472	-0.313265
0.585	1.8895	0.0804922	0.289031	-0.569578	-0.316909
0.59	1.88471	0.081931	0.291879	-0.570676	-0.320565
0.595	1.87992	0.0833834	0.294732	-0.571766	-0.324236
0.6	1.87514	0.0848495	0.297591	-0.572849	-0.327919
0.605	1.87037	0.0863293	0.300455	-0.573924	-0.331615
0.61	1.8656	0.0878228	0.303325	-0.574992	-0.335325
0.615	1.86083	0.0893299	0.3062	-0.576052	-0.339047
0.62	1.85607	0.0908509	0.30908	-0.577104	-0.342782
0.625	1.85131	0.0923855	0.311966	-0.578148	-0.34653
0.63	1.84655	0.0939339	0.314856	-0.579184	-0.35029
0.635	1.8418	0.0954961	0.317752	-0.580212	-0.354063
0.64	1.83706	0.097072	0.320653	-0.581232	-0.357848
0.645	1.83232	0.0986617	0.32356	-0.582243	-0.361646
0.65	1.82758	0.100265	0.326471	-0.583247	-0.365455
0.655	1.82285	0.101883	0.329387	-0.584242	-0.369276
0.66	1.81812	0.103514	0.332308	-0.585228	-0.37311
0.665	1.8134	0.105159	0.335234	-0.586206	-0.376955
0.67	1.80869	0.106817	0.338165	-0.587176	-0.380811
0.675	1.80397	0.10849	0.341101	-0.588137	-0.384679
0.68	1.79927	0.110177	0.344042	-0.589089	-0.388559
0.685	1.79456	0.111877	0.346987	-0.590032	-0.39245
0.69	1.78987	0.113591	0.349938	-0.590966	-0.396352
0.695	1.78518	0.115319	0.352892	-0.591891	-0.400265
0.7	1.78049	0.117061	0.355852	-0.592808	-0.404188
0.705	1.77581	0.118817	0.358816	-0.593715	-0.408123
0.71	1.77113	0.120587	0.361785	-0.594612	-0.412068
0.715	1.76646	0.12237	0.364758	-0.595501	-0.416024
0.72	1.76179	0.124168	0.367735	-0.59638	-0.41999
0.725	1.75713	0.125979	0.370717	-0.597249	-0.423966
0.73	1.75248	0.127804	0.373703	-0.598109	-0.427952
0.735	1.74783	0.129644	0.376694	-0.59896	-0.431949
0.74	1.74319	0.131497	0.379689	-0.5998	-0.435955
0.745	1.73855	0.133364	0.382688	-0.600631	-0.43997
0.75	1.73391	0.135245	0.385691	-0.601451	-0.443996
0.755	1.72929	0.13714	0.388698	-0.602262	-0.44803
0.76	1.72467	0.139049	0.391709	-0.603062	-0.452074
0.765	1.72005	0.140971	0.394725	-0.603852	-0.456127
0.77	1.71544	0.142908	0.397744	-0.604632	-0.460189
0.775	1.71084	0.144859	0.400767	-0.605401	-0.46426
0.78	1.70624	0.146823	0.403794	-0.60616	-0.46834
0.785	1.70165	0.148802	0.406825	-0.606908	-0.472428
0.79	1.69706	0.150794	0.409859	-0.607646	-0.476524
0.795	1.69248	0.152801	0.412898	-0.608372	-0.480629
0.8	1.68791	0.154821	0.415939	-0.609088	-0.484742
0.805	1.68334	0.156855	0.418985	-0.609793	-0.488863
0.81	1.67878	0.158903	0.422034	-0.610486	-0.492991
0.815	1.67422	0.160965	0.425086	-0.611168	-0.497127
0.82	1.66968	0.163041	0.428142	-0.611839	-0.501271
0.825	1.66513	0.165131	0.431201	-0.612498	-0.505422
0.83	1.6606	0.167234	0.434264	-0.613146	-0.50958
0.835	1.65607	0.169352	0.43733	-0.613782	-0.513745
0.84	1.65155	0.171484	0.440398	-0.614406	-0.517917
0.845	1.64703	0.173629	0.44347	-0.615019	-0.522095
0.85	1.64252	0.175788	0.446546	-0.615619	-0.52628
0.855	1.63802	0.177961	0.449624	-0.616207	-0.530471
0.86	1.63352	0.180148	0.452705	-0.616783	-0.534669
0.865	1.62903	0.182349	0.455789	-0.617347	-0.538872
0.87	1.62455	0.184564	0.458875	-0.617898	-0.543082
0.875	1.62007	0.186792	0.461965	-0.618436	-0.547297
0.88	1.6156	0.189035	0.465057	-0.618962	-0.551517
0.885	1.61114	0.191291	0.468152	-0.619475	-0.555743
0.89	1.60669	0.193561	0.471249	-0.619975	-0.559974
0.895	1.60224	0.195845	0.474349	-0.620462	-0.56421
0.9	1.5978	0.198142	0.477451	-0.620935	-0.568451
0.905	1.59336	0.200454	0.480556	-0.621396	-0.572696
0.91	1.58894	0.202779	0.483663	-0.621843	-0.576946
0.915	1.58452	0.205118	0.486772	-0.622276	-0.5812
0.92	1.58011	0.20747	0.489884	-0.622696	-0.585459
0.925	1.5757	0.209837	0.492997	-0.623102	-0.589721
0.93	1.5713	0.212217	0.496113	-0.623494	-0.593987
0.935	1.56691	0.214611	0.49923	-0.623871	-0.598256
0.94	1.56253	0.217018	0.502349	-0.624235	-0.602529
0.945	1.55816	0.219439	0.505471	-0.624584	-0.606804
0.95	1.55379	0.221874	0.508594	-0.624919	-0.611083
0.955	1.54943	0.224322	0.511718	-0.625239	-0.615365
0.96	1.54508	0.226784	0.514844	-0.625545	-0.619649
0.965	1.54073	0.22926	0.517972	-0.625835	-0.623936
0.97	1.5364	0.231749	0.521101	-0.626111	-0.628225
0.975	1.53207	0.234252	0.524232	-0.626372	-0.632515
0.98	1.52775	0.236768	0.527364	-0.626617	-0.636808
0.985	1.52344	0.239298	0.530497	-0.626847	-0.641102
0.99	1.51913	0.241841	0.533631	-0.627061	-0.645398
0.995	1.51483	0.244398	0.536766	-0.627259	-0.649695
1	1.51055	0.246968	0.539903	-0.627442	-0.653993
1.005	1.50626	0.249552	0.54304	-0.627609	-0.658292
1.01	1.50199	0.252149	0.546178	-0.62776	-0.662591
1.015	1.49773	0.25476	0.549317	-0.627894	-0.666891
1.02	1.49347	0.257383	0.552456	-0.628012	-0.671191
1.025	1.48922	0.260021	0.555596	-0.628113	-0.675491
1.03	1.48498	0.262671	0.558737	-0.628198	-0.679791
1.035	1.48075	0.265335	0.561878	-0.628266	-0.68409
1.04	1.47653	0.268012	0.565019	-0.628317	-0.688389
1.045	1.47232	0.270703	0.568161	-0.628351	-0.692687
1.05	1.46811	0.273406	0.571302	-0.628368	-0.696984
1.055	1.46391	0.276123	0.574444	-0.628367	-0.70128
1.06	1.45972	0.278853	0.577586	-0.628349	-0.705574
1.065	1.45554	0.281596	0.580728	-0.628313	-0.709867
1.07	1.45137	0.284353	0.583869	-0.628259	-0.714157
1.075	1.44721	0.287122	0.587011	-0.628187	-0.718446
1.08	1.44305	0.289904	0.590152	-0.628096	-0.722732
1.085	1.43891	0.2927	0.593292	-0.627988	-0.727016
1.09	1.43477	0.295508	0.596432	-0.627861	-0.731296
1.095	1.43064	0.29833	0.599571	-0.627716	-0.735574
1.1	1.42652	0.301164	0.60271	-0.627551	-0.739849
1.105	1.42241	0.304011	0.605848	-0.627368	-0.74412
1.11	1.41831	0.306872	0.608984	-0.627166	-0.748388
1.115	1.41422	0.309745	0.61212	-0.626944	-0.752651
1.12	1.41014	0.312631	0.615255	-0.626703	-0.756911
1.125	1.40606	0.315529	0.618389	-0.626442	-0.761166
1.13	1.402	0.31844	0.621521	-0.626162	-0.765417
1.135	1.39794	0.321365	0.624652	-0.625862	-0.769662
1.14	1.3939	0.324301	0.627781	-0.625542	-0.773903
1.145	1.38986	0.327251	0.630909	-0.625201	-0.778138
1.15	1.38583	0.330213	0.634035	-0.624841	-0.782368
1.155	1.38181	0.333187	0.637159	-0.624459	-0.786593
1.16	1.3778	0.336174	0.640281	-0.624057	-0.790811
1.165	1.3738	0.339174	0.643401	-0.623635	-0.795023
1.17	1.36981	0.342186	0.64652	-0.623191	-0.799228
1.175	1.36583	0.345211	0.649636	-0.622726	-0.803427
1.18	1.36186	0.348247	0.652749	-0.62224	-0.807619
1.185	1.35789	0.351297	0.65586	-0.621732	-0.811804
1.19	1.35394	0.354358	0.658969	-0.621203	-0.815982
1.195	1.35	0.357432	0.662075	-0.620652	-0.820151
1.2	1.34606	0.360518	0.665178	-0.620079	-0.824313
1.205	1.34214	0.363616	0.668279	-0.619484	-0.828467
1.21	1.33822	0.366726	0.671376	-0.618866	-0.832612
1.215	1.33432	0.369849	0.67447	-0.618226	-0.836749
1.22	1.33042	0.372983	0.677562	-0.617564	-0.840877
1.225	1.32654	0.37613	0.680649	-0.616878	-0.844996
1.23	1.32266	0.379288	0.683734	-0.61617	-0.849106
1.235	1.3188	0.382459	0.686815	-0.615439	-0.853205
1.24	1.31494	0.385641	0.689892	-0.614684	-0.857296
1.245	1.31109	0.388835	0.692965	-0.613906	-0.861376
1.25	1.30726	0.392041	0.696035	-0.613105	-0.865445
1.255	1.30343	0.395259	0.6991	-0.61228	-0.869504
1.26	1.29961	0.398488	0.702162	-0.61143	-0.873553
1.265	1.2958	0.401729	0.705219	-0.610557	-0.87759
1.27	1.29201	0.404981	0.708272	-0.60966	-0.881616
1.275	1.28822	0.408246	0.71132	-0.608738	-0.88563
1.28	1.28444	0.411521	0.714364	-0.607791	-0.889632
1.285	1.28067	0.414808	0.717403	-0.60682	-0.893623
1.29	1.27692	0.418107	0.720437	-0.605824	-0.897601
1.295	1.27317	0.421417	0.723466	-0.604803	-0.901566
1.3	1.26943	0.424738	0.72649	-0.603757	-0.905519
1.305	1.2657	0.428071	0.729509	-0.602686	-0.909458
1.31	1.26199	0.431414	0.732522	-0.601589	-0.913384
1.315	1.25828	0.434769	0.73553	-0.600466	-0.917297
1.32	1.25458	0.438135	0.738532	-0.599318	-0.921195
1.325	1.25089	0.441512	0.741529	-0.598143	-0.92508
1.33	1.24722	0.444901	0.74452	-0.596943	-0.92895
1.335	1.24355	0.4483	0.747504	-0.595716	-0.932806
1.34	1.23989	0.45171	0.750483	-0.594463	-0.936646
1.345	1.23625	0.45513	0.753455	-0.593183	-0.940472
1.35	1.23261	0.458562	0.756421	-0.591876	-0.944282
1.355	1.22898	0.462004	0.759381	-0.590543	-0.948077
1.36	1.22537	0.465457	0.762333	-0.589182	-0.951855
1.365	1.22176	0.468921	0.765279	-0.587794	-0.955618
1.37	1.21817	0.472395	0.768218	-0.586379	-0.959364
1.375	1.21458	0.47588	0.77115	-0.584937	-0.963093
1.38	1.21101	0.479375	0.774075	-0.583467	-0.966806
1.385	1.20744	0.482881	0.776992	-0.581969	-0.970501
1.39	1.20389	0.486397	0.779902	-0.580443	-0.974179
1.395	1.20034	0.489924	0.782804	-0.578889	-0.977839
1.4	1.19681	0.49346	0.785699	-0.577306	-0.981482
1.405	1.19328	0.497007	0.788585	-0.575696	-0.985106
1.41	1.18977	0.500564	0.791464	-0.574057	-0.988711
1.415	1.18626	0.504131	0.794334	-0.572389	-0.992298
1.42	1.18277	0.507708	0.797196	-0.570693	-0.995866
1.425	1.17929	0.511295	0.800049	-0.568967	-0.999415
1.43	1.17581	0.514892	0.802894	-0.567213	-1.00294
1.435	1.17235	0.518498	0.80573	-0.565429	-1.00645
1.44	1.1689	0.522115	0.808557	-0.563616	-1.00994
1.445	1.16546	0.525741	0.811375	-0.561774	-1.01341
1.45	1.16202	0.529377	0.814184	-0.559902	-1.01686
1.455	1.1586	0.533022	0.816984	-0.558	-1.02029
1.46	1.15519	0.536677	0.819774	-0.556069	-1.0237
1.465	1.15179	0.540342	0.822554	-0.554107	-1.02708
1.47	1.1484	0.544015	0.825325	-0.552116	-1.03045
1.475	1.14501	0.547699	0.828085	-0.550094	-1.03379
1.48	1.14164	0.551391	0.830836	-0.548042	-1.03711
1.485	1.13828	0.555093	0.833576	-0.54596	-1.04041
1.49	1.13493	0.558804	0.836306	-0.543847	-1.04369
1.495	1.13159	0.562524	0.839025	-0.541703	-1.04694
1.5	1.12826	0.566253	0.841733	-0.539528	-1.05017
1.505	1.12494	0.569991	0.844431	-0.537323	-1.05338
1.51	1.12163	0.573737	0.847118	-0.535087	-1.05656
1.515	1.11833	0.577493	0.849793	-0.532819	-1.05972
1.52	1.11504	0.581258	0.852457	-0.53052	-1.06286
1.525	1.11176	0.585031	0.85511	-0.52819	-1.06597
1.53	1.10848	0.588813	0.857751	-0.525829	-1.06906
1.535	1.10522	0.592603	0.86038	-0.523436	-1.07212
1.54	1.10197	0.596402	0.862997	-0.521011	-1.07516
1.545	1.09873	0.60021	0.865602	-0.518555	-1.07818
1.55	1.0955	0.604025	0.868195	-0.516067	-1.08116
1.555	1.09228	0.60785	0.870775	-0.513547	-1.08413
1.56	1.08907	0.611682	0.873343	-0.510995	-1.08706
1.565	1.08587	0.615523	0.875898	-0.508411	-1.08997
1.57	1.08268	0.619371	0.87844	-0.505795	-1.09286
1.575	1.07949	0.623228	0.880969	-0.503147	-1.09572
1.58	1.07632	0.627093	0.883485	-0.500466	-1.09855
1.585	1.07316	0.630966	0.885987	-0.497753	-1.10135
1.59	1.07001	0.634846	0.888476	-0.495007	-1.10413
1.595	1.06686	0.638734	0.890951	-0.492229	-1.10688
1.6	1.06373	0.642631	0.893412	-0.489419	-1.1096
1.605	1.0606	0.646534	0.895859	-0.486575	-1.1123
1.61	1.05749	0.650446	0.898292	-0.483699	-1.11496
1.615	1.05438	0.654364	0.90071	-0.480791	-1.1176
1.62	1.05129	0.658291	0.903114	-0.477849	-1.12021
1.625	1.0482	0.662224	0.905504	-0.474874	-1.12279
1.63	1.04512	0.666165	0.907878	-0.471867	-1.12534
1.635	1.04206	0.670114	0.910237	-0.468827	-1.12787
1.64	1.039	0.674069	0.912581	-0.465753	-1.13036
1.645	1.03595	0.678032	0.91491	-0.462646	-1.13283
1.65	1.03291	0.682001	0.917223	-0.459507	-1.13526
1.655	1.02988	0.685978	0.919521	-0.456334	-1.13767
1.66	1.02686	0.689961	0.921803	-0.453128	-1.14004
1.665	1.02384	0.693951	0.924068	-0.449888	-1.14238
1.67	1.02084	0.697949	0.926318	-0.446616	-1.1447
1.675	1.01784	0.701952	0.928551	-0.44331	-1.14698
1.68	1.01486	0.705963	0.930767	-0.43997	-1.14923
1.685	1.01188	0.70998	0.932967	-0.436598	-1.15146
1.69	1.00891	0.714003	0.93515	-0.433192	-1.15365
1.695	1.00595	0.718033	0.937316	-0.429752	-1.1558
1.7	1.003	0.722069	0.939465	-0.42628	-1.15793
1.705	1.00006	0.726112	0.941596	-0.422773	-1.16003
1.71	0.997125	0.73016	0.94371	-0.419234	-1.16209
1.715	0.9942	0.734215	0.945806	-0.41566	-1.16412
1.72	0.991283	0.738276	0.947885	-0.412054	-1.16612
1.725	0.988374	0.742343	0.949945	-0.408414	-1.16809
1.73	0.985474	0.746416	0.951987	-0.404741	-1.17002
1.735	0.982582	0.750495	0.954011	-0.401034	-1.17192
1.74	0.979698	0.754579	0.956016	-0.397293	-1.17379
1.745	0.976822	0.758669	0.958002	-0.39352	-1.17562
1.75	0.973954	0.762765	0.95997	-0.389713	-1.17743
1.755	0.971095	0.766867	0.961919	-0.385872	-1.17919
1.76	0.968243	0.770974	0.963848	-0.381998	-1.18093
1.765	0.965399	0.775086	0.965758	-0.378091	-1.18263
1.77	0.962563	0.779204	0.967648	-0.374151	-1.18429
1.775	0.959734	0.783327	0.969519	-0.370177	-1.18593
1.78	0.956913	0.787455	0.97137	-0.36617	-1.18753
1.785	0.9541	0.791589	0.973201	-0.362129	-1.18909
1.79	0.951294	0.795727	0.975011	-0.358056	-1.19062
1.795	0.948496	0.799871	0.976802	-0.353949	-1.19211
1.8	0.945705	0.804019	0.978571	-0.349809	-1.19357
1.805	0.942921	0.808173	0.980321	-0.345637	-1.195
1.81	0.940144	0.812331	0.982049	-0.341431	-1.19639
1.815	0.937375	0.816494	0.983756	-0.337192	-1.19774
1.82	0.934613	0.820661	0.985442	-0.33292	-1.19906
1.825	0.931857	0.824833	0.987106	-0.328616	-1.20035
1.83	0.929108	0.82901	0.98875	-0.324278	-1.2016
1.835	0.926366	0.833191	0.990371	-0.319908	-1.20281
1.84	0.923631	0.837377	0.99197	-0.315505	-1.20399
1.845	0.920903	0.841567	0.993548	-0.31107	-1.20513
1.85	0.918181	0.845761	0.995103	-0.306602	-1.20623
1.855	0.915465	0.849959	0.996636	-0.302101	-1.2073
1.86	0.912756	0.854161	0.998147	-0.297568	-1.20833
1.865	0.910053	0.858368	0.999635	-0.293003	-1.20933
1.87	0.907356	0.862578	1.0011	-0.288405	-1.21029
1.875	0.904665	0.866792	1.00254	-0.283776	-1.21121
1.88	0.90198	0.87101	1.00396	-0.279114	-1.2121
1.885	0.899301	0.875232	1.00536	-0.27442	-1.21295
1.89	0.896628	0.879457	1.00673	-0.269695	-1.21377
1.895	0.89396	0.883686	1.00808	-0.264937	-1.21454
1.9	0.891299	0.887919	1.0094	-0.260148	-1.21528
1.905	0.888642	0.892155	1.0107	-0.255327	-1.21598
1.91	0.885991	0.896394	1.01198	-0.250474	-1.21665
1.915	0.883346	0.900637	1.01323	-0.24559	-1.21728
1.92	0.880705	0.904883	1.01446	-0.240675	-1.21787
1.925	0.87807	0.909132	1.01566	-0.235729	-1.21842
1.93	0.87544	0.913385	1.01684	-0.230751	-1.21894
1.935	0.872814	0.91764	1.01799	-0.225742	-1.21942
1.94	0.870194	0.921898	1.01912	-0.220703	-1.21986
1.945	0.867578	0.926159	1.02023	-0.215632	-1.22026
1.95	0.864967	0.930423	1.02131	-0.210531	-1.22063
1.955	0.86236	0.93469	1.02236	-0.205399	-1.22096
1.96	0.859758	0.938959	1.02338	-0.200237	-1.22125
1.965	0.857159	0.943231	1.02439	-0.195044	-1.2215
1.97	0.854566	0.947506	1.02536	-0.189822	-1.22172
1.975	0.851976	0.951783	1.02631	-0.184569	-1.22189
1.98	0.84939	0.956062	1.02723	-0.179286	-1.22203
1.985	0.846808	0.960344	1.02813	-0.173973	-1.22213
1.99	0.844229	0.964628	1.029	-0.16863	-1.2222
1.995	0.841654	0.968914	1.02984	-0.163258	-1.22222
2	0.839083	0.973202	1.03066	-0.157856	-1.22221
2.005	0.836515	0.977492	1.03145	-0.152425	-1.22216
2.01	0.833951	0.981784	1.03221	-0.146965	-1.22207
2.015	0.831389	0.986078	1.03295	-0.141475	-1.22194
2.02	0.828831	0.990374	1.03365	-0.135957	-1.22177
2.025	0.826275	0.994672	1.03433	-0.130409	-1.22157
2.03	0.823723	0.998971	1.03498	-0.124833	-1.22133
2.035	0.821173	1.00327	1.03561	-0.119228	-1.22104
2.04	0.818625	1.00757	1.0362	-0.113595	-1.22073
2.045	0.81608	1.01188	1.03677	-0.107934	-1.22037
2.05	0.813537	1.01618	1.03731	-0.102244	-1.21997
2.055	0.810997	1.02049	1.03782	-0.0965268	-1.21954
2.06	0.808459	1.0248	1.03831	-0.0907813	-1.21907
2.065	0.805922	1.02911	1.03876	-0.085008	-1.21856
2.07	0.803387	1.03342	1.03919	-0.0792071	-1.21801
2.075	0.800855	1.03773	1.03958	-0.0733787	-1.21742
2.08	0.798323	1.04204	1.03995	-0.067523	-1.21679
2.085	0.795793	1.04635	1.04029	-0.0616401	-1.21613
2.09	0.793265	1.05067	1.04059	-0.0557301	-1.21543
2.095	0.790738	1.05498	1.04087	-0.0497932	-1.21469
2.1	0.788211	1.05929	1.04112	-0.0438295	-1.21391
2.105	0.785686	1.06361	1.04134	-0.0378392	-1.21309
2.11	0.783161	1.06793	1.04153	-0.0318224	-1.21223
2.115	0.780638	1.07224	1.04169	-0.0257792	-1.21134
2.12	0.778114	1.07656	1.04182	-0.0197098	-1.21041
2.125	0.775592	1.08088	1.04192	-0.0136143	-1.20944
2.13	0.773069	1.08519	1.04198	-0.00749294	-1.20843
2.135	0.770547	1.08951	1.04202	-0.00134574	-1.20738
2.14	0.768024	1.09383	1.04203	0.00482712	-1.20629
2.145	0.765502	1.09814	1.042	0.0110255	-1.20517
2.15	0.762979	1.10246	1.04195	0.0172493	-1.20401
2.155	0.760456	1.10678	1.04186	0.0234983	-1.20281
2.16	0.757932	1.11109	1.04175	0.0297724	-1.20157
2.165	0.755408	1.11541	1.0416	0.0360714	-1.2003
2.17	0.752883	1.11973	1.04142	0.0423954	-1.19898
2.175	0.750357	1.12404	1.0412	0.048744	-1.19763
2.18	0.74783	1.12836	1.04096	0.0551172	-1.19624
2.185	0.745302	1.13267	1.04069	0.0615148	-1.19481
2.19	0.742773	1.13698	1.04038	0.0679368	-1.19335
2.195	0.740242	1.14129	1.04004	0.0743829	-1.19184
2.2	0.737709	1.14561	1.03967	0.0808531	-1.1903
2.205	0.735175	1.14992	1.03926	0.0873472	-1.18872
2.21	0.732639	1.15422	1.03883	0.0938651	-1.1871
2.215	0.730101	1.15853	1.03836	0.100407	-1.18545
2.22	0.72756	1.16284	1.03785	0.106972	-1.18376
2.225	0.725018	1.16714	1.03732	0.11356	-1.18203
2.23	0.722473	1.17145	1.03675	0.120172	-1.18026
2.235	0.719925	1.17575	1.03615	0.126807	-1.17845
2.24	0.717374	1.18005	1.03552	0.133465	-1.17661
2.245	0.714821	1.18435	1.03485	0.140147	-1.17473
2.25	0.712265	1.18865	1.03415	0.146851	-1.17281
2.255	0.709705	1.19294	1.03341	0.153577	-1.17086
2.26	0.707143	1.19724	1.03265	0.160327	-1.16886
2.265	0.704577	1.20153	1.03184	0.167099	-1.16683
2.27	0.702007	1.20582	1.03101	0.173893	-1.16477
2.275	0.699433	1.2101	1.03014	0.18071	-1.16266
2.28	0.696856	1.21439	1.02924	0.187549	-1.16052
2.285	0.694275	1.21867	1.0283	0.19441	-1.15834
2.29	0.691689	1.22295	1.02733	0.201293	-1.15613
2.295	0.689099	1.22723	1.02632	0.208198	-1.15388
2.3	0.686505	1.2315	1.02528	0.215125	-1.15159
2.305	0.683906	1.23577	1.0242	0.222074	-1.14926
2.31	0.681302	1.24004	1.02309	0.229045	-1.1469
2.315	0.678694	1.24431	1.02195	0.236037	-1.1445
2.32	0.67608	1.24857	1.02077	0.243051	-1.14206
2.325	0.673461	1.25283	1.01955	0.250086	-1.13959
2.33	0.670837	1.25708	1.0183	0.257143	-1.13708
2.335	0.668208	1.26134	1.01702	0.264221	-1.13453
2.34	0.665573	1.26559	1.01569	0.27132	-1.13195
2.345	0.662932	1.26983	1.01434	0.278441	-1.12933
2.35	0.660285	1.27407	1.01295	0.285583	-1.12667
2.355	0.657632	1.27831	1.01152	0.292746	-1.12398
2.36	0.654973	1.28255	1.01005	0.29993	-1.12125
2.365	0.652308	1.28678	1.00855	0.307135	-1.11849
2.37	0.649636	1.291	1.00702	0.314362	-1.11569
2.375	0.646957	1.29522	1.00545	0.321609	-1.11285
2.38	0.644272	1.29944	1.00384	0.328877	-1.10998
2.385	0.64158	1.30366	1.00219	0.336167	-1.10707
2.39	0.63888	1.30786	1.00051	0.343477	-1.10412
2.395	0.636174	1.31207	0.998796	0.350808	-1.10114
2.4	0.63346	1.31627	0.997042	0.35816	-1.09813
2.405	0.630738	1.32046	0.995252	0.365533	-1.09507
2.41	0.628009	1.32465	0.993424	0.372927	-1.09198
2.415	0.625272	1.32884	0.991559	0.380342	-1.08886
2.42	0.622527	1.33302	0.989658	0.387778	-1.0857
2.425	0.619774	1.33719	0.987719	0.395235	-1.0825
2.43	0.617013	1.34136	0.985743	0.402713	-1.07927
2.435	0.614243	1.34552	0.983729	0.410212	-1.076
2.44	0.611465	1.34968	0.981678	0.417732	-1.0727
2.445	0.608679	1.35383	0.979589	0.425273	-1.06936
2.45	0.605883	1.35797	0.977463	0.432835	-1.06599
2.455	0.603078	1.36211	0.975299	0.440418	-1.06258
2.46	0.600265	1.36625	0.973097	0.448023	-1.05913
2.465	0.597442	1.37037	0.970856	0.455648	-1.05565
2.47	0.594609	1.37449	0.968578	0.463296	-1.05214
2.475	0.591767	1.37861	0.966262	0.470965	-1.04859
2.48	0.588916	1.38272	0.963907	0.478655	-1.045
2.485	0.586054	1.38682	0.961514	0.486367	-1.04138
2.49	0.583183	1.39091	0.959082	0.494101	-1.03772
2.495	0.580302	1.39499	0.956611	0.501856	-1.03403
2.5	0.57741	1.39907	0.954102	0.509634	-1.0303
2.505	0.574508	1.40315	0.951554	0.517434	-1.02654
2.51	0.571595	1.40721	0.948967	0.525256	-1.02274
2.515	0.568672	1.41127	0.94634	0.5331	-1.01891
2.52	0.565738	1.41531	0.943675	0.540967	-1.01504
2.525	0.562793	1.41936	0.94097	0.548856	-1.01114
2.53	0.559837	1.42339	0.938226	0.556769	-1.0072
2.535	0.556869	1.42741	0.935442	0.564704	-1.00323
2.54	0.553891	1.43143	0.932618	0.572663	-0.999221
2.545	0.550901	1.43544	0.929755	0.580645	-0.995178
2.55	0.547899	1.43943	0.926852	0.58865	-0.9911
2.555	0.544885	1.44342	0.923909	0.59668	-0.986987
2.56	0.54186	1.4474	0.920925	0.604733	-0.982839
2.565	0.538822	1.45138	0.917902	0.612811	-0.978656
2.57	0.535773	1.45534	0.914838	0.620913	-0.974438
2.575	0.532711	1.45929	0.911733	0.629041	-0.970185
2.58	0.529637	1.46323	0.908588	0.637193	-0.965897
2.585	0.52655	1.46717	0.905402	0.64537	-0.961573
2.59	0.52345	1.47109	0.902175	0.653574	-0.957215
2.595	0.520338	1.475	0.898907	0.661803	-0.952822
2.6	0.517213	1.47891	0.895598	0.670058	-0.948394
2.605	0.514074	1.4828	0.892248	0.67834	-0.94393
2.61	0.510923	1.48668	0.888856	0.686649	-0.939432
2.615	0.507758	1.49055	0.885423	0.694985	-0.934898
2.62	0.50458	1.49441	0.881948	0.703349	-0.930329
2.625	0.501388	1.49826	0.878431	0.711741	-0.925725
2.63	0.498182	1.5021	0.874872	0.720161	-0.921086
2.635	0.494963	1.50592	0.871272	0.728611	-0.916412
2.64	0.49173	1.50974	0.867629	0.737089	-0.911702
2.645	0.488483	1.51354	0.863943	0.745598	-0.906957
2.65	0.485221	1.51733	0.860215	0.754136	-0.902177
2.655	0.481946	1.52111	0.856444	0.762706	-0.897361
2.66	0.478656	1.52487	0.852631	0.771307	-0.89251
2.665	0.475351	1.52863	0.848774	0.779939	-0.887623
2.67	0.472032	1.53236	0.844875	0.788604	-0.882701
2.675	0.468698	1.53609	0.840932	0.797302	-0.877743
2.68	0.46535	1.5398	0.836945	0.806033	-0.87275
2.685	0.461986	1.5435	0.832915	0.814798	-0.867721
2.69	0.458607	1.54719	0.828841	0.823598	-0.862656
2.695	0.455214	1.55086	0.824723	0.832433	-0.857555
2.7	0.451804	1.55452	0.820561	0.841305	-0.852418
2.705	0.44838	1.55816	0.816354	0.850213	-0.847245
2.71	0.44494	1.56179	0.812103	0.859159	-0.842037
2.715	0.441485	1.5654	0.807808	0.868143	-0.836791
2.72	0.438014	1.569	0.803467	0.877166	-0.83151
2.725	0.434527	1.57259	0.799081	0.886229	-0.826192
2.73	0.431024	1.57616	0.79465	0.895333	-0.820838
2.735	0.427506	1.57971	0.790173	0.904478	-0.815448
2.74	0.423971	1.58324	0.785651	0.913666	-0.81002
2.745	0.42042	1.58676	0.781082	0.922898	-0.804556
2.75	0.416853	1.59027	0.776468	0.932174	-0.799055
2.755	0.41327	1.59376	0.771807	0.941495	-0.793517
2.76	0.40967	1.59723	0.7671	0.950863	-0.787941
2.765	0.406054	1.60068	0.762345	0.960279	-0.782329
2.77	0.402422	1.60411	0.757544	0.969743	-0.776678
2.775	0.398772	1.60753	0.752695	0.979258	-0.770991
2.78	0.395106	1.61093	0.747799	0.988823	-0.765265
2.785	0.391424	1.61431	0.742855	0.998442	-0.759502
2.79	0.387724	1.61768	0.737863	1.00811	-0.753701
2.795	0.384008	1.62102	0.732822	1.01784	-0.747861
2.8	0.380274	1.62435	0.727733	1.02763	-0.741983
2.805	0.376524	1.62766	0.722595	1.03747	-0.736067
2.81	0.372756	1.63094	0.717407	1.04737	-0.730112
2.815	0.368972	1.63421	0.71217	1.05733	-0.724117
2.82	0.36517	1.63746	0.706884	1.06736	-0.718084
2.825	0.36135	1.64068	0.701547	1.07745	-0.712011
2.83	0.357514	1.64389	0.69616	1.08761	-0.705899
2.835	0.35366	1.64708	0.690722	1.09784	-0.699747
2.84	0.349789	1.65024	0.685233	1.10813	-0.693555
2.845	0.3459	1.65338	0.679692	1.1185	-0.687323
2.85	0.341993	1.6565	0.674099	1.12895	-0.68105
2.855	0.338069	1.6596	0.668455	1.13947	-0.674736
2.86	0.334128	1.66268	0.662757	1.15007	-0.668382
2.865	0.330169	1.66573	0.657007	1.16075	-0.661986
2.87	0.326192	1.66876	0.651203	1.17152	-0.655548
2.875	0.322198	1.67177	0.645346	1.18238	-0.649069
2.88	0.318185	1.67475	0.639434	1.19332	-0.642547
2.885	0.314156	1.67771	0.633467	1.20436	-0.635983
2.89	0.310108	1.68065	0.627445	1.21549	-0.629376
2.895	0.306042	1.68356	0.621368	1.22673	-0.622726
2.9	0.301959	1.68645	0.615234	1.23806	-0.616032
2.905	0.297858	1.68931	0.609044	1.24951	-0.609295
2.91	0.29374	1.69214	0.602796	1.26106	-0.602513
2.915	0.289603	1.69495	0.596491	1.27273	-0.595687
2.92	0.285449	1.69773	0.590127	1.28451	-0.588815
2.925	0.281277	1.70049	0.583705	1.29642	-0.581898
2.93	0.277087	1.70322	0.577223	1.30846	-0.574936
2.935	0.272879	1.70592	0.57068	1.32062	-0.567926
2.94	0.268654	1.70859	0.564077	1.33293	-0.56087
2.945	0.26441	1.71124	0.557413	1.34538	-0.553767
2.95	0.26015	1.71385	0.550686	1.35797	-0.546616
2.955	0.255871	1.71644	0.543896	1.37072	-0.539417
2.96	0.251575	1.719	0.537042	1.38364	-0.532169
2.965	0.247261	1.72153	0.530124	1.39672	-0.524871
2.97	0.24293	1.72402	0.523141	1.40997	-0.517523
2.975	0.238581	1.72649	0.516091	1.42341	-0.510125
2.98	0.234215	1.72893	0.508974	1.43704	-0.502676
2.985	0.229831	1.73133	0.501789	1.45086	-0.495175
2.99	0.22543	1.73371	0.494534	1.4649	-0.487621
2.995	0.221012	1.73605	0.48721	1.47916	-0.480014
3	0.216577	1.73835	0.479814	1.49364	-0.472353
3.005	0.212124	1.74063	0.472346	1.50837	-0.464638
3.01	0.207655	1.74287	0.464804	1.52335	-0.456867
3.015	0.203168	1.74508	0.457187	1.53859	-0.44904
3.02	0.198665	1.74725	0.449494	1.55412	-0.441156
3.025	0.194145	1.74939	0.441724	1.56994	-0.433214
3.03	0.189608	1.75149	0.433874	1.58607	-0.425213
3.035	0.185055	1.75356	0.425944	1.60253	-0.417152
3.04	0.180485	1.75559	0.417931	1.61935	-0.409031
3.045	0.175899	1.75758	0.409834	1.63653	-0.400849
3.05	0.171297	1.75953	0.401651	1.6541	-0.392604
3.055	0.166679	1.76145	0.393381	1.6721	-0.384295
3.06	0.162045	1.76333	0.38502	1.69054	-0.375922
3.065	0.157395	1.76517	0.376568	1.70945	-0.367483
3.07	0.15273	1.76696	0.368021	1.72887	-0.358978
3.075	0.14805	1.76872	0.359376	1.74884	-0.350404
3.08	0.143354	1.77044	0.350632	1.7694	-0.341762
3.085	0.138643	1.77212	0.341785	1.79059	-0.333051
3.09	0.133917	1.77375	0.332832	1.81246	-0.324268
3.095	0.129177	1.77534	0.32377	1.83507	-0.315414
3.1	0.124423	1.77689	0.314594	1.85849	-0.306487
3.105	0.119654	1.77839	0.305302	1.88279	-0.297487
3.11	0.114871	1.77985	0.295888	1.90805	-0.288413
3.115	0.110075	1.78126	0.286348	1.93437	-0.279265
3.12	0.105265	1.78263	0.276676	1.96186	-0.270043
3.125	0.100442	1.78394	0.266866	1.99066	-0.260748
3.13	0.095606	1.78522	0.256913	2.02091	-0.25138
3.135	0.0907575	1.78644	0.246809	2.0528	-0.241943
3.14	0.0858967	1.78761	0.236545	2.08655	-0.232439
3.145	0.081024	1.78873	0.226112	2.12243	-0.222874
3.15	0.0761397	1.7898	0.2155	2.16076	-0.213255
3.155	0.0712441	1.79081	0.204696	2.20196	-0.203594
3.16	0.0663376	1.79178	0.193686	2.24655	-0.193905
3.165	0.0614205	1.79268	0.182453	2.29522	-0.184212
3.17	0.0564935	1.79354	0.170977	2.34887	-0.174549
3.175	0.0515567	1.79433	0.159233	2.40876	-0.164965
3.18	0.0466108	1.79506	0.147189	2.47667	-0.155536
3.185	0.0416561	1.79573	0.134806	2.5552	-0.146378
3.19	0.0366933	1.79634	0.12203	2.64845	-0.137682
3.195	0.0317229	1.79688	0.108788	2.76315	-0.129765
3.2	0.0267454	1.79736	0.0949717	2.91136	-0.1232
3.205	0.0217616	1.79776	0.0804149	3.11705	-0.11911
3.21	0.0167721	1.79808	0.0648297	3.43507	-0.119986
3.215	0.0117777	1.79832	0.0476543	4.02018	-0.132585
3.22	0.00677964	1.79846	0.0275535	5.48471	-0.183542
3.225	0.00177964	1.79846	0.000129905	12.6175	-0.556711
