descriptor s_test R_test Z_test
0	2.44913	9.99999e-006	0.002	-0.401783	-0.00161941
0.005	2.44413	3.00445e-005	0.00400892	-0.403563	-0.00325824
0.01	2.43913	6.0178e-005	0.00602673	-0.40534	-0.00491648
0.015	2.43413	0.000100445	0.00805343	-0.407112	-0.00659413
0.02	2.42913	0.000150889	0.010089	-0.408882	-0.00829121
0.025	2.42413	0.000211554	0.0121334	-0.410647	-0.0100077
0.03	2.41913	0.000282485	0.0141866	-0.412409	-0.0117436
0.035	2.41413	0.000363725	0.0162487	-0.414167	-0.0134989
0.04	2.40913	0.000455318	0.0183195	-0.415922	-0.0152737
0.045	2.40413	0.000557306	0.0203991	-0.417673	-0.0170678
0.05	2.39914	0.000669734	0.0224875	-0.419421	-0.0188814
0.055	2.39414	0.000792645	0.0245846	-0.421165	-0.0207143
0.06	2.38914	0.000926081	0.0266904	-0.422905	-0.0225667
0.065	2.38414	0.00107009	0.028805	-0.424642	-0.0244384
0.07	2.37914	0.0012247	0.0309282	-0.426375	-0.0263296
0.075	2.37415	0.00138997	0.03306	-0.428104	-0.0282401
0.08	2.36915	0.00156594	0.0352006	-0.42983	-0.0301699
0.085	2.36415	0.00175264	0.0373497	-0.431552	-0.0321192
0.09	2.35916	0.00195013	0.0395075	-0.43327	-0.0340878
0.095	2.35416	0.00215844	0.0416738	-0.434985	-0.0360757
0.1	2.34917	0.00237761	0.0438487	-0.436696	-0.038083
0.105	2.34417	0.00260769	0.0460322	-0.438403	-0.0401096
0.11	2.33918	0.00284872	0.0482242	-0.440107	-0.0421555
0.115	2.33418	0.00310074	0.0504248	-0.441807	-0.0442207
0.12	2.32919	0.00336378	0.0526338	-0.443503	-0.0463051
0.125	2.3242	0.0036379	0.0548513	-0.445196	-0.0484089
0.13	2.31921	0.00392313	0.0570773	-0.446884	-0.0505319
0.135	2.31421	0.00421952	0.0593117	-0.448569	-0.0526741
0.14	2.30922	0.0045271	0.0615546	-0.450251	-0.0548356
0.145	2.30423	0.00484591	0.0638058	-0.451928	-0.0570162
0.15	2.29924	0.005176	0.0660655	-0.453602	-0.059216
0.155	2.29426	0.0055174	0.0683335	-0.455272	-0.0614351
0.16	2.28927	0.00587016	0.0706098	-0.456938	-0.0636732
0.165	2.28428	0.00623431	0.0728945	-0.4586	-0.0659305
0.17	2.2793	0.00660989	0.0751875	-0.460259	-0.0682069
0.175	2.27431	0.00699695	0.0774888	-0.461913	-0.0705023
0.18	2.26933	0.00739551	0.0797984	-0.463564	-0.0728168
0.185	2.26434	0.00780563	0.0821162	-0.465211	-0.0751504
0.19	2.25936	0.00822734	0.0844423	-0.466854	-0.077503
0.195	2.25438	0.00866068	0.0867765	-0.468493	-0.0798745
0.2	2.2494	0.00910569	0.089119	-0.470128	-0.082265
0.205	2.24442	0.0095624	0.0914696	-0.471759	-0.0846745
0.21	2.23944	0.0100309	0.0938284	-0.473387	-0.0871028
0.215	2.23447	0.0105111	0.0961954	-0.47501	-0.0895501
0.22	2.22949	0.0110031	0.0985704	-0.476629	-0.0920162
0.225	2.22452	0.0115071	0.100954	-0.478245	-0.0945011
0.23	2.21954	0.0120229	0.103345	-0.479856	-0.0970048
0.235	2.21457	0.0125506	0.105744	-0.481463	-0.0995272
0.24	2.2096	0.0130903	0.108151	-0.483067	-0.102068
0.245	2.20463	0.013642	0.110567	-0.484666	-0.104628
0.25	2.19966	0.0142058	0.11299	-0.486261	-0.107207
0.255	2.1947	0.0147816	0.115421	-0.487852	-0.109804
0.26	2.18973	0.0153695	0.117861	-0.489439	-0.11242
0.265	2.18477	0.0159696	0.120308	-0.491021	-0.115054
0.27	2.1798	0.0165819	0.122763	-0.4926	-0.117707
0.275	2.17484	0.0172064	0.125226	-0.494174	-0.120378
0.28	2.16988	0.0178431	0.127697	-0.495744	-0.123068
0.285	2.16493	0.0184922	0.130176	-0.49731	-0.125776
0.29	2.15997	0.0191535	0.132662	-0.498871	-0.128503
0.295	2.15502	0.0198273	0.135156	-0.500429	-0.131247
0.3	2.15006	0.0205134	0.137659	-0.501982	-0.13401
0.305	2.14511	0.0212119	0.140168	-0.50353	-0.136792
0.31	2.14016	0.0219229	0.142686	-0.505074	-0.139591
0.315	2.13522	0.0226465	0.145211	-0.506614	-0.142409
0.32	2.13027	0.0233825	0.147745	-0.50815	-0.145245
0.325	2.12533	0.0241311	0.150285	-0.509681	-0.148099
0.33	2.12038	0.0248923	0.152834	-0.511207	-0.15097
0.335	2.11545	0.0256661	0.15539	-0.512729	-0.15386
0.34	2.11051	0.0264526	0.157953	-0.514247	-0.156768
0.345	2.10557	0.0272518	0.160525	-0.515759	-0.159693
0.35	2.10064	0.0280637	0.163103	-0.517268	-0.162637
0.355	2.09571	0.0288884	0.16569	-0.518771	-0.165598
0.36	2.09078	0.0297258	0.168284	-0.52027	-0.168577
0.365	2.08585	0.0305761	0.170885	-0.521765	-0.171573
0.37	2.08092	0.0314392	0.173494	-0.523254	-0.174587
0.375	2.076	0.0323152	0.17611	-0.524739	-0.177619
0.38	2.07108	0.0332041	0.178734	-0.526219	-0.180668
0.385	2.06616	0.034106	0.181365	-0.527694	-0.183734
0.39	2.06125	0.0350208	0.184003	-0.529165	-0.186818
0.395	2.05634	0.0359487	0.186649	-0.53063	-0.189919
0.4	2.05142	0.0368895	0.189302	-0.532091	-0.193038
0.405	2.04652	0.0378435	0.191963	-0.533546	-0.196173
0.41	2.04161	0.0388105	0.19463	-0.534997	-0.199326
0.415	2.03671	0.0397906	0.197305	-0.536442	-0.202496
0.42	2.03181	0.0407839	0.199988	-0.537883	-0.205683
0.425	2.02691	0.0417904	0.202677	-0.539318	-0.208886
0.43	2.02201	0.04281	0.205374	-0.540748	-0.212107
0.435	2.01712	0.0438429	0.208077	-0.542173	-0.215344
0.44	2.01223	0.0448891	0.210788	-0.543593	-0.218598
0.445	2.00735	0.0459485	0.213506	-0.545008	-0.221869
0.45	2.00246	0.0470213	0.216231	-0.546417	-0.225157
0.455	1.99758	0.0481074	0.218963	-0.54782	-0.228461
0.46	1.99271	0.0492068	0.221702	-0.549219	-0.231781
0.465	1.98783	0.0503197	0.224449	-0.550612	-0.235118
0.47	1.98296	0.0514459	0.227202	-0.551999	-0.238471
0.475	1.97809	0.0525856	0.229962	-0.553381	-0.24184
0.48	1.97323	0.0537388	0.232729	-0.554757	-0.245225
0.485	1.96836	0.0549054	0.235502	-0.556128	-0.248627
0.49	1.9635	0.0560856	0.238283	-0.557493	-0.252045
0.495	1.95865	0.0572793	0.24107	-0.558852	-0.255478
0.5	1.9538	0.0584866	0.243865	-0.560205	-0.258927
0.505	1.94895	0.0597075	0.246666	-0.561552	-0.262392
0.51	1.9441	0.0609419	0.249473	-0.562894	-0.265873
0.515	1.93926	0.06219	0.252288	-0.56423	-0.269369
0.52	1.93442	0.0634518	0.255109	-0.565559	-0.272881
0.525	1.92959	0.0647272	0.257937	-0.566883	-0.276409
0.53	1.92476	0.0660163	0.260771	-0.5682	-0.279951
0.535	1.91993	0.0673192	0.263612	-0.569512	-0.283509
0.54	1.91511	0.0686358	0.26646	-0.570817	-0.287082
0.545	1.91029	0.0699661	0.269314	-0.572115	-0.29067
0.55	1.90547	0.0713103	0.272175	-0.573408	-0.294274
0.555	1.90066	0.0726682	0.275042	-0.574694	-0.297892
0.56	1.89585	0.07404	0.277915	-0.575973	-0.301524
0.565	1.89105	0.0754255	0.280795	-0.577246	-0.305172
0.57	1.88625	0.076825	0.283681	-0.578513	-0.308834
0.575	1.88145	0.0782383	0.286574	-0.579773	-0.312511
0.58	1.87666	0.0796656	0.289473	-0.581026	-0.316202
0.585	1.87187	0.0811067	0.292378	-0.582272	-0.319907
0.59	1.86709	0.0825618	0.295289	-0.583512	-0.323627
0.595	1.86231	0.0840308	0.298207	-0.584744	-0.327361
0.6	1.85753	0.0855138	0.30113	-0.58597	-0.331109
0.605	1.85276	0.0870108	0.30406	-0.587188	-0.33487
0.61	1.848	0.0885218	0.306996	-0.5884	-0.338646
0.615	1.84323	0.0900468	0.309938	-0.589604	-0.342435
0.62	1.83848	0.0915858	0.312886	-0.590801	-0.346238
0.625	1.83372	0.0931389	0.31584	-0.59199	-0.350055
0.63	1.82898	0.094706	0.3188	-0.593173	-0.353884
0.635	1.82423	0.0962873	0.321766	-0.594348	-0.357727
0.64	1.81949	0.0978826	0.324738	-0.595515	-0.361584
0.645	1.81476	0.099492	0.327715	-0.596674	-0.365453
0.65	1.81003	0.101115	0.330699	-0.597826	-0.369335
0.655	1.80531	0.102753	0.333688	-0.59897	-0.37323
0.66	1.80059	0.104405	0.336683	-0.600107	-0.377138
0.665	1.79587	0.106071	0.339683	-0.601235	-0.381059
0.67	1.79116	0.107751	0.342689	-0.602355	-0.384991
0.675	1.78646	0.109445	0.345701	-0.603468	-0.388937
0.68	1.78176	0.111154	0.348718	-0.604572	-0.392894
0.685	1.77707	0.112876	0.351741	-0.605667	-0.396864
0.69	1.77238	0.114613	0.35477	-0.606755	-0.400846
0.695	1.7677	0.116364	0.357803	-0.607834	-0.404839
0.7	1.76302	0.11813	0.360843	-0.608904	-0.408844
0.705	1.75834	0.119909	0.363887	-0.609966	-0.412861
0.71	1.75368	0.121703	0.366937	-0.611019	-0.41689
0.715	1.74902	0.123511	0.369992	-0.612064	-0.420929
0.72	1.74436	0.125333	0.373052	-0.613099	-0.42498
0.725	1.73971	0.12717	0.376118	-0.614126	-0.429042
0.73	1.73506	0.129021	0.379188	-0.615143	-0.433115
0.735	1.73043	0.130886	0.382264	-0.616151	-0.437199
0.74	1.72579	0.132765	0.385345	-0.61715	-0.441294
0.745	1.72116	0.134659	0.388431	-0.61814	-0.445399
0.75	1.71654	0.136567	0.391521	-0.61912	-0.449515
0.755	1.71193	0.138489	0.394617	-0.620091	-0.453641
0.76	1.70732	0.140426	0.397717	-0.621052	-0.457777
0.765	1.70271	0.142377	0.400823	-0.622003	-0.461923
0.77	1.69812	0.144342	0.403933	-0.622945	-0.466079
0.775	1.69352	0.146321	0.407047	-0.623876	-0.470244
0.78	1.68894	0.148315	0.410167	-0.624798	-0.474419
0.785	1.68436	0.150323	0.413291	-0.625709	-0.478604
0.79	1.67979	0.152346	0.416419	-0.62661	-0.482798
0.795	1.67522	0.154382	0.419552	-0.627501	-0.487001
0.8	1.67066	0.156434	0.42269	-0.628381	-0.491213
0.805	1.66611	0.158499	0.425832	-0.62925	-0.495434
0.81	1.66156	0.160579	0.428978	-0.630109	-0.499663
0.815	1.65702	0.162673	0.432129	-0.630957	-0.503901
0.82	1.65249	0.164781	0.435283	-0.631794	-0.508148
0.825	1.64796	0.166904	0.438442	-0.63262	-0.512402
0.83	1.64344	0.169041	0.441605	-0.633435	-0.516665
0.835	1.63893	0.171192	0.444773	-0.634239	-0.520935
0.84	1.63442	0.173357	0.447944	-0.635031	-0.525214
0.845	1.62992	0.175537	0.451119	-0.635812	-0.5295
0.85	1.62543	0.177731	0.454298	-0.636581	-0.533793
0.855	1.62094	0.17994	0.457481	-0.637338	-0.538093
0.86	1.61646	0.182163	0.460668	-0.638083	-0.542401
0.865	1.61199	0.1844	0.463858	-0.638817	-0.546715
0.87	1.60753	0.186651	0.467052	-0.639538	-0.551036
0.875	1.60307	0.188916	0.47025	-0.640247	-0.555364
0.88	1.59862	0.191196	0.473451	-0.640944	-0.559698
0.885	1.59418	0.19349	0.476656	-0.641628	-0.564038
0.89	1.58974	0.195799	0.479864	-0.642299	-0.568384
0.895	1.58531	0.198121	0.483075	-0.642958	-0.572736
0.9	1.58089	0.200458	0.48629	-0.643604	-0.577094
0.905	1.57648	0.202809	0.489508	-0.644236	-0.581457
0.91	1.57207	0.205174	0.492729	-0.644856	-0.585826
0.915	1.56768	0.207553	0.495954	-0.645462	-0.590199
0.92	1.56329	0.209947	0.499181	-0.646055	-0.594578
0.925	1.5589	0.212355	0.502411	-0.646634	-0.598961
0.93	1.55453	0.214776	0.505644	-0.6472	-0.603349
0.935	1.55016	0.217212	0.50888	-0.647752	-0.607742
0.94	1.54581	0.219663	0.512119	-0.648289	-0.612138
0.945	1.54145	0.222127	0.515361	-0.648813	-0.616539
0.95	1.53711	0.224605	0.518605	-0.649322	-0.620943
0.955	1.53278	0.227098	0.521851	-0.649817	-0.625351
0.96	1.52845	0.229604	0.5251	-0.650297	-0.629762
0.965	1.52413	0.232125	0.528352	-0.650763	-0.634177
0.97	1.51982	0.234659	0.531606	-0.651213	-0.638594
0.975	1.51552	0.237208	0.534862	-0.651649	-0.643015
0.98	1.51123	0.23977	0.53812	-0.65207	-0.647438
0.985	1.50694	0.242347	0.54138	-0.652475	-0.651863
0.99	1.50267	0.244938	0.544643	-0.652864	-0.656291
0.995	1.4984	0.247542	0.547907	-0.653239	-0.660721
1	1.49414	0.250161	0.551173	-0.653597	-0.665152
1.005	1.48989	0.252793	0.554441	-0.653939	-0.669585
1.01	1.48565	0.255439	0.557711	-0.654266	-0.67402
1.015	1.48141	0.258099	0.560982	-0.654576	-0.678456
1.02	1.47719	0.260773	0.564255	-0.654869	-0.682892
1.025	1.47297	0.263461	0.56753	-0.655146	-0.68733
1.03	1.46876	0.266162	0.570805	-0.655407	-0.691768
1.035	1.46456	0.268878	0.574082	-0.65565	-0.696206
1.04	1.46038	0.271607	0.577361	-0.655877	-0.700644
1.045	1.45619	0.27435	0.58064	-0.656086	-0.705083
1.05	1.45202	0.277106	0.58392	-0.656278	-0.709521
1.055	1.44786	0.279876	0.587202	-0.656452	-0.713958
1.06	1.44371	0.28266	0.590484	-0.656609	-0.718395
1.065	1.43956	0.285458	0.593767	-0.656748	-0.72283
1.07	1.43543	0.288269	0.597051	-0.656868	-0.727265
1.075	1.4313	0.291093	0.600335	-0.656971	-0.731698
1.08	1.42719	0.293931	0.60362	-0.657055	-0.736129
1.085	1.42308	0.296783	0.606905	-0.657121	-0.740559
1.09	1.41898	0.299648	0.610191	-0.657167	-0.744986
1.095	1.41489	0.302527	0.613477	-0.657195	-0.749411
1.1	1.41081	0.305419	0.616763	-0.657204	-0.753833
1.105	1.40675	0.308324	0.620049	-0.657194	-0.758253
1.11	1.40269	0.311243	0.623335	-0.657164	-0.762669
1.115	1.39864	0.314175	0.62662	-0.657115	-0.767082
1.12	1.39459	0.31712	0.629906	-0.657046	-0.771492
1.125	1.39056	0.320079	0.633191	-0.656957	-0.775898
1.13	1.38654	0.323051	0.636476	-0.656848	-0.7803
1.135	1.38253	0.326036	0.63976	-0.656719	-0.784697
1.14	1.37853	0.329034	0.643044	-0.656569	-0.78909
1.145	1.37454	0.332045	0.646327	-0.656399	-0.793479
1.15	1.37056	0.335069	0.649609	-0.656207	-0.797862
1.155	1.36659	0.338107	0.65289	-0.655995	-0.80224
1.16	1.36262	0.341157	0.65617	-0.655762	-0.806613
1.165	1.35867	0.344221	0.659449	-0.655507	-0.81098
1.17	1.35473	0.347297	0.662726	-0.65523	-0.815341
1.175	1.3508	0.350386	0.666002	-0.654932	-0.819696
1.18	1.34688	0.353488	0.669277	-0.654612	-0.824044
1.185	1.34297	0.356603	0.67255	-0.65427	-0.828385
1.19	1.33907	0.359731	0.675821	-0.653906	-0.83272
1.195	1.33518	0.362871	0.679091	-0.653519	-0.837047
1.2	1.33129	0.366024	0.682358	-0.65311	-0.841367
1.205	1.32742	0.36919	0.685624	-0.652678	-0.845679
1.21	1.32356	0.372369	0.688887	-0.652223	-0.849984
1.215	1.31972	0.37556	0.692148	-0.651744	-0.854279
1.22	1.31588	0.378763	0.695407	-0.651242	-0.858567
1.225	1.31205	0.381979	0.698663	-0.650717	-0.862846
1.23	1.30823	0.385208	0.701917	-0.650168	-0.867115
1.235	1.30442	0.388448	0.705168	-0.649595	-0.871375
1.24	1.30063	0.391701	0.708416	-0.648998	-0.875626
1.245	1.29684	0.394967	0.711661	-0.648377	-0.879867
1.25	1.29306	0.398245	0.714903	-0.647731	-0.884098
1.255	1.2893	0.401535	0.718141	-0.64706	-0.888319
1.26	1.28554	0.404837	0.721377	-0.646365	-0.892528
1.265	1.2818	0.408151	0.724608	-0.645645	-0.896728
1.27	1.27807	0.411477	0.727837	-0.644899	-0.900916
1.275	1.27434	0.414815	0.731061	-0.644128	-0.905092
1.28	1.27063	0.418166	0.734282	-0.643332	-0.909257
1.285	1.26693	0.421528	0.737498	-0.642509	-0.91341
1.29	1.26324	0.424902	0.740711	-0.641661	-0.917551
1.295	1.25956	0.428288	0.743919	-0.640787	-0.921679
1.3	1.25589	0.431686	0.747123	-0.639886	-0.925794
1.305	1.25224	0.435095	0.750323	-0.638959	-0.929897
1.31	1.24859	0.438516	0.753518	-0.638005	-0.933986
1.315	1.24496	0.441949	0.756708	-0.637025	-0.938062
1.32	1.24133	0.445393	0.759893	-0.636017	-0.942124
1.325	1.23772	0.448849	0.763073	-0.634982	-0.946172
1.33	1.23411	0.452316	0.766248	-0.63392	-0.950205
1.335	1.23052	0.455794	0.769417	-0.63283	-0.954224
1.34	1.22694	0.459284	0.772581	-0.631713	-0.958228
1.345	1.22337	0.462785	0.77574	-0.630568	-0.962217
1.35	1.21981	0.466298	0.778893	-0.629394	-0.96619
1.355	1.21627	0.469822	0.78204	-0.628192	-0.970148
1.36	1.21273	0.473356	0.785181	-0.626962	-0.974089
1.365	1.20921	0.476902	0.788316	-0.625704	-0.978015
1.37	1.20569	0.480459	0.791444	-0.624416	-0.981923
1.375	1.20219	0.484027	0.794566	-0.6231	-0.985815
1.38	1.1987	0.487606	0.797682	-0.621754	-0.98969
1.385	1.19522	0.491195	0.80079	-0.620379	-0.993548
1.39	1.19175	0.494795	0.803892	-0.618975	-0.997388
1.395	1.18829	0.498406	0.806987	-0.617541	-1.00121
1.4	1.18484	0.502028	0.810075	-0.616078	-1.00501
1.405	1.18141	0.50566	0.813155	-0.614584	-1.0088
1.41	1.17798	0.509303	0.816228	-0.613061	-1.01257
1.415	1.17457	0.512957	0.819294	-0.611507	-1.01631
1.42	1.17116	0.51662	0.822351	-0.609923	-1.02004
1.425	1.16777	0.520294	0.825401	-0.608308	-1.02375
1.43	1.16439	0.523979	0.828442	-0.606662	-1.02744
1.435	1.16102	0.527673	0.831476	-0.604986	-1.03111
1.44	1.15767	0.531378	0.8345	-0.603279	-1.03476
1.445	1.15432	0.535093	0.837517	-0.60154	-1.03839
1.45	1.15098	0.538818	0.840525	-0.59977	-1.04199
1.455	1.14766	0.542553	0.843523	-0.597969	-1.04558
1.46	1.14435	0.546298	0.846513	-0.596136	-1.04915
1.465	1.14105	0.550053	0.849494	-0.594271	-1.05269
1.47	1.13775	0.553817	0.852465	-0.592375	-1.05621
1.475	1.13447	0.557591	0.855427	-0.590446	-1.05971
1.48	1.13121	0.561375	0.858379	-0.588485	-1.06319
1.485	1.12795	0.565169	0.861322	-0.586492	-1.06664
1.49	1.1247	0.568972	0.864254	-0.584467	-1.07007
1.495	1.12147	0.572784	0.867177	-0.582409	-1.07348
1.5	1.11824	0.576606	0.870089	-0.580318	-1.07686
1.505	1.11503	0.580438	0.87299	-0.578195	-1.08022
1.51	1.11183	0.584278	0.875881	-0.576038	-1.08356
1.515	1.10864	0.588128	0.878761	-0.573849	-1.08687
1.52	1.10546	0.591987	0.881631	-0.571626	-1.09016
1.525	1.10229	0.595855	0.884489	-0.569371	-1.09342
1.53	1.09913	0.599732	0.887336	-0.567081	-1.09666
1.535	1.09599	0.603618	0.890171	-0.564759	-1.09987
1.54	1.09285	0.607512	0.892995	-0.562402	-1.10306
1.545	1.08973	0.611416	0.895807	-0.560012	-1.10622
1.55	1.08661	0.615328	0.898607	-0.557589	-1.10936
1.555	1.08351	0.619249	0.901395	-0.555131	-1.11247
1.56	1.08042	0.623179	0.904171	-0.552639	-1.11555
1.565	1.07734	0.627117	0.906934	-0.550113	-1.1186
1.57	1.07427	0.631063	0.909684	-0.547553	-1.12163
1.575	1.07121	0.635018	0.912422	-0.544959	-1.12463
1.58	1.06816	0.638982	0.915147	-0.542331	-1.12761
1.585	1.06512	0.642953	0.917858	-0.539668	-1.13055
1.59	1.0621	0.646933	0.920557	-0.53697	-1.13347
1.595	1.05908	0.650921	0.923242	-0.534238	-1.13636
1.6	1.05608	0.654917	0.925913	-0.531471	-1.13922
1.605	1.05308	0.65892	0.92857	-0.52867	-1.14206
1.61	1.0501	0.662932	0.931214	-0.525833	-1.14486
1.615	1.04712	0.666952	0.933843	-0.522962	-1.14763
1.62	1.04416	0.670979	0.936458	-0.520056	-1.15038
1.625	1.04121	0.675014	0.939058	-0.517115	-1.1531
1.63	1.03826	0.679057	0.941643	-0.514139	-1.15578
1.635	1.03533	0.683107	0.944214	-0.511128	-1.15844
1.64	1.03241	0.687164	0.94677	-0.508082	-1.16106
1.645	1.0295	0.691229	0.94931	-0.505001	-1.16366
1.65	1.0266	0.695302	0.951835	-0.501884	-1.16623
1.655	1.02371	0.699382	0.954345	-0.498732	-1.16876
1.66	1.02083	0.703468	0.956838	-0.495545	-1.17126
1.665	1.01796	0.707562	0.959316	-0.492323	-1.17373
1.67	1.0151	0.711663	0.961778	-0.489065	-1.17617
1.675	1.01225	0.715772	0.964223	-0.485772	-1.17858
1.68	1.00941	0.719886	0.966652	-0.482443	-1.18096
1.685	1.00658	0.724008	0.969064	-0.47908	-1.18331
1.69	1.00376	0.728137	0.971459	-0.47568	-1.18562
1.695	1.00095	0.732272	0.973838	-0.472246	-1.1879
1.7	0.998144	0.736414	0.976199	-0.468776	-1.19015
1.705	0.995353	0.740562	0.978543	-0.46527	-1.19236
1.71	0.992572	0.744717	0.980869	-0.46173	-1.19454
1.715	0.9898	0.748879	0.983178	-0.458153	-1.19669
1.72	0.987037	0.753046	0.985469	-0.454542	-1.19881
1.725	0.984284	0.75722	0.987741	-0.450895	-1.20089
1.73	0.981541	0.7614	0.989996	-0.447213	-1.20294
1.735	0.978807	0.765586	0.992232	-0.443495	-1.20495
1.74	0.976082	0.769779	0.994449	-0.439742	-1.20693
1.745	0.973366	0.773977	0.996648	-0.435954	-1.20888
1.75	0.97066	0.778181	0.998828	-0.43213	-1.21079
1.755	0.967963	0.782391	1.00099	-0.428271	-1.21267
1.76	0.965274	0.786607	1.00313	-0.424377	-1.21451
1.765	0.962595	0.790829	1.00525	-0.420448	-1.21632
1.77	0.959924	0.795056	1.00735	-0.416484	-1.21809
1.775	0.957263	0.799288	1.00944	-0.412485	-1.21983
1.78	0.95461	0.803526	1.0115	-0.40845	-1.22153
1.785	0.951966	0.80777	1.01354	-0.404381	-1.22319
1.79	0.94933	0.812019	1.01556	-0.400277	-1.22483
1.795	0.946703	0.816273	1.01756	-0.396138	-1.22642
1.8	0.944084	0.820532	1.01955	-0.391965	-1.22798
1.805	0.941473	0.824797	1.0215	-0.387756	-1.22951
1.81	0.938871	0.829066	1.02344	-0.383513	-1.23099
1.815	0.936277	0.833341	1.02536	-0.379236	-1.23245
1.82	0.933692	0.83762	1.02726	-0.374924	-1.23386
1.825	0.931114	0.841905	1.02913	-0.370578	-1.23524
1.83	0.928544	0.846194	1.03098	-0.366197	-1.23658
1.835	0.925982	0.850487	1.03282	-0.361782	-1.23789
1.84	0.923428	0.854786	1.03462	-0.357333	-1.23916
1.845	0.920881	0.859089	1.03641	-0.35285	-1.24039
1.85	0.918342	0.863396	1.03818	-0.348333	-1.24159
1.855	0.915811	0.867708	1.03992	-0.343783	-1.24274
1.86	0.913287	0.872024	1.04164	-0.339198	-1.24387
1.865	0.91077	0.876344	1.04333	-0.33458	-1.24495
1.87	0.90826	0.880669	1.04501	-0.329929	-1.246
1.875	0.905758	0.884998	1.04665	-0.325244	-1.24701
1.88	0.903263	0.889331	1.04828	-0.320526	-1.24798
1.885	0.900774	0.893667	1.04988	-0.315775	-1.24891
1.89	0.898293	0.898008	1.05146	-0.310991	-1.24981
1.895	0.895818	0.902353	1.05302	-0.306174	-1.25067
1.9	0.89335	0.906701	1.05455	-0.301324	-1.25149
1.905	0.890888	0.911053	1.05606	-0.296441	-1.25227
1.91	0.888433	0.915409	1.05754	-0.291526	-1.25302
1.915	0.885985	0.919768	1.05899	-0.286579	-1.25372
1.92	0.883542	0.924131	1.06043	-0.2816	-1.25439
1.925	0.881106	0.928497	1.06184	-0.276588	-1.25502
1.93	0.878675	0.932867	1.06322	-0.271545	-1.25562
1.935	0.876251	0.93724	1.06458	-0.266469	-1.25617
1.94	0.873833	0.941616	1.06591	-0.261362	-1.25669
1.945	0.87142	0.945995	1.06722	-0.256224	-1.25717
1.95	0.869012	0.950378	1.0685	-0.251055	-1.25761
1.955	0.866611	0.954763	1.06975	-0.245854	-1.25801
1.96	0.864214	0.959152	1.07098	-0.240622	-1.25837
1.965	0.861823	0.963543	1.07218	-0.235359	-1.2587
1.97	0.859438	0.967937	1.07336	-0.230066	-1.25898
1.975	0.857057	0.972334	1.07451	-0.224742	-1.25923
1.98	0.854681	0.976733	1.07564	-0.219388	-1.25944
1.985	0.85231	0.981135	1.07673	-0.214004	-1.25961
1.99	0.849944	0.98554	1.0778	-0.20859	-1.25974
1.995	0.847582	0.989947	1.07885	-0.203145	-1.25984
2	0.845225	0.994356	1.07986	-0.197672	-1.25989
2.005	0.842872	0.998768	1.08085	-0.192168	-1.25991
2.01	0.840523	1.00318	1.08181	-0.186636	-1.25989
2.015	0.838178	1.0076	1.08274	-0.181074	-1.25983
2.02	0.835838	1.01202	1.08365	-0.175484	-1.25973
2.025	0.833501	1.01644	1.08453	-0.169864	-1.25959
2.03	0.831168	1.02086	1.08538	-0.164216	-1.25941
2.035	0.828839	1.02528	1.0862	-0.15854	-1.2592
2.04	0.826513	1.02971	1.08699	-0.152836	-1.25895
2.045	0.824191	1.03414	1.08775	-0.147103	-1.25865
2.05	0.821872	1.03857	1.08849	-0.141343	-1.25832
2.055	0.819556	1.043	1.0892	-0.135555	-1.25795
2.06	0.817243	1.04743	1.08987	-0.12974	-1.25755
2.065	0.814933	1.05187	1.09052	-0.123897	-1.2571
2.07	0.812625	1.0563	1.09114	-0.118027	-1.25662
2.075	0.810321	1.06074	1.09173	-0.112131	-1.25609
2.08	0.808018	1.06518	1.09229	-0.106208	-1.25553
2.085	0.805718	1.06962	1.09282	-0.100258	-1.25493
2.09	0.803421	1.07406	1.09332	-0.0942819	-1.2543
2.095	0.801125	1.0785	1.0938	-0.0882798	-1.25362
2.1	0.798832	1.08294	1.09424	-0.0822519	-1.2529
2.105	0.79654	1.08739	1.09465	-0.0761982	-1.25215
2.11	0.79425	1.09183	1.09503	-0.0701191	-1.25136
2.115	0.791961	1.09628	1.09538	-0.0640146	-1.25053
2.12	0.789674	1.10072	1.0957	-0.057885	-1.24966
2.125	0.787388	1.10517	1.09599	-0.0517305	-1.24876
2.13	0.785103	1.10962	1.09625	-0.0455513	-1.24782
2.135	0.78282	1.11407	1.09648	-0.0393475	-1.24683
2.14	0.780537	1.11851	1.09667	-0.0331194	-1.24582
2.145	0.778255	1.12296	1.09684	-0.0268672	-1.24476
2.15	0.775973	1.12741	1.09697	-0.020591	-1.24366
2.155	0.773692	1.13186	1.09708	-0.0142911	-1.24253
2.16	0.771412	1.13631	1.09715	-0.00796759	-1.24136
2.165	0.769131	1.14076	1.09719	-0.00162073	-1.24015
2.17	0.766851	1.14521	1.0972	0.0047493	-1.23891
2.175	0.76457	1.14966	1.09717	0.0111423	-1.23763
2.18	0.762289	1.15411	1.09712	0.0175581	-1.23631
2.185	0.760008	1.15856	1.09703	0.0239965	-1.23495
2.19	0.757726	1.16301	1.09691	0.0304574	-1.23355
2.195	0.755444	1.16746	1.09676	0.0369404	-1.23212
2.2	0.753161	1.1719	1.09657	0.0434455	-1.23065
2.205	0.750877	1.17635	1.09635	0.0499725	-1.22915
2.21	0.748591	1.1808	1.0961	0.0565212	-1.2276
2.215	0.746305	1.18525	1.09582	0.0630913	-1.22602
2.22	0.744017	1.18969	1.09551	0.0696828	-1.22441
2.225	0.741727	1.19414	1.09516	0.0762953	-1.22275
2.23	0.739436	1.19858	1.09478	0.0829289	-1.22106
2.235	0.737143	1.20302	1.09436	0.0895832	-1.21933
2.24	0.734848	1.20747	1.09391	0.0962582	-1.21757
2.245	0.732551	1.21191	1.09343	0.102954	-1.21577
2.25	0.730251	1.21635	1.09292	0.109669	-1.21393
2.255	0.727949	1.22079	1.09237	0.116405	-1.21206
2.26	0.725645	1.22522	1.09179	0.123161	-1.21015
2.265	0.723337	1.22966	1.09117	0.129936	-1.20821
2.27	0.721027	1.23409	1.09052	0.136731	-1.20623
2.275	0.718714	1.23853	1.08984	0.143546	-1.20421
2.28	0.716398	1.24296	1.08912	0.15038	-1.20216
2.285	0.714078	1.24739	1.08837	0.157232	-1.20007
2.29	0.711755	1.25181	1.08758	0.164104	-1.19794
2.295	0.709428	1.25624	1.08676	0.170995	-1.19578
2.3	0.707098	1.26066	1.08591	0.177905	-1.19359
2.305	0.704763	1.26508	1.08502	0.184833	-1.19136
2.31	0.702425	1.2695	1.08409	0.191779	-1.18909
2.315	0.700082	1.27392	1.08313	0.198744	-1.18679
2.32	0.697735	1.27834	1.08214	0.205726	-1.18445
2.325	0.695383	1.28275	1.08111	0.212727	-1.18208
2.33	0.693027	1.28716	1.08005	0.219746	-1.17967
2.335	0.690665	1.29157	1.07895	0.226782	-1.17723
2.34	0.688299	1.29597	1.07782	0.233836	-1.17475
2.345	0.685928	1.30037	1.07665	0.240908	-1.17224
2.35	0.683551	1.30477	1.07544	0.247996	-1.16969
2.355	0.681169	1.30917	1.0742	0.255103	-1.16711
2.36	0.678781	1.31356	1.07293	0.262226	-1.1645
2.365	0.676387	1.31795	1.07161	0.269366	-1.16185
2.37	0.673988	1.32234	1.07027	0.276523	-1.15916
2.375	0.671582	1.32672	1.06889	0.283697	-1.15644
2.38	0.669171	1.3311	1.06747	0.290888	-1.15369
2.385	0.666753	1.33548	1.06601	0.298096	-1.1509
2.39	0.664328	1.33985	1.06452	0.30532	-1.14808
2.395	0.661897	1.34422	1.063	0.31256	-1.14523
2.4	0.659459	1.34858	1.06143	0.319817	-1.14234
2.405	0.657013	1.35294	1.05983	0.32709	-1.13942
2.41	0.654561	1.3573	1.0582	0.33438	-1.13646
2.415	0.652102	1.36166	1.05653	0.341686	-1.13347
2.42	0.649635	1.366	1.05482	0.349008	-1.13045
2.425	0.64716	1.37035	1.05307	0.356345	-1.12739
2.43	0.644678	1.37469	1.05129	0.363699	-1.1243
2.435	0.642188	1.37903	1.04947	0.371069	-1.12118
2.44	0.63969	1.38336	1.04762	0.378455	-1.11802
2.445	0.637183	1.38768	1.04572	0.385857	-1.11483
2.45	0.634669	1.392	1.0438	0.393274	-1.11161
2.455	0.632145	1.39632	1.04183	0.400708	-1.10835
2.46	0.629614	1.40063	1.03983	0.408157	-1.10506
2.465	0.627073	1.40494	1.03778	0.415622	-1.10174
2.47	0.624523	1.40924	1.03571	0.423102	-1.09839
2.475	0.621965	1.41354	1.03359	0.430599	-1.095
2.48	0.619397	1.41783	1.03144	0.438111	-1.09158
2.485	0.616819	1.42211	1.02925	0.445639	-1.08813
2.49	0.614233	1.42639	1.02702	0.453182	-1.08464
2.495	0.611636	1.43066	1.02475	0.460742	-1.08112
2.5	0.60903	1.43493	1.02245	0.468317	-1.07757
2.505	0.606413	1.43919	1.02011	0.475908	-1.07399
2.51	0.603787	1.44344	1.01773	0.483515	-1.07037
2.515	0.60115	1.44769	1.01531	0.491138	-1.06673
2.52	0.598503	1.45193	1.01286	0.498777	-1.06305
2.525	0.595845	1.45617	1.01036	0.506432	-1.05934
2.53	0.593177	1.4604	1.00783	0.514102	-1.05559
2.535	0.590497	1.46462	1.00526	0.521789	-1.05182
2.54	0.587807	1.46883	1.00265	0.529492	-1.04801
2.545	0.585105	1.47304	1	0.537212	-1.04417
2.55	0.582393	1.47724	0.997317	0.544947	-1.0403
2.555	0.579668	1.48143	0.994592	0.5527	-1.03639
2.56	0.576933	1.48562	0.991828	0.560468	-1.03246
2.565	0.574185	1.4898	0.989026	0.568254	-1.02849
2.57	0.571426	1.49397	0.986185	0.576056	-1.02449
2.575	0.568654	1.49813	0.983304	0.583875	-1.02046
2.58	0.565871	1.50228	0.980385	0.591711	-1.0164
2.585	0.563075	1.50643	0.977427	0.599564	-1.01231
2.59	0.560267	1.51056	0.974429	0.607435	-1.00818
2.595	0.557446	1.51469	0.971392	0.615323	-1.00402
2.6	0.554613	1.51881	0.968315	0.623228	-0.999835
2.605	0.551766	1.52292	0.965199	0.631152	-0.995614
2.61	0.548907	1.52702	0.962043	0.639093	-0.991362
2.615	0.546035	1.53112	0.958848	0.647053	-0.987079
2.62	0.543149	1.5352	0.955612	0.655031	-0.982764
2.625	0.54025	1.53927	0.952337	0.663027	-0.978418
2.63	0.537338	1.54334	0.949022	0.671043	-0.97404
2.635	0.534412	1.54739	0.945667	0.679077	-0.969631
2.64	0.531472	1.55144	0.942271	0.687131	-0.96519
2.645	0.528518	1.55547	0.938836	0.695205	-0.960718
2.65	0.525551	1.5595	0.93536	0.703298	-0.956214
2.655	0.522569	1.56351	0.931843	0.711412	-0.951679
2.66	0.519573	1.56751	0.928286	0.719545	-0.947112
2.665	0.516563	1.5715	0.924688	0.7277	-0.942514
2.67	0.513538	1.57549	0.92105	0.735876	-0.937884
2.675	0.510498	1.57946	0.917371	0.744073	-0.933223
2.68	0.507444	1.58341	0.91365	0.752291	-0.928531
2.685	0.504375	1.58736	0.909889	0.760532	-0.923807
2.69	0.501291	1.5913	0.906086	0.768795	-0.919051
2.695	0.498191	1.59522	0.902242	0.777081	-0.914264
2.7	0.495077	1.59913	0.898357	0.78539	-0.909445
2.705	0.491947	1.60303	0.89443	0.793723	-0.904594
2.71	0.488802	1.60692	0.890461	0.80208	-0.899712
2.715	0.485641	1.61079	0.886451	0.810462	-0.894798
2.72	0.482464	1.61465	0.882398	0.818868	-0.889853
2.725	0.479272	1.6185	0.878304	0.8273	-0.884875
2.73	0.476064	1.62234	0.874168	0.835758	-0.879866
2.735	0.47284	1.62616	0.869989	0.844242	-0.874825
2.74	0.469599	1.62997	0.865768	0.852753	-0.869752
2.745	0.466343	1.63376	0.861504	0.861292	-0.864647
2.75	0.46307	1.63754	0.857197	0.869859	-0.85951
2.755	0.459781	1.64131	0.852848	0.878455	-0.854341
2.76	0.456475	1.64506	0.848456	0.88708	-0.84914
2.765	0.453153	1.64879	0.84402	0.895736	-0.843906
2.77	0.449814	1.65252	0.839542	0.904421	-0.838641
2.775	0.446458	1.65622	0.83502	0.913139	-0.833342
2.78	0.443085	1.65991	0.830454	0.921888	-0.828012
2.785	0.439696	1.66359	0.825844	0.93067	-0.822649
2.79	0.436289	1.66725	0.821191	0.939486	-0.817253
2.795	0.432865	1.67089	0.816494	0.948336	-0.811824
2.8	0.429424	1.67452	0.811752	0.957221	-0.806363
2.805	0.425965	1.67813	0.806966	0.966142	-0.800869
2.81	0.42249	1.68173	0.802135	0.975101	-0.795342
2.815	0.418996	1.6853	0.79726	0.984097	-0.789781
2.82	0.415485	1.68886	0.792339	0.993132	-0.784187
2.825	0.411957	1.69241	0.787374	1.00221	-0.77856
2.83	0.408411	1.69593	0.782362	1.01132	-0.7729
2.835	0.404846	1.69944	0.777306	1.02048	-0.767206
2.84	0.401265	1.70293	0.772203	1.02968	-0.761478
2.845	0.397665	1.7064	0.767055	1.03893	-0.755716
2.85	0.394047	1.70985	0.76186	1.04822	-0.74992
2.855	0.390411	1.71328	0.756619	1.05755	-0.74409
2.86	0.386757	1.71669	0.751332	1.06694	-0.738226
2.865	0.383085	1.72009	0.745997	1.07637	-0.732327
2.87	0.379395	1.72346	0.740615	1.08586	-0.726393
2.875	0.375686	1.72681	0.735186	1.09539	-0.720425
2.88	0.37196	1.73015	0.729709	1.10498	-0.714421
2.885	0.368214	1.73346	0.724184	1.11463	-0.708383
2.89	0.364451	1.73675	0.718611	1.12433	-0.702309
2.895	0.360669	1.74002	0.712989	1.13409	-0.696199
2.9	0.356868	1.74327	0.707319	1.14391	-0.690054
2.905	0.353049	1.7465	0.701599	1.1538	-0.683872
2.91	0.349212	1.7497	0.69583	1.16374	-0.677655
2.915	0.345355	1.75289	0.690011	1.17376	-0.671401
2.92	0.341481	1.75605	0.684143	1.18384	-0.66511
2.925	0.337587	1.75918	0.678223	1.19399	-0.658782
2.93	0.333675	1.7623	0.672253	1.20421	-0.652417
2.935	0.329744	1.76539	0.666232	1.21451	-0.646015
2.94	0.325795	1.76845	0.66016	1.22489	-0.639575
2.945	0.321827	1.77149	0.654035	1.23534	-0.633097
2.95	0.31784	1.77451	0.647859	1.24588	-0.62658
2.955	0.313834	1.7775	0.641629	1.25651	-0.620025
2.96	0.30981	1.78047	0.635347	1.26722	-0.613432
2.965	0.305767	1.78341	0.629011	1.27802	-0.606799
2.97	0.301705	1.78633	0.622621	1.28892	-0.600126
2.975	0.297625	1.78922	0.616176	1.29992	-0.593414
2.98	0.293525	1.79208	0.609676	1.31102	-0.586661
2.985	0.289407	1.79492	0.603121	1.32222	-0.579868
2.99	0.285271	1.79773	0.59651	1.33354	-0.573034
2.995	0.281116	1.80051	0.589842	1.34497	-0.566158
3	0.276942	1.80326	0.583118	1.35651	-0.559241
3.005	0.27275	1.80599	0.576335	1.36818	-0.552281
3.01	0.268539	1.80868	0.569494	1.37998	-0.545279
3.015	0.26431	1.81135	0.562594	1.39191	-0.538234
3.02	0.260062	1.81399	0.555635	1.40398	-0.531146
3.025	0.255795	1.81659	0.548615	1.41619	-0.524013
3.03	0.251511	1.81917	0.541534	1.42856	-0.516836
3.035	0.247208	1.82172	0.534391	1.44108	-0.509614
3.04	0.242887	1.82423	0.527186	1.45376	-0.502347
3.045	0.238548	1.82672	0.519917	1.46662	-0.495033
3.05	0.23419	1.82917	0.512584	1.47965	-0.487673
3.055	0.229815	1.83159	0.505186	1.49287	-0.480265
3.06	0.225421	1.83398	0.497721	1.50629	-0.47281
3.065	0.22101	1.83633	0.49019	1.51991	-0.465306
3.07	0.216581	1.83865	0.48259	1.53375	-0.457753
3.075	0.212135	1.84094	0.474921	1.54782	-0.450151
3.08	0.20767	1.84319	0.467182	1.56212	-0.442497
3.085	0.203189	1.84541	0.459372	1.57668	-0.434793
3.09	0.19869	1.84759	0.451488	1.5915	-0.427037
3.095	0.194173	1.84973	0.443531	1.6066	-0.419228
3.1	0.18964	1.85184	0.435498	1.62199	-0.411365
3.105	0.18509	1.85391	0.427388	1.63769	-0.403448
3.11	0.180523	1.85595	0.419199	1.65373	-0.395476
3.115	0.175939	1.85795	0.410931	1.67011	-0.387448
3.12	0.171339	1.85991	0.40258	1.68687	-0.379363
3.125	0.166722	1.86183	0.394146	1.70402	-0.37122
3.13	0.162089	1.86371	0.385626	1.72159	-0.363019
3.135	0.157441	1.86555	0.377018	1.73962	-0.354758
3.14	0.152776	1.86735	0.36832	1.75813	-0.346436
3.145	0.148096	1.86911	0.359529	1.77715	-0.338053
3.15	0.1434	1.87082	0.350643	1.79673	-0.329608
3.155	0.138689	1.8725	0.34166	1.81692	-0.321099
3.16	0.133963	1.87413	0.332575	1.83775	-0.312526
3.165	0.129222	1.87572	0.323386	1.85929	-0.303889
3.17	0.124467	1.87727	0.31409	1.88159	-0.295186
3.175	0.119697	1.87877	0.304682	1.90473	-0.286417
3.18	0.114913	1.88022	0.295158	1.92879	-0.277582
3.185	0.110115	1.88163	0.285514	1.95386	-0.268681
3.19	0.105304	1.88299	0.275745	1.98004	-0.259714
3.195	0.10048	1.8843	0.265845	2.00747	-0.250681
3.2	0.0956427	1.88557	0.255807	2.03629	-0.241585
3.205	0.0907928	1.88678	0.245626	2.06668	-0.232428
3.21	0.0859305	1.88795	0.235293	2.09884	-0.223214
3.215	0.0810563	1.88906	0.224798	2.13304	-0.213947
3.22	0.0761705	1.89013	0.214133	2.16959	-0.204636
3.225	0.0712735	1.89114	0.203285	2.20889	-0.195293
3.23	0.0663656	1.89209	0.192241	2.25145	-0.185932
3.235	0.0614473	1.89299	0.180984	2.29792	-0.176577
3.24	0.0565189	1.89384	0.169494	2.3492	-0.167261
3.245	0.051581	1.89462	0.157748	2.40649	-0.158034
3.25	0.046634	1.89535	0.145715	2.47152	-0.14897
3.255	0.0416784	1.89601	0.133358	2.54684	-0.140185
3.26	0.0367147	1.89661	0.120624	2.63641	-0.131862
3.265	0.0317435	1.89715	0.107442	2.74683	-0.124314
3.27	0.0267655	1.89762	0.0937075	2.88989	-0.118098
3.275	0.0217812	1.89801	0.079258	3.08905	-0.114305
3.28	0.0167914	1.89833	0.0638128	3.39812	-0.115351
3.285	0.0117968	1.89857	0.0468222	3.96898	-0.127772
3.29	0.00679865	1.8987	0.0269773	5.40255	-0.177266
3.295	0.00179865	1.8987	-3.55028e-005	12.3856	-0.536402
