descriptor s_test R_test Z_test
0	2.42248	9.99999e-006	0.002	-0.401863	-0.0016196
0.005	2.41748	3.00465e-005	0.00400932	-0.403723	-0.0032588
0.01	2.41248	6.0186e-005	0.00602793	-0.40558	-0.00491761
0.015	2.40748	0.000100465	0.00805583	-0.407434	-0.00659604
0.02	2.40248	0.000150929	0.010093	-0.409284	-0.0082941
0.025	2.39748	0.000211624	0.0121394	-0.411132	-0.0100118
0.03	2.39248	0.000282597	0.0141951	-0.412976	-0.0117491
0.035	2.38748	0.000363894	0.01626	-0.414817	-0.013506
0.04	2.38248	0.000455559	0.018334	-0.416655	-0.0152826
0.045	2.37748	0.000557638	0.0204173	-0.41849	-0.0170789
0.05	2.37249	0.000670178	0.0225098	-0.420322	-0.0188947
0.055	2.36749	0.000793222	0.0246114	-0.42215	-0.0207303
0.06	2.36249	0.000926817	0.0267221	-0.423976	-0.0225854
0.065	2.35749	0.00107101	0.028842	-0.425798	-0.0244602
0.07	2.35249	0.00122584	0.030971	-0.427617	-0.0263547
0.075	2.3475	0.00139135	0.0331091	-0.429433	-0.0282688
0.08	2.3425	0.0015676	0.0352563	-0.431246	-0.0302025
0.085	2.3375	0.00175462	0.0374125	-0.433056	-0.0321559
0.09	2.33251	0.00195245	0.0395778	-0.434862	-0.0341289
0.095	2.32751	0.00216115	0.0417521	-0.436666	-0.0361215
0.1	2.32252	0.00238076	0.0439354	-0.438466	-0.0381337
0.105	2.31752	0.00261132	0.0461277	-0.440263	-0.0401656
0.11	2.31253	0.00285287	0.048329	-0.442057	-0.042217
0.115	2.30753	0.00310546	0.0505393	-0.443847	-0.0442881
0.12	2.30254	0.00336913	0.0527586	-0.445635	-0.0463788
0.125	2.29755	0.00364392	0.0549867	-0.447419	-0.048489
0.13	2.29256	0.00392988	0.0572238	-0.4492	-0.0506188
0.135	2.28756	0.00422706	0.0594698	-0.450978	-0.0527682
0.14	2.28257	0.00453549	0.0617247	-0.452752	-0.0549371
0.145	2.27758	0.00485521	0.0639885	-0.454523	-0.0571255
0.15	2.2726	0.00518627	0.0662611	-0.456291	-0.0593335
0.155	2.26761	0.00552872	0.0685426	-0.458056	-0.061561
0.16	2.26262	0.00588259	0.0708328	-0.459818	-0.063808
0.165	2.25763	0.00624792	0.0731319	-0.461576	-0.0660745
0.17	2.25265	0.00662476	0.0754398	-0.463331	-0.0683605
0.175	2.24766	0.00701315	0.0777565	-0.465083	-0.0706659
0.18	2.24268	0.00741313	0.0800819	-0.466831	-0.0729907
0.185	2.2377	0.00782475	0.082416	-0.468576	-0.0753349
0.19	2.23271	0.00824803	0.0847589	-0.470318	-0.0776986
0.195	2.22773	0.00868304	0.0871105	-0.472056	-0.0800816
0.2	2.22275	0.00912979	0.0894708	-0.473791	-0.082484
0.205	2.21777	0.00958835	0.0918397	-0.475523	-0.0849057
0.21	2.2128	0.0100587	0.0942173	-0.477251	-0.0873468
0.215	2.20782	0.010541	0.0966036	-0.478976	-0.0898071
0.22	2.20284	0.0110352	0.0989985	-0.480698	-0.0922867
0.225	2.19787	0.0115413	0.101402	-0.482416	-0.0947855
0.23	2.1929	0.0120595	0.103814	-0.484131	-0.0973036
0.235	2.18792	0.0125896	0.106235	-0.485842	-0.0998408
0.24	2.18295	0.0131319	0.108664	-0.48755	-0.102397
0.245	2.17798	0.0136863	0.111102	-0.489254	-0.104973
0.25	2.17302	0.0142528	0.113548	-0.490955	-0.107568
0.255	2.16805	0.0148315	0.116003	-0.492652	-0.110181
0.26	2.16309	0.0154224	0.118466	-0.494346	-0.112814
0.265	2.15812	0.0160257	0.120938	-0.496036	-0.115466
0.27	2.15316	0.0166412	0.123418	-0.497723	-0.118137
0.275	2.1482	0.0172691	0.125907	-0.499406	-0.120826
0.28	2.14324	0.0179093	0.128404	-0.501085	-0.123535
0.285	2.13828	0.018562	0.130909	-0.502761	-0.126263
0.29	2.13333	0.0192271	0.133423	-0.504434	-0.129009
0.295	2.12837	0.0199048	0.135945	-0.506102	-0.131775
0.3	2.12342	0.0205949	0.138475	-0.507767	-0.134559
0.305	2.11847	0.0212977	0.141014	-0.509428	-0.137361
0.31	2.11352	0.022013	0.143561	-0.511085	-0.140183
0.315	2.10858	0.022741	0.146117	-0.512739	-0.143023
0.32	2.10363	0.0234817	0.148681	-0.514389	-0.145882
0.325	2.09869	0.024235	0.151252	-0.516035	-0.148759
0.33	2.09375	0.0250012	0.153833	-0.517677	-0.151655
0.335	2.08881	0.0257801	0.156421	-0.519316	-0.15457
0.34	2.08387	0.0265718	0.159018	-0.52095	-0.157503
0.345	2.07894	0.0273764	0.161622	-0.522581	-0.160454
0.35	2.074	0.0281939	0.164235	-0.524207	-0.163424
0.355	2.06907	0.0290243	0.166856	-0.52583	-0.166412
0.36	2.06414	0.0298677	0.169485	-0.527449	-0.169418
0.365	2.05922	0.0307241	0.172123	-0.529063	-0.172442
0.37	2.05429	0.0315935	0.174768	-0.530674	-0.175485
0.375	2.04937	0.0324759	0.177421	-0.53228	-0.178546
0.38	2.04445	0.0333715	0.180083	-0.533883	-0.181625
0.385	2.03954	0.0342802	0.182752	-0.535481	-0.184722
0.39	2.03462	0.035202	0.18543	-0.537075	-0.187837
0.395	2.02971	0.0361371	0.188115	-0.538665	-0.190969
0.4	2.0248	0.0370853	0.190808	-0.54025	-0.19412
0.405	2.0199	0.0380468	0.19351	-0.541832	-0.197289
0.41	2.01499	0.0390217	0.196219	-0.543409	-0.200475
0.415	2.01009	0.0400098	0.198936	-0.544981	-0.203679
0.42	2.00519	0.0410113	0.201661	-0.54655	-0.206901
0.425	2.0003	0.0420261	0.204393	-0.548113	-0.21014
0.43	1.9954	0.0430544	0.207134	-0.549673	-0.213396
0.435	1.99051	0.0440961	0.209882	-0.551227	-0.216671
0.44	1.98562	0.0451513	0.212638	-0.552778	-0.219962
0.445	1.98074	0.04622	0.215402	-0.554323	-0.223271
0.45	1.97586	0.0473023	0.218174	-0.555865	-0.226597
0.455	1.97098	0.0483981	0.220953	-0.557401	-0.229941
0.46	1.96611	0.0495075	0.22374	-0.558933	-0.233301
0.465	1.96123	0.0506305	0.226535	-0.56046	-0.236679
0.47	1.95636	0.0517671	0.229337	-0.561982	-0.240073
0.475	1.9515	0.0529175	0.232147	-0.563499	-0.243485
0.48	1.94664	0.0540815	0.234965	-0.565011	-0.246913
0.485	1.94178	0.0552593	0.23779	-0.566519	-0.250358
0.49	1.93692	0.0564508	0.240622	-0.568021	-0.25382
0.495	1.93207	0.0576562	0.243462	-0.569519	-0.257298
0.5	1.92722	0.0588753	0.24631	-0.571011	-0.260794
0.505	1.92237	0.0601083	0.249165	-0.572498	-0.264305
0.51	1.91753	0.0613551	0.252028	-0.57398	-0.267833
0.515	1.91269	0.0626158	0.254897	-0.575457	-0.271377
0.52	1.90786	0.0638905	0.257775	-0.576929	-0.274938
0.525	1.90303	0.0651791	0.260659	-0.578395	-0.278515
0.53	1.8982	0.0664816	0.263551	-0.579856	-0.282108
0.535	1.89338	0.0677982	0.266451	-0.581311	-0.285716
0.54	1.88856	0.0691287	0.269357	-0.582761	-0.289341
0.545	1.88374	0.0704733	0.272271	-0.584205	-0.292982
0.55	1.87893	0.071832	0.275192	-0.585644	-0.296638
0.555	1.87412	0.0732047	0.27812	-0.587076	-0.30031
0.56	1.86932	0.0745916	0.281056	-0.588504	-0.303998
0.565	1.86452	0.0759926	0.283998	-0.589925	-0.307701
0.57	1.85972	0.0774077	0.286948	-0.591341	-0.31142
0.575	1.85493	0.078837	0.289904	-0.59275	-0.315153
0.58	1.85014	0.0802805	0.292868	-0.594154	-0.318903
0.585	1.84536	0.0817382	0.295839	-0.595551	-0.322667
0.59	1.84058	0.0832101	0.298817	-0.596943	-0.326446
0.595	1.83581	0.0846964	0.301801	-0.598328	-0.33024
0.6	1.83104	0.0861968	0.304793	-0.599707	-0.334049
0.605	1.82627	0.0877116	0.307792	-0.601079	-0.337873
0.61	1.82151	0.0892407	0.310797	-0.602445	-0.341711
0.615	1.81676	0.0907841	0.313809	-0.603805	-0.345564
0.62	1.81201	0.0923419	0.316828	-0.605158	-0.349432
0.625	1.80726	0.093914	0.319854	-0.606505	-0.353313
0.63	1.80252	0.0955006	0.322887	-0.607845	-0.357209
0.635	1.79778	0.0971015	0.325926	-0.609178	-0.361119
0.64	1.79305	0.0987168	0.328972	-0.610504	-0.365044
0.645	1.78832	0.100347	0.332024	-0.611824	-0.368982
0.65	1.7836	0.101991	0.335083	-0.613136	-0.372933
0.655	1.77888	0.10365	0.338149	-0.614441	-0.376899
0.66	1.77417	0.105323	0.341221	-0.615739	-0.380878
0.665	1.76946	0.10701	0.3443	-0.61703	-0.38487
0.67	1.76476	0.108713	0.347385	-0.618314	-0.388876
0.675	1.76007	0.110429	0.350477	-0.61959	-0.392895
0.68	1.75538	0.112161	0.353575	-0.620858	-0.396928
0.685	1.75069	0.113906	0.356679	-0.622119	-0.400973
0.69	1.74601	0.115667	0.35979	-0.623373	-0.405031
0.695	1.74134	0.117442	0.362906	-0.624618	-0.409102
0.7	1.73667	0.119231	0.366029	-0.625856	-0.413185
0.705	1.73201	0.121036	0.369159	-0.627086	-0.417281
0.71	1.72735	0.122854	0.372294	-0.628308	-0.421389
0.715	1.7227	0.124688	0.375436	-0.629521	-0.42551
0.72	1.71805	0.126536	0.378583	-0.630727	-0.429643
0.725	1.71341	0.128398	0.381737	-0.631924	-0.433787
0.73	1.70878	0.130276	0.384897	-0.633112	-0.437944
0.735	1.70415	0.132168	0.388062	-0.634292	-0.442112
0.74	1.69953	0.134074	0.391234	-0.635464	-0.446292
0.745	1.69491	0.135996	0.394411	-0.636627	-0.450483
0.75	1.6903	0.137932	0.397594	-0.637781	-0.454686
0.755	1.6857	0.139882	0.400783	-0.638926	-0.4589
0.76	1.6811	0.141848	0.403978	-0.640062	-0.463125
0.765	1.67651	0.143828	0.407178	-0.641188	-0.467361
0.77	1.67192	0.145823	0.410384	-0.642306	-0.471607
0.775	1.66734	0.147832	0.413595	-0.643414	-0.475864
0.78	1.66277	0.149856	0.416812	-0.644513	-0.480132
0.785	1.65821	0.151895	0.420035	-0.645602	-0.48441
0.79	1.65365	0.153949	0.423263	-0.646682	-0.488698
0.795	1.6491	0.156017	0.426496	-0.647751	-0.492997
0.8	1.64455	0.158101	0.429735	-0.648811	-0.497305
0.805	1.64001	0.160198	0.432979	-0.649861	-0.501622
0.81	1.63548	0.162311	0.436229	-0.6509	-0.50595
0.815	1.63095	0.164438	0.439483	-0.651929	-0.510287
0.82	1.62644	0.166581	0.442743	-0.652948	-0.514633
0.825	1.62193	0.168737	0.446007	-0.653956	-0.518988
0.83	1.61742	0.170909	0.449277	-0.654954	-0.523352
0.835	1.61293	0.173095	0.452552	-0.655941	-0.527725
0.84	1.60844	0.175296	0.455832	-0.656917	-0.532106
0.845	1.60395	0.177512	0.459116	-0.657882	-0.536496
0.85	1.59948	0.179743	0.462406	-0.658836	-0.540895
0.855	1.59501	0.181988	0.4657	-0.659778	-0.545301
0.86	1.59055	0.184248	0.468999	-0.660709	-0.549715
0.865	1.5861	0.186523	0.472302	-0.661628	-0.554138
0.87	1.58165	0.188812	0.47561	-0.662536	-0.558567
0.875	1.57722	0.191116	0.478923	-0.663432	-0.563004
0.88	1.57279	0.193435	0.48224	-0.664316	-0.567449
0.885	1.56836	0.195768	0.485562	-0.665188	-0.5719
0.89	1.56395	0.198117	0.488888	-0.666047	-0.576359
0.895	1.55954	0.20048	0.492218	-0.666894	-0.580824
0.9	1.55514	0.202857	0.495552	-0.667729	-0.585296
0.905	1.55075	0.205249	0.498891	-0.668551	-0.589774
0.91	1.54637	0.207656	0.502234	-0.66936	-0.594258
0.915	1.542	0.210078	0.505581	-0.670156	-0.598748
0.92	1.53763	0.212514	0.508931	-0.670939	-0.603244
0.925	1.53327	0.214965	0.512286	-0.671709	-0.607746
0.93	1.52892	0.21743	0.515645	-0.672465	-0.612253
0.935	1.52458	0.219911	0.519007	-0.673208	-0.616765
0.94	1.52025	0.222405	0.522373	-0.673937	-0.621282
0.945	1.51592	0.224914	0.525743	-0.674652	-0.625804
0.95	1.51161	0.227438	0.529116	-0.675353	-0.630331
0.955	1.5073	0.229977	0.532493	-0.676039	-0.634862
0.96	1.503	0.23253	0.535873	-0.676712	-0.639398
0.965	1.49871	0.235097	0.539257	-0.677369	-0.643937
0.97	1.49443	0.237679	0.542643	-0.678012	-0.64848
0.975	1.49016	0.240276	0.546033	-0.678641	-0.653027
0.98	1.48589	0.242887	0.549427	-0.679254	-0.657578
0.985	1.48164	0.245512	0.552823	-0.679852	-0.662131
0.99	1.47739	0.248152	0.556222	-0.680434	-0.666688
0.995	1.47315	0.250806	0.559624	-0.681001	-0.671247
1	1.46892	0.253475	0.563029	-0.681553	-0.675809
1.005	1.46471	0.256158	0.566437	-0.682088	-0.680373
1.01	1.4605	0.258856	0.569848	-0.682607	-0.68494
1.015	1.45629	0.261568	0.573261	-0.68311	-0.689508
1.02	1.4521	0.264294	0.576676	-0.683597	-0.694078
1.025	1.44792	0.267034	0.580094	-0.684067	-0.69865
1.03	1.44375	0.269789	0.583514	-0.68452	-0.703223
1.035	1.43959	0.272558	0.586937	-0.684957	-0.707797
1.04	1.43543	0.275342	0.590362	-0.685376	-0.712371
1.045	1.43129	0.278139	0.593789	-0.685778	-0.716947
1.05	1.42715	0.280951	0.597218	-0.686162	-0.721522
1.055	1.42303	0.283777	0.600648	-0.686529	-0.726098
1.06	1.41891	0.286617	0.604081	-0.686878	-0.730674
1.065	1.41481	0.289471	0.607515	-0.687208	-0.735249
1.07	1.41071	0.292339	0.610951	-0.687521	-0.739824
1.075	1.40663	0.295221	0.614389	-0.687815	-0.744398
1.08	1.40255	0.298118	0.617828	-0.68809	-0.748971
1.085	1.39848	0.301028	0.621269	-0.688347	-0.753542
1.09	1.39443	0.303952	0.62471	-0.688584	-0.758112
1.095	1.39038	0.306891	0.628153	-0.688802	-0.762681
1.1	1.38635	0.309843	0.631597	-0.689001	-0.767247
1.105	1.38232	0.312809	0.635042	-0.689181	-0.771811
1.11	1.37831	0.315789	0.638488	-0.68934	-0.776373
1.115	1.3743	0.318783	0.641935	-0.689479	-0.780931
1.12	1.37031	0.32179	0.645382	-0.689599	-0.785487
1.125	1.36633	0.324811	0.64883	-0.689697	-0.79004
1.13	1.36235	0.327846	0.652279	-0.689776	-0.794589
1.135	1.35839	0.330895	0.655728	-0.689833	-0.799134
1.14	1.35444	0.333957	0.659177	-0.689869	-0.803675
1.145	1.35049	0.337033	0.662626	-0.689884	-0.808212
1.15	1.34656	0.340123	0.666076	-0.689878	-0.812745
1.155	1.34264	0.343226	0.669525	-0.68985	-0.817272
1.16	1.33873	0.346342	0.672974	-0.6898	-0.821795
1.165	1.33483	0.349473	0.676423	-0.689728	-0.826312
1.17	1.33095	0.352616	0.679872	-0.689634	-0.830824
1.175	1.32707	0.355773	0.68332	-0.689518	-0.83533
1.18	1.3232	0.358943	0.686768	-0.689379	-0.839829
1.185	1.31935	0.362127	0.690215	-0.689216	-0.844323
1.19	1.3155	0.365323	0.693661	-0.689031	-0.848809
1.195	1.31167	0.368533	0.697106	-0.688823	-0.853289
1.2	1.30785	0.371757	0.70055	-0.688591	-0.857762
1.205	1.30403	0.374993	0.703993	-0.688335	-0.862227
1.21	1.30023	0.378242	0.707435	-0.688055	-0.866684
1.215	1.29644	0.381505	0.710875	-0.687752	-0.871134
1.22	1.29267	0.38478	0.714314	-0.687423	-0.875575
1.225	1.2889	0.388069	0.717751	-0.687071	-0.880007
1.23	1.28515	0.39137	0.721186	-0.686693	-0.884431
1.235	1.2814	0.394684	0.724619	-0.686291	-0.888846
1.24	1.27767	0.398011	0.728051	-0.685863	-0.893251
1.245	1.27395	0.401351	0.73148	-0.68541	-0.897647
1.25	1.27024	0.404704	0.734907	-0.684931	-0.902032
1.255	1.26654	0.408069	0.738332	-0.684426	-0.906408
1.26	1.26285	0.411447	0.741754	-0.683895	-0.910773
1.265	1.25918	0.414838	0.745174	-0.683338	-0.915127
1.27	1.25552	0.418241	0.74859	-0.682755	-0.91947
1.275	1.25186	0.421656	0.752004	-0.682145	-0.923801
1.28	1.24822	0.425084	0.755415	-0.681508	-0.928121
1.285	1.2446	0.428524	0.758822	-0.680843	-0.932429
1.29	1.24098	0.431977	0.762227	-0.680152	-0.936725
1.295	1.23738	0.435442	0.765627	-0.679433	-0.941009
1.3	1.23378	0.438919	0.769024	-0.678686	-0.945279
1.305	1.2302	0.442409	0.772418	-0.677911	-0.949537
1.31	1.22663	0.44591	0.775807	-0.677108	-0.953781
1.315	1.22307	0.449424	0.779193	-0.676277	-0.958011
1.32	1.21953	0.452949	0.782574	-0.675417	-0.962227
1.325	1.216	0.456487	0.785951	-0.674528	-0.96643
1.33	1.21247	0.460036	0.789324	-0.67361	-0.970617
1.335	1.20896	0.463597	0.792692	-0.672663	-0.97479
1.34	1.20547	0.46717	0.796055	-0.671687	-0.978948
1.345	1.20198	0.470755	0.799414	-0.67068	-0.98309
1.35	1.19851	0.474351	0.802767	-0.669644	-0.987216
1.355	1.19505	0.477959	0.806115	-0.668578	-0.991327
1.36	1.1916	0.481579	0.809458	-0.667482	-0.995421
1.365	1.18816	0.48521	0.812796	-0.666356	-0.999499
1.37	1.18473	0.488852	0.816128	-0.665198	-1.00356
1.375	1.18132	0.492506	0.819454	-0.66401	-1.0076
1.38	1.17792	0.496172	0.822774	-0.662791	-1.01163
1.385	1.17453	0.499848	0.826088	-0.661541	-1.01564
1.39	1.17115	0.503536	0.829395	-0.660259	-1.01963
1.395	1.16779	0.507234	0.832697	-0.658946	-1.0236
1.4	1.16444	0.510944	0.835991	-0.6576	-1.02755
1.405	1.1611	0.514665	0.839279	-0.656223	-1.03149
1.41	1.15777	0.518397	0.84256	-0.654814	-1.0354
1.415	1.15445	0.522139	0.845834	-0.653372	-1.0393
1.42	1.15115	0.525893	0.849101	-0.651898	-1.04317
1.425	1.14786	0.529657	0.852361	-0.650391	-1.04703
1.43	1.14458	0.533432	0.855613	-0.648851	-1.05086
1.435	1.14131	0.537217	0.858857	-0.647278	-1.05468
1.44	1.13806	0.541013	0.862093	-0.645672	-1.05847
1.445	1.13482	0.54482	0.865322	-0.644032	-1.06224
1.45	1.13159	0.548637	0.868542	-0.642359	-1.066
1.455	1.12837	0.552464	0.871754	-0.640652	-1.06972
1.46	1.12517	0.556302	0.874957	-0.638911	-1.07343
1.465	1.12197	0.560149	0.878152	-0.637136	-1.07712
1.47	1.11879	0.564007	0.881337	-0.635327	-1.08078
1.475	1.11562	0.567875	0.884514	-0.633483	-1.08442
1.48	1.11247	0.571753	0.887681	-0.631605	-1.08803
1.485	1.10932	0.575641	0.890839	-0.629692	-1.09162
1.49	1.10619	0.579539	0.893988	-0.627744	-1.09519
1.495	1.10307	0.583447	0.897126	-0.625761	-1.09873
1.5	1.09997	0.587364	0.900255	-0.623743	-1.10225
1.505	1.09687	0.591292	0.903374	-0.621689	-1.10575
1.51	1.09379	0.595228	0.906482	-0.6196	-1.10922
1.515	1.09072	0.599174	0.90958	-0.617476	-1.11266
1.52	1.08766	0.60313	0.912668	-0.615316	-1.11608
1.525	1.08461	0.607095	0.915744	-0.61312	-1.11948
1.53	1.08158	0.61107	0.91881	-0.610888	-1.12284
1.535	1.07856	0.615053	0.921864	-0.60862	-1.12618
1.54	1.07555	0.619046	0.924908	-0.606315	-1.1295
1.545	1.07255	0.623048	0.927939	-0.603975	-1.13279
1.55	1.06957	0.627059	0.930959	-0.601597	-1.13605
1.555	1.06659	0.631079	0.933967	-0.599184	-1.13928
1.56	1.06363	0.635108	0.936963	-0.596733	-1.14249
1.565	1.06068	0.639145	0.939947	-0.594246	-1.14566
1.57	1.05775	0.643192	0.942918	-0.591722	-1.14881
1.575	1.05482	0.647247	0.945876	-0.589161	-1.15193
1.58	1.05191	0.65131	0.948822	-0.586563	-1.15503
1.585	1.04901	0.655383	0.951755	-0.583928	-1.15809
1.59	1.04612	0.659463	0.954675	-0.581256	-1.16112
1.595	1.04324	0.663552	0.957581	-0.578546	-1.16413
1.6	1.04037	0.66765	0.960474	-0.575799	-1.1671
1.605	1.03752	0.671755	0.963353	-0.573014	-1.17005
1.61	1.03468	0.675869	0.966218	-0.570192	-1.17296
1.615	1.03185	0.679991	0.969069	-0.567332	-1.17585
1.62	1.02903	0.68412	0.971905	-0.564435	-1.1787
1.625	1.02622	0.688258	0.974728	-0.5615	-1.18153
1.63	1.02343	0.692404	0.977535	-0.558527	-1.18432
1.635	1.02064	0.696557	0.980328	-0.555516	-1.18708
1.64	1.01787	0.700718	0.983105	-0.552467	-1.18981
1.645	1.01511	0.704887	0.985868	-0.549381	-1.19251
1.65	1.01236	0.709063	0.988614	-0.546256	-1.19517
1.655	1.00962	0.713247	0.991346	-0.543094	-1.19781
1.66	1.0069	0.717438	0.994061	-0.539894	-1.20041
1.665	1.00418	0.721637	0.996761	-0.536655	-1.20297
1.67	1.00148	0.725843	0.999444	-0.533379	-1.20551
1.675	0.998785	0.730056	1.00211	-0.530064	-1.20801
1.68	0.996104	0.734276	1.00476	-0.526712	-1.21048
1.685	0.993433	0.738503	1.00739	-0.523321	-1.21292
1.69	0.990774	0.742738	1.01001	-0.519892	-1.21532
1.695	0.988126	0.746979	1.01261	-0.516426	-1.21769
1.7	0.985489	0.751227	1.01519	-0.512921	-1.22002
1.705	0.982862	0.755481	1.01776	-0.509378	-1.22232
1.71	0.980247	0.759743	1.0203	-0.505797	-1.22459
1.715	0.977642	0.76401	1.02283	-0.502178	-1.22682
1.72	0.975048	0.768285	1.02534	-0.498521	-1.22901
1.725	0.972465	0.772566	1.02784	-0.494826	-1.23118
1.73	0.969892	0.776853	1.03031	-0.491094	-1.2333
1.735	0.96733	0.781147	1.03277	-0.487323	-1.23539
1.74	0.964778	0.785447	1.0352	-0.483515	-1.23745
1.745	0.962236	0.789753	1.03762	-0.479668	-1.23947
1.75	0.959705	0.794065	1.04002	-0.475785	-1.24145
1.755	0.957185	0.798383	1.0424	-0.471863	-1.2434
1.76	0.954674	0.802707	1.04476	-0.467904	-1.24531
1.765	0.952174	0.807037	1.0471	-0.463907	-1.24719
1.77	0.949683	0.811372	1.04942	-0.459873	-1.24903
1.775	0.947203	0.815714	1.05172	-0.455801	-1.25083
1.78	0.944732	0.820061	1.05399	-0.451692	-1.25259
1.785	0.942272	0.824413	1.05625	-0.447546	-1.25432
1.79	0.939821	0.828771	1.05849	-0.443363	-1.25602
1.795	0.93738	0.833135	1.06071	-0.439142	-1.25767
1.8	0.934948	0.837504	1.0629	-0.434885	-1.25929
1.805	0.932526	0.841878	1.06508	-0.430591	-1.26087
1.81	0.930113	0.846257	1.06723	-0.42626	-1.26241
1.815	0.927709	0.850642	1.06936	-0.421892	-1.26392
1.82	0.925315	0.855031	1.07147	-0.417488	-1.26539
1.825	0.92293	0.859426	1.07356	-0.413048	-1.26682
1.83	0.920554	0.863825	1.07562	-0.408571	-1.26821
1.835	0.918187	0.868229	1.07767	-0.404058	-1.26956
1.84	0.915829	0.872638	1.07969	-0.399509	-1.27088
1.845	0.91348	0.877052	1.08168	-0.394924	-1.27216
1.85	0.91114	0.881471	1.08366	-0.390304	-1.2734
1.855	0.908808	0.885894	1.08561	-0.385648	-1.2746
1.86	0.906485	0.890321	1.08754	-0.380956	-1.27576
1.865	0.90417	0.894753	1.08944	-0.376229	-1.27689
1.87	0.901863	0.899189	1.09133	-0.371467	-1.27797
1.875	0.899565	0.903629	1.09318	-0.36667	-1.27902
1.88	0.897275	0.908074	1.09502	-0.361838	-1.28003
1.885	0.894993	0.912523	1.09683	-0.356972	-1.281
1.89	0.892718	0.916976	1.09861	-0.352071	-1.28193
1.895	0.890452	0.921433	1.10037	-0.347135	-1.28282
1.9	0.888193	0.925894	1.10211	-0.342166	-1.28368
1.905	0.885942	0.930358	1.10382	-0.337162	-1.28449
1.91	0.883699	0.934827	1.1055	-0.332125	-1.28527
1.915	0.881463	0.939299	1.10716	-0.327054	-1.286
1.92	0.879234	0.943775	1.1088	-0.32195	-1.2867
1.925	0.877013	0.948254	1.11041	-0.316813	-1.28736
1.93	0.874799	0.952737	1.11199	-0.311642	-1.28798
1.935	0.872591	0.957223	1.11355	-0.306439	-1.28856
1.94	0.870391	0.961713	1.11508	-0.301203	-1.2891
1.945	0.868197	0.966206	1.11659	-0.295935	-1.2896
1.95	0.86601	0.970702	1.11807	-0.290635	-1.29006
1.955	0.863829	0.975202	1.11952	-0.285302	-1.29049
1.96	0.861655	0.979704	1.12095	-0.279938	-1.29087
1.965	0.859487	0.98421	1.12235	-0.274542	-1.29121
1.97	0.857326	0.988719	1.12372	-0.269115	-1.29152
1.975	0.85517	0.99323	1.12507	-0.263657	-1.29179
1.98	0.85302	0.997744	1.12638	-0.258168	-1.29201
1.985	0.850877	1.00226	1.12768	-0.252648	-1.2922
1.99	0.848738	1.00678	1.12894	-0.247098	-1.29235
1.995	0.846606	1.0113	1.13017	-0.241518	-1.29246
2	0.844479	1.01583	1.13138	-0.235907	-1.29253
2.005	0.842357	1.02036	1.13256	-0.230267	-1.29256
2.01	0.840241	1.02489	1.13371	-0.224598	-1.29255
2.015	0.838129	1.02942	1.13484	-0.218899	-1.2925
2.02	0.836023	1.03395	1.13593	-0.213171	-1.29241
2.025	0.833921	1.03849	1.137	-0.207414	-1.29229
2.03	0.831824	1.04303	1.13803	-0.201629	-1.29212
2.035	0.829732	1.04757	1.13904	-0.195815	-1.29192
2.04	0.827644	1.05211	1.14002	-0.189974	-1.29167
2.045	0.825561	1.05666	1.14097	-0.184104	-1.29139
2.05	0.823481	1.06121	1.14189	-0.178207	-1.29107
2.055	0.821406	1.06575	1.14278	-0.172283	-1.29071
2.06	0.819334	1.07031	1.14364	-0.166332	-1.29031
2.065	0.817267	1.07486	1.14447	-0.160354	-1.28988
2.07	0.815203	1.07941	1.14528	-0.154349	-1.2894
2.075	0.813142	1.08397	1.14605	-0.148318	-1.28889
2.08	0.811085	1.08852	1.14679	-0.142261	-1.28833
2.085	0.809031	1.09308	1.1475	-0.136178	-1.28774
2.09	0.806981	1.09764	1.14818	-0.13007	-1.28711
2.095	0.804933	1.10221	1.14883	-0.123936	-1.28644
2.1	0.802888	1.10677	1.14945	-0.117777	-1.28574
2.105	0.800846	1.11133	1.15004	-0.111594	-1.28499
2.11	0.798806	1.1159	1.1506	-0.105386	-1.28421
2.115	0.796769	1.12046	1.15113	-0.0991536	-1.28339
2.12	0.794734	1.12503	1.15162	-0.0928973	-1.28253
2.125	0.792701	1.1296	1.15209	-0.0866174	-1.28163
2.13	0.79067	1.13417	1.15252	-0.0803139	-1.2807
2.135	0.788641	1.13874	1.15292	-0.0739872	-1.27973
2.14	0.786613	1.14331	1.15329	-0.0676375	-1.27872
2.145	0.784587	1.14788	1.15363	-0.0612651	-1.27767
2.15	0.782563	1.15245	1.15394	-0.0548702	-1.27658
2.155	0.78054	1.15702	1.15421	-0.0484531	-1.27546
2.16	0.778518	1.1616	1.15445	-0.042014	-1.2743
2.165	0.776497	1.16617	1.15466	-0.0355533	-1.27311
2.17	0.774476	1.17074	1.15484	-0.029071	-1.27187
2.175	0.772457	1.17532	1.15498	-0.0225676	-1.2706
2.18	0.770437	1.17989	1.1551	-0.0160432	-1.2693
2.185	0.768419	1.18447	1.15518	-0.00949809	-1.26795
2.19	0.7664	1.18904	1.15523	-0.00293253	-1.26657
2.195	0.764382	1.19361	1.15524	0.00365325	-1.26515
2.2	0.762363	1.19819	1.15522	0.010259	-1.2637
2.205	0.760344	1.20276	1.15517	0.0168845	-1.26221
2.21	0.758325	1.20734	1.15509	0.0235294	-1.26069
2.215	0.756305	1.21191	1.15497	0.0301936	-1.25912
2.22	0.754285	1.21648	1.15482	0.0368768	-1.25753
2.225	0.752264	1.22106	1.15463	0.0435788	-1.25589
2.23	0.750241	1.22563	1.15442	0.0502992	-1.25422
2.235	0.748218	1.2302	1.15416	0.057038	-1.25252
2.24	0.746193	1.23477	1.15388	0.0637949	-1.25078
2.245	0.744167	1.23935	1.15356	0.0705696	-1.249
2.25	0.742139	1.24392	1.15321	0.0773618	-1.24719
2.255	0.74011	1.24849	1.15282	0.0841715	-1.24534
2.26	0.738078	1.25305	1.1524	0.0909983	-1.24346
2.265	0.736045	1.25762	1.15194	0.0978421	-1.24155
2.27	0.734009	1.26219	1.15145	0.104703	-1.2396
2.275	0.731971	1.26675	1.15093	0.111579	-1.23761
2.28	0.72993	1.27132	1.15037	0.118473	-1.23559
2.285	0.727886	1.27588	1.14978	0.125382	-1.23354
2.29	0.72584	1.28044	1.14915	0.132307	-1.23145
2.295	0.723791	1.28501	1.14849	0.139248	-1.22932
2.3	0.721738	1.28956	1.1478	0.146204	-1.22717
2.305	0.719683	1.29412	1.14707	0.153176	-1.22498
2.31	0.717623	1.29868	1.1463	0.160162	-1.22275
2.315	0.71556	1.30323	1.1455	0.167164	-1.22049
2.32	0.713493	1.30779	1.14466	0.17418	-1.2182
2.325	0.711423	1.31234	1.14379	0.181211	-1.21588
2.33	0.709348	1.31689	1.14289	0.188255	-1.21352
2.335	0.707269	1.32143	1.14194	0.195314	-1.21113
2.34	0.705185	1.32598	1.14097	0.202387	-1.2087
2.345	0.703097	1.33052	1.13996	0.209474	-1.20624
2.35	0.701004	1.33506	1.13891	0.216574	-1.20375
2.355	0.698906	1.3396	1.13783	0.223688	-1.20123
2.36	0.696803	1.34414	1.13671	0.230815	-1.19867
2.365	0.694695	1.34867	1.13555	0.237955	-1.19608
2.37	0.692582	1.3532	1.13436	0.245107	-1.19346
2.375	0.690463	1.35773	1.13314	0.252273	-1.19081
2.38	0.688338	1.36226	1.13188	0.259451	-1.18813
2.385	0.686207	1.36678	1.13058	0.266642	-1.18541
2.39	0.68407	1.3713	1.12925	0.273845	-1.18266
2.395	0.681927	1.37582	1.12788	0.28106	-1.17988
2.4	0.679778	1.38033	1.12647	0.288287	-1.17707
2.405	0.677622	1.38484	1.12503	0.295527	-1.17422
2.41	0.67546	1.38935	1.12355	0.302778	-1.17135
2.415	0.673291	1.39386	1.12204	0.31004	-1.16844
2.42	0.671115	1.39836	1.12049	0.317314	-1.1655
2.425	0.668931	1.40286	1.1189	0.3246	-1.16254
2.43	0.666741	1.40735	1.11728	0.331896	-1.15954
2.435	0.664542	1.41184	1.11562	0.339205	-1.15651
2.44	0.662337	1.41633	1.11392	0.346524	-1.15344
2.445	0.660123	1.42081	1.11219	0.353854	-1.15035
2.45	0.657902	1.42529	1.11042	0.361195	-1.14723
2.455	0.655672	1.42977	1.10862	0.368547	-1.14408
2.46	0.653435	1.43424	1.10677	0.375909	-1.14089
2.465	0.651188	1.43871	1.10489	0.383282	-1.13768
2.47	0.648934	1.44317	1.10298	0.390666	-1.13444
2.475	0.64667	1.44763	1.10102	0.39806	-1.13116
2.48	0.644398	1.45208	1.09903	0.405465	-1.12786
2.485	0.642117	1.45653	1.09701	0.41288	-1.12453
2.49	0.639826	1.46098	1.09494	0.420305	-1.12116
2.495	0.637526	1.46541	1.09284	0.427741	-1.11777
2.5	0.635217	1.46985	1.0907	0.435187	-1.11435
2.505	0.632898	1.47428	1.08853	0.442643	-1.1109
2.51	0.630569	1.4787	1.08631	0.450109	-1.10742
2.515	0.628231	1.48312	1.08406	0.457585	-1.10391
2.52	0.625882	1.48754	1.08177	0.465071	-1.10037
2.525	0.623523	1.49195	1.07945	0.472567	-1.0968
2.53	0.621153	1.49635	1.07709	0.480074	-1.0932
2.535	0.618773	1.50075	1.07469	0.48759	-1.08957
2.54	0.616382	1.50514	1.07225	0.495117	-1.08592
2.545	0.613981	1.50952	1.06977	0.502653	-1.08224
2.55	0.611568	1.5139	1.06726	0.5102	-1.07852
2.555	0.609144	1.51828	1.06471	0.517756	-1.07478
2.56	0.606709	1.52264	1.06212	0.525323	-1.07101
2.565	0.604263	1.527	1.05949	0.532899	-1.06721
2.57	0.601805	1.53136	1.05683	0.540486	-1.06338
2.575	0.599335	1.5357	1.05412	0.548083	-1.05953
2.58	0.596853	1.54004	1.05138	0.555691	-1.05565
2.585	0.594359	1.54438	1.04861	0.563308	-1.05173
2.59	0.591853	1.5487	1.04579	0.570936	-1.04779
2.595	0.589334	1.55302	1.04293	0.578574	-1.04382
2.6	0.586803	1.55734	1.04004	0.586223	-1.03983
2.605	0.58426	1.56164	1.03711	0.593882	-1.0358
2.61	0.581704	1.56594	1.03414	0.601551	-1.03175
2.615	0.579134	1.57023	1.03113	0.609232	-1.02767
2.62	0.576552	1.57451	1.02809	0.616923	-1.02356
2.625	0.573957	1.57878	1.025	0.624625	-1.01943
2.63	0.571348	1.58305	1.02188	0.632339	-1.01526
2.635	0.568725	1.58731	1.01872	0.640063	-1.01107
2.64	0.56609	1.59155	1.01552	0.647799	-1.00685
2.645	0.56344	1.59579	1.01228	0.655546	-1.0026
2.65	0.560776	1.60003	1.009	0.663304	-0.99833
2.655	0.558099	1.60425	1.00568	0.671074	-0.994028
2.66	0.555407	1.60846	1.00233	0.678857	-0.989698
2.665	0.552701	1.61267	0.998935	0.686651	-0.98534
2.67	0.549981	1.61686	0.995502	0.694457	-0.980955
2.675	0.547246	1.62105	0.992029	0.702276	-0.976542
2.68	0.544496	1.62522	0.988518	0.710107	-0.972102
2.685	0.541732	1.62939	0.984967	0.717951	-0.967634
2.69	0.538952	1.63355	0.981378	0.725809	-0.963139
2.695	0.536158	1.63769	0.977749	0.733679	-0.958616
2.7	0.533348	1.64183	0.97408	0.741563	-0.954066
2.705	0.530523	1.64595	0.970372	0.74946	-0.949488
2.71	0.527683	1.65007	0.966625	0.757372	-0.944883
2.715	0.524827	1.65417	0.962838	0.765298	-0.940251
2.72	0.521955	1.65827	0.959012	0.773238	-0.935591
2.725	0.519068	1.66235	0.955146	0.781193	-0.930903
2.73	0.516164	1.66642	0.95124	0.789163	-0.926188
2.735	0.513245	1.67048	0.947294	0.797149	-0.921446
2.74	0.510309	1.67453	0.943308	0.80515	-0.916675
2.745	0.507358	1.67856	0.939282	0.813168	-0.911878
2.75	0.504389	1.68258	0.935217	0.821201	-0.907053
2.755	0.501405	1.6866	0.931111	0.829252	-0.9022
2.76	0.498403	1.6906	0.926964	0.83732	-0.89732
2.765	0.495385	1.69458	0.922778	0.845405	-0.892412
2.77	0.49235	1.69856	0.918551	0.853508	-0.887476
2.775	0.489299	1.70252	0.914283	0.86163	-0.882513
2.78	0.48623	1.70646	0.909975	0.86977	-0.877521
2.785	0.483144	1.7104	0.905626	0.877929	-0.872503
2.79	0.480041	1.71432	0.901236	0.886109	-0.867456
2.795	0.47692	1.71822	0.896806	0.894308	-0.862381
2.8	0.473782	1.72212	0.892334	0.902528	-0.857279
2.805	0.470627	1.726	0.887822	0.910769	-0.852148
2.81	0.467453	1.72986	0.883268	0.919032	-0.84699
2.815	0.464263	1.73371	0.878673	0.927317	-0.841803
2.82	0.461054	1.73754	0.874036	0.935625	-0.836589
2.825	0.457827	1.74136	0.869358	0.943956	-0.831346
2.83	0.454583	1.74517	0.864638	0.952311	-0.826074
2.835	0.45132	1.74896	0.859877	0.960691	-0.820775
2.84	0.448039	1.75273	0.855073	0.969097	-0.815447
2.845	0.44474	1.75649	0.850228	0.977528	-0.81009
2.85	0.441423	1.76023	0.84534	0.985986	-0.804705
2.855	0.438087	1.76395	0.84041	0.994471	-0.799291
2.86	0.434733	1.76766	0.835438	1.00298	-0.793848
2.865	0.43136	1.77135	0.830423	1.01153	-0.788377
2.87	0.427968	1.77503	0.825365	1.0201	-0.782876
2.875	0.424558	1.77868	0.820265	1.0287	-0.777347
2.88	0.421129	1.78232	0.815121	1.03734	-0.771788
2.885	0.417682	1.78594	0.809935	1.046	-0.7662
2.89	0.414215	1.78955	0.804705	1.0547	-0.760582
2.895	0.410729	1.79313	0.799431	1.06344	-0.754935
2.9	0.407225	1.7967	0.794114	1.0722	-0.749258
2.905	0.403701	1.80024	0.788753	1.08101	-0.743551
2.91	0.400158	1.80377	0.783348	1.08985	-0.737815
2.915	0.396597	1.80728	0.777899	1.09873	-0.732048
2.92	0.393015	1.81077	0.772405	1.10765	-0.726252
2.925	0.389415	1.81424	0.766867	1.11662	-0.720424
2.93	0.385795	1.81769	0.761284	1.12562	-0.714567
2.935	0.382156	1.82112	0.755655	1.13466	-0.708678
2.94	0.378498	1.82453	0.749982	1.14376	-0.702759
2.945	0.37482	1.82791	0.744263	1.15289	-0.696809
2.95	0.371122	1.83128	0.738499	1.16208	-0.690827
2.955	0.367405	1.83462	0.732688	1.17131	-0.684815
2.96	0.363669	1.83795	0.726832	1.18059	-0.67877
2.965	0.359913	1.84125	0.720929	1.18993	-0.672694
2.97	0.356137	1.84452	0.714979	1.19932	-0.666586
2.975	0.352342	1.84778	0.708983	1.20877	-0.660446
2.98	0.348528	1.85101	0.702939	1.21827	-0.654274
2.985	0.344693	1.85422	0.696848	1.22783	-0.648069
2.99	0.340839	1.85741	0.690708	1.23745	-0.641831
2.995	0.336966	1.86057	0.684521	1.24714	-0.63556
3	0.333072	1.8637	0.678285	1.25689	-0.629256
3.005	0.329159	1.86682	0.672001	1.26671	-0.622918
3.01	0.325227	1.86991	0.665667	1.2766	-0.616547
3.015	0.321275	1.87297	0.659284	1.28657	-0.610141
3.02	0.317303	1.87601	0.652852	1.2966	-0.603701
3.025	0.313312	1.87902	0.646368	1.30672	-0.597227
3.03	0.309301	1.882	0.639835	1.31692	-0.590718
3.035	0.30527	1.88496	0.63325	1.3272	-0.584173
3.04	0.30122	1.88789	0.626614	1.33757	-0.577593
3.045	0.29715	1.8908	0.619926	1.34802	-0.570978
3.05	0.293061	1.89368	0.613186	1.35857	-0.564326
3.055	0.288953	1.89653	0.606393	1.36922	-0.557637
3.06	0.284825	1.89935	0.599547	1.37997	-0.550912
3.065	0.280678	1.90214	0.592648	1.39082	-0.54415
3.07	0.276511	1.9049	0.585693	1.40179	-0.53735
3.075	0.272325	1.90764	0.578684	1.41286	-0.530512
3.08	0.26812	1.91034	0.57162	1.42406	-0.523636
3.085	0.263896	1.91302	0.5645	1.43538	-0.516721
3.09	0.259652	1.91566	0.557323	1.44682	-0.509767
3.095	0.25539	1.91828	0.550089	1.4584	-0.502773
3.1	0.251108	1.92086	0.542797	1.47012	-0.495739
3.105	0.246808	1.92341	0.535446	1.48199	-0.488665
3.11	0.242489	1.92593	0.528036	1.49401	-0.481549
3.115	0.238152	1.92842	0.520566	1.50618	-0.474392
3.12	0.233795	1.93087	0.513035	1.51853	-0.467193
3.125	0.22942	1.93329	0.505443	1.53104	-0.459952
3.13	0.225027	1.93568	0.497787	1.54375	-0.452667
3.135	0.220616	1.93803	0.490069	1.55664	-0.445338
3.14	0.216186	1.94035	0.482286	1.56974	-0.437966
3.145	0.211738	1.94264	0.474437	1.58304	-0.430548
3.15	0.207273	1.94488	0.466522	1.59657	-0.423084
3.155	0.202789	1.9471	0.458539	1.61034	-0.415575
3.16	0.198288	1.94927	0.450487	1.62435	-0.408018
3.165	0.193769	1.95141	0.442365	1.63863	-0.400414
3.17	0.189233	1.95352	0.434172	1.65318	-0.392762
3.175	0.18468	1.95558	0.425906	1.66802	-0.38506
3.18	0.180109	1.95761	0.417566	1.68318	-0.377309
3.185	0.175522	1.9596	0.40915	1.69866	-0.369507
3.19	0.170918	1.96155	0.400657	1.7145	-0.361654
3.195	0.166298	1.96346	0.392084	1.73071	-0.353749
3.2	0.161661	1.96533	0.383431	1.74731	-0.345791
3.205	0.157008	1.96716	0.374694	1.76434	-0.337779
3.21	0.152338	1.96895	0.365873	1.78183	-0.329712
3.215	0.147654	1.9707	0.356964	1.7998	-0.32159
3.22	0.142953	1.9724	0.347965	1.81831	-0.313412
3.225	0.138238	1.97406	0.338873	1.83738	-0.305177
3.23	0.133507	1.97568	0.329686	1.85706	-0.296885
3.235	0.128761	1.97726	0.320401	1.87742	-0.288534
3.24	0.124001	1.97879	0.311014	1.8985	-0.280125
3.245	0.119227	1.98027	0.301521	1.92037	-0.271657
3.25	0.114438	1.98171	0.291919	1.94312	-0.26313
3.255	0.109636	1.9831	0.282204	1.96682	-0.254543
3.26	0.10482	1.98445	0.27237	1.99159	-0.245898
3.265	0.0999916	1.98575	0.262412	2.01754	-0.237196
3.27	0.09515	1.98699	0.252324	2.04482	-0.228437
3.275	0.0902958	1.98819	0.2421	2.07359	-0.219625
3.28	0.0854294	1.98934	0.231732	2.10406	-0.210764
3.285	0.0805513	1.99044	0.221212	2.13648	-0.201858
3.29	0.0756617	1.99148	0.210529	2.17116	-0.192916
3.295	0.070761	1.99248	0.199673	2.20847	-0.183949
3.3	0.0658497	1.99341	0.188631	2.24891	-0.174972
3.305	0.0609282	1.9943	0.177387	2.29314	-0.166009
3.31	0.0559968	1.99512	0.165921	2.342	-0.157093
3.315	0.0510562	1.99589	0.154211	2.3967	-0.148271
3.32	0.0461067	1.9966	0.142227	2.45894	-0.139617
3.325	0.0411488	1.99725	0.129933	2.53124	-0.131245
3.33	0.0361831	1.99783	0.117276	2.61757	-0.123337
3.335	0.0312103	1.99835	0.104189	2.72457	-0.116202
3.34	0.0262307	1.9988	0.0905658	2.86424	-0.110396
3.345	0.0212453	1.99918	0.0762446	3.0608	-0.10702
3.35	0.0162546	1.99949	0.0609406	3.37085	-0.108543
3.355	0.0112594	1.99971	0.0440864	3.95887	-0.12183
3.36	0.00626089	1.99983	0.024292	5.50917	-0.175455
3.365	0.00126092	1.99981	-0.00325381	14.0428	-0.640096
