descriptor s_test R_test Z_test
0	2.12073	9.99999e-006	0.002	-0.402297	-0.00161983
0.005	2.11573	3.00574e-005	0.00401148	-0.404594	-0.00325951
0.01	2.11073	6.02294e-005	0.00603445	-0.406892	-0.0049191
0.015	2.10573	0.000100574	0.00806891	-0.40919	-0.00659861
0.02	2.10073	0.000151147	0.0101149	-0.411489	-0.00829808
0.025	2.09573	0.000212007	0.0121723	-0.413788	-0.0100176
0.03	2.09073	0.000283211	0.0142412	-0.416089	-0.0117571
0.035	2.08573	0.000364816	0.0163217	-0.41839	-0.0135166
0.04	2.08073	0.000456879	0.0184136	-0.420691	-0.0152963
0.045	2.07573	0.000559457	0.0205171	-0.422994	-0.017096
0.05	2.07074	0.000672608	0.0226321	-0.425297	-0.018916
0.055	2.06574	0.000796388	0.0247586	-0.427602	-0.0207561
0.06	2.06074	0.000930854	0.0268966	-0.429907	-0.0226164
0.065	2.05574	0.00107606	0.0290461	-0.432213	-0.024497
0.07	2.05074	0.00123207	0.0312072	-0.434519	-0.0263978
0.075	2.04575	0.00139894	0.0333798	-0.436827	-0.0283189
0.08	2.04075	0.00157672	0.0355639	-0.439136	-0.0302604
0.085	2.03575	0.00176548	0.0377596	-0.441446	-0.0322222
0.09	2.03076	0.00196526	0.0399668	-0.443757	-0.0342044
0.095	2.02576	0.00217612	0.0421856	-0.446069	-0.036207
0.1	2.02077	0.00239813	0.0444159	-0.448382	-0.0382301
0.105	2.01577	0.00263133	0.0466578	-0.450696	-0.0402736
0.11	2.01078	0.00287579	0.0489113	-0.453012	-0.0423376
0.115	2.00578	0.00313156	0.0511764	-0.455329	-0.0444221
0.12	2.00079	0.0033987	0.053453	-0.457647	-0.0465271
0.125	1.9958	0.00367726	0.0557413	-0.459966	-0.0486527
0.13	1.99081	0.00396731	0.0580411	-0.462286	-0.0507989
0.135	1.98582	0.00426889	0.0603525	-0.464608	-0.0529656
0.14	1.98083	0.00458206	0.0626756	-0.466931	-0.055153
0.145	1.97584	0.00490688	0.0650102	-0.469256	-0.0573611
0.15	1.97085	0.00524341	0.0673565	-0.471582	-0.0595898
0.155	1.96586	0.0055917	0.0697144	-0.473909	-0.0618391
0.16	1.96087	0.00595181	0.0720839	-0.476238	-0.0641092
0.165	1.95589	0.00632379	0.0744651	-0.478568	-0.0664
0.17	1.9509	0.0067077	0.076858	-0.4809	-0.0687116
0.175	1.94592	0.0071036	0.0792625	-0.483234	-0.0710439
0.18	1.94093	0.00751154	0.0816786	-0.485569	-0.073397
0.185	1.93595	0.00793157	0.0841065	-0.487905	-0.0757709
0.19	1.93097	0.00836376	0.086546	-0.490244	-0.0781656
0.195	1.92599	0.00880816	0.0889972	-0.492584	-0.0805811
0.2	1.92101	0.00926483	0.0914602	-0.494925	-0.0830175
0.205	1.91603	0.00973381	0.0939348	-0.497269	-0.0854747
0.21	1.91106	0.0102152	0.0964211	-0.499614	-0.0879528
0.215	1.90608	0.010709	0.0989192	-0.501961	-0.0904518
0.22	1.90111	0.0112152	0.101429	-0.504309	-0.0929717
0.225	1.89613	0.0117341	0.103951	-0.50666	-0.0955125
0.23	1.89116	0.0122655	0.106484	-0.509012	-0.0980742
0.235	1.88619	0.0128095	0.109029	-0.511366	-0.100657
0.24	1.88122	0.0133663	0.111586	-0.513723	-0.10326
0.245	1.87626	0.0139358	0.114154	-0.516081	-0.105885
0.25	1.87129	0.0145182	0.116735	-0.518441	-0.108531
0.255	1.86632	0.0151134	0.119327	-0.520802	-0.111197
0.26	1.86136	0.0157215	0.121931	-0.523166	-0.113884
0.265	1.8564	0.0163427	0.124547	-0.525532	-0.116593
0.27	1.85144	0.0169768	0.127174	-0.5279	-0.119322
0.275	1.84648	0.0176241	0.129814	-0.53027	-0.122073
0.28	1.84153	0.0182845	0.132465	-0.532642	-0.124844
0.285	1.83657	0.0189581	0.135129	-0.535016	-0.127637
0.29	1.83162	0.0196449	0.137804	-0.537393	-0.13045
0.295	1.82667	0.020345	0.140491	-0.539771	-0.133285
0.3	1.82172	0.0210585	0.143189	-0.542152	-0.13614
0.305	1.81677	0.0217855	0.1459	-0.544534	-0.139017
0.31	1.81183	0.0225258	0.148623	-0.546919	-0.141914
0.315	1.80689	0.0232797	0.151357	-0.549306	-0.144833
0.32	1.80195	0.0240472	0.154104	-0.551696	-0.147773
0.325	1.79701	0.0248283	0.156862	-0.554087	-0.150733
0.33	1.79207	0.0256231	0.159633	-0.556481	-0.153715
0.335	1.78714	0.0264316	0.162415	-0.558877	-0.156718
0.34	1.7822	0.0272539	0.16521	-0.561275	-0.159742
0.345	1.77727	0.02809	0.168016	-0.563676	-0.162786
0.35	1.77235	0.0289401	0.170834	-0.566079	-0.165852
0.355	1.76742	0.029804	0.173665	-0.568484	-0.168939
0.36	1.7625	0.030682	0.176507	-0.570892	-0.172047
0.365	1.75758	0.031574	0.179362	-0.573302	-0.175175
0.37	1.75266	0.0324801	0.182228	-0.575714	-0.178325
0.375	1.74775	0.0334004	0.185107	-0.578129	-0.181496
0.38	1.74284	0.0343348	0.187997	-0.580546	-0.184687
0.385	1.73793	0.0352835	0.1909	-0.582966	-0.1879
0.39	1.73302	0.0362466	0.193815	-0.585387	-0.191134
0.395	1.72812	0.0372239	0.196742	-0.587812	-0.194388
0.4	1.72322	0.0382157	0.199681	-0.590238	-0.197664
0.405	1.71832	0.039222	0.202632	-0.592667	-0.20096
0.41	1.71342	0.0402427	0.205596	-0.595099	-0.204277
0.415	1.70853	0.041278	0.208571	-0.597533	-0.207615
0.42	1.70364	0.0423279	0.211559	-0.599969	-0.210974
0.425	1.69876	0.0433925	0.214559	-0.602408	-0.214354
0.43	1.69388	0.0444718	0.217571	-0.604849	-0.217755
0.435	1.689	0.0455659	0.220595	-0.607292	-0.221176
0.44	1.68412	0.0466747	0.223631	-0.609738	-0.224619
0.445	1.67925	0.0477984	0.22668	-0.612186	-0.228082
0.45	1.67438	0.0489371	0.229741	-0.614637	-0.231565
0.455	1.66952	0.0500906	0.232814	-0.61709	-0.23507
0.46	1.66466	0.0512592	0.2359	-0.619546	-0.238595
0.465	1.6598	0.0524429	0.238997	-0.622004	-0.242141
0.47	1.65494	0.0536416	0.242107	-0.624464	-0.245707
0.475	1.65009	0.0548555	0.24523	-0.626927	-0.249295
0.48	1.64525	0.0560846	0.248364	-0.629392	-0.252902
0.485	1.6404	0.057329	0.251511	-0.631859	-0.256531
0.49	1.63556	0.0585886	0.25467	-0.634329	-0.260179
0.495	1.63073	0.0598636	0.257842	-0.636801	-0.263849
0.5	1.6259	0.0611539	0.261026	-0.639275	-0.267538
0.505	1.62107	0.0624597	0.264223	-0.641752	-0.271248
0.51	1.61625	0.063781	0.267431	-0.64423	-0.274979
0.515	1.61143	0.0651178	0.270652	-0.646712	-0.27873
0.52	1.60662	0.0664702	0.273886	-0.649195	-0.282501
0.525	1.60181	0.0678382	0.277132	-0.65168	-0.286293
0.53	1.59701	0.0692218	0.28039	-0.654168	-0.290104
0.535	1.5922	0.0706212	0.283661	-0.656658	-0.293936
0.54	1.58741	0.0720363	0.286944	-0.65915	-0.297788
0.545	1.58262	0.0734672	0.29024	-0.661644	-0.301661
0.55	1.57783	0.0749139	0.293548	-0.66414	-0.305553
0.555	1.57305	0.0763766	0.296869	-0.666638	-0.309465
0.56	1.56827	0.0778552	0.300202	-0.669137	-0.313397
0.565	1.5635	0.0793497	0.303548	-0.671639	-0.317349
0.57	1.55874	0.0808602	0.306906	-0.674143	-0.321321
0.575	1.55398	0.0823869	0.310277	-0.676649	-0.325313
0.58	1.54922	0.0839296	0.31366	-0.679156	-0.329325
0.585	1.54447	0.0854884	0.317056	-0.681666	-0.333356
0.59	1.53972	0.0870635	0.320464	-0.684177	-0.337407
0.595	1.53498	0.0886547	0.323885	-0.686689	-0.341477
0.6	1.53025	0.0902622	0.327319	-0.689203	-0.345567
0.605	1.52552	0.0918861	0.330765	-0.691719	-0.349677
0.61	1.5208	0.0935263	0.334223	-0.694236	-0.353806
0.615	1.51608	0.0951828	0.337694	-0.696755	-0.357954
0.62	1.51137	0.0968558	0.341178	-0.699275	-0.362121
0.625	1.50666	0.0985453	0.344675	-0.701797	-0.366308
0.63	1.50196	0.100251	0.348184	-0.70432	-0.370514
0.635	1.49727	0.101974	0.351705	-0.706843	-0.374739
0.64	1.49258	0.103713	0.355239	-0.709368	-0.378982
0.645	1.4879	0.105468	0.358786	-0.711894	-0.383245
0.65	1.48322	0.107241	0.362346	-0.714422	-0.387526
0.655	1.47855	0.10903	0.365918	-0.716949	-0.391827
0.66	1.47389	0.110836	0.369503	-0.719478	-0.396146
0.665	1.46923	0.112658	0.3731	-0.722008	-0.400483
0.67	1.46459	0.114497	0.37671	-0.724538	-0.404839
0.675	1.45994	0.116354	0.380333	-0.727068	-0.409213
0.68	1.45531	0.118227	0.383968	-0.729599	-0.413606
0.685	1.45068	0.120117	0.387616	-0.732131	-0.418017
0.69	1.44606	0.122023	0.391277	-0.734663	-0.422446
0.695	1.44144	0.123947	0.39495	-0.737194	-0.426893
0.7	1.43683	0.125888	0.398636	-0.739726	-0.431358
0.705	1.43223	0.127846	0.402335	-0.742258	-0.43584
0.71	1.42764	0.129821	0.406046	-0.74479	-0.440341
0.715	1.42305	0.131813	0.40977	-0.747321	-0.444859
0.72	1.41847	0.133822	0.413506	-0.749852	-0.449395
0.725	1.4139	0.135848	0.417256	-0.752383	-0.453948
0.73	1.40934	0.137892	0.421018	-0.754913	-0.458518
0.735	1.40478	0.139952	0.424792	-0.757442	-0.463105
0.74	1.40024	0.14203	0.428579	-0.75997	-0.46771
0.745	1.3957	0.144125	0.432379	-0.762497	-0.472331
0.75	1.39116	0.146238	0.436192	-0.765023	-0.47697
0.755	1.38664	0.148367	0.440017	-0.767548	-0.481625
0.76	1.38213	0.150515	0.443855	-0.770071	-0.486296
0.765	1.37762	0.152679	0.447705	-0.772592	-0.490984
0.77	1.37312	0.154861	0.451568	-0.775112	-0.495688
0.775	1.36863	0.15706	0.455443	-0.77763	-0.500409
0.78	1.36415	0.159277	0.459332	-0.780146	-0.505145
0.785	1.35967	0.161511	0.463232	-0.782659	-0.509898
0.79	1.35521	0.163763	0.467146	-0.78517	-0.514666
0.795	1.35075	0.166032	0.471071	-0.787678	-0.51945
0.8	1.34631	0.168319	0.47501	-0.790184	-0.524249
0.805	1.34187	0.170623	0.478961	-0.792687	-0.529063
0.81	1.33744	0.172945	0.482924	-0.795186	-0.533893
0.815	1.33302	0.175284	0.4869	-0.797682	-0.538737
0.82	1.32861	0.177641	0.490889	-0.800174	-0.543597
0.825	1.32421	0.180016	0.494889	-0.802663	-0.548471
0.83	1.31982	0.182408	0.498903	-0.805148	-0.553359
0.835	1.31544	0.184818	0.502928	-0.807628	-0.558262
0.84	1.31107	0.187246	0.506967	-0.810104	-0.563179
0.845	1.30671	0.189691	0.511017	-0.812576	-0.56811
0.85	1.30236	0.192154	0.51508	-0.815042	-0.573055
0.855	1.29802	0.194635	0.519155	-0.817504	-0.578013
0.86	1.29369	0.197134	0.523243	-0.81996	-0.582985
0.865	1.28937	0.19965	0.527343	-0.822411	-0.58797
0.87	1.28506	0.202184	0.531455	-0.824855	-0.592968
0.875	1.28076	0.204735	0.535579	-0.827294	-0.597979
0.88	1.27647	0.207305	0.539715	-0.829726	-0.603002
0.885	1.27219	0.209892	0.543864	-0.832152	-0.608038
0.89	1.26792	0.212497	0.548025	-0.83457	-0.613087
0.895	1.26366	0.21512	0.552198	-0.836982	-0.618147
0.9	1.25942	0.217761	0.556382	-0.839386	-0.623219
0.905	1.25518	0.220419	0.560579	-0.841783	-0.628302
0.91	1.25096	0.223095	0.564788	-0.844171	-0.633397
0.915	1.24675	0.225789	0.569009	-0.846551	-0.638503
0.92	1.24255	0.228501	0.573242	-0.848922	-0.64362
0.925	1.23836	0.23123	0.577487	-0.851285	-0.648747
0.93	1.23418	0.233978	0.581743	-0.853638	-0.653885
0.935	1.23001	0.236743	0.586011	-0.855981	-0.659033
0.94	1.22586	0.239526	0.590291	-0.858315	-0.664191
0.945	1.22172	0.242327	0.594583	-0.860638	-0.669359
0.95	1.21759	0.245146	0.598886	-0.862951	-0.674536
0.955	1.21347	0.247982	0.603201	-0.865253	-0.679723
0.96	1.20936	0.250836	0.607527	-0.867543	-0.684918
0.965	1.20527	0.253708	0.611865	-0.869822	-0.690122
0.97	1.20119	0.256598	0.616214	-0.872088	-0.695334
0.975	1.19712	0.259505	0.620574	-0.874343	-0.700554
0.98	1.19307	0.262431	0.624946	-0.876584	-0.705782
0.985	1.18903	0.265374	0.629329	-0.878812	-0.711017
0.99	1.185	0.268334	0.633723	-0.881027	-0.71626
0.995	1.18098	0.271313	0.638128	-0.883227	-0.72151
1	1.17698	0.274309	0.642544	-0.885414	-0.726766
1.005	1.17299	0.277323	0.646971	-0.887585	-0.732029
1.01	1.16901	0.280354	0.651409	-0.889741	-0.737297
1.015	1.16505	0.283404	0.655858	-0.891881	-0.742572
1.02	1.1611	0.28647	0.660317	-0.894006	-0.747851
1.025	1.15717	0.289555	0.664787	-0.896113	-0.753136
1.03	1.15324	0.292657	0.669268	-0.898204	-0.758426
1.035	1.14934	0.295777	0.673759	-0.900277	-0.76372
1.04	1.14544	0.298914	0.67826	-0.902332	-0.769017
1.045	1.14156	0.302069	0.682772	-0.904369	-0.774319
1.05	1.1377	0.305241	0.687294	-0.906387	-0.779624
1.055	1.13385	0.308431	0.691826	-0.908385	-0.784932
1.06	1.13001	0.311638	0.696368	-0.910364	-0.790243
1.065	1.12619	0.314862	0.700919	-0.912322	-0.795556
1.07	1.12239	0.318104	0.705481	-0.914259	-0.800871
1.075	1.11859	0.321364	0.710052	-0.916175	-0.806188
1.08	1.11482	0.32464	0.714633	-0.918069	-0.811506
1.085	1.11106	0.327934	0.719224	-0.919941	-0.816824
1.09	1.10731	0.331246	0.723823	-0.921789	-0.822144
1.095	1.10358	0.334574	0.728432	-0.923615	-0.827463
1.1	1.09986	0.33792	0.73305	-0.925415	-0.832782
1.105	1.09616	0.341283	0.737677	-0.927192	-0.8381
1.11	1.09248	0.344663	0.742313	-0.928943	-0.843417
1.115	1.08881	0.34806	0.746958	-0.930668	-0.848732
1.12	1.08516	0.351474	0.751611	-0.932367	-0.854045
1.125	1.08152	0.354905	0.756273	-0.934039	-0.859356
1.13	1.0779	0.358353	0.760943	-0.935684	-0.864665
1.135	1.07429	0.361818	0.765622	-0.937301	-0.86997
1.14	1.07071	0.3653	0.770308	-0.938889	-0.875271
1.145	1.06713	0.368798	0.775003	-0.940447	-0.880568
1.15	1.06358	0.372314	0.779705	-0.941976	-0.885861
1.155	1.06004	0.375846	0.784415	-0.943474	-0.891149
1.16	1.05652	0.379394	0.789132	-0.944941	-0.896431
1.165	1.05301	0.38296	0.793857	-0.946376	-0.901708
1.17	1.04952	0.386541	0.798589	-0.947779	-0.906978
1.175	1.04605	0.39014	0.803328	-0.949148	-0.912241
1.18	1.0426	0.393755	0.808073	-0.950484	-0.917497
1.185	1.03916	0.397386	0.812826	-0.951786	-0.922745
1.19	1.03574	0.401033	0.817585	-0.953053	-0.927985
1.195	1.03234	0.404697	0.82235	-0.954284	-0.933217
1.2	1.02895	0.408377	0.827121	-0.955479	-0.938439
1.205	1.02558	0.412073	0.831899	-0.956636	-0.943651
1.21	1.02223	0.415785	0.836682	-0.957756	-0.948853
1.215	1.0189	0.419513	0.841471	-0.958838	-0.954045
1.22	1.01559	0.423257	0.846265	-0.959881	-0.959225
1.225	1.01229	0.427017	0.851064	-0.960884	-0.964394
1.23	1.00901	0.430793	0.855869	-0.961846	-0.96955
1.235	1.00576	0.434584	0.860678	-0.962768	-0.974694
1.24	1.00251	0.438391	0.865492	-0.963648	-0.979824
1.245	0.999291	0.442214	0.87031	-0.964485	-0.984941
1.25	0.996087	0.446052	0.875133	-0.965279	-0.990044
1.255	0.992901	0.449906	0.879959	-0.966029	-0.995131
1.26	0.989733	0.453775	0.884789	-0.966735	-1.0002
1.265	0.986585	0.457659	0.889623	-0.967395	-1.00526
1.27	0.983455	0.461558	0.89446	-0.96801	-1.0103
1.275	0.980344	0.465473	0.8993	-0.968577	-1.01532
1.28	0.977253	0.469402	0.904143	-0.969098	-1.02033
1.285	0.97418	0.473347	0.908988	-0.96957	-1.02532
1.29	0.971126	0.477306	0.913836	-0.969993	-1.03029
1.295	0.968092	0.48128	0.918686	-0.970367	-1.03523
1.3	0.965077	0.485269	0.923538	-0.970691	-1.04017
1.305	0.962081	0.489272	0.928391	-0.970964	-1.04507
1.31	0.959105	0.49329	0.933246	-0.971185	-1.04996
1.315	0.956149	0.497322	0.938102	-0.971354	-1.05483
1.32	0.953212	0.501368	0.942959	-0.97147	-1.05968
1.325	0.950294	0.505429	0.947816	-0.971532	-1.0645
1.33	0.947397	0.509504	0.952674	-0.971539	-1.0693
1.335	0.944519	0.513593	0.957532	-0.971492	-1.07408
1.34	0.941661	0.517695	0.962389	-0.971389	-1.07883
1.345	0.938824	0.521812	0.967246	-0.971229	-1.08356
1.35	0.936006	0.525942	0.972102	-0.971012	-1.08826
1.355	0.933208	0.530086	0.976957	-0.970737	-1.09294
1.36	0.93043	0.534244	0.981811	-0.970404	-1.09759
1.365	0.927673	0.538415	0.986663	-0.970012	-1.10221
1.37	0.924936	0.542599	0.991513	-0.969559	-1.10681
1.375	0.922219	0.546797	0.996361	-0.969046	-1.11137
1.38	0.919523	0.551007	1.00121	-0.968473	-1.11591
1.385	0.916847	0.555231	1.00605	-0.967837	-1.12042
1.39	0.914191	0.559467	1.01089	-0.967139	-1.1249
1.395	0.911556	0.563717	1.01572	-0.966378	-1.12935
1.4	0.908942	0.567979	1.02056	-0.965553	-1.13377
1.405	0.906348	0.572253	1.02538	-0.964664	-1.13816
1.41	0.903774	0.57654	1.03021	-0.96371	-1.14251
1.415	0.901222	0.58084	1.03502	-0.96269	-1.14683
1.42	0.89869	0.585151	1.03984	-0.961605	-1.15112
1.425	0.896179	0.589475	1.04465	-0.960453	-1.15538
1.43	0.893689	0.593811	1.04945	-0.959234	-1.1596
1.435	0.891219	0.598158	1.05424	-0.957947	-1.16378
1.44	0.888771	0.602518	1.05903	-0.956592	-1.16793
1.445	0.886343	0.606889	1.06382	-0.955168	-1.17205
1.45	0.883936	0.611272	1.06859	-0.953675	-1.17613
1.455	0.881551	0.615666	1.07336	-0.952112	-1.18017
1.46	0.879186	0.620071	1.07812	-0.950479	-1.18417
1.465	0.876842	0.624487	1.08287	-0.948775	-1.18814
1.47	0.874519	0.628915	1.08762	-0.947001	-1.19207
1.475	0.872217	0.633354	1.09235	-0.945154	-1.19596
1.48	0.869936	0.637803	1.09708	-0.943236	-1.1998
1.485	0.867676	0.642263	1.1018	-0.941245	-1.20361
1.49	0.865437	0.646734	1.1065	-0.939181	-1.20738
1.495	0.863219	0.651215	1.1112	-0.937044	-1.21111
1.5	0.861022	0.655707	1.11588	-0.934834	-1.21479
1.505	0.858846	0.660208	1.12056	-0.932549	-1.21844
1.51	0.856691	0.66472	1.12522	-0.930191	-1.22204
1.515	0.854557	0.669242	1.12987	-0.927757	-1.2256
1.52	0.852444	0.673773	1.13451	-0.92525	-1.22911
1.525	0.850352	0.678315	1.13914	-0.922667	-1.23258
1.53	0.848282	0.682866	1.14375	-0.920008	-1.23601
1.535	0.846232	0.687426	1.14835	-0.917274	-1.23939
1.54	0.844203	0.691996	1.15294	-0.914465	-1.24273
1.545	0.842194	0.696575	1.15751	-0.911579	-1.24602
1.55	0.840207	0.701163	1.16207	-0.908617	-1.24927
1.555	0.838241	0.70576	1.16661	-0.905579	-1.25246
1.56	0.836295	0.710366	1.17114	-0.902465	-1.25562
1.565	0.834371	0.714981	1.17565	-0.899274	-1.25872
1.57	0.832467	0.719604	1.18015	-0.896006	-1.26178
1.575	0.830583	0.724236	1.18463	-0.892662	-1.26479
1.58	0.828721	0.728876	1.18909	-0.889241	-1.26775
1.585	0.826879	0.733525	1.19353	-0.885743	-1.27066
1.59	0.825058	0.738181	1.19796	-0.882168	-1.27353
1.595	0.823257	0.742846	1.20237	-0.878517	-1.27634
1.6	0.821477	0.747518	1.20677	-0.874789	-1.27911
1.605	0.819717	0.752198	1.21114	-0.870984	-1.28182
1.61	0.817978	0.756886	1.2155	-0.867103	-1.28449
1.615	0.816259	0.761581	1.21983	-0.863145	-1.2871
1.62	0.81456	0.766283	1.22415	-0.859111	-1.28966
1.625	0.812881	0.770993	1.22844	-0.855	-1.29218
1.63	0.811223	0.77571	1.23272	-0.850814	-1.29464
1.635	0.809585	0.780434	1.23697	-0.846551	-1.29705
1.64	0.807966	0.785165	1.2412	-0.842213	-1.29941
1.645	0.806368	0.789903	1.24542	-0.8378	-1.30171
1.65	0.80479	0.794647	1.2496	-0.833312	-1.30397
1.655	0.803231	0.799398	1.25377	-0.828748	-1.30617
1.66	0.801692	0.804155	1.25791	-0.82411	-1.30832
1.665	0.800172	0.808919	1.26204	-0.819398	-1.31041
1.67	0.798673	0.813688	1.26613	-0.814612	-1.31246
1.675	0.797192	0.818464	1.27021	-0.809752	-1.31445
1.68	0.795731	0.823246	1.27425	-0.804819	-1.31638
1.685	0.794289	0.828034	1.27828	-0.799814	-1.31827
1.69	0.792867	0.832827	1.28228	-0.794736	-1.3201
1.695	0.791463	0.837626	1.28625	-0.789587	-1.32187
1.7	0.790078	0.84243	1.2902	-0.784365	-1.3236
1.705	0.788713	0.84724	1.29412	-0.779074	-1.32527
1.71	0.787366	0.852055	1.29802	-0.773711	-1.32688
1.715	0.786037	0.856876	1.30188	-0.768279	-1.32844
1.72	0.784727	0.861701	1.30573	-0.762778	-1.32995
1.725	0.783436	0.866531	1.30954	-0.757207	-1.33141
1.73	0.782163	0.871367	1.31333	-0.751569	-1.33281
1.735	0.780908	0.876206	1.31708	-0.745863	-1.33415
1.74	0.779671	0.881051	1.32081	-0.74009	-1.33544
1.745	0.778452	0.8859	1.32451	-0.734251	-1.33668
1.75	0.77725	0.890754	1.32818	-0.728347	-1.33787
1.755	0.776067	0.895612	1.33183	-0.722377	-1.339
1.76	0.774901	0.900474	1.33544	-0.716343	-1.34008
1.765	0.773752	0.90534	1.33902	-0.710246	-1.3411
1.77	0.772621	0.91021	1.34257	-0.704086	-1.34207
1.775	0.771507	0.915085	1.34609	-0.697863	-1.34299
1.78	0.77041	0.919963	1.34958	-0.69158	-1.34385
1.785	0.76933	0.924845	1.35304	-0.685236	-1.34466
1.79	0.768266	0.92973	1.35647	-0.678832	-1.34541
1.795	0.767219	0.93462	1.35986	-0.672369	-1.34612
1.8	0.766189	0.939512	1.36322	-0.665848	-1.34677
1.805	0.765175	0.944408	1.36655	-0.65927	-1.34736
1.81	0.764177	0.949308	1.36985	-0.652635	-1.34791
1.815	0.763195	0.95421	1.37311	-0.645945	-1.3484
1.82	0.762229	0.959116	1.37634	-0.639199	-1.34884
1.825	0.761278	0.964025	1.37954	-0.6324	-1.34923
1.83	0.760343	0.968937	1.3827	-0.625548	-1.34957
1.835	0.759424	0.973851	1.38583	-0.618644	-1.34985
1.84	0.758519	0.978769	1.38892	-0.611688	-1.35008
1.845	0.75763	0.983689	1.39198	-0.604682	-1.35026
1.85	0.756755	0.988612	1.395	-0.597627	-1.3504
1.855	0.755896	0.993538	1.39799	-0.590523	-1.35048
1.86	0.755051	0.998466	1.40094	-0.583372	-1.35051
1.865	0.75422	1.0034	1.40386	-0.576174	-1.35049
1.87	0.753403	1.00833	1.40674	-0.56893	-1.35041
1.875	0.752601	1.01326	1.40958	-0.561641	-1.35029
1.88	0.751812	1.0182	1.41239	-0.554309	-1.35013
1.885	0.751037	1.02314	1.41516	-0.546934	-1.34991
1.89	0.750275	1.02808	1.4179	-0.539517	-1.34964
1.895	0.749527	1.03303	1.4206	-0.532059	-1.34932
1.9	0.748792	1.03797	1.42326	-0.524561	-1.34896
1.905	0.74807	1.04292	1.42588	-0.517024	-1.34855
1.91	0.747361	1.04787	1.42846	-0.509449	-1.34809
1.915	0.746664	1.05282	1.43101	-0.501836	-1.34759
1.92	0.74598	1.05777	1.43352	-0.494188	-1.34703
1.925	0.745308	1.06273	1.43599	-0.486505	-1.34644
1.93	0.744648	1.06768	1.43842	-0.478787	-1.34579
1.935	0.744	1.07264	1.44082	-0.471037	-1.3451
1.94	0.743364	1.0776	1.44317	-0.463254	-1.34437
1.945	0.742739	1.08256	1.44549	-0.45544	-1.34359
1.95	0.742125	1.08752	1.44777	-0.447595	-1.34276
1.955	0.741523	1.09249	1.45	-0.439721	-1.34189
1.96	0.740931	1.09745	1.4522	-0.431819	-1.34098
1.965	0.74035	1.10242	1.45436	-0.42389	-1.34002
1.97	0.73978	1.10739	1.45648	-0.415934	-1.33903
1.975	0.73922	1.11236	1.45856	-0.407953	-1.33798
1.98	0.73867	1.11732	1.4606	-0.399947	-1.3369
1.985	0.73813	1.1223	1.4626	-0.391917	-1.33578
1.99	0.7376	1.12727	1.46456	-0.383865	-1.33461
1.995	0.737079	1.13224	1.46648	-0.375791	-1.3334
2	0.736568	1.13721	1.46836	-0.367696	-1.33216
2.005	0.736066	1.14219	1.4702	-0.359582	-1.33087
2.01	0.735572	1.14716	1.47199	-0.351448	-1.32954
2.015	0.735088	1.15214	1.47375	-0.343296	-1.32818
2.02	0.734612	1.15712	1.47547	-0.335127	-1.32677
2.025	0.734145	1.1621	1.47714	-0.326942	-1.32533
2.03	0.733685	1.16707	1.47878	-0.318742	-1.32385
2.035	0.733234	1.17205	1.48037	-0.310527	-1.32233
2.04	0.73279	1.17703	1.48193	-0.302298	-1.32078
2.045	0.732354	1.18202	1.48344	-0.294057	-1.31919
2.05	0.731925	1.187	1.48491	-0.285803	-1.31756
2.055	0.731503	1.19198	1.48634	-0.277539	-1.3159
2.06	0.731088	1.19696	1.48772	-0.269264	-1.3142
2.065	0.73068	1.20195	1.48907	-0.260979	-1.31247
2.07	0.730278	1.20693	1.49037	-0.252686	-1.3107
2.075	0.729883	1.21191	1.49164	-0.244386	-1.3089
2.08	0.729493	1.2169	1.49286	-0.236078	-1.30707
2.085	0.72911	1.22188	1.49404	-0.227764	-1.3052
2.09	0.728732	1.22687	1.49518	-0.219444	-1.3033
2.095	0.72836	1.23186	1.49628	-0.21112	-1.30137
2.1	0.727993	1.23684	1.49733	-0.202792	-1.29941
2.105	0.727631	1.24183	1.49835	-0.19446	-1.29741
2.11	0.727274	1.24682	1.49932	-0.186126	-1.29539
2.115	0.726922	1.2518	1.50025	-0.17779	-1.29333
2.12	0.726574	1.25679	1.50114	-0.169453	-1.29125
2.125	0.72623	1.26178	1.50199	-0.161116	-1.28914
2.13	0.72589	1.26677	1.50279	-0.152779	-1.28699
2.135	0.725554	1.27176	1.50355	-0.144443	-1.28482
2.14	0.725222	1.27675	1.50428	-0.136109	-1.28262
2.145	0.724893	1.28174	1.50496	-0.127776	-1.28039
2.15	0.724567	1.28672	1.5056	-0.119447	-1.27814
2.155	0.724244	1.29171	1.50619	-0.111122	-1.27586
2.16	0.723924	1.2967	1.50675	-0.1028	-1.27355
2.165	0.723607	1.30169	1.50726	-0.0944834	-1.27122
2.17	0.723292	1.30668	1.50774	-0.086172	-1.26886
2.175	0.722979	1.31167	1.50817	-0.0778666	-1.26647
2.18	0.722668	1.31666	1.50856	-0.0695677	-1.26406
2.185	0.722359	1.32165	1.5089	-0.0612759	-1.26163
2.19	0.722051	1.32665	1.50921	-0.0529917	-1.25917
2.195	0.721744	1.33164	1.50948	-0.0447156	-1.25669
2.2	0.721439	1.33663	1.5097	-0.0364482	-1.25419
2.205	0.721135	1.34162	1.50988	-0.0281901	-1.25166
2.21	0.720831	1.34661	1.51002	-0.0199416	-1.24911
2.215	0.720528	1.3516	1.51012	-0.0117032	-1.24654
2.22	0.720225	1.35659	1.51018	-0.00347559	-1.24395
2.225	0.719922	1.36158	1.5102	0.00474094	-1.24133
2.23	0.719619	1.36657	1.51017	0.0129459	-1.2387
2.235	0.719316	1.37156	1.51011	0.0211388	-1.23604
2.24	0.719012	1.37655	1.51	0.0293193	-1.23337
2.245	0.718708	1.38154	1.50986	0.0374869	-1.23067
2.25	0.718402	1.38653	1.50967	0.0456412	-1.22796
2.255	0.718096	1.39152	1.50944	0.0537818	-1.22523
2.26	0.717788	1.39652	1.50917	0.0619084	-1.22247
2.265	0.717478	1.40151	1.50886	0.0700204	-1.2197
2.27	0.717167	1.4065	1.50851	0.0781177	-1.21691
2.275	0.716854	1.41149	1.50812	0.0861998	-1.21411
2.28	0.716539	1.41648	1.50769	0.0942663	-1.21129
2.285	0.716221	1.42147	1.50722	0.102317	-1.20844
2.29	0.715901	1.42646	1.50671	0.110351	-1.20559
2.295	0.715578	1.43145	1.50616	0.118369	-1.20271
2.3	0.715252	1.43643	1.50556	0.126371	-1.19983
2.305	0.714923	1.44142	1.50493	0.134355	-1.19692
2.31	0.71459	1.44641	1.50426	0.142321	-1.194
2.315	0.714254	1.4514	1.50355	0.15027	-1.19106
2.32	0.713914	1.45639	1.5028	0.158201	-1.18811
2.325	0.713571	1.46138	1.50201	0.166114	-1.18515
2.33	0.713223	1.46637	1.50118	0.174008	-1.18217
2.335	0.712871	1.47135	1.50031	0.181884	-1.17918
2.34	0.712514	1.47634	1.4994	0.189741	-1.17617
2.345	0.712153	1.48133	1.49845	0.197578	-1.17315
2.35	0.711786	1.48631	1.49746	0.205397	-1.17012
2.355	0.711415	1.4913	1.49643	0.213195	-1.16707
2.36	0.711038	1.49629	1.49537	0.220974	-1.16402
2.365	0.710656	1.50127	1.49426	0.228733	-1.16095
2.37	0.710268	1.50626	1.49312	0.236472	-1.15786
2.375	0.709874	1.51124	1.49194	0.24419	-1.15477
2.38	0.709474	1.51623	1.49072	0.251889	-1.15166
2.385	0.709068	1.52121	1.48946	0.259566	-1.14855
2.39	0.708655	1.52619	1.48816	0.267223	-1.14542
2.395	0.708236	1.53117	1.48682	0.274858	-1.14228
2.4	0.707809	1.53616	1.48545	0.282473	-1.13913
2.405	0.707376	1.54114	1.48404	0.290067	-1.13597
2.41	0.706936	1.54612	1.48259	0.297639	-1.1328
2.415	0.706488	1.5511	1.4811	0.30519	-1.12962
2.42	0.706032	1.55608	1.47957	0.312719	-1.12643
2.425	0.705569	1.56106	1.47801	0.320227	-1.12324
2.43	0.705098	1.56603	1.47641	0.327713	-1.12003
2.435	0.704618	1.57101	1.47477	0.335178	-1.11681
2.44	0.704131	1.57599	1.47309	0.34262	-1.11358
2.445	0.703634	1.58096	1.47138	0.350041	-1.11035
2.45	0.703129	1.58594	1.46963	0.357439	-1.10711
2.455	0.702615	1.59091	1.46784	0.364816	-1.10385
2.46	0.702093	1.59588	1.46602	0.372171	-1.10059
2.465	0.70156	1.60085	1.46416	0.379503	-1.09733
2.47	0.701019	1.60582	1.46226	0.386813	-1.09405
2.475	0.700467	1.61079	1.46032	0.394101	-1.09077
2.48	0.699906	1.61576	1.45835	0.401367	-1.08748
2.485	0.699335	1.62073	1.45635	0.40861	-1.08418
2.49	0.698754	1.6257	1.4543	0.415832	-1.08087
2.495	0.698163	1.63066	1.45223	0.42303	-1.07756
2.5	0.697561	1.63562	1.45011	0.430207	-1.07424
2.505	0.696948	1.64059	1.44796	0.437361	-1.07091
2.51	0.696325	1.64555	1.44577	0.444493	-1.06758
2.515	0.69569	1.65051	1.44355	0.451603	-1.06424
2.52	0.695044	1.65546	1.44129	0.45869	-1.0609
2.525	0.694387	1.66042	1.439	0.465755	-1.05754
2.53	0.693719	1.66538	1.43667	0.472798	-1.05418
2.535	0.693038	1.67033	1.43431	0.479819	-1.05082
2.54	0.692346	1.67528	1.43191	0.486817	-1.04745
2.545	0.691642	1.68023	1.42947	0.493794	-1.04407
2.55	0.690925	1.68518	1.427	0.500748	-1.04069
2.555	0.690197	1.69013	1.4245	0.50768	-1.0373
2.56	0.689455	1.69507	1.42196	0.51459	-1.03391
2.565	0.688701	1.70001	1.41939	0.521478	-1.03051
2.57	0.687934	1.70496	1.41678	0.528344	-1.02711
2.575	0.687154	1.70989	1.41414	0.535188	-1.0237
2.58	0.686361	1.71483	1.41146	0.54201	-1.02028
2.585	0.685554	1.71977	1.40875	0.548811	-1.01686
2.59	0.684734	1.7247	1.40601	0.55559	-1.01344
2.595	0.6839	1.72963	1.40323	0.562347	-1.01001
2.6	0.683052	1.73456	1.40042	0.569083	-1.00657
2.605	0.68219	1.73948	1.39757	0.575797	-1.00313
2.61	0.681314	1.7444	1.3947	0.58249	-0.999688
2.615	0.680424	1.74932	1.39178	0.589161	-0.996238
2.62	0.679519	1.75424	1.38884	0.595811	-0.992784
2.625	0.6786	1.75916	1.38586	0.602441	-0.989325
2.63	0.677666	1.76407	1.38285	0.609049	-0.985862
2.635	0.676716	1.76898	1.3798	0.615636	-0.982393
2.64	0.675752	1.77388	1.37672	0.622202	-0.978921
2.645	0.674773	1.77879	1.37361	0.628747	-0.975444
2.65	0.673778	1.78369	1.37047	0.635272	-0.971962
2.655	0.672767	1.78858	1.36729	0.641777	-0.968476
2.66	0.671741	1.79348	1.36408	0.64826	-0.964985
2.665	0.670699	1.79837	1.36084	0.654724	-0.96149
2.67	0.669641	1.80325	1.35757	0.661167	-0.957991
2.675	0.668566	1.80814	1.35426	0.66759	-0.954487
2.68	0.667476	1.81302	1.35092	0.673994	-0.950979
2.685	0.666369	1.81789	1.34755	0.680377	-0.947466
2.69	0.665245	1.82276	1.34415	0.686741	-0.94395
2.695	0.664105	1.82763	1.34072	0.693084	-0.940428
2.7	0.662948	1.8325	1.33725	0.699409	-0.936903
2.705	0.661774	1.83736	1.33376	0.705714	-0.933373
2.71	0.660583	1.84221	1.33023	0.712	-0.929839
2.715	0.659374	1.84706	1.32667	0.718266	-0.9263
2.72	0.658148	1.85191	1.32308	0.724514	-0.922757
2.725	0.656904	1.85675	1.31945	0.730743	-0.919209
2.73	0.655643	1.86159	1.3158	0.736953	-0.915658
2.735	0.654364	1.86643	1.31211	0.743145	-0.912101
2.74	0.653067	1.87126	1.3084	0.749318	-0.908541
2.745	0.651752	1.87608	1.30465	0.755473	-0.904976
2.75	0.650419	1.8809	1.30087	0.76161	-0.901406
2.755	0.649067	1.88571	1.29707	0.767728	-0.897832
2.76	0.647697	1.89052	1.29323	0.773829	-0.894253
2.765	0.646309	1.89532	1.28936	0.779912	-0.89067
2.77	0.644901	1.90012	1.28546	0.785978	-0.887082
2.775	0.643475	1.90491	1.28153	0.792026	-0.88349
2.78	0.64203	1.9097	1.27757	0.798057	-0.879892
2.785	0.640565	1.91448	1.27358	0.804071	-0.87629
2.79	0.639082	1.91926	1.26956	0.810068	-0.872684
2.795	0.637579	1.92403	1.26551	0.816049	-0.869072
2.8	0.636057	1.92879	1.26143	0.822012	-0.865456
2.805	0.634515	1.93354	1.25732	0.82796	-0.861835
2.81	0.632953	1.93829	1.25318	0.833891	-0.858208
2.815	0.631372	1.94304	1.24901	0.839805	-0.854577
2.82	0.629771	1.94777	1.24481	0.845704	-0.850941
2.825	0.62815	1.9525	1.24058	0.851588	-0.847299
2.83	0.626508	1.95723	1.23632	0.857455	-0.843652
2.835	0.624847	1.96194	1.23204	0.863307	-0.84
2.84	0.623165	1.96665	1.22772	0.869144	-0.836343
2.845	0.621462	1.97135	1.22337	0.874966	-0.832681
2.85	0.619739	1.97605	1.219	0.880773	-0.829012
2.855	0.617996	1.98073	1.2146	0.886565	-0.825339
2.86	0.616231	1.98541	1.21016	0.892343	-0.82166
2.865	0.614446	1.99008	1.2057	0.898107	-0.817975
2.87	0.61264	1.99474	1.20121	0.903856	-0.814284
2.875	0.610813	1.9994	1.19669	0.909591	-0.810588
2.88	0.608965	2.00404	1.19214	0.915313	-0.806885
2.885	0.607095	2.00868	1.18757	0.921021	-0.803177
2.89	0.605204	2.01331	1.18296	0.926715	-0.799463
2.895	0.603292	2.01793	1.17833	0.932396	-0.795742
2.9	0.601358	2.02254	1.17367	0.938065	-0.792016
2.905	0.599402	2.02714	1.16898	0.94372	-0.788283
2.91	0.597425	2.03173	1.16426	0.949363	-0.784543
2.915	0.595426	2.03632	1.15951	0.954994	-0.780797
2.92	0.593405	2.04089	1.15473	0.960612	-0.777045
2.925	0.591363	2.04545	1.14993	0.966218	-0.773286
2.93	0.589298	2.05001	1.1451	0.971813	-0.76952
2.935	0.587211	2.05455	1.14024	0.977396	-0.765747
2.94	0.585102	2.05909	1.13535	0.982967	-0.761968
2.945	0.582971	2.06361	1.13044	0.988528	-0.758181
2.95	0.580817	2.06812	1.1255	0.994077	-0.754388
2.955	0.578641	2.07262	1.12053	0.999616	-0.750587
2.96	0.576442	2.07711	1.11553	1.00514	-0.746778
2.965	0.574221	2.08159	1.1105	1.01066	-0.742963
2.97	0.571978	2.08606	1.10545	1.01617	-0.73914
2.975	0.569711	2.09052	1.10037	1.02167	-0.735309
2.98	0.567422	2.09496	1.09526	1.02716	-0.73147
2.985	0.56511	2.0994	1.09012	1.03264	-0.727624
2.99	0.562776	2.10382	1.08496	1.03811	-0.72377
2.995	0.560418	2.10823	1.07977	1.04357	-0.719907
3	0.558037	2.11262	1.07455	1.04902	-0.716037
3.005	0.555634	2.11701	1.06931	1.05447	-0.712158
3.01	0.553207	2.12138	1.06404	1.0599	-0.708271
3.015	0.550757	2.12574	1.05874	1.06533	-0.704376
3.02	0.548284	2.13008	1.05341	1.07075	-0.700472
3.025	0.545788	2.13442	1.04806	1.07616	-0.696559
3.03	0.543268	2.13874	1.04267	1.08157	-0.692637
3.035	0.540725	2.14304	1.03727	1.08697	-0.688707
3.04	0.538159	2.14733	1.03183	1.09236	-0.684768
3.045	0.53557	2.15161	1.02637	1.09775	-0.680819
3.05	0.532957	2.15587	1.02088	1.10313	-0.676861
3.055	0.53032	2.16012	1.01537	1.10851	-0.672894
3.06	0.52766	2.16435	1.00982	1.11388	-0.668917
3.065	0.524976	2.16857	1.00425	1.11924	-0.664931
3.07	0.522269	2.17278	0.998658	1.1246	-0.660935
3.075	0.519538	2.17696	0.993035	1.12996	-0.65693
3.08	0.516784	2.18114	0.987385	1.13531	-0.652914
3.085	0.514006	2.1853	0.981709	1.14065	-0.648888
3.09	0.511204	2.18944	0.976005	1.146	-0.644853
3.095	0.508379	2.19356	0.970275	1.15134	-0.640806
3.1	0.50553	2.19767	0.964519	1.15668	-0.63675
3.105	0.502657	2.20176	0.958735	1.16201	-0.632683
3.11	0.499761	2.20584	0.952925	1.16735	-0.628605
3.115	0.49684	2.2099	0.947088	1.17268	-0.624517
3.12	0.493896	2.21394	0.941225	1.17801	-0.620417
3.125	0.490929	2.21796	0.935335	1.18333	-0.616307
3.13	0.487937	2.22197	0.929418	1.18866	-0.612186
3.135	0.484922	2.22596	0.923475	1.19399	-0.608053
3.14	0.481883	2.22993	0.917505	1.19932	-0.603909
3.145	0.47882	2.23388	0.911509	1.20465	-0.599753
3.15	0.475734	2.23781	0.905485	1.20997	-0.595586
3.155	0.472623	2.24173	0.899435	1.2153	-0.591407
3.16	0.469489	2.24562	0.893359	1.22064	-0.587217
3.165	0.466332	2.2495	0.887256	1.22597	-0.583014
3.17	0.46315	2.25336	0.881126	1.23131	-0.578799
3.175	0.459945	2.2572	0.874969	1.23664	-0.574572
3.18	0.456716	2.26101	0.868786	1.24199	-0.570333
3.185	0.453464	2.26481	0.862576	1.24733	-0.566081
3.19	0.450188	2.26859	0.85634	1.25269	-0.561817
3.195	0.446888	2.27235	0.850076	1.25804	-0.55754
3.2	0.443565	2.27608	0.843786	1.2634	-0.55325
3.205	0.440218	2.2798	0.837469	1.26877	-0.548947
3.21	0.436848	2.28349	0.831125	1.27414	-0.544631
3.215	0.433454	2.28716	0.824754	1.27953	-0.540301
3.22	0.430037	2.29081	0.818357	1.28491	-0.535959
3.225	0.426597	2.29444	0.811932	1.29031	-0.531603
3.23	0.423133	2.29805	0.805481	1.29572	-0.527233
3.235	0.419646	2.30163	0.799002	1.30113	-0.52285
3.24	0.416136	2.30519	0.792496	1.30656	-0.518453
3.245	0.412602	2.30873	0.785964	1.31199	-0.514042
3.25	0.409045	2.31224	0.779404	1.31744	-0.509616
3.255	0.405466	2.31573	0.772816	1.3229	-0.505177
3.26	0.401863	2.3192	0.766202	1.32837	-0.500723
3.265	0.398237	2.32264	0.75956	1.33386	-0.496254
3.27	0.394589	2.32606	0.752891	1.33936	-0.491771
3.275	0.390917	2.32945	0.746194	1.34488	-0.487274
3.28	0.387223	2.33282	0.73947	1.35041	-0.482761
3.285	0.383506	2.33617	0.732717	1.35596	-0.478233
3.29	0.379767	2.33949	0.725938	1.36152	-0.47369
3.295	0.376005	2.34278	0.71913	1.36711	-0.469132
3.3	0.372221	2.34605	0.712295	1.37271	-0.464559
3.305	0.368414	2.34929	0.705431	1.37833	-0.45997
3.31	0.364585	2.35251	0.698539	1.38398	-0.455365
3.315	0.360734	2.3557	0.691619	1.38965	-0.450744
3.32	0.356861	2.35886	0.684671	1.39534	-0.446107
3.325	0.352966	2.36199	0.677694	1.40106	-0.441455
3.33	0.349049	2.3651	0.670689	1.4068	-0.436786
3.335	0.34511	2.36818	0.663655	1.41257	-0.4321
3.34	0.34115	2.37123	0.656592	1.41837	-0.427398
3.345	0.337168	2.37426	0.6495	1.4242	-0.422679
3.35	0.333164	2.37725	0.642379	1.43006	-0.417944
3.355	0.32914	2.38022	0.635229	1.43595	-0.413191
3.36	0.325094	2.38316	0.628049	1.44188	-0.408421
3.365	0.321027	2.38606	0.62084	1.44784	-0.403634
3.37	0.316939	2.38894	0.613601	1.45383	-0.39883
3.375	0.31283	2.39179	0.606332	1.45987	-0.394008
3.38	0.308701	2.39461	0.599032	1.46595	-0.389168
3.385	0.304551	2.3974	0.591703	1.47207	-0.38431
3.39	0.300381	2.40016	0.584342	1.47823	-0.379434
3.395	0.29619	2.40289	0.576951	1.48444	-0.374539
3.4	0.291979	2.40558	0.569529	1.4907	-0.369626
3.405	0.287748	2.40825	0.562075	1.49701	-0.364695
3.41	0.283498	2.41088	0.55459	1.50337	-0.359744
3.415	0.279228	2.41348	0.547074	1.50979	-0.354775
3.42	0.274938	2.41605	0.539525	1.51627	-0.349786
3.425	0.270629	2.41859	0.531943	1.5228	-0.344778
3.43	0.2663	2.42109	0.524329	1.5294	-0.339751
3.435	0.261953	2.42356	0.516682	1.53607	-0.334703
3.44	0.257587	2.426	0.509002	1.5428	-0.329636
3.445	0.253202	2.4284	0.501288	1.54961	-0.324548
3.45	0.248799	2.43077	0.49354	1.5565	-0.31944
3.455	0.244377	2.4331	0.485757	1.56346	-0.314311
3.46	0.239937	2.4354	0.47794	1.57051	-0.309161
3.465	0.23548	2.43767	0.470087	1.57765	-0.30399
3.47	0.231004	2.4399	0.462199	1.58489	-0.298798
3.475	0.226512	2.44209	0.454275	1.59222	-0.293584
3.48	0.222001	2.44425	0.446314	1.59965	-0.288348
3.485	0.217474	2.44637	0.438315	1.60719	-0.283089
3.49	0.21293	2.44846	0.430279	1.61485	-0.277809
3.495	0.208369	2.45051	0.422205	1.62263	-0.272505
3.5	0.203791	2.45252	0.414092	1.63053	-0.267178
3.505	0.199198	2.45449	0.405939	1.63857	-0.261828
3.51	0.194588	2.45643	0.397747	1.64675	-0.256454
3.515	0.189963	2.45833	0.389513	1.65509	-0.251056
3.52	0.185322	2.46019	0.381237	1.66358	-0.245634
3.525	0.180665	2.46201	0.372919	1.67224	-0.240186
3.53	0.175994	2.46379	0.364558	1.68109	-0.234714
3.535	0.171308	2.46553	0.356153	1.69012	-0.229216
3.54	0.166607	2.46724	0.347702	1.69936	-0.223692
3.545	0.161892	2.4689	0.339205	1.70882	-0.218142
3.55	0.157163	2.47053	0.330661	1.71852	-0.212565
3.555	0.15242	2.47211	0.322069	1.72846	-0.20696
3.56	0.147663	2.47365	0.313426	1.73868	-0.201328
3.565	0.142894	2.47515	0.304733	1.74918	-0.195668
3.57	0.138111	2.47661	0.295987	1.76	-0.189979
3.575	0.133316	2.47802	0.287187	1.77116	-0.184262
3.58	0.128508	2.4794	0.278331	1.78268	-0.178514
3.585	0.123689	2.48073	0.269418	1.7946	-0.172737
3.59	0.118857	2.48202	0.260445	1.80696	-0.16693
3.595	0.114014	2.48326	0.25141	1.8198	-0.161091
3.6	0.10916	2.48446	0.242311	1.83316	-0.155222
3.605	0.104296	2.48562	0.233145	1.8471	-0.149321
3.61	0.0994205	2.48673	0.22391	1.86168	-0.143389
3.615	0.0945352	2.48779	0.214601	1.87699	-0.137425
3.62	0.0896402	2.48881	0.205216	1.8931	-0.131431
3.625	0.0847356	2.48978	0.195751	1.91012	-0.125405
3.63	0.0798221	2.49071	0.1862	1.92818	-0.11935
3.635	0.0748998	2.49159	0.176559	1.94744	-0.113266
3.64	0.0699692	2.49242	0.166822	1.96809	-0.107158
3.645	0.0650307	2.4932	0.156982	1.99039	-0.101027
3.65	0.0600846	2.49393	0.14703	2.01463	-0.0948808
3.655	0.0551315	2.49461	0.136957	2.04126	-0.0887276
3.66	0.0501716	2.49524	0.12675	2.07085	-0.0825808
3.665	0.0452054	2.49583	0.116396	2.1042	-0.0764612
3.67	0.0402334	2.49635	0.105875	2.1425	-0.0704016
3.675	0.035256	2.49683	0.0951626	2.1876	-0.064456
3.68	0.0302737	2.49725	0.0842246	2.24254	-0.0587169
3.685	0.0252871	2.49761	0.0730118	2.31281	-0.0533543
3.69	0.0202965	2.49792	0.0614478	2.40941	-0.0487088
3.695	0.0153026	2.49817	0.0494007	2.55841	-0.0455598
3.7	0.010306	2.49835	0.0366087	2.83779	-0.0461167
3.705	0.00530721	2.49846	0.0224197	3.59838	-0.0598623
3.71	0.000307259	2.49849	0.00442782	8.77072	-0.233295
