descriptor s_test R_test Z_test
0	1.81103	9.99999e-006	0.002	-0.402579	-0.00161941
0.005	1.80603	3.00644e-005	0.00401289	-0.405162	-0.00325828
0.01	1.80103	6.02577e-005	0.0060387	-0.40775	-0.00491667
0.015	1.79603	0.000100645	0.00807745	-0.410344	-0.00659463
0.02	1.79103	0.00015129	0.0101292	-0.412942	-0.00829221
0.025	1.78603	0.000212257	0.0121939	-0.415545	-0.0100095
0.03	1.78103	0.000283613	0.0142716	-0.418154	-0.0117465
0.035	1.77603	0.000365421	0.0163624	-0.420767	-0.0135033
0.04	1.77103	0.000457747	0.0184662	-0.423386	-0.0152799
0.045	1.76603	0.000560656	0.0205831	-0.426011	-0.0170764
0.05	1.76104	0.000674212	0.0227132	-0.428641	-0.0188929
0.055	1.75604	0.000798481	0.0248564	-0.431277	-0.0207294
0.06	1.75104	0.000933529	0.0270128	-0.433918	-0.0225859
0.065	1.74604	0.00107942	0.0291824	-0.436566	-0.0244625
0.07	1.74104	0.00123622	0.0313652	-0.439219	-0.0263594
0.075	1.73605	0.001404	0.0335613	-0.441878	-0.0282764
0.08	1.73105	0.00158281	0.0357707	-0.444543	-0.0302137
0.085	1.72605	0.00177273	0.0379934	-0.447214	-0.0321713
0.09	1.72106	0.00197382	0.0402295	-0.449892	-0.0341492
0.095	1.71606	0.00218616	0.0424789	-0.452576	-0.0361477
0.1	1.71107	0.00240979	0.0447418	-0.455266	-0.0381665
0.105	1.70607	0.00264479	0.0470181	-0.457963	-0.040206
0.11	1.70108	0.00289123	0.049308	-0.460666	-0.042266
0.115	1.69608	0.00314918	0.0516113	-0.463377	-0.0443466
0.12	1.69109	0.00341869	0.0539282	-0.466094	-0.0464479
0.125	1.6861	0.00369983	0.0562586	-0.468817	-0.04857
0.13	1.68111	0.00399268	0.0586027	-0.471548	-0.0507128
0.135	1.67612	0.00429729	0.0609605	-0.474286	-0.0528766
0.14	1.67113	0.00461374	0.0633319	-0.477032	-0.0550612
0.145	1.66614	0.00494209	0.0657171	-0.479784	-0.0572667
0.15	1.66115	0.0052824	0.068116	-0.482544	-0.0594932
0.155	1.65616	0.00563476	0.0705287	-0.485311	-0.0617408
0.16	1.65118	0.00599921	0.0729553	-0.488086	-0.0640095
0.165	1.64619	0.00637583	0.0753957	-0.490869	-0.0662994
0.17	1.64121	0.00676469	0.07785	-0.493659	-0.0686104
0.175	1.63622	0.00716585	0.0803183	-0.496458	-0.0709427
0.18	1.63124	0.00757938	0.0828006	-0.499264	-0.0732964
0.185	1.62626	0.00800534	0.0852969	-0.502079	-0.0756713
0.19	1.62128	0.00844382	0.0878073	-0.504901	-0.0780677
0.195	1.6163	0.00889486	0.0903318	-0.507732	-0.0804856
0.2	1.61132	0.00935855	0.0928705	-0.510572	-0.0829249
0.205	1.60634	0.00983494	0.0954234	-0.51342	-0.0853858
0.21	1.60136	0.0103241	0.0979905	-0.516276	-0.0878683
0.215	1.59639	0.0108261	0.100572	-0.519141	-0.0903725
0.22	1.59142	0.011341	0.103168	-0.522015	-0.0928984
0.225	1.58644	0.0118689	0.105778	-0.524899	-0.095446
0.23	1.58147	0.0124099	0.108402	-0.527791	-0.0980155
0.235	1.5765	0.012964	0.111041	-0.530692	-0.100607
0.24	1.57154	0.0135312	0.113695	-0.533602	-0.10322
0.245	1.56657	0.0141117	0.116363	-0.536522	-0.105855
0.25	1.56161	0.0147055	0.119045	-0.539452	-0.108512
0.255	1.55664	0.0153127	0.121742	-0.542391	-0.111192
0.26	1.55168	0.0159334	0.124454	-0.54534	-0.113893
0.265	1.54672	0.0165676	0.127181	-0.548298	-0.116616
0.27	1.54176	0.0172154	0.129923	-0.551267	-0.119362
0.275	1.53681	0.0178768	0.132679	-0.554245	-0.12213
0.28	1.53185	0.018552	0.13545	-0.557234	-0.12492
0.285	1.5269	0.019241	0.138236	-0.560233	-0.127733
0.29	1.52195	0.0199439	0.141037	-0.563242	-0.130568
0.295	1.517	0.0206606	0.143854	-0.566262	-0.133425
0.3	1.51206	0.0213914	0.146685	-0.569292	-0.136305
0.305	1.50711	0.0221363	0.149531	-0.572334	-0.139208
0.31	1.50217	0.0228953	0.152393	-0.575386	-0.142133
0.315	1.49723	0.0236686	0.15527	-0.578449	-0.145081
0.32	1.49229	0.0244561	0.158162	-0.581523	-0.148051
0.325	1.48736	0.025258	0.16107	-0.584608	-0.151044
0.33	1.48242	0.0260743	0.163993	-0.587705	-0.15406
0.335	1.47749	0.026905	0.166931	-0.590813	-0.157098
0.34	1.47257	0.0277504	0.169886	-0.593932	-0.16016
0.345	1.46764	0.0286104	0.172855	-0.597064	-0.163244
0.35	1.46272	0.029485	0.17584	-0.600207	-0.166352
0.355	1.4578	0.0303745	0.178842	-0.603362	-0.169482
0.36	1.45288	0.0312788	0.181858	-0.606529	-0.172636
0.365	1.44797	0.032198	0.184891	-0.609708	-0.175812
0.37	1.44305	0.0331322	0.18794	-0.612899	-0.179012
0.375	1.43814	0.0340814	0.191004	-0.616103	-0.182234
0.38	1.43324	0.0350457	0.194085	-0.619319	-0.18548
0.385	1.42834	0.0360252	0.197181	-0.622548	-0.18875
0.39	1.42343	0.03702	0.200294	-0.625789	-0.192042
0.395	1.41854	0.0380301	0.203423	-0.629043	-0.195358
0.4	1.41364	0.0390557	0.206568	-0.632311	-0.198697
0.405	1.40875	0.0400966	0.20973	-0.635591	-0.20206
0.41	1.40387	0.0411531	0.212908	-0.638884	-0.205446
0.415	1.39898	0.0422253	0.216102	-0.642191	-0.208856
0.42	1.3941	0.0433131	0.219313	-0.645512	-0.212289
0.425	1.38923	0.0444166	0.22254	-0.648845	-0.215746
0.43	1.38435	0.045536	0.225785	-0.652193	-0.219226
0.435	1.37948	0.0466712	0.229046	-0.655554	-0.22273
0.44	1.37462	0.0478224	0.232323	-0.658929	-0.226258
0.445	1.36976	0.0489896	0.235618	-0.662318	-0.229809
0.45	1.3649	0.0501729	0.23893	-0.665721	-0.233384
0.455	1.36004	0.0513724	0.242258	-0.669139	-0.236983
0.46	1.35519	0.0525881	0.245604	-0.672571	-0.240606
0.465	1.35035	0.0538201	0.248967	-0.676017	-0.244253
0.47	1.34551	0.0550685	0.252347	-0.679478	-0.247924
0.475	1.34067	0.0563333	0.255744	-0.682953	-0.251618
0.48	1.33584	0.0576147	0.259159	-0.686443	-0.255337
0.485	1.33101	0.0589126	0.262591	-0.689948	-0.259079
0.49	1.32618	0.0602272	0.266041	-0.693469	-0.262846
0.495	1.32136	0.0615585	0.269508	-0.697004	-0.266636
0.5	1.31655	0.0629065	0.272993	-0.700554	-0.270451
0.505	1.31174	0.0642715	0.276496	-0.70412	-0.274289
0.51	1.30693	0.0656533	0.280017	-0.707701	-0.278152
0.515	1.30213	0.0670522	0.283555	-0.711298	-0.282039
0.52	1.29734	0.0684681	0.287112	-0.71491	-0.28595
0.525	1.29255	0.0699011	0.290686	-0.718538	-0.289886
0.53	1.28776	0.0713514	0.294279	-0.722182	-0.293845
0.535	1.28298	0.0728189	0.29789	-0.725842	-0.297829
0.54	1.27821	0.0743038	0.301519	-0.729517	-0.301837
0.545	1.27344	0.075806	0.305167	-0.733209	-0.30587
0.55	1.26868	0.0773258	0.308833	-0.736917	-0.309926
0.555	1.26392	0.078863	0.312517	-0.740641	-0.314007
0.56	1.25917	0.0804179	0.316221	-0.744382	-0.318113
0.565	1.25442	0.0819905	0.319942	-0.748139	-0.322242
0.57	1.24968	0.0835808	0.323683	-0.751912	-0.326396
0.575	1.24495	0.0851889	0.327443	-0.755702	-0.330575
0.58	1.24022	0.0868149	0.331221	-0.759509	-0.334777
0.585	1.2355	0.0884588	0.335019	-0.763332	-0.339004
0.59	1.23078	0.0901208	0.338835	-0.767173	-0.343256
0.595	1.22607	0.0918008	0.342671	-0.77103	-0.347532
0.6	1.22137	0.093499	0.346526	-0.774904	-0.351832
0.605	1.21667	0.0952153	0.350401	-0.778795	-0.356156
0.61	1.21198	0.09695	0.354295	-0.782703	-0.360505
0.615	1.2073	0.098703	0.358208	-0.786628	-0.364879
0.62	1.20262	0.100474	0.362142	-0.79057	-0.369276
0.625	1.19795	0.102264	0.366094	-0.794529	-0.373698
0.63	1.19329	0.104073	0.370067	-0.798506	-0.378145
0.635	1.18864	0.1059	0.37406	-0.8025	-0.382615
0.64	1.18399	0.107745	0.378072	-0.806511	-0.38711
0.645	1.17935	0.10961	0.382105	-0.810539	-0.39163
0.65	1.17472	0.111493	0.386157	-0.814585	-0.396173
0.655	1.1701	0.113395	0.39023	-0.818648	-0.400741
0.66	1.16548	0.115316	0.394323	-0.822728	-0.405333
0.665	1.16087	0.117256	0.398437	-0.826826	-0.409949
0.67	1.15627	0.119214	0.402571	-0.830941	-0.414589
0.675	1.15168	0.121193	0.406726	-0.835073	-0.419254
0.68	1.1471	0.12319	0.410901	-0.839222	-0.423942
0.685	1.14252	0.125206	0.415097	-0.843389	-0.428655
0.69	1.13795	0.127242	0.419314	-0.847574	-0.433391
0.695	1.1334	0.129297	0.423552	-0.851775	-0.438152
0.7	1.12885	0.131371	0.427811	-0.855994	-0.442936
0.705	1.12431	0.133465	0.432091	-0.860229	-0.447745
0.71	1.11977	0.135578	0.436392	-0.864482	-0.452576
0.715	1.11525	0.137711	0.440715	-0.868752	-0.457432
0.72	1.11074	0.139864	0.445058	-0.873039	-0.462312
0.725	1.10624	0.142036	0.449424	-0.877343	-0.467215
0.73	1.10174	0.144228	0.45381	-0.881663	-0.472141
0.735	1.09726	0.14644	0.458219	-0.886	-0.477091
0.74	1.09278	0.148671	0.462649	-0.890354	-0.482064
0.745	1.08832	0.150923	0.4671	-0.894724	-0.487061
0.75	1.08386	0.153194	0.471574	-0.899111	-0.49208
0.755	1.07942	0.155486	0.47607	-0.903513	-0.497123
0.76	1.07499	0.157797	0.480587	-0.907932	-0.502189
0.765	1.07056	0.160129	0.485127	-0.912367	-0.507277
0.77	1.06615	0.162481	0.489689	-0.916817	-0.512388
0.775	1.06175	0.164853	0.494273	-0.921283	-0.517522
0.78	1.05736	0.167245	0.498879	-0.925765	-0.522679
0.785	1.05298	0.169657	0.503508	-0.930261	-0.527858
0.79	1.04861	0.17209	0.508159	-0.934773	-0.533059
0.795	1.04425	0.174543	0.512833	-0.939299	-0.538282
0.8	1.03991	0.177017	0.51753	-0.943839	-0.543527
0.805	1.03558	0.179511	0.522249	-0.948394	-0.548794
0.81	1.03125	0.182026	0.526991	-0.952963	-0.554083
0.815	1.02694	0.184561	0.531756	-0.957545	-0.559393
0.82	1.02265	0.187117	0.536543	-0.962141	-0.564725
0.825	1.01836	0.189693	0.541354	-0.96675	-0.570077
0.83	1.01409	0.192291	0.546188	-0.971372	-0.575451
0.835	1.00983	0.194909	0.551045	-0.976006	-0.580845
0.84	1.00558	0.197547	0.555925	-0.980652	-0.58626
0.845	1.00135	0.200207	0.560828	-0.985309	-0.591696
0.85	0.997128	0.202887	0.565754	-0.989978	-0.597151
0.855	0.99292	0.205588	0.570704	-0.994658	-0.602627
0.86	0.988726	0.20831	0.575678	-0.999348	-0.608122
0.865	0.984546	0.211053	0.580674	-1.00405	-0.613637
0.87	0.980379	0.213817	0.585695	-1.00876	-0.619171
0.875	0.976226	0.216602	0.590738	-1.01348	-0.624724
0.88	0.972088	0.219408	0.595806	-1.0182	-0.630296
0.885	0.967964	0.222235	0.600897	-1.02294	-0.635886
0.89	0.963854	0.225082	0.606012	-1.02768	-0.641494
0.895	0.959759	0.227952	0.61115	-1.03243	-0.647121
0.9	0.955679	0.230842	0.616312	-1.03719	-0.652764
0.905	0.951614	0.233753	0.621498	-1.04195	-0.658426
0.91	0.947564	0.236685	0.626708	-1.04671	-0.664104
0.915	0.94353	0.239639	0.631941	-1.05148	-0.669799
0.92	0.939511	0.242614	0.637199	-1.05626	-0.67551
0.925	0.935508	0.24561	0.64248	-1.06104	-0.681237
0.93	0.931521	0.248627	0.647785	-1.06582	-0.686979
0.935	0.92755	0.251665	0.653114	-1.0706	-0.692737
0.94	0.923595	0.254725	0.658467	-1.07538	-0.69851
0.945	0.919657	0.257805	0.663844	-1.08016	-0.704297
0.95	0.915736	0.260907	0.669245	-1.08494	-0.710099
0.955	0.911831	0.26403	0.67467	-1.08972	-0.715914
0.96	0.907944	0.267175	0.680118	-1.0945	-0.721742
0.965	0.904073	0.270341	0.685591	-1.09927	-0.727583
0.97	0.900221	0.273527	0.691087	-1.10404	-0.733436
0.975	0.896385	0.276735	0.696607	-1.1088	-0.739301
0.98	0.892568	0.279965	0.702151	-1.11355	-0.745178
0.985	0.888769	0.283215	0.707719	-1.1183	-0.751065
0.99	0.884988	0.286487	0.713311	-1.12304	-0.756963
0.995	0.881225	0.28978	0.718926	-1.12777	-0.762871
1	0.877481	0.293094	0.724565	-1.13249	-0.768788
1.005	0.873756	0.296429	0.730227	-1.1372	-0.774714
1.01	0.87005	0.299785	0.735913	-1.14189	-0.780649
1.015	0.866363	0.303163	0.741623	-1.14657	-0.786591
1.02	0.862696	0.306561	0.747355	-1.15124	-0.79254
1.025	0.859048	0.309981	0.753112	-1.15589	-0.798496
1.03	0.85542	0.313422	0.758891	-1.16052	-0.804458
1.035	0.851812	0.316883	0.764694	-1.16513	-0.810425
1.04	0.848224	0.320366	0.770519	-1.16971	-0.816397
1.045	0.844657	0.323869	0.776368	-1.17428	-0.822372
1.05	0.84111	0.327393	0.782239	-1.17882	-0.828352
1.055	0.837585	0.330939	0.788133	-1.18334	-0.834333
1.06	0.83408	0.334505	0.79405	-1.18783	-0.840317
1.065	0.830596	0.338091	0.799989	-1.1923	-0.846302
1.07	0.827134	0.341699	0.805951	-1.19673	-0.852288
1.075	0.823694	0.345327	0.811934	-1.20113	-0.858274
1.08	0.820275	0.348976	0.81794	-1.2055	-0.864258
1.085	0.816878	0.352645	0.823967	-1.20983	-0.870241
1.09	0.813504	0.356335	0.830017	-1.21413	-0.876221
1.095	0.810152	0.360045	0.836087	-1.21839	-0.882198
1.1	0.806823	0.363775	0.842179	-1.22261	-0.888171
1.105	0.803517	0.367526	0.848292	-1.22678	-0.894139
1.11	0.800233	0.371297	0.854426	-1.23092	-0.900102
1.115	0.796973	0.375088	0.860581	-1.23501	-0.906057
1.12	0.793737	0.378899	0.866756	-1.23905	-0.912005
1.125	0.790524	0.38273	0.872951	-1.24304	-0.917945
1.13	0.787335	0.386581	0.879166	-1.24698	-0.923875
1.135	0.78417	0.390452	0.885401	-1.25087	-0.929796
1.14	0.78103	0.394343	0.891655	-1.2547	-0.935704
1.145	0.777913	0.398253	0.897929	-1.25847	-0.941601
1.15	0.774822	0.402183	0.904221	-1.26219	-0.947485
1.155	0.771755	0.406132	0.910532	-1.26584	-0.953355
1.16	0.768714	0.4101	0.916861	-1.26943	-0.959209
1.165	0.765697	0.414088	0.923209	-1.27295	-0.965048
1.17	0.762707	0.418095	0.929573	-1.27641	-0.97087
1.175	0.759741	0.422121	0.935955	-1.27979	-0.976673
1.18	0.756802	0.426165	0.942354	-1.28311	-0.982457
1.185	0.753888	0.430229	0.94877	-1.28634	-0.988221
1.19	0.751001	0.434311	0.955202	-1.28951	-0.993964
1.195	0.74814	0.438412	0.961649	-1.29259	-0.999685
1.2	0.745306	0.442531	0.968112	-1.29559	-1.00538
1.205	0.742499	0.446668	0.97459	-1.2985	-1.01105
1.21	0.739718	0.450824	0.981082	-1.30133	-1.0167
1.215	0.736964	0.454997	0.987589	-1.30408	-1.02232
1.22	0.734238	0.459189	0.99411	-1.30673	-1.02791
1.225	0.731539	0.463398	1.00064	-1.30929	-1.03348
1.23	0.728868	0.467624	1.00719	-1.31175	-1.03901
1.235	0.726225	0.471868	1.01375	-1.31411	-1.04451
1.24	0.723609	0.47613	1.02032	-1.31638	-1.04998
1.245	0.721022	0.480408	1.0269	-1.31854	-1.05542
1.25	0.718463	0.484704	1.03349	-1.32059	-1.06082
1.255	0.715932	0.489016	1.0401	-1.32254	-1.06618
1.26	0.71343	0.493345	1.04671	-1.32438	-1.07151
1.265	0.710957	0.49769	1.05333	-1.3261	-1.0768
1.27	0.708512	0.502052	1.05996	-1.32772	-1.08205
1.275	0.706097	0.50643	1.0666	-1.32921	-1.08725
1.28	0.70371	0.510824	1.07325	-1.33059	-1.09242
1.285	0.701353	0.515233	1.0799	-1.33184	-1.09754
1.29	0.699025	0.519658	1.08656	-1.33297	-1.10262
1.295	0.696727	0.524099	1.09322	-1.33397	-1.10766
1.3	0.694459	0.528555	1.09989	-1.33485	-1.11264
1.305	0.69222	0.533025	1.10657	-1.33559	-1.11758
1.31	0.690011	0.537511	1.11325	-1.3362	-1.12247
1.315	0.687833	0.542011	1.11993	-1.33668	-1.12731
1.32	0.685684	0.546526	1.12661	-1.33702	-1.1321
1.325	0.683566	0.551055	1.13329	-1.33722	-1.13683
1.33	0.681478	0.555598	1.13998	-1.33728	-1.14151
1.335	0.67942	0.560155	1.14667	-1.3372	-1.14614
1.34	0.677393	0.564726	1.15335	-1.33697	-1.15071
1.345	0.675396	0.56931	1.16004	-1.33659	-1.15522
1.35	0.673431	0.573908	1.16672	-1.33607	-1.15967
1.355	0.671495	0.578518	1.1734	-1.33539	-1.16407
1.36	0.669591	0.583141	1.18008	-1.33457	-1.1684
1.365	0.667718	0.587777	1.18675	-1.33359	-1.17267
1.37	0.665875	0.592425	1.19342	-1.33245	-1.17688
1.375	0.664064	0.597085	1.20008	-1.33115	-1.18103
1.38	0.662284	0.601758	1.20674	-1.3297	-1.18511
1.385	0.660534	0.606442	1.21339	-1.32809	-1.18912
1.39	0.658816	0.611137	1.22003	-1.32631	-1.19307
1.395	0.657129	0.615844	1.22666	-1.32438	-1.19695
1.4	0.655474	0.620562	1.23328	-1.32228	-1.20076
1.405	0.653849	0.625291	1.23989	-1.32001	-1.20451
1.41	0.652256	0.63003	1.24649	-1.31758	-1.20818
1.415	0.650694	0.63478	1.25308	-1.31498	-1.21177
1.42	0.649163	0.63954	1.25965	-1.31221	-1.2153
1.425	0.647664	0.64431	1.26621	-1.30928	-1.21876
1.43	0.646195	0.649089	1.27276	-1.30618	-1.22213
1.435	0.644758	0.653878	1.27929	-1.3029	-1.22544
1.44	0.643353	0.658677	1.28581	-1.29946	-1.22867
1.445	0.641978	0.663484	1.2923	-1.29584	-1.23182
1.45	0.640635	0.6683	1.29878	-1.29206	-1.2349
1.455	0.639323	0.673125	1.30524	-1.2881	-1.23789
1.46	0.638042	0.677958	1.31168	-1.28397	-1.24081
1.465	0.636791	0.682799	1.3181	-1.27967	-1.24365
1.47	0.635572	0.687648	1.3245	-1.2752	-1.24641
1.475	0.634384	0.692505	1.33088	-1.27056	-1.2491
1.48	0.633227	0.697369	1.33723	-1.26575	-1.2517
1.485	0.632101	0.702241	1.34356	-1.26076	-1.25422
1.49	0.631005	0.707119	1.34986	-1.25561	-1.25665
1.495	0.62994	0.712004	1.35614	-1.25029	-1.25901
1.5	0.628905	0.716896	1.36239	-1.2448	-1.26128
1.505	0.627901	0.721794	1.36862	-1.23914	-1.26347
1.51	0.626928	0.726699	1.37481	-1.23331	-1.26558
1.515	0.625984	0.731609	1.38098	-1.22732	-1.26761
1.52	0.625071	0.736525	1.38712	-1.22116	-1.26955
1.525	0.624188	0.741446	1.39322	-1.21484	-1.27141
1.53	0.623335	0.746373	1.3993	-1.20835	-1.27318
1.535	0.622511	0.751305	1.40534	-1.20171	-1.27487
1.54	0.621717	0.756241	1.41135	-1.1949	-1.27648
1.545	0.620953	0.761182	1.41732	-1.18794	-1.278
1.55	0.620218	0.766128	1.42326	-1.18082	-1.27944
1.555	0.619512	0.771078	1.42916	-1.17354	-1.2808
1.56	0.618835	0.776032	1.43503	-1.16611	-1.28207
1.565	0.618187	0.78099	1.44086	-1.15853	-1.28326
1.57	0.617568	0.785951	1.44666	-1.1508	-1.28436
1.575	0.616978	0.790916	1.45241	-1.14292	-1.28538
1.58	0.616416	0.795885	1.45812	-1.1349	-1.28632
1.585	0.615882	0.800856	1.4638	-1.12673	-1.28718
1.59	0.615376	0.80583	1.46943	-1.11842	-1.28795
1.595	0.614898	0.810807	1.47502	-1.10998	-1.28864
1.6	0.614447	0.815787	1.48057	-1.1014	-1.28925
1.605	0.614024	0.820769	1.48608	-1.09268	-1.28978
1.61	0.613628	0.825753	1.49154	-1.08383	-1.29022
1.615	0.613259	0.83074	1.49696	-1.07485	-1.29058
1.62	0.612917	0.835728	1.50234	-1.06575	-1.29087
1.625	0.612602	0.840718	1.50767	-1.05653	-1.29107
1.63	0.612313	0.84571	1.51295	-1.04718	-1.2912
1.635	0.61205	0.850703	1.51819	-1.03771	-1.29125
1.64	0.611813	0.855697	1.52337	-1.02813	-1.29121
1.645	0.611601	0.860693	1.52851	-1.01844	-1.29111
1.65	0.611416	0.865689	1.53361	-1.00864	-1.29092
1.655	0.611255	0.870687	1.53865	-0.998726	-1.29066
1.66	0.611119	0.875685	1.54364	-0.988712	-1.29032
1.665	0.611008	0.880684	1.54859	-0.978598	-1.28991
1.67	0.610921	0.885683	1.55348	-0.968386	-1.28942
1.675	0.610859	0.890683	1.55832	-0.958079	-1.28886
1.68	0.610821	0.895682	1.56311	-0.94768	-1.28823
1.685	0.610806	0.900682	1.56785	-0.937192	-1.28753
1.69	0.610815	0.905682	1.57254	-0.926619	-1.28675
1.695	0.610847	0.910682	1.57717	-0.915963	-1.28591
1.7	0.610901	0.915682	1.58175	-0.905227	-1.285
1.705	0.610979	0.920681	1.58628	-0.894415	-1.28402
1.71	0.611078	0.92568	1.59075	-0.883529	-1.28297
1.715	0.6112	0.930679	1.59517	-0.872573	-1.28185
1.72	0.611344	0.935677	1.59953	-0.861549	-1.28067
1.725	0.611509	0.940674	1.60384	-0.85046	-1.27943
1.73	0.611695	0.945671	1.60809	-0.839311	-1.27812
1.735	0.611903	0.950666	1.61228	-0.828103	-1.27675
1.74	0.612131	0.955661	1.61643	-0.816839	-1.27531
1.745	0.612379	0.960655	1.62051	-0.805523	-1.27382
1.75	0.612648	0.965648	1.62454	-0.794158	-1.27227
1.755	0.612936	0.970639	1.62851	-0.782746	-1.27065
1.76	0.613244	0.97563	1.63242	-0.771291	-1.26898
1.765	0.613571	0.980619	1.63628	-0.759795	-1.26726
1.77	0.613918	0.985607	1.64008	-0.748261	-1.26547
1.775	0.614282	0.990594	1.64382	-0.736692	-1.26364
1.78	0.614666	0.995579	1.6475	-0.72509	-1.26175
1.785	0.615067	1.00056	1.65113	-0.71346	-1.2598
1.79	0.615486	1.00555	1.65469	-0.701802	-1.25781
1.795	0.615922	1.01053	1.6582	-0.69012	-1.25576
1.8	0.616376	1.01551	1.66165	-0.678417	-1.25367
1.805	0.616846	1.02048	1.66505	-0.666695	-1.25153
1.81	0.617334	1.02546	1.66838	-0.654957	-1.24933
1.815	0.617837	1.03043	1.67165	-0.643205	-1.2471
1.82	0.618356	1.03541	1.67487	-0.631442	-1.24481
1.825	0.618892	1.04038	1.67803	-0.61967	-1.24249
1.83	0.619442	1.04535	1.68113	-0.607891	-1.24012
1.835	0.620008	1.05032	1.68417	-0.596109	-1.2377
1.84	0.620588	1.05528	1.68715	-0.584324	-1.23525
1.845	0.621183	1.06025	1.69007	-0.572541	-1.23276
1.85	0.621792	1.06521	1.69293	-0.560759	-1.23022
1.855	0.622415	1.07017	1.69573	-0.548983	-1.22765
1.86	0.623052	1.07513	1.69848	-0.537213	-1.22504
1.865	0.623702	1.08009	1.70117	-0.525453	-1.2224
1.87	0.624365	1.08504	1.70379	-0.513704	-1.21971
1.875	0.625041	1.09	1.70636	-0.501967	-1.217
1.88	0.625729	1.09495	1.70887	-0.490246	-1.21425
1.885	0.626429	1.0999	1.71132	-0.478541	-1.21147
1.89	0.627141	1.10485	1.71371	-0.466854	-1.20866
1.895	0.627865	1.1098	1.71605	-0.455189	-1.20581
1.9	0.6286	1.11474	1.71833	-0.443545	-1.20294
1.905	0.629346	1.11969	1.72054	-0.431924	-1.20004
1.91	0.630103	1.12463	1.7227	-0.42033	-1.19711
1.915	0.63087	1.12957	1.7248	-0.408762	-1.19415
1.92	0.631647	1.13451	1.72685	-0.397222	-1.19117
1.925	0.632434	1.13945	1.72883	-0.385713	-1.18816
1.93	0.63323	1.14438	1.73076	-0.374234	-1.18513
1.935	0.634036	1.14932	1.73263	-0.362789	-1.18207
1.94	0.63485	1.15425	1.73445	-0.351377	-1.17899
1.945	0.635674	1.15918	1.7362	-0.340001	-1.17589
1.95	0.636505	1.16411	1.7379	-0.328662	-1.17277
1.955	0.637345	1.16904	1.73955	-0.31736	-1.16963
1.96	0.638193	1.17397	1.74113	-0.306097	-1.16647
1.965	0.639048	1.1789	1.74267	-0.294874	-1.16329
1.97	0.63991	1.18382	1.74414	-0.283692	-1.16009
1.975	0.64078	1.18874	1.74556	-0.272553	-1.15688
1.98	0.641656	1.19367	1.74692	-0.261456	-1.15365
1.985	0.642538	1.19859	1.74823	-0.250403	-1.1504
1.99	0.643427	1.20351	1.74948	-0.239396	-1.14714
1.995	0.644321	1.20843	1.75068	-0.228434	-1.14386
2	0.645222	1.21335	1.75182	-0.217519	-1.14058
2.005	0.646127	1.21826	1.75291	-0.206651	-1.13727
2.01	0.647038	1.22318	1.75394	-0.195831	-1.13396
2.015	0.647953	1.2281	1.75492	-0.18506	-1.13063
2.02	0.648873	1.23301	1.75584	-0.174338	-1.1273
2.025	0.649797	1.23792	1.75672	-0.163667	-1.12395
2.03	0.650726	1.24284	1.75753	-0.153046	-1.1206
2.035	0.651658	1.24775	1.7583	-0.142477	-1.11723
2.04	0.652593	1.25266	1.75901	-0.131959	-1.11386
2.045	0.653532	1.25757	1.75967	-0.121494	-1.11048
2.05	0.654474	1.26248	1.76028	-0.111081	-1.10709
2.055	0.655418	1.26739	1.76083	-0.100722	-1.10369
2.06	0.656365	1.2723	1.76134	-0.0904164	-1.10029
2.065	0.657314	1.27721	1.76179	-0.0801647	-1.09689
2.07	0.658265	1.28212	1.76219	-0.0699673	-1.09348
2.075	0.659218	1.28703	1.76254	-0.0598245	-1.09006
2.08	0.660173	1.29194	1.76284	-0.0497367	-1.08664
2.085	0.661128	1.29684	1.76309	-0.0397041	-1.08322
2.09	0.662085	1.30175	1.76329	-0.0297269	-1.07979
2.095	0.663042	1.30666	1.76344	-0.0198054	-1.07636
2.1	0.664	1.31157	1.76354	-0.00993978	-1.07293
2.105	0.664958	1.31647	1.76358	-0.000130148	-1.0695
2.11	0.665916	1.32138	1.76359	0.00962332	-1.06606
2.115	0.666873	1.32629	1.76354	0.0193205	-1.06263
2.12	0.667831	1.3312	1.76344	0.0289613	-1.05919
2.125	0.668787	1.3361	1.7633	0.0385457	-1.05576
2.13	0.669743	1.34101	1.7631	0.0480735	-1.05233
2.135	0.670697	1.34592	1.76286	0.0575447	-1.04889
2.14	0.67165	1.35083	1.76258	0.0669594	-1.04546
2.145	0.672602	1.35574	1.76224	0.0763175	-1.04203
2.15	0.673551	1.36065	1.76186	0.085619	-1.0386
2.155	0.674499	1.36556	1.76143	0.0948639	-1.03517
2.16	0.675444	1.37047	1.76096	0.104052	-1.03175
2.165	0.676386	1.37538	1.76044	0.113184	-1.02833
2.17	0.677326	1.38029	1.75987	0.12226	-1.02491
2.175	0.678263	1.3852	1.75926	0.131279	-1.0215
2.18	0.679196	1.39011	1.7586	0.140243	-1.01809
2.185	0.680126	1.39502	1.7579	0.14915	-1.01468
2.19	0.681053	1.39994	1.75716	0.158001	-1.01128
2.195	0.681975	1.40485	1.75637	0.166797	-1.00788
2.2	0.682894	1.40977	1.75553	0.175537	-1.00449
2.205	0.683808	1.41468	1.75465	0.184221	-1.0011
2.21	0.684717	1.4196	1.75373	0.19285	-0.997721
2.215	0.685622	1.42452	1.75277	0.201425	-0.994345
2.22	0.686522	1.42943	1.75176	0.209944	-0.990975
2.225	0.687417	1.43435	1.75071	0.218409	-0.987612
2.23	0.688306	1.43927	1.74962	0.226819	-0.984255
2.235	0.68919	1.44419	1.74849	0.235175	-0.980904
2.24	0.690068	1.44912	1.74731	0.243477	-0.977561
2.245	0.69094	1.45404	1.74609	0.251725	-0.974224
2.25	0.691806	1.45897	1.74483	0.25992	-0.970895
2.255	0.692665	1.46389	1.74353	0.268062	-0.967573
2.26	0.693518	1.46882	1.74219	0.276151	-0.964258
2.265	0.694364	1.47375	1.74081	0.284187	-0.960952
2.27	0.695203	1.47867	1.73939	0.29217	-0.957653
2.275	0.696035	1.4836	1.73793	0.300102	-0.954362
2.28	0.696859	1.48854	1.73643	0.307982	-0.951079
2.285	0.697676	1.49347	1.73489	0.31581	-0.947805
2.29	0.698485	1.4984	1.73331	0.323587	-0.944539
2.295	0.699286	1.50334	1.73169	0.331313	-0.941282
2.3	0.700079	1.50828	1.73004	0.338989	-0.938034
2.305	0.700863	1.51321	1.72834	0.346614	-0.934794
2.31	0.701639	1.51815	1.72661	0.354189	-0.931563
2.315	0.702406	1.52309	1.72484	0.361714	-0.928341
2.32	0.703165	1.52804	1.72303	0.369191	-0.925129
2.325	0.703914	1.53298	1.72118	0.376618	-0.921926
2.33	0.704654	1.53792	1.7193	0.383996	-0.918732
2.335	0.705384	1.54287	1.71738	0.391326	-0.915547
2.34	0.706104	1.54782	1.71542	0.398609	-0.912372
2.345	0.706815	1.55277	1.71343	0.405843	-0.909207
2.35	0.707516	1.55772	1.7114	0.41303	-0.906051
2.355	0.708206	1.56267	1.70934	0.42017	-0.902905
2.36	0.708887	1.56762	1.70724	0.427264	-0.899768
2.365	0.709556	1.57258	1.7051	0.434311	-0.896642
2.37	0.710215	1.57754	1.70293	0.441312	-0.893525
2.375	0.710863	1.58249	1.70072	0.448267	-0.890418
2.38	0.711499	1.58745	1.69848	0.455178	-0.887322
2.385	0.712125	1.59241	1.6962	0.462043	-0.884235
2.39	0.712739	1.59738	1.69389	0.468864	-0.881158
2.395	0.713341	1.60234	1.69155	0.47564	-0.878091
2.4	0.713931	1.6073	1.68917	0.482372	-0.875035
2.405	0.71451	1.61227	1.68676	0.489061	-0.871988
2.41	0.715076	1.61724	1.68431	0.495707	-0.868952
2.415	0.71563	1.62221	1.68184	0.50231	-0.865926
2.42	0.716172	1.62718	1.67932	0.50887	-0.862909
2.425	0.716701	1.63215	1.67678	0.515389	-0.859903
2.43	0.717217	1.63712	1.6742	0.521865	-0.856908
2.435	0.71772	1.6421	1.67159	0.5283	-0.853922
2.44	0.71821	1.64707	1.66895	0.534693	-0.850946
2.445	0.718687	1.65205	1.66628	0.541046	-0.847981
2.45	0.71915	1.65703	1.66357	0.547359	-0.845025
2.455	0.7196	1.66201	1.66084	0.553631	-0.84208
2.46	0.720035	1.66699	1.65807	0.559864	-0.839145
2.465	0.720457	1.67197	1.65527	0.566057	-0.83622
2.47	0.720865	1.67696	1.65244	0.572211	-0.833305
2.475	0.721258	1.68194	1.64958	0.578326	-0.8304
2.48	0.721638	1.68693	1.64669	0.584403	-0.827505
2.485	0.722002	1.69191	1.64376	0.590442	-0.824619
2.49	0.722352	1.6969	1.64081	0.596443	-0.821744
2.495	0.722687	1.70189	1.63783	0.602407	-0.818879
2.5	0.723007	1.70688	1.63482	0.608333	-0.816023
2.505	0.723311	1.71187	1.63178	0.614223	-0.813177
2.51	0.723601	1.71686	1.6287	0.620076	-0.810341
2.515	0.723875	1.72185	1.6256	0.625893	-0.807514
2.52	0.724133	1.72685	1.62247	0.631674	-0.804698
2.525	0.724375	1.73184	1.61932	0.63742	-0.80189
2.53	0.724602	1.73684	1.61613	0.643131	-0.799093
2.535	0.724813	1.74183	1.61291	0.648807	-0.796304
2.54	0.725007	1.74683	1.60967	0.654448	-0.793525
2.545	0.725185	1.75182	1.6064	0.660055	-0.790755
2.55	0.725346	1.75682	1.6031	0.665628	-0.787995
2.555	0.725491	1.76182	1.59977	0.671168	-0.785244
2.56	0.725619	1.76682	1.59641	0.676674	-0.782502
2.565	0.72573	1.77182	1.59303	0.682148	-0.779768
2.57	0.725824	1.77682	1.58962	0.687588	-0.777044
2.575	0.725901	1.78182	1.58618	0.692996	-0.774329
2.58	0.725961	1.78682	1.58272	0.698373	-0.771622
2.585	0.726003	1.79182	1.57922	0.703717	-0.768924
2.59	0.726028	1.79682	1.57571	0.70903	-0.766235
2.595	0.726035	1.80182	1.57216	0.714311	-0.763554
2.6	0.726023	1.80682	1.56859	0.719562	-0.760882
2.605	0.725994	1.81181	1.56499	0.724782	-0.758218
2.61	0.725947	1.81681	1.56137	0.729972	-0.755562
2.615	0.725882	1.82181	1.55772	0.735132	-0.752915
2.62	0.725798	1.82681	1.55404	0.740262	-0.750275
2.625	0.725696	1.83181	1.55034	0.745362	-0.747644
2.63	0.725575	1.83681	1.54661	0.750433	-0.74502
2.635	0.725435	1.84181	1.54286	0.755476	-0.742404
2.64	0.725277	1.84681	1.53908	0.760489	-0.739796
2.645	0.725099	1.8518	1.53528	0.765475	-0.737196
2.65	0.724903	1.8568	1.53145	0.770432	-0.734602
2.655	0.724687	1.86179	1.5276	0.775361	-0.732017
2.66	0.724451	1.86679	1.52373	0.780263	-0.729438
2.665	0.724197	1.87178	1.51982	0.785137	-0.726866
2.67	0.723922	1.87678	1.5159	0.789984	-0.724302
2.675	0.723628	1.88177	1.51195	0.794804	-0.721744
2.68	0.723314	1.88676	1.50797	0.799598	-0.719194
2.685	0.72298	1.89175	1.50398	0.804366	-0.71665
2.69	0.722627	1.89673	1.49995	0.809107	-0.714112
2.695	0.722252	1.90172	1.49591	0.813823	-0.711581
2.7	0.721858	1.9067	1.49184	0.818513	-0.709056
2.705	0.721443	1.91169	1.48775	0.823178	-0.706538
2.71	0.721008	1.91667	1.48363	0.827817	-0.704025
2.715	0.720552	1.92165	1.47949	0.832432	-0.701518
2.72	0.720076	1.92662	1.47533	0.837023	-0.699018
2.725	0.719578	1.9316	1.47115	0.841588	-0.696523
2.73	0.71906	1.93657	1.46694	0.84613	-0.694033
2.735	0.71852	1.94154	1.46271	0.850648	-0.691549
2.74	0.71796	1.94651	1.45845	0.855142	-0.68907
2.745	0.717378	1.95148	1.45418	0.859613	-0.686597
2.75	0.716775	1.95644	1.44988	0.864061	-0.684129
2.755	0.71615	1.9614	1.44556	0.868485	-0.681665
2.76	0.715504	1.96636	1.44122	0.872887	-0.679206
2.765	0.714837	1.97132	1.43685	0.877267	-0.676752
2.77	0.714147	1.97627	1.43247	0.881624	-0.674303
2.775	0.713436	1.98122	1.42806	0.885959	-0.671858
2.78	0.712703	1.98616	1.42363	0.890272	-0.669417
2.785	0.711948	1.9911	1.41918	0.894563	-0.66698
2.79	0.71117	1.99604	1.4147	0.898833	-0.664547
2.795	0.710371	2.00098	1.41021	0.903082	-0.662119
2.8	0.709549	2.00591	1.40569	0.90731	-0.659693
2.805	0.708705	2.01084	1.40116	0.911516	-0.657272
2.81	0.707838	2.01576	1.3966	0.915703	-0.654854
2.815	0.706949	2.02068	1.39202	0.919869	-0.652439
2.82	0.706037	2.0256	1.38742	0.924014	-0.650027
2.825	0.705103	2.03051	1.3828	0.92814	-0.647619
2.83	0.704146	2.03542	1.37816	0.932246	-0.645213
2.835	0.703166	2.04032	1.3735	0.936332	-0.64281
2.84	0.702163	2.04522	1.36882	0.940399	-0.640409
2.845	0.701137	2.05012	1.36412	0.944446	-0.638011
2.85	0.700087	2.055	1.35939	0.948475	-0.635615
2.855	0.699015	2.05989	1.35465	0.952485	-0.633222
2.86	0.69792	2.06477	1.34989	0.956476	-0.63083
2.865	0.696801	2.06964	1.34511	0.960449	-0.628441
2.87	0.695658	2.07451	1.34031	0.964403	-0.626053
2.875	0.694493	2.07937	1.33548	0.968339	-0.623666
2.88	0.693303	2.08423	1.33064	0.972258	-0.621281
2.885	0.69209	2.08908	1.32578	0.976159	-0.618898
2.89	0.690854	2.09392	1.3209	0.980042	-0.616515
2.895	0.689594	2.09876	1.316	0.983908	-0.614134
2.9	0.68831	2.10359	1.31108	0.987757	-0.611753
2.905	0.687002	2.10842	1.30614	0.991588	-0.609373
2.91	0.68567	2.11324	1.30118	0.995403	-0.606994
2.915	0.684314	2.11805	1.29621	0.999202	-0.604615
2.92	0.682934	2.12286	1.29121	1.00298	-0.602236
2.925	0.681531	2.12765	1.28619	1.00675	-0.599857
2.93	0.680103	2.13245	1.28116	1.0105	-0.597479
2.935	0.67865	2.13723	1.27611	1.01423	-0.5951
2.94	0.677174	2.14201	1.27104	1.01795	-0.592721
2.945	0.675673	2.14678	1.26595	1.02165	-0.590341
2.95	0.674148	2.15154	1.26084	1.02534	-0.587961
2.955	0.672599	2.15629	1.25571	1.02901	-0.58558
2.96	0.671025	2.16104	1.25057	1.03267	-0.583198
2.965	0.669426	2.16578	1.2454	1.03631	-0.580815
2.97	0.667803	2.17051	1.24022	1.03994	-0.578431
2.975	0.666156	2.17523	1.23502	1.04355	-0.576045
2.98	0.664484	2.17994	1.22981	1.04715	-0.573658
2.985	0.662787	2.18464	1.22457	1.05073	-0.571269
2.99	0.661066	2.18934	1.21932	1.0543	-0.568879
2.995	0.659319	2.19402	1.21404	1.05785	-0.566486
3	0.657548	2.1987	1.20876	1.0614	-0.564092
3.005	0.655753	2.20336	1.20345	1.06492	-0.561695
3.01	0.653932	2.20802	1.19812	1.06844	-0.559296
3.015	0.652087	2.21267	1.19278	1.07194	-0.556894
3.02	0.650217	2.2173	1.18742	1.07543	-0.55449
3.025	0.648321	2.22193	1.18204	1.0789	-0.552082
3.03	0.646401	2.22655	1.17665	1.08237	-0.549672
3.035	0.644456	2.23115	1.17124	1.08581	-0.547259
3.04	0.642486	2.23575	1.16581	1.08925	-0.544843
3.045	0.640491	2.24033	1.16036	1.09268	-0.542423
3.05	0.638471	2.24491	1.1549	1.09609	-0.539999
3.055	0.636426	2.24947	1.14942	1.09949	-0.537572
3.06	0.634356	2.25402	1.14392	1.10288	-0.535142
3.065	0.632261	2.25856	1.13841	1.10626	-0.532707
3.07	0.63014	2.26309	1.13288	1.10962	-0.530268
3.075	0.627995	2.26761	1.12733	1.11298	-0.527825
3.08	0.625825	2.27211	1.12176	1.11632	-0.525377
3.085	0.623629	2.2766	1.11618	1.11965	-0.522925
3.09	0.621408	2.28108	1.11058	1.12297	-0.520469
3.095	0.619162	2.28555	1.10497	1.12628	-0.518008
3.1	0.616892	2.29	1.09934	1.12958	-0.515541
3.105	0.614596	2.29445	1.09369	1.13287	-0.51307
3.11	0.612274	2.29887	1.08802	1.13615	-0.510594
3.115	0.609928	2.30329	1.08234	1.13942	-0.508112
3.12	0.607557	2.30769	1.07665	1.14268	-0.505625
3.125	0.60516	2.31208	1.07093	1.14593	-0.503132
3.13	0.602738	2.31645	1.0652	1.14916	-0.500633
3.135	0.600292	2.32082	1.05946	1.15239	-0.498129
3.14	0.59782	2.32516	1.0537	1.15561	-0.495619
3.145	0.595323	2.32949	1.04792	1.15883	-0.493102
3.15	0.592801	2.33381	1.04212	1.16203	-0.49058
3.155	0.590254	2.33811	1.03631	1.16522	-0.488051
3.16	0.587682	2.3424	1.03049	1.1684	-0.485516
3.165	0.585085	2.34667	1.02465	1.17158	-0.482974
3.17	0.582463	2.35093	1.01879	1.17475	-0.480425
3.175	0.579816	2.35517	1.01291	1.17791	-0.477869
3.18	0.577144	2.3594	1.00702	1.18106	-0.475307
3.185	0.574447	2.36361	1.00112	1.1842	-0.472737
3.19	0.571726	2.3678	0.995198	1.18734	-0.470161
3.195	0.568979	2.37198	0.989261	1.19046	-0.467577
3.2	0.566208	2.37614	0.983309	1.19359	-0.464985
3.205	0.563412	2.38029	0.977341	1.1967	-0.462386
3.21	0.560591	2.38442	0.971358	1.19981	-0.459779
3.215	0.557745	2.38853	0.965359	1.2029	-0.457165
3.22	0.554875	2.39262	0.959344	1.206	-0.454543
3.225	0.55198	2.3967	0.953314	1.20908	-0.451912
3.23	0.549061	2.40076	0.947269	1.21216	-0.449274
3.235	0.546116	2.4048	0.941208	1.21524	-0.446627
3.24	0.543148	2.40882	0.935132	1.21831	-0.443972
3.245	0.540155	2.41283	0.92904	1.22137	-0.441309
3.25	0.537137	2.41682	0.922933	1.22442	-0.438637
3.255	0.534096	2.42078	0.916811	1.22748	-0.435956
3.26	0.53103	2.42473	0.910674	1.23052	-0.433267
3.265	0.527939	2.42866	0.904521	1.23356	-0.430569
3.27	0.524825	2.43258	0.898353	1.2366	-0.427862
3.275	0.521686	2.43647	0.89217	1.23963	-0.425145
3.28	0.518524	2.44034	0.885972	1.24266	-0.42242
3.285	0.515337	2.44419	0.879759	1.24568	-0.419686
3.29	0.512126	2.44803	0.873531	1.2487	-0.416942
3.295	0.508892	2.45184	0.867287	1.25171	-0.414189
3.3	0.505633	2.45563	0.861029	1.25473	-0.411426
3.305	0.502351	2.4594	0.854755	1.25773	-0.408654
3.31	0.499046	2.46315	0.848466	1.26074	-0.405872
3.315	0.495717	2.46689	0.842163	1.26374	-0.40308
3.32	0.492364	2.47059	0.835844	1.26674	-0.400278
3.325	0.488988	2.47428	0.82951	1.26974	-0.397467
3.33	0.485588	2.47795	0.823161	1.27273	-0.394645
3.335	0.482165	2.48159	0.816798	1.27573	-0.391813
3.34	0.478719	2.48522	0.810419	1.27872	-0.388971
3.345	0.47525	2.48882	0.804026	1.28171	-0.386119
3.35	0.471758	2.4924	0.797617	1.2847	-0.383257
3.355	0.468243	2.49595	0.791194	1.28769	-0.380384
3.36	0.464705	2.49949	0.784755	1.29067	-0.3775
3.365	0.461145	2.503	0.778302	1.29366	-0.374606
3.37	0.457562	2.50648	0.771833	1.29665	-0.371702
3.375	0.453956	2.50995	0.76535	1.29963	-0.368786
3.38	0.450328	2.51339	0.758852	1.30262	-0.36586
3.385	0.446677	2.5168	0.752339	1.30561	-0.362923
3.39	0.443005	2.5202	0.745811	1.3086	-0.359975
3.395	0.43931	2.52357	0.739268	1.31159	-0.357017
3.4	0.435593	2.52691	0.73271	1.31459	-0.354047
3.405	0.431854	2.53023	0.726137	1.31758	-0.351066
3.41	0.428094	2.53353	0.719549	1.32058	-0.348074
3.415	0.424312	2.5368	0.712946	1.32358	-0.34507
3.42	0.420508	2.54004	0.706328	1.32659	-0.342056
3.425	0.416683	2.54326	0.699695	1.32959	-0.33903
3.43	0.412836	2.54646	0.693047	1.33261	-0.335992
3.435	0.408968	2.54962	0.686384	1.33562	-0.332944
3.44	0.40508	2.55277	0.679706	1.33864	-0.329883
3.445	0.40117	2.55588	0.673013	1.34167	-0.326812
3.45	0.397239	2.55897	0.666305	1.3447	-0.323728
3.455	0.393288	2.56204	0.659581	1.34774	-0.320633
3.46	0.389316	2.56507	0.652843	1.35079	-0.317526
3.465	0.385324	2.56809	0.646089	1.35384	-0.314408
3.47	0.381312	2.57107	0.639319	1.3569	-0.311278
3.475	0.377279	2.57402	0.632535	1.35997	-0.308136
3.48	0.373226	2.57695	0.625735	1.36304	-0.304982
3.485	0.369154	2.57985	0.61892	1.36613	-0.301816
3.49	0.365061	2.58273	0.612089	1.36923	-0.298638
3.495	0.36095	2.58557	0.605243	1.37233	-0.295448
3.5	0.356818	2.58839	0.598381	1.37545	-0.292247
3.505	0.352668	2.59118	0.591504	1.37858	-0.289033
3.51	0.348498	2.59394	0.584611	1.38172	-0.285807
3.515	0.34431	2.59667	0.577703	1.38488	-0.282569
3.52	0.340102	2.59937	0.570778	1.38805	-0.279319
3.525	0.335876	2.60204	0.563838	1.39123	-0.276056
3.53	0.331632	2.60468	0.556882	1.39443	-0.272782
3.535	0.327369	2.6073	0.54991	1.39765	-0.269495
3.54	0.323088	2.60988	0.542921	1.40088	-0.266195
3.545	0.318789	2.61243	0.535917	1.40413	-0.262884
3.55	0.314472	2.61495	0.528896	1.4074	-0.25956
3.555	0.310138	2.61745	0.521859	1.41069	-0.256224
3.56	0.305786	2.61991	0.514806	1.414	-0.252875
3.565	0.301416	2.62234	0.507736	1.41734	-0.249514
3.57	0.29703	2.62474	0.500649	1.42069	-0.24614
3.575	0.292627	2.62711	0.493546	1.42408	-0.242754
3.58	0.288207	2.62945	0.486425	1.42748	-0.239355
3.585	0.28377	2.63175	0.479288	1.43092	-0.235944
3.59	0.279317	2.63403	0.472133	1.43438	-0.23252
3.595	0.274848	2.63627	0.464961	1.43787	-0.229084
3.6	0.270363	2.63848	0.457772	1.44139	-0.225635
3.605	0.265862	2.64065	0.450565	1.44495	-0.222173
3.61	0.261345	2.6428	0.44334	1.44854	-0.218699
3.615	0.256813	2.64491	0.436098	1.45217	-0.215211
3.62	0.252266	2.64699	0.428837	1.45584	-0.211711
3.625	0.247703	2.64904	0.421558	1.45954	-0.208199
3.63	0.243126	2.65105	0.41426	1.46329	-0.204673
3.635	0.238535	2.65303	0.406943	1.46709	-0.201134
3.64	0.233929	2.65497	0.399608	1.47093	-0.197583
3.645	0.229308	2.65688	0.392253	1.47483	-0.194019
3.65	0.224674	2.65876	0.384879	1.47877	-0.190441
3.655	0.220026	2.6606	0.377485	1.48277	-0.186851
3.66	0.215365	2.66241	0.370071	1.48683	-0.183248
3.665	0.21069	2.66419	0.362637	1.49096	-0.179631
3.67	0.206002	2.66593	0.355182	1.49515	-0.176002
3.675	0.201301	2.66763	0.347707	1.49941	-0.172359
3.68	0.196588	2.6693	0.34021	1.50374	-0.168703
3.685	0.191862	2.67093	0.332691	1.50815	-0.165034
3.69	0.187124	2.67253	0.32515	1.51265	-0.161352
3.695	0.182374	2.67409	0.317587	1.51724	-0.157656
3.7	0.177612	2.67561	0.310001	1.52192	-0.153947
3.705	0.172839	2.6771	0.302391	1.52671	-0.150224
3.71	0.168055	2.67856	0.294758	1.5316	-0.146488
3.715	0.163259	2.67997	0.2871	1.53661	-0.142739
3.72	0.158453	2.68135	0.279417	1.54174	-0.138976
3.725	0.153637	2.68269	0.271708	1.54702	-0.1352
3.73	0.14881	2.684	0.263973	1.55243	-0.13141
3.735	0.143973	2.68526	0.256211	1.558	-0.127607
3.74	0.139127	2.68649	0.248421	1.56375	-0.12379
3.745	0.134271	2.68769	0.240602	1.56967	-0.119959
3.75	0.129406	2.68884	0.232754	1.5758	-0.116115
3.755	0.124531	2.68995	0.224875	1.58214	-0.112258
3.76	0.119649	2.69103	0.216964	1.58873	-0.108388
3.765	0.114757	2.69207	0.20902	1.59558	-0.104504
3.77	0.109858	2.69307	0.201042	1.60273	-0.100608
3.775	0.104951	2.69403	0.193029	1.61019	-0.096699
3.78	0.100036	2.69494	0.184978	1.61803	-0.0927782
3.785	0.0951143	2.69582	0.176888	1.62627	-0.0888461
3.79	0.0901854	2.69666	0.168756	1.63497	-0.0849035
3.795	0.0852497	2.69746	0.160581	1.6442	-0.0809514
3.8	0.0803076	2.69822	0.15236	1.65403	-0.0769914
3.805	0.0753594	2.69894	0.14409	1.66457	-0.0730255
3.81	0.0704054	2.69962	0.135767	1.67595	-0.0690564
3.815	0.065446	2.70025	0.127388	1.68831	-0.065088
3.82	0.0604813	2.70085	0.118946	1.70187	-0.0611255
3.825	0.0555117	2.7014	0.110437	1.71693	-0.0571764
3.83	0.0505377	2.70191	0.101852	1.73387	-0.0532515
3.835	0.0455593	2.70237	0.0931827	1.75326	-0.0493668
3.84	0.0405771	2.70279	0.0844164	1.77597	-0.0455471
3.845	0.0355914	2.70317	0.0755366	1.80337	-0.0418313
3.85	0.0306025	2.7035	0.0665197	1.83775	-0.0382852
3.855	0.0256107	2.70379	0.057331	1.8834	-0.0350262
3.86	0.0206164	2.70403	0.047914	1.94909	-0.0322849
3.865	0.0156201	2.70422	0.0381685	2.05593	-0.0305774
3.87	0.010622	2.70436	0.0278889	2.26777	-0.0313323
3.875	0.00562269	2.70444	0.01655	2.86893	-0.0405032
3.88	0.0006227	2.70445	0.00220542	6.82001	-0.14316
