descriptor s_test R_test Z_test
0	1.49063	9.99999e-006	0.002	-0.402866	-0.00161896
0.005	1.48563	3.00716e-005	0.00401433	-0.405742	-0.00325695
0.01	1.48063	6.02866e-005	0.00604304	-0.408631	-0.00491406
0.015	1.47563	0.000100717	0.00808619	-0.411531	-0.00659037
0.02	1.47063	0.000151435	0.0101438	-0.414442	-0.00828597
0.025	1.46563	0.000212514	0.0122161	-0.417366	-0.0100009
0.03	1.46063	0.000284026	0.0143029	-0.420302	-0.0117353
0.035	1.45563	0.000366045	0.0164044	-0.42325	-0.0134893
0.04	1.45063	0.000458642	0.0185206	-0.42621	-0.0152628
0.045	1.44563	0.000561894	0.0206517	-0.429184	-0.0170561
0.05	1.44064	0.000675872	0.0227976	-0.43217	-0.0188691
0.055	1.43564	0.000800651	0.0249585	-0.43517	-0.020702
0.06	1.43064	0.000936306	0.0271343	-0.438183	-0.0225549
0.065	1.42564	0.00108291	0.0293252	-0.44121	-0.0244278
0.07	1.42064	0.00124054	0.0315313	-0.44425	-0.0263208
0.075	1.41565	0.00140927	0.0337525	-0.447305	-0.0282341
0.08	1.41065	0.00158918	0.0359891	-0.450374	-0.0301676
0.085	1.40565	0.00178034	0.0382409	-0.453457	-0.0321216
0.09	1.40066	0.00198282	0.0405082	-0.456555	-0.034096
0.095	1.39566	0.00219671	0.042791	-0.459668	-0.0360911
0.1	1.39067	0.00242208	0.0450893	-0.462796	-0.0381068
0.105	1.38567	0.00265901	0.0474033	-0.46594	-0.0401432
0.11	1.38068	0.00290757	0.049733	-0.469099	-0.0422006
0.115	1.37569	0.00316785	0.0520785	-0.472274	-0.0442789
0.12	1.37069	0.00343991	0.0544399	-0.475465	-0.0463782
0.125	1.3657	0.00372385	0.0568172	-0.478673	-0.0484986
0.13	1.36071	0.00401973	0.0592106	-0.481897	-0.0506403
0.135	1.35572	0.00432763	0.06162	-0.485138	-0.0528034
0.14	1.35073	0.00464764	0.0640457	-0.488396	-0.0549879
0.145	1.34574	0.00497983	0.0664877	-0.491672	-0.0571939
0.15	1.34075	0.00532429	0.0689461	-0.494965	-0.0594215
0.155	1.33577	0.00568109	0.0714209	-0.498276	-0.0616708
0.16	1.33078	0.00605032	0.0739123	-0.501606	-0.063942
0.165	1.32579	0.00643205	0.0764203	-0.504954	-0.0662352
0.17	1.32081	0.00682636	0.0789451	-0.50832	-0.0685503
0.175	1.31583	0.00723335	0.0814867	-0.511706	-0.0708876
0.18	1.31084	0.00765308	0.0840452	-0.515111	-0.0732472
0.185	1.30586	0.00808564	0.0866208	-0.518536	-0.075629
0.19	1.30088	0.00853112	0.0892134	-0.52198	-0.0780334
0.195	1.2959	0.00898959	0.0918233	-0.525445	-0.0804603
0.2	1.29093	0.00946114	0.0944506	-0.52893	-0.0829099
0.205	1.28595	0.00994585	0.0970952	-0.532436	-0.0853822
0.21	1.28097	0.0104438	0.0997574	-0.535964	-0.0878775
0.215	1.276	0.0109551	0.102437	-0.539512	-0.0903957
0.22	1.27103	0.0114798	0.105135	-0.543083	-0.0929371
0.225	1.26606	0.012018	0.10785	-0.546675	-0.0955017
0.23	1.26109	0.0125698	0.110584	-0.55029	-0.0980896
0.235	1.25612	0.0131353	0.113335	-0.553928	-0.100701
0.24	1.25115	0.0137145	0.116105	-0.557588	-0.103336
0.245	1.24619	0.0143076	0.118893	-0.561272	-0.105995
0.25	1.24122	0.0149145	0.121699	-0.56498	-0.108677
0.255	1.23626	0.0155356	0.124524	-0.568712	-0.111383
0.26	1.2313	0.0161707	0.127367	-0.572468	-0.114114
0.265	1.22635	0.01682	0.13023	-0.576249	-0.116868
0.27	1.22139	0.0174836	0.133111	-0.580056	-0.119647
0.275	1.21644	0.0181615	0.136011	-0.583887	-0.122451
0.28	1.21149	0.018854	0.138931	-0.587745	-0.125279
0.285	1.20654	0.0195609	0.141869	-0.591629	-0.128131
0.29	1.20159	0.0202825	0.144828	-0.595539	-0.131008
0.295	1.19664	0.0210189	0.147805	-0.599477	-0.133911
0.3	1.1917	0.02177	0.150803	-0.603442	-0.136838
0.305	1.18676	0.0225361	0.15382	-0.607435	-0.13979
0.31	1.18182	0.0233172	0.156857	-0.611456	-0.142768
0.315	1.17688	0.0241133	0.159914	-0.615505	-0.145771
0.32	1.17195	0.0249247	0.162992	-0.619584	-0.1488
0.325	1.16702	0.0257513	0.16609	-0.623692	-0.151855
0.33	1.16209	0.0265933	0.169208	-0.62783	-0.154935
0.335	1.15716	0.0274508	0.172347	-0.631998	-0.158041
0.34	1.15224	0.0283239	0.175507	-0.636197	-0.161174
0.345	1.14732	0.0292126	0.178688	-0.640426	-0.164332
0.35	1.1424	0.030117	0.18189	-0.644688	-0.167518
0.355	1.13749	0.0310373	0.185114	-0.648981	-0.170729
0.36	1.13258	0.0319735	0.188359	-0.653307	-0.173968
0.365	1.12767	0.0329258	0.191625	-0.657666	-0.177233
0.37	1.12276	0.0338942	0.194914	-0.662058	-0.180525
0.375	1.11786	0.0348789	0.198224	-0.666485	-0.183844
0.38	1.11296	0.0358798	0.201556	-0.670945	-0.187191
0.385	1.10807	0.0368972	0.204911	-0.67544	-0.190565
0.39	1.10317	0.0379312	0.208288	-0.67997	-0.193967
0.395	1.09829	0.0389817	0.211688	-0.684537	-0.197396
0.4	1.0934	0.040049	0.215111	-0.689139	-0.200853
0.405	1.08852	0.0411331	0.218557	-0.693778	-0.204338
0.41	1.08364	0.0422341	0.222025	-0.698455	-0.207852
0.415	1.07877	0.0433522	0.225518	-0.703169	-0.211394
0.42	1.0739	0.0444874	0.229034	-0.707921	-0.214964
0.425	1.06903	0.0456398	0.232573	-0.712712	-0.218563
0.43	1.06417	0.0468095	0.236137	-0.717543	-0.222191
0.435	1.05932	0.0479967	0.239724	-0.722413	-0.225847
0.44	1.05446	0.0492014	0.243337	-0.727324	-0.229533
0.445	1.04962	0.0504238	0.246973	-0.732275	-0.233248
0.45	1.04477	0.0516638	0.250635	-0.737268	-0.236993
0.455	1.03993	0.0529218	0.254321	-0.742303	-0.240767
0.46	1.0351	0.0541977	0.258032	-0.747381	-0.244572
0.465	1.03027	0.0554916	0.261769	-0.752501	-0.248406
0.47	1.02544	0.0568037	0.265532	-0.757666	-0.25227
0.475	1.02062	0.0581341	0.26932	-0.762874	-0.256164
0.48	1.01581	0.0594829	0.273134	-0.768128	-0.260089
0.485	1.011	0.0608501	0.276975	-0.773427	-0.264045
0.49	1.0062	0.0622359	0.280842	-0.778771	-0.268031
0.495	1.0014	0.0636405	0.284736	-0.784163	-0.272049
0.5	0.996604	0.0650638	0.288657	-0.789601	-0.276097
0.505	0.991816	0.066506	0.292605	-0.795088	-0.280177
0.51	0.987035	0.0679673	0.29658	-0.800622	-0.284288
0.515	0.982259	0.0694477	0.300583	-0.806206	-0.288431
0.52	0.977489	0.0709473	0.304615	-0.811839	-0.292606
0.525	0.972725	0.0724663	0.308674	-0.817523	-0.296813
0.53	0.967968	0.0740047	0.312761	-0.823257	-0.301052
0.535	0.963217	0.0755627	0.316878	-0.829043	-0.305323
0.54	0.958472	0.0771404	0.321023	-0.83488	-0.309627
0.545	0.953734	0.0787379	0.325197	-0.840771	-0.313964
0.55	0.949003	0.0803553	0.329401	-0.846714	-0.318333
0.555	0.944279	0.0819927	0.333635	-0.852712	-0.322736
0.56	0.939562	0.0836502	0.337898	-0.858764	-0.327171
0.565	0.934852	0.0853279	0.342192	-0.864872	-0.33164
0.57	0.930149	0.0870261	0.346516	-0.871035	-0.336143
0.575	0.925453	0.0887446	0.350872	-0.877255	-0.340679
0.58	0.920766	0.0904838	0.355258	-0.883531	-0.345249
0.585	0.916086	0.0922437	0.359675	-0.889866	-0.349854
0.59	0.911413	0.0940243	0.364125	-0.896259	-0.354492
0.595	0.906749	0.0958259	0.368606	-0.90271	-0.359165
0.6	0.902093	0.0976485	0.37312	-0.909222	-0.363873
0.605	0.897446	0.0994923	0.377666	-0.915794	-0.368615
0.61	0.892806	0.101357	0.382245	-0.922426	-0.373392
0.615	0.888176	0.103244	0.386857	-0.92912	-0.378204
0.62	0.883554	0.105152	0.391502	-0.935877	-0.383051
0.625	0.878942	0.107081	0.396182	-0.942695	-0.387934
0.63	0.874338	0.109032	0.400895	-0.949578	-0.392852
0.635	0.869744	0.111005	0.405643	-0.956524	-0.397805
0.64	0.865159	0.113	0.410426	-0.963535	-0.402795
0.645	0.860584	0.115017	0.415244	-0.970611	-0.40782
0.65	0.856019	0.117057	0.420097	-0.977752	-0.412882
0.655	0.851463	0.119118	0.424985	-0.98496	-0.41798
0.66	0.846918	0.121202	0.42991	-0.992235	-0.423114
0.665	0.842384	0.123309	0.434871	-0.999578	-0.428284
0.67	0.83786	0.125438	0.439869	-1.00699	-0.433491
0.675	0.833347	0.12759	0.444904	-1.01447	-0.438735
0.68	0.828844	0.129764	0.449976	-1.02201	-0.444015
0.685	0.824353	0.131962	0.455087	-1.02963	-0.449332
0.69	0.819873	0.134183	0.460235	-1.03732	-0.454687
0.695	0.815405	0.136427	0.465421	-1.04508	-0.460078
0.7	0.810949	0.138694	0.470647	-1.0529	-0.465507
0.705	0.806504	0.140985	0.475911	-1.0608	-0.470972
0.71	0.802072	0.143299	0.481215	-1.06878	-0.476475
0.715	0.797653	0.145637	0.486559	-1.07682	-0.482016
0.72	0.793245	0.147999	0.491943	-1.08494	-0.487594
0.725	0.788851	0.150384	0.497368	-1.09313	-0.493209
0.73	0.78447	0.152794	0.502834	-1.10139	-0.498862
0.735	0.780102	0.155227	0.50834	-1.10972	-0.504552
0.74	0.775748	0.157685	0.513889	-1.11813	-0.51028
0.745	0.771408	0.160167	0.51948	-1.12661	-0.516045
0.75	0.767081	0.162674	0.525113	-1.13517	-0.521848
0.755	0.762769	0.165205	0.530789	-1.1438	-0.527689
0.76	0.758472	0.167761	0.536508	-1.15251	-0.533566
0.765	0.754189	0.170341	0.54227	-1.16129	-0.539482
0.77	0.749922	0.172946	0.548077	-1.17014	-0.545434
0.775	0.745669	0.175577	0.553927	-1.17907	-0.551424
0.78	0.741433	0.178232	0.559823	-1.18807	-0.557451
0.785	0.737212	0.180912	0.565763	-1.19715	-0.563515
0.79	0.733007	0.183618	0.571749	-1.2063	-0.569616
0.795	0.728818	0.186348	0.57778	-1.21552	-0.575753
0.8	0.724647	0.189105	0.583858	-1.22481	-0.581928
0.805	0.720492	0.191886	0.589982	-1.23418	-0.588138
0.81	0.716355	0.194694	0.596153	-1.24362	-0.594385
0.815	0.712235	0.197527	0.602371	-1.25314	-0.600668
0.82	0.708132	0.200385	0.608637	-1.26272	-0.606987
0.825	0.704048	0.20327	0.61495	-1.27238	-0.613341
0.83	0.699983	0.206181	0.621312	-1.2821	-0.61973
0.835	0.695936	0.209117	0.627723	-1.2919	-0.626154
0.84	0.691908	0.21208	0.634182	-1.30176	-0.632613
0.845	0.6879	0.215068	0.640691	-1.31169	-0.639106
0.85	0.683911	0.218083	0.647249	-1.32168	-0.645632
0.855	0.679942	0.221125	0.653858	-1.33174	-0.652192
0.86	0.675994	0.224192	0.660516	-1.34186	-0.658784
0.865	0.672066	0.227286	0.667226	-1.35205	-0.66541
0.87	0.66816	0.230407	0.673986	-1.36229	-0.672066
0.875	0.664274	0.233554	0.680797	-1.37259	-0.678755
0.88	0.660411	0.236728	0.68766	-1.38295	-0.685473
0.885	0.656569	0.239928	0.694575	-1.39337	-0.692222
0.89	0.65275	0.243155	0.701542	-1.40384	-0.699001
0.895	0.648953	0.246409	0.708561	-1.41436	-0.705808
0.9	0.64518	0.249689	0.715633	-1.42493	-0.712643
0.905	0.64143	0.252996	0.722758	-1.43554	-0.719505
0.91	0.637704	0.25633	0.729935	-1.4462	-0.726393
0.915	0.634002	0.259691	0.737166	-1.4569	-0.733307
0.92	0.630325	0.263079	0.744451	-1.46763	-0.740246
0.925	0.626672	0.266494	0.751789	-1.4784	-0.747208
0.93	0.623045	0.269936	0.759181	-1.48921	-0.754193
0.935	0.619444	0.273404	0.766627	-1.50004	-0.7612
0.94	0.615869	0.2769	0.774127	-1.51089	-0.768227
0.945	0.61232	0.280422	0.781682	-1.52177	-0.775274
0.95	0.608798	0.283971	0.78929	-1.53266	-0.782339
0.955	0.605304	0.287547	0.796954	-1.54357	-0.78942
0.96	0.601837	0.29115	0.804672	-1.55449	-0.796518
0.965	0.598399	0.29478	0.812444	-1.56541	-0.803629
0.97	0.594988	0.298437	0.820271	-1.57632	-0.810754
0.975	0.591607	0.30212	0.828153	-1.58724	-0.81789
0.98	0.588255	0.30583	0.836089	-1.59814	-0.825036
0.985	0.584933	0.309567	0.84408	-1.60903	-0.83219
0.99	0.581641	0.313331	0.852125	-1.61989	-0.839351
0.995	0.57838	0.317121	0.860224	-1.63073	-0.846518
1	0.57515	0.320937	0.868378	-1.64153	-0.853687
1.005	0.571951	0.32478	0.876586	-1.6523	-0.860858
1.01	0.568784	0.328649	0.884847	-1.66302	-0.868028
1.015	0.565649	0.332544	0.893162	-1.67369	-0.875196
1.02	0.562547	0.336466	0.901531	-1.68429	-0.88236
1.025	0.559478	0.340413	0.909952	-1.69483	-0.889517
1.03	0.556443	0.344386	0.918426	-1.7053	-0.896666
1.035	0.553441	0.348385	0.926953	-1.71569	-0.903804
1.04	0.550474	0.35241	0.935531	-1.72599	-0.910929
1.045	0.547542	0.35646	0.944161	-1.73619	-0.918039
1.05	0.544645	0.360535	0.952842	-1.74629	-0.925132
1.055	0.541784	0.364636	0.961573	-1.75627	-0.932204
1.06	0.538959	0.368761	0.970355	-1.76613	-0.939254
1.065	0.536171	0.372911	0.979185	-1.77586	-0.946278
1.07	0.533419	0.377086	0.988065	-1.78546	-0.953275
1.075	0.530705	0.381285	0.996992	-1.7949	-0.960242
1.08	0.528029	0.385509	1.00597	-1.80419	-0.967176
1.085	0.525391	0.389756	1.01499	-1.81331	-0.974074
1.09	0.522791	0.394027	1.02405	-1.82225	-0.980933
1.095	0.520231	0.398322	1.03317	-1.83101	-0.987751
1.1	0.517709	0.40264	1.04232	-1.83957	-0.994524
1.105	0.515228	0.40698	1.05152	-1.84792	-1.00125
1.11	0.512787	0.411344	1.06076	-1.85606	-1.00793
1.115	0.510387	0.41573	1.07004	-1.86397	-1.01455
1.12	0.508027	0.420138	1.07936	-1.87164	-1.02111
1.125	0.505709	0.424569	1.08872	-1.87907	-1.02762
1.13	0.503433	0.42902	1.09811	-1.88624	-1.03406
1.135	0.501198	0.433493	1.10754	-1.89314	-1.04044
1.14	0.499007	0.437987	1.11701	-1.89976	-1.04675
1.145	0.496857	0.442502	1.12651	-1.9061	-1.05299
1.15	0.494751	0.447037	1.13604	-1.91213	-1.05915
1.155	0.492689	0.451592	1.1456	-1.91786	-1.06523
1.16	0.49067	0.456166	1.15519	-1.92327	-1.07123
1.165	0.488696	0.460759	1.1648	-1.92834	-1.07715
1.17	0.486765	0.465372	1.17445	-1.93308	-1.08297
1.175	0.48488	0.470003	1.18411	-1.93747	-1.08871
1.18	0.483039	0.474652	1.1938	-1.9415	-1.09435
1.185	0.481244	0.479318	1.20351	-1.94516	-1.09989
1.19	0.479494	0.484002	1.21323	-1.94844	-1.10534
1.195	0.477789	0.488702	1.22297	-1.95133	-1.11068
1.2	0.476131	0.493419	1.23273	-1.95383	-1.11591
1.205	0.474519	0.498152	1.2425	-1.95593	-1.12103
1.21	0.472953	0.502901	1.25228	-1.95761	-1.12604
1.215	0.471434	0.507664	1.26207	-1.95887	-1.13093
1.22	0.469961	0.512443	1.27186	-1.95971	-1.1357
1.225	0.468536	0.517235	1.28166	-1.96011	-1.14036
1.23	0.467157	0.522041	1.29146	-1.96007	-1.14488
1.235	0.465826	0.526861	1.30126	-1.95958	-1.14929
1.24	0.464542	0.531693	1.31106	-1.95864	-1.15356
1.245	0.463305	0.536538	1.32085	-1.95724	-1.1577
1.25	0.462116	0.541394	1.33064	-1.95537	-1.16171
1.255	0.460974	0.546262	1.34042	-1.95304	-1.16558
1.26	0.45988	0.551141	1.35018	-1.95024	-1.16931
1.265	0.458833	0.55603	1.35993	-1.94696	-1.1729
1.27	0.457834	0.560929	1.36967	-1.94321	-1.17635
1.275	0.456883	0.565838	1.37938	-1.93898	-1.17966
1.28	0.455979	0.570756	1.38908	-1.93426	-1.18282
1.285	0.455123	0.575682	1.39875	-1.92907	-1.18583
1.29	0.454315	0.580616	1.40839	-1.92339	-1.18869
1.295	0.453554	0.585558	1.41801	-1.91723	-1.19141
1.3	0.45284	0.590507	1.4276	-1.91059	-1.19397
1.305	0.452174	0.595462	1.43715	-1.90348	-1.19638
1.31	0.451555	0.600424	1.44667	-1.89588	-1.19864
1.315	0.450983	0.605391	1.45615	-1.88781	-1.20075
1.32	0.450458	0.610363	1.46559	-1.87927	-1.2027
1.325	0.44998	0.61534	1.47498	-1.87026	-1.2045
1.33	0.449548	0.620322	1.48433	-1.86079	-1.20614
1.335	0.449163	0.625307	1.49364	-1.85086	-1.20763
1.34	0.448823	0.630295	1.50289	-1.84048	-1.20897
1.345	0.44853	0.635287	1.51209	-1.82965	-1.21015
1.35	0.448282	0.64028	1.52124	-1.81838	-1.21118
1.355	0.44808	0.645276	1.53033	-1.80668	-1.21205
1.36	0.447923	0.650274	1.53937	-1.79456	-1.21277
1.365	0.447811	0.655273	1.54834	-1.78202	-1.21334
1.37	0.447743	0.660272	1.55725	-1.76907	-1.21376
1.375	0.447719	0.665272	1.5661	-1.75572	-1.21402
1.38	0.44774	0.670272	1.57487	-1.74199	-1.21414
1.385	0.447804	0.675272	1.58358	-1.72787	-1.21411
1.39	0.447911	0.680271	1.59222	-1.71338	-1.21393
1.395	0.448061	0.685268	1.60079	-1.69854	-1.21361
1.4	0.448253	0.690265	1.60928	-1.68335	-1.21315
1.405	0.448488	0.695259	1.6177	-1.66782	-1.21254
1.41	0.448764	0.700251	1.62604	-1.65196	-1.2118
1.415	0.449081	0.705241	1.6343	-1.63579	-1.21092
1.42	0.449439	0.710229	1.64248	-1.61932	-1.2099
1.425	0.449838	0.715213	1.65057	-1.60255	-1.20874
1.43	0.450276	0.720193	1.65859	-1.58551	-1.20746
1.435	0.450754	0.72517	1.66652	-1.5682	-1.20605
1.44	0.451271	0.730144	1.67436	-1.55064	-1.20451
1.445	0.451826	0.735113	1.68211	-1.53283	-1.20284
1.45	0.45242	0.740077	1.68977	-1.5148	-1.20106
1.455	0.453051	0.745037	1.69735	-1.49655	-1.19915
1.46	0.453719	0.749993	1.70483	-1.47809	-1.19713
1.465	0.454424	0.754943	1.71222	-1.45944	-1.195
1.47	0.455165	0.759887	1.71952	-1.44061	-1.19275
1.475	0.455941	0.764827	1.72672	-1.42162	-1.19039
1.48	0.456753	0.769761	1.73383	-1.40247	-1.18793
1.485	0.457599	0.774688	1.74084	-1.38317	-1.18536
1.49	0.458479	0.77961	1.74776	-1.36374	-1.1827
1.495	0.459393	0.784526	1.75458	-1.34419	-1.17993
1.5	0.460339	0.789436	1.7613	-1.32453	-1.17708
1.505	0.461319	0.794339	1.76792	-1.30478	-1.17412
1.51	0.46233	0.799236	1.77444	-1.28494	-1.17109
1.515	0.463373	0.804126	1.78087	-1.26502	-1.16796
1.52	0.464446	0.809009	1.78719	-1.24504	-1.16475
1.525	0.46555	0.813886	1.79342	-1.225	-1.16146
1.53	0.466684	0.818755	1.79954	-1.20492	-1.15809
1.535	0.467847	0.823618	1.80557	-1.18481	-1.15465
1.54	0.469039	0.828474	1.81149	-1.16467	-1.15113
1.545	0.470259	0.833323	1.81732	-1.14452	-1.14754
1.55	0.471507	0.838165	1.82304	-1.12436	-1.14389
1.555	0.472782	0.842999	1.82866	-1.10421	-1.14017
1.56	0.474084	0.847827	1.83418	-1.08406	-1.13639
1.565	0.475412	0.852647	1.8396	-1.06394	-1.13256
1.57	0.476765	0.857461	1.84492	-1.04385	-1.12866
1.575	0.478144	0.862267	1.85014	-1.02379	-1.12471
1.58	0.479547	0.867066	1.85526	-1.00377	-1.12071
1.585	0.480974	0.871858	1.86028	-0.983809	-1.11666
1.59	0.482425	0.876643	1.8652	-0.963903	-1.11257
1.595	0.483899	0.881421	1.87002	-0.94406	-1.10843
1.6	0.485395	0.886191	1.87474	-0.924289	-1.10425
1.605	0.486914	0.890955	1.87936	-0.904594	-1.10003
1.61	0.488454	0.895712	1.88388	-0.884982	-1.09577
1.615	0.490015	0.900462	1.88831	-0.865457	-1.09147
1.62	0.491596	0.905206	1.89263	-0.846026	-1.08715
1.625	0.493198	0.909942	1.89686	-0.826693	-1.08279
1.63	0.494819	0.914672	1.901	-0.807463	-1.0784
1.635	0.496459	0.919395	1.90503	-0.788341	-1.07399
1.64	0.498118	0.924112	1.90898	-0.76933	-1.06955
1.645	0.499795	0.928822	1.91282	-0.750434	-1.06509
1.65	0.50149	0.933527	1.91658	-0.731658	-1.06061
1.655	0.503202	0.938224	1.92023	-0.713004	-1.05611
1.66	0.50493	0.942916	1.9238	-0.694477	-1.05159
1.665	0.506675	0.947602	1.92727	-0.676079	-1.04706
1.67	0.508436	0.952281	1.93065	-0.657812	-1.04251
1.675	0.510212	0.956955	1.93394	-0.639681	-1.03795
1.68	0.512003	0.961624	1.93714	-0.621686	-1.03338
1.685	0.513808	0.966286	1.94025	-0.60383	-1.0288
1.69	0.515628	0.970943	1.94327	-0.586116	-1.02421
1.695	0.517461	0.975595	1.9462	-0.568545	-1.01962
1.7	0.519308	0.980242	1.94904	-0.551118	-1.01502
1.705	0.521167	0.984883	1.9518	-0.533838	-1.01042
1.71	0.523038	0.98952	1.95446	-0.516705	-1.00581
1.715	0.524922	0.994151	1.95705	-0.499722	-1.0012
1.72	0.526817	0.998778	1.95955	-0.482888	-0.996597
1.725	0.528724	1.0034	1.96196	-0.466205	-0.991992
1.73	0.530641	1.00802	1.96429	-0.449673	-0.987389
1.735	0.532568	1.01263	1.96654	-0.433294	-0.98279
1.74	0.534506	1.01724	1.96871	-0.417067	-0.978196
1.745	0.536453	1.02185	1.97079	-0.400994	-0.973607
1.75	0.538409	1.02645	1.9728	-0.385073	-0.969025
1.755	0.540374	1.03105	1.97472	-0.369306	-0.96445
1.76	0.542348	1.03564	1.97657	-0.353693	-0.959884
1.765	0.54433	1.04023	1.97834	-0.338233	-0.955327
1.77	0.546319	1.04482	1.98003	-0.322926	-0.95078
1.775	0.548316	1.0494	1.98164	-0.307772	-0.946245
1.78	0.55032	1.05398	1.98318	-0.292771	-0.941721
1.785	0.552331	1.05856	1.98465	-0.277922	-0.937209
1.79	0.554348	1.06314	1.98604	-0.263226	-0.932711
1.795	0.556371	1.06771	1.98735	-0.24868	-0.928227
1.8	0.5584	1.07228	1.98859	-0.234285	-0.923758
1.805	0.560434	1.07685	1.98977	-0.22004	-0.919303
1.81	0.562473	1.08141	1.99087	-0.205944	-0.914865
1.815	0.564517	1.08597	1.9919	-0.191997	-0.910442
1.82	0.566565	1.09053	1.99286	-0.178197	-0.906037
1.825	0.568617	1.09509	1.99375	-0.164544	-0.901649
1.83	0.570673	1.09965	1.99457	-0.151037	-0.89728
1.835	0.572732	1.10421	1.99533	-0.137674	-0.892928
1.84	0.574795	1.10876	1.99601	-0.124455	-0.888596
1.845	0.576861	1.11332	1.99664	-0.111379	-0.884282
1.85	0.578928	1.11787	1.99719	-0.0984439	-0.879989
1.855	0.580999	1.12242	1.99768	-0.0856494	-0.875716
1.86	0.583071	1.12697	1.99811	-0.0729941	-0.871463
1.865	0.585145	1.13152	1.99848	-0.0604768	-0.867231
1.87	0.58722	1.13607	1.99878	-0.0480962	-0.86302
1.875	0.589296	1.14062	1.99902	-0.0358513	-0.85883
1.88	0.591373	1.14517	1.9992	-0.0237406	-0.854663
1.885	0.593451	1.14971	1.99932	-0.011763	-0.850517
1.89	0.595529	1.15426	1.99938	8.28653e-005	-0.846394
1.895	0.597607	1.15881	1.99938	0.0117983	-0.842293
1.9	0.599684	1.16336	1.99932	0.0233847	-0.838215
1.905	0.601761	1.16791	1.9992	0.0348432	-0.83416
1.91	0.603838	1.17245	1.99903	0.0461753	-0.830128
1.915	0.605913	1.177	1.9988	0.0573823	-0.82612
1.92	0.607987	1.18155	1.99851	0.0684655	-0.822135
1.925	0.610059	1.1861	1.99817	0.0794264	-0.818174
1.93	0.61213	1.19065	1.99777	0.0902661	-0.814237
1.935	0.614198	1.19521	1.99732	0.100986	-0.810323
1.94	0.616265	1.19976	1.99681	0.111588	-0.806434
1.945	0.618328	1.20431	1.99626	0.122073	-0.802569
1.95	0.620389	1.20887	1.99565	0.132442	-0.798729
1.955	0.622447	1.21343	1.99498	0.142697	-0.794913
1.96	0.624502	1.21798	1.99427	0.152839	-0.791121
1.965	0.626553	1.22254	1.99351	0.162869	-0.787354
1.97	0.6286	1.22711	1.99269	0.172789	-0.783612
1.975	0.630644	1.23167	1.99183	0.182601	-0.779894
1.98	0.632683	1.23623	1.99091	0.192304	-0.776201
1.985	0.634718	1.2408	1.98995	0.201902	-0.772533
1.99	0.636749	1.24537	1.98894	0.211395	-0.76889
1.995	0.638774	1.24994	1.98789	0.220784	-0.765271
2	0.640795	1.25452	1.98678	0.230071	-0.761678
2.005	0.64281	1.25909	1.98563	0.239256	-0.758109
2.01	0.644819	1.26367	1.98444	0.248342	-0.754565
2.015	0.646824	1.26825	1.98319	0.25733	-0.751046
2.02	0.648822	1.27283	1.98191	0.266221	-0.747552
2.025	0.650814	1.27742	1.98058	0.275015	-0.744083
2.03	0.652799	1.28201	1.9792	0.283715	-0.740639
2.035	0.654779	1.2866	1.97778	0.292322	-0.737219
2.04	0.656751	1.29119	1.97632	0.300836	-0.733824
2.045	0.658717	1.29579	1.97482	0.309259	-0.730454
2.05	0.660675	1.30039	1.97327	0.317592	-0.727109
2.055	0.662626	1.305	1.97168	0.325837	-0.723788
2.06	0.66457	1.3096	1.97005	0.333995	-0.720492
2.065	0.666506	1.31421	1.96838	0.342066	-0.71722
2.07	0.668434	1.31883	1.96667	0.350051	-0.713973
2.075	0.670354	1.32344	1.96492	0.357953	-0.71075
2.08	0.672266	1.32806	1.96313	0.365772	-0.707551
2.085	0.674169	1.33269	1.9613	0.373509	-0.704377
2.09	0.676064	1.33731	1.95944	0.381166	-0.701227
2.095	0.67795	1.34194	1.95753	0.388743	-0.698101
2.1	0.679826	1.34658	1.95559	0.396241	-0.694999
2.105	0.681694	1.35122	1.95361	0.403662	-0.691921
2.11	0.683552	1.35586	1.95159	0.411006	-0.688867
2.115	0.685401	1.3605	1.94953	0.418276	-0.685836
2.12	0.68724	1.36515	1.94744	0.42547	-0.68283
2.125	0.689069	1.36981	1.94531	0.432591	-0.679846
2.13	0.690888	1.37446	1.94315	0.43964	-0.676887
2.135	0.692697	1.37913	1.94095	0.446618	-0.67395
2.14	0.694495	1.38379	1.93872	0.453525	-0.671037
2.145	0.696283	1.38846	1.93645	0.460363	-0.668147
2.15	0.69806	1.39313	1.93415	0.467132	-0.66528
2.155	0.699826	1.39781	1.93181	0.473833	-0.662436
2.16	0.701582	1.40249	1.92945	0.480468	-0.659615
2.165	0.703325	1.40718	1.92704	0.487037	-0.656816
2.17	0.705058	1.41187	1.92461	0.493541	-0.65404
2.175	0.706779	1.41656	1.92214	0.499981	-0.651287
2.18	0.708488	1.42126	1.91964	0.506358	-0.648556
2.185	0.710185	1.42597	1.91711	0.512673	-0.645847
2.19	0.71187	1.43067	1.91455	0.518926	-0.64316
2.195	0.713543	1.43539	1.91195	0.525119	-0.640495
2.2	0.715203	1.4401	1.90932	0.531251	-0.637852
2.205	0.716851	1.44482	1.90667	0.537325	-0.635231
2.21	0.718486	1.44955	1.90398	0.543341	-0.632631
2.215	0.720109	1.45428	1.90127	0.549299	-0.630053
2.22	0.721718	1.45901	1.89852	0.555201	-0.627496
2.225	0.723315	1.46375	1.89574	0.561046	-0.624961
2.23	0.724898	1.46849	1.89294	0.566837	-0.622446
2.235	0.726467	1.47324	1.8901	0.572573	-0.619952
2.24	0.728023	1.47799	1.88724	0.578256	-0.617479
2.245	0.729565	1.48275	1.88435	0.583885	-0.615027
2.25	0.731094	1.48751	1.88143	0.589463	-0.612595
2.255	0.732608	1.49227	1.87848	0.594988	-0.610184
2.26	0.734108	1.49704	1.87551	0.600463	-0.607793
2.265	0.735594	1.50182	1.87251	0.605888	-0.605422
2.27	0.737065	1.5066	1.86948	0.611264	-0.603071
2.275	0.738522	1.51138	1.86642	0.61659	-0.60074
2.28	0.739964	1.51617	1.86334	0.621869	-0.598428
2.285	0.741391	1.52096	1.86023	0.627099	-0.596136
2.29	0.742803	1.52576	1.85709	0.632283	-0.593864
2.295	0.744199	1.53056	1.85393	0.637421	-0.59161
2.3	0.745581	1.53536	1.85074	0.642513	-0.589376
2.305	0.746947	1.54017	1.84753	0.647559	-0.587161
2.31	0.748298	1.54499	1.84429	0.652562	-0.584964
2.315	0.749632	1.5498	1.84103	0.65752	-0.582786
2.32	0.750951	1.55463	1.83774	0.662435	-0.580627
2.325	0.752254	1.55945	1.83443	0.667307	-0.578486
2.33	0.753541	1.56429	1.83109	0.672137	-0.576363
2.335	0.754812	1.56912	1.82773	0.676925	-0.574258
2.34	0.756066	1.57396	1.82435	0.681672	-0.572172
2.345	0.757304	1.57881	1.82094	0.686379	-0.570103
2.35	0.758525	1.58365	1.81751	0.691045	-0.568051
2.355	0.759729	1.58851	1.81405	0.695672	-0.566017
2.36	0.760916	1.59336	1.81057	0.70026	-0.564
2.365	0.762087	1.59823	1.80707	0.704809	-0.562001
2.37	0.76324	1.60309	1.80355	0.70932	-0.560018
2.375	0.764376	1.60796	1.8	0.713794	-0.558053
2.38	0.765495	1.61283	1.79643	0.71823	-0.556104
2.385	0.766596	1.61771	1.79284	0.72263	-0.554171
2.39	0.767679	1.62259	1.78923	0.726994	-0.552255
2.395	0.768745	1.62748	1.78559	0.731321	-0.550355
2.4	0.769793	1.63237	1.78194	0.735614	-0.548472
2.405	0.770823	1.63726	1.77826	0.739872	-0.546604
2.41	0.771835	1.64215	1.77456	0.744095	-0.544752
2.415	0.772828	1.64706	1.77084	0.748284	-0.542915
2.42	0.773804	1.65196	1.7671	0.75244	-0.541094
2.425	0.77476	1.65687	1.76334	0.756563	-0.539288
2.43	0.775698	1.66178	1.75955	0.760653	-0.537498
2.435	0.776618	1.66669	1.75575	0.76471	-0.535722
2.44	0.777519	1.67161	1.75193	0.768736	-0.533961
2.445	0.7784	1.67653	1.74808	0.77273	-0.532215
2.45	0.779263	1.68146	1.74422	0.776693	-0.530484
2.455	0.780107	1.68639	1.74034	0.780625	-0.528766
2.46	0.780931	1.69132	1.73643	0.784527	-0.527063
2.465	0.781736	1.69625	1.73251	0.788399	-0.525374
2.47	0.782522	1.70119	1.72857	0.792241	-0.523699
2.475	0.783288	1.70613	1.72461	0.796054	-0.522037
2.48	0.784034	1.71107	1.72063	0.799838	-0.52039
2.485	0.784761	1.71602	1.71663	0.803593	-0.518755
2.49	0.785468	1.72097	1.71261	0.80732	-0.517134
2.495	0.786154	1.72592	1.70857	0.811019	-0.515525
2.5	0.786821	1.73088	1.70452	0.81469	-0.51393
2.505	0.787467	1.73584	1.70044	0.818334	-0.512347
2.51	0.788093	1.7408	1.69635	0.821951	-0.510777
2.515	0.788699	1.74576	1.69224	0.825542	-0.509219
2.52	0.789284	1.75073	1.68812	0.829106	-0.507674
2.525	0.789849	1.7557	1.68397	0.832644	-0.506141
2.53	0.790393	1.76067	1.67981	0.836156	-0.504619
2.535	0.790916	1.76564	1.67563	0.839643	-0.50311
2.54	0.791419	1.77061	1.67143	0.843105	-0.501612
2.545	0.7919	1.77559	1.66721	0.846542	-0.500125
2.55	0.79236	1.78057	1.66298	0.849954	-0.49865
2.555	0.792799	1.78555	1.65873	0.853342	-0.497186
2.56	0.793217	1.79053	1.65446	0.856706	-0.495732
2.565	0.793614	1.79552	1.65018	0.860047	-0.49429
2.57	0.793989	1.8005	1.64588	0.863363	-0.492858
2.575	0.794342	1.80549	1.64156	0.866657	-0.491437
2.58	0.794674	1.81048	1.63723	0.869928	-0.490026
2.585	0.794984	1.81547	1.63288	0.873176	-0.488625
2.59	0.795273	1.82046	1.62851	0.876401	-0.487234
2.595	0.795539	1.82545	1.62413	0.879605	-0.485853
2.6	0.795784	1.83045	1.61973	0.882786	-0.484481
2.605	0.796006	1.83544	1.61532	0.885946	-0.483119
2.61	0.796207	1.84044	1.61089	0.889084	-0.481766
2.615	0.796385	1.84543	1.60644	0.892201	-0.480423
2.62	0.796541	1.85043	1.60198	0.895297	-0.479088
2.625	0.796674	1.85543	1.59751	0.898373	-0.477762
2.63	0.796786	1.86043	1.59301	0.901427	-0.476445
2.635	0.796874	1.86543	1.58851	0.904462	-0.475136
2.64	0.79694	1.87043	1.58399	0.907476	-0.473836
2.645	0.796983	1.87543	1.57945	0.910471	-0.472543
2.65	0.797004	1.88043	1.5749	0.913445	-0.471259
2.655	0.797001	1.88543	1.57033	0.916401	-0.469983
2.66	0.796976	1.89043	1.56575	0.919337	-0.468714
2.665	0.796928	1.89543	1.56115	0.922254	-0.467452
2.67	0.796857	1.90043	1.55654	0.925152	-0.466198
2.675	0.796762	1.90543	1.55191	0.928031	-0.464951
2.68	0.796645	1.91042	1.54727	0.930892	-0.463712
2.685	0.796504	1.91542	1.54262	0.933735	-0.462478
2.69	0.79634	1.92042	1.53795	0.93656	-0.461252
2.695	0.796152	1.92542	1.53327	0.939366	-0.460032
2.7	0.795941	1.93041	1.52857	0.942155	-0.458818
2.705	0.795706	1.93541	1.52386	0.944927	-0.457611
2.71	0.795448	1.9404	1.51913	0.947681	-0.456409
2.715	0.795166	1.94539	1.5144	0.950418	-0.455214
2.72	0.794861	1.95038	1.50964	0.953138	-0.454024
2.725	0.794531	1.95537	1.50488	0.955841	-0.452839
2.73	0.794178	1.96036	1.5001	0.958527	-0.45166
2.735	0.793801	1.96535	1.49531	0.961197	-0.450486
2.74	0.7934	1.97033	1.4905	0.963851	-0.449317
2.745	0.792975	1.97531	1.48568	0.966488	-0.448153
2.75	0.792526	1.98029	1.48085	0.96911	-0.446993
2.755	0.792053	1.98527	1.476	0.971715	-0.445838
2.76	0.791555	1.99024	1.47114	0.974305	-0.444687
2.765	0.791033	1.99522	1.46627	0.97688	-0.443541
2.77	0.790488	2.00019	1.46139	0.979439	-0.442398
2.775	0.789917	2.00515	1.45649	0.981982	-0.44126
2.78	0.789323	2.01012	1.45158	0.984511	-0.440125
2.785	0.788703	2.01508	1.44666	0.987025	-0.438993
2.79	0.78806	2.02004	1.44172	0.989524	-0.437865
2.795	0.787392	2.02499	1.43678	0.992008	-0.43674
2.8	0.786699	2.02995	1.43182	0.994478	-0.435618
2.805	0.785982	2.03489	1.42684	0.996933	-0.434499
2.81	0.78524	2.03984	1.42186	0.999374	-0.433382
2.815	0.784473	2.04478	1.41686	1.0018	-0.432269
2.82	0.783682	2.04972	1.41185	1.00421	-0.431157
2.825	0.782866	2.05465	1.40683	1.00661	-0.430048
2.83	0.782025	2.05958	1.4018	1.009	-0.428941
2.835	0.781159	2.0645	1.39675	1.01137	-0.427835
2.84	0.780268	2.06942	1.3917	1.01373	-0.426732
2.845	0.779353	2.07434	1.38663	1.01607	-0.42563
2.85	0.778412	2.07925	1.38155	1.01841	-0.424529
2.855	0.777446	2.08415	1.37646	1.02073	-0.42343
2.86	0.776456	2.08905	1.37135	1.02303	-0.422331
2.865	0.77544	2.09395	1.36624	1.02532	-0.421234
2.87	0.774399	2.09884	1.36111	1.0276	-0.420137
2.875	0.773333	2.10373	1.35597	1.02987	-0.419041
2.88	0.772242	2.10861	1.35082	1.03213	-0.417946
2.885	0.771126	2.11348	1.34566	1.03437	-0.41685
2.89	0.769985	2.11835	1.34049	1.0366	-0.415755
2.895	0.768818	2.12321	1.33531	1.03882	-0.41466
2.9	0.767626	2.12807	1.33011	1.04103	-0.413565
2.905	0.766409	2.13292	1.32491	1.04322	-0.412469
2.91	0.765167	2.13776	1.31969	1.0454	-0.411373
2.915	0.763899	2.14259	1.31447	1.04757	-0.410276
2.92	0.762606	2.14742	1.30923	1.04973	-0.409179
2.925	0.761288	2.15225	1.30398	1.05188	-0.40808
2.93	0.759944	2.15706	1.29872	1.05402	-0.406981
2.935	0.758575	2.16187	1.29345	1.05614	-0.40588
2.94	0.757181	2.16667	1.28817	1.05825	-0.404778
2.945	0.755761	2.17147	1.28288	1.06036	-0.403674
2.95	0.754316	2.17626	1.27758	1.06245	-0.402569
2.955	0.752845	2.18103	1.27226	1.06453	-0.401462
2.96	0.751349	2.18581	1.26694	1.0666	-0.400352
2.965	0.749828	2.19057	1.26161	1.06866	-0.399241
2.97	0.748281	2.19532	1.25626	1.07071	-0.398127
2.975	0.746709	2.20007	1.25091	1.07274	-0.397011
2.98	0.745111	2.20481	1.24555	1.07477	-0.395892
2.985	0.743488	2.20954	1.24017	1.07679	-0.394771
2.99	0.741839	2.21426	1.23479	1.07879	-0.393647
2.995	0.740165	2.21897	1.2294	1.08079	-0.392519
3	0.738466	2.22367	1.22399	1.08278	-0.391389
3.005	0.736741	2.22836	1.21858	1.08475	-0.390255
3.01	0.734991	2.23305	1.21315	1.08672	-0.389118
3.015	0.733215	2.23772	1.20772	1.08868	-0.387977
3.02	0.731414	2.24239	1.20228	1.09062	-0.386833
3.025	0.729587	2.24704	1.19682	1.09256	-0.385685
3.03	0.727735	2.25168	1.19136	1.09449	-0.384532
3.035	0.725858	2.25632	1.18589	1.09641	-0.383376
3.04	0.723955	2.26094	1.18041	1.09831	-0.382215
3.045	0.722027	2.26556	1.17492	1.10021	-0.38105
3.05	0.720073	2.27016	1.16941	1.1021	-0.379881
3.055	0.718095	2.27475	1.1639	1.10398	-0.378707
3.06	0.716091	2.27933	1.15838	1.10586	-0.377528
3.065	0.714061	2.2839	1.15285	1.10772	-0.376344
3.07	0.712006	2.28846	1.14732	1.10957	-0.375155
3.075	0.709927	2.29301	1.14177	1.11142	-0.373961
3.08	0.707821	2.29754	1.13621	1.11325	-0.372761
3.085	0.705691	2.30206	1.13064	1.11508	-0.371557
3.09	0.703535	2.30658	1.12507	1.1169	-0.370346
3.095	0.701355	2.31107	1.11948	1.11871	-0.36913
3.1	0.699149	2.31556	1.11389	1.12051	-0.367908
3.105	0.696918	2.32004	1.10829	1.1223	-0.366681
3.11	0.694662	2.3245	1.10268	1.12409	-0.365447
3.115	0.692381	2.32895	1.09706	1.12586	-0.364207
3.12	0.690075	2.33338	1.09143	1.12763	-0.362961
3.125	0.687744	2.33781	1.08579	1.12939	-0.361709
3.13	0.685388	2.34222	1.08014	1.13114	-0.36045
3.135	0.683007	2.34661	1.07449	1.13289	-0.359184
3.14	0.680601	2.351	1.06882	1.13462	-0.357912
3.145	0.67817	2.35537	1.06315	1.13635	-0.356632
3.15	0.675715	2.35972	1.05747	1.13807	-0.355346
3.155	0.673235	2.36406	1.05178	1.13979	-0.354053
3.16	0.67073	2.36839	1.04608	1.14149	-0.352753
3.165	0.6682	2.3727	1.04037	1.14319	-0.351445
3.17	0.665646	2.377	1.03465	1.14488	-0.35013
3.175	0.663068	2.38129	1.02893	1.14656	-0.348808
3.18	0.660464	2.38556	1.0232	1.14824	-0.347478
3.185	0.657837	2.38981	1.01746	1.1499	-0.34614
3.19	0.655185	2.39405	1.01171	1.15156	-0.344795
3.195	0.652508	2.39827	1.00595	1.15322	-0.343442
3.2	0.649807	2.40248	1.00018	1.15486	-0.34208
3.205	0.647082	2.40667	0.994408	1.1565	-0.340711
3.21	0.644333	2.41085	0.988626	1.15814	-0.339334
3.215	0.64156	2.41501	0.982835	1.15976	-0.337948
3.22	0.638762	2.41915	0.977036	1.16138	-0.336554
3.225	0.635941	2.42328	0.971229	1.16299	-0.335152
3.23	0.633096	2.42739	0.965414	1.1646	-0.333741
3.235	0.630226	2.43149	0.959591	1.1662	-0.332321
3.24	0.627333	2.43556	0.95376	1.16779	-0.330893
3.245	0.624416	2.43963	0.947922	1.16937	-0.329456
3.25	0.621476	2.44367	0.942075	1.17095	-0.32801
3.255	0.618512	2.4477	0.93622	1.17252	-0.326556
3.26	0.615524	2.45171	0.930357	1.17409	-0.325092
3.265	0.612513	2.4557	0.924487	1.17565	-0.323619
3.27	0.609478	2.45967	0.918609	1.17721	-0.322137
3.275	0.60642	2.46363	0.912723	1.17875	-0.320646
3.28	0.603339	2.46756	0.906829	1.1803	-0.319146
3.285	0.600234	2.47148	0.900927	1.18183	-0.317636
3.29	0.597107	2.47539	0.895018	1.18336	-0.316117
3.295	0.593956	2.47927	0.889101	1.18489	-0.314588
3.3	0.590783	2.48313	0.883177	1.18641	-0.31305
3.305	0.587587	2.48698	0.877245	1.18792	-0.311502
3.31	0.584367	2.4908	0.871305	1.18943	-0.309945
3.315	0.581126	2.49461	0.865358	1.19093	-0.308377
3.32	0.577861	2.4984	0.859404	1.19242	-0.3068
3.325	0.574574	2.50216	0.853441	1.19392	-0.305214
3.33	0.571265	2.50591	0.847472	1.1954	-0.303617
3.335	0.567933	2.50964	0.841495	1.19688	-0.30201
3.34	0.564579	2.51335	0.83551	1.19836	-0.300393
3.345	0.561203	2.51704	0.829519	1.19983	-0.298767
3.35	0.557805	2.5207	0.823519	1.20129	-0.29713
3.355	0.554384	2.52435	0.817513	1.20275	-0.295483
3.36	0.550942	2.52798	0.811499	1.20421	-0.293826
3.365	0.547479	2.53158	0.805478	1.20566	-0.292158
3.37	0.543993	2.53517	0.79945	1.20711	-0.29048
3.375	0.540486	2.53873	0.793414	1.20855	-0.288792
3.38	0.536957	2.54227	0.787372	1.20999	-0.287094
3.385	0.533408	2.5458	0.781322	1.21142	-0.285385
3.39	0.529836	2.5493	0.775265	1.21285	-0.283666
3.395	0.526244	2.55277	0.7692	1.21427	-0.281937
3.4	0.522631	2.55623	0.763129	1.21569	-0.280197
3.405	0.518996	2.55966	0.757051	1.21711	-0.278446
3.41	0.515341	2.56307	0.750965	1.21852	-0.276685
3.415	0.511665	2.56646	0.744872	1.21993	-0.274913
3.42	0.507969	2.56983	0.738773	1.22133	-0.273131
3.425	0.504252	2.57318	0.732666	1.22273	-0.271338
3.43	0.500514	2.5765	0.726552	1.22413	-0.269535
3.435	0.496757	2.5798	0.720432	1.22552	-0.267721
3.44	0.492979	2.58307	0.714304	1.22691	-0.265896
3.445	0.489181	2.58632	0.70817	1.2283	-0.264061
3.45	0.485364	2.58955	0.702028	1.22968	-0.262215
3.455	0.481526	2.59276	0.69588	1.23106	-0.260358
3.46	0.477669	2.59594	0.689725	1.23244	-0.258491
3.465	0.473792	2.5991	0.683562	1.23381	-0.256613
3.47	0.469896	2.60223	0.677393	1.23518	-0.254724
3.475	0.465981	2.60534	0.671217	1.23655	-0.252825
3.48	0.462047	2.60843	0.665035	1.23791	-0.250915
3.485	0.458093	2.61149	0.658845	1.23928	-0.248994
3.49	0.454121	2.61452	0.652649	1.24064	-0.247062
3.495	0.45013	2.61753	0.646445	1.242	-0.24512
3.5	0.44612	2.62052	0.640235	1.24335	-0.243167
3.505	0.442092	2.62348	0.634019	1.24471	-0.241204
3.51	0.438045	2.62642	0.627795	1.24606	-0.23923
3.515	0.43398	2.62933	0.621565	1.24741	-0.237245
3.52	0.429897	2.63222	0.615328	1.24876	-0.235249
3.525	0.425796	2.63508	0.609084	1.25011	-0.233243
3.53	0.421678	2.63791	0.602833	1.25146	-0.231226
3.535	0.417541	2.64072	0.596576	1.2528	-0.229199
3.54	0.413388	2.64351	0.590312	1.25415	-0.227161
3.545	0.409216	2.64626	0.584041	1.25549	-0.225113
3.55	0.405028	2.64899	0.577764	1.25684	-0.223054
3.555	0.400822	2.6517	0.57148	1.25818	-0.220984
3.56	0.3966	2.65438	0.565189	1.25952	-0.218904
3.565	0.392361	2.65703	0.558891	1.26086	-0.216814
3.57	0.388105	2.65965	0.552587	1.26221	-0.214713
3.575	0.383833	2.66225	0.546276	1.26355	-0.212602
3.58	0.379544	2.66482	0.539958	1.26489	-0.210481
3.585	0.375239	2.66736	0.533634	1.26624	-0.208349
3.59	0.370918	2.66988	0.527302	1.26758	-0.206207
3.595	0.366582	2.67237	0.520965	1.26893	-0.204055
3.6	0.362229	2.67483	0.51462	1.27028	-0.201892
3.605	0.357861	2.67726	0.508268	1.27163	-0.19972
3.61	0.353478	2.67967	0.50191	1.27298	-0.197537
3.615	0.349079	2.68204	0.495545	1.27433	-0.195344
3.62	0.344666	2.68439	0.489174	1.27569	-0.193141
3.625	0.340237	2.68672	0.482795	1.27705	-0.190928
3.63	0.335794	2.68901	0.47641	1.27841	-0.188706
3.635	0.331336	2.69127	0.470018	1.27977	-0.186473
3.64	0.326864	2.69351	0.463619	1.28114	-0.184231
3.645	0.322378	2.69572	0.457214	1.28252	-0.181978
3.65	0.317877	2.69789	0.450801	1.28389	-0.179716
3.655	0.313363	2.70004	0.444381	1.28527	-0.177445
3.66	0.308835	2.70216	0.437955	1.28666	-0.175164
3.665	0.304293	2.70426	0.431522	1.28805	-0.172873
3.67	0.299738	2.70632	0.425082	1.28945	-0.170573
3.675	0.29517	2.70835	0.418634	1.29086	-0.168263
3.68	0.290588	2.71035	0.41218	1.29227	-0.165944
3.685	0.285994	2.71233	0.405719	1.29369	-0.163615
3.69	0.281388	2.71427	0.39925	1.29512	-0.161278
3.695	0.276768	2.71618	0.392775	1.29655	-0.158931
3.7	0.272137	2.71807	0.386292	1.29799	-0.156575
3.705	0.267493	2.71992	0.379802	1.29945	-0.15421
3.71	0.262837	2.72175	0.373305	1.30091	-0.151836
3.715	0.25817	2.72354	0.3668	1.30239	-0.149453
3.72	0.253491	2.7253	0.360288	1.30388	-0.147061
3.725	0.248801	2.72703	0.353769	1.30537	-0.144661
3.73	0.244099	2.72873	0.347242	1.30689	-0.142251
3.735	0.239386	2.73041	0.340707	1.30841	-0.139833
3.74	0.234663	2.73205	0.334165	1.30996	-0.137407
3.745	0.229929	2.73365	0.327616	1.31151	-0.134972
3.75	0.225184	2.73523	0.321058	1.31309	-0.132528
3.755	0.22043	2.73678	0.314493	1.31468	-0.130077
3.76	0.215665	2.73829	0.307919	1.31629	-0.127616
3.765	0.21089	2.73978	0.301338	1.31793	-0.125148
3.77	0.206106	2.74123	0.294748	1.31958	-0.122672
3.775	0.201312	2.74265	0.28815	1.32126	-0.120187
3.78	0.196509	2.74404	0.281544	1.32296	-0.117695
3.785	0.191697	2.7454	0.274929	1.3247	-0.115194
3.79	0.186875	2.74672	0.268306	1.32645	-0.112686
3.795	0.182046	2.74802	0.261673	1.32825	-0.11017
3.8	0.177207	2.74928	0.255032	1.33007	-0.107646
3.805	0.172361	2.75051	0.248382	1.33193	-0.105115
3.81	0.167506	2.7517	0.241722	1.33383	-0.102577
3.815	0.162644	2.75287	0.235053	1.33577	-0.10003
3.82	0.157774	2.754	0.228374	1.33775	-0.097477
3.825	0.152896	2.7551	0.221685	1.33978	-0.0949164
3.83	0.148011	2.75617	0.214986	1.34187	-0.0923486
3.835	0.143119	2.7572	0.208277	1.34401	-0.0897738
3.84	0.13822	2.7582	0.201557	1.34621	-0.0871921
3.845	0.133315	2.75917	0.194826	1.34848	-0.0846036
3.85	0.128403	2.7601	0.188084	1.35082	-0.0820084
3.855	0.123485	2.76101	0.18133	1.35325	-0.0794067
3.86	0.118561	2.76187	0.174563	1.35576	-0.0767986
3.865	0.113631	2.76271	0.167785	1.35837	-0.0741843
3.87	0.108696	2.76351	0.160993	1.36109	-0.071564
3.875	0.103755	2.76428	0.154187	1.36394	-0.0689379
3.88	0.0988094	2.76501	0.147368	1.36692	-0.0663063
3.885	0.0938587	2.76571	0.140533	1.37006	-0.0636696
3.89	0.0889033	2.76638	0.133683	1.37338	-0.0610281
3.895	0.0839435	2.76701	0.126816	1.3769	-0.0583824
3.9	0.0789794	2.76761	0.119931	1.38066	-0.0557331
3.905	0.0740113	2.76817	0.113028	1.38469	-0.053081
3.91	0.0690394	2.7687	0.106105	1.38906	-0.0504273
3.915	0.064064	2.7692	0.0991592	1.39383	-0.0477733
3.92	0.0590852	2.76966	0.09219	1.39909	-0.0451211
3.925	0.0541033	2.77009	0.0851946	1.40496	-0.0424734
3.93	0.0491186	2.77048	0.0781698	1.41162	-0.0398342
3.935	0.0441312	2.77083	0.0711117	1.41933	-0.0372094
3.94	0.0391415	2.77115	0.0640151	1.42848	-0.0346077
3.945	0.0341496	2.77143	0.0568727	1.43973	-0.0320435
3.95	0.0291557	2.77168	0.0496741	1.45419	-0.0295407
3.955	0.0241602	2.7719	0.0424031	1.47402	-0.0271428
3.96	0.0191633	2.77207	0.035033	1.50387	-0.0249369
3.965	0.0141652	2.77221	0.0275137	1.55564	-0.0231248
3.97	0.00916615	2.77231	0.0197355	1.66892	-0.0222988
3.975	0.00416647	2.77236	0.0113909	2.05407	-0.0252782
3.98	-0.000833523	2.77237	0.00112054	6.39075	-0.11482
