descriptor s_test R_test Z_test
0	0.976233	9.99999e-006	0.002	-0.403081	-0.00161725
0.005	0.971233	3.0077e-005	0.00401541	-0.406192	-0.00325187
0.01	0.966233	6.03086e-005	0.00604637	-0.409334	-0.00490401
0.015	0.961233	0.000100773	0.00809304	-0.412506	-0.0065738
0.02	0.956234	0.00015155	0.0101556	-0.41571	-0.00826138
0.025	0.951234	0.000212719	0.0122341	-0.418947	-0.0099669
0.03	0.946234	0.000284361	0.0143289	-0.422217	-0.0116905
0.035	0.941235	0.000366557	0.0164399	-0.425521	-0.0134324
0.04	0.936236	0.00045939	0.0185675	-0.428859	-0.0151926
0.045	0.931237	0.000562941	0.0207118	-0.432233	-0.0169714
0.05	0.926238	0.000677297	0.022873	-0.435644	-0.0187689
0.055	0.92124	0.00080254	0.0250512	-0.439091	-0.0205852
0.06	0.916242	0.000938756	0.0272467	-0.442577	-0.0224206
0.065	0.911244	0.00108603	0.0294596	-0.446101	-0.0242752
0.07	0.906246	0.00124446	0.0316901	-0.449665	-0.0261492
0.075	0.901249	0.00141412	0.0339384	-0.45327	-0.0280428
0.08	0.896253	0.0015951	0.0362048	-0.456917	-0.029956
0.085	0.891256	0.0017875	0.0384893	-0.460606	-0.0318893
0.09	0.88626	0.0019914	0.0407924	-0.464339	-0.0338426
0.095	0.881265	0.00220691	0.0431141	-0.468116	-0.0358162
0.1	0.87627	0.0024341	0.0454546	-0.47194	-0.0378104
0.105	0.871276	0.00267308	0.0478143	-0.47581	-0.0398253
0.11	0.866282	0.00292395	0.0501934	-0.479727	-0.0418611
0.115	0.861289	0.00318678	0.052592	-0.483694	-0.043918
0.12	0.856297	0.0034617	0.0550105	-0.487711	-0.0459963
0.125	0.851305	0.00374879	0.0574491	-0.491779	-0.0480961
0.13	0.846314	0.00404815	0.059908	-0.4959	-0.0502178
0.135	0.841324	0.00435988	0.0623875	-0.500075	-0.0523615
0.14	0.836334	0.00468409	0.0648878	-0.504305	-0.0545274
0.145	0.831346	0.00502088	0.0674094	-0.508591	-0.0567159
0.15	0.826358	0.00537036	0.0699523	-0.512936	-0.0589271
0.155	0.821371	0.00573263	0.072517	-0.517339	-0.0611614
0.16	0.816385	0.00610779	0.0751037	-0.521803	-0.0634189
0.165	0.8114	0.00649597	0.0777127	-0.526329	-0.0656999
0.17	0.806416	0.00689726	0.0803443	-0.530919	-0.0680048
0.175	0.801434	0.00731177	0.0829989	-0.535574	-0.0703338
0.18	0.796452	0.00773963	0.0856768	-0.540297	-0.0726871
0.185	0.791471	0.00818095	0.0883783	-0.545087	-0.0750651
0.19	0.786492	0.00863584	0.0911037	-0.549948	-0.0774681
0.195	0.781514	0.00910442	0.0938535	-0.554881	-0.0798964
0.2	0.776537	0.00958681	0.0966279	-0.559887	-0.0823502
0.205	0.771562	0.0100831	0.0994273	-0.564969	-0.08483
0.21	0.766588	0.0105935	0.102252	-0.570129	-0.087336
0.215	0.761616	0.011118	0.105103	-0.575368	-0.0898686
0.22	0.756645	0.0116569	0.10798	-0.580689	-0.0924281
0.225	0.751676	0.0122102	0.110883	-0.586094	-0.0950149
0.23	0.746708	0.012778	0.113814	-0.591584	-0.0976294
0.235	0.741742	0.0133605	0.116771	-0.597162	-0.100272
0.24	0.736778	0.0139579	0.119757	-0.60283	-0.102943
0.245	0.731816	0.0145702	0.122771	-0.608591	-0.105642
0.25	0.726855	0.0151976	0.125814	-0.614447	-0.108371
0.255	0.721896	0.0158403	0.128887	-0.620401	-0.11113
0.26	0.71694	0.0164983	0.131989	-0.626455	-0.113918
0.265	0.711986	0.0171719	0.135121	-0.632611	-0.116737
0.27	0.707033	0.0178611	0.138284	-0.638873	-0.119587
0.275	0.702083	0.0185661	0.141478	-0.645243	-0.122468
0.28	0.697136	0.0192871	0.144705	-0.651724	-0.125381
0.285	0.69219	0.0200242	0.147963	-0.658319	-0.128326
0.29	0.687247	0.0207776	0.151255	-0.665032	-0.131304
0.295	0.682307	0.0215474	0.15458	-0.671865	-0.134315
0.3	0.677369	0.0223339	0.157939	-0.678822	-0.13736
0.305	0.672434	0.023137	0.161333	-0.685905	-0.14044
0.31	0.667502	0.0239571	0.164763	-0.69312	-0.143554
0.315	0.662572	0.0247943	0.168228	-0.700468	-0.146704
0.32	0.657646	0.0256488	0.171731	-0.707954	-0.149889
0.325	0.652722	0.0265206	0.175271	-0.715582	-0.153112
0.33	0.647802	0.0274101	0.178849	-0.723356	-0.156371
0.335	0.642885	0.0283174	0.182465	-0.73128	-0.159668
0.34	0.637972	0.0292426	0.186122	-0.739357	-0.163004
0.345	0.633061	0.030186	0.189818	-0.747593	-0.166379
0.35	0.628155	0.0311478	0.193556	-0.755992	-0.169793
0.355	0.623252	0.0321281	0.197336	-0.764559	-0.173248
0.36	0.618353	0.0331271	0.201159	-0.773297	-0.176744
0.365	0.613457	0.0341451	0.205026	-0.782214	-0.180282
0.37	0.608566	0.0351822	0.208937	-0.791312	-0.183862
0.375	0.603679	0.0362386	0.212893	-0.800599	-0.187486
0.38	0.598796	0.0373146	0.216896	-0.810079	-0.191153
0.385	0.593918	0.0384104	0.220947	-0.819758	-0.194866
0.39	0.589044	0.0395261	0.225045	-0.829642	-0.198625
0.395	0.584174	0.0406621	0.229194	-0.839737	-0.20243
0.4	0.57931	0.0418185	0.233392	-0.850049	-0.206282
0.405	0.574451	0.0429955	0.237643	-0.860585	-0.210183
0.41	0.569596	0.0441935	0.241946	-0.871352	-0.214133
0.415	0.564747	0.0454126	0.246302	-0.882356	-0.218133
0.42	0.559903	0.0466531	0.250714	-0.893605	-0.222185
0.425	0.555065	0.0479152	0.255182	-0.905107	-0.226288
0.43	0.550233	0.0491992	0.259708	-0.916868	-0.230445
0.435	0.545407	0.0505053	0.264292	-0.928897	-0.234655
0.44	0.540586	0.0518338	0.268936	-0.941202	-0.238921
0.445	0.535772	0.053185	0.273642	-0.953792	-0.243244
0.45	0.530965	0.0545592	0.278411	-0.966676	-0.247624
0.455	0.526164	0.0559565	0.283245	-0.979863	-0.252062
0.46	0.52137	0.0573774	0.288144	-0.993362	-0.25656
0.465	0.516584	0.0588221	0.293111	-1.00718	-0.261119
0.47	0.511804	0.0602908	0.298147	-1.02134	-0.265741
0.475	0.507032	0.0617839	0.303254	-1.03583	-0.270426
0.48	0.502268	0.0633018	0.308433	-1.05068	-0.275176
0.485	0.497512	0.0648446	0.313686	-1.0659	-0.279992
0.49	0.492764	0.0664128	0.319016	-1.08149	-0.284875
0.495	0.488025	0.0680066	0.324423	-1.09747	-0.289828
0.5	0.483295	0.0696264	0.32991	-1.11385	-0.294851
0.505	0.478574	0.0712725	0.33548	-1.13065	-0.299946
0.51	0.473862	0.0729453	0.341133	-1.14788	-0.305114
0.515	0.46916	0.074645	0.346872	-1.16554	-0.310358
0.52	0.464467	0.0763722	0.3527	-1.18367	-0.315678
0.525	0.459785	0.0781271	0.358618	-1.20226	-0.321076
0.53	0.455114	0.0799101	0.36463	-1.22134	-0.326554
0.535	0.450454	0.0817216	0.370736	-1.24093	-0.332113
0.54	0.445805	0.083562	0.376941	-1.26103	-0.337756
0.545	0.441168	0.0854317	0.383246	-1.28167	-0.343484
0.55	0.436542	0.087331	0.389655	-1.30286	-0.349299
0.555	0.43193	0.0892605	0.396169	-1.32462	-0.355202
0.56	0.42733	0.0912204	0.402792	-1.34698	-0.361196
0.565	0.422743	0.0932113	0.409527	-1.36994	-0.367283
0.57	0.41817	0.0952335	0.416377	-1.39353	-0.373464
0.575	0.413612	0.0972876	0.423344	-1.41778	-0.379741
0.58	0.409068	0.0993739	0.430433	-1.44269	-0.386117
0.585	0.404539	0.101493	0.437647	-1.4683	-0.392593
0.59	0.400026	0.103645	0.444988	-1.49462	-0.399172
0.595	0.395529	0.105831	0.452461	-1.52168	-0.405856
0.6	0.391049	0.108051	0.46007	-1.54951	-0.412646
0.605	0.386586	0.110306	0.467817	-1.57812	-0.419545
0.61	0.382142	0.112596	0.475708	-1.60755	-0.426554
0.615	0.377715	0.114921	0.483745	-1.63781	-0.433677
0.62	0.373308	0.117283	0.491934	-1.66893	-0.440915
0.625	0.368921	0.119681	0.500279	-1.70095	-0.44827
0.63	0.364554	0.122117	0.508784	-1.73388	-0.455744
0.635	0.360209	0.12459	0.517453	-1.76775	-0.46334
0.64	0.355885	0.127102	0.526292	-1.8026	-0.471059
0.645	0.351585	0.129652	0.535305	-1.83845	-0.478903
0.65	0.347308	0.132242	0.544497	-1.87532	-0.486875
0.655	0.343055	0.134872	0.553874	-1.91326	-0.494975
0.66	0.338828	0.137543	0.56344	-1.95228	-0.503207
0.665	0.334627	0.140254	0.573202	-1.99241	-0.511571
0.67	0.330454	0.143008	0.583164	-2.03369	-0.520068
0.675	0.326308	0.145803	0.593332	-2.07614	-0.528701
0.68	0.322192	0.148642	0.603713	-2.11979	-0.537471
0.685	0.318106	0.151524	0.614312	-2.16466	-0.546378
0.69	0.314052	0.15445	0.625135	-2.21078	-0.555423
0.695	0.31003	0.15742	0.636189	-2.25818	-0.564606
0.7	0.306042	0.160436	0.64748	-2.30688	-0.573929
0.705	0.302089	0.163498	0.659014	-2.35689	-0.58339
0.71	0.298173	0.166606	0.670799	-2.40824	-0.59299
0.715	0.294294	0.169761	0.68284	-2.46094	-0.602727
0.72	0.290454	0.172964	0.695145	-2.515	-0.612599
0.725	0.286655	0.176214	0.70772	-2.57044	-0.622606
0.73	0.282897	0.179513	0.720572	-2.62726	-0.632744
0.735	0.279184	0.182861	0.733708	-2.68545	-0.643011
0.74	0.275516	0.186259	0.747135	-2.74502	-0.653402
0.745	0.271895	0.189707	0.76086	-2.80594	-0.663912
0.75	0.268322	0.193205	0.77489	-2.86821	-0.674538
0.755	0.2648	0.196754	0.789231	-2.93179	-0.685271
0.76	0.261331	0.200354	0.80389	-2.99665	-0.696105
0.765	0.257915	0.204006	0.818873	-3.06275	-0.707031
0.77	0.254556	0.20771	0.834187	-3.13002	-0.718039
0.775	0.251256	0.211466	0.849837	-3.19841	-0.729119
0.78	0.248016	0.215274	0.865829	-3.26784	-0.740258
0.785	0.244838	0.219135	0.882168	-3.3382	-0.751442
0.79	0.241726	0.223048	0.89886	-3.4094	-0.762657
0.795	0.238681	0.227013	0.915907	-3.48132	-0.773884
0.8	0.235705	0.231031	0.933313	-3.55381	-0.785106
0.805	0.232801	0.235101	0.951082	-3.62672	-0.796303
0.81	0.229971	0.239224	0.969216	-3.69988	-0.807451
0.815	0.227218	0.243397	0.987715	-3.77309	-0.818528
0.82	0.224544	0.247622	1.00658	-3.84615	-0.829506
0.825	0.221952	0.251898	1.02581	-3.91882	-0.840358
0.83	0.219444	0.256224	1.04541	-3.99085	-0.851055
0.835	0.217023	0.260599	1.06536	-4.06199	-0.861564
0.84	0.214692	0.265022	1.08567	-4.13194	-0.871853
0.845	0.212452	0.269492	1.10633	-4.2004	-0.881887
0.85	0.210307	0.274008	1.12733	-4.26705	-0.891629
0.855	0.208258	0.278569	1.14867	-4.33157	-0.901042
0.86	0.206309	0.283174	1.17032	-4.3936	-0.910087
0.865	0.204461	0.28782	1.19229	-4.45279	-0.918725
0.87	0.202718	0.292506	1.21456	-4.50879	-0.926916
0.875	0.20108	0.29723	1.2371	-4.56125	-0.934621
0.88	0.19955	0.30199	1.25991	-4.60979	-0.9418
0.885	0.198131	0.306785	1.28296	-4.65408	-0.948415
0.89	0.196823	0.311611	1.30623	-4.69377	-0.954429
0.895	0.19563	0.316466	1.32969	-4.72855	-0.959808
0.9	0.194551	0.321348	1.35334	-4.75811	-0.964518
0.905	0.193589	0.326255	1.37713	-4.78218	-0.968529
0.91	0.192744	0.331183	1.40104	-4.80051	-0.971815
0.915	0.192018	0.33613	1.42504	-4.81291	-0.974353
0.92	0.191411	0.341093	1.44911	-4.81919	-0.976124
0.925	0.190924	0.346069	1.4732	-4.81924	-0.977114
0.93	0.190556	0.351056	1.4973	-4.81296	-0.977313
0.935	0.190309	0.35605	1.52136	-4.80034	-0.976718
0.94	0.190182	0.361048	1.54536	-4.78138	-0.975328
0.945	0.190175	0.366048	1.56927	-4.75614	-0.973148
0.95	0.190286	0.371047	1.59305	-4.72473	-0.97019
0.955	0.190515	0.376042	1.61668	-4.6873	-0.966467
0.96	0.190861	0.38103	1.64011	-4.64405	-0.962001
0.965	0.191323	0.386008	1.66333	-4.59522	-0.956814
0.97	0.1919	0.390975	1.68631	-4.54107	-0.950935
0.975	0.192589	0.395927	1.70901	-4.48192	-0.944394
0.98	0.193388	0.400863	1.73142	-4.41808	-0.937225
0.985	0.194297	0.40578	1.75351	-4.34991	-0.929465
0.99	0.195312	0.410675	1.77526	-4.27778	-0.921152
0.995	0.196432	0.415548	1.79665	-4.20205	-0.912325
1	0.197654	0.420397	1.81766	-4.12312	-0.903026
1.005	0.198975	0.425219	1.83828	-4.04137	-0.893294
1.01	0.200394	0.430014	1.85849	-3.95718	-0.883172
1.015	0.201907	0.434779	1.87827	-3.87093	-0.8727
1.02	0.203512	0.439514	1.89763	-3.78298	-0.861917
1.025	0.205207	0.444218	1.91654	-3.69369	-0.850862
1.03	0.206988	0.448891	1.93501	-3.60338	-0.839574
1.035	0.208853	0.45353	1.95303	-3.51238	-0.828087
1.04	0.210799	0.458135	1.97059	-3.42098	-0.816437
1.045	0.212824	0.462707	1.98769	-3.32947	-0.804656
1.05	0.214924	0.467245	2.00434	-3.2381	-0.792773
1.055	0.217098	0.471747	2.02053	-3.14711	-0.780819
1.06	0.219342	0.476215	2.03627	-3.05672	-0.768819
1.065	0.221654	0.480649	2.05155	-2.9671	-0.756798
1.07	0.224032	0.485047	2.06639	-2.87845	-0.744779
1.075	0.226473	0.489411	2.08078	-2.79091	-0.732782
1.08	0.228974	0.49374	2.09473	-2.70462	-0.720826
1.085	0.231534	0.498035	2.10826	-2.6197	-0.708929
1.09	0.23415	0.502296	2.12135	-2.53624	-0.697105
1.095	0.236819	0.506524	2.13404	-2.45433	-0.685368
1.1	0.239541	0.510719	2.14631	-2.37403	-0.673731
1.105	0.242312	0.514881	2.15818	-2.29542	-0.662204
1.11	0.24513	0.51901	2.16965	-2.21852	-0.650797
1.115	0.247994	0.523109	2.18075	-2.14337	-0.639518
1.12	0.250902	0.527176	2.19146	-2.07	-0.628374
1.125	0.253852	0.531213	2.20181	-1.99842	-0.617371
1.13	0.256842	0.535221	2.21181	-1.92864	-0.606515
1.135	0.25987	0.539199	2.22145	-1.86064	-0.595808
1.14	0.262936	0.543149	2.23075	-1.79444	-0.585256
1.145	0.266037	0.547072	2.23972	-1.73001	-0.574859
1.15	0.269171	0.550967	2.24837	-1.66733	-0.564622
1.155	0.272338	0.554837	2.25671	-1.60638	-0.554544
1.16	0.275536	0.55868	2.26474	-1.54714	-0.544626
1.165	0.278763	0.562499	2.27248	-1.48958	-0.53487
1.17	0.282019	0.566294	2.27993	-1.43367	-0.525275
1.175	0.285302	0.570065	2.28709	-1.37937	-0.515841
1.18	0.288611	0.573813	2.29399	-1.32665	-0.506566
1.185	0.291945	0.57754	2.30062	-1.27547	-0.497451
1.19	0.295302	0.581245	2.307	-1.22579	-0.488493
1.195	0.298682	0.584929	2.31313	-1.17758	-0.479692
1.2	0.302084	0.588594	2.31902	-1.1308	-0.471045
1.205	0.305506	0.592239	2.32467	-1.08541	-0.462551
1.21	0.308948	0.595866	2.3301	-1.04138	-0.454208
1.215	0.312409	0.599474	2.33531	-0.998653	-0.446013
1.22	0.315888	0.603066	2.3403	-0.957203	-0.437964
1.225	0.319384	0.60664	2.34509	-0.916991	-0.43006
1.23	0.322897	0.610199	2.34967	-0.877978	-0.422297
1.235	0.326425	0.613742	2.35406	-0.840128	-0.414674
1.24	0.329968	0.61727	2.35826	-0.803406	-0.407187
1.245	0.333524	0.620784	2.36228	-0.767775	-0.399835
1.25	0.337095	0.624284	2.36612	-0.733201	-0.392615
1.255	0.340678	0.627771	2.36978	-0.69965	-0.385525
1.26	0.344274	0.631246	2.37328	-0.66709	-0.378561
1.265	0.347881	0.634709	2.37662	-0.635489	-0.371722
1.27	0.351499	0.63816	2.37979	-0.604814	-0.365005
1.275	0.355127	0.6416	2.38282	-0.575036	-0.358408
1.28	0.358765	0.64503	2.38569	-0.546125	-0.351927
1.285	0.362413	0.648449	2.38842	-0.518054	-0.345562
1.29	0.366069	0.65186	2.39101	-0.490793	-0.339309
1.295	0.369734	0.655261	2.39347	-0.464316	-0.333166
1.3	0.373407	0.658654	2.39579	-0.438598	-0.327131
1.305	0.377087	0.662038	2.39798	-0.413613	-0.321201
1.31	0.380774	0.665416	2.40005	-0.389336	-0.315375
1.315	0.384468	0.668786	2.402	-0.365744	-0.309649
1.32	0.388168	0.672149	2.40383	-0.342816	-0.304023
1.325	0.391873	0.675506	2.40554	-0.320527	-0.298494
1.33	0.395584	0.678856	2.40714	-0.298858	-0.29306
1.335	0.3993	0.682202	2.40864	-0.277788	-0.287718
1.34	0.403021	0.685542	2.41003	-0.257296	-0.282468
1.345	0.406746	0.688877	2.41131	-0.237365	-0.277306
1.35	0.410475	0.692208	2.4125	-0.217975	-0.272232
1.355	0.414207	0.695535	2.41359	-0.199109	-0.267243
1.36	0.417943	0.698858	2.41459	-0.18075	-0.262338
1.365	0.421682	0.702178	2.41549	-0.162881	-0.257514
1.37	0.425424	0.705495	2.4163	-0.145487	-0.252771
1.375	0.429168	0.708809	2.41703	-0.128551	-0.248106
1.38	0.432914	0.712121	2.41767	-0.112059	-0.243517
1.385	0.436662	0.71543	2.41823	-0.0959967	-0.239005
1.39	0.440411	0.718738	2.41871	-0.0803506	-0.234565
1.395	0.444162	0.722044	2.41912	-0.0651073	-0.230199
1.4	0.447914	0.725349	2.41944	-0.0502538	-0.225903
1.405	0.451667	0.728653	2.41969	-0.0357778	-0.221676
1.41	0.45542	0.731957	2.41987	-0.0216674	-0.217517
1.415	0.459174	0.73526	2.41998	-0.00791121	-0.213425
1.42	0.462928	0.738562	2.42002	0.00550197	-0.209399
1.425	0.466681	0.741865	2.41999	0.0185828	-0.205436
1.43	0.470435	0.745169	2.4199	0.0313416	-0.201537
1.435	0.474188	0.748472	2.41974	0.0437882	-0.197699
1.44	0.47794	0.751777	2.41952	0.0559324	-0.193921
1.445	0.481691	0.755083	2.41924	0.0677832	-0.190203
1.45	0.485441	0.75839	2.4189	0.0793498	-0.186543
1.455	0.48919	0.761698	2.41851	0.0906406	-0.182941
1.46	0.492937	0.765009	2.41805	0.101664	-0.179394
1.465	0.496683	0.768321	2.41755	0.112428	-0.175903
1.47	0.500427	0.771635	2.41698	0.122941	-0.172465
1.475	0.504169	0.774951	2.41637	0.133209	-0.169081
1.48	0.507908	0.77827	2.4157	0.14324	-0.165748
1.485	0.511645	0.781592	2.41499	0.153042	-0.162467
1.49	0.51538	0.784917	2.41422	0.16262	-0.159237
1.495	0.519112	0.788244	2.41341	0.171981	-0.156055
1.5	0.522841	0.791575	2.41255	0.181132	-0.152923
1.505	0.526567	0.794909	2.41164	0.190079	-0.149838
1.51	0.53029	0.798247	2.41069	0.198827	-0.1468
1.515	0.534009	0.801588	2.4097	0.207382	-0.143808
1.52	0.537726	0.804934	2.40866	0.21575	-0.140862
1.525	0.541438	0.808283	2.40758	0.223936	-0.137961
1.53	0.545147	0.811636	2.40646	0.231945	-0.135103
1.535	0.548852	0.814994	2.4053	0.239782	-0.132289
1.54	0.552552	0.818356	2.40411	0.247451	-0.129517
1.545	0.556249	0.821723	2.40287	0.254958	-0.126787
1.55	0.559941	0.825094	2.40159	0.262307	-0.124099
1.555	0.563629	0.828471	2.40028	0.269503	-0.121451
1.56	0.567313	0.831852	2.39893	0.276548	-0.118843
1.565	0.570991	0.835238	2.39755	0.283448	-0.116275
1.57	0.574665	0.83863	2.39613	0.290207	-0.113745
1.575	0.578334	0.842026	2.39468	0.296827	-0.111254
1.58	0.581998	0.845429	2.3932	0.303314	-0.1088
1.585	0.585657	0.848837	2.39168	0.30967	-0.106383
1.59	0.58931	0.85225	2.39013	0.315899	-0.104003
1.595	0.592958	0.855669	2.38855	0.322004	-0.10166
1.6	0.596601	0.859095	2.38694	0.327988	-0.0993513
1.605	0.600238	0.862526	2.3853	0.333856	-0.0970782
1.61	0.603869	0.865963	2.38364	0.339608	-0.0948397
1.615	0.607494	0.869406	2.38194	0.34525	-0.0926354
1.62	0.611114	0.872856	2.38021	0.350782	-0.0904649
1.625	0.614727	0.876312	2.37846	0.35621	-0.0883275
1.63	0.618334	0.879774	2.37668	0.361533	-0.0862231
1.635	0.621935	0.883243	2.37487	0.366757	-0.084151
1.64	0.62553	0.886719	2.37303	0.371882	-0.082111
1.645	0.629118	0.890201	2.37118	0.376912	-0.0801025
1.65	0.6327	0.89369	2.36929	0.381849	-0.0781253
1.655	0.636274	0.897186	2.36738	0.386695	-0.0761789
1.66	0.639843	0.900688	2.36545	0.391452	-0.0742629
1.665	0.643404	0.904198	2.36349	0.396123	-0.0723771
1.67	0.646958	0.907715	2.36151	0.40071	-0.0705209
1.675	0.650505	0.911238	2.35951	0.405214	-0.0686942
1.68	0.654045	0.914769	2.35748	0.409638	-0.0668965
1.685	0.657578	0.918308	2.35543	0.413983	-0.0651275
1.69	0.661104	0.921853	2.35336	0.418252	-0.0633869
1.695	0.664622	0.925406	2.35127	0.422447	-0.0616744
1.7	0.668132	0.928966	2.34916	0.426568	-0.0599897
1.705	0.671635	0.932534	2.34703	0.430619	-0.0583324
1.71	0.675131	0.936109	2.34487	0.434599	-0.0567022
1.715	0.678618	0.939692	2.3427	0.438512	-0.055099
1.72	0.682098	0.943283	2.34051	0.442359	-0.0535223
1.725	0.685569	0.946881	2.3383	0.446141	-0.051972
1.73	0.689033	0.950487	2.33606	0.449859	-0.0504477
1.735	0.692489	0.954101	2.33382	0.453516	-0.0489492
1.74	0.695936	0.957723	2.33155	0.457112	-0.0474762
1.745	0.699375	0.961352	2.32926	0.460649	-0.0460285
1.75	0.702806	0.964989	2.32696	0.464128	-0.0446058
1.755	0.706228	0.968635	2.32464	0.467551	-0.0432078
1.76	0.709642	0.972288	2.3223	0.470919	-0.0418345
1.765	0.713047	0.975949	2.31995	0.474233	-0.0404854
1.77	0.716443	0.979619	2.31757	0.477494	-0.0391604
1.775	0.719831	0.983296	2.31519	0.480703	-0.0378593
1.78	0.723209	0.986982	2.31278	0.483862	-0.0365818
1.785	0.726579	0.990676	2.31036	0.486972	-0.0353277
1.79	0.72994	0.994378	2.30793	0.490033	-0.0340969
1.795	0.733292	0.998088	2.30548	0.493047	-0.0328891
1.8	0.736635	1.00181	2.30301	0.496015	-0.0317041
1.805	0.739968	1.00553	2.30053	0.498938	-0.0305416
1.81	0.743292	1.00927	2.29804	0.501816	-0.0294017
1.815	0.746607	1.01301	2.29553	0.504652	-0.0282839
1.82	0.749912	1.01676	2.29301	0.507444	-0.0271882
1.825	0.753208	1.02052	2.29047	0.510196	-0.0261143
1.83	0.756494	1.02429	2.28792	0.512906	-0.0250622
1.835	0.75977	1.02807	2.28535	0.515577	-0.0240315
1.84	0.763037	1.03185	2.28278	0.518209	-0.0230222
1.845	0.766294	1.03565	2.28019	0.520803	-0.022034
1.85	0.769541	1.03945	2.27758	0.523359	-0.0210668
1.855	0.772778	1.04326	2.27496	0.525879	-0.0201205
1.86	0.776005	1.04708	2.27234	0.528363	-0.0191949
1.865	0.779221	1.05091	2.26969	0.530812	-0.0182897
1.87	0.782428	1.05474	2.26704	0.533227	-0.0174049
1.875	0.785625	1.05859	2.26437	0.535608	-0.0165403
1.88	0.788811	1.06244	2.2617	0.537955	-0.0156958
1.885	0.791986	1.0663	2.25901	0.540271	-0.0148712
1.89	0.795152	1.07017	2.2563	0.542555	-0.0140664
1.895	0.798307	1.07405	2.25359	0.544807	-0.0132811
1.9	0.801451	1.07794	2.25087	0.54703	-0.0125154
1.905	0.804584	1.08184	2.24813	0.549222	-0.011769
1.91	0.807707	1.08574	2.24539	0.551385	-0.0110418
1.915	0.810819	1.08966	2.24263	0.55352	-0.0103337
1.92	0.813921	1.09358	2.23986	0.555626	-0.0096445
1.925	0.817011	1.09751	2.23708	0.557705	-0.00897413
1.93	0.82009	1.10145	2.23429	0.559757	-0.00832245
1.935	0.823159	1.1054	2.2315	0.561782	-0.00768933
1.94	0.826216	1.10935	2.22869	0.563781	-0.00707463
1.945	0.829262	1.11332	2.22587	0.565755	-0.00647825
1.95	0.832297	1.11729	2.22304	0.567703	-0.00590006
1.955	0.835321	1.12127	2.2202	0.569627	-0.00533993
1.96	0.838333	1.12526	2.21735	0.571527	-0.00479776
1.965	0.841334	1.12926	2.2145	0.573404	-0.00427342
1.97	0.844323	1.13327	2.21163	0.575257	-0.0037668
1.975	0.847301	1.13729	2.20875	0.577087	-0.00327779
1.98	0.850267	1.14131	2.20587	0.578895	-0.00280628
1.985	0.853221	1.14535	2.20297	0.580681	-0.00235215
1.99	0.856164	1.14939	2.20007	0.582446	-0.0019153
1.995	0.859095	1.15344	2.19716	0.584189	-0.00149561
2	0.862014	1.1575	2.19424	0.585912	-0.00109298
2.005	0.864922	1.16157	2.19131	0.587614	-0.00070731
2.01	0.867817	1.16564	2.18837	0.589297	-0.000338489
2.015	0.8707	1.16973	2.18542	0.59096	1.3585e-005
2.02	0.873571	1.17382	2.18247	0.592603	0.000349014
2.025	0.87643	1.17792	2.1795	0.594228	0.000667899
2.03	0.879277	1.18203	2.17653	0.595834	0.00097034
2.035	0.882112	1.18615	2.17355	0.597422	0.00125644
2.04	0.884934	1.19028	2.17057	0.598992	0.00152629
2.045	0.887744	1.19442	2.16757	0.600544	0.00177999
2.05	0.890541	1.19856	2.16457	0.602079	0.00201764
2.055	0.893326	1.20271	2.16156	0.603597	0.00223933
2.06	0.896099	1.20687	2.15854	0.605099	0.00244516
2.065	0.898859	1.21104	2.15551	0.606584	0.00263522
2.07	0.901606	1.21522	2.15248	0.608053	0.00280961
2.075	0.90434	1.21941	2.14944	0.609506	0.00296842
2.08	0.907062	1.2236	2.14639	0.610944	0.00311173
2.085	0.909771	1.2278	2.14334	0.612366	0.00323965
2.09	0.912467	1.23201	2.14028	0.613774	0.00335225
2.095	0.91515	1.23623	2.13721	0.615166	0.00344964
2.1	0.91782	1.24046	2.13413	0.616544	0.0035319
2.105	0.920477	1.2447	2.13105	0.617908	0.00359911
2.11	0.923121	1.24894	2.12796	0.619258	0.00365138
2.115	0.925751	1.25319	2.12486	0.620594	0.00368877
2.12	0.928369	1.25745	2.12176	0.621917	0.00371139
2.125	0.930973	1.26172	2.11865	0.623226	0.00371932
2.13	0.933564	1.266	2.11554	0.624523	0.00371264
2.135	0.936142	1.27028	2.11241	0.625806	0.00369144
2.14	0.938706	1.27457	2.10928	0.627077	0.00365581
2.145	0.941257	1.27887	2.10615	0.628335	0.00360582
2.15	0.943794	1.28318	2.10301	0.629581	0.00354157
2.155	0.946318	1.2875	2.09986	0.630815	0.00346314
2.16	0.948828	1.29182	2.0967	0.632038	0.0033706
2.165	0.951324	1.29616	2.09354	0.633248	0.00326406
2.17	0.953806	1.3005	2.09038	0.634448	0.00314358
2.175	0.956275	1.30484	2.08721	0.635636	0.00300925
2.18	0.95873	1.3092	2.08403	0.636813	0.00286115
2.185	0.961171	1.31356	2.08084	0.637979	0.00269937
2.19	0.963598	1.31793	2.07765	0.639134	0.00252398
2.195	0.966012	1.32231	2.07446	0.640279	0.00233508
2.2	0.968411	1.3267	2.07126	0.641414	0.00213273
2.205	0.970796	1.3311	2.06805	0.642538	0.00191702
2.21	0.973167	1.3355	2.06484	0.643653	0.00168804
2.215	0.975524	1.33991	2.06162	0.644757	0.00144586
2.22	0.977866	1.34432	2.05839	0.645852	0.00119056
2.225	0.980194	1.34875	2.05517	0.646937	0.000922224
2.23	0.982508	1.35318	2.05193	0.648013	0.000640932
2.235	0.984808	1.35762	2.04869	0.64908	0.000346765
2.24	0.987093	1.36207	2.04545	0.650138	3.98016e-005
2.245	0.989364	1.36652	2.04219	0.651186	-0.000279878
2.25	0.99162	1.37099	2.03894	0.652226	-0.000612194
2.255	0.993861	1.37545	2.03568	0.653257	-0.000957066
2.26	0.996088	1.37993	2.03241	0.65428	-0.00131442
2.265	0.998301	1.38442	2.02914	0.655294	-0.00168416
2.27	1.0005	1.38891	2.02586	0.6563	-0.00206623
2.275	1.00268	1.3934	2.02258	0.657298	-0.00246053
2.28	1.00485	1.39791	2.0193	0.658288	-0.00286699
2.285	1.007	1.40242	2.016	0.65927	-0.00328553
2.29	1.00914	1.40694	2.01271	0.660244	-0.00371608
2.295	1.01126	1.41147	2.00941	0.66121	-0.00415854
2.3	1.01337	1.416	2.0061	0.66217	-0.00461284
2.305	1.01547	1.42054	2.00279	0.663121	-0.00507891
2.31	1.01754	1.42509	1.99947	0.664066	-0.00555666
2.315	1.01961	1.42965	1.99615	0.665003	-0.00604601
2.32	1.02166	1.43421	1.99283	0.665933	-0.00654689
2.325	1.02369	1.43878	1.9895	0.666856	-0.00705921
2.33	1.02571	1.44335	1.98616	0.667772	-0.00758289
2.335	1.02771	1.44793	1.98283	0.668682	-0.00811787
2.34	1.0297	1.45252	1.97948	0.669585	-0.00866404
2.345	1.03167	1.45711	1.97613	0.670481	-0.00922135
2.35	1.03362	1.46172	1.97278	0.671371	-0.0097897
2.355	1.03556	1.46632	1.96943	0.672255	-0.010369
2.36	1.03749	1.47094	1.96606	0.673132	-0.0109592
2.365	1.0394	1.47556	1.9627	0.674003	-0.0115602
2.37	1.04129	1.48019	1.95933	0.674868	-0.012172
2.375	1.04317	1.48482	1.95595	0.675727	-0.0127943
2.38	1.04503	1.48946	1.95258	0.67658	-0.0134273
2.385	1.04688	1.49411	1.94919	0.677428	-0.0140707
2.39	1.04871	1.49876	1.94581	0.67827	-0.0147246
2.395	1.05053	1.50342	1.94241	0.679106	-0.0153887
2.4	1.05233	1.50808	1.93902	0.679936	-0.0160631
2.405	1.05411	1.51275	1.93562	0.680761	-0.0167477
2.41	1.05588	1.51743	1.93222	0.681581	-0.0174424
2.415	1.05763	1.52211	1.92881	0.682395	-0.018147
2.42	1.05937	1.5268	1.9254	0.683205	-0.0188616
2.425	1.06109	1.5315	1.92198	0.684009	-0.019586
2.43	1.06279	1.5362	1.91856	0.684808	-0.0203202
2.435	1.06448	1.5409	1.91514	0.685602	-0.021064
2.44	1.06615	1.54562	1.91171	0.686391	-0.0218175
2.445	1.06781	1.55033	1.90828	0.687175	-0.0225804
2.45	1.06945	1.55506	1.90484	0.687954	-0.0233528
2.455	1.07107	1.55979	1.9014	0.688729	-0.0241345
2.46	1.07268	1.56452	1.89796	0.689499	-0.0249255
2.465	1.07427	1.56926	1.89451	0.690265	-0.0257257
2.47	1.07584	1.57401	1.89106	0.691026	-0.0265349
2.475	1.0774	1.57876	1.8876	0.691782	-0.0273532
2.48	1.07894	1.58352	1.88414	0.692535	-0.0281804
2.485	1.08047	1.58828	1.88068	0.693283	-0.0290165
2.49	1.08197	1.59305	1.87721	0.694026	-0.0298613
2.495	1.08347	1.59782	1.87374	0.694766	-0.0307148
2.5	1.08494	1.6026	1.87027	0.695501	-0.0315769
2.505	1.0864	1.60738	1.86679	0.696232	-0.0324475
2.51	1.08784	1.61217	1.86331	0.69696	-0.0333266
2.515	1.08927	1.61696	1.85983	0.697683	-0.034214
2.52	1.09067	1.62176	1.85634	0.698403	-0.0351096
2.525	1.09207	1.62656	1.85285	0.699118	-0.0360134
2.53	1.09344	1.63137	1.84935	0.69983	-0.0369253
2.535	1.0948	1.63618	1.84585	0.700538	-0.0378453
2.54	1.09614	1.64099	1.84235	0.701242	-0.0387731
2.545	1.09746	1.64582	1.83884	0.701943	-0.0397088
2.55	1.09877	1.65064	1.83533	0.702641	-0.0406522
2.555	1.10006	1.65547	1.83182	0.703334	-0.0416033
2.56	1.10133	1.66031	1.8283	0.704025	-0.0425619
2.565	1.10259	1.66515	1.82478	0.704711	-0.0435281
2.57	1.10383	1.66999	1.82126	0.705395	-0.0445016
2.575	1.10505	1.67484	1.81773	0.706075	-0.0454825
2.58	1.10626	1.67969	1.8142	0.706752	-0.0464706
2.585	1.10745	1.68455	1.81067	0.707426	-0.0474658
2.59	1.10862	1.68941	1.80713	0.708096	-0.0484681
2.595	1.10977	1.69427	1.80359	0.708763	-0.0494773
2.6	1.11091	1.69914	1.80005	0.709428	-0.0504935
2.605	1.11202	1.70402	1.7965	0.710089	-0.0515164
2.61	1.11313	1.70889	1.79295	0.710747	-0.052546
2.615	1.11421	1.71378	1.7894	0.711402	-0.0535822
2.62	1.11528	1.71866	1.78584	0.712055	-0.054625
2.625	1.11633	1.72355	1.78228	0.712704	-0.0556742
2.63	1.11736	1.72844	1.77871	0.713351	-0.0567297
2.635	1.11837	1.73334	1.77515	0.713994	-0.0577915
2.64	1.11937	1.73824	1.77158	0.714635	-0.0588595
2.645	1.12035	1.74314	1.768	0.715274	-0.0599336
2.65	1.12131	1.74805	1.76443	0.715909	-0.0610136
2.655	1.12226	1.75296	1.76085	0.716542	-0.0620996
2.66	1.12318	1.75787	1.75727	0.717173	-0.0631913
2.665	1.12409	1.76279	1.75368	0.717801	-0.0642888
2.67	1.12499	1.76771	1.75009	0.718426	-0.0653919
2.675	1.12586	1.77263	1.7465	0.719049	-0.0665005
2.68	1.12672	1.77756	1.7429	0.719669	-0.0676146
2.685	1.12755	1.78248	1.73931	0.720287	-0.0687341
2.69	1.12838	1.78742	1.7357	0.720902	-0.0698588
2.695	1.12918	1.79235	1.7321	0.721516	-0.0709887
2.7	1.12996	1.79729	1.72849	0.722126	-0.0721236
2.705	1.13073	1.80223	1.72488	0.722735	-0.0732636
2.71	1.13148	1.80717	1.72127	0.723341	-0.0744085
2.715	1.13221	1.81212	1.71765	0.723945	-0.0755581
2.72	1.13293	1.81707	1.71403	0.724547	-0.0767125
2.725	1.13362	1.82202	1.71041	0.725147	-0.0778715
2.73	1.1343	1.82697	1.70678	0.725744	-0.0790351
2.735	1.13496	1.83193	1.70315	0.72634	-0.080203
2.74	1.1356	1.83689	1.69952	0.726933	-0.0813754
2.745	1.13622	1.84185	1.69589	0.727524	-0.0825519
2.75	1.13683	1.84681	1.69225	0.728114	-0.0837327
2.755	1.13742	1.85178	1.68861	0.728701	-0.0849175
2.76	1.13799	1.85675	1.68497	0.729286	-0.0861063
2.765	1.13854	1.86172	1.68132	0.72987	-0.0872989
2.77	1.13907	1.86669	1.67767	0.730451	-0.0884954
2.775	1.13959	1.87166	1.67402	0.731031	-0.0896955
2.78	1.14009	1.87664	1.67036	0.731609	-0.0908992
2.785	1.14056	1.88161	1.6667	0.732185	-0.0921065
2.79	1.14102	1.88659	1.66304	0.732759	-0.0933171
2.795	1.14147	1.89157	1.65938	0.733331	-0.0945311
2.8	1.14189	1.89655	1.65571	0.733902	-0.0957483
2.805	1.1423	1.90154	1.65204	0.734471	-0.0969686
2.81	1.14268	1.90652	1.64837	0.735038	-0.0981919
2.815	1.14305	1.91151	1.6447	0.735604	-0.0994182
2.82	1.1434	1.9165	1.64102	0.736168	-0.100647
2.825	1.14374	1.92148	1.63734	0.73673	-0.101879
2.83	1.14405	1.92647	1.63365	0.737291	-0.103114
2.835	1.14435	1.93147	1.62997	0.73785	-0.104351
2.84	1.14462	1.93646	1.62628	0.738407	-0.10559
2.845	1.14488	1.94145	1.62259	0.738963	-0.106832
2.85	1.14512	1.94645	1.61889	0.739518	-0.108076
2.855	1.14534	1.95144	1.61519	0.740071	-0.109323
2.86	1.14555	1.95644	1.61149	0.740622	-0.110571
2.865	1.14573	1.96143	1.60779	0.741172	-0.111822
2.87	1.1459	1.96643	1.60408	0.741721	-0.113074
2.875	1.14605	1.97143	1.60038	0.742268	-0.114328
2.88	1.14618	1.97643	1.59666	0.742814	-0.115584
2.885	1.14629	1.98143	1.59295	0.743359	-0.116841
2.89	1.14638	1.98642	1.58923	0.743902	-0.1181
2.895	1.14645	1.99142	1.58551	0.744443	-0.119361
2.9	1.14651	1.99642	1.58179	0.744984	-0.120622
2.905	1.14654	2.00142	1.57807	0.745523	-0.121885
2.91	1.14656	2.00642	1.57434	0.746061	-0.123149
2.915	1.14656	2.01142	1.57061	0.746598	-0.124414
2.92	1.14654	2.01642	1.56688	0.747133	-0.12568
2.925	1.1465	2.02142	1.56314	0.747668	-0.126947
2.93	1.14645	2.02642	1.5594	0.748201	-0.128214
2.935	1.14637	2.03142	1.55566	0.748733	-0.129483
2.94	1.14628	2.03642	1.55192	0.749263	-0.130751
2.945	1.14616	2.04142	1.54817	0.749793	-0.13202
2.95	1.14603	2.04642	1.54442	0.750321	-0.13329
2.955	1.14588	2.05142	1.54067	0.750849	-0.13456
2.96	1.14571	2.05641	1.53692	0.751375	-0.13583
2.965	1.14552	2.06141	1.53316	0.7519	-0.1371
2.97	1.14532	2.06641	1.5294	0.752424	-0.13837
2.975	1.14509	2.0714	1.52564	0.752947	-0.139639
2.98	1.14485	2.07639	1.52187	0.753469	-0.140909
2.985	1.14458	2.08139	1.51811	0.75399	-0.142178
2.99	1.1443	2.08638	1.51434	0.75451	-0.143447
2.995	1.144	2.09137	1.51056	0.755029	-0.144716
3	1.14368	2.09636	1.50679	0.755547	-0.145983
3.005	1.14334	2.10135	1.50301	0.756064	-0.14725
3.01	1.14298	2.10634	1.49923	0.756581	-0.148517
3.015	1.14261	2.11132	1.49545	0.757096	-0.149782
3.02	1.14221	2.11631	1.49166	0.75761	-0.151046
3.025	1.1418	2.12129	1.48787	0.758124	-0.15231
3.03	1.14136	2.12627	1.48408	0.758636	-0.153572
3.035	1.14091	2.13125	1.48029	0.759148	-0.154833
3.04	1.14044	2.13623	1.47649	0.759659	-0.156092
3.045	1.13995	2.1412	1.4727	0.760169	-0.15735
3.05	1.13944	2.14618	1.46889	0.760678	-0.158606
3.055	1.13892	2.15115	1.46509	0.761186	-0.159861
3.06	1.13837	2.15612	1.46129	0.761694	-0.161114
3.065	1.1378	2.16109	1.45748	0.762201	-0.162365
3.07	1.13722	2.16605	1.45367	0.762707	-0.163614
3.075	1.13662	2.17102	1.44985	0.763212	-0.164861
3.08	1.13599	2.17598	1.44604	0.763717	-0.166106
3.085	1.13535	2.18094	1.44222	0.76422	-0.167349
3.09	1.13469	2.18589	1.4384	0.764724	-0.16859
3.095	1.13401	2.19085	1.43457	0.765226	-0.169828
3.1	1.13332	2.1958	1.43075	0.765727	-0.171063
3.105	1.1326	2.20075	1.42692	0.766228	-0.172296
3.11	1.13186	2.20569	1.42309	0.766729	-0.173526
3.115	1.13111	2.21063	1.41925	0.767228	-0.174754
3.12	1.13034	2.21557	1.41542	0.767727	-0.175978
3.125	1.12954	2.22051	1.41158	0.768226	-0.1772
3.13	1.12873	2.22544	1.40774	0.768723	-0.178418
3.135	1.1279	2.23038	1.40389	0.76922	-0.179634
3.14	1.12705	2.2353	1.40005	0.769717	-0.180846
3.145	1.12618	2.24023	1.3962	0.770213	-0.182054
3.15	1.12529	2.24515	1.39235	0.770708	-0.18326
3.155	1.12439	2.25006	1.38849	0.771203	-0.184461
3.16	1.12346	2.25498	1.38464	0.771697	-0.185659
3.165	1.12252	2.25989	1.38078	0.77219	-0.186854
3.17	1.12155	2.26479	1.37692	0.772683	-0.188044
3.175	1.12057	2.2697	1.37306	0.773176	-0.189231
3.18	1.11957	2.2746	1.36919	0.773668	-0.190414
3.185	1.11855	2.27949	1.36532	0.774159	-0.191592
3.19	1.11751	2.28438	1.36145	0.77465	-0.192767
3.195	1.11645	2.28927	1.35758	0.775141	-0.193937
3.2	1.11538	2.29415	1.3537	0.775631	-0.195102
3.205	1.11428	2.29903	1.34982	0.77612	-0.196264
3.21	1.11317	2.3039	1.34594	0.776609	-0.197421
3.215	1.11203	2.30877	1.34206	0.777098	-0.198573
3.22	1.11088	2.31364	1.33817	0.777586	-0.19972
3.225	1.10971	2.3185	1.33429	0.778073	-0.200863
3.23	1.10852	2.32336	1.3304	0.778561	-0.202
3.235	1.10731	2.32821	1.3265	0.779047	-0.203133
3.24	1.10608	2.33305	1.32261	0.779534	-0.204261
3.245	1.10483	2.3379	1.31871	0.78002	-0.205383
3.25	1.10357	2.34273	1.31481	0.780505	-0.206501
3.255	1.10228	2.34756	1.31091	0.780991	-0.207613
3.26	1.10098	2.35239	1.307	0.781475	-0.208719
3.265	1.09966	2.35721	1.3031	0.78196	-0.20982
3.27	1.09831	2.36203	1.29919	0.782444	-0.210915
3.275	1.09695	2.36684	1.29527	0.782928	-0.212005
3.28	1.09558	2.37165	1.29136	0.783411	-0.213089
3.285	1.09418	2.37645	1.28744	0.783894	-0.214167
3.29	1.09276	2.38124	1.28352	0.784377	-0.215239
3.295	1.09133	2.38603	1.2796	0.784859	-0.216306
3.3	1.08987	2.39082	1.27568	0.785341	-0.217366
3.305	1.0884	2.3956	1.27175	0.785823	-0.21842
3.31	1.08691	2.40037	1.26782	0.786305	-0.219467
3.315	1.0854	2.40513	1.26389	0.786786	-0.220508
3.32	1.08387	2.40989	1.25995	0.787267	-0.221543
3.325	1.08232	2.41465	1.25602	0.787747	-0.222572
3.33	1.08075	2.4194	1.25208	0.788228	-0.223593
3.335	1.07917	2.42414	1.24814	0.788708	-0.224608
3.34	1.07756	2.42887	1.2442	0.789187	-0.225617
3.345	1.07594	2.4336	1.24025	0.789667	-0.226618
3.35	1.0743	2.43833	1.2363	0.790146	-0.227612
3.355	1.07264	2.44304	1.23235	0.790625	-0.2286
3.36	1.07096	2.44775	1.2284	0.791104	-0.22958
3.365	1.06926	2.45246	1.22444	0.791583	-0.230554
3.37	1.06755	2.45715	1.22048	0.792061	-0.23152
3.375	1.06581	2.46184	1.21652	0.79254	-0.232478
3.38	1.06406	2.46652	1.21256	0.793018	-0.23343
3.385	1.06229	2.4712	1.2086	0.793496	-0.234373
3.39	1.0605	2.47587	1.20463	0.793973	-0.23531
3.395	1.05869	2.48053	1.20066	0.794451	-0.236238
3.4	1.05686	2.48518	1.19669	0.794928	-0.237159
3.405	1.05501	2.48983	1.19271	0.795405	-0.238072
3.41	1.05315	2.49447	1.18873	0.795882	-0.238978
3.415	1.05127	2.4991	1.18475	0.796359	-0.239875
3.42	1.04937	2.50373	1.18077	0.796836	-0.240765
3.425	1.04745	2.50834	1.17679	0.797312	-0.241646
3.43	1.04551	2.51295	1.1728	0.797789	-0.242519
3.435	1.04355	2.51755	1.16881	0.798265	-0.243384
3.44	1.04158	2.52215	1.16482	0.798741	-0.244241
3.445	1.03959	2.52673	1.16083	0.799217	-0.245089
3.45	1.03757	2.53131	1.15683	0.799693	-0.245929
3.455	1.03554	2.53588	1.15283	0.800169	-0.24676
3.46	1.0335	2.54044	1.14883	0.800645	-0.247583
3.465	1.03143	2.545	1.14483	0.80112	-0.248397
3.47	1.02935	2.54954	1.14082	0.801596	-0.249203
3.475	1.02724	2.55408	1.13682	0.802071	-0.249999
3.48	1.02512	2.5586	1.13281	0.802547	-0.250787
3.485	1.02298	2.56312	1.12879	0.803022	-0.251566
3.49	1.02083	2.56764	1.12478	0.803497	-0.252336
3.495	1.01865	2.57214	1.12076	0.803973	-0.253097
3.5	1.01646	2.57663	1.11674	0.804448	-0.253848
3.505	1.01425	2.58112	1.11272	0.804923	-0.254591
3.51	1.01202	2.58559	1.10869	0.805398	-0.255324
3.515	1.00977	2.59006	1.10467	0.805873	-0.256048
3.52	1.00751	2.59451	1.10064	0.806348	-0.256763
3.525	1.00522	2.59896	1.09661	0.806823	-0.257468
3.53	1.00292	2.6034	1.09257	0.807298	-0.258164
3.535	1.0006	2.60783	1.08853	0.807773	-0.25885
3.54	0.998268	2.61225	1.0845	0.808248	-0.259527
3.545	0.995913	2.61666	1.08045	0.808723	-0.260194
3.55	0.993541	2.62106	1.07641	0.809198	-0.260851
3.555	0.99115	2.62546	1.07237	0.809673	-0.261498
3.56	0.988742	2.62984	1.06832	0.810148	-0.262136
3.565	0.986317	2.63421	1.06427	0.810623	-0.262764
3.57	0.983873	2.63857	1.06021	0.811099	-0.263381
3.575	0.981412	2.64292	1.05616	0.811574	-0.263989
3.58	0.978933	2.64727	1.0521	0.812049	-0.264587
3.585	0.976437	2.6516	1.04804	0.812524	-0.265174
3.59	0.973923	2.65592	1.04398	0.812999	-0.265751
3.595	0.971392	2.66023	1.03991	0.813475	-0.266318
3.6	0.968843	2.66453	1.03584	0.81395	-0.266875
3.605	0.966276	2.66883	1.03177	0.814426	-0.267421
3.61	0.963692	2.67311	1.0277	0.814901	-0.267957
3.615	0.961091	2.67738	1.02363	0.815377	-0.268483
3.62	0.958472	2.68164	1.01955	0.815852	-0.268998
3.625	0.955836	2.68588	1.01547	0.816328	-0.269503
3.63	0.953183	2.69012	1.01139	0.816804	-0.269997
3.635	0.950512	2.69435	1.00731	0.81728	-0.27048
3.64	0.947824	2.69857	1.00322	0.817756	-0.270952
3.645	0.945119	2.70277	0.999131	0.818233	-0.271414
3.65	0.942396	2.70696	0.99504	0.818709	-0.271865
3.655	0.939657	2.71115	0.990946	0.819185	-0.272306
3.66	0.9369	2.71532	0.98685	0.819662	-0.272735
3.665	0.934127	2.71948	0.982752	0.820139	-0.273153
3.67	0.931336	2.72363	0.978651	0.820615	-0.273561
3.675	0.928528	2.72776	0.974548	0.821092	-0.273957
3.68	0.925703	2.73189	0.970443	0.82157	-0.274343
3.685	0.922862	2.736	0.966335	0.822047	-0.274717
3.69	0.920003	2.74011	0.962225	0.822524	-0.275081
3.695	0.917128	2.7442	0.958112	0.823002	-0.275433
3.7	0.914236	2.74828	0.953997	0.82348	-0.275774
3.705	0.911327	2.75234	0.94988	0.823958	-0.276103
3.71	0.908401	2.7564	0.94576	0.824436	-0.276422
3.715	0.905459	2.76044	0.941638	0.824914	-0.276729
3.72	0.9025	2.76447	0.937513	0.825393	-0.277024
3.725	0.899525	2.76849	0.933386	0.825872	-0.277309
3.73	0.896532	2.77249	0.929257	0.826351	-0.277582
3.735	0.893524	2.77649	0.925125	0.82683	-0.277843
3.74	0.890499	2.78047	0.920991	0.827309	-0.278093
3.745	0.887457	2.78444	0.916854	0.827789	-0.278332
3.75	0.884399	2.78839	0.912716	0.828269	-0.278558
3.755	0.881325	2.79234	0.908574	0.828749	-0.278774
3.76	0.878234	2.79627	0.90443	0.829229	-0.278978
3.765	0.875127	2.80018	0.900284	0.82971	-0.27917
3.77	0.872004	2.80409	0.896136	0.830191	-0.27935
3.775	0.868865	2.80798	0.891985	0.830672	-0.279519
3.78	0.865709	2.81186	0.887831	0.831153	-0.279676
3.785	0.862537	2.81572	0.883676	0.831635	-0.279821
3.79	0.85935	2.81958	0.879517	0.832117	-0.279955
3.795	0.856146	2.82342	0.875357	0.832599	-0.280077
3.8	0.852927	2.82724	0.871194	0.833081	-0.280186
3.805	0.849691	2.83105	0.867028	0.833564	-0.280285
3.81	0.84644	2.83485	0.862861	0.834047	-0.280371
3.815	0.843173	2.83864	0.85869	0.83453	-0.280445
3.82	0.83989	2.84241	0.854518	0.835014	-0.280508
3.825	0.836591	2.84616	0.850343	0.835498	-0.280558
3.83	0.833277	2.84991	0.846165	0.835982	-0.280597
3.835	0.829947	2.85364	0.841985	0.836467	-0.280624
3.84	0.826601	2.85735	0.837803	0.836952	-0.280638
3.845	0.82324	2.86106	0.833618	0.837437	-0.280641
3.85	0.819864	2.86474	0.829431	0.837923	-0.280632
3.855	0.816472	2.86842	0.825241	0.838409	-0.280611
3.86	0.813065	2.87208	0.821049	0.838896	-0.280577
3.865	0.809642	2.87572	0.816855	0.839383	-0.280532
3.87	0.806204	2.87935	0.812658	0.83987	-0.280475
3.875	0.802751	2.88297	0.808459	0.840357	-0.280405
3.88	0.799283	2.88657	0.804257	0.840845	-0.280324
3.885	0.7958	2.89016	0.800053	0.841334	-0.28023
3.89	0.792301	2.89373	0.795846	0.841823	-0.280125
3.895	0.788788	2.89729	0.791637	0.842312	-0.280007
3.9	0.78526	2.90083	0.787425	0.842801	-0.279877
3.905	0.781716	2.90436	0.783211	0.843291	-0.279735
3.91	0.778158	2.90787	0.778995	0.843782	-0.279581
3.915	0.774585	2.91137	0.774776	0.844273	-0.279415
3.92	0.770998	2.91485	0.770555	0.844764	-0.279237
3.925	0.767395	2.91832	0.766331	0.845256	-0.279047
3.93	0.763778	2.92177	0.762104	0.845749	-0.278844
3.935	0.760147	2.92521	0.757876	0.846242	-0.27863
3.94	0.756501	2.92863	0.753644	0.846735	-0.278403
3.945	0.752841	2.93203	0.749411	0.847229	-0.278164
3.95	0.749166	2.93543	0.745175	0.847723	-0.277914
3.955	0.745476	2.9388	0.740936	0.848218	-0.277651
3.96	0.741773	2.94216	0.736695	0.848713	-0.277376
3.965	0.738055	2.9455	0.732451	0.849209	-0.277088
3.97	0.734323	2.94883	0.728205	0.849706	-0.276789
3.975	0.730578	2.95214	0.723957	0.850203	-0.276478
3.98	0.726818	2.95544	0.719706	0.8507	-0.276154
3.985	0.723044	2.95872	0.715452	0.851198	-0.275819
3.99	0.719256	2.96198	0.711196	0.851697	-0.275472
3.995	0.715454	2.96523	0.706938	0.852197	-0.275112
4	0.711638	2.96846	0.702677	0.852697	-0.27474
4.005	0.707809	2.97168	0.698413	0.853197	-0.274357
4.01	0.703966	2.97487	0.694147	0.853698	-0.273961
4.015	0.700109	2.97806	0.689879	0.8542	-0.273554
4.02	0.696239	2.98122	0.685608	0.854703	-0.273134
4.025	0.692356	2.98437	0.681334	0.855206	-0.272703
4.03	0.688458	2.9875	0.677058	0.85571	-0.272259
4.035	0.684548	2.99062	0.67278	0.856214	-0.271804
4.04	0.680624	2.99372	0.668499	0.856719	-0.271336
4.045	0.676687	2.9968	0.664215	0.857225	-0.270857
4.05	0.672737	2.99987	0.659929	0.857732	-0.270366
4.055	0.668774	3.00291	0.65564	0.858239	-0.269863
4.06	0.664797	3.00595	0.651349	0.858747	-0.269349
4.065	0.660808	3.00896	0.647055	0.859256	-0.268822
4.07	0.656806	3.01196	0.642759	0.859765	-0.268284
4.075	0.652791	3.01494	0.63846	0.860276	-0.267734
4.08	0.648763	3.0179	0.634159	0.860787	-0.267172
4.085	0.644722	3.02084	0.629855	0.861299	-0.266598
4.09	0.640669	3.02377	0.625548	0.861812	-0.266013
4.095	0.636603	3.02668	0.621239	0.862326	-0.265417
4.1	0.632525	3.02957	0.616928	0.86284	-0.264808
4.105	0.628434	3.03245	0.612614	0.863355	-0.264188
4.11	0.624331	3.03531	0.608297	0.863872	-0.263557
4.115	0.620216	3.03815	0.603977	0.864389	-0.262913
4.12	0.616088	3.04097	0.599656	0.864907	-0.262259
4.125	0.611948	3.04377	0.595331	0.865426	-0.261593
4.13	0.607796	3.04656	0.591004	0.865946	-0.260915
4.135	0.603633	3.04933	0.586674	0.866467	-0.260227
4.14	0.599457	3.05208	0.582342	0.866989	-0.259526
4.145	0.595269	3.05481	0.578007	0.867512	-0.258815
4.15	0.591069	3.05752	0.573669	0.868036	-0.258092
4.155	0.586858	3.06022	0.569329	0.868561	-0.257358
4.16	0.582635	3.06289	0.564986	0.869087	-0.256613
4.165	0.5784	3.06555	0.560641	0.869614	-0.255857
4.17	0.574154	3.06819	0.556293	0.870143	-0.255089
4.175	0.569897	3.07081	0.551942	0.870672	-0.254311
4.18	0.565628	3.07342	0.547589	0.871203	-0.253521
4.185	0.561348	3.076	0.543233	0.871735	-0.25272
4.19	0.557056	3.07857	0.538874	0.872268	-0.251909
4.195	0.552754	3.08112	0.534513	0.872802	-0.251086
4.2	0.54844	3.08364	0.530149	0.873337	-0.250253
4.205	0.544115	3.08615	0.525782	0.873874	-0.249409
4.21	0.53978	3.08864	0.521413	0.874412	-0.248554
4.215	0.535433	3.09112	0.517041	0.874952	-0.247689
4.22	0.531076	3.09357	0.512666	0.875492	-0.246812
4.225	0.526708	3.096	0.508288	0.876035	-0.245926
4.23	0.52233	3.09842	0.503908	0.876578	-0.245028
4.235	0.517941	3.10081	0.499525	0.877123	-0.24412
4.24	0.513541	3.10319	0.49514	0.87767	-0.243202
4.245	0.509131	3.10554	0.490751	0.878218	-0.242273
4.25	0.504711	3.10788	0.48636	0.878767	-0.241334
4.255	0.500281	3.1102	0.481966	0.879318	-0.240385
4.26	0.49584	3.1125	0.47757	0.879871	-0.239425
4.265	0.491389	3.11477	0.47317	0.880426	-0.238455
4.27	0.486929	3.11703	0.468768	0.880982	-0.237475
4.275	0.482458	3.11927	0.464363	0.881539	-0.236485
4.28	0.477978	3.12149	0.459956	0.882099	-0.235485
4.285	0.473488	3.12369	0.455545	0.88266	-0.234476
4.29	0.468988	3.12587	0.451132	0.883224	-0.233456
4.295	0.464479	3.12803	0.446716	0.883789	-0.232426
4.3	0.45996	3.13017	0.442297	0.884356	-0.231387
4.305	0.455432	3.13229	0.437875	0.884925	-0.230338
4.31	0.450894	3.13439	0.43345	0.885496	-0.229279
4.315	0.446347	3.13647	0.429023	0.886069	-0.228211
4.32	0.441791	3.13853	0.424593	0.886644	-0.227133
4.325	0.437226	3.14057	0.420159	0.887222	-0.226046
4.33	0.432652	3.14259	0.415723	0.887801	-0.224949
4.335	0.428069	3.14459	0.411284	0.888383	-0.223843
4.34	0.423477	3.14657	0.406842	0.888968	-0.222728
4.345	0.418876	3.14853	0.402398	0.889554	-0.221604
4.35	0.414267	3.15046	0.39795	0.890144	-0.22047
4.355	0.409649	3.15238	0.393499	0.890736	-0.219328
4.36	0.405023	3.15428	0.389045	0.89133	-0.218176
4.365	0.400388	3.15615	0.384589	0.891927	-0.217016
4.37	0.395745	3.15801	0.380129	0.892527	-0.215847
4.375	0.391094	3.15984	0.375666	0.89313	-0.214669
4.38	0.386434	3.16166	0.371201	0.893735	-0.213483
4.385	0.381767	3.16345	0.366732	0.894344	-0.212288
4.39	0.377091	3.16522	0.36226	0.894956	-0.211084
4.395	0.372408	3.16697	0.357786	0.895571	-0.209872
4.4	0.367717	3.1687	0.353308	0.896189	-0.208652
4.405	0.363018	3.17041	0.348827	0.896811	-0.207423
4.41	0.358311	3.1721	0.344343	0.897436	-0.206186
4.415	0.353597	3.17377	0.339856	0.898064	-0.204941
4.42	0.348876	3.17541	0.335365	0.898697	-0.203688
4.425	0.344147	3.17704	0.330872	0.899333	-0.202427
4.43	0.339411	3.17864	0.326375	0.899973	-0.201158
4.435	0.334668	3.18022	0.321875	0.900618	-0.199881
4.44	0.329917	3.18178	0.317372	0.901266	-0.198596
4.445	0.32516	3.18332	0.312866	0.901919	-0.197304
4.45	0.320396	3.18484	0.308356	0.902576	-0.196005
4.455	0.315625	3.18633	0.303843	0.903238	-0.194697
4.46	0.310847	3.18781	0.299327	0.903905	-0.193383
4.465	0.306063	3.18926	0.294808	0.904577	-0.192061
4.47	0.301272	3.19069	0.290285	0.905254	-0.190731
4.475	0.296475	3.1921	0.285759	0.905937	-0.189395
4.48	0.291671	3.19349	0.281229	0.906625	-0.188052
4.485	0.286862	3.19485	0.276696	0.907319	-0.186701
4.49	0.282046	3.1962	0.272159	0.908019	-0.185344
4.495	0.277224	3.19752	0.267619	0.908725	-0.18398
4.5	0.272396	3.19882	0.263075	0.909438	-0.182609
4.505	0.267562	3.2001	0.258528	0.910158	-0.181232
4.51	0.262722	3.20136	0.253977	0.910884	-0.179848
4.515	0.257877	3.20259	0.249423	0.911619	-0.178457
4.52	0.253026	3.2038	0.244865	0.912361	-0.17706
4.525	0.24817	3.20499	0.240303	0.913111	-0.175657
4.53	0.243308	3.20616	0.235738	0.913869	-0.174248
4.535	0.238441	3.20731	0.231168	0.914637	-0.172833
4.54	0.233569	3.20843	0.226595	0.915414	-0.171411
4.545	0.228692	3.20953	0.222018	0.916201	-0.169984
4.55	0.223809	3.21061	0.217437	0.916998	-0.168551
4.555	0.218922	3.21166	0.212852	0.917806	-0.167112
4.56	0.21403	3.2127	0.208263	0.918625	-0.165668
4.565	0.209133	3.21371	0.20367	0.919457	-0.164218
4.57	0.204232	3.2147	0.199072	0.920301	-0.162763
4.575	0.199326	3.21566	0.194471	0.921159	-0.161302
4.58	0.194416	3.21661	0.189865	0.922031	-0.159836
4.585	0.189502	3.21753	0.185255	0.922919	-0.158365
4.59	0.184583	3.21843	0.18064	0.923823	-0.156889
4.595	0.179661	3.2193	0.176021	0.924744	-0.155408
4.6	0.174734	3.22016	0.171398	0.925684	-0.153923
4.605	0.169803	3.22099	0.166769	0.926643	-0.152432
4.61	0.164869	3.22179	0.162136	0.927625	-0.150938
4.615	0.159931	3.22258	0.157498	0.928629	-0.149438
4.62	0.154989	3.22334	0.152855	0.929658	-0.147934
4.625	0.150044	3.22408	0.148206	0.930713	-0.146426
4.63	0.145095	3.22479	0.143553	0.931799	-0.144914
4.635	0.140143	3.22548	0.138894	0.932916	-0.143398
4.64	0.135188	3.22615	0.134229	0.934068	-0.141879
4.645	0.13023	3.2268	0.129559	0.935259	-0.140355
4.65	0.125269	3.22742	0.124883	0.936492	-0.138828
4.655	0.120305	3.22802	0.1202	0.937773	-0.137298
4.66	0.115339	3.2286	0.115511	0.939106	-0.135765
4.665	0.110369	3.22915	0.110816	0.940499	-0.134229
4.67	0.105397	3.22968	0.106113	0.941959	-0.13269
4.675	0.100423	3.23019	0.101403	0.943496	-0.131149
4.68	0.0954463	3.23067	0.096686	0.945121	-0.129606
4.685	0.0904675	3.23113	0.0919604	0.946847	-0.128061
4.69	0.0854865	3.23156	0.0872262	0.948694	-0.126516
4.695	0.0805035	3.23198	0.0824827	0.950682	-0.124969
4.7	0.0755186	3.23236	0.0777293	0.952842	-0.123423
4.705	0.0705319	3.23273	0.0729651	0.955209	-0.121878
4.71	0.0655435	3.23307	0.068189	0.957834	-0.120335
4.715	0.0605535	3.23339	0.0633999	0.960787	-0.118795
4.72	0.0555621	3.23368	0.0585959	0.964163	-0.117261
4.725	0.0505693	3.23395	0.0537751	0.968103	-0.115736
4.73	0.0455753	3.23419	0.0489346	0.972817	-0.114224
4.735	0.0405802	3.23441	0.0440705	0.978636	-0.11273
4.74	0.035584	3.23461	0.0391773	0.986108	-0.111263
4.745	0.030587	3.23478	0.0342468	0.996201	-0.10984
4.75	0.0255891	3.23493	0.0292658	1.01077	-0.108487
4.755	0.0205906	3.23505	0.0242119	1.03379	-0.107255
4.76	0.0155915	3.23514	0.019043	1.07515	-0.106258
4.765	0.0105919	3.23521	0.0136672	1.16571	-0.105803
4.77	0.00559209	3.23525	0.00783866	1.44675	-0.107173
4.775	0.000592089	3.23525	0.000604907	3.43083	-0.130109
