descriptor s_test R_test Z_test
0	1.08216	9.99999e-006	0.002	-0.40286	-0.00161689
0.005	1.07716	3.00714e-005	0.0040143	-0.405743	-0.00325077
0.01	1.07216	6.02863e-005	0.00604302	-0.408649	-0.00490175
0.015	1.06716	0.000100717	0.00808626	-0.411578	-0.00656993
0.02	1.06216	0.000151437	0.0101442	-0.414532	-0.00825542
0.025	1.05716	0.00021252	0.0122168	-0.417509	-0.00995833
0.03	1.05216	0.000284039	0.0143044	-0.420512	-0.0116788
0.035	1.04716	0.00036607	0.0164069	-0.423541	-0.0134169
0.04	1.04216	0.000458688	0.0185246	-0.426595	-0.0151727
0.045	1.03716	0.000561968	0.0206576	-0.429676	-0.0169465
0.05	1.03217	0.000675988	0.022806	-0.432784	-0.0187382
0.055	1.02717	0.000800825	0.0249699	-0.43592	-0.0205481
0.06	1.02217	0.000936556	0.0271495	-0.439085	-0.0223762
0.065	1.01717	0.00108326	0.0293449	-0.442278	-0.0242227
0.07	1.01217	0.00124101	0.0315563	-0.445501	-0.0260877
0.075	1.00718	0.0014099	0.0337838	-0.448754	-0.0279714
0.08	1.00218	0.00159	0.0360276	-0.452038	-0.0298738
0.085	0.997183	0.00178139	0.0382878	-0.455353	-0.0317951
0.09	0.992187	0.00198416	0.0405646	-0.458701	-0.0337355
0.095	0.987192	0.00219838	0.0428581	-0.462081	-0.0356951
0.1	0.982197	0.00242415	0.0451685	-0.465495	-0.037674
0.105	0.977203	0.00266154	0.0474959	-0.468943	-0.0396724
0.11	0.972209	0.00291064	0.0498407	-0.472426	-0.0416904
0.115	0.967216	0.00317154	0.0522028	-0.475945	-0.0437282
0.12	0.962223	0.00344431	0.0545825	-0.4795	-0.045786
0.125	0.957231	0.00372906	0.05698	-0.483093	-0.0478639
0.13	0.95224	0.00402586	0.0593955	-0.486724	-0.049962
0.135	0.94725	0.00433481	0.0618291	-0.490393	-0.0520806
0.14	0.94226	0.00465599	0.0642811	-0.494103	-0.0542198
0.145	0.937271	0.0049895	0.0667516	-0.497853	-0.0563797
0.15	0.932283	0.00533543	0.0692408	-0.501644	-0.0585606
0.155	0.927296	0.00569387	0.0717491	-0.505478	-0.0607626
0.16	0.92231	0.00606491	0.0742765	-0.509355	-0.062986
0.165	0.917324	0.00644865	0.0768232	-0.513277	-0.0652308
0.17	0.91234	0.00684518	0.0793896	-0.517244	-0.0674973
0.175	0.907357	0.0072546	0.0819758	-0.521257	-0.0697857
0.18	0.902375	0.00767701	0.0845821	-0.525317	-0.0720962
0.185	0.897394	0.0081125	0.0872087	-0.529426	-0.074429
0.19	0.892414	0.00856117	0.0898558	-0.533584	-0.0767843
0.195	0.887435	0.00902313	0.0925238	-0.537792	-0.0791623
0.2	0.882458	0.00949848	0.0952127	-0.542052	-0.0815631
0.205	0.877482	0.00998731	0.097923	-0.546365	-0.0839872
0.21	0.872507	0.0104897	0.100655	-0.550732	-0.0864345
0.215	0.867534	0.0110059	0.103408	-0.555153	-0.0889055
0.22	0.862562	0.0115358	0.106184	-0.559632	-0.0914003
0.225	0.857592	0.0120796	0.108982	-0.564167	-0.0939191
0.23	0.852623	0.0126375	0.111803	-0.568762	-0.0964623
0.235	0.847656	0.0132094	0.114647	-0.573417	-0.0990299
0.24	0.84269	0.0137957	0.117514	-0.578134	-0.101622
0.245	0.837727	0.0143962	0.120405	-0.582914	-0.10424
0.25	0.832764	0.0150113	0.123319	-0.587758	-0.106883
0.255	0.827804	0.0156409	0.126258	-0.592669	-0.109551
0.26	0.822846	0.0162852	0.129221	-0.597647	-0.112246
0.265	0.81789	0.0169443	0.13221	-0.602694	-0.114966
0.27	0.812935	0.0176184	0.135223	-0.607811	-0.117713
0.275	0.807983	0.0183075	0.138262	-0.613001	-0.120487
0.28	0.803033	0.0190118	0.141327	-0.618265	-0.123288
0.285	0.798085	0.0197314	0.144419	-0.623605	-0.126116
0.29	0.793139	0.0204664	0.147537	-0.629022	-0.128971
0.295	0.788196	0.0212169	0.150682	-0.634518	-0.131855
0.3	0.783255	0.0219832	0.153854	-0.640096	-0.134767
0.305	0.778316	0.0227652	0.157055	-0.645757	-0.137708
0.31	0.773381	0.0235632	0.160284	-0.651503	-0.140677
0.315	0.768447	0.0243773	0.163541	-0.657336	-0.143676
0.32	0.763517	0.0252076	0.166828	-0.663258	-0.146705
0.325	0.758589	0.0260542	0.170144	-0.669271	-0.149763
0.33	0.753664	0.0269173	0.17349	-0.675378	-0.152852
0.335	0.748742	0.027797	0.176867	-0.681581	-0.155972
0.34	0.743823	0.0286935	0.180275	-0.687882	-0.159123
0.345	0.738907	0.0296069	0.183715	-0.694283	-0.162305
0.35	0.733994	0.0305374	0.187186	-0.700788	-0.16552
0.355	0.729085	0.0314851	0.19069	-0.707397	-0.168767
0.36	0.724179	0.0324501	0.194227	-0.714115	-0.172047
0.365	0.719277	0.0334327	0.197798	-0.720944	-0.17536
0.37	0.714378	0.0344329	0.201402	-0.727886	-0.178706
0.375	0.709482	0.0354509	0.205042	-0.734944	-0.182087
0.38	0.704591	0.036487	0.208716	-0.742121	-0.185502
0.385	0.699703	0.0375411	0.212427	-0.74942	-0.188953
0.39	0.69482	0.0386136	0.216174	-0.756845	-0.192439
0.395	0.68994	0.0397045	0.219958	-0.764398	-0.195961
0.4	0.685065	0.0408141	0.22378	-0.772082	-0.19952
0.405	0.680194	0.0419425	0.227641	-0.779901	-0.203115
0.41	0.675327	0.0430899	0.23154	-0.787858	-0.206748
0.415	0.670465	0.0442565	0.23548	-0.795958	-0.21042
0.42	0.665608	0.0454423	0.239459	-0.804202	-0.21413
0.425	0.660755	0.0466477	0.24348	-0.812596	-0.217879
0.43	0.655908	0.0478729	0.247543	-0.821142	-0.221668
0.435	0.651065	0.0491179	0.251649	-0.829845	-0.225497
0.44	0.646228	0.050383	0.255798	-0.83871	-0.229367
0.445	0.641396	0.0516683	0.259992	-0.847739	-0.233279
0.45	0.63657	0.0529742	0.26423	-0.856938	-0.237233
0.455	0.631749	0.0543007	0.268515	-0.86631	-0.24123
0.46	0.626934	0.055648	0.272847	-0.875861	-0.24527
0.465	0.622125	0.0570165	0.277226	-0.885594	-0.249355
0.47	0.617322	0.0584062	0.281654	-0.895515	-0.253484
0.475	0.612525	0.0598174	0.286132	-0.905629	-0.257658
0.48	0.607735	0.0612503	0.29066	-0.915941	-0.261879
0.485	0.602951	0.0627052	0.295239	-0.926456	-0.266147
0.49	0.598174	0.0641822	0.299872	-0.937179	-0.270462
0.495	0.593404	0.0656815	0.304558	-0.948116	-0.274826
0.5	0.588641	0.0672035	0.309298	-0.959272	-0.279239
0.505	0.583886	0.0687482	0.314095	-0.970654	-0.283702
0.51	0.579138	0.0703161	0.318948	-0.982268	-0.288215
0.515	0.574398	0.0719072	0.323859	-0.994118	-0.29278
0.52	0.569666	0.0735219	0.32883	-1.00621	-0.297397
0.525	0.564942	0.0751604	0.333861	-1.01856	-0.302067
0.53	0.560227	0.0768229	0.338954	-1.03116	-0.306791
0.535	0.55552	0.0785097	0.344109	-1.04403	-0.31157
0.54	0.550822	0.080221	0.34933	-1.05717	-0.316405
0.545	0.546133	0.0819571	0.354615	-1.07058	-0.321296
0.55	0.541453	0.0837184	0.359968	-1.08429	-0.326245
0.555	0.536783	0.0855049	0.36539	-1.09828	-0.331252
0.56	0.532123	0.0873171	0.370881	-1.11258	-0.336318
0.565	0.527473	0.0891552	0.376444	-1.12719	-0.341445
0.57	0.522834	0.0910195	0.38208	-1.14212	-0.346633
0.575	0.518205	0.0929102	0.387791	-1.15737	-0.351883
0.58	0.513587	0.0948277	0.393577	-1.17296	-0.357196
0.585	0.508981	0.0967722	0.399442	-1.18889	-0.362573
0.59	0.504386	0.098744	0.405387	-1.20518	-0.368016
0.595	0.499804	0.100744	0.411413	-1.22183	-0.373524
0.6	0.495233	0.102771	0.417522	-1.23885	-0.3791
0.605	0.490675	0.104827	0.423716	-1.25626	-0.384744
0.61	0.48613	0.106911	0.429997	-1.27406	-0.390457
0.615	0.481599	0.109024	0.436368	-1.29226	-0.39624
0.62	0.477081	0.111167	0.442829	-1.31087	-0.402095
0.625	0.472578	0.113339	0.449383	-1.32992	-0.408021
0.63	0.468089	0.115541	0.456033	-1.34939	-0.414022
0.635	0.463615	0.117773	0.46278	-1.36932	-0.420096
0.64	0.459156	0.120036	0.469626	-1.3897	-0.426246
0.645	0.454713	0.12233	0.476575	-1.41055	-0.432473
0.65	0.450286	0.124654	0.483628	-1.43188	-0.438776
0.655	0.445877	0.127011	0.490787	-1.45371	-0.445158
0.66	0.441484	0.1294	0.498056	-1.47605	-0.45162
0.665	0.437109	0.131821	0.505436	-1.4989	-0.458162
0.67	0.432753	0.134274	0.51293	-1.52228	-0.464785
0.675	0.428415	0.136761	0.520542	-1.54621	-0.471491
0.68	0.424097	0.139281	0.528273	-1.57069	-0.478279
0.685	0.419798	0.141835	0.536126	-1.59574	-0.485151
0.69	0.41552	0.144424	0.544105	-1.62138	-0.492108
0.695	0.411263	0.147046	0.552212	-1.6476	-0.49915
0.7	0.407028	0.149704	0.56045	-1.67444	-0.506278
0.705	0.402816	0.152397	0.568822	-1.70189	-0.513493
0.71	0.398626	0.155126	0.577331	-1.72997	-0.520795
0.715	0.39446	0.157891	0.585981	-1.7587	-0.528185
0.72	0.390319	0.160693	0.594775	-1.78808	-0.535662
0.725	0.386203	0.163532	0.603715	-1.81813	-0.543227
0.73	0.382112	0.166407	0.612806	-1.84885	-0.550881
0.735	0.378049	0.169321	0.62205	-1.88027	-0.558623
0.74	0.374013	0.172273	0.631451	-1.91238	-0.566453
0.745	0.370006	0.175263	0.641013	-1.9452	-0.574371
0.75	0.366027	0.178291	0.650739	-1.97874	-0.582377
0.755	0.362079	0.18136	0.660633	-2.013	-0.590469
0.76	0.358162	0.184467	0.670698	-2.04799	-0.598646
0.765	0.354278	0.187615	0.680938	-2.08372	-0.606909
0.77	0.350426	0.190803	0.691357	-2.12018	-0.615255
0.775	0.346608	0.194031	0.701958	-2.15739	-0.623683
0.78	0.342825	0.197301	0.712744	-2.19534	-0.632191
0.785	0.339078	0.200612	0.723721	-2.23403	-0.640776
0.79	0.335369	0.203964	0.734891	-2.27345	-0.649437
0.795	0.331697	0.207359	0.746259	-2.31361	-0.658171
0.8	0.328066	0.210795	0.757827	-2.3545	-0.666974
0.805	0.324475	0.214275	0.769599	-2.39609	-0.675843
0.81	0.320926	0.217797	0.78158	-2.43839	-0.684774
0.815	0.31742	0.221362	0.793772	-2.48136	-0.693761
0.82	0.313959	0.22497	0.806178	-2.525	-0.702801
0.825	0.310543	0.228622	0.818803	-2.56927	-0.711888
0.83	0.307175	0.232317	0.83165	-2.61416	-0.721016
0.835	0.303855	0.236056	0.844721	-2.65961	-0.730177
0.84	0.300586	0.239839	0.858019	-2.7056	-0.739366
0.845	0.297367	0.243665	0.871547	-2.75208	-0.748573
0.85	0.294202	0.247536	0.885307	-2.79901	-0.757791
0.855	0.291091	0.25145	0.899302	-2.84632	-0.76701
0.86	0.288037	0.255408	0.913534	-2.89397	-0.77622
0.865	0.285039	0.259411	0.928004	-2.94188	-0.785411
0.87	0.282101	0.263456	0.942713	-2.98998	-0.794572
0.875	0.279224	0.267546	0.957663	-3.03819	-0.803689
0.88	0.27641	0.271678	0.972854	-3.08642	-0.81275
0.885	0.273659	0.275854	0.988286	-3.13459	-0.821742
0.89	0.270974	0.280072	1.00396	-3.18259	-0.830649
0.895	0.268357	0.284332	1.01987	-3.2303	-0.839456
0.9	0.265808	0.288634	1.03602	-3.27763	-0.848148
0.905	0.263331	0.292977	1.05241	-3.32444	-0.856707
0.91	0.260926	0.29736	1.06903	-3.37062	-0.865116
0.915	0.258596	0.301784	1.08589	-3.41601	-0.873356
0.92	0.256341	0.306247	1.10297	-3.46049	-0.881409
0.925	0.254164	0.310748	1.12027	-3.5039	-0.889255
0.93	0.252066	0.315286	1.13779	-3.5461	-0.896874
0.935	0.250048	0.319861	1.15552	-3.58692	-0.904247
0.94	0.248114	0.324472	1.17345	-3.62622	-0.911353
0.945	0.246263	0.329117	1.19158	-3.66382	-0.91817
0.95	0.244497	0.333795	1.2099	-3.69957	-0.924679
0.955	0.242818	0.338504	1.2284	-3.7333	-0.930859
0.96	0.241228	0.343245	1.24707	-3.76486	-0.936689
0.965	0.239727	0.348014	1.26589	-3.79407	-0.942149
0.97	0.238317	0.352811	1.28486	-3.82079	-0.947221
0.975	0.236998	0.357634	1.30397	-3.84487	-0.951885
0.98	0.235773	0.362482	1.32319	-3.86616	-0.956124
0.985	0.234641	0.367352	1.34252	-3.88454	-0.959922
0.99	0.233605	0.372243	1.36194	-3.89986	-0.963262
0.995	0.232664	0.377154	1.38144	-3.91203	-0.96613
1	0.231819	0.382082	1.401	-3.92094	-0.968516
1.005	0.231071	0.387026	1.42061	-3.92651	-0.970407
1.01	0.23042	0.391983	1.44024	-3.92866	-0.971794
1.015	0.229866	0.396952	1.45988	-3.92735	-0.972671
1.02	0.22941	0.401932	1.47952	-3.92252	-0.973033
1.025	0.229052	0.406919	1.49913	-3.91417	-0.972877
1.03	0.228792	0.411912	1.51871	-3.90229	-0.972201
1.035	0.228629	0.416909	1.53822	-3.88689	-0.971008
1.04	0.228564	0.421909	1.55765	-3.86801	-0.9693
1.045	0.228594	0.426909	1.57699	-3.8457	-0.967083
1.05	0.228722	0.431907	1.59622	-3.82003	-0.964365
1.055	0.228944	0.436902	1.61532	-3.79107	-0.961155
1.06	0.229261	0.441892	1.63428	-3.75895	-0.957464
1.065	0.229672	0.446875	1.65307	-3.72375	-0.953306
1.07	0.230176	0.45185	1.67169	-3.68562	-0.948695
1.075	0.230771	0.456814	1.69012	-3.64469	-0.943647
1.08	0.231457	0.461767	1.70834	-3.60111	-0.938179
1.085	0.232231	0.466707	1.72635	-3.55505	-0.932311
1.09	0.233093	0.471632	1.74412	-3.50665	-0.926061
1.095	0.234042	0.476541	1.76165	-3.4561	-0.91945
1.1	0.235075	0.481433	1.77893	-3.40356	-0.912498
1.105	0.236191	0.486307	1.79595	-3.34922	-0.905227
1.11	0.237389	0.491161	1.8127	-3.29324	-0.897658
1.115	0.238667	0.495995	1.82916	-3.23582	-0.889813
1.12	0.240022	0.500808	1.84534	-3.17711	-0.881714
1.125	0.241454	0.505599	1.86123	-3.1173	-0.873381
1.13	0.24296	0.510366	1.87682	-3.05655	-0.864836
1.135	0.244539	0.51511	1.8921	-2.99502	-0.8561
1.14	0.246189	0.51983	1.90707	-2.93287	-0.847193
1.145	0.247908	0.524526	1.92174	-2.87025	-0.838134
1.15	0.249694	0.529196	1.93609	-2.80731	-0.828943
1.155	0.251546	0.53384	1.95013	-2.74418	-0.819638
1.16	0.253461	0.538459	1.96385	-2.68098	-0.810236
1.165	0.255438	0.543052	1.97725	-2.61785	-0.800754
1.17	0.257474	0.547618	1.99034	-2.55489	-0.791208
1.175	0.259569	0.552158	2.00312	-2.4922	-0.781613
1.18	0.261721	0.556672	2.01558	-2.42989	-0.771984
1.185	0.263927	0.561159	2.02773	-2.36803	-0.762333
1.19	0.266185	0.565619	2.03957	-2.30672	-0.752673
1.195	0.268496	0.570054	2.0511	-2.24602	-0.743016
1.2	0.270856	0.574462	2.06233	-2.18601	-0.733372
1.205	0.273264	0.578844	2.07326	-2.12673	-0.723753
1.21	0.275718	0.5832	2.08389	-2.06824	-0.714166
1.215	0.278217	0.58753	2.09423	-2.01058	-0.704622
1.22	0.28076	0.591835	2.10429	-1.9538	-0.695127
1.225	0.283345	0.596116	2.11406	-1.89794	-0.685688
1.23	0.28597	0.600371	2.12355	-1.84301	-0.676313
1.235	0.288634	0.604602	2.13276	-1.78904	-0.667007
1.24	0.291336	0.608809	2.14171	-1.73605	-0.657776
1.245	0.294074	0.612993	2.15039	-1.68406	-0.648624
1.25	0.296848	0.617153	2.15881	-1.63308	-0.639556
1.255	0.299655	0.62129	2.16697	-1.58311	-0.630575
1.26	0.302495	0.625405	2.17489	-1.53416	-0.621686
1.265	0.305367	0.629498	2.18256	-1.48624	-0.612889
1.27	0.308269	0.63357	2.18999	-1.43933	-0.60419
1.275	0.3112	0.637621	2.19719	-1.39344	-0.595588
1.28	0.314159	0.641651	2.20415	-1.34856	-0.587087
1.285	0.317146	0.645661	2.2109	-1.30468	-0.578688
1.29	0.320158	0.649652	2.21742	-1.2618	-0.570392
1.295	0.323196	0.653624	2.22373	-1.2199	-0.5622
1.3	0.326257	0.657576	2.22983	-1.17897	-0.554112
1.305	0.329342	0.661511	2.23572	-1.13899	-0.54613
1.31	0.33245	0.665428	2.24142	-1.09996	-0.538253
1.315	0.335579	0.669328	2.24692	-1.06185	-0.530482
1.32	0.338728	0.673212	2.25223	-1.02466	-0.522816
1.325	0.341898	0.677079	2.25735	-0.988359	-0.515256
1.33	0.345086	0.68093	2.26229	-0.952936	-0.5078
1.335	0.348293	0.684767	2.26706	-0.918373	-0.500449
1.34	0.351517	0.688588	2.27165	-0.884652	-0.493202
1.345	0.354758	0.692395	2.27607	-0.851756	-0.486058
1.35	0.358016	0.696189	2.28033	-0.819666	-0.479017
1.355	0.361289	0.699969	2.28443	-0.788364	-0.472077
1.36	0.364576	0.703736	2.28837	-0.757832	-0.465237
1.365	0.367879	0.70749	2.29216	-0.728052	-0.458497
1.37	0.371194	0.711233	2.2958	-0.699006	-0.451856
1.375	0.374523	0.714963	2.2993	-0.670677	-0.445312
1.38	0.377864	0.718683	2.30265	-0.643046	-0.438864
1.385	0.381217	0.722392	2.30586	-0.616096	-0.432512
1.39	0.384582	0.726091	2.30894	-0.58981	-0.426253
1.395	0.387958	0.729779	2.31189	-0.56417	-0.420087
1.4	0.391343	0.733458	2.31471	-0.539161	-0.414013
1.405	0.394739	0.737128	2.31741	-0.514766	-0.408028
1.41	0.398144	0.74079	2.31998	-0.490968	-0.402133
1.415	0.401559	0.744442	2.32244	-0.467752	-0.396325
1.42	0.404981	0.748087	2.32478	-0.445102	-0.390604
1.425	0.408412	0.751725	2.327	-0.423004	-0.384967
1.43	0.411851	0.755354	2.32912	-0.401442	-0.379415
1.435	0.415296	0.758978	2.33113	-0.380401	-0.373945
1.44	0.418749	0.762594	2.33303	-0.359868	-0.368556
1.445	0.422208	0.766204	2.33483	-0.339829	-0.363247
1.45	0.425674	0.769809	2.33653	-0.320271	-0.358017
1.455	0.429145	0.773407	2.33813	-0.301179	-0.352864
1.46	0.432621	0.777001	2.33963	-0.282542	-0.347788
1.465	0.436103	0.78059	2.34105	-0.264347	-0.342786
1.47	0.439589	0.784174	2.34237	-0.246582	-0.337859
1.475	0.44308	0.787754	2.3436	-0.229235	-0.333004
1.48	0.446575	0.791329	2.34475	-0.212294	-0.32822
1.485	0.450073	0.794901	2.34581	-0.195749	-0.323507
1.49	0.453575	0.79847	2.34679	-0.179588	-0.318863
1.495	0.457081	0.802036	2.34768	-0.163801	-0.314287
1.5	0.460589	0.805598	2.3485	-0.148377	-0.309778
1.505	0.4641	0.809158	2.34925	-0.133307	-0.305335
1.51	0.467613	0.812716	2.34991	-0.118581	-0.300956
1.515	0.471128	0.816271	2.35051	-0.10419	-0.296641
1.52	0.474646	0.819825	2.35103	-0.0901237	-0.292389
1.525	0.478165	0.823377	2.35148	-0.0763741	-0.288199
1.53	0.481685	0.826928	2.35186	-0.0629323	-0.284069
1.535	0.485206	0.830478	2.35217	-0.0497899	-0.279999
1.54	0.488728	0.834027	2.35242	-0.036939	-0.275988
1.545	0.492251	0.837575	2.35261	-0.0243714	-0.272034
1.55	0.495774	0.841123	2.35273	-0.0120797	-0.268137
1.555	0.499298	0.84467	2.35279	-5.62982e-005	-0.264297
1.56	0.502821	0.848218	2.35279	0.0117059	-0.260511
1.565	0.506344	0.851766	2.35273	0.023214	-0.25678
1.57	0.509867	0.855314	2.35261	0.0344748	-0.253102
1.575	0.51339	0.858863	2.35244	0.0454948	-0.249476
1.58	0.516911	0.862412	2.35222	0.0562804	-0.245902
1.585	0.520431	0.865963	2.35193	0.0668379	-0.242379
1.59	0.523951	0.869514	2.3516	0.0771733	-0.238906
1.595	0.527469	0.873068	2.35121	0.0872924	-0.235483
1.6	0.530985	0.876622	2.35078	0.0972009	-0.232108
1.605	0.534499	0.880179	2.35029	0.106904	-0.228781
1.61	0.538012	0.883737	2.34976	0.116408	-0.225502
1.615	0.541523	0.887297	2.34917	0.125717	-0.222268
1.62	0.545031	0.89086	2.34855	0.134837	-0.219081
1.625	0.548537	0.894424	2.34787	0.143772	-0.215939
1.63	0.552041	0.897992	2.34715	0.152527	-0.212841
1.635	0.555541	0.901562	2.34639	0.161106	-0.209787
1.64	0.559039	0.905135	2.34558	0.169515	-0.206776
1.645	0.562534	0.90871	2.34474	0.177758	-0.203807
1.65	0.566026	0.912289	2.34385	0.185838	-0.200881
1.655	0.569514	0.915871	2.34292	0.19376	-0.197996
1.66	0.572999	0.919457	2.34195	0.201528	-0.195152
1.665	0.57648	0.923046	2.34094	0.209146	-0.192348
1.67	0.579957	0.926639	2.3399	0.216617	-0.189584
1.675	0.583431	0.930235	2.33881	0.223945	-0.186858
1.68	0.5869	0.933835	2.33769	0.231133	-0.184172
1.685	0.590366	0.93744	2.33654	0.238186	-0.181523
1.69	0.593827	0.941048	2.33535	0.245106	-0.178913
1.695	0.597283	0.944661	2.33412	0.251896	-0.176339
1.7	0.600736	0.948278	2.33286	0.25856	-0.173802
1.705	0.604183	0.9519	2.33157	0.265101	-0.171301
1.71	0.607626	0.955526	2.33024	0.271522	-0.168836
1.715	0.611063	0.959156	2.32889	0.277826	-0.166406
1.72	0.614496	0.962792	2.3275	0.284015	-0.16401
1.725	0.617923	0.966432	2.32608	0.290092	-0.161649
1.73	0.621346	0.970078	2.32463	0.29606	-0.159322
1.735	0.624762	0.973728	2.32315	0.301922	-0.157029
1.74	0.628174	0.977384	2.32164	0.307679	-0.154769
1.745	0.631579	0.981044	2.3201	0.313335	-0.152541
1.75	0.634979	0.984711	2.31853	0.318891	-0.150346
1.755	0.638373	0.988382	2.31694	0.324351	-0.148182
1.76	0.641761	0.992059	2.31532	0.329716	-0.14605
1.765	0.645143	0.995742	2.31367	0.334988	-0.14395
1.77	0.648519	0.99943	2.31199	0.34017	-0.14188
1.775	0.651889	1.00312	2.31029	0.345264	-0.139841
1.78	0.655252	1.00682	2.30857	0.350272	-0.137832
1.785	0.658609	1.01053	2.30681	0.355195	-0.135852
1.79	0.661959	1.01424	2.30504	0.360035	-0.133903
1.795	0.665302	1.01796	2.30324	0.364795	-0.131982
1.8	0.668639	1.02168	2.30141	0.369477	-0.13009
1.805	0.671969	1.02541	2.29957	0.374081	-0.128227
1.81	0.675291	1.02915	2.2977	0.37861	-0.126392
1.815	0.678607	1.03289	2.2958	0.383065	-0.124585
1.82	0.681916	1.03664	2.29389	0.387449	-0.122806
1.825	0.685217	1.0404	2.29195	0.391762	-0.121054
1.83	0.688511	1.04416	2.28999	0.396006	-0.119329
1.835	0.691797	1.04793	2.28801	0.400182	-0.11763
1.84	0.695076	1.0517	2.28601	0.404293	-0.115959
1.845	0.698347	1.05548	2.28399	0.408339	-0.114314
1.85	0.701611	1.05927	2.28195	0.412322	-0.112694
1.855	0.704867	1.06306	2.27989	0.416243	-0.111101
1.86	0.708114	1.06687	2.2778	0.420104	-0.109533
1.865	0.711354	1.07067	2.2757	0.423906	-0.10799
1.87	0.714586	1.07449	2.27358	0.427649	-0.106473
1.875	0.71781	1.07831	2.27145	0.431336	-0.10498
1.88	0.721025	1.08214	2.26929	0.434968	-0.103512
1.885	0.724232	1.08598	2.26711	0.438545	-0.102068
1.89	0.72743	1.08982	2.26492	0.442069	-0.100648
1.895	0.73062	1.09367	2.26271	0.445541	-0.0992522
1.9	0.733802	1.09753	2.26048	0.448962	-0.0978801
1.905	0.736975	1.10139	2.25824	0.452332	-0.0965315
1.91	0.740139	1.10526	2.25598	0.455654	-0.0952062
1.915	0.743294	1.10914	2.2537	0.458928	-0.093904
1.92	0.74644	1.11303	2.2514	0.462155	-0.0926246
1.925	0.749578	1.11692	2.24909	0.465336	-0.0913679
1.93	0.752706	1.12082	2.24677	0.468472	-0.0901338
1.935	0.755825	1.12473	2.24442	0.471563	-0.0889219
1.94	0.758935	1.12864	2.24207	0.474611	-0.0877322
1.945	0.762036	1.13257	2.23969	0.477617	-0.0865645
1.95	0.765127	1.1365	2.23731	0.480581	-0.0854185
1.955	0.768209	1.14043	2.2349	0.483505	-0.084294
1.96	0.771281	1.14438	2.23249	0.486388	-0.083191
1.965	0.774344	1.14833	2.23005	0.489233	-0.0821093
1.97	0.777397	1.15229	2.22761	0.492038	-0.0810486
1.975	0.78044	1.15626	2.22515	0.494807	-0.0800089
1.98	0.783473	1.16023	2.22267	0.497538	-0.0789899
1.985	0.786497	1.16422	2.22019	0.500233	-0.0779915
1.99	0.78951	1.16821	2.21768	0.502892	-0.0770135
1.995	0.792514	1.1722	2.21517	0.505517	-0.0760558
2	0.795507	1.17621	2.21264	0.508107	-0.0751182
2.005	0.79849	1.18022	2.2101	0.510664	-0.0742007
2.01	0.801463	1.18424	2.20755	0.513188	-0.0733029
2.015	0.804426	1.18827	2.20498	0.51568	-0.0724248
2.02	0.807378	1.1923	2.2024	0.51814	-0.0715663
2.025	0.81032	1.19635	2.19981	0.520569	-0.0707271
2.03	0.813251	1.2004	2.19721	0.522968	-0.0699072
2.035	0.816172	1.20446	2.1946	0.525336	-0.0691065
2.04	0.819082	1.20852	2.19197	0.527675	-0.0683247
2.045	0.821981	1.2126	2.18933	0.529986	-0.0675618
2.05	0.824869	1.21668	2.18668	0.532268	-0.0668175
2.055	0.827747	1.22077	2.18402	0.534522	-0.0660919
2.06	0.830613	1.22486	2.18135	0.53675	-0.0653847
2.065	0.833469	1.22897	2.17866	0.53895	-0.0646959
2.07	0.836313	1.23308	2.17597	0.541124	-0.0640252
2.075	0.839147	1.2372	2.17326	0.543273	-0.0633726
2.08	0.841969	1.24133	2.17055	0.545396	-0.062738
2.085	0.84478	1.24546	2.16782	0.547494	-0.0621212
2.09	0.847579	1.2496	2.16508	0.549568	-0.0615221
2.095	0.850368	1.25375	2.16233	0.551617	-0.0609407
2.1	0.853144	1.25791	2.15958	0.553644	-0.0603766
2.105	0.85591	1.26208	2.15681	0.555647	-0.05983
2.11	0.858663	1.26625	2.15403	0.557627	-0.0593006
2.115	0.861405	1.27043	2.15124	0.559585	-0.0587883
2.12	0.864135	1.27462	2.14844	0.561521	-0.0582931
2.125	0.866854	1.27882	2.14564	0.563436	-0.0578147
2.13	0.869561	1.28302	2.14282	0.565329	-0.0573532
2.135	0.872255	1.28723	2.13999	0.567202	-0.0569083
2.14	0.874938	1.29145	2.13716	0.569054	-0.0564801
2.145	0.877609	1.29568	2.13431	0.570886	-0.0560682
2.15	0.880268	1.29991	2.13146	0.572698	-0.0556728
2.155	0.882914	1.30416	2.12859	0.574491	-0.0552936
2.16	0.885549	1.30841	2.12572	0.576265	-0.0549306
2.165	0.888171	1.31266	2.12284	0.578021	-0.0545836
2.17	0.890781	1.31693	2.11995	0.579757	-0.0542526
2.175	0.893378	1.3212	2.11705	0.581476	-0.0539375
2.18	0.895963	1.32548	2.11414	0.583177	-0.0536381
2.185	0.898536	1.32977	2.11123	0.58486	-0.0533543
2.19	0.901096	1.33406	2.1083	0.586526	-0.0530861
2.195	0.903643	1.33836	2.10537	0.588176	-0.0528333
2.2	0.906178	1.34267	2.10243	0.589808	-0.0525959
2.205	0.9087	1.34699	2.09948	0.591425	-0.0523737
2.21	0.911209	1.35132	2.09652	0.593025	-0.0521667
2.215	0.913705	1.35565	2.09356	0.594609	-0.0519748
2.22	0.916189	1.35999	2.09058	0.596178	-0.0517978
2.225	0.918659	1.36434	2.0876	0.597732	-0.0516357
2.23	0.921117	1.36869	2.08461	0.59927	-0.0514884
2.235	0.923561	1.37305	2.08162	0.600794	-0.0513558
2.24	0.925993	1.37742	2.07861	0.602303	-0.0512377
2.245	0.928411	1.3818	2.0756	0.603798	-0.0511342
2.25	0.930816	1.38618	2.07258	0.605279	-0.051045
2.255	0.933207	1.39057	2.06956	0.606746	-0.0509702
2.26	0.935586	1.39497	2.06652	0.608199	-0.0509096
2.265	0.937951	1.39938	2.06348	0.609639	-0.0508631
2.27	0.940302	1.40379	2.06043	0.611066	-0.0508307
2.275	0.94264	1.40821	2.05738	0.612479	-0.0508123
2.28	0.944965	1.41263	2.05432	0.61388	-0.0508076
2.285	0.947276	1.41707	2.05125	0.615269	-0.0508168
2.29	0.949573	1.42151	2.04817	0.616645	-0.0508397
2.295	0.951857	1.42596	2.04509	0.618009	-0.0508761
2.3	0.954126	1.43041	2.042	0.619361	-0.0509261
2.305	0.956382	1.43487	2.0389	0.620701	-0.0509894
2.31	0.958624	1.43934	2.0358	0.622029	-0.0510661
2.315	0.960853	1.44382	2.03269	0.623347	-0.0511561
2.32	0.963067	1.4483	2.02957	0.624652	-0.0512592
2.325	0.965267	1.45279	2.02645	0.625947	-0.0513754
2.33	0.967453	1.45729	2.02332	0.627231	-0.0515045
2.335	0.969625	1.46179	2.02018	0.628504	-0.0516466
2.34	0.971783	1.4663	2.01704	0.629767	-0.0518015
2.345	0.973927	1.47082	2.01389	0.631019	-0.051969
2.35	0.976056	1.47534	2.01074	0.632261	-0.0521493
2.355	0.978172	1.47987	2.00757	0.633493	-0.0523421
2.36	0.980272	1.48441	2.00441	0.634715	-0.0525473
2.365	0.982359	1.48896	2.00123	0.635928	-0.0527649
2.37	0.98443	1.49351	1.99805	0.63713	-0.0529949
2.375	0.986488	1.49806	1.99487	0.638324	-0.053237
2.38	0.988531	1.50263	1.99168	0.639507	-0.0534913
2.385	0.990559	1.5072	1.98848	0.640682	-0.0537576
2.39	0.992572	1.51177	1.98528	0.641848	-0.0540359
2.395	0.994571	1.51636	1.98207	0.643005	-0.054326
2.4	0.996555	1.52095	1.97885	0.644153	-0.0546279
2.405	0.998525	1.52554	1.97563	0.645292	-0.0549415
2.41	1.00048	1.53014	1.9724	0.646423	-0.0552668
2.415	1.00242	1.53475	1.96917	0.647545	-0.0556036
2.42	1.00434	1.53937	1.96593	0.648659	-0.0559518
2.425	1.00625	1.54399	1.96269	0.649766	-0.0563114
2.43	1.00815	1.54862	1.95944	0.650864	-0.0566822
2.435	1.01003	1.55325	1.95619	0.651954	-0.0570643
2.44	1.01189	1.55789	1.95293	0.653036	-0.0574575
2.445	1.01374	1.56253	1.94966	0.654111	-0.0578616
2.45	1.01558	1.56719	1.94639	0.655178	-0.0582768
2.455	1.01739	1.57184	1.94312	0.656238	-0.0587028
2.46	1.0192	1.57651	1.93983	0.65729	-0.0591395
2.465	1.02099	1.58118	1.93655	0.658336	-0.059587
2.47	1.02276	1.58585	1.93326	0.659374	-0.060045
2.475	1.02452	1.59053	1.92996	0.660405	-0.0605136
2.48	1.02626	1.59522	1.92666	0.661429	-0.0609926
2.485	1.02799	1.59991	1.92335	0.662447	-0.061482
2.49	1.0297	1.60461	1.92004	0.663457	-0.0619816
2.495	1.03139	1.60931	1.91672	0.664462	-0.0624914
2.5	1.03307	1.61402	1.9134	0.665459	-0.0630112
2.505	1.03473	1.61874	1.91007	0.66645	-0.0635411
2.51	1.03638	1.62346	1.90674	0.667435	-0.064081
2.515	1.03802	1.62818	1.9034	0.668414	-0.0646306
2.52	1.03963	1.63291	1.90006	0.669386	-0.06519
2.525	1.04123	1.63765	1.89671	0.670353	-0.0657591
2.53	1.04282	1.64239	1.89336	0.671313	-0.0663378
2.535	1.04439	1.64714	1.89	0.672268	-0.0669259
2.54	1.04594	1.65189	1.88664	0.673217	-0.0675235
2.545	1.04748	1.65665	1.88328	0.67416	-0.0681304
2.55	1.049	1.66141	1.87991	0.675098	-0.0687465
2.555	1.0505	1.66618	1.87653	0.676029	-0.0693718
2.56	1.05199	1.67096	1.87315	0.676956	-0.0700062
2.565	1.05347	1.67573	1.86977	0.677877	-0.0706495
2.57	1.05492	1.68052	1.86638	0.678793	-0.0713017
2.575	1.05636	1.68531	1.86298	0.679703	-0.0719628
2.58	1.05779	1.6901	1.85958	0.680609	-0.0726325
2.585	1.05919	1.6949	1.85618	0.681509	-0.0733109
2.59	1.06058	1.6997	1.85277	0.682404	-0.0739979
2.595	1.06196	1.70451	1.84936	0.683295	-0.0746933
2.6	1.06332	1.70932	1.84595	0.68418	-0.075397
2.605	1.06466	1.71413	1.84252	0.685061	-0.0761091
2.61	1.06599	1.71896	1.8391	0.685937	-0.0768294
2.615	1.06729	1.72378	1.83567	0.686808	-0.0775577
2.62	1.06859	1.72861	1.83224	0.687674	-0.0782941
2.625	1.06986	1.73345	1.8288	0.688536	-0.0790385
2.63	1.07112	1.73828	1.82535	0.689394	-0.0797907
2.635	1.07236	1.74313	1.82191	0.690247	-0.0805506
2.64	1.07359	1.74798	1.81846	0.691096	-0.0813182
2.645	1.0748	1.75283	1.815	0.69194	-0.0820934
2.65	1.07599	1.75768	1.81154	0.692781	-0.0828761
2.655	1.07717	1.76254	1.80808	0.693617	-0.0836662
2.66	1.07832	1.76741	1.80461	0.694449	-0.0844636
2.665	1.07947	1.77227	1.80114	0.695277	-0.0852682
2.67	1.08059	1.77715	1.79766	0.696101	-0.08608
2.675	1.0817	1.78202	1.79418	0.69692	-0.0868988
2.68	1.08279	1.7869	1.7907	0.697737	-0.0877246
2.685	1.08386	1.79179	1.78721	0.698549	-0.0885573
2.69	1.08492	1.79667	1.78371	0.699357	-0.0893967
2.695	1.08596	1.80156	1.78022	0.700162	-0.0902428
2.7	1.08698	1.80646	1.77672	0.700963	-0.0910956
2.705	1.08799	1.81136	1.77321	0.70176	-0.0919548
2.71	1.08897	1.81626	1.7697	0.702554	-0.0928204
2.715	1.08994	1.82116	1.76619	0.703344	-0.0936924
2.72	1.0909	1.82607	1.76267	0.704131	-0.0945706
2.725	1.09183	1.83098	1.75915	0.704914	-0.095455
2.73	1.09275	1.8359	1.75563	0.705694	-0.0963454
2.735	1.09366	1.84081	1.7521	0.706471	-0.0972418
2.74	1.09454	1.84574	1.74857	0.707244	-0.098144
2.745	1.09541	1.85066	1.74503	0.708014	-0.0990521
2.75	1.09626	1.85559	1.74149	0.708781	-0.0999658
2.755	1.09709	1.86052	1.73795	0.709545	-0.100885
2.76	1.0979	1.86545	1.7344	0.710305	-0.10181
2.765	1.0987	1.87039	1.73085	0.711063	-0.10274
2.77	1.09948	1.87533	1.72729	0.711817	-0.103676
2.775	1.10024	1.88027	1.72373	0.712569	-0.104616
2.78	1.10098	1.88521	1.72017	0.713317	-0.105562
2.785	1.10171	1.89016	1.7166	0.714063	-0.106513
2.79	1.10242	1.89511	1.71303	0.714806	-0.107469
2.795	1.10311	1.90006	1.70946	0.715546	-0.10843
2.8	1.10378	1.90501	1.70588	0.716283	-0.109396
2.805	1.10444	1.90997	1.7023	0.717017	-0.110366
2.81	1.10508	1.91493	1.69871	0.717749	-0.11134
2.815	1.1057	1.91989	1.69513	0.718478	-0.11232
2.82	1.1063	1.92486	1.69153	0.719204	-0.113303
2.825	1.10688	1.92982	1.68794	0.719928	-0.114291
2.83	1.10745	1.93479	1.68434	0.720649	-0.115283
2.835	1.108	1.93976	1.68073	0.721367	-0.11628
2.84	1.10853	1.94473	1.67713	0.722084	-0.11728
2.845	1.10904	1.9497	1.67352	0.722797	-0.118284
2.85	1.10954	1.95468	1.6699	0.723508	-0.119292
2.855	1.11001	1.95966	1.66629	0.724217	-0.120304
2.86	1.11047	1.96464	1.66267	0.724924	-0.121319
2.865	1.11091	1.96962	1.65904	0.725628	-0.122338
2.87	1.11134	1.9746	1.65541	0.72633	-0.12336
2.875	1.11174	1.97958	1.65178	0.727029	-0.124386
2.88	1.11213	1.98457	1.64815	0.727727	-0.125415
2.885	1.11249	1.98955	1.64451	0.728422	-0.126447
2.89	1.11284	1.99454	1.64086	0.729115	-0.127482
2.895	1.11318	1.99953	1.63722	0.729805	-0.12852
2.9	1.11349	2.00452	1.63357	0.730494	-0.129561
2.905	1.11379	2.00951	1.62992	0.731181	-0.130605
2.91	1.11406	2.0145	1.62626	0.731865	-0.131651
2.915	1.11432	2.0195	1.6226	0.732548	-0.1327
2.92	1.11456	2.02449	1.61894	0.733228	-0.133752
2.925	1.11478	2.02949	1.61527	0.733907	-0.134806
2.93	1.11499	2.03448	1.6116	0.734583	-0.135862
2.935	1.11517	2.03948	1.60793	0.735258	-0.13692
2.94	1.11534	2.04448	1.60425	0.735931	-0.137981
2.945	1.11549	2.04947	1.60058	0.736601	-0.139043
2.95	1.11562	2.05447	1.59689	0.73727	-0.140108
2.955	1.11573	2.05947	1.59321	0.737938	-0.141174
2.96	1.11583	2.06447	1.58952	0.738603	-0.142242
2.965	1.1159	2.06947	1.58582	0.739267	-0.143311
2.97	1.11596	2.07447	1.58213	0.739929	-0.144382
2.975	1.116	2.07947	1.57843	0.740589	-0.145455
2.98	1.11602	2.08447	1.57472	0.741247	-0.146529
2.985	1.11602	2.08947	1.57102	0.741904	-0.147604
2.99	1.116	2.09447	1.56731	0.74256	-0.14868
2.995	1.11596	2.09947	1.5636	0.743213	-0.149757
3	1.11591	2.10447	1.55988	0.743865	-0.150835
3.005	1.11584	2.10947	1.55616	0.744516	-0.151914
3.01	1.11574	2.11447	1.55244	0.745165	-0.152994
3.015	1.11563	2.11947	1.54871	0.745812	-0.154074
3.02	1.1155	2.12446	1.54498	0.746458	-0.155155
3.025	1.11536	2.12946	1.54125	0.747102	-0.156237
3.03	1.11519	2.13446	1.53752	0.747745	-0.157318
3.035	1.11501	2.13946	1.53378	0.748386	-0.158401
3.04	1.1148	2.14445	1.53003	0.749026	-0.159483
3.045	1.11458	2.14945	1.52629	0.749665	-0.160565
3.05	1.11434	2.15444	1.52254	0.750302	-0.161647
3.055	1.11408	2.15943	1.51879	0.750938	-0.162729
3.06	1.1138	2.16443	1.51503	0.751573	-0.163811
3.065	1.1135	2.16942	1.51128	0.752206	-0.164893
3.07	1.11319	2.17441	1.50752	0.752838	-0.165974
3.075	1.11285	2.1794	1.50375	0.753469	-0.167055
3.08	1.1125	2.18438	1.49998	0.754098	-0.168135
3.085	1.11212	2.18937	1.49621	0.754726	-0.169214
3.09	1.11173	2.19435	1.49244	0.755353	-0.170293
3.095	1.11132	2.19934	1.48866	0.755979	-0.17137
3.1	1.11089	2.20432	1.48488	0.756603	-0.172447
3.105	1.11045	2.2093	1.4811	0.757226	-0.173522
3.11	1.10998	2.21428	1.47731	0.757849	-0.174597
3.115	1.10949	2.21925	1.47353	0.75847	-0.17567
3.12	1.10899	2.22423	1.46973	0.75909	-0.176742
3.125	1.10847	2.2292	1.46594	0.759708	-0.177812
3.13	1.10792	2.23417	1.46214	0.760326	-0.178881
3.135	1.10736	2.23914	1.45834	0.760943	-0.179948
3.14	1.10678	2.24411	1.45453	0.761558	-0.181013
3.145	1.10618	2.24907	1.45072	0.762173	-0.182076
3.15	1.10557	2.25403	1.44691	0.762787	-0.183138
3.155	1.10493	2.25899	1.4431	0.763399	-0.184197
3.16	1.10427	2.26395	1.43928	0.764011	-0.185254
3.165	1.1036	2.2689	1.43546	0.764621	-0.186309
3.17	1.10291	2.27385	1.43164	0.765231	-0.187362
3.175	1.10219	2.2788	1.42781	0.76584	-0.188412
3.18	1.10146	2.28375	1.42398	0.766447	-0.18946
3.185	1.10071	2.28869	1.42015	0.767054	-0.190505
3.19	1.09994	2.29363	1.41632	0.76766	-0.191547
3.195	1.09915	2.29857	1.41248	0.768265	-0.192587
3.2	1.09835	2.3035	1.40864	0.76887	-0.193623
3.205	1.09752	2.30844	1.40479	0.769473	-0.194657
3.21	1.09667	2.31336	1.40095	0.770076	-0.195687
3.215	1.09581	2.31829	1.3971	0.770677	-0.196715
3.22	1.09493	2.32321	1.39324	0.771278	-0.197739
3.225	1.09403	2.32813	1.38939	0.771878	-0.19876
3.23	1.0931	2.33304	1.38553	0.772478	-0.199777
3.235	1.09216	2.33795	1.38166	0.773076	-0.20079
3.24	1.09121	2.34286	1.3778	0.773674	-0.201801
3.245	1.09023	2.34776	1.37393	0.774271	-0.202807
3.25	1.08923	2.35266	1.37006	0.774867	-0.203809
3.255	1.08821	2.35756	1.36618	0.775463	-0.204808
3.26	1.08718	2.36245	1.36231	0.776058	-0.205802
3.265	1.08613	2.36734	1.35843	0.776652	-0.206793
3.27	1.08505	2.37222	1.35454	0.777246	-0.207779
3.275	1.08396	2.3771	1.35066	0.777839	-0.208761
3.28	1.08285	2.38198	1.34677	0.778431	-0.209738
3.285	1.08172	2.38685	1.34288	0.779023	-0.210711
3.29	1.08057	2.39171	1.33898	0.779614	-0.21168
3.295	1.0794	2.39658	1.33508	0.780204	-0.212644
3.3	1.07822	2.40143	1.33118	0.780794	-0.213603
3.305	1.07701	2.40628	1.32728	0.781383	-0.214557
3.31	1.07579	2.41113	1.32337	0.781971	-0.215506
3.315	1.07454	2.41598	1.31946	0.782559	-0.21645
3.32	1.07328	2.42081	1.31555	0.783147	-0.21739
3.325	1.072	2.42565	1.31163	0.783734	-0.218324
3.33	1.0707	2.43047	1.30771	0.78432	-0.219252
3.335	1.06938	2.4353	1.30379	0.784906	-0.220176
3.34	1.06804	2.44011	1.29987	0.785492	-0.221094
3.345	1.06669	2.44493	1.29594	0.786076	-0.222006
3.35	1.06531	2.44973	1.29201	0.786661	-0.222913
3.355	1.06391	2.45454	1.28808	0.787245	-0.223814
3.36	1.0625	2.45933	1.28414	0.787828	-0.224709
3.365	1.06107	2.46412	1.2802	0.788411	-0.225598
3.37	1.05962	2.46891	1.27626	0.788994	-0.226481
3.375	1.05815	2.47369	1.27231	0.789576	-0.227359
3.38	1.05666	2.47846	1.26837	0.790158	-0.22823
3.385	1.05515	2.48323	1.26442	0.790739	-0.229095
3.39	1.05362	2.48799	1.26046	0.79132	-0.229953
3.395	1.05208	2.49274	1.2565	0.7919	-0.230806
3.4	1.05051	2.49749	1.25255	0.792481	-0.231651
3.405	1.04893	2.50223	1.24858	0.79306	-0.232491
3.41	1.04733	2.50697	1.24462	0.79364	-0.233323
3.415	1.04571	2.5117	1.24065	0.794219	-0.234149
3.42	1.04407	2.51642	1.23668	0.794798	-0.234968
3.425	1.04241	2.52114	1.2327	0.795376	-0.23578
3.43	1.04073	2.52585	1.22873	0.795954	-0.236585
3.435	1.03903	2.53055	1.22475	0.796532	-0.237383
3.44	1.03732	2.53525	1.22077	0.797109	-0.238174
3.445	1.03559	2.53994	1.21678	0.797686	-0.238958
3.45	1.03383	2.54462	1.21279	0.798263	-0.239734
3.455	1.03206	2.5493	1.2088	0.79884	-0.240503
3.46	1.03027	2.55397	1.20481	0.799416	-0.241265
3.465	1.02847	2.55863	1.20081	0.799992	-0.242019
3.47	1.02664	2.56329	1.19681	0.800568	-0.242766
3.475	1.02479	2.56793	1.19281	0.801144	-0.243504
3.48	1.02293	2.57257	1.1888	0.801719	-0.244235
3.485	1.02105	2.5772	1.18479	0.802295	-0.244959
3.49	1.01915	2.58183	1.18078	0.80287	-0.245674
3.495	1.01723	2.58645	1.17677	0.803444	-0.246381
3.5	1.01529	2.59105	1.17275	0.804019	-0.247081
3.505	1.01333	2.59566	1.16873	0.804593	-0.247772
3.51	1.01136	2.60025	1.16471	0.805168	-0.248455
3.515	1.00936	2.60483	1.16068	0.805742	-0.249129
3.52	1.00735	2.60941	1.15665	0.806316	-0.249796
3.525	1.00532	2.61398	1.15262	0.80689	-0.250454
3.53	1.00327	2.61854	1.14858	0.807463	-0.251103
3.535	1.00121	2.62309	1.14455	0.808037	-0.251744
3.54	0.999119	2.62764	1.14051	0.808611	-0.252376
3.545	0.997015	2.63217	1.13646	0.809184	-0.253
3.55	0.994893	2.6367	1.13242	0.809757	-0.253615
3.555	0.992752	2.64122	1.12837	0.81033	-0.25422
3.56	0.990593	2.64573	1.12432	0.810904	-0.254817
3.565	0.988416	2.65023	1.12026	0.811477	-0.255405
3.57	0.986221	2.65472	1.11621	0.81205	-0.255984
3.575	0.984007	2.65921	1.11215	0.812623	-0.256554
3.58	0.981775	2.66368	1.10808	0.813196	-0.257115
3.585	0.979525	2.66815	1.10402	0.813768	-0.257666
3.59	0.977257	2.6726	1.09995	0.814341	-0.258209
3.595	0.974971	2.67705	1.09588	0.814914	-0.258741
3.6	0.972666	2.68149	1.0918	0.815487	-0.259265
3.605	0.970344	2.68591	1.08772	0.81606	-0.259779
3.61	0.968003	2.69033	1.08364	0.816633	-0.260283
3.615	0.965644	2.69474	1.07956	0.817206	-0.260777
3.62	0.963268	2.69914	1.07547	0.817779	-0.261262
3.625	0.960873	2.70353	1.07139	0.818352	-0.261738
3.63	0.958461	2.70791	1.06729	0.818925	-0.262203
3.635	0.95603	2.71228	1.0632	0.819498	-0.262659
3.64	0.953582	2.71664	1.0591	0.820071	-0.263104
3.645	0.951116	2.72099	1.055	0.820644	-0.26354
3.65	0.948632	2.72533	1.0509	0.821217	-0.263966
3.655	0.94613	2.72966	1.04679	0.821791	-0.264381
3.66	0.943611	2.73397	1.04268	0.822364	-0.264787
3.665	0.941074	2.73828	1.03857	0.822938	-0.265182
3.67	0.938519	2.74258	1.03446	0.823512	-0.265567
3.675	0.935946	2.74687	1.03034	0.824086	-0.265941
3.68	0.933356	2.75114	1.02622	0.82466	-0.266306
3.685	0.930748	2.75541	1.0221	0.825234	-0.26666
3.69	0.928122	2.75967	1.01797	0.825808	-0.267003
3.695	0.925479	2.76391	1.01384	0.826383	-0.267336
3.7	0.922819	2.76814	1.00971	0.826957	-0.267658
3.705	0.920141	2.77237	1.00557	0.827532	-0.26797
3.71	0.917445	2.77658	1.00144	0.828107	-0.268271
3.715	0.914732	2.78078	0.997295	0.828682	-0.268561
3.72	0.912002	2.78497	0.993152	0.829258	-0.268841
3.725	0.909254	2.78914	0.989006	0.829833	-0.269109
3.73	0.90649	2.79331	0.984856	0.830409	-0.269367
3.735	0.903707	2.79746	0.980704	0.830986	-0.269614
3.74	0.900908	2.80161	0.976549	0.831562	-0.26985
3.745	0.898091	2.80574	0.972392	0.832139	-0.270075
3.75	0.895258	2.80986	0.968231	0.832716	-0.270289
3.755	0.892407	2.81396	0.964067	0.833293	-0.270492
3.76	0.889539	2.81806	0.959901	0.83387	-0.270684
3.765	0.886654	2.82214	0.955731	0.834448	-0.270865
3.77	0.883751	2.82622	0.951559	0.835026	-0.271034
3.775	0.880832	2.83028	0.947384	0.835605	-0.271192
3.78	0.877896	2.83432	0.943206	0.836184	-0.271339
3.785	0.874944	2.83836	0.939025	0.836763	-0.271475
3.79	0.871974	2.84238	0.934841	0.837342	-0.271599
3.795	0.868987	2.84639	0.930655	0.837922	-0.271712
3.8	0.865984	2.85039	0.926465	0.838502	-0.271813
3.805	0.862964	2.85437	0.922273	0.839083	-0.271903
3.81	0.859927	2.85834	0.918077	0.839664	-0.271982
3.815	0.856874	2.8623	0.913879	0.840245	-0.272049
3.82	0.853804	2.86625	0.909678	0.840827	-0.272104
3.825	0.850717	2.87018	0.905473	0.841409	-0.272148
3.83	0.847614	2.8741	0.901266	0.841992	-0.27218
3.835	0.844495	2.87801	0.897056	0.842575	-0.2722
3.84	0.841359	2.88191	0.892844	0.843158	-0.272209
3.845	0.838206	2.88579	0.888628	0.843742	-0.272206
3.85	0.835037	2.88966	0.884409	0.844327	-0.272192
3.855	0.831852	2.89351	0.880187	0.844912	-0.272165
3.86	0.828651	2.89735	0.875963	0.845497	-0.272127
3.865	0.825434	2.90118	0.871735	0.846084	-0.272077
3.87	0.8222	2.90499	0.867505	0.84667	-0.272015
3.875	0.81895	2.90879	0.863272	0.847257	-0.271942
3.88	0.815684	2.91258	0.859035	0.847845	-0.271856
3.885	0.812402	2.91635	0.854796	0.848433	-0.271759
3.89	0.809105	2.92011	0.850554	0.849022	-0.271649
3.895	0.805791	2.92385	0.846309	0.849611	-0.271528
3.9	0.802461	2.92758	0.842061	0.850201	-0.271395
3.905	0.799116	2.9313	0.83781	0.850792	-0.271249
3.91	0.795755	2.935	0.833556	0.851383	-0.271092
3.915	0.792378	2.93869	0.829299	0.851975	-0.270923
3.92	0.788985	2.94236	0.825039	0.852567	-0.270741
3.925	0.785577	2.94602	0.820776	0.853161	-0.270548
3.93	0.782153	2.94966	0.81651	0.853754	-0.270342
3.935	0.778713	2.95329	0.812242	0.854349	-0.270125
3.94	0.775259	2.95691	0.80797	0.854944	-0.269895
3.945	0.771788	2.9605	0.803695	0.85554	-0.269653
3.95	0.768303	2.96409	0.799417	0.856137	-0.2694
3.955	0.764802	2.96766	0.795137	0.856734	-0.269134
3.96	0.761286	2.97121	0.790853	0.857333	-0.268856
3.965	0.757754	2.97475	0.786566	0.857932	-0.268565
3.97	0.754208	2.97828	0.782277	0.858532	-0.268263
3.975	0.750646	2.98179	0.777984	0.859132	-0.267948
3.98	0.747069	2.98528	0.773688	0.859734	-0.267622
3.985	0.743478	2.98876	0.76939	0.860336	-0.267283
3.99	0.739871	2.99222	0.765088	0.860939	-0.266932
3.995	0.73625	2.99567	0.760783	0.861544	-0.266568
4	0.732613	2.9991	0.756476	0.862149	-0.266193
4.005	0.728962	3.00252	0.752165	0.862755	-0.265805
4.01	0.725296	3.00592	0.747851	0.863361	-0.265406
4.015	0.721616	3.0093	0.743534	0.863969	-0.264994
4.02	0.717921	3.01267	0.739214	0.864578	-0.26457
4.025	0.714212	3.01602	0.734892	0.865188	-0.264133
4.03	0.710488	3.01936	0.730566	0.865799	-0.263685
4.035	0.706749	3.02268	0.726237	0.86641	-0.263224
4.04	0.702996	3.02598	0.721905	0.867023	-0.262752
4.045	0.699229	3.02927	0.71757	0.867637	-0.262267
4.05	0.695448	3.03254	0.713231	0.868252	-0.26177
4.055	0.691653	3.0358	0.70889	0.868868	-0.261261
4.06	0.687843	3.03904	0.704546	0.869486	-0.260739
4.065	0.68402	3.04226	0.700198	0.870104	-0.260206
4.07	0.680182	3.04546	0.695848	0.870724	-0.25966
4.075	0.676331	3.04865	0.691494	0.871345	-0.259103
4.08	0.672465	3.05182	0.687137	0.871967	-0.258533
4.085	0.668586	3.05498	0.682778	0.87259	-0.257951
4.09	0.664693	3.05812	0.678415	0.873214	-0.257357
4.095	0.660787	3.06124	0.674049	0.87384	-0.256752
4.1	0.656867	3.06434	0.669679	0.874467	-0.256134
4.105	0.652933	3.06743	0.665307	0.875096	-0.255504
4.11	0.648986	3.0705	0.660932	0.875726	-0.254862
4.115	0.645025	3.07355	0.656553	0.876357	-0.254208
4.12	0.641052	3.07658	0.652171	0.87699	-0.253542
4.125	0.637065	3.0796	0.647786	0.877624	-0.252864
4.13	0.633064	3.0826	0.643398	0.87826	-0.252175
4.135	0.629051	3.08558	0.639007	0.878897	-0.251473
4.14	0.625024	3.08855	0.634612	0.879535	-0.25076
4.145	0.620985	3.09149	0.630215	0.880176	-0.250035
4.15	0.616932	3.09442	0.625814	0.880818	-0.249298
4.155	0.612867	3.09733	0.62141	0.881461	-0.248549
4.16	0.608789	3.10023	0.617002	0.882106	-0.247788
4.165	0.604698	3.1031	0.612592	0.882753	-0.247016
4.17	0.600595	3.10596	0.608178	0.883402	-0.246232
4.175	0.596479	3.1088	0.603761	0.884052	-0.245436
4.18	0.59235	3.11162	0.599341	0.884704	-0.244628
4.185	0.588209	3.11442	0.594917	0.885358	-0.243809
4.19	0.584056	3.1172	0.59049	0.886014	-0.242979
4.195	0.57989	3.11997	0.58606	0.886672	-0.242137
4.2	0.575712	3.12272	0.581627	0.887332	-0.241283
4.205	0.571522	3.12544	0.57719	0.887993	-0.240418
4.21	0.56732	3.12815	0.57275	0.888657	-0.239541
4.215	0.563106	3.13084	0.568307	0.889323	-0.238653
4.22	0.55888	3.13352	0.56386	0.889991	-0.237754
4.225	0.554642	3.13617	0.559411	0.890661	-0.236843
4.23	0.550393	3.1388	0.554957	0.891334	-0.235921
4.235	0.546131	3.14142	0.550501	0.892008	-0.234987
4.24	0.541858	3.14402	0.546041	0.892685	-0.234043
4.245	0.537574	3.14659	0.541577	0.893365	-0.233087
4.25	0.533278	3.14915	0.53711	0.894046	-0.23212
4.255	0.528971	3.15169	0.53264	0.894731	-0.231142
4.26	0.524652	3.15421	0.528166	0.895417	-0.230153
4.265	0.520322	3.15671	0.523689	0.896107	-0.229153
4.27	0.515981	3.15919	0.519209	0.896799	-0.228142
4.275	0.511629	3.16165	0.514725	0.897493	-0.22712
4.28	0.507266	3.1641	0.510237	0.898191	-0.226087
4.285	0.502892	3.16652	0.505746	0.898891	-0.225043
4.29	0.498507	3.16892	0.501252	0.899594	-0.223989
4.295	0.494111	3.1713	0.496754	0.9003	-0.222924
4.3	0.489705	3.17367	0.492252	0.901009	-0.221848
4.305	0.485288	3.17601	0.487747	0.901721	-0.220762
4.31	0.48086	3.17833	0.483239	0.902436	-0.219664
4.315	0.476422	3.18064	0.478727	0.903155	-0.218557
4.32	0.471974	3.18292	0.474211	0.903877	-0.217439
4.325	0.467516	3.18518	0.469691	0.904602	-0.21631
4.33	0.463047	3.18743	0.465168	0.905331	-0.215172
4.335	0.458568	3.18965	0.460642	0.906063	-0.214022
4.34	0.454079	3.19185	0.456111	0.906799	-0.212863
4.345	0.44958	3.19403	0.451577	0.907539	-0.211693
4.35	0.445072	3.19619	0.44704	0.908282	-0.210514
4.355	0.440553	3.19834	0.442498	0.90903	-0.209324
4.36	0.436025	3.20046	0.437953	0.909781	-0.208124
4.365	0.431488	3.20256	0.433404	0.910537	-0.206914
4.37	0.42694	3.20463	0.428852	0.911297	-0.205695
4.375	0.422384	3.20669	0.424295	0.912061	-0.204465
4.38	0.417818	3.20873	0.419735	0.91283	-0.203226
4.385	0.413242	3.21075	0.415171	0.913603	-0.201977
4.39	0.408658	3.21274	0.410603	0.914381	-0.200718
4.395	0.404065	3.21472	0.406031	0.915164	-0.19945
4.4	0.399462	3.21667	0.401455	0.915952	-0.198172
4.405	0.394851	3.2186	0.396875	0.916745	-0.196885
4.41	0.390231	3.22052	0.392291	0.917543	-0.195588
4.415	0.385602	3.22241	0.387704	0.918347	-0.194282
4.42	0.380964	3.22428	0.383112	0.919156	-0.192967
4.425	0.376318	3.22612	0.378516	0.919971	-0.191642
4.43	0.371664	3.22795	0.373916	0.920792	-0.190309
4.435	0.367001	3.22975	0.369312	0.92162	-0.188966
4.44	0.36233	3.23154	0.364704	0.922453	-0.187614
4.445	0.35765	3.2333	0.360092	0.923293	-0.186254
4.45	0.352963	3.23504	0.355476	0.924139	-0.184884
4.455	0.348267	3.23676	0.350855	0.924993	-0.183506
4.46	0.343564	3.23845	0.34623	0.925854	-0.182119
4.465	0.338853	3.24013	0.341601	0.926722	-0.180724
4.47	0.334134	3.24178	0.336967	0.927597	-0.17932
4.475	0.329408	3.24341	0.332329	0.928481	-0.177907
4.48	0.324674	3.24502	0.327687	0.929372	-0.176486
4.485	0.319932	3.24661	0.32304	0.930272	-0.175057
4.49	0.315184	3.24818	0.318388	0.931181	-0.173619
4.495	0.310428	3.24972	0.313733	0.932099	-0.172173
4.5	0.305665	3.25124	0.309072	0.933026	-0.170719
4.505	0.300895	3.25274	0.304407	0.933962	-0.169257
4.51	0.296118	3.25421	0.299737	0.934909	-0.167787
4.515	0.291334	3.25567	0.295063	0.935867	-0.166309
4.52	0.286543	3.2571	0.290383	0.936835	-0.164824
4.525	0.281746	3.25851	0.285699	0.937814	-0.16333
4.53	0.276942	3.2599	0.28101	0.938805	-0.161829
4.535	0.272131	3.26126	0.276316	0.939808	-0.160321
4.54	0.267315	3.2626	0.271617	0.940824	-0.158805
4.545	0.262492	3.26392	0.266913	0.941853	-0.157281
4.55	0.257663	3.26522	0.262204	0.942897	-0.15575
4.555	0.252827	3.26649	0.257489	0.943954	-0.154212
4.56	0.247986	3.26774	0.252769	0.945027	-0.152666
4.565	0.243139	3.26897	0.248044	0.946115	-0.151114
4.57	0.238287	3.27017	0.243314	0.94722	-0.149554
4.575	0.233428	3.27135	0.238577	0.948342	-0.147988
4.58	0.228564	3.27251	0.233836	0.949482	-0.146415
4.585	0.223695	3.27365	0.229088	0.950642	-0.144835
4.59	0.21882	3.27476	0.224335	0.951821	-0.143248
4.595	0.21394	3.27585	0.219576	0.953022	-0.141655
4.6	0.209055	3.27692	0.214811	0.954245	-0.140055
4.605	0.204165	3.27796	0.21004	0.955492	-0.138448
4.61	0.19927	3.27898	0.205262	0.956763	-0.136836
4.615	0.19437	3.27997	0.200478	0.958061	-0.135217
4.62	0.189466	3.28094	0.195688	0.959387	-0.133592
4.625	0.184556	3.28189	0.190891	0.960742	-0.131961
4.63	0.179643	3.28282	0.186087	0.96213	-0.130324
4.635	0.174725	3.28372	0.181277	0.963551	-0.128681
4.64	0.169802	3.2846	0.176459	0.965008	-0.127032
4.645	0.164876	3.28545	0.171634	0.966504	-0.125377
4.65	0.159945	3.28628	0.166802	0.968042	-0.123717
4.655	0.155011	3.28709	0.161961	0.969625	-0.122052
4.66	0.150072	3.28787	0.157113	0.971256	-0.120381
4.665	0.14513	3.28863	0.152257	0.972939	-0.118705
4.67	0.140184	3.28936	0.147392	0.97468	-0.117024
4.675	0.135235	3.29007	0.142519	0.976483	-0.115338
4.68	0.130282	3.29076	0.137636	0.978355	-0.113648
4.685	0.125326	3.29142	0.132745	0.980301	-0.111953
4.69	0.120367	3.29206	0.127843	0.982331	-0.110253
4.695	0.115405	3.29267	0.122931	0.984454	-0.108549
4.7	0.11044	3.29326	0.118009	0.98668	-0.106842
4.705	0.105472	3.29382	0.113076	0.989022	-0.105131
4.71	0.100501	3.29436	0.108131	0.991496	-0.103416
4.715	0.0955273	3.29488	0.103173	0.994121	-0.101699
4.72	0.0905514	3.29537	0.0982026	0.99692	-0.09998
4.725	0.0855731	3.29583	0.093218	0.99992	-0.098259
4.73	0.0805926	3.29628	0.0882184	1.00316	-0.0965373
4.735	0.0756099	3.29669	0.0832026	1.00668	-0.0948158
4.74	0.0706251	3.29708	0.0781692	1.01055	-0.0930958
4.745	0.0656385	3.29745	0.0731165	1.01483	-0.0913791
4.75	0.0606501	3.29779	0.0680423	1.01965	-0.0896678
4.755	0.05566	3.2981	0.0629441	1.02514	-0.0879652
4.76	0.0506683	3.29839	0.0578183	1.03153	-0.0862757
4.765	0.0456752	3.29865	0.0526607	1.03914	-0.0846056
4.77	0.0406809	3.29889	0.047465	1.04846	-0.0829645
4.775	0.0356853	3.2991	0.0422227	1.06032	-0.0813674
4.78	0.0306887	3.29929	0.0369211	1.07617	-0.0798388
4.785	0.0256912	3.29944	0.0315403	1.09875	-0.078422
4.79	0.0206929	3.29957	0.0260465	1.13392	-0.0772012
4.795	0.015694	3.29968	0.0203769	1.1961	-0.0763628
4.8	0.0106945	3.29975	0.0143964	1.3299	-0.0764216
4.805	0.00569463	3.29979	0.00774695	1.73679	-0.0795775
4.81	0.00069463	3.29978	-0.000936997	4.50819	-0.121703
