descriptor s_test R_test Z_test
0	1.14419	9.99999e-006	0.002	-0.402718	-0.00161663
0.005	1.13919	3.00679e-005	0.00401359	-0.405455	-0.00324997
0.01	1.13419	6.0272e-005	0.00604087	-0.408212	-0.00490012
0.015	1.12919	0.000100681	0.00808192	-0.410988	-0.00656716
0.02	1.12419	0.000151365	0.0101369	-0.413784	-0.00825119
0.025	1.11919	0.000212392	0.0122058	-0.416601	-0.00995229
0.03	1.11419	0.000283834	0.0142888	-0.419438	-0.0116706
0.035	1.10919	0.00036576	0.016386	-0.422298	-0.0134061
0.04	1.10419	0.000458242	0.0184975	-0.425179	-0.015159
0.045	1.09919	0.000561351	0.0206234	-0.428082	-0.0169293
0.05	1.0942	0.00067516	0.0227638	-0.431008	-0.0187173
0.055	1.0892	0.000799742	0.0249188	-0.433957	-0.0205228
0.06	1.0842	0.000935168	0.0270886	-0.436929	-0.0223462
0.065	1.0792	0.00108151	0.0292732	-0.439926	-0.0241874
0.07	1.0742	0.00123885	0.0314729	-0.442948	-0.0260465
0.075	1.06921	0.00140726	0.0336876	-0.445994	-0.0279238
0.08	1.06421	0.00158681	0.0359176	-0.449066	-0.0298192
0.085	1.05921	0.00177758	0.0381629	-0.452165	-0.031733
0.09	1.05422	0.00197964	0.0404237	-0.45529	-0.0336652
0.095	1.04922	0.00219307	0.0427002	-0.458442	-0.0356159
0.1	1.04423	0.00241796	0.0449924	-0.461622	-0.0375853
0.105	1.03923	0.00265438	0.0473005	-0.46483	-0.0395734
0.11	1.03424	0.0029024	0.0496247	-0.468068	-0.0415804
0.115	1.02925	0.0031621	0.051965	-0.471334	-0.0436065
0.12	1.02425	0.00343358	0.0543217	-0.474631	-0.0456517
0.125	1.01926	0.0037169	0.0566948	-0.477959	-0.0477162
0.13	1.01427	0.00401215	0.0590846	-0.481318	-0.0498
0.135	1.00928	0.00431942	0.0614912	-0.484709	-0.0519035
0.14	1.00429	0.00463877	0.0639147	-0.488133	-0.0540266
0.145	0.9993	0.00497031	0.0663554	-0.49159	-0.0561695
0.15	0.994312	0.0053141	0.0688134	-0.495081	-0.0583323
0.155	0.989325	0.00567024	0.0712888	-0.498607	-0.0605153
0.16	0.984338	0.00603882	0.0737818	-0.502168	-0.0627185
0.165	0.979353	0.00641991	0.0762926	-0.505766	-0.0649421
0.17	0.974368	0.00681361	0.0788215	-0.5094	-0.0671863
0.175	0.969385	0.00722	0.0813685	-0.513072	-0.0694511
0.18	0.964402	0.00763918	0.0839338	-0.516783	-0.0717368
0.185	0.959421	0.00807123	0.0865177	-0.520533	-0.0740435
0.19	0.954441	0.00851624	0.0891204	-0.524323	-0.0763714
0.195	0.949462	0.00897431	0.091742	-0.528154	-0.0787207
0.2	0.944484	0.00944552	0.0943828	-0.532027	-0.0810914
0.205	0.939508	0.00992998	0.0970429	-0.535943	-0.0834839
0.21	0.934533	0.0104278	0.0997227	-0.539902	-0.0858982
0.215	0.929559	0.010939	0.102422	-0.543906	-0.0883345
0.22	0.924586	0.0114637	0.105142	-0.547955	-0.0907931
0.225	0.919615	0.0120021	0.107881	-0.552051	-0.0932741
0.23	0.914646	0.0125542	0.110642	-0.556194	-0.0957776
0.235	0.909678	0.0131201	0.113423	-0.560386	-0.098304
0.24	0.904712	0.0136999	0.116225	-0.564627	-0.100853
0.245	0.899747	0.0142937	0.119048	-0.568919	-0.103426
0.25	0.894784	0.0149017	0.121892	-0.573262	-0.106022
0.255	0.889823	0.0155238	0.124759	-0.577658	-0.108641
0.26	0.884864	0.0161603	0.127647	-0.582108	-0.111285
0.265	0.879906	0.0168113	0.130558	-0.586613	-0.113952
0.27	0.874951	0.0174767	0.133491	-0.591174	-0.116644
0.275	0.869997	0.0181569	0.136446	-0.595793	-0.11936
0.28	0.865046	0.0188517	0.139425	-0.60047	-0.122101
0.285	0.860097	0.0195615	0.142428	-0.605207	-0.124867
0.29	0.855149	0.0202862	0.145454	-0.610006	-0.127657
0.295	0.850204	0.021026	0.148504	-0.614867	-0.130474
0.3	0.845262	0.021781	0.151578	-0.619792	-0.133316
0.305	0.840321	0.0225513	0.154677	-0.624782	-0.136184
0.31	0.835384	0.023337	0.157801	-0.62984	-0.139078
0.315	0.830448	0.0241383	0.16095	-0.634965	-0.141999
0.32	0.825515	0.0249552	0.164125	-0.640161	-0.144946
0.325	0.820585	0.025788	0.167326	-0.645428	-0.14792
0.33	0.815658	0.0266366	0.170553	-0.650768	-0.150922
0.335	0.810733	0.0275013	0.173807	-0.656182	-0.153951
0.34	0.805811	0.0283821	0.177088	-0.661673	-0.157008
0.345	0.800892	0.0292792	0.180396	-0.667242	-0.160093
0.35	0.795977	0.0301927	0.183732	-0.67289	-0.163206
0.355	0.791064	0.0311227	0.187097	-0.67862	-0.166348
0.36	0.786154	0.0320694	0.19049	-0.684434	-0.169519
0.365	0.781248	0.0330329	0.193912	-0.690332	-0.17272
0.37	0.776345	0.0340133	0.197364	-0.696318	-0.17595
0.375	0.771446	0.0350108	0.200845	-0.702394	-0.179211
0.38	0.76655	0.0360255	0.204357	-0.70856	-0.182501
0.385	0.761657	0.0370575	0.2079	-0.71482	-0.185823
0.39	0.756769	0.038107	0.211474	-0.721176	-0.189175
0.395	0.751884	0.0391742	0.21508	-0.727629	-0.192559
0.4	0.747003	0.0402591	0.218718	-0.734182	-0.195974
0.405	0.742126	0.0413619	0.222389	-0.740837	-0.199422
0.41	0.737253	0.0424827	0.226093	-0.747597	-0.202902
0.415	0.732385	0.0436218	0.229831	-0.754464	-0.206415
0.42	0.727521	0.0447792	0.233604	-0.761441	-0.209962
0.425	0.722661	0.0459552	0.237411	-0.76853	-0.213542
0.43	0.717806	0.0471498	0.241253	-0.775734	-0.217156
0.435	0.712955	0.0483632	0.245132	-0.783055	-0.220805
0.44	0.708109	0.0495956	0.249047	-0.790497	-0.224489
0.445	0.703269	0.0508471	0.253	-0.798061	-0.228208
0.45	0.698433	0.052118	0.25699	-0.805752	-0.231963
0.455	0.693602	0.0534083	0.261019	-0.813572	-0.235754
0.46	0.688777	0.0547183	0.265087	-0.821524	-0.239582
0.465	0.683957	0.056048	0.269194	-0.829611	-0.243447
0.47	0.679143	0.0573978	0.273342	-0.837836	-0.24735
0.475	0.674334	0.0587677	0.277532	-0.846204	-0.251291
0.48	0.669531	0.060158	0.281763	-0.854716	-0.25527
0.485	0.664734	0.0615687	0.286036	-0.863378	-0.259289
0.49	0.659943	0.0630002	0.290353	-0.872191	-0.263347
0.495	0.655159	0.0644525	0.294714	-0.881161	-0.267445
0.5	0.650381	0.0659259	0.29912	-0.89029	-0.271584
0.505	0.64561	0.0674206	0.303571	-0.899583	-0.275764
0.51	0.640845	0.0689366	0.308069	-0.909043	-0.279986
0.515	0.636087	0.0704744	0.312614	-0.918675	-0.284251
0.52	0.631337	0.072034	0.317208	-0.928483	-0.288558
0.525	0.626594	0.0736156	0.32185	-0.938471	-0.292908
0.53	0.621858	0.0752194	0.326543	-0.948643	-0.297303
0.535	0.61713	0.0768457	0.331286	-0.959005	-0.301741
0.54	0.612409	0.0784947	0.336081	-0.96956	-0.306226
0.545	0.607697	0.0801665	0.340929	-0.980313	-0.310755
0.55	0.602993	0.0818614	0.34583	-0.991269	-0.315332
0.555	0.598298	0.0835796	0.350787	-1.00243	-0.319955
0.56	0.593611	0.0853212	0.355799	-1.01381	-0.324625
0.565	0.588933	0.0870867	0.360868	-1.02541	-0.329344
0.57	0.584264	0.0888761	0.365995	-1.03723	-0.334112
0.575	0.579605	0.0906897	0.371181	-1.04927	-0.33893
0.58	0.574955	0.0925277	0.376427	-1.06156	-0.343797
0.585	0.570315	0.0943903	0.381735	-1.07408	-0.348715
0.59	0.565685	0.0962779	0.387106	-1.08685	-0.353685
0.595	0.561065	0.0981905	0.39254	-1.09988	-0.358707
0.6	0.556456	0.100129	0.398039	-1.11316	-0.363781
0.605	0.551857	0.102092	0.403605	-1.1267	-0.368909
0.61	0.54727	0.104082	0.409238	-1.14052	-0.374092
0.615	0.542695	0.106098	0.414941	-1.15461	-0.379329
0.62	0.538131	0.10814	0.420714	-1.16899	-0.384621
0.625	0.533579	0.110208	0.426559	-1.18366	-0.38997
0.63	0.529039	0.112304	0.432477	-1.19863	-0.395376
0.635	0.524512	0.114427	0.438471	-1.2139	-0.400839
0.64	0.519998	0.116577	0.44454	-1.22949	-0.40636
0.645	0.515497	0.118755	0.450687	-1.24539	-0.411941
0.65	0.51101	0.120961	0.456914	-1.26162	-0.41758
0.655	0.506537	0.123195	0.463223	-1.27819	-0.423281
0.66	0.502078	0.125458	0.469613	-1.2951	-0.429042
0.665	0.497634	0.127749	0.476089	-1.31235	-0.434864
0.67	0.493206	0.13007	0.482651	-1.32997	-0.440749
0.675	0.488792	0.13242	0.489301	-1.34795	-0.446696
0.68	0.484395	0.1348	0.49604	-1.36631	-0.452707
0.685	0.480014	0.137209	0.502872	-1.38504	-0.458782
0.69	0.47565	0.139649	0.509797	-1.40417	-0.464921
0.695	0.471303	0.14212	0.516818	-1.4237	-0.471126
0.7	0.466973	0.144621	0.523936	-1.44363	-0.477396
0.705	0.462662	0.147154	0.531155	-1.46398	-0.483732
0.71	0.45837	0.149718	0.538474	-1.48475	-0.490134
0.715	0.454096	0.152314	0.545898	-1.50595	-0.496603
0.72	0.449843	0.154942	0.553428	-1.52759	-0.503139
0.725	0.445609	0.157602	0.561066	-1.54968	-0.509743
0.73	0.441397	0.160296	0.568814	-1.57223	-0.516415
0.735	0.437205	0.163022	0.576676	-1.59524	-0.523154
0.74	0.433036	0.165781	0.584652	-1.61872	-0.529962
0.745	0.428889	0.168575	0.592745	-1.64269	-0.536837
0.75	0.424765	0.171402	0.600959	-1.66714	-0.543781
0.755	0.420664	0.174263	0.609294	-1.69208	-0.550793
0.76	0.416589	0.177159	0.617755	-1.71752	-0.557872
0.765	0.412538	0.18009	0.626342	-1.74347	-0.565019
0.77	0.408513	0.183056	0.63506	-1.76994	-0.572233
0.775	0.404514	0.186058	0.643909	-1.79692	-0.579513
0.78	0.400542	0.189095	0.652894	-1.82443	-0.586859
0.785	0.396598	0.192169	0.662016	-1.85246	-0.594271
0.79	0.392683	0.195279	0.671279	-1.88103	-0.601746
0.795	0.388797	0.198425	0.680684	-1.91013	-0.609285
0.8	0.384942	0.201609	0.690234	-1.93977	-0.616885
0.805	0.381118	0.20483	0.699933	-1.96994	-0.624546
0.81	0.377325	0.208088	0.709783	-2.00066	-0.632265
0.815	0.373565	0.211384	0.719786	-2.03191	-0.640042
0.82	0.369839	0.214719	0.729946	-2.06369	-0.647873
0.825	0.366148	0.218091	0.740264	-2.096	-0.655757
0.83	0.362492	0.221502	0.750744	-2.12884	-0.66369
0.835	0.358873	0.224951	0.761388	-2.16219	-0.671671
0.84	0.355291	0.22844	0.772199	-2.19606	-0.679697
0.845	0.351747	0.231968	0.78318	-2.23042	-0.687762
0.85	0.348243	0.235535	0.794332	-2.26526	-0.695865
0.855	0.34478	0.239141	0.805658	-2.30058	-0.704001
0.86	0.341359	0.242787	0.817161	-2.33635	-0.712166
0.865	0.33798	0.246473	0.828843	-2.37255	-0.720354
0.87	0.334645	0.250198	0.840705	-2.40916	-0.728562
0.875	0.331356	0.253964	0.852751	-2.44616	-0.736782
0.88	0.328113	0.257769	0.864982	-2.48351	-0.74501
0.885	0.324917	0.261615	0.8774	-2.52118	-0.753239
0.89	0.32177	0.2655	0.890005	-2.55915	-0.761462
0.895	0.318673	0.269425	0.902801	-2.59736	-0.769672
0.9	0.315627	0.273391	0.915788	-2.63578	-0.777861
0.905	0.312634	0.277396	0.928967	-2.67437	-0.786022
0.91	0.309694	0.28144	0.942339	-2.71306	-0.794144
0.915	0.30681	0.285525	0.955904	-2.75182	-0.80222
0.92	0.303982	0.289648	0.969663	-2.79057	-0.810239
0.925	0.301212	0.293811	0.983616	-2.82926	-0.818191
0.93	0.298501	0.298012	0.997762	-2.86782	-0.826065
0.935	0.29585	0.302252	1.0121	-2.90617	-0.833851
0.94	0.293262	0.306529	1.02663	-2.94425	-0.841537
0.945	0.290737	0.310845	1.04135	-2.98198	-0.84911
0.95	0.288276	0.315197	1.05626	-3.01926	-0.856558
0.955	0.285881	0.319587	1.07136	-3.05602	-0.863868
0.96	0.283554	0.324012	1.08664	-3.09216	-0.871027
0.965	0.281295	0.328473	1.1021	-3.12759	-0.87802
0.97	0.279107	0.332968	1.11774	-3.1622	-0.884835
0.975	0.27699	0.337498	1.13355	-3.1959	-0.891455
0.98	0.274945	0.342061	1.14953	-3.22859	-0.897868
0.985	0.272974	0.346656	1.16567	-3.26015	-0.904057
0.99	0.271079	0.351283	1.18197	-3.29049	-0.91001
0.995	0.26926	0.35594	1.19843	-3.31948	-0.91571
1	0.267518	0.360627	1.21502	-3.34704	-0.921142
1.005	0.265855	0.365343	1.23176	-3.37304	-0.926294
1.01	0.264272	0.370085	1.24862	-3.39738	-0.931149
1.015	0.26277	0.374854	1.26561	-3.41995	-0.935695
1.02	0.261349	0.379648	1.28271	-3.44066	-0.939918
1.025	0.260011	0.384466	1.29991	-3.4594	-0.943804
1.03	0.258757	0.389306	1.31721	-3.47608	-0.947341
1.035	0.257587	0.394167	1.33459	-3.49061	-0.950519
1.04	0.256502	0.399048	1.35204	-3.5029	-0.953325
1.045	0.255502	0.403947	1.36956	-3.51289	-0.95575
1.05	0.254589	0.408863	1.38712	-3.52049	-0.957786
1.055	0.253763	0.413794	1.40472	-3.52565	-0.959423
1.06	0.253023	0.418739	1.42235	-3.52832	-0.960657
1.065	0.252371	0.423696	1.43999	-3.52846	-0.96148
1.07	0.251806	0.428664	1.45764	-3.52602	-0.96189
1.075	0.251329	0.433642	1.47527	-3.521	-0.961882
1.08	0.25094	0.438626	1.49287	-3.51336	-0.961457
1.085	0.250639	0.443617	1.51044	-3.50313	-0.960613
1.09	0.250424	0.448613	1.52795	-3.4903	-0.959351
1.095	0.250298	0.453611	1.54541	-3.47489	-0.957675
1.1	0.250257	0.458611	1.56278	-3.45694	-0.955589
1.105	0.250304	0.463611	1.58007	-3.43649	-0.953096
1.11	0.250436	0.468609	1.59725	-3.41358	-0.950205
1.115	0.250654	0.473604	1.61432	-3.38829	-0.946923
1.12	0.250956	0.478595	1.63126	-3.36068	-0.943259
1.125	0.251342	0.48358	1.64806	-3.33083	-0.939223
1.13	0.251811	0.488558	1.66471	-3.29883	-0.934826
1.135	0.252361	0.493528	1.68121	-3.26477	-0.93008
1.14	0.252993	0.498488	1.69753	-3.22875	-0.924998
1.145	0.253705	0.503437	1.71368	-3.19087	-0.919592
1.15	0.254496	0.508374	1.72963	-3.15124	-0.913879
1.155	0.255365	0.513298	1.74539	-3.10999	-0.907871
1.16	0.25631	0.518208	1.76094	-3.06721	-0.901584
1.165	0.25733	0.523102	1.77627	-3.02304	-0.895034
1.17	0.258424	0.527981	1.79139	-2.97759	-0.888235
1.175	0.259591	0.532843	1.80628	-2.93097	-0.881205
1.18	0.260828	0.537688	1.82093	-2.8833	-0.873958
1.185	0.262136	0.542514	1.83535	-2.83471	-0.866511
1.19	0.263511	0.547321	1.84952	-2.78531	-0.858878
1.195	0.264954	0.552108	1.86345	-2.7352	-0.851076
1.2	0.266461	0.556875	1.87712	-2.68451	-0.843119
1.205	0.268033	0.561622	1.89055	-2.63333	-0.835023
1.21	0.269667	0.566348	1.90371	-2.58177	-0.826801
1.215	0.271362	0.571051	1.91662	-2.52992	-0.818468
1.22	0.273116	0.575734	1.92927	-2.47789	-0.810038
1.225	0.274928	0.580394	1.94166	-2.42576	-0.801523
1.23	0.276797	0.585031	1.95379	-2.37361	-0.792937
1.235	0.27872	0.589647	1.96566	-2.32152	-0.784291
1.24	0.280697	0.594239	1.97727	-2.26958	-0.775597
1.245	0.282726	0.598809	1.98861	-2.21784	-0.766865
1.25	0.284805	0.603356	1.9997	-2.16638	-0.758107
1.255	0.286934	0.607881	2.01053	-2.11525	-0.749332
1.26	0.28911	0.612382	2.02111	-2.06451	-0.74055
1.265	0.291333	0.616861	2.03143	-2.01422	-0.731769
1.27	0.2936	0.621317	2.0415	-1.96441	-0.722997
1.275	0.295911	0.625751	2.05133	-1.91513	-0.714243
1.28	0.298265	0.630162	2.0609	-1.86642	-0.705512
1.285	0.30066	0.634552	2.07023	-1.81831	-0.696813
1.29	0.303094	0.638919	2.07933	-1.77083	-0.688151
1.295	0.305567	0.643265	2.08818	-1.724	-0.679532
1.3	0.308078	0.647589	2.0968	-1.67786	-0.670961
1.305	0.310624	0.651892	2.10519	-1.63242	-0.662443
1.31	0.313206	0.656174	2.11335	-1.5877	-0.653983
1.315	0.315821	0.660435	2.12129	-1.5437	-0.645584
1.32	0.31847	0.664676	2.12901	-1.50045	-0.637251
1.325	0.32115	0.668897	2.13651	-1.45795	-0.628986
1.33	0.323861	0.673098	2.1438	-1.4162	-0.620792
1.335	0.326601	0.67728	2.15088	-1.37522	-0.612673
1.34	0.32937	0.681444	2.15776	-1.335	-0.60463
1.345	0.332167	0.685588	2.16443	-1.29554	-0.596665
1.35	0.334991	0.689714	2.17091	-1.25685	-0.588782
1.355	0.33784	0.693823	2.17719	-1.21892	-0.58098
1.36	0.340715	0.697914	2.18329	-1.18174	-0.573262
1.365	0.343614	0.701988	2.1892	-1.14532	-0.565628
1.37	0.346535	0.706046	2.19492	-1.10964	-0.55808
1.375	0.34948	0.710087	2.20047	-1.07471	-0.550618
1.38	0.352446	0.714112	2.20585	-1.0405	-0.543243
1.385	0.355433	0.718122	2.21105	-1.00702	-0.535956
1.39	0.35844	0.722116	2.21608	-0.974245	-0.528756
1.395	0.361467	0.726096	2.22095	-0.942177	-0.521644
1.4	0.364512	0.730062	2.22567	-0.910803	-0.51462
1.405	0.367575	0.734013	2.23022	-0.88011	-0.507684
1.41	0.370656	0.737952	2.23462	-0.850088	-0.500836
1.415	0.373753	0.741877	2.23887	-0.820725	-0.494075
1.42	0.376867	0.745789	2.24297	-0.792009	-0.487401
1.425	0.379996	0.749689	2.24693	-0.76393	-0.480813
1.43	0.383139	0.753577	2.25075	-0.736473	-0.474312
1.435	0.386298	0.757453	2.25444	-0.709627	-0.467897
1.44	0.389469	0.761319	2.25798	-0.683381	-0.461566
1.445	0.392654	0.765173	2.2614	-0.657721	-0.45532
1.45	0.395852	0.769017	2.26469	-0.632635	-0.449158
1.455	0.399062	0.77285	2.26785	-0.608112	-0.443078
1.46	0.402283	0.776674	2.27089	-0.584138	-0.43708
1.465	0.405516	0.780489	2.27381	-0.560702	-0.431164
1.47	0.408759	0.784294	2.27662	-0.537792	-0.425328
1.475	0.412013	0.788091	2.27931	-0.515395	-0.419572
1.48	0.415276	0.791879	2.28188	-0.493501	-0.413894
1.485	0.418549	0.795659	2.28435	-0.472097	-0.408294
1.49	0.42183	0.799432	2.28671	-0.451172	-0.402771
1.495	0.42512	0.803197	2.28897	-0.430715	-0.397324
1.5	0.428418	0.806955	2.29112	-0.410714	-0.391952
1.505	0.431724	0.810706	2.29317	-0.391159	-0.386654
1.51	0.435037	0.814451	2.29513	-0.372039	-0.381429
1.515	0.438358	0.818189	2.29699	-0.353344	-0.376276
1.52	0.441684	0.821922	2.29876	-0.335062	-0.371194
1.525	0.445017	0.825649	2.30043	-0.317185	-0.366182
1.53	0.448356	0.829371	2.30202	-0.299701	-0.36124
1.535	0.451701	0.833088	2.30352	-0.282602	-0.356366
1.54	0.45505	0.8368	2.30493	-0.265878	-0.351559
1.545	0.458405	0.840507	2.30626	-0.249519	-0.346819
1.55	0.461764	0.844211	2.30751	-0.233517	-0.342144
1.555	0.465128	0.84791	2.30867	-0.217863	-0.337534
1.56	0.468496	0.851606	2.30976	-0.202547	-0.332988
1.565	0.471867	0.855298	2.31078	-0.187562	-0.328504
1.57	0.475242	0.858988	2.31171	-0.172899	-0.324082
1.575	0.47862	0.862674	2.31258	-0.158551	-0.319721
1.58	0.482001	0.866358	2.31337	-0.144508	-0.315421
1.585	0.485384	0.870039	2.31409	-0.130765	-0.311179
1.59	0.48877	0.873718	2.31475	-0.117312	-0.306996
1.595	0.492158	0.877395	2.31533	-0.104144	-0.302871
1.6	0.495549	0.88107	2.31585	-0.0912518	-0.298802
1.605	0.49894	0.884744	2.31631	-0.0786299	-0.294789
1.61	0.502333	0.888416	2.3167	-0.0662711	-0.290831
1.615	0.505728	0.892087	2.31704	-0.0541689	-0.286928
1.62	0.509123	0.895758	2.31731	-0.0423168	-0.283078
1.625	0.512519	0.899427	2.31752	-0.0307086	-0.279281
1.63	0.515916	0.903096	2.31767	-0.0193384	-0.275536
1.635	0.519313	0.906765	2.31777	-0.00820007	-0.271842
1.64	0.522711	0.910434	2.31781	0.00271203	-0.268199
1.645	0.526108	0.914102	2.3178	0.0134035	-0.264605
1.65	0.529505	0.917771	2.31773	0.0238798	-0.261061
1.655	0.532901	0.921441	2.31761	0.0341463	-0.257565
1.66	0.536297	0.92511	2.31744	0.044208	-0.254117
1.665	0.539692	0.928781	2.31722	0.0540701	-0.250715
1.67	0.543086	0.932453	2.31695	0.0637374	-0.247361
1.675	0.546479	0.936125	2.31663	0.0732147	-0.244052
1.68	0.549871	0.939799	2.31626	0.0825065	-0.240788
1.685	0.553261	0.943474	2.31585	0.0916175	-0.237569
1.69	0.556649	0.947151	2.31539	0.100552	-0.234394
1.695	0.560036	0.95083	2.31489	0.109314	-0.231262
1.7	0.56342	0.95451	2.31434	0.117908	-0.228173
1.705	0.566803	0.958192	2.31375	0.126338	-0.225126
1.71	0.570183	0.961877	2.31312	0.134608	-0.22212
1.715	0.57356	0.965564	2.31245	0.142722	-0.219156
1.72	0.576935	0.969253	2.31173	0.150683	-0.216232
1.725	0.580307	0.972944	2.31098	0.158495	-0.213348
1.73	0.583676	0.976639	2.31019	0.166162	-0.210504
1.735	0.587043	0.980336	2.30936	0.173687	-0.207699
1.74	0.590405	0.984036	2.30849	0.181073	-0.204932
1.745	0.593765	0.987739	2.30758	0.188324	-0.202203
1.75	0.597121	0.991446	2.30664	0.195443	-0.199512
1.755	0.600474	0.995155	2.30567	0.202432	-0.196857
1.76	0.603822	0.998868	2.30465	0.209295	-0.19424
1.765	0.607167	1.00258	2.30361	0.216036	-0.191658
1.77	0.610508	1.0063	2.30253	0.222655	-0.189112
1.775	0.613844	1.01003	2.30141	0.229157	-0.186601
1.78	0.617177	1.01376	2.30027	0.235545	-0.184125
1.785	0.620505	1.01749	2.29909	0.24182	-0.181684
1.79	0.623828	1.02122	2.29788	0.247985	-0.179276
1.795	0.627147	1.02496	2.29664	0.254043	-0.176902
1.8	0.630461	1.02871	2.29537	0.259996	-0.174561
1.805	0.63377	1.03246	2.29407	0.265847	-0.172253
1.81	0.637075	1.03621	2.29274	0.271598	-0.169978
1.815	0.640374	1.03996	2.29138	0.27725	-0.167734
1.82	0.643668	1.04373	2.29	0.282807	-0.165522
1.825	0.646956	1.04749	2.28858	0.288271	-0.163342
1.83	0.650239	1.05126	2.28714	0.293643	-0.161192
1.835	0.653517	1.05504	2.28567	0.298925	-0.159074
1.84	0.656789	1.05882	2.28418	0.30412	-0.156985
1.845	0.660055	1.06261	2.28266	0.309229	-0.154927
1.85	0.663316	1.0664	2.28111	0.314255	-0.152898
1.855	0.66657	1.07019	2.27954	0.319198	-0.150898
1.86	0.669818	1.07399	2.27794	0.324062	-0.148928
1.865	0.673061	1.0778	2.27632	0.328847	-0.146986
1.87	0.676296	1.08161	2.27468	0.333555	-0.145072
1.875	0.679526	1.08543	2.27301	0.338188	-0.143187
1.88	0.682749	1.08925	2.27132	0.342748	-0.14133
1.885	0.685966	1.09308	2.26961	0.347235	-0.1395
1.89	0.689176	1.09691	2.26787	0.351653	-0.137697
1.895	0.692379	1.10075	2.26611	0.356001	-0.135922
1.9	0.695575	1.1046	2.26433	0.360282	-0.134173
1.905	0.698764	1.10845	2.26253	0.364497	-0.13245
1.91	0.701947	1.1123	2.26071	0.368647	-0.130754
1.915	0.705122	1.11617	2.25887	0.372734	-0.129084
1.92	0.70829	1.12004	2.257	0.376759	-0.12744
1.925	0.711451	1.12391	2.25512	0.380723	-0.125821
1.93	0.714604	1.12779	2.25322	0.384628	-0.124227
1.935	0.71775	1.13168	2.25129	0.388474	-0.122658
1.94	0.720888	1.13557	2.24935	0.392263	-0.121114
1.945	0.724019	1.13947	2.24739	0.395997	-0.119595
1.95	0.727142	1.14337	2.24541	0.399675	-0.1181
1.955	0.730257	1.14728	2.24341	0.4033	-0.116629
1.96	0.733364	1.1512	2.24139	0.406873	-0.115182
1.965	0.736464	1.15512	2.23936	0.410394	-0.113759
1.97	0.739555	1.15905	2.23731	0.413864	-0.112359
1.975	0.742638	1.16299	2.23524	0.417285	-0.110982
1.98	0.745713	1.16693	2.23315	0.420657	-0.109629
1.985	0.74878	1.17088	2.23105	0.423982	-0.108298
1.99	0.751838	1.17484	2.22893	0.427261	-0.10699
1.995	0.754887	1.1788	2.22679	0.430493	-0.105704
2	0.757929	1.18277	2.22464	0.433681	-0.104441
2.005	0.760961	1.18674	2.22247	0.436825	-0.1032
2.01	0.763985	1.19073	2.22029	0.439926	-0.101981
2.015	0.767	1.19471	2.21809	0.442984	-0.100783
2.02	0.770007	1.19871	2.21587	0.446001	-0.0996075
2.025	0.773004	1.20271	2.21364	0.448978	-0.0984531
2.03	0.775992	1.20672	2.2114	0.451915	-0.0973199
2.035	0.778972	1.21074	2.20914	0.454812	-0.0962077
2.04	0.781942	1.21476	2.20686	0.457672	-0.0951165
2.045	0.784903	1.21879	2.20458	0.460493	-0.094046
2.05	0.787855	1.22282	2.20227	0.463278	-0.0929961
2.055	0.790797	1.22687	2.19996	0.466027	-0.0919666
2.06	0.79373	1.23091	2.19763	0.46874	-0.0909574
2.065	0.796653	1.23497	2.19528	0.471418	-0.0899683
2.07	0.799567	1.23903	2.19293	0.474063	-0.0889991
2.075	0.802471	1.2431	2.19056	0.476673	-0.0880498
2.08	0.805366	1.24718	2.18817	0.479251	-0.0871201
2.085	0.80825	1.25127	2.18578	0.481796	-0.08621
2.09	0.811125	1.25536	2.18337	0.48431	-0.0853192
2.095	0.81399	1.25945	2.18095	0.486792	-0.0844477
2.1	0.816845	1.26356	2.17851	0.489244	-0.0835952
2.105	0.81969	1.26767	2.17607	0.491666	-0.0827618
2.11	0.822525	1.27179	2.17361	0.494058	-0.0819471
2.115	0.82535	1.27591	2.17114	0.496422	-0.0811512
2.12	0.828164	1.28005	2.16865	0.498757	-0.0803738
2.125	0.830968	1.28419	2.16616	0.501064	-0.0796148
2.13	0.833762	1.28833	2.16366	0.503344	-0.0788742
2.135	0.836545	1.29249	2.16114	0.505597	-0.0781517
2.14	0.839318	1.29665	2.15861	0.507823	-0.0774473
2.145	0.84208	1.30082	2.15607	0.510024	-0.0767608
2.15	0.844831	1.30499	2.15352	0.512199	-0.0760921
2.155	0.847572	1.30917	2.15096	0.514349	-0.0754411
2.16	0.850302	1.31336	2.14839	0.516474	-0.0748076
2.165	0.853021	1.31756	2.14581	0.518576	-0.0741916
2.17	0.85573	1.32176	2.14321	0.520653	-0.0735929
2.175	0.858427	1.32597	2.14061	0.522707	-0.0730114
2.18	0.861113	1.33019	2.138	0.524738	-0.0724471
2.185	0.863789	1.33441	2.13537	0.526747	-0.0718997
2.19	0.866453	1.33864	2.13274	0.528734	-0.0713691
2.195	0.869106	1.34288	2.1301	0.530699	-0.0708554
2.2	0.871747	1.34713	2.12744	0.532642	-0.0703583
2.205	0.874378	1.35138	2.12478	0.534565	-0.0698777
2.21	0.876997	1.35564	2.12211	0.536467	-0.0694135
2.215	0.879604	1.3599	2.11942	0.538348	-0.0689657
2.22	0.882201	1.36418	2.11673	0.54021	-0.0685341
2.225	0.884785	1.36846	2.11403	0.542052	-0.0681186
2.23	0.887358	1.37274	2.11132	0.543875	-0.0677191
2.235	0.889919	1.37704	2.1086	0.545678	-0.0673356
2.24	0.892469	1.38134	2.10587	0.547464	-0.0669678
2.245	0.895007	1.38565	2.10314	0.54923	-0.0666157
2.25	0.897532	1.38996	2.10039	0.550979	-0.0662792
2.255	0.900046	1.39429	2.09763	0.55271	-0.0659583
2.26	0.902549	1.39861	2.09487	0.554424	-0.0656527
2.265	0.905039	1.40295	2.0921	0.556121	-0.0653625
2.27	0.907517	1.40729	2.08932	0.557801	-0.0650874
2.275	0.909982	1.41164	2.08653	0.559464	-0.0648275
2.28	0.912436	1.416	2.08373	0.561111	-0.0645825
2.285	0.914878	1.42036	2.08093	0.562742	-0.0643525
2.29	0.917307	1.42473	2.07811	0.564357	-0.0641373
2.295	0.919724	1.42911	2.07529	0.565957	-0.0639368
2.3	0.922128	1.43349	2.07246	0.567541	-0.063751
2.305	0.92452	1.43788	2.06962	0.569111	-0.0635797
2.31	0.926899	1.44228	2.06678	0.570665	-0.0634228
2.315	0.929266	1.44669	2.06392	0.572206	-0.0632803
2.32	0.931621	1.4511	2.06106	0.573732	-0.0631521
2.325	0.933962	1.45551	2.05819	0.575244	-0.063038
2.33	0.936291	1.45994	2.05532	0.576742	-0.0629381
2.335	0.938607	1.46437	2.05243	0.578226	-0.0628521
2.34	0.940911	1.46881	2.04954	0.579697	-0.06278
2.345	0.943201	1.47325	2.04665	0.581155	-0.0627217
2.35	0.945479	1.4777	2.04374	0.5826	-0.0626771
2.355	0.947743	1.48216	2.04083	0.584032	-0.0626462
2.36	0.949995	1.48663	2.03791	0.585452	-0.0626288
2.365	0.952233	1.4911	2.03498	0.58686	-0.0626249
2.37	0.954459	1.49557	2.03204	0.588255	-0.0626343
2.375	0.956671	1.50006	2.0291	0.589638	-0.062657
2.38	0.95887	1.50455	2.02616	0.591009	-0.062693
2.385	0.961055	1.50905	2.0232	0.592369	-0.062742
2.39	0.963228	1.51355	2.02024	0.593718	-0.062804
2.395	0.965387	1.51806	2.01727	0.595055	-0.062879
2.4	0.967532	1.52258	2.01429	0.596381	-0.0629668
2.405	0.969664	1.5271	2.01131	0.597697	-0.0630674
2.41	0.971783	1.53163	2.00832	0.599001	-0.0631807
2.415	0.973888	1.53616	2.00533	0.600295	-0.0633066
2.42	0.975979	1.5407	2.00233	0.601579	-0.0634449
2.425	0.978057	1.54525	1.99932	0.602853	-0.0635957
2.43	0.98012	1.54981	1.99631	0.604116	-0.0637589
2.435	0.982171	1.55437	1.99328	0.60537	-0.0639342
2.44	0.984207	1.55893	1.99026	0.606613	-0.0641218
2.445	0.986229	1.56351	1.98722	0.607848	-0.0643214
2.45	0.988238	1.56808	1.98419	0.609072	-0.0645331
2.455	0.990233	1.57267	1.98114	0.610288	-0.0647567
2.46	0.992213	1.57726	1.97809	0.611494	-0.064992
2.465	0.99418	1.58186	1.97503	0.612691	-0.0652392
2.47	0.996132	1.58646	1.97197	0.61388	-0.065498
2.475	0.998071	1.59107	1.9689	0.615059	-0.0657684
2.48	0.999995	1.59568	1.96582	0.61623	-0.0660503
2.485	1.0019	1.60031	1.96274	0.617393	-0.0663436
2.49	1.0038	1.60493	1.95966	0.618547	-0.0666483
2.495	1.00568	1.60956	1.95656	0.619692	-0.0669642
2.5	1.00755	1.6142	1.95346	0.62083	-0.0672913
2.505	1.0094	1.61885	1.95036	0.62196	-0.0676294
2.51	1.01124	1.6235	1.94725	0.623082	-0.0679786
2.515	1.01306	1.62815	1.94413	0.624196	-0.0683387
2.52	1.01487	1.63281	1.94101	0.625302	-0.0687096
2.525	1.01667	1.63748	1.93789	0.626401	-0.0690913
2.53	1.01845	1.64215	1.93476	0.627493	-0.0694836
2.535	1.02021	1.64683	1.93162	0.628577	-0.0698866
2.54	1.02196	1.65151	1.92847	0.629654	-0.0703
2.545	1.0237	1.6562	1.92533	0.630724	-0.0707239
2.55	1.02542	1.6609	1.92217	0.631787	-0.0711581
2.555	1.02713	1.6656	1.91901	0.632843	-0.0716026
2.56	1.02882	1.6703	1.91585	0.633892	-0.0720572
2.565	1.03049	1.67501	1.91268	0.634935	-0.0725219
2.57	1.03215	1.67973	1.90951	0.635971	-0.0729967
2.575	1.0338	1.68445	1.90633	0.637001	-0.0734814
2.58	1.03543	1.68918	1.90314	0.638024	-0.0739759
2.585	1.03705	1.69391	1.89995	0.639041	-0.0744801
2.59	1.03865	1.69865	1.89676	0.640051	-0.0749941
2.595	1.04023	1.70339	1.89356	0.641056	-0.0755176
2.6	1.04181	1.70813	1.89035	0.642054	-0.0760507
2.605	1.04336	1.71289	1.88714	0.643047	-0.0765932
2.61	1.0449	1.71764	1.88392	0.644034	-0.077145
2.615	1.04643	1.72241	1.8807	0.645015	-0.0777061
2.62	1.04794	1.72717	1.87748	0.64599	-0.0782764
2.625	1.04943	1.73194	1.87425	0.64696	-0.0788558
2.63	1.05091	1.73672	1.87101	0.647924	-0.0794442
2.635	1.05237	1.7415	1.86777	0.648883	-0.0800415
2.64	1.05382	1.74629	1.86453	0.649837	-0.0806476
2.645	1.05525	1.75108	1.86128	0.650785	-0.0812625
2.65	1.05667	1.75587	1.85803	0.651728	-0.0818861
2.655	1.05807	1.76067	1.85477	0.652666	-0.0825183
2.66	1.05945	1.76548	1.85151	0.653598	-0.083159
2.665	1.06082	1.77029	1.84824	0.654526	-0.0838081
2.67	1.06218	1.7751	1.84496	0.655449	-0.0844655
2.675	1.06351	1.77992	1.84169	0.656367	-0.0851312
2.68	1.06484	1.78474	1.83841	0.657281	-0.0858051
2.685	1.06614	1.78956	1.83512	0.658189	-0.0864871
2.69	1.06743	1.7944	1.83183	0.659094	-0.087177
2.695	1.06871	1.79923	1.82853	0.659993	-0.0878749
2.7	1.06997	1.80407	1.82523	0.660888	-0.0885806
2.705	1.07121	1.80891	1.82193	0.661779	-0.0892941
2.71	1.07244	1.81376	1.81862	0.662665	-0.0900152
2.715	1.07365	1.81861	1.81531	0.663547	-0.0907438
2.72	1.07484	1.82347	1.81199	0.664424	-0.09148
2.725	1.07602	1.82833	1.80867	0.665298	-0.0922236
2.73	1.07718	1.83319	1.80534	0.666167	-0.0929745
2.735	1.07833	1.83806	1.80201	0.667033	-0.0937326
2.74	1.07946	1.84293	1.79867	0.667894	-0.0944978
2.745	1.08057	1.8478	1.79533	0.668751	-0.0952702
2.75	1.08167	1.85268	1.79199	0.669605	-0.0960495
2.755	1.08275	1.85756	1.78864	0.670455	-0.0968356
2.76	1.08381	1.86245	1.78529	0.671301	-0.0976286
2.765	1.08486	1.86734	1.78193	0.672143	-0.0984283
2.77	1.08589	1.87223	1.77857	0.672981	-0.0992346
2.775	1.08691	1.87712	1.77521	0.673816	-0.100047
2.78	1.0879	1.88202	1.77184	0.674648	-0.100867
2.785	1.08889	1.88693	1.76847	0.675475	-0.101692
2.79	1.08985	1.89183	1.76509	0.6763	-0.102524
2.795	1.0908	1.89674	1.76171	0.677121	-0.103362
2.8	1.09173	1.90165	1.75832	0.677938	-0.104207
2.805	1.09265	1.90657	1.75493	0.678753	-0.105057
2.81	1.09355	1.91149	1.75154	0.679564	-0.105913
2.815	1.09443	1.91641	1.74814	0.680372	-0.106775
2.82	1.09529	1.92133	1.74474	0.681176	-0.107643
2.825	1.09614	1.92626	1.74133	0.681978	-0.108516
2.83	1.09697	1.93119	1.73792	0.682776	-0.109395
2.835	1.09779	1.93612	1.73451	0.683572	-0.11028
2.84	1.09859	1.94106	1.73109	0.684364	-0.11117
2.845	1.09937	1.946	1.72767	0.685154	-0.112065
2.85	1.10013	1.95094	1.72424	0.68594	-0.112965
2.855	1.10088	1.95588	1.72081	0.686724	-0.113871
2.86	1.10161	1.96083	1.71738	0.687505	-0.114781
2.865	1.10232	1.96578	1.71394	0.688283	-0.115697
2.87	1.10302	1.97073	1.7105	0.689059	-0.116617
2.875	1.1037	1.97568	1.70706	0.689831	-0.117542
2.88	1.10436	1.98064	1.70361	0.690602	-0.118472
2.885	1.10501	1.9856	1.70015	0.691369	-0.119406
2.89	1.10563	1.99056	1.6967	0.692134	-0.120345
2.895	1.10624	1.99552	1.69324	0.692896	-0.121288
2.9	1.10684	2.00049	1.68977	0.693656	-0.122236
2.905	1.10741	2.00545	1.6863	0.694413	-0.123187
2.91	1.10797	2.01042	1.68283	0.695168	-0.124143
2.915	1.10851	2.01539	1.67936	0.695921	-0.125103
2.92	1.10904	2.02036	1.67588	0.696671	-0.126067
2.925	1.10955	2.02534	1.67239	0.697419	-0.127035
2.93	1.11004	2.03031	1.66891	0.698164	-0.128007
2.935	1.11051	2.03529	1.66541	0.698908	-0.128982
2.94	1.11096	2.04027	1.66192	0.699649	-0.129961
2.945	1.1114	2.04525	1.65842	0.700388	-0.130943
2.95	1.11182	2.05023	1.65492	0.701124	-0.131929
2.955	1.11222	2.05522	1.65141	0.701859	-0.132918
2.96	1.11261	2.0602	1.6479	0.702592	-0.13391
2.965	1.11298	2.06519	1.64439	0.703322	-0.134905
2.97	1.11333	2.07018	1.64088	0.70405	-0.135904
2.975	1.11366	2.07517	1.63735	0.704777	-0.136905
2.98	1.11397	2.08016	1.63383	0.705501	-0.137909
2.985	1.11427	2.08515	1.6303	0.706224	-0.138916
2.99	1.11455	2.09014	1.62677	0.706945	-0.139926
2.995	1.11481	2.09513	1.62324	0.707663	-0.140938
3	1.11506	2.10013	1.6197	0.70838	-0.141953
3.005	1.11528	2.10512	1.61616	0.709095	-0.14297
3.01	1.11549	2.11012	1.61261	0.709808	-0.143989
3.015	1.11568	2.11511	1.60906	0.71052	-0.145011
3.02	1.11586	2.12011	1.60551	0.71123	-0.146034
3.025	1.11601	2.12511	1.60195	0.711938	-0.14706
3.03	1.11615	2.13011	1.59839	0.712644	-0.148088
3.035	1.11627	2.1351	1.59483	0.713349	-0.149117
3.04	1.11637	2.1401	1.59126	0.714052	-0.150148
3.045	1.11646	2.1451	1.58769	0.714753	-0.151181
3.05	1.11653	2.1501	1.58412	0.715453	-0.152216
3.055	1.11657	2.1551	1.58054	0.716152	-0.153251
3.06	1.1166	2.1601	1.57696	0.716848	-0.154289
3.065	1.11662	2.1651	1.57338	0.717544	-0.155327
3.07	1.11661	2.1701	1.56979	0.718237	-0.156367
3.075	1.11659	2.1751	1.5662	0.71893	-0.157408
3.08	1.11655	2.1801	1.5626	0.719621	-0.158449
3.085	1.11649	2.1851	1.55901	0.72031	-0.159492
3.09	1.11641	2.1901	1.5554	0.720998	-0.160535
3.095	1.11632	2.1951	1.5518	0.721685	-0.161579
3.1	1.1162	2.2001	1.54819	0.722371	-0.162624
3.105	1.11607	2.2051	1.54458	0.723055	-0.163669
3.11	1.11592	2.21009	1.54096	0.723737	-0.164715
3.115	1.11576	2.21509	1.53735	0.724419	-0.165761
3.12	1.11557	2.22009	1.53372	0.725099	-0.166808
3.125	1.11537	2.22508	1.5301	0.725778	-0.167854
3.13	1.11515	2.23008	1.52647	0.726456	-0.1689
3.135	1.11491	2.23507	1.52284	0.727133	-0.169947
3.14	1.11465	2.24007	1.5192	0.727808	-0.170993
3.145	1.11437	2.24506	1.51556	0.728482	-0.172039
3.15	1.11408	2.25005	1.51192	0.729156	-0.173085
3.155	1.11377	2.25504	1.50827	0.729828	-0.17413
3.16	1.11344	2.26003	1.50462	0.730499	-0.175175
3.165	1.11309	2.26502	1.50097	0.731169	-0.17622
3.17	1.11272	2.27	1.49732	0.731837	-0.177263
3.175	1.11234	2.27499	1.49366	0.732505	-0.178306
3.18	1.11193	2.27997	1.48999	0.733172	-0.179348
3.185	1.11151	2.28496	1.48633	0.733838	-0.180389
3.19	1.11107	2.28994	1.48266	0.734503	-0.181429
3.195	1.11061	2.29492	1.47899	0.735167	-0.182467
3.2	1.11013	2.29989	1.47531	0.735829	-0.183505
3.205	1.10964	2.30487	1.47163	0.736491	-0.184541
3.21	1.10913	2.30984	1.46795	0.737153	-0.185575
3.215	1.10859	2.31481	1.46426	0.737813	-0.186609
3.22	1.10804	2.31978	1.46057	0.738472	-0.18764
3.225	1.10748	2.32475	1.45688	0.739131	-0.18867
3.23	1.10689	2.32972	1.45319	0.739788	-0.189698
3.235	1.10628	2.33468	1.44949	0.740445	-0.190724
3.24	1.10566	2.33964	1.44579	0.741101	-0.191748
3.245	1.10502	2.3446	1.44208	0.741756	-0.19277
3.25	1.10436	2.34955	1.43837	0.742411	-0.19379
3.255	1.10368	2.35451	1.43466	0.743065	-0.194807
3.26	1.10298	2.35946	1.43094	0.743718	-0.195822
3.265	1.10227	2.36441	1.42723	0.74437	-0.196835
3.27	1.10153	2.36935	1.4235	0.745022	-0.197845
3.275	1.10078	2.3743	1.41978	0.745672	-0.198853
3.28	1.10001	2.37924	1.41605	0.746323	-0.199857
3.285	1.09922	2.38417	1.41232	0.746972	-0.200859
3.29	1.09841	2.38911	1.40858	0.747621	-0.201858
3.295	1.09759	2.39404	1.40485	0.748269	-0.202854
3.3	1.09674	2.39897	1.4011	0.748917	-0.203847
3.305	1.09588	2.40389	1.39736	0.749564	-0.204837
3.31	1.095	2.40882	1.39361	0.750211	-0.205823
3.315	1.0941	2.41373	1.38986	0.750857	-0.206806
3.32	1.09318	2.41865	1.38611	0.751502	-0.207786
3.325	1.09225	2.42356	1.38235	0.752147	-0.208762
3.33	1.09129	2.42847	1.37859	0.752791	-0.209734
3.335	1.09032	2.43337	1.37482	0.753435	-0.210703
3.34	1.08932	2.43827	1.37106	0.754078	-0.211668
3.345	1.08831	2.44317	1.36729	0.754721	-0.212629
3.35	1.08729	2.44806	1.36351	0.755363	-0.213586
3.355	1.08624	2.45295	1.35974	0.756005	-0.214539
3.36	1.08517	2.45784	1.35596	0.756646	-0.215487
3.365	1.08409	2.46272	1.35217	0.757287	-0.216432
3.37	1.08298	2.46759	1.34839	0.757928	-0.217372
3.375	1.08186	2.47247	1.3446	0.758568	-0.218307
3.38	1.08072	2.47734	1.3408	0.759208	-0.219238
3.385	1.07957	2.4822	1.33701	0.759847	-0.220165
3.39	1.07839	2.48706	1.33321	0.760486	-0.221086
3.395	1.07719	2.49191	1.32941	0.761125	-0.222003
3.4	1.07598	2.49676	1.3256	0.761763	-0.222915
3.405	1.07475	2.50161	1.32179	0.762401	-0.223822
3.41	1.0735	2.50645	1.31798	0.763039	-0.224724
3.415	1.07223	2.51129	1.31416	0.763676	-0.225621
3.42	1.07094	2.51612	1.31035	0.764313	-0.226513
3.425	1.06963	2.52095	1.30652	0.76495	-0.227399
3.43	1.06831	2.52577	1.3027	0.765587	-0.22828
3.435	1.06697	2.53058	1.29887	0.766223	-0.229156
3.44	1.0656	2.53539	1.29504	0.766859	-0.230026
3.445	1.06423	2.5402	1.29121	0.767495	-0.23089
3.45	1.06283	2.545	1.28737	0.76813	-0.231748
3.455	1.06141	2.5498	1.28353	0.768766	-0.232601
3.46	1.05998	2.55459	1.27968	0.769401	-0.233448
3.465	1.05852	2.55937	1.27584	0.770036	-0.234288
3.47	1.05705	2.56415	1.27199	0.770671	-0.235123
3.475	1.05556	2.56892	1.26813	0.771305	-0.235952
3.48	1.05405	2.57369	1.26428	0.77194	-0.236774
3.485	1.05252	2.57845	1.26042	0.772574	-0.23759
3.49	1.05098	2.5832	1.25656	0.773208	-0.238399
3.495	1.04941	2.58795	1.25269	0.773842	-0.239202
3.5	1.04783	2.5927	1.24882	0.774476	-0.239999
3.505	1.04623	2.59743	1.24495	0.77511	-0.240789
3.51	1.04461	2.60216	1.24107	0.775744	-0.241572
3.515	1.04298	2.60689	1.23719	0.776378	-0.242348
3.52	1.04132	2.61161	1.23331	0.777011	-0.243118
3.525	1.03965	2.61632	1.22943	0.777645	-0.24388
3.53	1.03795	2.62102	1.22554	0.778279	-0.244636
3.535	1.03624	2.62572	1.22165	0.778912	-0.245384
3.54	1.03451	2.63041	1.21775	0.779546	-0.246125
3.545	1.03277	2.6351	1.21385	0.780179	-0.246859
3.55	1.031	2.63978	1.20995	0.780813	-0.247585
3.555	1.02922	2.64445	1.20605	0.781446	-0.248304
3.56	1.02742	2.64911	1.20214	0.78208	-0.249016
3.565	1.0256	2.65377	1.19823	0.782713	-0.24972
3.57	1.02376	2.65842	1.19432	0.783347	-0.250416
3.575	1.0219	2.66306	1.1904	0.783981	-0.251105
3.58	1.02003	2.66769	1.18648	0.784614	-0.251786
3.585	1.01813	2.67232	1.18256	0.785248	-0.252458
3.59	1.01622	2.67694	1.17863	0.785882	-0.253123
3.595	1.01429	2.68156	1.1747	0.786516	-0.25378
3.6	1.01235	2.68616	1.17077	0.78715	-0.254429
3.605	1.01038	2.69076	1.16683	0.787784	-0.25507
3.61	1.0084	2.69535	1.1629	0.788419	-0.255702
3.615	1.0064	2.69993	1.15895	0.789053	-0.256326
3.62	1.00438	2.7045	1.15501	0.789688	-0.256942
3.625	1.00234	2.70907	1.15106	0.790323	-0.257549
3.63	1.00028	2.71363	1.14711	0.790958	-0.258147
3.635	0.998211	2.71818	1.14315	0.791593	-0.258738
3.64	0.996119	2.72272	1.1392	0.792228	-0.259319
3.645	0.99401	2.72725	1.13523	0.792863	-0.259892
3.65	0.991882	2.73178	1.13127	0.793499	-0.260455
3.655	0.989736	2.73629	1.1273	0.794135	-0.26101
3.66	0.987573	2.7408	1.12333	0.794771	-0.261556
3.665	0.985392	2.7453	1.11936	0.795408	-0.262093
3.67	0.983193	2.74979	1.11538	0.796044	-0.262621
3.675	0.980976	2.75427	1.1114	0.796681	-0.26314
3.68	0.978741	2.75875	1.10742	0.797319	-0.26365
3.685	0.976488	2.76321	1.10343	0.797956	-0.26415
3.69	0.974218	2.76766	1.09944	0.798594	-0.264641
3.695	0.971929	2.77211	1.09545	0.799232	-0.265123
3.7	0.969623	2.77655	1.09145	0.79987	-0.265595
3.705	0.9673	2.78097	1.08745	0.800509	-0.266057
3.71	0.964958	2.78539	1.08345	0.801148	-0.26651
3.715	0.962599	2.7898	1.07944	0.801787	-0.266954
3.72	0.960222	2.7942	1.07544	0.802427	-0.267388
3.725	0.957828	2.79859	1.07142	0.803067	-0.267811
3.73	0.955416	2.80297	1.06741	0.803708	-0.268226
3.735	0.952986	2.80734	1.06339	0.804348	-0.26863
3.74	0.950539	2.8117	1.05937	0.80499	-0.269024
3.745	0.948075	2.81605	1.05534	0.805631	-0.269408
3.75	0.945593	2.82039	1.05131	0.806273	-0.269783
3.755	0.943093	2.82472	1.04728	0.806916	-0.270147
3.76	0.940576	2.82904	1.04325	0.807559	-0.270501
3.765	0.938041	2.83335	1.03921	0.808202	-0.270845
3.77	0.935489	2.83765	1.03517	0.808846	-0.271178
3.775	0.93292	2.84194	1.03113	0.809491	-0.271501
3.78	0.930334	2.84622	1.02708	0.810135	-0.271814
3.785	0.92773	2.85049	1.02303	0.810781	-0.272116
3.79	0.925108	2.85474	1.01897	0.811427	-0.272408
3.795	0.92247	2.85899	1.01492	0.812073	-0.272689
3.8	0.919814	2.86323	1.01086	0.81272	-0.27296
3.805	0.917141	2.86745	1.00679	0.813367	-0.27322
3.81	0.914451	2.87167	1.00273	0.814015	-0.27347
3.815	0.911744	2.87587	0.998655	0.814664	-0.273708
3.82	0.90902	2.88006	0.994582	0.815313	-0.273936
3.825	0.906279	2.88425	0.990506	0.815962	-0.274153
3.83	0.90352	2.88842	0.986426	0.816613	-0.27436
3.835	0.900745	2.89258	0.982343	0.817264	-0.274555
3.84	0.897952	2.89672	0.978256	0.817915	-0.274739
3.845	0.895143	2.90086	0.974167	0.818567	-0.274912
3.85	0.892317	2.90498	0.970074	0.81922	-0.275075
3.855	0.889474	2.9091	0.965978	0.819873	-0.275226
3.86	0.886614	2.9132	0.961878	0.820528	-0.275366
3.865	0.883737	2.91729	0.957776	0.821182	-0.275495
3.87	0.880844	2.92137	0.95367	0.821838	-0.275612
3.875	0.877934	2.92543	0.949561	0.822494	-0.275719
3.88	0.875007	2.92948	0.945448	0.823151	-0.275814
3.885	0.872063	2.93353	0.941333	0.823809	-0.275898
3.89	0.869103	2.93756	0.937213	0.824467	-0.27597
3.895	0.866126	2.94157	0.933091	0.825126	-0.276031
3.9	0.863133	2.94558	0.928965	0.825786	-0.27608
3.905	0.860123	2.94957	0.924837	0.826447	-0.276118
3.91	0.857097	2.95355	0.920704	0.827109	-0.276145
3.915	0.854054	2.95752	0.916569	0.827771	-0.27616
3.92	0.850995	2.96147	0.91243	0.828434	-0.276163
3.925	0.847919	2.96542	0.908288	0.829098	-0.276155
3.93	0.844828	2.96935	0.904142	0.829763	-0.276135
3.935	0.84172	2.97326	0.899993	0.830429	-0.276103
3.94	0.838595	2.97717	0.895841	0.831095	-0.27606
3.945	0.835455	2.98106	0.891686	0.831763	-0.276005
3.95	0.832298	2.98493	0.887527	0.832431	-0.275938
3.955	0.829125	2.9888	0.883365	0.833101	-0.275859
3.96	0.825937	2.99265	0.879199	0.833771	-0.275769
3.965	0.822732	2.99649	0.875031	0.834442	-0.275666
3.97	0.819511	3.00031	0.870858	0.835115	-0.275552
3.975	0.816274	3.00412	0.866683	0.835788	-0.275426
3.98	0.813021	3.00792	0.862504	0.836462	-0.275288
3.985	0.809753	3.0117	0.858321	0.837137	-0.275138
3.99	0.806468	3.01547	0.854136	0.837814	-0.274976
3.995	0.803168	3.01923	0.849947	0.838491	-0.274802
4	0.799852	3.02297	0.845754	0.83917	-0.274616
4.005	0.796521	3.0267	0.841558	0.839849	-0.274418
4.01	0.793174	3.03042	0.837359	0.84053	-0.274207
4.015	0.789811	3.03412	0.833157	0.841212	-0.273985
4.02	0.786433	3.0378	0.82895	0.841895	-0.273751
4.025	0.783039	3.04147	0.824741	0.842579	-0.273504
4.03	0.77963	3.04513	0.820528	0.843264	-0.273246
4.035	0.776205	3.04877	0.816312	0.843951	-0.272975
4.04	0.772765	3.0524	0.812092	0.844638	-0.272692
4.045	0.76931	3.05602	0.807869	0.845327	-0.272397
4.05	0.76584	3.05962	0.803642	0.846018	-0.27209
4.055	0.762354	3.0632	0.799412	0.846709	-0.271771
4.06	0.758853	3.06677	0.795179	0.847402	-0.271439
4.065	0.755338	3.07033	0.790942	0.848096	-0.271095
4.07	0.751807	3.07387	0.786701	0.848791	-0.270739
4.075	0.748261	3.07739	0.782457	0.849488	-0.270371
4.08	0.7447	3.0809	0.77821	0.850186	-0.26999
4.085	0.741124	3.0844	0.773959	0.850886	-0.269597
4.09	0.737533	3.08788	0.769704	0.851587	-0.269192
4.095	0.733928	3.09134	0.765446	0.85229	-0.268775
4.1	0.730308	3.09479	0.761185	0.852994	-0.268345
4.105	0.726673	3.09822	0.75692	0.853699	-0.267903
4.11	0.723024	3.10164	0.752651	0.854406	-0.267449
4.115	0.71936	3.10504	0.748379	0.855115	-0.266982
4.12	0.715681	3.10843	0.744104	0.855825	-0.266504
4.125	0.711988	3.1118	0.739825	0.856537	-0.266013
4.13	0.708281	3.11515	0.735542	0.85725	-0.265509
4.135	0.704559	3.11849	0.731256	0.857965	-0.264994
4.14	0.700824	3.12182	0.726966	0.858682	-0.264466
4.145	0.697073	3.12512	0.722673	0.8594	-0.263926
4.15	0.693309	3.12841	0.718376	0.86012	-0.263373
4.155	0.68953	3.13169	0.714075	0.860842	-0.262808
4.16	0.685738	3.13495	0.709771	0.861566	-0.262231
4.165	0.681931	3.13819	0.705463	0.862292	-0.261642
4.17	0.678111	3.14141	0.701151	0.863019	-0.261041
4.175	0.674276	3.14462	0.696836	0.863748	-0.260427
4.18	0.670428	3.14782	0.692518	0.864479	-0.259801
4.185	0.666566	3.15099	0.688195	0.865213	-0.259163
4.19	0.662691	3.15415	0.683869	0.865948	-0.258512
4.195	0.658801	3.15729	0.679539	0.866685	-0.25785
4.2	0.654898	3.16042	0.675206	0.867424	-0.257175
4.205	0.650982	3.16353	0.670869	0.868165	-0.256488
4.21	0.647052	3.16662	0.666528	0.868909	-0.255789
4.215	0.643109	3.16969	0.662184	0.869654	-0.255078
4.22	0.639152	3.17275	0.657835	0.870402	-0.254354
4.225	0.635182	3.17579	0.653483	0.871152	-0.253619
4.23	0.631199	3.17881	0.649127	0.871904	-0.252871
4.235	0.627203	3.18182	0.644768	0.872659	-0.252112
4.24	0.623194	3.1848	0.640405	0.873416	-0.25134
4.245	0.619172	3.18777	0.636038	0.874175	-0.250556
4.25	0.615136	3.19073	0.631667	0.874937	-0.24976
4.255	0.611088	3.19366	0.627292	0.875701	-0.248952
4.26	0.607027	3.19658	0.622914	0.876468	-0.248133
4.265	0.602954	3.19948	0.618531	0.877237	-0.247301
4.27	0.598867	3.20236	0.614145	0.878009	-0.246457
4.275	0.594768	3.20522	0.609755	0.878784	-0.245602
4.28	0.590657	3.20807	0.605361	0.879561	-0.244734
4.285	0.586533	3.21089	0.600963	0.880342	-0.243855
4.29	0.582397	3.2137	0.596561	0.881125	-0.242964
4.295	0.578248	3.21649	0.592156	0.88191	-0.242061
4.3	0.574087	3.21927	0.587746	0.882699	-0.241146
4.305	0.569914	3.22202	0.583333	0.883491	-0.24022
4.31	0.565729	3.22476	0.578915	0.884286	-0.239282
4.315	0.561531	3.22747	0.574494	0.885084	-0.238332
4.32	0.557322	3.23017	0.570069	0.885885	-0.23737
4.325	0.553101	3.23285	0.565639	0.886689	-0.236397
4.33	0.548868	3.23551	0.561206	0.887497	-0.235413
4.335	0.544623	3.23816	0.556768	0.888308	-0.234416
4.34	0.540366	3.24078	0.552327	0.889122	-0.233409
4.345	0.536098	3.24338	0.547881	0.88994	-0.23239
4.35	0.531818	3.24597	0.543431	0.890761	-0.231359
4.355	0.527527	3.24853	0.538978	0.891586	-0.230317
4.36	0.523225	3.25108	0.53452	0.892415	-0.229264
4.365	0.518911	3.25361	0.530058	0.893248	-0.228199
4.37	0.514586	3.25612	0.525591	0.894084	-0.227123
4.375	0.510249	3.25861	0.521121	0.894925	-0.226036
4.38	0.505902	3.26108	0.516646	0.895769	-0.224937
4.385	0.501543	3.26353	0.512167	0.896618	-0.223828
4.39	0.497174	3.26596	0.507684	0.897471	-0.222707
4.395	0.492794	3.26837	0.503197	0.898328	-0.221575
4.4	0.488403	3.27076	0.498705	0.899189	-0.220433
4.405	0.484001	3.27313	0.494209	0.900055	-0.219279
4.41	0.479589	3.27548	0.489709	0.900926	-0.218114
4.415	0.475166	3.27782	0.485204	0.901801	-0.216938
4.42	0.470733	3.28013	0.480695	0.902681	-0.215752
4.425	0.466289	3.28242	0.476182	0.903566	-0.214555
4.43	0.461835	3.28469	0.471664	0.904456	-0.213347
4.435	0.45737	3.28694	0.467142	0.905352	-0.212128
4.44	0.452896	3.28918	0.462615	0.906252	-0.210899
4.445	0.448411	3.29139	0.458084	0.907158	-0.209659
4.45	0.443917	3.29358	0.453548	0.90807	-0.208409
4.455	0.439413	3.29575	0.449008	0.908987	-0.207148
4.46	0.434898	3.2979	0.444463	0.90991	-0.205876
4.465	0.430374	3.30003	0.439913	0.910839	-0.204594
4.47	0.425841	3.30214	0.435359	0.911774	-0.203302
4.475	0.421298	3.30422	0.4308	0.912715	-0.202
4.48	0.416745	3.30629	0.426237	0.913663	-0.200687
4.485	0.412183	3.30834	0.421668	0.914617	-0.199365
4.49	0.407612	3.31036	0.417095	0.915578	-0.198032
4.495	0.403031	3.31237	0.412517	0.916546	-0.196689
4.5	0.398441	3.31435	0.407935	0.917521	-0.195336
4.505	0.393843	3.31631	0.403347	0.918504	-0.193973
4.51	0.389235	3.31825	0.398754	0.919494	-0.1926
4.515	0.384618	3.32017	0.394157	0.920492	-0.191217
4.52	0.379993	3.32207	0.389555	0.921498	-0.189825
4.525	0.375359	3.32395	0.384947	0.922511	-0.188423
4.53	0.370716	3.32581	0.380335	0.923534	-0.187011
4.535	0.366065	3.32764	0.375717	0.924565	-0.18559
4.54	0.361405	3.32946	0.371094	0.925605	-0.184159
4.545	0.356737	3.33125	0.366466	0.926654	-0.182719
4.55	0.352061	3.33302	0.361833	0.927713	-0.181269
4.555	0.347377	3.33477	0.357194	0.928781	-0.17981
4.56	0.342684	3.33649	0.35255	0.929859	-0.178342
4.565	0.337984	3.3382	0.347901	0.930948	-0.176864
4.57	0.333275	3.33988	0.343246	0.932048	-0.175377
4.575	0.328559	3.34154	0.338586	0.933159	-0.173882
4.58	0.323835	3.34318	0.33392	0.934281	-0.172377
4.585	0.319104	3.3448	0.329249	0.935415	-0.170863
4.59	0.314365	3.34639	0.324572	0.936561	-0.16934
4.595	0.309619	3.34796	0.319889	0.93772	-0.167809
4.6	0.304865	3.34951	0.3152	0.938892	-0.166268
4.605	0.300104	3.35104	0.310506	0.940077	-0.164719
4.61	0.295336	3.35255	0.305805	0.941277	-0.163162
4.615	0.290561	3.35403	0.301099	0.942491	-0.161595
4.62	0.285779	3.35549	0.296387	0.94372	-0.160021
4.625	0.28099	3.35693	0.291668	0.944965	-0.158438
4.63	0.276195	3.35834	0.286943	0.946227	-0.156846
4.635	0.271392	3.35973	0.282212	0.947505	-0.155246
4.64	0.266584	3.3611	0.277475	0.948801	-0.153638
4.645	0.261768	3.36245	0.272731	0.950115	-0.152022
4.65	0.256947	3.36377	0.26798	0.951449	-0.150397
4.655	0.252119	3.36507	0.263223	0.952802	-0.148765
4.66	0.247285	3.36635	0.258459	0.954177	-0.147124
4.665	0.242445	3.36761	0.253688	0.955573	-0.145476
4.67	0.237599	3.36884	0.24891	0.956992	-0.14382
4.675	0.232748	3.37005	0.244125	0.958435	-0.142156
4.68	0.22789	3.37123	0.239333	0.959903	-0.140484
4.685	0.223027	3.3724	0.234533	0.961397	-0.138805
4.69	0.218158	3.37353	0.229726	0.962919	-0.137118
4.695	0.213284	3.37465	0.224912	0.96447	-0.135423
4.7	0.208405	3.37574	0.220089	0.966051	-0.133721
4.705	0.20352	3.37681	0.215259	0.967664	-0.132012
4.71	0.198631	3.37785	0.210421	0.969311	-0.130295
4.715	0.193736	3.37887	0.205574	0.970994	-0.128572
4.72	0.188836	3.37987	0.200719	0.972716	-0.126841
4.725	0.183932	3.38084	0.195856	0.974477	-0.125102
4.73	0.179023	3.38179	0.190983	0.976281	-0.123357
4.735	0.174109	3.38272	0.186102	0.978131	-0.121605
4.74	0.169191	3.38362	0.181211	0.980029	-0.119846
4.745	0.164268	3.3845	0.176311	0.981979	-0.11808
4.75	0.159342	3.38535	0.171401	0.983985	-0.116307
4.755	0.154411	3.38618	0.166481	0.986051	-0.114528
4.76	0.149476	3.38698	0.161551	0.988181	-0.112742
4.765	0.144537	3.38776	0.15661	0.99038	-0.11095
4.77	0.139595	3.38852	0.151658	0.992655	-0.109151
4.775	0.134648	3.38925	0.146695	0.995012	-0.107346
4.78	0.129698	3.38995	0.14172	0.997458	-0.105535
4.785	0.124745	3.39064	0.136733	1	-0.103718
4.79	0.119788	3.39129	0.131733	1.00265	-0.101895
4.795	0.114828	3.39192	0.126719	1.00543	-0.100067
4.8	0.109865	3.39253	0.121692	1.00833	-0.0982328
4.805	0.104899	3.39311	0.116651	1.01138	-0.0963936
4.81	0.0999305	3.39367	0.111594	1.0146	-0.0945496
4.815	0.0949588	3.3942	0.106521	1.01801	-0.0927011
4.82	0.0899845	3.39471	0.101431	1.02163	-0.0908486
4.825	0.0850077	3.39519	0.0963225	1.02551	-0.0889927
4.83	0.0800285	3.39564	0.0911949	1.02967	-0.0871341
4.835	0.075047	3.39607	0.0860466	1.03418	-0.0852737
4.84	0.0700633	3.39648	0.0808757	1.03911	-0.0834129
4.845	0.0650776	3.39686	0.0756801	1.04454	-0.0815534
4.85	0.06009	3.39721	0.0704574	1.05059	-0.0796975
4.855	0.0551007	3.39753	0.0652045	1.05744	-0.0778483
4.86	0.0501096	3.39783	0.0599173	1.06532	-0.0760105
4.865	0.0451171	3.39811	0.0545907	1.07459	-0.0741908
4.87	0.0401231	3.39835	0.0492178	1.0858	-0.0723995
4.875	0.0351279	3.39857	0.0437888	1.09987	-0.0706526
4.88	0.0301316	3.39876	0.0382895	1.11837	-0.0689773
4.885	0.0251343	3.39892	0.0326976	1.14434	-0.067422
4.89	0.0201361	3.39906	0.0269759	1.18425	-0.0660822
4.895	0.0151372	3.39917	0.0210547	1.25427	-0.0651749
4.9	0.0101377	3.39924	0.0147833	1.40576	-0.06532
4.905	0.00513789	3.39928	0.00775452	1.88363	-0.0693604
4.91	0.000137901	3.39927	-0.00166361	5.67615	-0.138693
