descriptor s_test R_test Z_test
0	1.18928	9.99999e-006	0.002	-0.402612	-0.00161643
0.005	1.18428	3.00652e-005	0.00401306	-0.405241	-0.00324936
0.01	1.17928	6.02614e-005	0.00603926	-0.407886	-0.00489888
0.015	1.17428	0.000100654	0.0080787	-0.410549	-0.00656506
0.02	1.16928	0.000151311	0.0101314	-0.41323	-0.00824797
0.025	1.16428	0.000212297	0.0121976	-0.415928	-0.0099477
0.03	1.15928	0.000283681	0.0142772	-0.418645	-0.0116643
0.035	1.15428	0.00036553	0.0163705	-0.42138	-0.0133979
0.04	1.14928	0.000457911	0.0184774	-0.424134	-0.0151486
0.045	1.14428	0.000560894	0.020598	-0.426908	-0.0169164
0.05	1.13929	0.000674547	0.0227326	-0.429702	-0.0187015
0.055	1.13429	0.00079894	0.0248811	-0.432516	-0.0205038
0.06	1.12929	0.000934141	0.0270437	-0.43535	-0.0223236
0.065	1.12429	0.00108022	0.0292204	-0.438205	-0.0241609
0.07	1.11929	0.00123725	0.0314114	-0.441082	-0.0260158
0.075	1.1143	0.00140531	0.0336168	-0.443981	-0.0278883
0.08	1.1093	0.00158445	0.0358367	-0.446902	-0.0297787
0.085	1.1043	0.00177476	0.0380713	-0.449845	-0.0316869
0.09	1.09931	0.00197631	0.0403205	-0.452812	-0.0336131
0.095	1.09431	0.00218917	0.0425845	-0.455803	-0.0355573
0.1	1.08932	0.00241341	0.0448636	-0.458817	-0.0375197
0.105	1.08432	0.00264911	0.0471576	-0.461856	-0.0395004
0.11	1.07933	0.00289635	0.0494669	-0.464921	-0.0414995
0.115	1.07433	0.00315519	0.0517915	-0.46801	-0.043517
0.12	1.06934	0.00342571	0.0541316	-0.471126	-0.0455531
0.125	1.06435	0.003708	0.0564872	-0.474269	-0.047608
0.13	1.05936	0.00400212	0.0588586	-0.477439	-0.0496816
0.135	1.05437	0.00430816	0.0612458	-0.480636	-0.0517741
0.14	1.04938	0.00462619	0.0636489	-0.483861	-0.0538857
0.145	1.04439	0.00495629	0.0660682	-0.487116	-0.0560165
0.15	1.0394	0.00529854	0.0685038	-0.490399	-0.0581665
0.155	1.03441	0.00565302	0.0709558	-0.493713	-0.0603359
0.16	1.02943	0.00601982	0.0734244	-0.497057	-0.0625248
0.165	1.02444	0.006399	0.0759097	-0.500433	-0.0647334
0.17	1.01946	0.00679066	0.0784118	-0.50384	-0.0669617
0.175	1.01447	0.00719487	0.080931	-0.50728	-0.0692099
0.18	1.00949	0.00761172	0.0834674	-0.510752	-0.0714781
0.185	1.00451	0.0080413	0.0860212	-0.514259	-0.0737665
0.19	0.999529	0.00848368	0.0885925	-0.5178	-0.0760752
0.195	0.99455	0.00893896	0.0911815	-0.521376	-0.0784043
0.2	0.989571	0.00940721	0.0937884	-0.524988	-0.080754
0.205	0.984595	0.00988853	0.0964133	-0.528636	-0.0831244
0.21	0.979619	0.010383	0.0990565	-0.532322	-0.0855157
0.215	0.974645	0.0108907	0.101718	-0.536046	-0.0879279
0.22	0.969672	0.0114118	0.104398	-0.539809	-0.0903614
0.225	0.964701	0.0119462	0.107097	-0.543611	-0.0928161
0.23	0.959731	0.0124942	0.109815	-0.547454	-0.0952924
0.235	0.954763	0.0130558	0.112553	-0.551338	-0.0977902
0.24	0.949796	0.013631	0.115309	-0.555264	-0.10031
0.245	0.944831	0.0142201	0.118086	-0.559233	-0.102851
0.25	0.939867	0.014823	0.120882	-0.563247	-0.105415
0.255	0.934905	0.01544	0.123698	-0.567304	-0.108001
0.26	0.929945	0.0160709	0.126535	-0.571408	-0.11061
0.265	0.924987	0.0167161	0.129392	-0.575558	-0.113241
0.27	0.920031	0.0173755	0.132269	-0.579756	-0.115895
0.275	0.915076	0.0180493	0.135168	-0.584003	-0.118572
0.28	0.910124	0.0187376	0.138088	-0.588299	-0.121272
0.285	0.905174	0.0194404	0.14103	-0.592645	-0.123995
0.29	0.900225	0.0201578	0.143993	-0.597044	-0.126743
0.295	0.895279	0.0208901	0.146978	-0.601495	-0.129514
0.3	0.890335	0.0216372	0.149986	-0.606	-0.132308
0.305	0.885394	0.0223993	0.153016	-0.61056	-0.135127
0.31	0.880455	0.0231765	0.156068	-0.615176	-0.137971
0.315	0.875518	0.0239689	0.159144	-0.61985	-0.140839
0.32	0.870584	0.0247765	0.162244	-0.624582	-0.143732
0.325	0.865652	0.0255996	0.165367	-0.629374	-0.14665
0.33	0.860723	0.0264382	0.168513	-0.634228	-0.149593
0.335	0.855796	0.0272924	0.171685	-0.639143	-0.152562
0.34	0.850872	0.0281623	0.17488	-0.644122	-0.155556
0.345	0.845951	0.0290481	0.178101	-0.649167	-0.158576
0.35	0.841033	0.0299499	0.181347	-0.654278	-0.161623
0.355	0.836118	0.0308678	0.184618	-0.659456	-0.164696
0.36	0.831206	0.0318018	0.187915	-0.664704	-0.167796
0.365	0.826298	0.0327522	0.191239	-0.670023	-0.170922
0.37	0.821392	0.033719	0.194589	-0.675414	-0.174076
0.375	0.81649	0.0347024	0.197966	-0.68088	-0.177257
0.38	0.811591	0.0357025	0.20137	-0.68642	-0.180466
0.385	0.806695	0.0367193	0.204803	-0.692038	-0.183703
0.39	0.801803	0.0377531	0.208263	-0.697735	-0.186969
0.395	0.796915	0.038804	0.211751	-0.703513	-0.190263
0.4	0.79203	0.039872	0.215269	-0.709373	-0.193585
0.405	0.787149	0.0409574	0.218816	-0.715317	-0.196937
0.41	0.782273	0.0420602	0.222392	-0.721347	-0.200318
0.415	0.7774	0.0431806	0.225999	-0.727464	-0.20373
0.42	0.772531	0.0443187	0.229636	-0.733672	-0.207171
0.425	0.767666	0.0454747	0.233305	-0.739972	-0.210642
0.43	0.762806	0.0466487	0.237005	-0.746365	-0.214144
0.435	0.75795	0.0478408	0.240737	-0.752854	-0.217677
0.44	0.753099	0.0490511	0.244501	-0.759442	-0.221242
0.445	0.748252	0.0502799	0.248298	-0.76613	-0.224838
0.45	0.743411	0.0515272	0.252129	-0.77292	-0.228466
0.455	0.738573	0.0527933	0.255993	-0.779815	-0.232126
0.46	0.733741	0.0540781	0.259892	-0.786817	-0.23582
0.465	0.728914	0.055382	0.263826	-0.793929	-0.239546
0.47	0.724093	0.0567051	0.267796	-0.801152	-0.243306
0.475	0.719276	0.0580474	0.271802	-0.808491	-0.247099
0.48	0.714465	0.0594092	0.275844	-0.815946	-0.250927
0.485	0.70966	0.0607906	0.279924	-0.823521	-0.254789
0.49	0.70486	0.0621918	0.284042	-0.831219	-0.258686
0.495	0.700066	0.0636129	0.288198	-0.839042	-0.262618
0.5	0.695279	0.0650541	0.292393	-0.846993	-0.266586
0.505	0.690497	0.0665156	0.296628	-0.855075	-0.270591
0.51	0.685722	0.0679975	0.300903	-0.863291	-0.274631
0.515	0.680953	0.0695001	0.30522	-0.871644	-0.278709
0.52	0.67619	0.0710233	0.309578	-0.880137	-0.282824
0.525	0.671435	0.0725676	0.313979	-0.888773	-0.286977
0.53	0.666686	0.0741329	0.318422	-0.897557	-0.291168
0.535	0.661945	0.0757195	0.32291	-0.90649	-0.295398
0.54	0.65721	0.0773277	0.327443	-0.915577	-0.299667
0.545	0.652483	0.0789574	0.332021	-0.92482	-0.303975
0.55	0.647764	0.080609	0.336645	-0.934224	-0.308324
0.555	0.643052	0.0822827	0.341316	-0.943793	-0.312713
0.56	0.638349	0.0839785	0.346035	-0.953529	-0.317143
0.565	0.633653	0.0856968	0.350802	-0.963437	-0.321614
0.57	0.628966	0.0874376	0.35562	-0.973521	-0.326127
0.575	0.624287	0.0892013	0.360487	-0.983785	-0.330683
0.58	0.619618	0.0909879	0.365406	-0.994232	-0.335281
0.585	0.614957	0.0927978	0.370377	-1.00487	-0.339923
0.59	0.610305	0.094631	0.375402	-1.0157	-0.344608
0.595	0.605662	0.0964878	0.38048	-1.02672	-0.349338
0.6	0.60103	0.0983685	0.385614	-1.03795	-0.354113
0.605	0.596407	0.100273	0.390803	-1.04938	-0.358933
0.61	0.591794	0.102202	0.39605	-1.06102	-0.363798
0.615	0.587191	0.104155	0.401355	-1.07288	-0.36871
0.62	0.582599	0.106133	0.40672	-1.08496	-0.373669
0.625	0.578018	0.108136	0.412145	-1.09726	-0.378675
0.63	0.573447	0.110164	0.417631	-1.10979	-0.383729
0.635	0.568888	0.112218	0.42318	-1.12256	-0.388831
0.64	0.564341	0.114296	0.428793	-1.13557	-0.393982
0.645	0.559805	0.116401	0.434471	-1.14882	-0.399182
0.65	0.555282	0.118532	0.440215	-1.16233	-0.404432
0.655	0.550771	0.120689	0.446026	-1.17609	-0.409732
0.66	0.546273	0.122872	0.451907	-1.19012	-0.415083
0.665	0.541788	0.125082	0.457857	-1.20441	-0.420485
0.67	0.537317	0.127319	0.463879	-1.21897	-0.425939
0.675	0.532859	0.129584	0.469974	-1.23382	-0.431445
0.68	0.528415	0.131875	0.476143	-1.24895	-0.437003
0.685	0.523985	0.134195	0.482388	-1.26438	-0.442614
0.69	0.519571	0.136542	0.48871	-1.2801	-0.448279
0.695	0.515171	0.138918	0.49511	-1.29612	-0.453998
0.7	0.510787	0.141322	0.501591	-1.31245	-0.459771
0.705	0.506419	0.143755	0.508153	-1.3291	-0.465598
0.71	0.502067	0.146217	0.514799	-1.34607	-0.47148
0.715	0.497732	0.148708	0.521529	-1.36337	-0.477417
0.72	0.493413	0.151228	0.528346	-1.38101	-0.48341
0.725	0.489113	0.153778	0.535251	-1.39898	-0.489459
0.73	0.48483	0.156359	0.542246	-1.41731	-0.495563
0.735	0.480566	0.158969	0.549333	-1.43598	-0.501724
0.74	0.47632	0.161611	0.556512	-1.45502	-0.507941
0.745	0.472094	0.164282	0.563788	-1.47442	-0.514214
0.75	0.467888	0.166986	0.57116	-1.49419	-0.520544
0.755	0.463701	0.16972	0.578631	-1.51434	-0.52693
0.76	0.459536	0.172486	0.586202	-1.53487	-0.533372
0.765	0.455392	0.175284	0.593877	-1.55579	-0.539871
0.77	0.45127	0.178114	0.601656	-1.57711	-0.546426
0.775	0.447171	0.180976	0.609541	-1.59882	-0.553036
0.78	0.443094	0.183871	0.617535	-1.62094	-0.559702
0.785	0.439041	0.1868	0.62564	-1.64347	-0.566423
0.79	0.435013	0.189761	0.633857	-1.66641	-0.573199
0.795	0.431009	0.192756	0.642189	-1.68977	-0.580029
0.8	0.42703	0.195784	0.650638	-1.71355	-0.586912
0.805	0.423078	0.198846	0.659206	-1.73776	-0.593848
0.81	0.419152	0.201943	0.667895	-1.76239	-0.600836
0.815	0.415254	0.205074	0.676707	-1.78745	-0.607874
0.82	0.411384	0.20824	0.685644	-1.81294	-0.614962
0.825	0.407543	0.211441	0.694709	-1.83886	-0.622097
0.83	0.403731	0.214677	0.703903	-1.86521	-0.62928
0.835	0.39995	0.217948	0.713229	-1.892	-0.636508
0.84	0.3962	0.221255	0.722689	-1.91921	-0.643779
0.845	0.392481	0.224598	0.732285	-1.94685	-0.651092
0.85	0.388796	0.227977	0.742019	-1.97492	-0.658444
0.855	0.385144	0.231392	0.751894	-2.0034	-0.665833
0.86	0.381526	0.234844	0.761911	-2.0323	-0.673257
0.865	0.377944	0.238332	0.772072	-2.0616	-0.680712
0.87	0.374398	0.241857	0.78238	-2.0913	-0.688197
0.875	0.370889	0.245418	0.792837	-2.12138	-0.695707
0.88	0.367417	0.249017	0.803444	-2.15184	-0.703239
0.885	0.363985	0.252653	0.814203	-2.18267	-0.71079
0.89	0.360593	0.256326	0.825116	-2.21383	-0.718355
0.895	0.357241	0.260037	0.836186	-2.24533	-0.72593
0.9	0.353932	0.263785	0.847412	-2.27715	-0.733511
0.905	0.350665	0.26757	0.858798	-2.30925	-0.741093
0.91	0.347442	0.271393	0.870344	-2.34161	-0.74867
0.915	0.344264	0.275253	0.882052	-2.37422	-0.756237
0.92	0.341133	0.27915	0.893923	-2.40704	-0.763788
0.925	0.338048	0.283086	0.905959	-2.44004	-0.771318
0.93	0.335011	0.287058	0.918159	-2.47319	-0.778819
0.935	0.332024	0.291068	0.930525	-2.50646	-0.786284
0.94	0.329088	0.295114	0.943057	-2.53979	-0.793706
0.945	0.326203	0.299198	0.955756	-2.57316	-0.801078
0.95	0.323371	0.303319	0.968622	-2.60651	-0.808392
0.955	0.320592	0.307476	0.981654	-2.63981	-0.815639
0.96	0.317869	0.311669	0.994853	-2.67299	-0.82281
0.965	0.315202	0.315899	1.00822	-2.706	-0.829897
0.97	0.312593	0.320164	1.02175	-2.7388	-0.836889
0.975	0.310042	0.324464	1.03544	-2.77131	-0.843778
0.98	0.307551	0.3288	1.0493	-2.80348	-0.850553
0.985	0.305122	0.333169	1.06332	-2.83523	-0.857204
0.99	0.302754	0.337573	1.07749	-2.86651	-0.863719
0.995	0.30045	0.342011	1.09182	-2.89724	-0.870089
1	0.29821	0.346481	1.10631	-2.92734	-0.876301
1.005	0.296036	0.350983	1.12095	-2.95675	-0.882345
1.01	0.293928	0.355518	1.13573	-2.98538	-0.888209
1.015	0.291889	0.360083	1.15066	-3.01316	-0.893881
1.02	0.289918	0.364678	1.16572	-3.04	-0.89935
1.025	0.288018	0.369303	1.18092	-3.06583	-0.904603
1.03	0.286189	0.373956	1.19625	-3.09056	-0.90963
1.035	0.284432	0.378637	1.21171	-3.1141	-0.914418
1.04	0.282748	0.383345	1.22728	-3.13639	-0.918956
1.045	0.281138	0.388079	1.24296	-3.15733	-0.923233
1.05	0.279603	0.392838	1.25875	-3.17684	-0.927238
1.055	0.278143	0.39762	1.27463	-3.19486	-0.930959
1.06	0.276761	0.402425	1.2906	-3.2113	-0.934388
1.065	0.275455	0.407251	1.30666	-3.22609	-0.937513
1.07	0.274228	0.412098	1.32279	-3.23915	-0.940326
1.075	0.273079	0.416965	1.33899	-3.25044	-0.942818
1.08	0.27201	0.421849	1.35524	-3.25987	-0.944981
1.085	0.27102	0.42675	1.37154	-3.26741	-0.946807
1.09	0.270111	0.431667	1.38788	-3.27299	-0.948291
1.095	0.269282	0.436597	1.40424	-3.27657	-0.949426
1.1	0.268534	0.441541	1.42062	-3.27812	-0.950208
1.105	0.267867	0.446497	1.43701	-3.2776	-0.950633
1.11	0.267281	0.451462	1.4534	-3.27499	-0.950697
1.115	0.266777	0.456437	1.46978	-3.27027	-0.9504
1.12	0.266354	0.461419	1.48613	-3.26343	-0.949741
1.125	0.266012	0.466407	1.50244	-3.25447	-0.948719
1.13	0.265752	0.4714	1.51872	-3.2434	-0.947335
1.135	0.265573	0.476397	1.53493	-3.23023	-0.945592
1.14	0.265474	0.481396	1.55109	-3.21498	-0.943494
1.145	0.265456	0.486396	1.56716	-3.19768	-0.941043
1.15	0.265518	0.491396	1.58315	-3.17836	-0.938246
1.155	0.265659	0.496394	1.59904	-3.15708	-0.935109
1.16	0.265879	0.501389	1.61483	-3.13387	-0.931638
1.165	0.266178	0.50638	1.6305	-3.1088	-0.927842
1.17	0.266553	0.511366	1.64604	-3.08193	-0.923729
1.175	0.267006	0.516345	1.66145	-3.05332	-0.919308
1.18	0.267535	0.521317	1.67672	-3.02304	-0.91459
1.185	0.268138	0.526281	1.69183	-2.99118	-0.909585
1.19	0.268816	0.531234	1.70679	-2.95782	-0.904304
1.195	0.269567	0.536178	1.72158	-2.92302	-0.898759
1.2	0.27039	0.54111	1.73619	-2.8869	-0.892962
1.205	0.271285	0.546029	1.75063	-2.84952	-0.886925
1.21	0.272249	0.550935	1.76487	-2.81098	-0.88066
1.215	0.273282	0.555827	1.77893	-2.77137	-0.874181
1.22	0.274383	0.560704	1.79278	-2.73077	-0.8675
1.225	0.27555	0.565566	1.80644	-2.68929	-0.860629
1.23	0.276783	0.570412	1.81989	-2.64701	-0.853583
1.235	0.27808	0.575241	1.83312	-2.60402	-0.846373
1.24	0.279439	0.580053	1.84614	-2.5604	-0.839012
1.245	0.28086	0.584846	1.85894	-2.51625	-0.831512
1.25	0.282341	0.589622	1.87152	-2.47164	-0.823887
1.255	0.283881	0.594379	1.88388	-2.42665	-0.816147
1.26	0.285479	0.599117	1.89601	-2.38136	-0.808305
1.265	0.287132	0.603835	1.90792	-2.33586	-0.800371
1.27	0.288841	0.608534	1.9196	-2.2902	-0.792357
1.275	0.290604	0.613213	1.93105	-2.24446	-0.784274
1.28	0.292419	0.617872	1.94227	-2.1987	-0.776132
1.285	0.294285	0.622511	1.95327	-2.15298	-0.76794
1.29	0.296201	0.627129	1.96403	-2.10737	-0.759708
1.295	0.298165	0.631727	1.97457	-2.06192	-0.751445
1.3	0.300177	0.636305	1.98488	-2.01667	-0.74316
1.305	0.302235	0.640862	1.99496	-1.97168	-0.734861
1.31	0.304337	0.645398	2.00482	-1.92699	-0.726555
1.315	0.306484	0.649914	2.01446	-1.88264	-0.71825
1.32	0.308672	0.65441	2.02387	-1.83867	-0.709952
1.325	0.310902	0.658885	2.03306	-1.79511	-0.701669
1.33	0.313172	0.66334	2.04204	-1.752	-0.693407
1.335	0.315481	0.667775	2.0508	-1.70936	-0.68517
1.34	0.317828	0.67219	2.05934	-1.66721	-0.676964
1.345	0.320211	0.676585	2.06768	-1.62559	-0.668795
1.35	0.32263	0.680961	2.07581	-1.58451	-0.660667
1.355	0.325084	0.685318	2.08373	-1.54399	-0.652584
1.36	0.327571	0.689655	2.09145	-1.50404	-0.64455
1.365	0.330091	0.693974	2.09897	-1.46468	-0.636568
1.37	0.332642	0.698274	2.10629	-1.42591	-0.628643
1.375	0.335224	0.702556	2.11342	-1.38776	-0.620776
1.38	0.337836	0.706819	2.12036	-1.35022	-0.612972
1.385	0.340476	0.711065	2.12711	-1.3133	-0.605231
1.39	0.343144	0.715294	2.13368	-1.277	-0.597557
1.395	0.345839	0.719505	2.14007	-1.24133	-0.589951
1.4	0.348561	0.7237	2.14627	-1.20629	-0.582416
1.405	0.351307	0.727878	2.1523	-1.17188	-0.574952
1.41	0.354078	0.73204	2.15816	-1.1381	-0.567562
1.415	0.356872	0.736186	2.16385	-1.10494	-0.560246
1.42	0.35969	0.740317	2.16938	-1.07241	-0.553006
1.425	0.362529	0.744433	2.17474	-1.04049	-0.545842
1.43	0.36539	0.748533	2.17994	-1.00919	-0.538756
1.435	0.368272	0.752619	2.18499	-0.978493	-0.531746
1.44	0.371173	0.756692	2.18988	-0.948401	-0.524816
1.445	0.374094	0.76075	2.19462	-0.918906	-0.517963
1.45	0.377033	0.764795	2.19922	-0.889999	-0.51119
1.455	0.37999	0.768826	2.20367	-0.861674	-0.504495
1.46	0.382965	0.772845	2.20798	-0.833922	-0.497879
1.465	0.385956	0.776852	2.21215	-0.806735	-0.491342
1.47	0.388964	0.780846	2.21618	-0.780105	-0.484884
1.475	0.391987	0.784828	2.22008	-0.754024	-0.478504
1.48	0.395025	0.7888	2.22385	-0.728481	-0.472203
1.485	0.398078	0.79276	2.22749	-0.703468	-0.465979
1.49	0.401144	0.796709	2.23101	-0.678976	-0.459834
1.495	0.404224	0.800648	2.2344	-0.654995	-0.453765
1.5	0.407317	0.804577	2.23768	-0.631516	-0.447772
1.505	0.410422	0.808496	2.24084	-0.60853	-0.441856
1.51	0.413539	0.812405	2.24388	-0.586027	-0.436015
1.515	0.416667	0.816306	2.24681	-0.563997	-0.430249
1.52	0.419807	0.820197	2.24963	-0.542431	-0.424557
1.525	0.422956	0.82408	2.25234	-0.52132	-0.418939
1.53	0.426117	0.827955	2.25495	-0.500654	-0.413394
1.535	0.429286	0.831822	2.25745	-0.480424	-0.407921
1.54	0.432465	0.835681	2.25985	-0.460621	-0.402519
1.545	0.435653	0.839533	2.26216	-0.441236	-0.397188
1.55	0.43885	0.843378	2.26436	-0.422259	-0.391927
1.555	0.442054	0.847216	2.26647	-0.403682	-0.386735
1.56	0.445267	0.851047	2.26849	-0.385496	-0.381611
1.565	0.448486	0.854873	2.27042	-0.367693	-0.376555
1.57	0.451713	0.858692	2.27226	-0.350263	-0.371566
1.575	0.454946	0.862506	2.27401	-0.333198	-0.366643
1.58	0.458186	0.866315	2.27568	-0.316491	-0.361785
1.585	0.461432	0.870118	2.27726	-0.300132	-0.356991
1.59	0.464683	0.873916	2.27876	-0.284115	-0.352261
1.595	0.46794	0.87771	2.28018	-0.268431	-0.347594
1.6	0.471202	0.8815	2.28152	-0.253072	-0.342989
1.605	0.474469	0.885285	2.28279	-0.238031	-0.338445
1.61	0.47774	0.889066	2.28398	-0.223301	-0.333962
1.615	0.481015	0.892844	2.28509	-0.208875	-0.329538
1.62	0.484295	0.896618	2.28614	-0.194744	-0.325173
1.625	0.487578	0.90039	2.28711	-0.180903	-0.320866
1.63	0.490864	0.904158	2.28802	-0.167345	-0.316617
1.635	0.494154	0.907923	2.28885	-0.154063	-0.312424
1.64	0.497446	0.911686	2.28962	-0.141051	-0.308287
1.645	0.500741	0.915447	2.29033	-0.128301	-0.304205
1.65	0.504039	0.919205	2.29097	-0.115809	-0.300178
1.655	0.507339	0.922962	2.29155	-0.103567	-0.296204
1.66	0.51064	0.926716	2.29207	-0.0915712	-0.292283
1.665	0.513944	0.93047	2.29253	-0.0798143	-0.288414
1.67	0.517249	0.934222	2.29292	-0.0682911	-0.284597
1.675	0.520555	0.937973	2.29327	-0.0569961	-0.280831
1.68	0.523862	0.941723	2.29355	-0.045924	-0.277114
1.685	0.52717	0.945472	2.29378	-0.0350694	-0.273448
1.69	0.530479	0.94922	2.29396	-0.0244274	-0.26983
1.695	0.533788	0.952969	2.29408	-0.0139929	-0.26626
1.7	0.537098	0.956717	2.29415	-0.00376104	-0.262738
1.705	0.540408	0.960464	2.29417	0.00627289	-0.259263
1.71	0.543717	0.964212	2.29414	0.0161135	-0.255834
1.715	0.547026	0.967961	2.29405	0.0257654	-0.25245
1.72	0.550335	0.971709	2.29393	0.0352329	-0.249112
1.725	0.553643	0.975459	2.29375	0.0445202	-0.245818
1.73	0.55695	0.979209	2.29353	0.0536317	-0.242569
1.735	0.560256	0.98296	2.29326	0.0625713	-0.239362
1.74	0.563561	0.986711	2.29295	0.0713431	-0.236198
1.745	0.566865	0.990465	2.29259	0.0799509	-0.233077
1.75	0.570167	0.994219	2.29219	0.0883984	-0.229997
1.755	0.573467	0.997975	2.29175	0.0966895	-0.226959
1.76	0.576766	1.00173	2.29126	0.104828	-0.223961
1.765	0.580063	1.00549	2.29074	0.112816	-0.221003
1.77	0.583357	1.00925	2.29018	0.120659	-0.218085
1.775	0.58665	1.01302	2.28957	0.128359	-0.215206
1.78	0.58994	1.01678	2.28893	0.135919	-0.212365
1.785	0.593227	1.02055	2.28825	0.143344	-0.209563
1.79	0.596512	1.02432	2.28753	0.150635	-0.206798
1.795	0.599793	1.02809	2.28678	0.157795	-0.204071
1.8	0.603072	1.03187	2.28599	0.164829	-0.201381
1.805	0.606348	1.03564	2.28517	0.171738	-0.198726
1.81	0.60962	1.03942	2.28431	0.178526	-0.196108
1.815	0.61289	1.04321	2.28342	0.185194	-0.193525
1.82	0.616155	1.04699	2.28249	0.191746	-0.190977
1.825	0.619417	1.05078	2.28153	0.198185	-0.188464
1.83	0.622675	1.05457	2.28054	0.204512	-0.185986
1.835	0.62593	1.05837	2.27952	0.210731	-0.183541
1.84	0.62918	1.06217	2.27847	0.216843	-0.181129
1.845	0.632426	1.06597	2.27738	0.222851	-0.17875
1.85	0.635668	1.06978	2.27627	0.228758	-0.176405
1.855	0.638906	1.07359	2.27512	0.234565	-0.174091
1.86	0.642139	1.0774	2.27395	0.240275	-0.17181
1.865	0.645367	1.08122	2.27275	0.245889	-0.16956
1.87	0.648591	1.08504	2.27152	0.25141	-0.167341
1.875	0.65181	1.08887	2.27026	0.25684	-0.165154
1.88	0.655024	1.0927	2.26898	0.262181	-0.162997
1.885	0.658234	1.09653	2.26767	0.267434	-0.16087
1.89	0.661438	1.10037	2.26633	0.272602	-0.158773
1.895	0.664636	1.10422	2.26497	0.277686	-0.156706
1.9	0.66783	1.10806	2.26358	0.282689	-0.154668
1.905	0.671018	1.11191	2.26217	0.287611	-0.152659
1.91	0.6742	1.11577	2.26073	0.292455	-0.150679
1.915	0.677377	1.11963	2.25926	0.297222	-0.148727
1.92	0.680548	1.1235	2.25778	0.301914	-0.146803
1.925	0.683713	1.12737	2.25627	0.306532	-0.144907
1.93	0.686872	1.13124	2.25474	0.311078	-0.143039
1.935	0.690026	1.13512	2.25318	0.315553	-0.141198
1.94	0.693173	1.13901	2.2516	0.319959	-0.139384
1.945	0.696314	1.1429	2.25	0.324298	-0.137597
1.95	0.699448	1.1468	2.24838	0.32857	-0.135836
1.955	0.702576	1.1507	2.24674	0.332777	-0.134102
1.96	0.705698	1.1546	2.24508	0.336921	-0.132393
1.965	0.708813	1.15851	2.24339	0.341002	-0.130711
1.97	0.711921	1.16243	2.24169	0.345022	-0.129053
1.975	0.715023	1.16635	2.23996	0.348982	-0.127421
1.98	0.718118	1.17028	2.23822	0.352884	-0.125814
1.985	0.721206	1.17421	2.23645	0.356727	-0.124232
1.99	0.724287	1.17815	2.23467	0.360515	-0.122674
1.995	0.72736	1.18209	2.23287	0.364247	-0.121141
2	0.730427	1.18604	2.23104	0.367926	-0.119632
2.005	0.733486	1.19	2.2292	0.371551	-0.118147
2.01	0.736538	1.19396	2.22735	0.375124	-0.116685
2.015	0.739583	1.19792	2.22547	0.378646	-0.115247
2.02	0.74262	1.20189	2.22358	0.382119	-0.113833
2.025	0.745649	1.20587	2.22167	0.385542	-0.112441
2.03	0.748671	1.20986	2.21974	0.388917	-0.111072
2.035	0.751685	1.21385	2.21779	0.392245	-0.109726
2.04	0.754691	1.21784	2.21583	0.395527	-0.108403
2.045	0.757689	1.22184	2.21386	0.398763	-0.107102
2.05	0.760679	1.22585	2.21186	0.401955	-0.105823
2.055	0.763662	1.22986	2.20985	0.405104	-0.104566
2.06	0.766636	1.23388	2.20783	0.40821	-0.10333
2.065	0.769601	1.23791	2.20579	0.411273	-0.102117
2.07	0.772559	1.24194	2.20373	0.414296	-0.100924
2.075	0.775508	1.24598	2.20166	0.417278	-0.0997533
2.08	0.778449	1.25002	2.19957	0.420221	-0.0986034
2.085	0.781381	1.25407	2.19747	0.423125	-0.0974744
2.09	0.784305	1.25813	2.19535	0.42599	-0.0963662
2.095	0.78722	1.26219	2.19322	0.428818	-0.0952786
2.1	0.790126	1.26626	2.19108	0.43161	-0.0942114
2.105	0.793024	1.27033	2.18892	0.434365	-0.0931645
2.11	0.795913	1.27441	2.18675	0.437085	-0.0921378
2.115	0.798792	1.2785	2.18457	0.439771	-0.091131
2.12	0.801663	1.28259	2.18237	0.442422	-0.0901441
2.125	0.804525	1.28669	2.18015	0.44504	-0.0891768
2.13	0.807377	1.2908	2.17793	0.447625	-0.0882291
2.135	0.810221	1.29491	2.17569	0.450178	-0.0873007
2.14	0.813055	1.29903	2.17344	0.452699	-0.0863917
2.145	0.81588	1.30316	2.17118	0.455189	-0.0855017
2.15	0.818695	1.30729	2.1689	0.457648	-0.0846307
2.155	0.821501	1.31143	2.16661	0.460078	-0.0837786
2.16	0.824297	1.31557	2.16431	0.462478	-0.0829451
2.165	0.827084	1.31973	2.162	0.464849	-0.0821302
2.17	0.829861	1.32388	2.15968	0.467192	-0.0813338
2.175	0.832629	1.32805	2.15734	0.469507	-0.0805557
2.18	0.835386	1.33222	2.15499	0.471795	-0.0797957
2.185	0.838134	1.3364	2.15263	0.474055	-0.0790539
2.19	0.840872	1.34058	2.15026	0.47629	-0.0783299
2.195	0.8436	1.34477	2.14788	0.478498	-0.0776238
2.2	0.846318	1.34897	2.14549	0.480681	-0.0769353
2.205	0.849026	1.35317	2.14309	0.482838	-0.0762644
2.21	0.851723	1.35738	2.14067	0.484972	-0.075611
2.215	0.854411	1.3616	2.13825	0.487081	-0.0749749
2.22	0.857088	1.36582	2.13581	0.489166	-0.074356
2.225	0.859755	1.37005	2.13337	0.491228	-0.0737543
2.23	0.862411	1.37428	2.13091	0.493267	-0.0731695
2.235	0.865057	1.37853	2.12844	0.495283	-0.0726015
2.24	0.867692	1.38278	2.12597	0.497277	-0.0720504
2.245	0.870317	1.38703	2.12348	0.49925	-0.0715159
2.25	0.872932	1.39129	2.12098	0.501201	-0.0709979
2.255	0.875535	1.39556	2.11848	0.503131	-0.0704964
2.26	0.878128	1.39984	2.11596	0.50504	-0.0700112
2.265	0.88071	1.40412	2.11344	0.506929	-0.0695422
2.27	0.883281	1.40841	2.1109	0.508798	-0.0690893
2.275	0.885841	1.4127	2.10836	0.510648	-0.0686525
2.28	0.88839	1.417	2.1058	0.512478	-0.0682315
2.285	0.890929	1.42131	2.10324	0.514289	-0.0678264
2.29	0.893456	1.42563	2.10067	0.516082	-0.0674369
2.295	0.895972	1.42995	2.09809	0.517856	-0.0670631
2.3	0.898477	1.43427	2.0955	0.519612	-0.0667048
2.305	0.90097	1.43861	2.0929	0.52135	-0.0663619
2.31	0.903452	1.44295	2.0903	0.523071	-0.0660342
2.315	0.905923	1.4473	2.08768	0.524775	-0.0657218
2.32	0.908383	1.45165	2.08506	0.526461	-0.0654245
2.325	0.910831	1.45601	2.08242	0.528132	-0.0651423
2.33	0.913267	1.46037	2.07978	0.529785	-0.0648749
2.335	0.915692	1.46475	2.07714	0.531423	-0.0646224
2.34	0.918105	1.46913	2.07448	0.533045	-0.0643846
2.345	0.920507	1.47351	2.07181	0.534652	-0.0641614
2.35	0.922897	1.4779	2.06914	0.536243	-0.0639528
2.355	0.925275	1.4823	2.06646	0.537819	-0.0637587
2.36	0.927641	1.48671	2.06377	0.539381	-0.0635789
2.365	0.929995	1.49112	2.06107	0.540927	-0.0634134
2.37	0.932338	1.49553	2.05837	0.54246	-0.0632621
2.375	0.934668	1.49996	2.05566	0.543978	-0.0631248
2.38	0.936987	1.50439	2.05294	0.545483	-0.0630016
2.385	0.939293	1.50882	2.05021	0.546974	-0.0628922
2.39	0.941587	1.51327	2.04747	0.548452	-0.0627967
2.395	0.943869	1.51772	2.04473	0.549916	-0.062715
2.4	0.946139	1.52217	2.04198	0.551367	-0.0626469
2.405	0.948396	1.52663	2.03922	0.552806	-0.0625923
2.41	0.950641	1.5311	2.03646	0.554232	-0.0625513
2.415	0.952874	1.53557	2.03369	0.555646	-0.0625236
2.42	0.955094	1.54005	2.03091	0.557047	-0.0625092
2.425	0.957302	1.54454	2.02813	0.558437	-0.062508
2.43	0.959497	1.54903	2.02533	0.559814	-0.06252
2.435	0.96168	1.55353	2.02253	0.561181	-0.062545
2.44	0.96385	1.55804	2.01973	0.562535	-0.062583
2.445	0.966007	1.56255	2.01692	0.563879	-0.0626339
2.45	0.968152	1.56706	2.0141	0.565211	-0.0626975
2.455	0.970284	1.57159	2.01127	0.566533	-0.0627739
2.46	0.972403	1.57611	2.00844	0.567843	-0.0628629
2.465	0.974509	1.58065	2.0056	0.569144	-0.0629644
2.47	0.976602	1.58519	2.00275	0.570433	-0.0630784
2.475	0.978682	1.58974	1.9999	0.571713	-0.0632048
2.48	0.98075	1.59429	1.99704	0.572983	-0.0633435
2.485	0.982804	1.59885	1.99418	0.574242	-0.0634944
2.49	0.984845	1.60341	1.99131	0.575492	-0.0636574
2.495	0.986873	1.60798	1.98843	0.576732	-0.0638325
2.5	0.988888	1.61256	1.98555	0.577963	-0.0640196
2.505	0.990889	1.61714	1.98266	0.579185	-0.0642185
2.51	0.992878	1.62173	1.97976	0.580397	-0.0644292
2.515	0.994853	1.62632	1.97686	0.5816	-0.0646517
2.52	0.996814	1.63092	1.97395	0.582795	-0.0648858
2.525	0.998762	1.63553	1.97104	0.58398	-0.0651315
2.53	1.0007	1.64014	1.96812	0.585157	-0.0653887
2.535	1.00262	1.64475	1.96519	0.586326	-0.0656572
2.54	1.00453	1.64937	1.96226	0.587486	-0.0659371
2.545	1.00642	1.654	1.95932	0.588638	-0.0662282
2.55	1.0083	1.65863	1.95638	0.589782	-0.0665305
2.555	1.01017	1.66327	1.95343	0.590918	-0.0668439
2.56	1.01202	1.66792	1.95047	0.592046	-0.0671683
2.565	1.01386	1.67257	1.94751	0.593167	-0.0675035
2.57	1.01569	1.67722	1.94455	0.594279	-0.0678497
2.575	1.0175	1.68188	1.94158	0.595385	-0.0682066
2.58	1.0193	1.68655	1.9386	0.596482	-0.0685741
2.585	1.02108	1.69122	1.93562	0.597573	-0.0689523
2.59	1.02285	1.69589	1.93263	0.598656	-0.069341
2.595	1.0246	1.70058	1.92964	0.599733	-0.0697401
2.6	1.02635	1.70526	1.92664	0.600802	-0.0701496
2.605	1.02807	1.70995	1.92363	0.601865	-0.0705694
2.61	1.02979	1.71465	1.92062	0.602921	-0.0709994
2.615	1.03149	1.71935	1.91761	0.60397	-0.0714395
2.62	1.03317	1.72406	1.91459	0.605012	-0.0718896
2.625	1.03484	1.72877	1.91156	0.606049	-0.0723498
2.63	1.0365	1.73349	1.90853	0.607078	-0.0728198
2.635	1.03814	1.73821	1.9055	0.608102	-0.0732995
2.64	1.03977	1.74294	1.90246	0.60912	-0.0737891
2.645	1.04139	1.74767	1.89941	0.610131	-0.0742882
2.65	1.04298	1.75241	1.89636	0.611136	-0.074797
2.655	1.04457	1.75715	1.89331	0.612136	-0.0753152
2.66	1.04614	1.7619	1.89025	0.61313	-0.0758428
2.665	1.04769	1.76665	1.88718	0.614118	-0.0763798
2.67	1.04924	1.77141	1.88411	0.6151	-0.0769259
2.675	1.05076	1.77617	1.88103	0.616077	-0.0774813
2.68	1.05227	1.78094	1.87795	0.617049	-0.0780457
2.685	1.05377	1.78571	1.87487	0.618015	-0.0786192
2.69	1.05525	1.79048	1.87178	0.618976	-0.0792016
2.695	1.05672	1.79526	1.86868	0.619931	-0.0797928
2.7	1.05817	1.80005	1.86558	0.620882	-0.0803928
2.705	1.05961	1.80483	1.86248	0.621827	-0.0810014
2.71	1.06103	1.80963	1.85937	0.622768	-0.0816187
2.715	1.06244	1.81443	1.85626	0.623703	-0.0822445
2.72	1.06384	1.81923	1.85314	0.624634	-0.0828787
2.725	1.06521	1.82403	1.85001	0.62556	-0.0835213
2.73	1.06658	1.82884	1.84689	0.626481	-0.0841722
2.735	1.06792	1.83366	1.84375	0.627398	-0.0848312
2.74	1.06926	1.83848	1.84062	0.62831	-0.0854984
2.745	1.07057	1.8433	1.83748	0.629218	-0.0861737
2.75	1.07188	1.84813	1.83433	0.630121	-0.0868568
2.755	1.07316	1.85296	1.83118	0.63102	-0.0875479
2.76	1.07444	1.8578	1.82802	0.631915	-0.0882468
2.765	1.07569	1.86264	1.82486	0.632805	-0.0889533
2.77	1.07693	1.86748	1.8217	0.633691	-0.0896675
2.775	1.07816	1.87233	1.81853	0.634574	-0.0903893
2.78	1.07937	1.87718	1.81536	0.635452	-0.0911185
2.785	1.08057	1.88203	1.81218	0.636326	-0.0918551
2.79	1.08175	1.88689	1.809	0.637196	-0.092599
2.795	1.08291	1.89175	1.80581	0.638063	-0.0933501
2.8	1.08406	1.89662	1.80262	0.638926	-0.0941084
2.805	1.08519	1.90149	1.79943	0.639784	-0.0948737
2.81	1.08631	1.90636	1.79623	0.64064	-0.095646
2.815	1.08741	1.91124	1.79303	0.641491	-0.0964251
2.82	1.0885	1.91612	1.78982	0.64234	-0.0972111
2.825	1.08957	1.92101	1.78661	0.643184	-0.0980039
2.83	1.09062	1.92589	1.78339	0.644025	-0.0988032
2.835	1.09166	1.93078	1.78017	0.644863	-0.0996091
2.84	1.09269	1.93568	1.77695	0.645697	-0.100422
2.845	1.09369	1.94058	1.77372	0.646528	-0.10124
2.85	1.09469	1.94548	1.77049	0.647356	-0.102065
2.855	1.09566	1.95038	1.76725	0.648181	-0.102897
2.86	1.09662	1.95529	1.76401	0.649002	-0.103734
2.865	1.09757	1.9602	1.76076	0.649821	-0.104578
2.87	1.0985	1.96511	1.75752	0.650636	-0.105427
2.875	1.09941	1.97003	1.75426	0.651448	-0.106283
2.88	1.1003	1.97494	1.751	0.652258	-0.107144
2.885	1.10118	1.97987	1.74774	0.653064	-0.108011
2.89	1.10205	1.98479	1.74448	0.653868	-0.108883
2.895	1.1029	1.98972	1.74121	0.654669	-0.109761
2.9	1.10373	1.99465	1.73794	0.655467	-0.110645
2.905	1.10454	1.99958	1.73466	0.656262	-0.111534
2.91	1.10534	2.00452	1.73138	0.657054	-0.112428
2.915	1.10613	2.00946	1.72809	0.657844	-0.113328
2.92	1.10689	2.0144	1.7248	0.658632	-0.114232
2.925	1.10764	2.01934	1.72151	0.659416	-0.115142
2.93	1.10838	2.02429	1.71821	0.660198	-0.116056
2.935	1.1091	2.02923	1.71491	0.660978	-0.116976
2.94	1.1098	2.03418	1.71161	0.661755	-0.1179
2.945	1.11048	2.03914	1.7083	0.66253	-0.118829
2.95	1.11115	2.04409	1.70498	0.663303	-0.119763
2.955	1.1118	2.04905	1.70167	0.664073	-0.120701
2.96	1.11244	2.05401	1.69835	0.664841	-0.121643
2.965	1.11306	2.05897	1.69502	0.665606	-0.12259
2.97	1.11366	2.06393	1.6917	0.66637	-0.123541
2.975	1.11425	2.0689	1.68836	0.667131	-0.124497
2.98	1.11482	2.07387	1.68503	0.66789	-0.125456
2.985	1.11537	2.07884	1.68169	0.668647	-0.12642
2.99	1.11591	2.08381	1.67835	0.669402	-0.127387
2.995	1.11643	2.08878	1.675	0.670154	-0.128358
3	1.11693	2.09376	1.67165	0.670905	-0.129333
3.005	1.11742	2.09873	1.66829	0.671654	-0.130312
3.01	1.11789	2.10371	1.66493	0.672401	-0.131294
3.015	1.11834	2.10869	1.66157	0.673146	-0.13228
3.02	1.11878	2.11367	1.65821	0.673889	-0.133269
3.025	1.1192	2.11865	1.65484	0.67463	-0.134261
3.03	1.1196	2.12364	1.65146	0.675369	-0.135257
3.035	1.11999	2.12862	1.64809	0.676107	-0.136255
3.04	1.12036	2.13361	1.64471	0.676843	-0.137257
3.045	1.12071	2.13859	1.64132	0.677577	-0.138262
3.05	1.12105	2.14358	1.63793	0.678309	-0.139269
3.055	1.12136	2.14857	1.63454	0.67904	-0.14028
3.06	1.12167	2.15356	1.63115	0.679769	-0.141293
3.065	1.12195	2.15856	1.62775	0.680497	-0.142309
3.07	1.12222	2.16355	1.62435	0.681222	-0.143327
3.075	1.12247	2.16854	1.62094	0.681947	-0.144347
3.08	1.1227	2.17354	1.61753	0.68267	-0.14537
3.085	1.12292	2.17853	1.61412	0.683391	-0.146396
3.09	1.12312	2.18353	1.6107	0.684111	-0.147423
3.095	1.1233	2.18853	1.60728	0.684829	-0.148452
3.1	1.12347	2.19352	1.60386	0.685546	-0.149484
3.105	1.12361	2.19852	1.60043	0.686262	-0.150517
3.11	1.12374	2.20352	1.597	0.686976	-0.151552
3.115	1.12386	2.20852	1.59356	0.687689	-0.152589
3.12	1.12395	2.21352	1.59012	0.6884	-0.153628
3.125	1.12403	2.21852	1.58668	0.689111	-0.154668
3.13	1.1241	2.22352	1.58324	0.68982	-0.155709
3.135	1.12414	2.22851	1.57979	0.690527	-0.156752
3.14	1.12417	2.23351	1.57633	0.691234	-0.157796
3.145	1.12418	2.23851	1.57288	0.691939	-0.158841
3.15	1.12417	2.24351	1.56942	0.692643	-0.159888
3.155	1.12415	2.24851	1.56596	0.693346	-0.160935
3.16	1.12411	2.25351	1.56249	0.694048	-0.161983
3.165	1.12405	2.25851	1.55902	0.694749	-0.163032
3.17	1.12397	2.26351	1.55554	0.695449	-0.164082
3.175	1.12388	2.26851	1.55207	0.696147	-0.165133
3.18	1.12377	2.27351	1.54859	0.696845	-0.166184
3.185	1.12364	2.27851	1.5451	0.697542	-0.167235
3.19	1.12349	2.28351	1.54161	0.698237	-0.168287
3.195	1.12333	2.28851	1.53812	0.698932	-0.169339
3.2	1.12315	2.2935	1.53463	0.699625	-0.170391
3.205	1.12295	2.2985	1.53113	0.700318	-0.171444
3.21	1.12273	2.30349	1.52763	0.70101	-0.172496
3.215	1.1225	2.30849	1.52412	0.701701	-0.173549
3.22	1.12225	2.31348	1.52062	0.702391	-0.174601
3.225	1.12198	2.31847	1.5171	0.70308	-0.175653
3.23	1.1217	2.32347	1.51359	0.703769	-0.176704
3.235	1.12139	2.32846	1.51007	0.704456	-0.177755
3.24	1.12107	2.33345	1.50655	0.705143	-0.178806
3.245	1.12073	2.33844	1.50302	0.705829	-0.179856
3.25	1.12038	2.34342	1.49949	0.706514	-0.180905
3.255	1.12	2.34841	1.49596	0.707199	-0.181954
3.26	1.11961	2.35339	1.49242	0.707882	-0.183002
3.265	1.1192	2.35838	1.48888	0.708566	-0.184048
3.27	1.11878	2.36336	1.48534	0.709248	-0.185094
3.275	1.11833	2.36834	1.4818	0.70993	-0.186138
3.28	1.11787	2.37332	1.47825	0.710611	-0.187182
3.285	1.11739	2.37829	1.47469	0.711291	-0.188223
3.29	1.11689	2.38327	1.47114	0.711971	-0.189264
3.295	1.11638	2.38824	1.46758	0.71265	-0.190303
3.3	1.11584	2.39321	1.46401	0.713329	-0.19134
3.305	1.11529	2.39818	1.46045	0.714007	-0.192376
3.31	1.11472	2.40315	1.45688	0.714685	-0.19341
3.315	1.11414	2.40812	1.4533	0.715362	-0.194442
3.32	1.11353	2.41308	1.44973	0.716038	-0.195472
3.325	1.11291	2.41804	1.44615	0.716714	-0.1965
3.33	1.11227	2.423	1.44256	0.71739	-0.197525
3.335	1.11162	2.42796	1.43898	0.718065	-0.198549
3.34	1.11094	2.43291	1.43538	0.71874	-0.19957
3.345	1.11025	2.43786	1.43179	0.719414	-0.200589
3.35	1.10954	2.44281	1.42819	0.720088	-0.201606
3.355	1.10881	2.44776	1.42459	0.720761	-0.202619
3.36	1.10806	2.4527	1.42099	0.721434	-0.203631
3.365	1.1073	2.45764	1.41738	0.722107	-0.204639
3.37	1.10652	2.46258	1.41377	0.722779	-0.205645
3.375	1.10572	2.46752	1.41016	0.723451	-0.206647
3.38	1.1049	2.47245	1.40654	0.724122	-0.207647
3.385	1.10406	2.47738	1.40292	0.724794	-0.208643
3.39	1.10321	2.48231	1.3993	0.725465	-0.209637
3.395	1.10234	2.48723	1.39567	0.726136	-0.210627
3.4	1.10145	2.49215	1.39204	0.726806	-0.211613
3.405	1.10054	2.49707	1.3884	0.727476	-0.212596
3.41	1.09962	2.50198	1.38477	0.728146	-0.213576
3.415	1.09868	2.50689	1.38113	0.728816	-0.214552
3.42	1.09772	2.5118	1.37748	0.729485	-0.215524
3.425	1.09674	2.5167	1.37383	0.730155	-0.216493
3.43	1.09574	2.5216	1.37018	0.730824	-0.217457
3.435	1.09473	2.5265	1.36653	0.731493	-0.218418
3.44	1.0937	2.53139	1.36287	0.732162	-0.219374
3.445	1.09265	2.53628	1.35921	0.73283	-0.220327
3.45	1.09158	2.54116	1.35555	0.733499	-0.221275
3.455	1.09049	2.54604	1.35188	0.734167	-0.222219
3.46	1.08939	2.55092	1.34821	0.734835	-0.223158
3.465	1.08827	2.55579	1.34453	0.735504	-0.224093
3.47	1.08713	2.56066	1.34086	0.736172	-0.225023
3.475	1.08597	2.56553	1.33718	0.73684	-0.225949
3.48	1.08479	2.57039	1.33349	0.737508	-0.22687
3.485	1.0836	2.57524	1.3298	0.738176	-0.227786
3.49	1.08239	2.58009	1.32611	0.738844	-0.228697
3.495	1.08116	2.58494	1.32242	0.739512	-0.229603
3.5	1.07991	2.58978	1.31872	0.740179	-0.230504
3.505	1.07865	2.59462	1.31502	0.740847	-0.2314
3.51	1.07736	2.59945	1.31132	0.741515	-0.232291
3.515	1.07606	2.60428	1.30761	0.742183	-0.233176
3.52	1.07475	2.6091	1.3039	0.742851	-0.234056
3.525	1.07341	2.61392	1.30018	0.743519	-0.234931
3.53	1.07205	2.61873	1.29647	0.744187	-0.235799
3.535	1.07068	2.62354	1.29275	0.744855	-0.236663
3.54	1.06929	2.62834	1.28902	0.745524	-0.23752
3.545	1.06788	2.63314	1.28529	0.746192	-0.238372
3.55	1.06646	2.63793	1.28156	0.746861	-0.239217
3.555	1.06501	2.64272	1.27783	0.747529	-0.240057
3.56	1.06355	2.6475	1.27409	0.748198	-0.240891
3.565	1.06207	2.65228	1.27035	0.748867	-0.241718
3.57	1.06057	2.65705	1.26661	0.749536	-0.242539
3.575	1.05906	2.66181	1.26286	0.750205	-0.243354
3.58	1.05753	2.66657	1.25911	0.750874	-0.244163
3.585	1.05597	2.67133	1.25535	0.751544	-0.244965
3.59	1.0544	2.67607	1.25159	0.752214	-0.24576
3.595	1.05282	2.68081	1.24783	0.752884	-0.246549
3.6	1.05121	2.68555	1.24407	0.753554	-0.247331
3.605	1.04959	2.69028	1.2403	0.754224	-0.248107
3.61	1.04795	2.695	1.23653	0.754895	-0.248875
3.615	1.04629	2.69972	1.23276	0.755566	-0.249637
3.62	1.04462	2.70443	1.22898	0.756237	-0.250391
3.625	1.04292	2.70913	1.2252	0.756909	-0.251139
3.63	1.04121	2.71383	1.22141	0.757581	-0.251879
3.635	1.03948	2.71852	1.21762	0.758253	-0.252612
3.64	1.03773	2.72321	1.21383	0.758925	-0.253338
3.645	1.03597	2.72789	1.21004	0.759598	-0.254057
3.65	1.03419	2.73256	1.20624	0.760271	-0.254767
3.655	1.03239	2.73722	1.20244	0.760945	-0.255471
3.66	1.03057	2.74188	1.19863	0.761618	-0.256167
3.665	1.02873	2.74653	1.19483	0.762293	-0.256855
3.67	1.02688	2.75118	1.19102	0.762967	-0.257535
3.675	1.02501	2.75581	1.1872	0.763642	-0.258207
3.68	1.02312	2.76044	1.18338	0.764317	-0.258872
3.685	1.02121	2.76506	1.17956	0.764993	-0.259528
3.69	1.01929	2.76968	1.17574	0.765669	-0.260177
3.695	1.01735	2.77429	1.17191	0.766346	-0.260817
3.7	1.01539	2.77889	1.16808	0.767023	-0.26145
3.705	1.01341	2.78348	1.16424	0.767701	-0.262074
3.71	1.01141	2.78806	1.1604	0.768379	-0.262689
3.715	1.0094	2.79264	1.15656	0.769057	-0.263296
3.72	1.00737	2.79721	1.15271	0.769736	-0.263895
3.725	1.00532	2.80177	1.14887	0.770415	-0.264485
3.73	1.00326	2.80632	1.14501	0.771095	-0.265067
3.735	1.00118	2.81087	1.14116	0.771776	-0.26564
3.74	0.999076	2.81541	1.1373	0.772457	-0.266204
3.745	0.996958	2.81994	1.13344	0.773138	-0.266759
3.75	0.994823	2.82446	1.12957	0.773821	-0.267306
3.755	0.99267	2.82897	1.1257	0.774503	-0.267843
3.76	0.9905	2.83348	1.12183	0.775186	-0.268372
3.765	0.988312	2.83797	1.11795	0.77587	-0.268891
3.77	0.986107	2.84246	1.11407	0.776555	-0.269402
3.775	0.983885	2.84694	1.11019	0.77724	-0.269903
3.78	0.981645	2.85141	1.10631	0.777925	-0.270395
3.785	0.979387	2.85587	1.10242	0.778612	-0.270877
3.79	0.977113	2.86032	1.09852	0.779299	-0.27135
3.795	0.974821	2.86477	1.09463	0.779986	-0.271814
3.8	0.972512	2.8692	1.09073	0.780674	-0.272268
3.805	0.970185	2.87363	1.08682	0.781363	-0.272713
3.81	0.967842	2.87804	1.08292	0.782053	-0.273148
3.815	0.965481	2.88245	1.07901	0.782743	-0.273573
3.82	0.963102	2.88685	1.07509	0.783434	-0.273989
3.825	0.960707	2.89124	1.07118	0.784126	-0.274394
3.83	0.958294	2.89562	1.06725	0.784818	-0.27479
3.835	0.955864	2.89999	1.06333	0.785512	-0.275176
3.84	0.953417	2.90435	1.0594	0.786206	-0.275552
3.845	0.950953	2.9087	1.05547	0.7869	-0.275918
3.85	0.948472	2.91304	1.05154	0.787596	-0.276274
3.855	0.945974	2.91737	1.0476	0.788292	-0.27662
3.86	0.943459	2.92169	1.04366	0.788989	-0.276955
3.865	0.940926	2.926	1.03971	0.789687	-0.27728
3.87	0.938377	2.9303	1.03576	0.790386	-0.277595
3.875	0.935811	2.9346	1.03181	0.791086	-0.2779
3.88	0.933227	2.93888	1.02786	0.791786	-0.278194
3.885	0.930627	2.94315	1.0239	0.792487	-0.278477
3.89	0.92801	2.94741	1.01994	0.79319	-0.278751
3.895	0.925376	2.95166	1.01597	0.793893	-0.279013
3.9	0.922725	2.9559	1.012	0.794597	-0.279265
3.905	0.920058	2.96013	1.00803	0.795302	-0.279506
3.91	0.917373	2.96434	1.00405	0.796007	-0.279737
3.915	0.914672	2.96855	1.00007	0.796714	-0.279957
3.92	0.911954	2.97275	0.996087	0.797422	-0.280166
3.925	0.909219	2.97693	0.9921	0.798131	-0.280364
3.93	0.906468	2.98111	0.98811	0.79884	-0.280551
3.935	0.9037	2.98527	0.984115	0.799551	-0.280727
3.94	0.900915	2.98943	0.980118	0.800263	-0.280892
3.945	0.898114	2.99357	0.976116	0.800975	-0.281047
3.95	0.895296	2.9977	0.972111	0.801689	-0.28119
3.955	0.892462	3.00182	0.968103	0.802404	-0.281322
3.96	0.889611	3.00592	0.964091	0.80312	-0.281443
3.965	0.886744	3.01002	0.960075	0.803837	-0.281552
3.97	0.88386	3.01411	0.956056	0.804555	-0.281651
3.975	0.88096	3.01818	0.952033	0.805274	-0.281738
3.98	0.878043	3.02224	0.948007	0.805994	-0.281813
3.985	0.875111	3.02629	0.943977	0.806715	-0.281878
3.99	0.872161	3.03033	0.939943	0.807438	-0.281931
3.995	0.869196	3.03435	0.935906	0.808162	-0.281972
4	0.866214	3.03837	0.931865	0.808886	-0.282002
4.005	0.863216	3.04237	0.927821	0.809613	-0.282021
4.01	0.860202	3.04636	0.923773	0.81034	-0.282028
4.015	0.857172	3.05033	0.919721	0.811068	-0.282023
4.02	0.854126	3.0543	0.915666	0.811798	-0.282007
4.025	0.851063	3.05825	0.911607	0.812529	-0.281979
4.03	0.847985	3.06219	0.907544	0.813261	-0.281939
4.035	0.844891	3.06612	0.903478	0.813995	-0.281888
4.04	0.84178	3.07003	0.899408	0.81473	-0.281824
4.045	0.838654	3.07394	0.895334	0.815466	-0.28175
4.05	0.835512	3.07783	0.891257	0.816204	-0.281663
4.055	0.832354	3.0817	0.887176	0.816943	-0.281564
4.06	0.82918	3.08557	0.883091	0.817683	-0.281454
4.065	0.82599	3.08942	0.879003	0.818425	-0.281331
4.07	0.822785	3.09325	0.874911	0.819168	-0.281197
4.075	0.819564	3.09708	0.870815	0.819913	-0.281051
4.08	0.816327	3.10089	0.866715	0.820659	-0.280893
4.085	0.813075	3.10469	0.862612	0.821406	-0.280722
4.09	0.809807	3.10847	0.858505	0.822155	-0.28054
4.095	0.806524	3.11224	0.854394	0.822906	-0.280346
4.1	0.803225	3.116	0.85028	0.823658	-0.280139
4.105	0.799911	3.11974	0.846161	0.824411	-0.279921
4.11	0.796581	3.12347	0.842039	0.825167	-0.27969
4.115	0.793236	3.12719	0.837914	0.825923	-0.279447
4.12	0.789875	3.13089	0.833784	0.826682	-0.279192
4.125	0.7865	3.13458	0.829651	0.827442	-0.278925
4.13	0.783109	3.13825	0.825513	0.828204	-0.278646
4.135	0.779703	3.14191	0.821372	0.828967	-0.278354
4.14	0.776282	3.14556	0.817227	0.829732	-0.278051
4.145	0.772845	3.14919	0.813079	0.830499	-0.277735
4.15	0.769394	3.15281	0.808926	0.831267	-0.277406
4.155	0.765927	3.15641	0.80477	0.832038	-0.277066
4.16	0.762446	3.16	0.80061	0.83281	-0.276713
4.165	0.75895	3.16358	0.796446	0.833584	-0.276348
4.17	0.755439	3.16714	0.792278	0.83436	-0.27597
4.175	0.751913	3.17068	0.788106	0.835138	-0.275581
4.18	0.748372	3.17421	0.78393	0.835917	-0.275178
4.185	0.744817	3.17773	0.779751	0.836699	-0.274764
4.19	0.741246	3.18123	0.775567	0.837482	-0.274337
4.195	0.737662	3.18471	0.77138	0.838268	-0.273898
4.2	0.734062	3.18818	0.767188	0.839055	-0.273446
4.205	0.730449	3.19164	0.762993	0.839845	-0.272982
4.21	0.72682	3.19508	0.758794	0.840636	-0.272506
4.215	0.723177	3.19851	0.754591	0.84143	-0.272017
4.22	0.71952	3.20191	0.750384	0.842226	-0.271516
4.225	0.715849	3.20531	0.746173	0.843024	-0.271003
4.23	0.712163	3.20869	0.741957	0.843824	-0.270477
4.235	0.708463	3.21205	0.737738	0.844626	-0.269939
4.24	0.704749	3.2154	0.733515	0.845431	-0.269388
4.245	0.701021	3.21873	0.729288	0.846238	-0.268825
4.25	0.697279	3.22205	0.725057	0.847047	-0.268249
4.255	0.693522	3.22535	0.720822	0.847859	-0.267662
4.26	0.689752	3.22863	0.716582	0.848673	-0.267061
4.265	0.685968	3.2319	0.712339	0.849489	-0.266449
4.27	0.68217	3.23515	0.708091	0.850308	-0.265823
4.275	0.678358	3.23839	0.70384	0.85113	-0.265186
4.28	0.674532	3.2416	0.699584	0.851954	-0.264536
4.285	0.670693	3.24481	0.695324	0.85278	-0.263874
4.29	0.66684	3.24799	0.691061	0.853609	-0.263199
4.295	0.662974	3.25117	0.686793	0.854441	-0.262513
4.3	0.659094	3.25432	0.68252	0.855276	-0.261813
4.305	0.655201	3.25746	0.678244	0.856113	-0.261102
4.31	0.651294	3.26058	0.673963	0.856953	-0.260378
4.315	0.647374	3.26368	0.669679	0.857796	-0.259641
4.32	0.64344	3.26677	0.66539	0.858641	-0.258893
4.325	0.639494	3.26984	0.661096	0.85949	-0.258132
4.33	0.635534	3.27289	0.656799	0.860342	-0.257359
4.335	0.631561	3.27593	0.652497	0.861196	-0.256574
4.34	0.627575	3.27894	0.648191	0.862054	-0.255776
4.345	0.623576	3.28195	0.643881	0.862915	-0.254966
4.35	0.619565	3.28493	0.639566	0.863779	-0.254144
4.355	0.61554	3.2879	0.635248	0.864646	-0.25331
4.36	0.611503	3.29085	0.630924	0.865517	-0.252463
4.365	0.607452	3.29378	0.626597	0.86639	-0.251604
4.37	0.60339	3.29669	0.622265	0.867268	-0.250734
4.375	0.599314	3.29959	0.617928	0.868148	-0.249851
4.38	0.595226	3.30247	0.613588	0.869032	-0.248956
4.385	0.591126	3.30533	0.609243	0.86992	-0.248049
4.39	0.587013	3.30817	0.604893	0.870811	-0.24713
4.395	0.582888	3.311	0.600539	0.871706	-0.246198
4.4	0.57875	3.31381	0.59618	0.872605	-0.245255
4.405	0.574601	3.3166	0.591817	0.873508	-0.2443
4.41	0.570439	3.31937	0.58745	0.874414	-0.243333
4.415	0.566265	3.32212	0.583078	0.875325	-0.242354
4.42	0.562079	3.32485	0.578701	0.876239	-0.241363
4.425	0.557881	3.32757	0.57432	0.877158	-0.24036
4.43	0.553672	3.33027	0.569934	0.878081	-0.239345
4.435	0.54945	3.33295	0.565544	0.879008	-0.238319
4.44	0.545217	3.33561	0.561149	0.879939	-0.237281
4.445	0.540972	3.33825	0.556749	0.880875	-0.236231
4.45	0.536716	3.34087	0.552345	0.881816	-0.235169
4.455	0.532448	3.34348	0.547936	0.882761	-0.234095
4.46	0.528168	3.34606	0.543522	0.88371	-0.23301
4.465	0.523877	3.34863	0.539103	0.884665	-0.231913
4.47	0.519575	3.35118	0.53468	0.885624	-0.230805
4.475	0.515262	3.35371	0.530252	0.886589	-0.229685
4.48	0.510937	3.35622	0.525819	0.887558	-0.228554
4.485	0.506602	3.35871	0.521381	0.888533	-0.227411
4.49	0.502255	3.36118	0.516938	0.889513	-0.226257
4.495	0.497897	3.36363	0.512491	0.890498	-0.225091
4.5	0.493529	3.36606	0.508038	0.891489	-0.223914
4.505	0.489149	3.36848	0.503581	0.892486	-0.222726
4.51	0.484759	3.37087	0.499118	0.893488	-0.221526
4.515	0.480359	3.37324	0.494651	0.894497	-0.220315
4.52	0.475948	3.3756	0.490178	0.895511	-0.219093
4.525	0.471526	3.37793	0.485701	0.896531	-0.217859
4.53	0.467094	3.38025	0.481218	0.897558	-0.216615
4.535	0.462651	3.38254	0.47673	0.898591	-0.21536
4.54	0.458198	3.38481	0.472238	0.899631	-0.214093
4.545	0.453735	3.38707	0.467739	0.900677	-0.212816
4.55	0.449262	3.3893	0.463236	0.901731	-0.211527
4.555	0.444779	3.39152	0.458727	0.902791	-0.210228
4.56	0.440286	3.39371	0.454213	0.903859	-0.208918
4.565	0.435783	3.39588	0.449694	0.904934	-0.207597
4.57	0.431271	3.39804	0.445169	0.906017	-0.206265
4.575	0.426748	3.40017	0.440639	0.907107	-0.204922
4.58	0.422216	3.40228	0.436104	0.908205	-0.203569
4.585	0.417675	3.40437	0.431563	0.909312	-0.202206
4.59	0.413124	3.40644	0.427016	0.910427	-0.200831
4.595	0.408563	3.40849	0.422464	0.91155	-0.199447
4.6	0.403994	3.41052	0.417906	0.912682	-0.198051
4.605	0.399415	3.41253	0.413343	0.913824	-0.196646
4.61	0.394827	3.41452	0.408774	0.914974	-0.19523
4.615	0.39023	3.41649	0.404199	0.916134	-0.193803
4.62	0.385623	3.41843	0.399618	0.917304	-0.192367
4.625	0.381009	3.42035	0.395032	0.918484	-0.19092
4.63	0.376385	3.42226	0.390439	0.919674	-0.189463
4.635	0.371752	3.42414	0.385841	0.920875	-0.187996
4.64	0.367111	3.426	0.381237	0.922087	-0.186519
4.645	0.362462	3.42784	0.376626	0.92331	-0.185032
4.65	0.357804	3.42966	0.37201	0.924545	-0.183535
4.655	0.353137	3.43145	0.367387	0.925792	-0.182028
4.66	0.348463	3.43323	0.362758	0.927051	-0.180512
4.665	0.34378	3.43498	0.358123	0.928322	-0.178985
4.67	0.339089	3.43671	0.353481	0.929607	-0.177449
4.675	0.33439	3.43842	0.348833	0.930905	-0.175904
4.68	0.329684	3.44011	0.344178	0.932217	-0.174348
4.685	0.324969	3.44177	0.339517	0.933544	-0.172783
4.69	0.320247	3.44341	0.33485	0.934885	-0.171209
4.695	0.315517	3.44504	0.330175	0.936242	-0.169625
4.7	0.310779	3.44663	0.325494	0.937615	-0.168032
4.705	0.306034	3.44821	0.320806	0.939004	-0.16643
4.71	0.301282	3.44977	0.316111	0.94041	-0.164818
4.715	0.296523	3.4513	0.311409	0.941834	-0.163197
4.72	0.291756	3.45281	0.3067	0.943276	-0.161567
4.725	0.286982	3.45429	0.301983	0.944737	-0.159928
4.73	0.282202	3.45576	0.29726	0.946217	-0.15828
4.735	0.277414	3.4572	0.292529	0.947719	-0.156623
4.74	0.27262	3.45862	0.28779	0.949241	-0.154956
4.745	0.267819	3.46002	0.283044	0.950786	-0.153282
4.75	0.263011	3.46139	0.27829	0.952353	-0.151598
4.755	0.258197	3.46274	0.273528	0.953945	-0.149905
4.76	0.253376	3.46407	0.268758	0.955561	-0.148204
4.765	0.248549	3.46537	0.263981	0.957204	-0.146495
4.77	0.243716	3.46665	0.259195	0.958874	-0.144776
4.775	0.238877	3.46791	0.2544	0.960572	-0.14305
4.78	0.234032	3.46915	0.249597	0.9623	-0.141314
4.785	0.229181	3.47036	0.244786	0.96406	-0.139571
4.79	0.224325	3.47155	0.239965	0.965852	-0.137819
4.795	0.219462	3.47271	0.235136	0.967679	-0.136059
4.8	0.214594	3.47385	0.230298	0.969541	-0.13429
4.805	0.209721	3.47497	0.22545	0.971442	-0.132514
4.81	0.204842	3.47607	0.220593	0.973383	-0.130729
4.815	0.199958	3.47714	0.215726	0.975366	-0.128936
4.82	0.195069	3.47818	0.210849	0.977394	-0.127135
4.825	0.190174	3.4792	0.205962	0.97947	-0.125327
4.83	0.185275	3.4802	0.201065	0.981595	-0.12351
4.835	0.180371	3.48118	0.196157	0.983774	-0.121686
4.84	0.175462	3.48213	0.191238	0.98601	-0.119854
4.845	0.170549	3.48305	0.186308	0.988306	-0.118014
4.85	0.165631	3.48396	0.181366	0.990667	-0.116167
4.855	0.160708	3.48483	0.176413	0.993097	-0.114312
4.86	0.155781	3.48569	0.171448	0.995602	-0.11245
4.865	0.150851	3.48652	0.16647	0.998187	-0.110581
4.87	0.145916	3.48732	0.161479	1.00086	-0.108704
4.875	0.140977	3.4881	0.156474	1.00362	-0.10682
4.88	0.136034	3.48885	0.151456	1.00649	-0.10493
4.885	0.131087	3.48958	0.146424	1.00947	-0.103032
4.89	0.126137	3.49029	0.141376	1.01257	-0.101128
4.895	0.121184	3.49097	0.136314	1.01581	-0.0992171
4.9	0.116227	3.49162	0.131235	1.01919	-0.0973001
4.905	0.111266	3.49225	0.126139	1.02274	-0.0953772
4.91	0.106303	3.49285	0.121025	1.02647	-0.0934486
4.915	0.101337	3.49343	0.115893	1.03041	-0.0915148
4.92	0.0963672	3.49398	0.11074	1.03459	-0.0895762
4.925	0.091395	3.49451	0.105568	1.03903	-0.0876335
4.93	0.0864202	3.49501	0.100372	1.04379	-0.0856874
4.935	0.0814428	3.49549	0.0951534	1.04891	-0.0837389
4.94	0.076463	3.49594	0.0899089	1.05445	-0.0817894
4.945	0.0714809	3.49636	0.0846366	1.06051	-0.0798405
4.95	0.0664966	3.49675	0.0793341	1.06719	-0.0778945
4.955	0.0615103	3.49712	0.0739981	1.07465	-0.0759545
4.96	0.0565221	3.49747	0.0686249	1.08307	-0.0740246
4.965	0.0515321	3.49778	0.0632095	1.09277	-0.0721109
4.97	0.0465404	3.49807	0.0577457	1.10415	-0.0702222
4.975	0.0415472	3.49833	0.0522249	1.11789	-0.0683716
4.98	0.0365527	3.49857	0.0466354	1.13504	-0.0665796
4.985	0.0315569	3.49877	0.0409603	1.15741	-0.06488
4.99	0.0265599	3.49895	0.0351732	1.18842	-0.0633322
4.995	0.0215621	3.49909	0.0292311	1.23507	-0.0620503
5	0.0165634	3.49921	0.0230557	1.31408	-0.0612825
5.005	0.0115641	3.49929	0.0164854	1.47452	-0.0616934
5.01	0.0065643	3.49934	0.00911274	1.91938	-0.0659126
5.015	0.0015643	3.49933	-0.000484173	4.345	-0.104806
