descriptor s_test R_test Z_test
0	1.22729	9.99999e-006	0.002	-0.402524	-0.00161627
0.005	1.22229	3.0063e-005	0.00401262	-0.405063	-0.00324887
0.01	1.21729	6.02525e-005	0.00603794	-0.407617	-0.00489787
0.015	1.21229	0.000100632	0.00807602	-0.410186	-0.00656334
0.02	1.20729	0.000151266	0.010127	-0.412771	-0.00824535
0.025	1.20229	0.000212219	0.0121908	-0.415372	-0.00994397
0.03	1.19729	0.000283555	0.0142677	-0.417989	-0.0116593
0.035	1.19229	0.000365339	0.0163576	-0.420622	-0.0133913
0.04	1.18729	0.000457637	0.0184607	-0.423273	-0.0151402
0.045	1.18229	0.000560515	0.0205771	-0.425941	-0.0169059
0.05	1.1773	0.00067404	0.0227068	-0.428626	-0.0186887
0.055	1.1723	0.000798276	0.0248499	-0.431329	-0.0204885
0.06	1.1673	0.000933293	0.0270066	-0.434051	-0.0223054
0.065	1.1623	0.00107916	0.0291768	-0.436791	-0.0241395
0.07	1.1573	0.00123593	0.0313608	-0.43955	-0.0259909
0.075	1.15231	0.0014037	0.0335585	-0.442328	-0.0278597
0.08	1.14731	0.00158251	0.0357702	-0.445127	-0.0297459
0.085	1.14231	0.00177244	0.0379958	-0.447945	-0.0316496
0.09	1.13732	0.00197356	0.0402355	-0.450784	-0.033571
0.095	1.13232	0.00218595	0.0424894	-0.453644	-0.03551
0.1	1.12733	0.00240966	0.0447577	-0.456525	-0.0374669
0.105	1.12233	0.00264478	0.0470403	-0.459428	-0.0394416
0.11	1.11734	0.00289136	0.0493374	-0.462353	-0.0414343
0.115	1.11234	0.00314949	0.0516492	-0.4653	-0.043445
0.12	1.10735	0.00341924	0.0539757	-0.468271	-0.0454739
0.125	1.10236	0.00370068	0.056317	-0.471265	-0.047521
0.13	1.09737	0.00399388	0.0586734	-0.474283	-0.0495865
0.135	1.09238	0.00429891	0.0610448	-0.477325	-0.0516704
0.14	1.08739	0.00461586	0.0634314	-0.480393	-0.0537728
0.145	1.0824	0.00494478	0.0658334	-0.483486	-0.0558938
0.15	1.07741	0.00528577	0.0682508	-0.486604	-0.0580336
0.155	1.07242	0.0056389	0.0706838	-0.489749	-0.0601922
0.16	1.06744	0.00600424	0.0731326	-0.492921	-0.0623698
0.165	1.06245	0.00638186	0.0755972	-0.496121	-0.0645664
0.17	1.05747	0.00677185	0.0780778	-0.499348	-0.0667822
0.175	1.05248	0.00717429	0.0805745	-0.502604	-0.0690172
0.18	1.0475	0.00758925	0.0830875	-0.505889	-0.0712716
0.185	1.04252	0.00801681	0.085617	-0.509203	-0.0735455
0.19	1.03754	0.00845706	0.088163	-0.512548	-0.075839
0.195	1.03256	0.00891006	0.0907257	-0.515924	-0.0781523
0.2	1.02758	0.00937591	0.0933054	-0.519331	-0.0804853
0.205	1.0226	0.00985469	0.095902	-0.52277	-0.0828384
0.21	1.01763	0.0103465	0.0985159	-0.526241	-0.0852115
0.215	1.01265	0.0108513	0.101147	-0.529747	-0.0876049
0.22	1.00768	0.0113694	0.103796	-0.533286	-0.0900185
0.225	1.00271	0.0119007	0.106462	-0.536859	-0.0924527
0.23	0.997737	0.0124453	0.109147	-0.540468	-0.0949075
0.235	0.992768	0.0130034	0.111849	-0.544113	-0.097383
0.24	0.987801	0.013575	0.114569	-0.547795	-0.0998793
0.245	0.982835	0.0141602	0.117308	-0.551515	-0.102397
0.25	0.977871	0.0147591	0.120066	-0.555272	-0.104935
0.255	0.972909	0.0153718	0.122842	-0.559069	-0.107495
0.26	0.967948	0.0159983	0.125638	-0.562905	-0.110076
0.265	0.96299	0.0166388	0.128452	-0.566782	-0.112679
0.27	0.958033	0.0172934	0.131286	-0.5707	-0.115304
0.275	0.953078	0.017962	0.13414	-0.574661	-0.11795
0.28	0.948124	0.018645	0.137013	-0.578665	-0.120619
0.285	0.943173	0.0193422	0.139906	-0.582712	-0.12331
0.29	0.938224	0.0200539	0.14282	-0.586804	-0.126023
0.295	0.933277	0.0207801	0.145754	-0.590943	-0.128758
0.3	0.928332	0.0215209	0.148709	-0.595127	-0.131517
0.305	0.92339	0.0222764	0.151684	-0.59936	-0.134298
0.31	0.91845	0.0230467	0.154681	-0.603641	-0.137102
0.315	0.913512	0.023832	0.157699	-0.607971	-0.13993
0.32	0.908576	0.0246322	0.160739	-0.612352	-0.142781
0.325	0.903643	0.0254475	0.163801	-0.616785	-0.145655
0.33	0.898712	0.0262781	0.166885	-0.62127	-0.148554
0.335	0.893785	0.027124	0.169991	-0.625809	-0.151476
0.34	0.888859	0.0279853	0.17312	-0.630403	-0.154422
0.345	0.883937	0.0288621	0.176272	-0.635052	-0.157393
0.35	0.879017	0.0297545	0.179447	-0.639759	-0.160388
0.355	0.8741	0.0306626	0.182646	-0.644524	-0.163408
0.36	0.869186	0.0315867	0.185869	-0.649349	-0.166453
0.365	0.864275	0.0325266	0.189116	-0.654234	-0.169523
0.37	0.859368	0.0334826	0.192387	-0.659181	-0.172619
0.375	0.854463	0.0344548	0.195683	-0.664192	-0.17574
0.38	0.849562	0.0354433	0.199004	-0.669267	-0.178886
0.385	0.844664	0.0364481	0.20235	-0.674408	-0.182059
0.39	0.839769	0.0374695	0.205722	-0.679616	-0.185258
0.395	0.834878	0.0385075	0.20912	-0.684893	-0.188484
0.4	0.829991	0.0395622	0.212544	-0.69024	-0.191736
0.405	0.825107	0.0406338	0.215996	-0.695659	-0.195015
0.41	0.820227	0.0417224	0.219474	-0.701151	-0.198322
0.415	0.815351	0.0428281	0.22298	-0.706717	-0.201655
0.42	0.810478	0.043951	0.226513	-0.71236	-0.205017
0.425	0.80561	0.0450912	0.230075	-0.71808	-0.208406
0.43	0.800746	0.046249	0.233666	-0.72388	-0.211824
0.435	0.795886	0.0474243	0.237285	-0.729761	-0.21527
0.44	0.79103	0.0486173	0.240934	-0.735725	-0.218745
0.445	0.786179	0.0498282	0.244612	-0.741774	-0.222248
0.45	0.781333	0.0510571	0.248321	-0.747909	-0.225781
0.455	0.776491	0.0523041	0.252061	-0.754133	-0.229344
0.46	0.771653	0.0535694	0.255831	-0.760447	-0.232936
0.465	0.766821	0.054853	0.259634	-0.766853	-0.236559
0.47	0.761994	0.0561552	0.263468	-0.773353	-0.240211
0.475	0.757171	0.057476	0.267335	-0.779949	-0.243895
0.48	0.752354	0.0588156	0.271234	-0.786643	-0.247609
0.485	0.747542	0.0601741	0.275168	-0.793438	-0.251355
0.49	0.742736	0.0615517	0.279135	-0.800335	-0.255132
0.495	0.737935	0.0629486	0.283137	-0.807336	-0.258941
0.5	0.733139	0.0643648	0.287173	-0.814445	-0.262783
0.505	0.72835	0.0658005	0.291245	-0.821663	-0.266657
0.51	0.723566	0.0672559	0.295354	-0.828993	-0.270564
0.515	0.718789	0.0687311	0.299499	-0.836436	-0.274504
0.52	0.714018	0.0702263	0.303681	-0.843997	-0.278477
0.525	0.709253	0.0717416	0.307901	-0.851676	-0.282484
0.53	0.704495	0.0732772	0.312159	-0.859477	-0.286526
0.535	0.699743	0.0748332	0.316457	-0.867402	-0.290602
0.54	0.694998	0.0764098	0.320794	-0.875454	-0.294713
0.545	0.69026	0.0780071	0.325171	-0.883636	-0.298859
0.55	0.685529	0.0796254	0.329589	-0.891951	-0.303041
0.555	0.680805	0.0812647	0.334049	-0.900401	-0.307258
0.56	0.676089	0.0829253	0.338551	-0.908989	-0.311512
0.565	0.671381	0.0846074	0.343096	-0.917719	-0.315803
0.57	0.66668	0.086311	0.347684	-0.926593	-0.320131
0.575	0.661987	0.0880363	0.352317	-0.935615	-0.324496
0.58	0.657302	0.0897836	0.356995	-0.944788	-0.328898
0.585	0.652626	0.0915531	0.361719	-0.954115	-0.333339
0.59	0.647958	0.0933448	0.36649	-0.9636	-0.337819
0.595	0.643299	0.0951589	0.371308	-0.973245	-0.342337
0.6	0.638648	0.0969958	0.376174	-0.983055	-0.346895
0.605	0.634007	0.0988554	0.381089	-0.993033	-0.351492
0.61	0.629375	0.100738	0.386055	-1.00318	-0.356129
0.615	0.624752	0.102644	0.391071	-1.01351	-0.360807
0.62	0.62014	0.104573	0.396138	-1.02401	-0.365526
0.625	0.615537	0.106526	0.401258	-1.0347	-0.370285
0.63	0.610944	0.108503	0.406432	-1.04557	-0.375087
0.635	0.606362	0.110503	0.411659	-1.05664	-0.37993
0.64	0.60179	0.112528	0.416943	-1.06789	-0.384816
0.645	0.597229	0.114578	0.422282	-1.07935	-0.389744
0.65	0.59268	0.116651	0.427679	-1.09101	-0.394715
0.655	0.588141	0.11875	0.433134	-1.10288	-0.39973
0.66	0.583615	0.120874	0.438648	-1.11496	-0.404788
0.665	0.5791	0.123022	0.444223	-1.12726	-0.409891
0.67	0.574598	0.125196	0.449859	-1.13978	-0.415038
0.675	0.570107	0.127396	0.455558	-1.15252	-0.42023
0.68	0.56563	0.129622	0.461321	-1.16549	-0.425468
0.685	0.561166	0.131874	0.467148	-1.1787	-0.430751
0.69	0.556715	0.134152	0.473042	-1.19214	-0.436079
0.695	0.552278	0.136456	0.479003	-1.20583	-0.441454
0.7	0.547854	0.138787	0.485032	-1.21977	-0.446875
0.705	0.543445	0.141145	0.491131	-1.23396	-0.452343
0.71	0.539051	0.143531	0.4973	-1.24841	-0.457858
0.715	0.534672	0.145943	0.503542	-1.26312	-0.463419
0.72	0.530307	0.148384	0.509858	-1.2781	-0.469029
0.725	0.525959	0.150852	0.516248	-1.29335	-0.474686
0.73	0.521627	0.153348	0.522715	-1.30888	-0.480391
0.735	0.517311	0.155872	0.52926	-1.3247	-0.486143
0.74	0.513012	0.158425	0.535883	-1.3408	-0.491944
0.745	0.50873	0.161007	0.542587	-1.35719	-0.497793
0.75	0.504466	0.163618	0.549373	-1.37389	-0.50369
0.755	0.500219	0.166258	0.556242	-1.39088	-0.509635
0.76	0.495992	0.168927	0.563197	-1.40818	-0.515629
0.765	0.491783	0.171627	0.570238	-1.4258	-0.521671
0.77	0.487593	0.174356	0.577367	-1.44373	-0.52776
0.775	0.483424	0.177115	0.584585	-1.46198	-0.533898
0.78	0.479274	0.179905	0.591895	-1.48056	-0.540084
0.785	0.475145	0.182725	0.599298	-1.49947	-0.546317
0.79	0.471038	0.185576	0.606795	-1.51871	-0.552597
0.795	0.466952	0.188458	0.614389	-1.53829	-0.558924
0.8	0.462889	0.191372	0.62208	-1.55821	-0.565297
0.805	0.458849	0.194317	0.629871	-1.57848	-0.571716
0.81	0.454831	0.197294	0.637764	-1.5991	-0.578181
0.815	0.450838	0.200303	0.645759	-1.62007	-0.58469
0.82	0.44687	0.203344	0.65386	-1.64139	-0.591243
0.825	0.442926	0.206418	0.662067	-1.66307	-0.59784
0.83	0.439008	0.209525	0.670382	-1.68511	-0.604478
0.835	0.435116	0.212664	0.678808	-1.7075	-0.611157
0.84	0.431252	0.215836	0.687345	-1.73026	-0.617877
0.845	0.427415	0.219042	0.695996	-1.75338	-0.624635
0.85	0.423606	0.222281	0.704763	-1.77686	-0.63143
0.855	0.419826	0.225554	0.713648	-1.8007	-0.638261
0.86	0.416076	0.228861	0.722651	-1.8249	-0.645126
0.865	0.412356	0.232202	0.731776	-1.84946	-0.652024
0.87	0.408667	0.235577	0.741023	-1.87436	-0.658952
0.875	0.40501	0.238987	0.750395	-1.89962	-0.665908
0.88	0.401385	0.242431	0.759893	-1.92523	-0.672891
0.885	0.397794	0.24591	0.769519	-1.95117	-0.679896
0.89	0.394237	0.249424	0.779275	-1.97745	-0.686923
0.895	0.390715	0.252973	0.789162	-2.00405	-0.693968
0.9	0.387228	0.256557	0.799182	-2.03096	-0.701028
0.905	0.383778	0.260176	0.809337	-2.05819	-0.708101
0.91	0.380366	0.26383	0.819628	-2.0857	-0.715181
0.915	0.376992	0.26752	0.830057	-2.1135	-0.722267
0.92	0.373657	0.271246	0.840624	-2.14156	-0.729353
0.925	0.370362	0.275006	0.851332	-2.16987	-0.736436
0.93	0.367108	0.278803	0.862181	-2.19841	-0.743512
0.935	0.363896	0.282635	0.873173	-2.22717	-0.750575
0.94	0.360727	0.286502	0.884309	-2.25612	-0.757621
0.945	0.357601	0.290405	0.89559	-2.28523	-0.764645
0.95	0.354521	0.294343	0.907016	-2.31449	-0.771641
0.955	0.351486	0.298317	0.918588	-2.34387	-0.778604
0.96	0.348498	0.302326	0.930308	-2.37333	-0.785527
0.965	0.345558	0.30637	0.942174	-2.40284	-0.792405
0.97	0.342667	0.310449	0.954188	-2.43238	-0.799231
0.975	0.339825	0.314563	0.96635	-2.4619	-0.805997
0.98	0.337035	0.318712	0.97866	-2.49137	-0.812697
0.985	0.334296	0.322895	0.991117	-2.52074	-0.819324
0.99	0.33161	0.327113	1.00372	-2.54998	-0.825869
0.995	0.328978	0.331364	1.01647	-2.57904	-0.832325
1	0.326401	0.335649	1.02937	-2.60788	-0.838684
1.005	0.323881	0.339967	1.0424	-2.63643	-0.844937
1.01	0.321417	0.344318	1.05559	-2.66466	-0.851075
1.015	0.319012	0.348701	1.06891	-2.6925	-0.85709
1.02	0.316665	0.353117	1.08237	-2.71991	-0.862972
1.025	0.314379	0.357564	1.09597	-2.74682	-0.868712
1.03	0.312155	0.362041	1.10971	-2.77317	-0.874301
1.035	0.309993	0.36655	1.12357	-2.79891	-0.879729
1.04	0.307894	0.371088	1.13757	-2.82397	-0.884987
1.045	0.305859	0.375655	1.15169	-2.84829	-0.890064
1.05	0.303889	0.380251	1.16593	-2.8718	-0.894951
1.055	0.301986	0.384874	1.18029	-2.89444	-0.899638
1.06	0.30015	0.389525	1.19476	-2.91614	-0.904115
1.065	0.298382	0.394202	1.20934	-2.93684	-0.908374
1.07	0.296682	0.398904	1.22402	-2.95647	-0.912404
1.075	0.295053	0.403631	1.23881	-2.97496	-0.916195
1.08	0.293494	0.408382	1.25368	-2.99226	-0.91974
1.085	0.292006	0.413155	1.26864	-3.0083	-0.923029
1.09	0.29059	0.417951	1.28368	-3.02301	-0.926053
1.095	0.289246	0.422767	1.2988	-3.03635	-0.928805
1.1	0.287976	0.427603	1.31398	-3.04825	-0.931277
1.105	0.28678	0.432458	1.32922	-3.05866	-0.933461
1.11	0.285659	0.43733	1.34452	-3.06752	-0.935351
1.115	0.284612	0.442219	1.35985	-3.0748	-0.936941
1.12	0.28364	0.447124	1.37523	-3.08045	-0.938226
1.125	0.282744	0.452043	1.39063	-3.08443	-0.9392
1.13	0.281924	0.456976	1.40605	-3.0867	-0.939859
1.135	0.28118	0.46192	1.42149	-3.08725	-0.9402
1.14	0.280513	0.466875	1.43692	-3.08604	-0.940221
1.145	0.279922	0.47184	1.45235	-3.08305	-0.939919
1.15	0.279408	0.476814	1.46777	-3.07828	-0.939293
1.155	0.27897	0.481794	1.48316	-3.07172	-0.938343
1.16	0.278609	0.486781	1.49852	-3.06336	-0.93707
1.165	0.278324	0.491773	1.51383	-3.05321	-0.935474
1.17	0.278116	0.496769	1.5291	-3.04128	-0.933559
1.175	0.277984	0.501767	1.54431	-3.0276	-0.931326
1.18	0.277927	0.506767	1.55944	-3.01217	-0.92878
1.185	0.277945	0.511767	1.5745	-2.99503	-0.925926
1.19	0.278039	0.516766	1.58948	-2.97621	-0.922768
1.195	0.278207	0.521763	1.60436	-2.95575	-0.919312
1.2	0.278448	0.526757	1.61914	-2.93369	-0.915566
1.205	0.278763	0.531747	1.63381	-2.91009	-0.911536
1.21	0.27915	0.536732	1.64836	-2.88499	-0.907231
1.215	0.27961	0.541711	1.66278	-2.85844	-0.902658
1.22	0.28014	0.546683	1.67708	-2.83052	-0.897826
1.225	0.280741	0.551647	1.69123	-2.80127	-0.892746
1.23	0.281411	0.556602	1.70523	-2.77078	-0.887426
1.235	0.28215	0.561547	1.71909	-2.73909	-0.881877
1.24	0.282956	0.566481	1.73278	-2.70629	-0.876109
1.245	0.283829	0.571404	1.74632	-2.67245	-0.870133
1.25	0.284768	0.576316	1.75968	-2.63763	-0.863959
1.255	0.285772	0.581214	1.77287	-2.60191	-0.857597
1.26	0.286839	0.586099	1.78588	-2.56536	-0.85106
1.265	0.287968	0.590969	1.7987	-2.52805	-0.844358
1.27	0.289159	0.595825	1.81134	-2.49006	-0.837502
1.275	0.290411	0.600666	1.82379	-2.45146	-0.830503
1.28	0.291722	0.605491	1.83605	-2.41231	-0.823371
1.285	0.293091	0.6103	1.84811	-2.3727	-0.816117
1.29	0.294516	0.615093	1.85998	-2.33267	-0.808752
1.295	0.295998	0.619868	1.87164	-2.29231	-0.801286
1.3	0.297534	0.624626	1.8831	-2.25167	-0.793728
1.305	0.299124	0.629367	1.89436	-2.21082	-0.786089
1.31	0.300766	0.634089	1.90541	-2.16981	-0.778378
1.315	0.302459	0.638794	1.91626	-2.1287	-0.770604
1.32	0.304202	0.64348	1.92691	-2.08754	-0.762776
1.325	0.305994	0.648148	1.93734	-2.04639	-0.754902
1.33	0.307834	0.652798	1.94757	-2.0053	-0.746991
1.335	0.30972	0.657428	1.9576	-1.9643	-0.739051
1.34	0.311652	0.66204	1.96742	-1.92345	-0.731089
1.345	0.313628	0.666633	1.97704	-1.88279	-0.723113
1.35	0.315647	0.671207	1.98645	-1.84235	-0.715128
1.355	0.317708	0.675763	1.99567	-1.80217	-0.707142
1.36	0.31981	0.680299	2.00468	-1.76228	-0.699161
1.365	0.321951	0.684817	2.01349	-1.72271	-0.69119
1.37	0.324132	0.689317	2.0221	-1.6835	-0.683236
1.375	0.326351	0.693798	2.03052	-1.64466	-0.675303
1.38	0.328606	0.69826	2.03874	-1.60621	-0.667396
1.385	0.330897	0.702704	2.04677	-1.56819	-0.659519
1.39	0.333223	0.707131	2.05461	-1.53061	-0.651677
1.395	0.335582	0.711539	2.06227	-1.49349	-0.643875
1.4	0.337975	0.715929	2.06973	-1.45684	-0.636114
1.405	0.340399	0.720302	2.07702	-1.42067	-0.628399
1.41	0.342855	0.724658	2.08412	-1.385	-0.620734
1.415	0.34534	0.728996	2.09105	-1.34984	-0.61312
1.42	0.347855	0.733318	2.0978	-1.31519	-0.605561
1.425	0.350398	0.737623	2.10437	-1.28106	-0.598059
1.43	0.352968	0.741911	2.11078	-1.24746	-0.590615
1.435	0.355566	0.746184	2.11701	-1.21439	-0.583233
1.44	0.358189	0.75044	2.12309	-1.18185	-0.575914
1.445	0.360837	0.754681	2.129	-1.14986	-0.56866
1.45	0.36351	0.758907	2.13475	-1.11839	-0.561471
1.455	0.366206	0.763118	2.14034	-1.08747	-0.55435
1.46	0.368925	0.767314	2.14577	-1.05709	-0.547297
1.465	0.371666	0.771496	2.15106	-1.02723	-0.540314
1.47	0.374429	0.775663	2.1562	-0.997915	-0.533401
1.475	0.377212	0.779817	2.16119	-0.969126	-0.526559
1.48	0.380016	0.783957	2.16603	-0.940863	-0.519789
1.485	0.382839	0.788084	2.17074	-0.913121	-0.51309
1.49	0.385681	0.792198	2.1753	-0.885897	-0.506464
1.495	0.388541	0.796299	2.17973	-0.859184	-0.499911
1.5	0.391418	0.800388	2.18403	-0.832977	-0.493431
1.505	0.394313	0.804465	2.18819	-0.807271	-0.487023
1.51	0.397224	0.80853	2.19223	-0.782059	-0.480689
1.515	0.400151	0.812584	2.19614	-0.757334	-0.474428
1.52	0.403093	0.816626	2.19993	-0.73309	-0.46824
1.525	0.40605	0.820658	2.20359	-0.70932	-0.462124
1.53	0.409021	0.82468	2.20714	-0.686016	-0.456081
1.535	0.412006	0.828691	2.21057	-0.663172	-0.45011
1.54	0.415005	0.832692	2.21388	-0.64078	-0.44421
1.545	0.418016	0.836684	2.21709	-0.618832	-0.438383
1.55	0.421039	0.840666	2.22018	-0.597321	-0.432626
1.555	0.424075	0.844639	2.22317	-0.576239	-0.42694
1.56	0.427121	0.848604	2.22605	-0.555578	-0.421324
1.565	0.430179	0.85256	2.22883	-0.535332	-0.415777
1.57	0.433248	0.856508	2.2315	-0.515491	-0.4103
1.575	0.436326	0.860447	2.23408	-0.496049	-0.404891
1.58	0.439414	0.86438	2.23656	-0.476998	-0.39955
1.585	0.442512	0.868304	2.23895	-0.458329	-0.394276
1.59	0.445619	0.872222	2.24124	-0.440037	-0.389068
1.595	0.448734	0.876133	2.24344	-0.422112	-0.383927
1.6	0.451858	0.880037	2.24555	-0.404549	-0.378851
1.605	0.454989	0.883935	2.24757	-0.387338	-0.37384
1.61	0.458128	0.887827	2.24951	-0.370473	-0.368892
1.615	0.461274	0.891713	2.25136	-0.353948	-0.364008
1.62	0.464427	0.895594	2.25313	-0.337753	-0.359187
1.625	0.467587	0.899469	2.25482	-0.321884	-0.354427
1.63	0.470752	0.903339	2.25643	-0.306332	-0.349729
1.635	0.473924	0.907204	2.25796	-0.291092	-0.345091
1.64	0.477102	0.911065	2.25942	-0.276155	-0.340513
1.645	0.480284	0.914921	2.2608	-0.261517	-0.335994
1.65	0.483472	0.918773	2.2621	-0.247169	-0.331533
1.655	0.486664	0.922621	2.26334	-0.233107	-0.327131
1.66	0.489861	0.926466	2.26451	-0.219323	-0.322785
1.665	0.493063	0.930307	2.2656	-0.205812	-0.318495
1.67	0.496268	0.934144	2.26663	-0.192567	-0.314261
1.675	0.499477	0.937979	2.26759	-0.179583	-0.310082
1.68	0.502689	0.94181	2.26849	-0.166854	-0.305958
1.685	0.505904	0.945639	2.26933	-0.154374	-0.301887
1.69	0.509123	0.949466	2.2701	-0.142137	-0.297869
1.695	0.512344	0.95329	2.27081	-0.130139	-0.293903
1.7	0.515567	0.957112	2.27146	-0.118374	-0.289989
1.705	0.518793	0.960932	2.27205	-0.106836	-0.286125
1.71	0.522021	0.964751	2.27259	-0.0955211	-0.282312
1.715	0.525251	0.968568	2.27306	-0.0844237	-0.278549
1.72	0.528482	0.972383	2.27348	-0.0735391	-0.274835
1.725	0.531715	0.976198	2.27385	-0.0628625	-0.271169
1.73	0.534949	0.980011	2.27417	-0.0523892	-0.267551
1.735	0.538184	0.983823	2.27443	-0.0421147	-0.26398
1.74	0.54142	0.987635	2.27464	-0.0320345	-0.260456
1.745	0.544656	0.991446	2.2748	-0.0221444	-0.256978
1.75	0.547893	0.995257	2.27491	-0.0124399	-0.253545
1.755	0.55113	0.999068	2.27497	-0.00291701	-0.250158
1.76	0.554367	1.00288	2.27499	0.00642835	-0.246814
1.765	0.557604	1.00669	2.27495	0.0156001	-0.243515
1.77	0.560841	1.0105	2.27488	0.0246023	-0.240258
1.775	0.564077	1.01431	2.27475	0.0334385	-0.237044
1.78	0.567312	1.01812	2.27459	0.0421124	-0.233873
1.785	0.570547	1.02194	2.27438	0.0506278	-0.230743
1.79	0.573781	1.02575	2.27412	0.0589881	-0.227654
1.795	0.577014	1.02956	2.27383	0.0671967	-0.224606
1.8	0.580245	1.03338	2.27349	0.075257	-0.221598
1.805	0.583475	1.0372	2.27312	0.0831723	-0.218629
1.81	0.586703	1.04101	2.2727	0.0909457	-0.2157
1.815	0.58993	1.04483	2.27225	0.0985804	-0.212809
1.82	0.593155	1.04866	2.27175	0.106079	-0.209957
1.825	0.596377	1.05248	2.27122	0.113446	-0.207142
1.83	0.599598	1.0563	2.27065	0.120682	-0.204365
1.835	0.602816	1.06013	2.27005	0.127792	-0.201624
1.84	0.606032	1.06396	2.26941	0.134777	-0.19892
1.845	0.609245	1.06779	2.26874	0.141641	-0.196252
1.85	0.612456	1.07162	2.26803	0.148386	-0.19362
1.855	0.615663	1.07546	2.26729	0.155015	-0.191023
1.86	0.618868	1.0793	2.26651	0.16153	-0.18846
1.865	0.62207	1.08314	2.26571	0.167933	-0.185932
1.87	0.625268	1.08698	2.26487	0.174228	-0.183438
1.875	0.628463	1.09083	2.26399	0.180416	-0.180977
1.88	0.631655	1.09467	2.26309	0.1865	-0.17855
1.885	0.634843	1.09853	2.26216	0.192481	-0.176155
1.89	0.638027	1.10238	2.2612	0.198363	-0.173793
1.895	0.641207	1.10624	2.26021	0.204147	-0.171464
1.9	0.644384	1.1101	2.25919	0.209835	-0.169166
1.905	0.647556	1.11397	2.25814	0.215429	-0.166899
1.91	0.650724	1.11783	2.25706	0.220932	-0.164663
1.915	0.653888	1.12171	2.25595	0.226344	-0.162459
1.92	0.657048	1.12558	2.25482	0.231669	-0.160284
1.925	0.660203	1.12946	2.25366	0.236908	-0.15814
1.93	0.663353	1.13334	2.25248	0.242062	-0.156025
1.935	0.666499	1.13723	2.25127	0.247134	-0.15394
1.94	0.66964	1.14112	2.25003	0.252125	-0.151885
1.945	0.672776	1.14501	2.24877	0.257036	-0.149858
1.95	0.675907	1.14891	2.24749	0.261871	-0.147859
1.955	0.679033	1.15281	2.24618	0.266629	-0.145889
1.96	0.682154	1.15672	2.24485	0.271312	-0.143947
1.965	0.68527	1.16063	2.24349	0.275923	-0.142033
1.97	0.68838	1.16455	2.24211	0.280463	-0.140146
1.975	0.691484	1.16846	2.24071	0.284932	-0.138287
1.98	0.694583	1.17239	2.23928	0.289333	-0.136454
1.985	0.697677	1.17632	2.23784	0.293666	-0.134648
1.99	0.700764	1.18025	2.23637	0.297934	-0.132868
1.995	0.703846	1.18419	2.23488	0.302137	-0.131115
2	0.706922	1.18813	2.23337	0.306278	-0.129387
2.005	0.709991	1.19208	2.23184	0.310356	-0.127685
2.01	0.713055	1.19603	2.23028	0.314373	-0.126009
2.015	0.716112	1.19998	2.22871	0.318331	-0.124357
2.02	0.719163	1.20395	2.22712	0.32223	-0.122731
2.025	0.722208	1.20791	2.22551	0.326073	-0.12113
2.03	0.725246	1.21188	2.22388	0.329859	-0.119552
2.035	0.728278	1.21586	2.22223	0.33359	-0.118
2.04	0.731303	1.21984	2.22056	0.337268	-0.116471
2.045	0.734321	1.22383	2.21888	0.340892	-0.114966
2.05	0.737332	1.22782	2.21717	0.344465	-0.113485
2.055	0.740337	1.23181	2.21545	0.347987	-0.112027
2.06	0.743335	1.23582	2.21371	0.351459	-0.110592
2.065	0.746325	1.23982	2.21195	0.354882	-0.109181
2.07	0.749309	1.24383	2.21018	0.358257	-0.107792
2.075	0.752285	1.24785	2.20839	0.361585	-0.106426
2.08	0.755254	1.25188	2.20658	0.364867	-0.105083
2.085	0.758216	1.2559	2.20475	0.368104	-0.103761
2.09	0.76117	1.25994	2.20291	0.371296	-0.102462
2.095	0.764117	1.26398	2.20106	0.374445	-0.101185
2.1	0.767056	1.26802	2.19918	0.377551	-0.0999296
2.105	0.769988	1.27207	2.1973	0.380615	-0.0986956
2.11	0.772911	1.27613	2.19539	0.383638	-0.097483
2.115	0.775828	1.28019	2.19347	0.386621	-0.0962917
2.12	0.778736	1.28426	2.19154	0.389564	-0.0951214
2.125	0.781636	1.28833	2.18959	0.392468	-0.093972
2.13	0.784528	1.29241	2.18763	0.395334	-0.0928433
2.135	0.787413	1.29649	2.18565	0.398163	-0.0917351
2.14	0.790289	1.30058	2.18366	0.400954	-0.0906474
2.145	0.793156	1.30468	2.18166	0.40371	-0.0895799
2.15	0.796016	1.30878	2.17964	0.40643	-0.0885324
2.155	0.798867	1.31289	2.17761	0.409116	-0.087505
2.16	0.80171	1.317	2.17556	0.411767	-0.0864973
2.165	0.804545	1.32112	2.1735	0.414385	-0.0855092
2.17	0.80737	1.32524	2.17143	0.41697	-0.0845407
2.175	0.810188	1.32938	2.16935	0.419522	-0.0835915
2.18	0.812996	1.33351	2.16725	0.422043	-0.0826615
2.185	0.815796	1.33765	2.16514	0.424533	-0.0817506
2.19	0.818587	1.3418	2.16302	0.426992	-0.0808587
2.195	0.821369	1.34596	2.16088	0.42942	-0.0799855
2.2	0.824142	1.35012	2.15873	0.43182	-0.079131
2.205	0.826907	1.35428	2.15658	0.43419	-0.078295
2.21	0.829662	1.35846	2.1544	0.436532	-0.0774774
2.215	0.832408	1.36264	2.15222	0.438846	-0.0766781
2.22	0.835145	1.36682	2.15003	0.441133	-0.075897
2.225	0.837873	1.37101	2.14782	0.443392	-0.0751338
2.23	0.840591	1.37521	2.14561	0.445625	-0.0743886
2.235	0.8433	1.37941	2.14338	0.447832	-0.0736611
2.24	0.846	1.38362	2.14114	0.450013	-0.0729513
2.245	0.84869	1.38783	2.13889	0.45217	-0.072259
2.25	0.85137	1.39205	2.13663	0.454301	-0.0715842
2.255	0.854041	1.39628	2.13436	0.456408	-0.0709266
2.26	0.856703	1.40051	2.13207	0.458491	-0.0702862
2.265	0.859354	1.40475	2.12978	0.460551	-0.0696628
2.27	0.861996	1.409	2.12748	0.462588	-0.0690564
2.275	0.864628	1.41325	2.12517	0.464602	-0.0684669
2.28	0.86725	1.41751	2.12284	0.466594	-0.067894
2.285	0.869862	1.42177	2.12051	0.468564	-0.0673378
2.29	0.872465	1.42604	2.11817	0.470512	-0.0667981
2.295	0.875057	1.43031	2.11581	0.47244	-0.0662748
2.3	0.877639	1.4346	2.11345	0.474346	-0.0657678
2.305	0.880211	1.43888	2.11108	0.476232	-0.065277
2.31	0.882772	1.44318	2.1087	0.478098	-0.0648022
2.315	0.885324	1.44748	2.10631	0.479945	-0.0643435
2.32	0.887865	1.45178	2.10391	0.481772	-0.0639006
2.325	0.890396	1.4561	2.1015	0.483579	-0.0634735
2.33	0.892916	1.46041	2.09908	0.485368	-0.063062
2.335	0.895426	1.46474	2.09666	0.487139	-0.0626661
2.34	0.897925	1.46907	2.09422	0.488891	-0.0622857
2.345	0.900414	1.47341	2.09178	0.490626	-0.0619207
2.35	0.902892	1.47775	2.08932	0.492343	-0.061571
2.355	0.905359	1.4821	2.08686	0.494043	-0.0612364
2.36	0.907815	1.48645	2.08439	0.495726	-0.060917
2.365	0.910261	1.49081	2.08191	0.497392	-0.0606125
2.37	0.912696	1.49518	2.07942	0.499041	-0.0603229
2.375	0.91512	1.49955	2.07693	0.500675	-0.0600481
2.38	0.917533	1.50393	2.07443	0.502293	-0.059788
2.385	0.919935	1.50832	2.07191	0.503895	-0.0595426
2.39	0.922326	1.51271	2.06939	0.505482	-0.0593116
2.395	0.924706	1.51711	2.06687	0.507053	-0.0590952
2.4	0.927075	1.52151	2.06433	0.50861	-0.058893
2.405	0.929432	1.52592	2.06179	0.510152	-0.0587051
2.41	0.931778	1.53033	2.05924	0.51168	-0.0585314
2.415	0.934113	1.53476	2.05668	0.513194	-0.0583717
2.42	0.936437	1.53918	2.05411	0.514693	-0.0582261
2.425	0.938749	1.54362	2.05154	0.516179	-0.0580943
2.43	0.94105	1.54806	2.04896	0.517652	-0.0579763
2.435	0.943339	1.5525	2.04637	0.519111	-0.0578721
2.44	0.945617	1.55695	2.04378	0.520557	-0.0577815
2.445	0.947883	1.56141	2.04117	0.521991	-0.0577045
2.45	0.950138	1.56587	2.03856	0.523412	-0.057641
2.455	0.95238	1.57034	2.03595	0.52482	-0.0575908
2.46	0.954611	1.57481	2.03332	0.526216	-0.0575539
2.465	0.956831	1.5793	2.03069	0.5276	-0.0575303
2.47	0.959038	1.58378	2.02805	0.528973	-0.0575198
2.475	0.961234	1.58827	2.02541	0.530333	-0.0575223
2.48	0.963417	1.59277	2.02276	0.531683	-0.0575378
2.485	0.965589	1.59728	2.0201	0.533021	-0.0575662
2.49	0.967749	1.60179	2.01743	0.534347	-0.0576074
2.495	0.969896	1.6063	2.01476	0.535663	-0.0576613
2.5	0.972032	1.61082	2.01208	0.536968	-0.0577278
2.505	0.974155	1.61535	2.0094	0.538263	-0.0578069
2.51	0.976266	1.61988	2.00671	0.539547	-0.0578985
2.515	0.978365	1.62442	2.00401	0.540821	-0.0580025
2.52	0.980452	1.62896	2.0013	0.542085	-0.0581188
2.525	0.982526	1.63351	1.99859	0.543339	-0.0582473
2.53	0.984588	1.63807	1.99588	0.544583	-0.058388
2.535	0.986638	1.64263	1.99315	0.545818	-0.0585408
2.54	0.988675	1.64719	1.99043	0.547043	-0.0587056
2.545	0.9907	1.65177	1.98769	0.548258	-0.0588823
2.55	0.992712	1.65634	1.98495	0.549465	-0.0590708
2.555	0.994711	1.66093	1.9822	0.550662	-0.0592711
2.56	0.996698	1.66551	1.97945	0.551851	-0.0594831
2.565	0.998672	1.67011	1.97669	0.553031	-0.0597066
2.57	1.00063	1.67471	1.97392	0.554202	-0.0599417
2.575	1.00258	1.67931	1.97115	0.555365	-0.0601883
2.58	1.00452	1.68392	1.96838	0.55652	-0.0604462
2.585	1.00644	1.68854	1.96559	0.557666	-0.0607154
2.59	1.00835	1.69316	1.96281	0.558804	-0.0609959
2.595	1.01025	1.69778	1.96001	0.559934	-0.0612874
2.6	1.01213	1.70241	1.95721	0.561057	-0.06159
2.605	1.014	1.70705	1.95441	0.562171	-0.0619037
2.61	1.01586	1.71169	1.9516	0.563278	-0.0622282
2.615	1.01771	1.71634	1.94878	0.564378	-0.0625635
2.62	1.01954	1.72099	1.94596	0.56547	-0.0629096
2.625	1.02136	1.72565	1.94313	0.566555	-0.0632664
2.63	1.02316	1.73031	1.9403	0.567633	-0.0636337
2.635	1.02496	1.73498	1.93746	0.568704	-0.0640116
2.64	1.02674	1.73965	1.93462	0.569768	-0.0643999
2.645	1.0285	1.74433	1.93177	0.570825	-0.0647986
2.65	1.03026	1.74901	1.92891	0.571875	-0.0652076
2.655	1.03199	1.7537	1.92605	0.572919	-0.0656268
2.66	1.03372	1.75839	1.92319	0.573956	-0.0660562
2.665	1.03543	1.76309	1.92032	0.574987	-0.0664956
2.67	1.03713	1.76779	1.91744	0.576012	-0.0669449
2.675	1.03882	1.7725	1.91456	0.57703	-0.0674042
2.68	1.04049	1.77721	1.91168	0.578042	-0.0678734
2.685	1.04215	1.78193	1.90879	0.579048	-0.0683522
2.69	1.04379	1.78665	1.90589	0.580049	-0.0688408
2.695	1.04542	1.79138	1.90299	0.581043	-0.069339
2.7	1.04704	1.79611	1.90009	0.582032	-0.0698466
2.705	1.04864	1.80085	1.89718	0.583015	-0.0703638
2.71	1.05023	1.80559	1.89426	0.583993	-0.0708903
2.715	1.05181	1.81033	1.89134	0.584965	-0.0714261
2.72	1.05337	1.81508	1.88842	0.585932	-0.0719711
2.725	1.05491	1.81984	1.88549	0.586893	-0.0725253
2.73	1.05645	1.8246	1.88255	0.587849	-0.0730885
2.735	1.05797	1.82936	1.87961	0.5888	-0.0736608
2.74	1.05947	1.83413	1.87667	0.589746	-0.0742419
2.745	1.06097	1.8389	1.87372	0.590687	-0.0748319
2.75	1.06244	1.84368	1.87077	0.591623	-0.0754307
2.755	1.06391	1.84846	1.86781	0.592555	-0.0760381
2.76	1.06535	1.85324	1.86485	0.593481	-0.0766541
2.765	1.06679	1.85803	1.86188	0.594403	-0.0772787
2.77	1.06821	1.86283	1.85891	0.59532	-0.0779117
2.775	1.06962	1.86763	1.85593	0.596233	-0.0785531
2.78	1.07101	1.87243	1.85295	0.597141	-0.0792028
2.785	1.07239	1.87723	1.84996	0.598045	-0.0798608
2.79	1.07375	1.88204	1.84697	0.598945	-0.0805268
2.795	1.0751	1.88686	1.84398	0.59984	-0.081201
2.8	1.07643	1.89168	1.84098	0.600731	-0.0818831
2.805	1.07775	1.8965	1.83798	0.601618	-0.0825731
2.81	1.07906	1.90133	1.83497	0.602501	-0.083271
2.815	1.08035	1.90616	1.83196	0.60338	-0.0839767
2.82	1.08163	1.91099	1.82894	0.604255	-0.08469
2.825	1.08289	1.91583	1.82592	0.605126	-0.0854109
2.83	1.08414	1.92067	1.82289	0.605993	-0.0861393
2.835	1.08537	1.92552	1.81986	0.606857	-0.0868752
2.84	1.08659	1.93037	1.81683	0.607716	-0.0876185
2.845	1.08779	1.93522	1.81379	0.608573	-0.0883691
2.85	1.08898	1.94008	1.81075	0.609425	-0.0891268
2.855	1.09015	1.94494	1.8077	0.610274	-0.0898918
2.86	1.09131	1.9498	1.80465	0.61112	-0.0906637
2.865	1.09245	1.95467	1.80159	0.611962	-0.0914427
2.87	1.09358	1.95954	1.79853	0.612801	-0.0922285
2.875	1.0947	1.96441	1.79547	0.613637	-0.0930212
2.88	1.0958	1.96929	1.7924	0.614469	-0.0938206
2.885	1.09688	1.97417	1.78933	0.615298	-0.0946267
2.89	1.09795	1.97906	1.78625	0.616124	-0.0954393
2.895	1.099	1.98394	1.78317	0.616947	-0.0962585
2.9	1.10004	1.98884	1.78009	0.617767	-0.0970841
2.905	1.10106	1.99373	1.777	0.618584	-0.097916
2.91	1.10207	1.99863	1.7739	0.619398	-0.0987542
2.915	1.10307	2.00353	1.77081	0.620209	-0.0995986
2.92	1.10404	2.00843	1.76771	0.621018	-0.100449
2.925	1.10501	2.01334	1.7646	0.621823	-0.101306
2.93	1.10596	2.01825	1.76149	0.622626	-0.102168
2.935	1.10689	2.02316	1.75838	0.623426	-0.103036
2.94	1.1078	2.02807	1.75526	0.624223	-0.103911
2.945	1.10871	2.03299	1.75214	0.625018	-0.10479
2.95	1.10959	2.03791	1.74902	0.62581	-0.105676
2.955	1.11046	2.04284	1.74589	0.6266	-0.106567
2.96	1.11132	2.04776	1.74275	0.627387	-0.107463
2.965	1.11216	2.05269	1.73962	0.628172	-0.108365
2.97	1.11298	2.05762	1.73648	0.628954	-0.109272
2.975	1.11379	2.06256	1.73333	0.629734	-0.110185
2.98	1.11459	2.06749	1.73018	0.630512	-0.111102
2.985	1.11536	2.07243	1.72703	0.631287	-0.112025
2.99	1.11613	2.07737	1.72387	0.63206	-0.112952
2.995	1.11687	2.08232	1.72071	0.632831	-0.113885
3	1.11761	2.08726	1.71755	0.6336	-0.114822
3.005	1.11832	2.09221	1.71438	0.634367	-0.115764
3.01	1.11902	2.09716	1.71121	0.635131	-0.116711
3.015	1.1197	2.10212	1.70803	0.635894	-0.117662
3.02	1.12037	2.10707	1.70485	0.636654	-0.118618
3.025	1.12103	2.11203	1.70167	0.637413	-0.119578
3.03	1.12166	2.11699	1.69848	0.638169	-0.120543
3.035	1.12228	2.12195	1.69529	0.638924	-0.121511
3.04	1.12289	2.12691	1.6921	0.639677	-0.122484
3.045	1.12348	2.13188	1.6889	0.640428	-0.123461
3.05	1.12405	2.13684	1.6857	0.641177	-0.124442
3.055	1.12461	2.14181	1.68249	0.641925	-0.125427
3.06	1.12515	2.14678	1.67928	0.64267	-0.126416
3.065	1.12567	2.15176	1.67607	0.643414	-0.127408
3.07	1.12618	2.15673	1.67285	0.644157	-0.128404
3.075	1.12668	2.16171	1.66963	0.644897	-0.129404
3.08	1.12715	2.16668	1.66641	0.645636	-0.130407
3.085	1.12762	2.17166	1.66318	0.646374	-0.131414
3.09	1.12806	2.17664	1.65995	0.64711	-0.132424
3.095	1.12849	2.18162	1.65671	0.647844	-0.133437
3.1	1.1289	2.18661	1.65347	0.648577	-0.134453
3.105	1.1293	2.19159	1.65023	0.649309	-0.135473
3.11	1.12968	2.19658	1.64698	0.650039	-0.136495
3.115	1.13004	2.20156	1.64373	0.650767	-0.13752
3.12	1.13039	2.20655	1.64048	0.651495	-0.138548
3.125	1.13072	2.21154	1.63722	0.652221	-0.139579
3.13	1.13104	2.21653	1.63396	0.652945	-0.140613
3.135	1.13134	2.22152	1.63069	0.653669	-0.141649
3.14	1.13162	2.22651	1.62743	0.654391	-0.142688
3.145	1.13189	2.23151	1.62415	0.655111	-0.143729
3.15	1.13214	2.2365	1.62088	0.655831	-0.144772
3.155	1.13237	2.24149	1.6176	0.65655	-0.145818
3.16	1.13259	2.24649	1.61432	0.657267	-0.146865
3.165	1.13279	2.25149	1.61103	0.657983	-0.147915
3.17	1.13298	2.25648	1.60774	0.658698	-0.148967
3.175	1.13314	2.26148	1.60445	0.659412	-0.150021
3.18	1.1333	2.26648	1.60115	0.660125	-0.151076
3.185	1.13343	2.27147	1.59785	0.660837	-0.152133
3.19	1.13355	2.27647	1.59455	0.661548	-0.153192
3.195	1.13365	2.28147	1.59124	0.662258	-0.154253
3.2	1.13374	2.28647	1.58793	0.662967	-0.155315
3.205	1.13381	2.29147	1.58461	0.663675	-0.156378
3.21	1.13386	2.29647	1.58129	0.664382	-0.157442
3.215	1.1339	2.30147	1.57797	0.665088	-0.158508
3.22	1.13392	2.30647	1.57465	0.665793	-0.159575
3.225	1.13392	2.31147	1.57132	0.666498	-0.160643
3.23	1.1339	2.31647	1.56798	0.667202	-0.161712
3.235	1.13387	2.32147	1.56465	0.667905	-0.162782
3.24	1.13383	2.32647	1.56131	0.668607	-0.163852
3.245	1.13376	2.33147	1.55797	0.669308	-0.164924
3.25	1.13368	2.33647	1.55462	0.670009	-0.165996
3.255	1.13358	2.34147	1.55127	0.670709	-0.167068
3.26	1.13347	2.34647	1.54792	0.671408	-0.168141
3.265	1.13334	2.35147	1.54456	0.672106	-0.169214
3.27	1.13319	2.35646	1.5412	0.672804	-0.170288
3.275	1.13302	2.36146	1.53783	0.673501	-0.171361
3.28	1.13284	2.36646	1.53447	0.674198	-0.172435
3.285	1.13264	2.37145	1.5311	0.674894	-0.173509
3.29	1.13243	2.37645	1.52772	0.675589	-0.174583
3.295	1.1322	2.38144	1.52434	0.676284	-0.175656
3.3	1.13195	2.38644	1.52096	0.676979	-0.17673
3.305	1.13168	2.39143	1.51758	0.677673	-0.177803
3.31	1.1314	2.39642	1.51419	0.678366	-0.178875
3.315	1.1311	2.40141	1.5108	0.679059	-0.179947
3.32	1.13078	2.4064	1.5074	0.679751	-0.181019
3.325	1.13045	2.41139	1.504	0.680443	-0.18209
3.33	1.1301	2.41638	1.5006	0.681135	-0.18316
3.335	1.12973	2.42137	1.49719	0.681826	-0.184229
3.34	1.12935	2.42635	1.49379	0.682516	-0.185297
3.345	1.12894	2.43133	1.49037	0.683207	-0.186365
3.35	1.12853	2.43632	1.48696	0.683897	-0.187431
3.355	1.12809	2.4413	1.48354	0.684586	-0.188496
3.36	1.12764	2.44628	1.48011	0.685276	-0.189559
3.365	1.12717	2.45126	1.47669	0.685965	-0.190622
3.37	1.12668	2.45623	1.47326	0.686653	-0.191683
3.375	1.12618	2.46121	1.46983	0.687342	-0.192742
3.38	1.12565	2.46618	1.46639	0.68803	-0.1938
3.385	1.12512	2.47115	1.46295	0.688718	-0.194856
3.39	1.12456	2.47612	1.4595	0.689405	-0.19591
3.395	1.12399	2.48109	1.45606	0.690093	-0.196962
3.4	1.1234	2.48605	1.45261	0.69078	-0.198013
3.405	1.12279	2.49101	1.44915	0.691467	-0.199061
3.41	1.12217	2.49598	1.4457	0.692154	-0.200107
3.415	1.12153	2.50093	1.44224	0.692841	-0.201151
3.42	1.12087	2.50589	1.43877	0.693528	-0.202193
3.425	1.12019	2.51084	1.4353	0.694214	-0.203232
3.43	1.1195	2.5158	1.43183	0.694901	-0.204269
3.435	1.11879	2.52075	1.42836	0.695587	-0.205303
3.44	1.11806	2.52569	1.42488	0.696273	-0.206335
3.445	1.11732	2.53064	1.4214	0.696959	-0.207364
3.45	1.11656	2.53558	1.41791	0.697646	-0.20839
3.455	1.11578	2.54052	1.41443	0.698332	-0.209413
3.46	1.11498	2.54545	1.41093	0.699018	-0.210433
3.465	1.11417	2.55039	1.40744	0.699704	-0.211451
3.47	1.11334	2.55532	1.40394	0.70039	-0.212465
3.475	1.11249	2.56025	1.40044	0.701076	-0.213475
3.48	1.11163	2.56517	1.39693	0.701762	-0.214483
3.485	1.11075	2.57009	1.39342	0.702449	-0.215487
3.49	1.10985	2.57501	1.38991	0.703135	-0.216487
3.495	1.10893	2.57993	1.3864	0.703821	-0.217484
3.5	1.108	2.58484	1.38288	0.704508	-0.218478
3.505	1.10704	2.58975	1.37935	0.705194	-0.219467
3.51	1.10608	2.59465	1.37583	0.705881	-0.220453
3.515	1.10509	2.59955	1.3723	0.706568	-0.221435
3.52	1.10409	2.60445	1.36877	0.707254	-0.222413
3.525	1.10307	2.60935	1.36523	0.707942	-0.223386
3.53	1.10203	2.61424	1.36169	0.708629	-0.224356
3.535	1.10097	2.61912	1.35815	0.709316	-0.225321
3.54	1.0999	2.62401	1.3546	0.710004	-0.226282
3.545	1.09881	2.62889	1.35105	0.710692	-0.227239
3.55	1.0977	2.63376	1.3475	0.71138	-0.228191
3.555	1.09658	2.63864	1.34394	0.712068	-0.229139
3.56	1.09544	2.6435	1.34038	0.712757	-0.230082
3.565	1.09428	2.64837	1.33682	0.713445	-0.23102
3.57	1.0931	2.65323	1.33325	0.714134	-0.231953
3.575	1.09191	2.65808	1.32968	0.714824	-0.232882
3.58	1.0907	2.66293	1.3261	0.715513	-0.233805
3.585	1.08947	2.66778	1.32253	0.716203	-0.234724
3.59	1.08822	2.67262	1.31895	0.716893	-0.235637
3.595	1.08696	2.67746	1.31536	0.717584	-0.236545
3.6	1.08568	2.68229	1.31177	0.718275	-0.237448
3.605	1.08438	2.68712	1.30818	0.718966	-0.238346
3.61	1.08306	2.69195	1.30459	0.719658	-0.239238
3.615	1.08173	2.69677	1.30099	0.72035	-0.240124
3.62	1.08038	2.70158	1.29739	0.721042	-0.241005
3.625	1.07901	2.70639	1.29378	0.721735	-0.24188
3.63	1.07763	2.71119	1.29017	0.722428	-0.242749
3.635	1.07623	2.71599	1.28656	0.723122	-0.243613
3.64	1.07481	2.72079	1.28295	0.723816	-0.24447
3.645	1.07337	2.72558	1.27933	0.72451	-0.245322
3.65	1.07192	2.73036	1.2757	0.725205	-0.246167
3.655	1.07044	2.73514	1.27208	0.7259	-0.247007
3.66	1.06896	2.73991	1.26845	0.726596	-0.24784
3.665	1.06745	2.74468	1.26482	0.727293	-0.248666
3.67	1.06593	2.74944	1.26118	0.727989	-0.249487
3.675	1.06439	2.7542	1.25754	0.728687	-0.250301
3.68	1.06283	2.75895	1.2539	0.729385	-0.251108
3.685	1.06125	2.76369	1.25025	0.730083	-0.251909
3.69	1.05966	2.76843	1.2466	0.730782	-0.252702
3.695	1.05805	2.77317	1.24294	0.731481	-0.25349
3.7	1.05642	2.7779	1.23929	0.732181	-0.25427
3.705	1.05478	2.78262	1.23563	0.732882	-0.255043
3.71	1.05311	2.78733	1.23196	0.733583	-0.25581
3.715	1.05144	2.79204	1.22829	0.734285	-0.256569
3.72	1.04974	2.79675	1.22462	0.734987	-0.257321
3.725	1.04803	2.80144	1.22095	0.735691	-0.258066
3.73	1.04629	2.80613	1.21727	0.736394	-0.258804
3.735	1.04455	2.81082	1.21359	0.737098	-0.259534
3.74	1.04278	2.8155	1.2099	0.737803	-0.260257
3.745	1.041	2.82017	1.20621	0.738509	-0.260972
3.75	1.0392	2.82483	1.20252	0.739215	-0.26168
3.755	1.03738	2.82949	1.19882	0.739922	-0.26238
3.76	1.03555	2.83414	1.19512	0.74063	-0.263072
3.765	1.03369	2.83879	1.19142	0.741338	-0.263757
3.77	1.03183	2.84342	1.18771	0.742047	-0.264433
3.775	1.02994	2.84805	1.184	0.742757	-0.265102
3.78	1.02804	2.85268	1.18029	0.743468	-0.265763
3.785	1.02612	2.85729	1.17657	0.744179	-0.266415
3.79	1.02418	2.8619	1.17285	0.744891	-0.26706
3.795	1.02222	2.86651	1.16913	0.745604	-0.267696
3.8	1.02025	2.8711	1.1654	0.746318	-0.268324
3.805	1.01826	2.87569	1.16167	0.747032	-0.268943
3.81	1.01626	2.88027	1.15793	0.747747	-0.269554
3.815	1.01423	2.88484	1.15419	0.748463	-0.270157
3.82	1.01219	2.8894	1.15045	0.74918	-0.270751
3.825	1.01013	2.89396	1.14671	0.749898	-0.271336
3.83	1.00806	2.89851	1.14296	0.750617	-0.271913
3.835	1.00597	2.90305	1.1392	0.751336	-0.272481
3.84	1.00386	2.90759	1.13545	0.752056	-0.27304
3.845	1.00173	2.91211	1.13169	0.752777	-0.273591
3.85	0.999592	2.91663	1.12792	0.753499	-0.274132
3.855	0.997432	2.92114	1.12415	0.754222	-0.274664
3.86	0.995255	2.92564	1.12038	0.754946	-0.275187
3.865	0.993061	2.93013	1.11661	0.755671	-0.275701
3.87	0.990851	2.93462	1.11283	0.756397	-0.276206
3.875	0.988623	2.93909	1.10905	0.757124	-0.276702
3.88	0.986379	2.94356	1.10526	0.757851	-0.277188
3.885	0.984117	2.94802	1.10147	0.75858	-0.277665
3.89	0.981839	2.95247	1.09768	0.759309	-0.278132
3.895	0.979544	2.95691	1.09388	0.76004	-0.27859
3.9	0.977232	2.96135	1.09008	0.760772	-0.279039
3.905	0.974903	2.96577	1.08628	0.761504	-0.279477
3.91	0.972557	2.97019	1.08247	0.762238	-0.279906
3.915	0.970195	2.97459	1.07866	0.762973	-0.280325
3.92	0.967815	2.97899	1.07485	0.763708	-0.280735
3.925	0.965419	2.98338	1.07103	0.764445	-0.281135
3.93	0.963006	2.98776	1.06721	0.765183	-0.281524
3.935	0.960577	2.99213	1.06338	0.765922	-0.281904
3.94	0.95813	2.99649	1.05955	0.766662	-0.282274
3.945	0.955667	3.00084	1.05572	0.767404	-0.282633
3.95	0.953188	3.00518	1.05188	0.768146	-0.282982
3.955	0.950691	3.00952	1.04804	0.76889	-0.283322
3.96	0.948178	3.01384	1.04419	0.769634	-0.283651
3.965	0.945649	3.01815	1.04035	0.77038	-0.283969
3.97	0.943103	3.02245	1.03649	0.771127	-0.284278
3.975	0.94054	3.02675	1.03264	0.771875	-0.284576
3.98	0.93796	3.03103	1.02878	0.772625	-0.284863
3.985	0.935365	3.0353	1.02492	0.773375	-0.28514
3.99	0.932752	3.03957	1.02105	0.774127	-0.285406
3.995	0.930123	3.04382	1.01718	0.77488	-0.285662
4	0.927478	3.04806	1.0133	0.775635	-0.285907
4.005	0.924816	3.0523	1.00943	0.77639	-0.286141
4.01	0.922138	3.05652	1.00554	0.777147	-0.286365
4.015	0.919444	3.06073	1.00166	0.777906	-0.286578
4.02	0.916733	3.06493	0.997769	0.778665	-0.28678
4.025	0.914006	3.06912	0.993876	0.779426	-0.286971
4.03	0.911262	3.0733	0.989979	0.780188	-0.287151
4.035	0.908502	3.07747	0.986078	0.780952	-0.28732
4.04	0.905726	3.08163	0.982173	0.781717	-0.287478
4.045	0.902934	3.08578	0.978264	0.782483	-0.287625
4.05	0.900125	3.08992	0.974352	0.783251	-0.287761
4.055	0.897301	3.09404	0.970436	0.78402	-0.287886
4.06	0.89446	3.09816	0.966516	0.784791	-0.287999
4.065	0.891603	3.10226	0.962592	0.785563	-0.288101
4.07	0.88873	3.10635	0.958664	0.786336	-0.288192
4.075	0.885841	3.11043	0.954732	0.787112	-0.288272
4.08	0.882935	3.1145	0.950797	0.787888	-0.28834
4.085	0.880014	3.11856	0.946857	0.788666	-0.288397
4.09	0.877077	3.12261	0.942914	0.789446	-0.288442
4.095	0.874124	3.12664	0.938967	0.790227	-0.288476
4.1	0.871155	3.13066	0.935016	0.791009	-0.288499
4.105	0.86817	3.13467	0.93106	0.791794	-0.28851
4.11	0.865169	3.13867	0.927101	0.79258	-0.288509
4.115	0.862153	3.14266	0.923139	0.793367	-0.288496
4.12	0.85912	3.14664	0.919172	0.794156	-0.288472
4.125	0.856072	3.1506	0.915201	0.794947	-0.288436
4.13	0.853008	3.15455	0.911226	0.795739	-0.288389
4.135	0.849929	3.15849	0.907248	0.796534	-0.288329
4.14	0.846833	3.16242	0.903265	0.797329	-0.288258
4.145	0.843722	3.16633	0.899278	0.798127	-0.288175
4.15	0.840596	3.17023	0.895288	0.798926	-0.288081
4.155	0.837454	3.17412	0.891293	0.799727	-0.287974
4.16	0.834296	3.178	0.887294	0.80053	-0.287855
4.165	0.831123	3.18186	0.883292	0.801335	-0.287725
4.17	0.827935	3.18572	0.879285	0.802141	-0.287582
4.175	0.824731	3.18955	0.875274	0.80295	-0.287427
4.18	0.821512	3.19338	0.87126	0.80376	-0.287261
4.185	0.818277	3.19719	0.867241	0.804572	-0.287082
4.19	0.815027	3.20099	0.863218	0.805386	-0.286891
4.195	0.811762	3.20478	0.859191	0.806202	-0.286688
4.2	0.808481	3.20855	0.85516	0.80702	-0.286473
4.205	0.805186	3.21231	0.851125	0.807839	-0.286246
4.21	0.801875	3.21606	0.847086	0.808661	-0.286007
4.215	0.798549	3.21979	0.843042	0.809485	-0.285755
4.22	0.795208	3.22351	0.838995	0.810311	-0.285491
4.225	0.791852	3.22722	0.834943	0.811139	-0.285215
4.23	0.78848	3.23091	0.830888	0.811969	-0.284927
4.235	0.785094	3.23459	0.826828	0.812801	-0.284626
4.24	0.781693	3.23826	0.822764	0.813636	-0.284313
4.245	0.778278	3.24191	0.818696	0.814472	-0.283988
4.25	0.774847	3.24554	0.814623	0.815311	-0.28365
4.255	0.771401	3.24917	0.810547	0.816152	-0.283301
4.26	0.767941	3.25278	0.806466	0.816995	-0.282938
4.265	0.764466	3.25637	0.802381	0.81784	-0.282564
4.27	0.760976	3.25995	0.798292	0.818688	-0.282176
4.275	0.757472	3.26352	0.794198	0.819538	-0.281777
4.28	0.753953	3.26707	0.790101	0.820391	-0.281365
4.285	0.75042	3.27061	0.785999	0.821246	-0.280941
4.29	0.746872	3.27413	0.781892	0.822103	-0.280504
4.295	0.74331	3.27764	0.777782	0.822963	-0.280054
4.3	0.739733	3.28113	0.773667	0.823825	-0.279593
4.305	0.736142	3.28461	0.769548	0.82469	-0.279118
4.31	0.732536	3.28808	0.765425	0.825557	-0.278632
4.315	0.728917	3.29153	0.761297	0.826427	-0.278132
4.32	0.725283	3.29496	0.757165	0.827299	-0.277621
4.325	0.721634	3.29838	0.753028	0.828174	-0.277096
4.33	0.717972	3.30178	0.748887	0.829052	-0.27656
4.335	0.714296	3.30517	0.744742	0.829933	-0.27601
4.34	0.710606	3.30855	0.740592	0.830816	-0.275449
4.345	0.706901	3.31191	0.736438	0.831702	-0.274874
4.35	0.703183	3.31525	0.73228	0.832591	-0.274287
4.355	0.699451	3.31858	0.728117	0.833483	-0.273688
4.36	0.695705	3.32189	0.723949	0.834377	-0.273076
4.365	0.691945	3.32518	0.719778	0.835275	-0.272452
4.37	0.688172	3.32846	0.715601	0.836176	-0.271815
4.375	0.684384	3.33173	0.71142	0.837079	-0.271165
4.38	0.680584	3.33498	0.707235	0.837986	-0.270503
4.385	0.676769	3.33821	0.703045	0.838896	-0.269829
4.39	0.672941	3.34143	0.69885	0.839809	-0.269142
4.395	0.6691	3.34463	0.694651	0.840725	-0.268442
4.4	0.665245	3.34781	0.690448	0.841644	-0.26773
4.405	0.661377	3.35098	0.68624	0.842567	-0.267006
4.41	0.657495	3.35413	0.682027	0.843493	-0.266268
4.415	0.653601	3.35727	0.677809	0.844423	-0.265519
4.42	0.649693	3.36039	0.673587	0.845356	-0.264757
4.425	0.645772	3.36349	0.66936	0.846292	-0.263982
4.43	0.641838	3.36657	0.665129	0.847232	-0.263195
4.435	0.63789	3.36964	0.660893	0.848176	-0.262396
4.44	0.63393	3.3727	0.656652	0.849123	-0.261584
4.445	0.629957	3.37573	0.652406	0.850074	-0.26076
4.45	0.625971	3.37875	0.648156	0.851029	-0.259923
4.455	0.621972	3.38175	0.643901	0.851987	-0.259074
4.46	0.617961	3.38474	0.639641	0.85295	-0.258212
4.465	0.613936	3.3877	0.635376	0.853916	-0.257339
4.47	0.6099	3.39065	0.631106	0.854887	-0.256452
4.475	0.60585	3.39359	0.626832	0.855861	-0.255554
4.48	0.601788	3.3965	0.622553	0.85684	-0.254643
4.485	0.597714	3.3994	0.618269	0.857823	-0.25372
4.49	0.593627	3.40228	0.613979	0.85881	-0.252784
4.495	0.589528	3.40514	0.609685	0.859802	-0.251836
4.5	0.585416	3.40799	0.605386	0.860798	-0.250876
4.505	0.581293	3.41082	0.601082	0.861798	-0.249904
4.51	0.577157	3.41363	0.596773	0.862803	-0.24892
4.515	0.573009	3.41642	0.592459	0.863813	-0.247923
4.52	0.568849	3.41919	0.58814	0.864827	-0.246914
4.525	0.564677	3.42195	0.583816	0.865847	-0.245893
4.53	0.560494	3.42469	0.579487	0.866871	-0.24486
4.535	0.556298	3.42741	0.575153	0.8679	-0.243815
4.54	0.552091	3.43011	0.570813	0.868935	-0.242758
4.545	0.547872	3.43279	0.566468	0.869974	-0.241688
4.55	0.543641	3.43546	0.562119	0.871019	-0.240607
4.555	0.539399	3.4381	0.557763	0.872069	-0.239514
4.56	0.535145	3.44073	0.553403	0.873125	-0.238409
4.565	0.53088	3.44334	0.549037	0.874186	-0.237292
4.57	0.526604	3.44593	0.544667	0.875253	-0.236162
4.575	0.522316	3.4485	0.54029	0.876326	-0.235022
4.58	0.518017	3.45106	0.535909	0.877404	-0.233869
4.585	0.513707	3.45359	0.531522	0.878489	-0.232704
4.59	0.509385	3.4561	0.527129	0.87958	-0.231528
4.595	0.505053	3.4586	0.522731	0.880677	-0.23034
4.6	0.50071	3.46108	0.518328	0.88178	-0.22914
4.605	0.496356	3.46354	0.513919	0.88289	-0.227928
4.61	0.491991	3.46597	0.509505	0.884007	-0.226705
4.615	0.487615	3.46839	0.505085	0.88513	-0.225471
4.62	0.483229	3.47079	0.500659	0.88626	-0.224224
4.625	0.478832	3.47317	0.496228	0.887398	-0.222967
4.63	0.474424	3.47554	0.491791	0.888543	-0.221697
4.635	0.470006	3.47788	0.487348	0.889695	-0.220416
4.64	0.465578	3.4802	0.482899	0.890854	-0.219124
4.645	0.46114	3.4825	0.478445	0.892021	-0.217821
4.65	0.456691	3.48478	0.473985	0.893197	-0.216506
4.655	0.452232	3.48705	0.469519	0.89438	-0.215179
4.66	0.447763	3.48929	0.465047	0.895571	-0.213842
4.665	0.443284	3.49151	0.460569	0.896771	-0.212493
4.67	0.438795	3.49371	0.456085	0.89798	-0.211133
4.675	0.434296	3.49589	0.451596	0.899197	-0.209762
4.68	0.429788	3.49806	0.4471	0.900423	-0.20838
4.685	0.42527	3.5002	0.442597	0.901659	-0.206987
4.69	0.420742	3.50232	0.438089	0.902904	-0.205582
4.695	0.416204	3.50442	0.433575	0.904159	-0.204167
4.7	0.411658	3.5065	0.429054	0.905424	-0.202741
4.705	0.407101	3.50856	0.424527	0.906699	-0.201304
4.71	0.402536	3.5106	0.419993	0.907984	-0.199856
4.715	0.397961	3.51262	0.415453	0.909281	-0.198397
4.72	0.393377	3.51461	0.410907	0.910588	-0.196928
4.725	0.388785	3.51659	0.406354	0.911906	-0.195448
4.73	0.384183	3.51854	0.401794	0.913236	-0.193957
4.735	0.379572	3.52048	0.397228	0.914578	-0.192455
4.74	0.374953	3.52239	0.392655	0.915933	-0.190943
4.745	0.370324	3.52428	0.388076	0.9173	-0.189421
4.75	0.365688	3.52615	0.383489	0.918679	-0.187888
4.755	0.361042	3.528	0.378896	0.920073	-0.186344
4.76	0.356388	3.52983	0.374295	0.921479	-0.18479
4.765	0.351726	3.53164	0.369688	0.9229	-0.183226
4.77	0.347056	3.53342	0.365074	0.924336	-0.181651
4.775	0.342377	3.53519	0.360452	0.925786	-0.180067
4.78	0.33769	3.53693	0.355823	0.927252	-0.178472
4.785	0.332995	3.53865	0.351187	0.928734	-0.176867
4.79	0.328293	3.54035	0.346543	0.930232	-0.175251
4.795	0.323582	3.54202	0.341892	0.931747	-0.173626
4.8	0.318864	3.54368	0.337233	0.933279	-0.171991
4.805	0.314138	3.54531	0.332567	0.93483	-0.170345
4.81	0.309404	3.54692	0.327893	0.936399	-0.16869
4.815	0.304663	3.54851	0.323211	0.937987	-0.167025
4.82	0.299914	3.55007	0.318521	0.939595	-0.16535
4.825	0.295159	3.55162	0.313823	0.941224	-0.163665
4.83	0.290396	3.55314	0.309117	0.942875	-0.16197
4.835	0.285626	3.55464	0.304402	0.944547	-0.160266
4.84	0.280848	3.55611	0.299679	0.946243	-0.158552
4.845	0.276064	3.55757	0.294948	0.947962	-0.156829
4.85	0.271273	3.559	0.290208	0.949706	-0.155096
4.855	0.266476	3.56041	0.28546	0.951476	-0.153353
4.86	0.261671	3.56179	0.280702	0.953273	-0.151601
4.865	0.256861	3.56315	0.275936	0.955097	-0.149839
4.87	0.252043	3.56449	0.271161	0.95695	-0.148068
4.875	0.24722	3.56581	0.266376	0.958834	-0.146288
4.88	0.24239	3.5671	0.261582	0.960749	-0.144498
4.885	0.237554	3.56837	0.256778	0.962697	-0.142699
4.89	0.232711	3.56962	0.251964	0.96468	-0.140891
4.895	0.227863	3.57084	0.247141	0.966699	-0.139073
4.9	0.223009	3.57204	0.242308	0.968755	-0.137247
4.905	0.21815	3.57322	0.237464	0.970851	-0.135411
4.91	0.213284	3.57437	0.23261	0.972988	-0.133566
4.915	0.208414	3.5755	0.227745	0.975169	-0.131712
4.92	0.203537	3.5766	0.222869	0.977395	-0.129848
4.925	0.198656	3.57769	0.217982	0.97967	-0.127976
4.93	0.193769	3.57874	0.213083	0.981996	-0.126095
4.935	0.188877	3.57978	0.208173	0.984376	-0.124205
4.94	0.183979	3.58079	0.203252	0.986813	-0.122306
4.945	0.179077	3.58177	0.198318	0.98931	-0.120397
4.95	0.174171	3.58273	0.193371	0.991871	-0.11848
4.955	0.169259	3.58367	0.188412	0.9945	-0.116554
4.96	0.164343	3.58458	0.183439	0.997202	-0.11462
4.965	0.159422	3.58547	0.178453	0.999981	-0.112676
4.97	0.154497	3.58633	0.173453	1.00284	-0.110723
4.975	0.149568	3.58717	0.168439	1.0058	-0.108762
4.98	0.144635	3.58798	0.16341	1.00884	-0.106792
4.985	0.139697	3.58877	0.158366	1.01199	-0.104813
4.99	0.134756	3.58953	0.153306	1.01526	-0.102826
4.995	0.129811	3.59027	0.14823	1.01864	-0.100829
5	0.124862	3.59099	0.143136	1.02216	-0.0988244
5.005	0.11991	3.59167	0.138026	1.02582	-0.0968109
5.01	0.114954	3.59234	0.132896	1.02964	-0.0947889
5.015	0.109994	3.59297	0.127748	1.03364	-0.0927585
5.02	0.105032	3.59358	0.12258	1.03783	-0.0907199
5.025	0.100066	3.59417	0.117391	1.04224	-0.0886732
5.03	0.0950978	3.59473	0.11218	1.04689	-0.0866186
5.035	0.0901263	3.59526	0.106945	1.05182	-0.0845565
5.04	0.0851522	3.59577	0.101686	1.05707	-0.0824872
5.045	0.0801754	3.59625	0.0964008	1.06269	-0.0804114
5.05	0.0751961	3.59671	0.0910874	1.06874	-0.0783297
5.055	0.0702145	3.59714	0.0857437	1.07528	-0.0762433
5.06	0.0652306	3.59754	0.0803673	1.08244	-0.0741535
5.065	0.0602447	3.59791	0.0749551	1.09033	-0.0720623
5.07	0.0552567	3.59826	0.0695034	1.09914	-0.0699726
5.075	0.050267	3.59858	0.0640077	1.10913	-0.0678887
5.08	0.0452755	3.59887	0.058462	1.12067	-0.0658167
5.085	0.0402825	3.59913	0.0528587	1.13433	-0.0637664
5.09	0.0352881	3.59937	0.047187	1.15101	-0.0617533
5.095	0.0302923	3.59958	0.041432	1.17229	-0.0598036
5.1	0.0252955	3.59976	0.0355705	1.2011	-0.0579651
5.105	0.0202977	3.5999	0.029565	1.24358	-0.0563319
5.11	0.0152991	3.60002	0.0233471	1.3148	-0.0551182
5.115	0.0102998	3.6001	0.0167731	1.46158	-0.0549315
5.12	0.00529998	3.60015	0.00946522	1.90102	-0.0584532
5.125	0.000299982	3.60015	-3.99057e-005	5.1314	-0.114418
