descriptor s_test R_test Z_test
0	1.26097	9.99999e-006	0.002	-0.402449	-0.00161613
0.005	1.25597	3.00612e-005	0.00401224	-0.404911	-0.00324846
0.01	1.25097	6.0245e-005	0.0060368	-0.407387	-0.00489704
0.015	1.24597	0.000100613	0.00807373	-0.409876	-0.00656193
0.02	1.24097	0.000151228	0.0101231	-0.412379	-0.0082432
0.025	1.23597	0.000212151	0.012185	-0.414897	-0.00994091
0.03	1.23097	0.000283446	0.0142595	-0.417429	-0.0116551
0.035	1.22597	0.000365176	0.0163466	-0.419976	-0.0133859
0.04	1.22097	0.000457403	0.0184465	-0.422539	-0.0151333
0.045	1.21597	0.000560192	0.0205592	-0.425117	-0.0168974
0.05	1.21098	0.000673607	0.0226848	-0.42771	-0.0186782
0.055	1.20598	0.000797711	0.0248233	-0.43032	-0.0204759
0.06	1.20098	0.000932569	0.0269749	-0.432946	-0.0222904
0.065	1.19598	0.00107825	0.0291397	-0.435588	-0.024122
0.07	1.19098	0.00123481	0.0313176	-0.438248	-0.0259705
0.075	1.18599	0.00140232	0.0335089	-0.440925	-0.0278362
0.08	1.18099	0.00158085	0.0357135	-0.44362	-0.029719
0.085	1.17599	0.00177046	0.0379316	-0.446333	-0.0316191
0.09	1.171	0.00197123	0.0401632	-0.449064	-0.0335365
0.095	1.166	0.00218321	0.0424086	-0.451814	-0.0354713
0.1	1.16101	0.00240647	0.0446676	-0.454582	-0.0374236
0.105	1.15601	0.00264109	0.0469405	-0.457371	-0.0393934
0.11	1.15102	0.00288712	0.0492274	-0.460179	-0.0413809
0.115	1.14602	0.00314465	0.0515283	-0.463008	-0.043386
0.12	1.14103	0.00341374	0.0538433	-0.465857	-0.045409
0.125	1.13604	0.00369445	0.0561726	-0.468727	-0.0474498
0.13	1.13105	0.00398687	0.0585162	-0.471618	-0.0495085
0.135	1.12606	0.00429105	0.0608743	-0.474531	-0.0515853
0.14	1.12107	0.00460708	0.063247	-0.477467	-0.0536803
0.145	1.11608	0.00493501	0.0656343	-0.480425	-0.0557934
0.15	1.11109	0.00527493	0.0680365	-0.483406	-0.0579248
0.155	1.1061	0.00562691	0.0704535	-0.486411	-0.0600746
0.16	1.10112	0.00599101	0.0728855	-0.48944	-0.0622429
0.165	1.09613	0.00636732	0.0753327	-0.492493	-0.0644298
0.17	1.09114	0.0067559	0.0777952	-0.495571	-0.0666353
0.175	1.08616	0.00715684	0.0802731	-0.498675	-0.0688596
0.18	1.08118	0.0075702	0.0827664	-0.501804	-0.0711027
0.185	1.0762	0.00799606	0.0852754	-0.50496	-0.0733648
0.19	1.07122	0.0084345	0.0878002	-0.508142	-0.0756459
0.195	1.06624	0.00888559	0.090341	-0.511352	-0.0779462
0.2	1.06126	0.00934941	0.0928977	-0.51459	-0.0802658
0.205	1.05628	0.00982604	0.0954707	-0.517857	-0.0826047
0.21	1.0513	0.0103156	0.09806	-0.521153	-0.084963
0.215	1.04633	0.010818	0.100666	-0.524478	-0.0873409
0.22	1.04136	0.0113336	0.103288	-0.527833	-0.0897386
0.225	1.03638	0.0118622	0.105927	-0.531219	-0.092156
0.23	1.03141	0.012404	0.108583	-0.534636	-0.0945933
0.235	1.02644	0.0129592	0.111257	-0.538086	-0.0970506
0.24	1.02148	0.0135277	0.113947	-0.541567	-0.0995281
0.245	1.01651	0.0141096	0.116655	-0.545083	-0.102026
0.25	1.01155	0.0147051	0.11938	-0.548631	-0.104544
0.255	1.00658	0.0153142	0.122123	-0.552215	-0.107082
0.26	1.00162	0.015937	0.124884	-0.555833	-0.109642
0.265	0.996663	0.0165736	0.127664	-0.559488	-0.112222
0.27	0.991706	0.0172241	0.130461	-0.563179	-0.114822
0.275	0.98675	0.0178885	0.133277	-0.566907	-0.117444
0.28	0.981796	0.0185669	0.136111	-0.570673	-0.120087
0.285	0.976845	0.0192595	0.138965	-0.574478	-0.122752
0.29	0.971895	0.0199663	0.141837	-0.578323	-0.125437
0.295	0.966947	0.0206875	0.144729	-0.582207	-0.128144
0.3	0.962002	0.021423	0.14764	-0.586133	-0.130873
0.305	0.957058	0.022173	0.150571	-0.590101	-0.133624
0.31	0.952117	0.0229376	0.153521	-0.594111	-0.136397
0.315	0.947178	0.0237169	0.156492	-0.598165	-0.139192
0.32	0.942241	0.0245109	0.159482	-0.602263	-0.142009
0.325	0.937307	0.0253198	0.162494	-0.606407	-0.144848
0.33	0.932376	0.0261436	0.165526	-0.610597	-0.14771
0.335	0.927447	0.0269826	0.168579	-0.614833	-0.150595
0.34	0.92252	0.0278366	0.171653	-0.619118	-0.153503
0.345	0.917596	0.0287059	0.174749	-0.623452	-0.156434
0.35	0.912675	0.0295906	0.177866	-0.627836	-0.159388
0.355	0.907757	0.0304906	0.181005	-0.63227	-0.162365
0.36	0.902841	0.0314063	0.184166	-0.636757	-0.165366
0.365	0.897929	0.0323376	0.18735	-0.641297	-0.168391
0.37	0.893019	0.0332846	0.190557	-0.645891	-0.17144
0.375	0.888113	0.0342475	0.193786	-0.650539	-0.174512
0.38	0.88321	0.0352263	0.197039	-0.655245	-0.177609
0.385	0.87831	0.0362212	0.200315	-0.660007	-0.180731
0.39	0.873413	0.0372322	0.203615	-0.664828	-0.183877
0.395	0.86852	0.0382596	0.206939	-0.669709	-0.187048
0.4	0.86363	0.0393033	0.210288	-0.674651	-0.190244
0.405	0.858743	0.0403635	0.213661	-0.679655	-0.193465
0.41	0.853861	0.0414403	0.217059	-0.684722	-0.196712
0.415	0.848982	0.0425338	0.220483	-0.689854	-0.199984
0.42	0.844107	0.0436441	0.223932	-0.695053	-0.203282
0.425	0.839235	0.0447714	0.227407	-0.700318	-0.206607
0.43	0.834368	0.0459157	0.230909	-0.705652	-0.209957
0.435	0.829505	0.0470771	0.234437	-0.711057	-0.213334
0.44	0.824646	0.0482559	0.237993	-0.716533	-0.216737
0.445	0.819791	0.0494521	0.241575	-0.722082	-0.220168
0.45	0.814941	0.0506658	0.245186	-0.727706	-0.223625
0.455	0.810095	0.0518971	0.248824	-0.733406	-0.22711
0.46	0.805253	0.0531462	0.252491	-0.739183	-0.230623
0.465	0.800416	0.0544131	0.256187	-0.74504	-0.234163
0.47	0.795584	0.0556981	0.259912	-0.750977	-0.237732
0.475	0.790757	0.0570012	0.263667	-0.756997	-0.241328
0.48	0.785935	0.0583226	0.267452	-0.763102	-0.244954
0.485	0.781118	0.0596624	0.271268	-0.769292	-0.248608
0.49	0.776306	0.0610206	0.275114	-0.775571	-0.252291
0.495	0.771499	0.0623976	0.278992	-0.781938	-0.256003
0.5	0.766698	0.0637933	0.282902	-0.788398	-0.259745
0.505	0.761902	0.0652079	0.286844	-0.79495	-0.263516
0.51	0.757112	0.0666416	0.290818	-0.801599	-0.267318
0.515	0.752328	0.0680945	0.294826	-0.808344	-0.27115
0.52	0.747549	0.0695667	0.298868	-0.815188	-0.275013
0.525	0.742777	0.0710583	0.302944	-0.822135	-0.278906
0.53	0.738011	0.0725696	0.307055	-0.829184	-0.282831
0.535	0.733251	0.0741006	0.311201	-0.836339	-0.286787
0.54	0.728498	0.0756515	0.315382	-0.843602	-0.290774
0.545	0.723751	0.0772224	0.3196	-0.850976	-0.294794
0.55	0.719011	0.0788136	0.323855	-0.858461	-0.298846
0.555	0.714278	0.080425	0.328148	-0.866062	-0.30293
0.56	0.709551	0.0820569	0.332478	-0.873779	-0.307047
0.565	0.704832	0.0837095	0.336847	-0.881617	-0.311197
0.57	0.700121	0.0853828	0.341255	-0.889576	-0.315381
0.575	0.695416	0.0870771	0.345703	-0.89766	-0.319598
0.58	0.69072	0.0887925	0.350191	-0.905871	-0.323849
0.585	0.686031	0.0905292	0.35472	-0.914212	-0.328135
0.59	0.68135	0.0922872	0.359291	-0.922686	-0.332455
0.595	0.676678	0.0940668	0.363905	-0.931295	-0.33681
0.6	0.672014	0.0958682	0.368561	-0.940042	-0.3412
0.605	0.667358	0.0976915	0.373262	-0.948931	-0.345625
0.61	0.662711	0.0995368	0.378006	-0.957963	-0.350087
0.615	0.658073	0.101404	0.382796	-0.967142	-0.354584
0.62	0.653444	0.103294	0.387632	-0.976471	-0.359118
0.625	0.648824	0.105207	0.392514	-0.985954	-0.363688
0.63	0.644214	0.107142	0.397444	-0.995592	-0.368295
0.635	0.639613	0.109101	0.402422	-1.00539	-0.37294
0.64	0.635023	0.111082	0.407449	-1.01535	-0.377622
0.645	0.630442	0.113086	0.412525	-1.02548	-0.382342
0.65	0.625872	0.115115	0.417653	-1.03577	-0.3871
0.655	0.621312	0.117166	0.422832	-1.04624	-0.391897
0.66	0.616763	0.119242	0.428063	-1.05689	-0.396732
0.665	0.612225	0.121341	0.433347	-1.06771	-0.401606
0.67	0.607699	0.123465	0.438686	-1.07872	-0.406519
0.675	0.603184	0.125613	0.44408	-1.08991	-0.411472
0.68	0.598681	0.127786	0.449529	-1.1013	-0.416464
0.685	0.594189	0.129983	0.455036	-1.11288	-0.421497
0.69	0.58971	0.132206	0.4606	-1.12466	-0.42657
0.695	0.585244	0.134453	0.466223	-1.13664	-0.431683
0.7	0.580791	0.136726	0.471906	-1.14882	-0.436837
0.705	0.57635	0.139025	0.477651	-1.16122	-0.442032
0.71	0.571923	0.141349	0.483457	-1.17383	-0.447267
0.715	0.56751	0.143699	0.489326	-1.18665	-0.452545
0.72	0.563111	0.146076	0.495259	-1.1997	-0.457863
0.725	0.558726	0.148478	0.501258	-1.21298	-0.463223
0.73	0.554356	0.150907	0.507322	-1.22648	-0.468625
0.735	0.55	0.153363	0.513455	-1.24022	-0.474069
0.74	0.54566	0.155846	0.519656	-1.25419	-0.479555
0.745	0.541336	0.158356	0.525927	-1.26841	-0.485083
0.75	0.537028	0.160894	0.532269	-1.28287	-0.490652
0.755	0.532736	0.163459	0.538683	-1.29758	-0.496264
0.76	0.528461	0.166052	0.545171	-1.31255	-0.501918
0.765	0.524203	0.168672	0.551734	-1.32777	-0.507614
0.77	0.519962	0.171321	0.558373	-1.34326	-0.513352
0.775	0.515739	0.173999	0.565089	-1.35901	-0.519132
0.78	0.511535	0.176705	0.571884	-1.37503	-0.524954
0.785	0.507349	0.17944	0.578759	-1.39133	-0.530817
0.79	0.503183	0.182204	0.585716	-1.4079	-0.536721
0.795	0.499036	0.184997	0.592756	-1.42476	-0.542667
0.8	0.494909	0.18782	0.599879	-1.44189	-0.548653
0.805	0.490802	0.190672	0.607089	-1.45932	-0.55468
0.81	0.486716	0.193555	0.614385	-1.47703	-0.560747
0.815	0.482652	0.196467	0.621771	-1.49504	-0.566853
0.82	0.47861	0.19941	0.629246	-1.51335	-0.572998
0.825	0.47459	0.202383	0.636812	-1.53196	-0.579182
0.83	0.470593	0.205387	0.644472	-1.55086	-0.585403
0.835	0.466619	0.208421	0.652227	-1.57007	-0.591661
0.84	0.462669	0.211487	0.660077	-1.58959	-0.597956
0.845	0.458744	0.214584	0.668025	-1.60941	-0.604285
0.85	0.454844	0.217713	0.676072	-1.62954	-0.610649
0.855	0.450969	0.220873	0.68422	-1.64998	-0.617046
0.86	0.447121	0.224066	0.69247	-1.67073	-0.623475
0.865	0.443299	0.22729	0.700823	-1.69179	-0.629935
0.87	0.439505	0.230546	0.709282	-1.71316	-0.636424
0.875	0.435739	0.233835	0.717848	-1.73484	-0.642941
0.88	0.432002	0.237157	0.726522	-1.75682	-0.649485
0.885	0.428294	0.240511	0.735306	-1.77911	-0.656052
0.89	0.424615	0.243898	0.744202	-1.8017	-0.662643
0.895	0.420968	0.247317	0.75321	-1.82459	-0.669254
0.9	0.417352	0.250771	0.762333	-1.84777	-0.675883
0.905	0.413768	0.254257	0.771572	-1.87123	-0.682529
0.91	0.410216	0.257777	0.780928	-1.89499	-0.689189
0.915	0.406699	0.26133	0.790403	-1.91901	-0.69586
0.92	0.403215	0.264917	0.799998	-1.94331	-0.702539
0.925	0.399767	0.268537	0.809715	-1.96786	-0.709224
0.93	0.396354	0.272191	0.819554	-1.99267	-0.715911
0.935	0.392978	0.275879	0.829518	-2.01771	-0.722597
0.94	0.389639	0.279601	0.839606	-2.04298	-0.729278
0.945	0.386338	0.283357	0.849821	-2.06846	-0.735952
0.95	0.383077	0.287147	0.860163	-2.09414	-0.742613
0.955	0.379855	0.29097	0.870634	-2.12	-0.749259
0.96	0.376674	0.294828	0.881234	-2.14603	-0.755884
0.965	0.373535	0.29872	0.891964	-2.17221	-0.762484
0.97	0.370438	0.302645	0.902825	-2.19851	-0.769054
0.975	0.367384	0.306604	0.913818	-2.22491	-0.775589
0.98	0.364375	0.310597	0.924942	-2.25139	-0.782085
0.985	0.36141	0.314624	0.936199	-2.27793	-0.788535
0.99	0.358492	0.318684	0.947589	-2.3045	-0.794935
0.995	0.355621	0.322777	0.959111	-2.33106	-0.801277
1	0.352798	0.326904	0.970767	-2.3576	-0.807557
1.005	0.350023	0.331063	0.982555	-2.38407	-0.813767
1.01	0.347298	0.335256	0.994475	-2.41044	-0.819901
1.015	0.344624	0.339481	1.00653	-2.43668	-0.825953
1.02	0.342002	0.343738	1.01871	-2.46274	-0.831915
1.025	0.339432	0.348027	1.03102	-2.4886	-0.83778
1.03	0.336916	0.352348	1.04347	-2.5142	-0.843541
1.035	0.334455	0.3567	1.05604	-2.53951	-0.84919
1.04	0.332048	0.361083	1.06874	-2.56448	-0.85472
1.045	0.329699	0.365496	1.08156	-2.58906	-0.860122
1.05	0.327406	0.36994	1.0945	-2.61321	-0.865389
1.055	0.325172	0.374413	1.10757	-2.63688	-0.870513
1.06	0.322997	0.378915	1.12075	-2.66001	-0.875484
1.065	0.320882	0.383445	1.13405	-2.68256	-0.880296
1.07	0.318828	0.388004	1.14747	-2.70448	-0.884939
1.075	0.316836	0.39259	1.16099	-2.7257	-0.889405
1.08	0.314906	0.397203	1.17462	-2.74618	-0.893687
1.085	0.31304	0.401842	1.18835	-2.76586	-0.897775
1.09	0.311239	0.406506	1.20218	-2.7847	-0.901661
1.095	0.309502	0.411194	1.2161	-2.80262	-0.905338
1.1	0.307832	0.415907	1.23011	-2.81959	-0.908797
1.105	0.306228	0.420643	1.24421	-2.83554	-0.91203
1.11	0.304691	0.425401	1.25839	-2.85043	-0.915031
1.115	0.303222	0.43018	1.27264	-2.8642	-0.917791
1.12	0.301822	0.43498	1.28696	-2.8768	-0.920304
1.125	0.300491	0.4398	1.30135	-2.8882	-0.922564
1.13	0.29923	0.444638	1.31579	-2.89833	-0.924563
1.135	0.298039	0.449494	1.33028	-2.90715	-0.926296
1.14	0.296918	0.454367	1.34482	-2.91464	-0.927757
1.145	0.295869	0.459256	1.35939	-2.92074	-0.928942
1.15	0.294891	0.464159	1.37399	-2.92542	-0.929847
1.155	0.293986	0.469076	1.38862	-2.92865	-0.930467
1.16	0.293152	0.474006	1.40326	-2.93041	-0.930799
1.165	0.29239	0.478948	1.41792	-2.93067	-0.930841
1.17	0.291701	0.4839	1.43257	-2.92941	-0.93059
1.175	0.291085	0.488862	1.44722	-2.92661	-0.930045
1.18	0.290541	0.493833	1.46185	-2.92227	-0.929205
1.185	0.29007	0.49881	1.47646	-2.91637	-0.928071
1.19	0.289672	0.503794	1.49104	-2.90892	-0.926643
1.195	0.289346	0.508784	1.50559	-2.89992	-0.924922
1.2	0.289093	0.513777	1.52009	-2.88937	-0.92291
1.205	0.288912	0.518774	1.53453	-2.87729	-0.92061
1.21	0.288802	0.523773	1.54892	-2.8637	-0.918025
1.215	0.288764	0.528773	1.56324	-2.84861	-0.915159
1.22	0.288798	0.533773	1.57748	-2.83206	-0.912016
1.225	0.288902	0.538772	1.59164	-2.81406	-0.908602
1.23	0.289077	0.543769	1.60571	-2.79466	-0.904922
1.235	0.289321	0.548763	1.61968	-2.77389	-0.900982
1.24	0.289635	0.553753	1.63355	-2.75179	-0.89679
1.245	0.290017	0.558738	1.64731	-2.72841	-0.892352
1.25	0.290467	0.563718	1.66096	-2.70379	-0.887675
1.255	0.290984	0.568691	1.67447	-2.67799	-0.882769
1.26	0.291568	0.573657	1.68786	-2.65105	-0.877641
1.265	0.292218	0.578614	1.70112	-2.62304	-0.8723
1.27	0.292933	0.583563	1.71423	-2.594	-0.866754
1.275	0.293712	0.588502	1.7272	-2.56399	-0.861013
1.28	0.294554	0.593431	1.74002	-2.53308	-0.855087
1.285	0.295458	0.598348	1.75269	-2.50132	-0.848983
1.29	0.296424	0.603254	1.7652	-2.46877	-0.842713
1.295	0.297451	0.608147	1.77754	-2.43549	-0.836285
1.3	0.298536	0.613028	1.78972	-2.40155	-0.82971
1.305	0.299681	0.617895	1.80173	-2.367	-0.822996
1.31	0.300883	0.622749	1.81356	-2.33191	-0.816153
1.315	0.302141	0.627588	1.82522	-2.29632	-0.80919
1.32	0.303455	0.632412	1.8367	-2.2603	-0.802118
1.325	0.304824	0.637221	1.848	-2.22391	-0.794944
1.33	0.306245	0.642015	1.85912	-2.1872	-0.787679
1.335	0.307719	0.646793	1.87006	-2.15023	-0.78033
1.34	0.309245	0.651554	1.88081	-2.11304	-0.772907
1.345	0.31082	0.656299	1.89138	-2.07568	-0.765417
1.35	0.312445	0.661028	1.90175	-2.03821	-0.757869
1.355	0.314118	0.66574	1.91194	-2.00067	-0.750271
1.36	0.315838	0.670435	1.92195	-1.96311	-0.74263
1.365	0.317604	0.675113	1.93176	-1.92557	-0.734954
1.37	0.319414	0.679773	1.94139	-1.88808	-0.727249
1.375	0.321269	0.684416	1.95083	-1.85069	-0.719523
1.38	0.323167	0.689042	1.96009	-1.81343	-0.711781
1.385	0.325106	0.693651	1.96915	-1.77633	-0.704031
1.39	0.327087	0.698242	1.97803	-1.73943	-0.696278
1.395	0.329107	0.702816	1.98673	-1.70276	-0.688527
1.4	0.331166	0.707372	1.99524	-1.66634	-0.680784
1.405	0.333263	0.711911	2.00358	-1.63021	-0.673054
1.41	0.335397	0.716433	2.01173	-1.59437	-0.665342
1.415	0.337567	0.720937	2.0197	-1.55886	-0.657652
1.42	0.339772	0.725425	2.02749	-1.5237	-0.649988
1.425	0.342011	0.729896	2.03511	-1.4889	-0.642355
1.43	0.344283	0.734349	2.04256	-1.45447	-0.634755
1.435	0.346588	0.738787	2.04983	-1.42045	-0.627193
1.44	0.348924	0.743207	2.05693	-1.38682	-0.619672
1.445	0.35129	0.747612	2.06387	-1.35362	-0.612195
1.45	0.353687	0.752	2.07063	-1.32085	-0.604764
1.455	0.356112	0.756372	2.07724	-1.28852	-0.597383
1.46	0.358566	0.760729	2.08368	-1.25663	-0.590052
1.465	0.361047	0.76507	2.08996	-1.22519	-0.582776
1.47	0.363554	0.769396	2.09609	-1.19422	-0.575555
1.475	0.366087	0.773707	2.10206	-1.1637	-0.568391
1.48	0.368645	0.778003	2.10788	-1.13365	-0.561287
1.485	0.371228	0.782284	2.11355	-1.10407	-0.554243
1.49	0.373834	0.786552	2.11907	-1.07496	-0.547261
1.495	0.376463	0.790805	2.12444	-1.04632	-0.540342
1.5	0.379114	0.795044	2.12967	-1.01814	-0.533488
1.505	0.381787	0.79927	2.13476	-0.990442	-0.526698
1.51	0.38448	0.803482	2.13972	-0.963207	-0.519975
1.515	0.387194	0.807681	2.14453	-0.936439	-0.513317
1.52	0.389927	0.811868	2.14922	-0.910134	-0.506727
1.525	0.39268	0.816042	2.15377	-0.884289	-0.500205
1.53	0.395451	0.820204	2.15819	-0.858901	-0.493751
1.535	0.39824	0.824354	2.16248	-0.833967	-0.487365
1.54	0.401046	0.828493	2.16665	-0.809481	-0.481048
1.545	0.403869	0.832619	2.1707	-0.78544	-0.474799
1.55	0.406708	0.836735	2.17463	-0.761838	-0.468619
1.555	0.409562	0.84084	2.17844	-0.738671	-0.462508
1.56	0.412432	0.844935	2.18213	-0.715933	-0.456465
1.565	0.415317	0.849019	2.18571	-0.693618	-0.450492
1.57	0.418215	0.853093	2.18918	-0.671721	-0.444586
1.575	0.421127	0.857157	2.19254	-0.650236	-0.438749
1.58	0.424053	0.861212	2.19579	-0.629157	-0.43298
1.585	0.426991	0.865258	2.19893	-0.608477	-0.427278
1.59	0.429942	0.869294	2.20197	-0.588191	-0.421644
1.595	0.432904	0.873322	2.20492	-0.568292	-0.416077
1.6	0.435878	0.877342	2.20776	-0.548774	-0.410576
1.605	0.438862	0.881353	2.2105	-0.52963	-0.405142
1.61	0.441858	0.885357	2.21315	-0.510854	-0.399773
1.615	0.444863	0.889352	2.2157	-0.49244	-0.394469
1.62	0.447879	0.893341	2.21817	-0.47438	-0.389229
1.625	0.450904	0.897322	2.22054	-0.45667	-0.384054
1.63	0.453938	0.901296	2.22282	-0.439301	-0.378942
1.635	0.45698	0.905264	2.22502	-0.422269	-0.373894
1.64	0.460032	0.909225	2.22713	-0.405565	-0.368908
1.645	0.463091	0.91318	2.22916	-0.389186	-0.363983
1.65	0.466157	0.917129	2.2311	-0.373123	-0.35912
1.655	0.469232	0.921072	2.23297	-0.357371	-0.354317
1.66	0.472313	0.92501	2.23475	-0.341923	-0.349575
1.665	0.475401	0.928943	2.23646	-0.326774	-0.344891
1.67	0.478495	0.93287	2.2381	-0.311918	-0.340267
1.675	0.481596	0.936793	2.23966	-0.297349	-0.335701
1.68	0.484702	0.940711	2.24114	-0.28306	-0.331192
1.685	0.487814	0.944624	2.24256	-0.269047	-0.32674
1.69	0.490931	0.948534	2.24391	-0.255303	-0.322344
1.695	0.494053	0.952439	2.24518	-0.241823	-0.318004
1.7	0.49718	0.956341	2.24639	-0.228602	-0.313719
1.705	0.500311	0.960239	2.24753	-0.215633	-0.309489
1.71	0.503446	0.964134	2.24861	-0.202913	-0.305312
1.715	0.506586	0.968025	2.24963	-0.190435	-0.301188
1.72	0.509729	0.971914	2.25058	-0.178194	-0.297117
1.725	0.512876	0.9758	2.25147	-0.166186	-0.293097
1.73	0.516025	0.979683	2.2523	-0.154405	-0.289129
1.735	0.519178	0.983564	2.25307	-0.142847	-0.285211
1.74	0.522334	0.987442	2.25379	-0.131507	-0.281344
1.745	0.525492	0.991318	2.25444	-0.120381	-0.277525
1.75	0.528652	0.995193	2.25505	-0.109463	-0.273756
1.755	0.531815	0.999066	2.25559	-0.0987488	-0.270035
1.76	0.534979	1.00294	2.25609	-0.0882349	-0.266362
1.765	0.538146	1.00681	2.25653	-0.0779166	-0.262736
1.77	0.541313	1.01068	2.25692	-0.0677897	-0.259156
1.775	0.544482	1.01454	2.25726	-0.05785	-0.255622
1.78	0.547652	1.01841	2.25755	-0.0480937	-0.252134
1.785	0.550824	1.02227	2.25779	-0.0385166	-0.248691
1.79	0.553995	1.02614	2.25798	-0.029115	-0.245291
1.795	0.557168	1.03	2.25813	-0.0198851	-0.241936
1.8	0.56034	1.03387	2.25822	-0.0108232	-0.238624
1.805	0.563513	1.03773	2.25828	-0.00192565	-0.235355
1.81	0.566686	1.0416	2.25829	0.006811	-0.232128
1.815	0.569859	1.04546	2.25825	0.0153902	-0.228942
1.82	0.573032	1.04933	2.25818	0.0238155	-0.225798
1.825	0.576204	1.05319	2.25806	0.0320899	-0.222695
1.83	0.579375	1.05706	2.2579	0.0402169	-0.219632
1.835	0.582546	1.06092	2.2577	0.0481995	-0.216609
1.84	0.585716	1.06479	2.25746	0.0560409	-0.213625
1.845	0.588885	1.06866	2.25718	0.063744	-0.210679
1.85	0.592052	1.07253	2.25686	0.0713117	-0.207773
1.855	0.595218	1.0764	2.2565	0.0787471	-0.204904
1.86	0.598383	1.08027	2.25611	0.0860528	-0.202073
1.865	0.601546	1.08414	2.25568	0.0932317	-0.199278
1.87	0.604707	1.08801	2.25521	0.100286	-0.196521
1.875	0.607866	1.09189	2.25471	0.10722	-0.193799
1.88	0.611023	1.09577	2.25417	0.114034	-0.191114
1.885	0.614178	1.09965	2.2536	0.120731	-0.188464
1.89	0.61733	1.10353	2.253	0.127315	-0.185848
1.895	0.62048	1.10741	2.25236	0.133787	-0.183268
1.9	0.623628	1.11129	2.25169	0.14015	-0.180722
1.905	0.626773	1.11518	2.25099	0.146405	-0.178209
1.91	0.629915	1.11907	2.25026	0.152556	-0.17573
1.915	0.633053	1.12296	2.2495	0.158605	-0.173284
1.92	0.636189	1.12686	2.2487	0.164553	-0.170871
1.925	0.639322	1.13075	2.24788	0.170402	-0.16849
1.93	0.642451	1.13465	2.24703	0.176155	-0.166141
1.935	0.645577	1.13856	2.24615	0.181814	-0.163824
1.94	0.648699	1.14246	2.24524	0.18738	-0.161538
1.945	0.651818	1.14637	2.2443	0.192856	-0.159284
1.95	0.654933	1.15028	2.24334	0.198243	-0.157059
1.955	0.658044	1.1542	2.24235	0.203544	-0.154866
1.96	0.661151	1.15811	2.24133	0.208759	-0.152702
1.965	0.664254	1.16203	2.24029	0.213891	-0.150568
1.97	0.667353	1.16596	2.23922	0.218941	-0.148464
1.975	0.670447	1.16989	2.23812	0.223912	-0.146388
1.98	0.673537	1.17382	2.237	0.228804	-0.144342
1.985	0.676623	1.17775	2.23586	0.233619	-0.142324
1.99	0.679704	1.18169	2.23469	0.238359	-0.140334
1.995	0.68278	1.18563	2.2335	0.243025	-0.138372
2	0.685851	1.18958	2.23228	0.247619	-0.136438
2.005	0.688918	1.19352	2.23105	0.252142	-0.134532
2.01	0.691979	1.19748	2.22978	0.256596	-0.132652
2.015	0.695036	1.20143	2.2285	0.260981	-0.130799
2.02	0.698087	1.2054	2.2272	0.2653	-0.128974
2.025	0.701133	1.20936	2.22587	0.269554	-0.127174
2.03	0.704174	1.21333	2.22452	0.273743	-0.125401
2.035	0.707209	1.2173	2.22315	0.27787	-0.123653
2.04	0.710239	1.22128	2.22176	0.281935	-0.121931
2.045	0.713263	1.22526	2.22035	0.28594	-0.120235
2.05	0.716282	1.22925	2.21892	0.289885	-0.118564
2.055	0.719295	1.23324	2.21748	0.293773	-0.116917
2.06	0.722301	1.23723	2.21601	0.297603	-0.115296
2.065	0.725302	1.24123	2.21452	0.301378	-0.113699
2.07	0.728297	1.24524	2.21301	0.305098	-0.112126
2.075	0.731286	1.24925	2.21149	0.308764	-0.110577
2.08	0.734268	1.25326	2.20994	0.312378	-0.109052
2.085	0.737245	1.25728	2.20838	0.315939	-0.107551
2.09	0.740215	1.2613	2.2068	0.319451	-0.106073
2.095	0.743178	1.26533	2.2052	0.322912	-0.104619
2.1	0.746135	1.26936	2.20359	0.326325	-0.103187
2.105	0.749085	1.27339	2.20196	0.32969	-0.101778
2.11	0.752029	1.27744	2.20031	0.333008	-0.100392
2.115	0.754966	1.28148	2.19864	0.33628	-0.0990288
2.12	0.757896	1.28553	2.19696	0.339506	-0.0976875
2.125	0.76082	1.28959	2.19526	0.342689	-0.0963684
2.13	0.763736	1.29365	2.19355	0.345827	-0.0950711
2.135	0.766646	1.29772	2.19182	0.348924	-0.0937956
2.14	0.769548	1.30179	2.19008	0.351978	-0.0925416
2.145	0.772443	1.30587	2.18832	0.354991	-0.091309
2.15	0.775331	1.30995	2.18654	0.357964	-0.0900976
2.155	0.778211	1.31403	2.18475	0.360897	-0.0889073
2.16	0.781084	1.31813	2.18295	0.363791	-0.0877379
2.165	0.78395	1.32222	2.18113	0.366647	-0.0865891
2.17	0.786808	1.32633	2.1793	0.369465	-0.085461
2.175	0.789659	1.33043	2.17745	0.372247	-0.0843532
2.18	0.792502	1.33455	2.17559	0.374993	-0.0832657
2.185	0.795337	1.33867	2.17371	0.377703	-0.0821982
2.19	0.798165	1.34279	2.17182	0.380378	-0.0811507
2.195	0.800984	1.34692	2.16992	0.383019	-0.080123
2.2	0.803796	1.35105	2.16801	0.385627	-0.0791149
2.205	0.8066	1.35519	2.16608	0.388201	-0.0781264
2.21	0.809395	1.35934	2.16414	0.390743	-0.0771571
2.215	0.812183	1.36349	2.16218	0.393254	-0.0762071
2.22	0.814962	1.36765	2.16022	0.395733	-0.0752762
2.225	0.817733	1.37181	2.15824	0.398181	-0.0743641
2.23	0.820496	1.37597	2.15625	0.4006	-0.0734709
2.235	0.823251	1.38015	2.15425	0.402988	-0.0725964
2.24	0.825997	1.38433	2.15223	0.405348	-0.0717403
2.245	0.828735	1.38851	2.1502	0.407679	-0.0709027
2.25	0.831464	1.3927	2.14817	0.409982	-0.0700833
2.255	0.834184	1.39689	2.14612	0.412257	-0.0692821
2.26	0.836896	1.4011	2.14405	0.414506	-0.0684989
2.265	0.839599	1.4053	2.14198	0.416728	-0.0677336
2.27	0.842294	1.40951	2.1399	0.418923	-0.066986
2.275	0.844979	1.41373	2.1378	0.421093	-0.0662561
2.28	0.847656	1.41795	2.1357	0.423238	-0.0655437
2.285	0.850323	1.42218	2.13358	0.425358	-0.0648487
2.29	0.852982	1.42642	2.13146	0.427453	-0.064171
2.295	0.855632	1.43066	2.12932	0.429525	-0.0635105
2.3	0.858272	1.4349	2.12717	0.431573	-0.062867
2.305	0.860904	1.43916	2.12501	0.433597	-0.0622405
2.31	0.863526	1.44341	2.12284	0.4356	-0.0616308
2.315	0.866139	1.44768	2.12067	0.437579	-0.0610378
2.32	0.868742	1.45194	2.11848	0.439537	-0.0604615
2.325	0.871337	1.45622	2.11628	0.441473	-0.0599016
2.33	0.873921	1.4605	2.11407	0.443388	-0.0593581
2.335	0.876496	1.46478	2.11186	0.445282	-0.0588309
2.34	0.879062	1.46908	2.10963	0.447156	-0.0583199
2.345	0.881618	1.47337	2.10739	0.449009	-0.057825
2.35	0.884165	1.47768	2.10515	0.450843	-0.0573461
2.355	0.886701	1.48198	2.1029	0.452657	-0.056883
2.36	0.889228	1.4863	2.10063	0.454452	-0.0564357
2.365	0.891745	1.49062	2.09836	0.456228	-0.056004
2.37	0.894253	1.49495	2.09608	0.457986	-0.055588
2.375	0.89675	1.49928	2.09379	0.459725	-0.0551874
2.38	0.899238	1.50361	2.09149	0.461446	-0.0548022
2.385	0.901715	1.50796	2.08918	0.46315	-0.0544322
2.39	0.904182	1.51231	2.08687	0.464837	-0.0540774
2.395	0.906639	1.51666	2.08454	0.466506	-0.0537378
2.4	0.909087	1.52102	2.08221	0.468159	-0.0534131
2.405	0.911523	1.52539	2.07987	0.469795	-0.0531033
2.41	0.91395	1.52976	2.07752	0.471415	-0.0528083
2.415	0.916366	1.53414	2.07516	0.473019	-0.052528
2.42	0.918772	1.53852	2.0728	0.474608	-0.0522623
2.425	0.921168	1.54291	2.07043	0.476181	-0.0520112
2.43	0.923553	1.5473	2.06804	0.477739	-0.0517745
2.435	0.925927	1.5517	2.06566	0.479282	-0.0515522
2.44	0.928291	1.55611	2.06326	0.48081	-0.0513441
2.445	0.930645	1.56052	2.06086	0.482324	-0.0511502
2.45	0.932987	1.56494	2.05844	0.483823	-0.0509704
2.455	0.935319	1.56936	2.05602	0.485309	-0.0508045
2.46	0.937641	1.57379	2.0536	0.486781	-0.0506526
2.465	0.939951	1.57822	2.05116	0.48824	-0.0505145
2.47	0.942251	1.58266	2.04872	0.489685	-0.0503902
2.475	0.94454	1.58711	2.04627	0.491117	-0.0502795
2.48	0.946818	1.59156	2.04382	0.492536	-0.0501823
2.485	0.949085	1.59602	2.04136	0.493943	-0.0500987
2.49	0.95134	1.60048	2.03889	0.495337	-0.0500285
2.495	0.953585	1.60495	2.03641	0.496719	-0.0499715
2.5	0.955819	1.60942	2.03393	0.498088	-0.0499279
2.505	0.958042	1.6139	2.03144	0.499446	-0.0498973
2.51	0.960253	1.61838	2.02894	0.500793	-0.0498799
2.515	0.962453	1.62287	2.02643	0.502127	-0.0498754
2.52	0.964642	1.62737	2.02392	0.503451	-0.0498838
2.525	0.96682	1.63187	2.02141	0.504763	-0.0499051
2.53	0.968986	1.63637	2.01888	0.506065	-0.0499391
2.535	0.971141	1.64089	2.01635	0.507355	-0.0499858
2.54	0.973284	1.6454	2.01382	0.508636	-0.0500451
2.545	0.975416	1.64993	2.01127	0.509905	-0.0501169
2.55	0.977536	1.65445	2.00872	0.511165	-0.0502011
2.555	0.979645	1.65899	2.00617	0.512414	-0.0502977
2.56	0.981742	1.66353	2.0036	0.513653	-0.0504066
2.565	0.983828	1.66807	2.00104	0.514883	-0.0505276
2.57	0.985901	1.67262	1.99846	0.516103	-0.0506608
2.575	0.987963	1.67718	1.99588	0.517314	-0.050806
2.58	0.990013	1.68174	1.9933	0.518515	-0.0509632
2.585	0.992052	1.6863	1.9907	0.519707	-0.0511323
2.59	0.994078	1.69087	1.9881	0.52089	-0.0513132
2.595	0.996093	1.69545	1.9855	0.522064	-0.0515058
2.6	0.998096	1.70003	1.98289	0.52323	-0.0517101
2.605	1.00009	1.70462	1.98027	0.524386	-0.051926
2.61	1.00206	1.70921	1.97765	0.525535	-0.0521533
2.615	1.00403	1.71381	1.97502	0.526675	-0.0523922
2.62	1.00599	1.71841	1.97239	0.527807	-0.0526423
2.625	1.00793	1.72302	1.96975	0.52893	-0.0529038
2.63	1.00986	1.72763	1.96711	0.530046	-0.0531764
2.635	1.01178	1.73225	1.96446	0.531154	-0.0534602
2.64	1.01368	1.73687	1.9618	0.532255	-0.053755
2.645	1.01557	1.7415	1.95914	0.533348	-0.0540609
2.65	1.01746	1.74613	1.95647	0.534433	-0.0543776
2.655	1.01932	1.75077	1.9538	0.535511	-0.0547052
2.66	1.02118	1.75541	1.95112	0.536582	-0.0550435
2.665	1.02302	1.76006	1.94844	0.537645	-0.0553925
2.67	1.02486	1.76471	1.94575	0.538702	-0.0557521
2.675	1.02667	1.76937	1.94306	0.539752	-0.0561223
2.68	1.02848	1.77403	1.94036	0.540795	-0.0565029
2.685	1.03027	1.7787	1.93766	0.541831	-0.0568939
2.69	1.03205	1.78337	1.93495	0.542861	-0.0572952
2.695	1.03382	1.78805	1.93223	0.543885	-0.0577068
2.7	1.03558	1.79273	1.92951	0.544902	-0.0581285
2.705	1.03732	1.79741	1.92679	0.545913	-0.0585604
2.71	1.03905	1.80211	1.92406	0.546917	-0.0590022
2.715	1.04077	1.8068	1.92132	0.547916	-0.059454
2.72	1.04247	1.8115	1.91858	0.548908	-0.0599157
2.725	1.04416	1.81621	1.91584	0.549895	-0.0603872
2.73	1.04584	1.82092	1.91309	0.550876	-0.0608684
2.735	1.04751	1.82563	1.91034	0.551852	-0.0613593
2.74	1.04916	1.83035	1.90758	0.552821	-0.0618597
2.745	1.0508	1.83507	1.90481	0.553786	-0.0623696
2.75	1.05242	1.8398	1.90204	0.554744	-0.062889
2.755	1.05404	1.84454	1.89927	0.555698	-0.0634178
2.76	1.05564	1.84927	1.89649	0.556646	-0.0639558
2.765	1.05722	1.85401	1.89371	0.557589	-0.0645031
2.77	1.0588	1.85876	1.89092	0.558528	-0.0650595
2.775	1.06036	1.86351	1.88813	0.559461	-0.065625
2.78	1.0619	1.86827	1.88533	0.560389	-0.0661994
2.785	1.06344	1.87302	1.88253	0.561312	-0.0667828
2.79	1.06496	1.87779	1.87972	0.562231	-0.0673751
2.795	1.06646	1.88255	1.87691	0.563145	-0.0679761
2.8	1.06796	1.88733	1.87409	0.564054	-0.0685858
2.805	1.06944	1.8921	1.87127	0.564959	-0.0692042
2.81	1.0709	1.89688	1.86845	0.565859	-0.0698311
2.815	1.07236	1.90167	1.86562	0.566755	-0.0704665
2.82	1.0738	1.90646	1.86279	0.567647	-0.0711103
2.825	1.07522	1.91125	1.85995	0.568534	-0.0717625
2.83	1.07663	1.91604	1.85711	0.569418	-0.0724229
2.835	1.07803	1.92084	1.85426	0.570297	-0.0730915
2.84	1.07942	1.92565	1.85141	0.571172	-0.0737682
2.845	1.08079	1.93046	1.84855	0.572043	-0.074453
2.85	1.08214	1.93527	1.84569	0.57291	-0.0751457
2.855	1.08349	1.94009	1.84283	0.573774	-0.0758464
2.86	1.08482	1.94491	1.83996	0.574633	-0.0765548
2.865	1.08613	1.94973	1.83708	0.575489	-0.077271
2.87	1.08744	1.95456	1.83421	0.576341	-0.0779949
2.875	1.08872	1.95939	1.83133	0.57719	-0.0787264
2.88	1.09	1.96422	1.82844	0.578035	-0.0794654
2.885	1.09126	1.96906	1.82555	0.578877	-0.0802118
2.89	1.0925	1.9739	1.82265	0.579715	-0.0809657
2.895	1.09374	1.97875	1.81976	0.58055	-0.0817268
2.9	1.09495	1.9836	1.81685	0.581382	-0.0824952
2.905	1.09616	1.98845	1.81395	0.58221	-0.0832707
2.91	1.09735	1.99331	1.81104	0.583035	-0.0840533
2.915	1.09852	1.99817	1.80812	0.583858	-0.084843
2.92	1.09968	2.00303	1.8052	0.584677	-0.0856395
2.925	1.10083	2.0079	1.80228	0.585492	-0.0864429
2.93	1.10196	2.01277	1.79935	0.586305	-0.0872531
2.935	1.10308	2.01764	1.79642	0.587116	-0.08807
2.94	1.10419	2.02252	1.79348	0.587923	-0.0888935
2.945	1.10528	2.0274	1.79054	0.588727	-0.0897236
2.95	1.10635	2.03228	1.7876	0.589529	-0.0905602
2.955	1.10741	2.03717	1.78465	0.590328	-0.0914031
2.96	1.10846	2.04206	1.7817	0.591124	-0.0922524
2.965	1.10949	2.04695	1.77875	0.591917	-0.093108
2.97	1.11051	2.05184	1.77579	0.592708	-0.0939697
2.975	1.11151	2.05674	1.77282	0.593497	-0.0948376
2.98	1.1125	2.06164	1.76985	0.594283	-0.0957114
2.985	1.11348	2.06655	1.76688	0.595066	-0.0965912
2.99	1.11444	2.07145	1.76391	0.595847	-0.0974769
2.995	1.11538	2.07636	1.76093	0.596626	-0.0983684
3	1.11631	2.08128	1.75795	0.597403	-0.0992656
3.005	1.11723	2.08619	1.75496	0.598177	-0.100169
3.01	1.11813	2.09111	1.75197	0.598949	-0.101077
3.015	1.11901	2.09603	1.74897	0.599719	-0.101991
3.02	1.11988	2.10096	1.74597	0.600486	-0.10291
3.025	1.12074	2.10588	1.74297	0.601252	-0.103835
3.03	1.12158	2.11081	1.73997	0.602015	-0.104765
3.035	1.12241	2.11574	1.73696	0.602777	-0.1057
3.04	1.12322	2.12067	1.73394	0.603536	-0.10664
3.045	1.12402	2.12561	1.73092	0.604293	-0.107586
3.05	1.1248	2.13055	1.7279	0.605049	-0.108536
3.055	1.12557	2.13549	1.72488	0.605803	-0.109491
3.06	1.12632	2.14043	1.72185	0.606555	-0.110451
3.065	1.12706	2.14538	1.71882	0.607305	-0.111415
3.07	1.12778	2.15033	1.71578	0.608053	-0.112385
3.075	1.12849	2.15528	1.71274	0.6088	-0.113359
3.08	1.12918	2.16023	1.70969	0.609544	-0.114337
3.085	1.12986	2.16518	1.70665	0.610288	-0.11532
3.09	1.13052	2.17014	1.7036	0.611029	-0.116307
3.095	1.13117	2.1751	1.70054	0.611769	-0.117298
3.1	1.1318	2.18006	1.69748	0.612508	-0.118294
3.105	1.13242	2.18502	1.69442	0.613244	-0.119293
3.11	1.13302	2.18998	1.69135	0.61398	-0.120297
3.115	1.1336	2.19495	1.68828	0.614714	-0.121304
3.12	1.13417	2.19991	1.68521	0.615446	-0.122316
3.125	1.13473	2.20488	1.68213	0.616177	-0.123331
3.13	1.13527	2.20985	1.67905	0.616907	-0.12435
3.135	1.13579	2.21483	1.67597	0.617636	-0.125373
3.14	1.1363	2.2198	1.67288	0.618363	-0.126399
3.145	1.1368	2.22478	1.66979	0.619089	-0.127428
3.15	1.13728	2.22975	1.66669	0.619813	-0.128461
3.155	1.13774	2.23473	1.66359	0.620537	-0.129497
3.16	1.13819	2.23971	1.66049	0.621259	-0.130537
3.165	1.13862	2.24469	1.65738	0.62198	-0.13158
3.17	1.13904	2.24967	1.65427	0.6227	-0.132625
3.175	1.13944	2.25466	1.65116	0.623418	-0.133674
3.18	1.13982	2.25964	1.64804	0.624136	-0.134725
3.185	1.14019	2.26463	1.64492	0.624853	-0.13578
3.19	1.14055	2.26962	1.6418	0.625568	-0.136837
3.195	1.14089	2.27461	1.63867	0.626283	-0.137897
3.2	1.14121	2.2796	1.63554	0.626997	-0.138959
3.205	1.14152	2.28459	1.6324	0.627709	-0.140024
3.21	1.14181	2.28958	1.62926	0.628421	-0.141092
3.215	1.14209	2.29457	1.62612	0.629132	-0.142161
3.22	1.14235	2.29956	1.62298	0.629842	-0.143233
3.225	1.14259	2.30456	1.61983	0.630551	-0.144308
3.23	1.14282	2.30955	1.61668	0.63126	-0.145384
3.235	1.14304	2.31455	1.61352	0.631967	-0.146462
3.24	1.14323	2.31954	1.61036	0.632674	-0.147542
3.245	1.14342	2.32454	1.6072	0.63338	-0.148624
3.25	1.14358	2.32954	1.60403	0.634085	-0.149708
3.255	1.14373	2.33453	1.60086	0.63479	-0.150794
3.26	1.14387	2.33953	1.59768	0.635494	-0.151881
3.265	1.14399	2.34453	1.59451	0.636197	-0.15297
3.27	1.14409	2.34953	1.59133	0.6369	-0.15406
3.275	1.14418	2.35453	1.58814	0.637602	-0.155152
3.28	1.14425	2.35953	1.58495	0.638303	-0.156244
3.285	1.1443	2.36453	1.58176	0.639004	-0.157338
3.29	1.14434	2.36953	1.57857	0.639704	-0.158434
3.295	1.14436	2.37453	1.57537	0.640404	-0.15953
3.3	1.14437	2.37953	1.57217	0.641103	-0.160627
3.305	1.14436	2.38453	1.56896	0.641802	-0.161725
3.31	1.14434	2.38953	1.56575	0.642501	-0.162824
3.315	1.14429	2.39453	1.56254	0.643198	-0.163924
3.32	1.14424	2.39953	1.55932	0.643896	-0.165024
3.325	1.14416	2.40453	1.5561	0.644593	-0.166125
3.33	1.14407	2.40953	1.55288	0.64529	-0.167226
3.335	1.14397	2.41453	1.54965	0.645986	-0.168328
3.34	1.14385	2.41952	1.54642	0.646682	-0.16943
3.345	1.14371	2.42452	1.54319	0.647378	-0.170532
3.35	1.14355	2.42952	1.53995	0.648073	-0.171634
3.355	1.14338	2.43452	1.53671	0.648768	-0.172737
3.36	1.1432	2.43951	1.53347	0.649463	-0.173839
3.365	1.14299	2.44451	1.53022	0.650157	-0.174941
3.37	1.14278	2.4495	1.52697	0.650851	-0.176044
3.375	1.14254	2.4545	1.52372	0.651545	-0.177145
3.38	1.14229	2.45949	1.52046	0.652239	-0.178247
3.385	1.14202	2.46449	1.5172	0.652933	-0.179348
3.39	1.14174	2.46948	1.51393	0.653626	-0.180449
3.395	1.14144	2.47447	1.51067	0.65432	-0.181549
3.4	1.14112	2.47946	1.50739	0.655013	-0.182648
3.405	1.14079	2.48445	1.50412	0.655706	-0.183746
3.41	1.14044	2.48944	1.50084	0.656399	-0.184844
3.415	1.14007	2.49442	1.49756	0.657092	-0.185941
3.42	1.13969	2.49941	1.49427	0.657785	-0.187037
3.425	1.13929	2.50439	1.49098	0.658478	-0.188131
3.43	1.13887	2.50937	1.48769	0.65917	-0.189225
3.435	1.13844	2.51436	1.4844	0.659863	-0.190317
3.44	1.138	2.51934	1.4811	0.660556	-0.191408
3.445	1.13753	2.52431	1.47779	0.661249	-0.192498
3.45	1.13705	2.52929	1.47449	0.661941	-0.193586
3.455	1.13655	2.53427	1.47118	0.662634	-0.194672
3.46	1.13604	2.53924	1.46786	0.663327	-0.195757
3.465	1.13551	2.54421	1.46455	0.66402	-0.19684
3.47	1.13496	2.54918	1.46123	0.664713	-0.197921
3.475	1.1344	2.55415	1.4579	0.665406	-0.199
3.48	1.13382	2.55912	1.45458	0.6661	-0.200078
3.485	1.13322	2.56408	1.45125	0.666793	-0.201153
3.49	1.13261	2.56904	1.44791	0.667487	-0.202226
3.495	1.13198	2.574	1.44458	0.66818	-0.203297
3.5	1.13133	2.57896	1.44123	0.668874	-0.204365
3.505	1.13067	2.58392	1.43789	0.669568	-0.205431
3.51	1.12999	2.58887	1.43454	0.670263	-0.206495
3.515	1.1293	2.59382	1.43119	0.670957	-0.207556
3.52	1.12858	2.59877	1.42784	0.671652	-0.208614
3.525	1.12786	2.60372	1.42448	0.672347	-0.20967
3.53	1.12711	2.60866	1.42112	0.673042	-0.210723
3.535	1.12635	2.6136	1.41775	0.673738	-0.211773
3.54	1.12557	2.61854	1.41438	0.674434	-0.21282
3.545	1.12477	2.62348	1.41101	0.67513	-0.213864
3.55	1.12396	2.62841	1.40763	0.675826	-0.214905
3.555	1.12313	2.63334	1.40426	0.676523	-0.215942
3.56	1.12229	2.63827	1.40087	0.67722	-0.216977
3.565	1.12142	2.6432	1.39749	0.677917	-0.218008
3.57	1.12055	2.64812	1.3941	0.678615	-0.219035
3.575	1.11965	2.65304	1.3907	0.679313	-0.220059
3.58	1.11874	2.65795	1.38731	0.680012	-0.221079
3.585	1.11781	2.66287	1.38391	0.680711	-0.222096
3.59	1.11686	2.66778	1.3805	0.68141	-0.223109
3.595	1.1159	2.67268	1.3771	0.68211	-0.224118
3.6	1.11492	2.67758	1.37369	0.682811	-0.225123
3.605	1.11393	2.68248	1.37027	0.683511	-0.226124
3.61	1.11291	2.68738	1.36685	0.684213	-0.227121
3.615	1.11188	2.69227	1.36343	0.684914	-0.228113
3.62	1.11084	2.69716	1.36001	0.685616	-0.229102
3.625	1.10977	2.70205	1.35658	0.686319	-0.230086
3.63	1.10869	2.70693	1.35315	0.687022	-0.231066
3.635	1.1076	2.71181	1.34971	0.687726	-0.232041
3.64	1.10648	2.71668	1.34628	0.68843	-0.233012
3.645	1.10535	2.72155	1.34283	0.689135	-0.233978
3.65	1.10421	2.72642	1.33939	0.68984	-0.234939
3.655	1.10304	2.73128	1.33594	0.690546	-0.235895
3.66	1.10186	2.73614	1.33249	0.691253	-0.236847
3.665	1.10067	2.741	1.32903	0.69196	-0.237793
3.67	1.09945	2.74585	1.32557	0.692667	-0.238735
3.675	1.09822	2.75069	1.32211	0.693376	-0.239671
3.68	1.09698	2.75554	1.31864	0.694085	-0.240602
3.685	1.09571	2.76037	1.31517	0.694794	-0.241528
3.69	1.09443	2.76521	1.3117	0.695505	-0.242449
3.695	1.09313	2.77004	1.30822	0.696215	-0.243364
3.7	1.09182	2.77486	1.30474	0.696927	-0.244273
3.705	1.09049	2.77968	1.30125	0.697639	-0.245177
3.71	1.08914	2.78449	1.29776	0.698352	-0.246076
3.715	1.08777	2.7893	1.29427	0.699066	-0.246968
3.72	1.08639	2.79411	1.29078	0.69978	-0.247855
3.725	1.08499	2.79891	1.28728	0.700495	-0.248736
3.73	1.08358	2.8037	1.28378	0.701211	-0.249611
3.735	1.08214	2.8085	1.28027	0.701928	-0.250479
3.74	1.0807	2.81328	1.27676	0.702645	-0.251342
3.745	1.07923	2.81806	1.27325	0.703363	-0.252199
3.75	1.07775	2.82284	1.26973	0.704082	-0.253049
3.755	1.07625	2.82761	1.26621	0.704802	-0.253893
3.76	1.07473	2.83237	1.26269	0.705522	-0.25473
3.765	1.0732	2.83713	1.25916	0.706244	-0.255561
3.77	1.07165	2.84188	1.25563	0.706966	-0.256385
3.775	1.07008	2.84663	1.25209	0.707689	-0.257203
3.78	1.0685	2.85137	1.24855	0.708413	-0.258014
3.785	1.0669	2.85611	1.24501	0.709137	-0.258818
3.79	1.06528	2.86084	1.24147	0.709863	-0.259616
3.795	1.06365	2.86557	1.23792	0.710589	-0.260406
3.8	1.062	2.87029	1.23436	0.711317	-0.26119
3.805	1.06033	2.875	1.23081	0.712045	-0.261966
3.81	1.05864	2.87971	1.22725	0.712774	-0.262735
3.815	1.05694	2.88441	1.22368	0.713504	-0.263497
3.82	1.05523	2.88911	1.22011	0.714235	-0.264252
3.825	1.05349	2.8938	1.21654	0.714967	-0.264999
3.83	1.05174	2.89848	1.21297	0.7157	-0.265739
3.835	1.04997	2.90316	1.20939	0.716434	-0.266471
3.84	1.04819	2.90783	1.20581	0.717169	-0.267196
3.845	1.04639	2.91249	1.20222	0.717905	-0.267913
3.85	1.04457	2.91715	1.19863	0.718641	-0.268622
3.855	1.04273	2.9218	1.19504	0.719379	-0.269324
3.86	1.04088	2.92644	1.19144	0.720118	-0.270017
3.865	1.03901	2.93108	1.18784	0.720858	-0.270703
3.87	1.03713	2.93571	1.18424	0.721599	-0.271381
3.875	1.03523	2.94034	1.18063	0.722341	-0.272051
3.88	1.03331	2.94496	1.17702	0.723084	-0.272712
3.885	1.03137	2.94957	1.1734	0.723828	-0.273366
3.89	1.02942	2.95417	1.16978	0.724573	-0.274011
3.895	1.02745	2.95876	1.16616	0.72532	-0.274648
3.9	1.02547	2.96335	1.16253	0.726067	-0.275276
3.905	1.02347	2.96794	1.1589	0.726816	-0.275896
3.91	1.02145	2.97251	1.15527	0.727565	-0.276507
3.915	1.01941	2.97708	1.15163	0.728316	-0.27711
3.92	1.01736	2.98164	1.14799	0.729068	-0.277704
3.925	1.01529	2.98619	1.14434	0.729821	-0.27829
3.93	1.01321	2.99073	1.1407	0.730575	-0.278867
3.935	1.01111	2.99527	1.13704	0.731331	-0.279434
3.94	1.00899	2.9998	1.13339	0.732087	-0.279993
3.945	1.00685	3.00432	1.12973	0.732845	-0.280543
3.95	1.0047	3.00884	1.12606	0.733604	-0.281084
3.955	1.00254	3.01334	1.12239	0.734365	-0.281616
3.96	1.00035	3.01784	1.11872	0.735126	-0.282138
3.965	0.99815	3.02233	1.11505	0.735889	-0.282652
3.97	0.995933	3.02681	1.11137	0.736653	-0.283156
3.975	0.9937	3.03128	1.10768	0.737418	-0.283651
3.98	0.991449	3.03575	1.104	0.738185	-0.284136
3.985	0.989183	3.04021	1.10031	0.738953	-0.284612
3.99	0.9869	3.04465	1.09661	0.739722	-0.285078
3.995	0.9846	3.04909	1.09291	0.740493	-0.285535
4	0.982284	3.05352	1.08921	0.741265	-0.285982
4.005	0.979952	3.05795	1.0855	0.742038	-0.28642
4.01	0.977603	3.06236	1.08179	0.742813	-0.286847
4.015	0.975238	3.06677	1.07808	0.743589	-0.287265
4.02	0.972857	3.07116	1.07436	0.744366	-0.287673
4.025	0.970459	3.07555	1.07064	0.745145	-0.288071
4.03	0.968045	3.07993	1.06691	0.745925	-0.288459
4.035	0.965614	3.0843	1.06318	0.746707	-0.288837
4.04	0.963167	3.08866	1.05945	0.74749	-0.289205
4.045	0.960704	3.09301	1.05571	0.748274	-0.289563
4.05	0.958225	3.09735	1.05197	0.74906	-0.289911
4.055	0.95573	3.10169	1.04823	0.749848	-0.290248
4.06	0.953218	3.10601	1.04448	0.750637	-0.290575
4.065	0.95069	3.11032	1.04072	0.751427	-0.290892
4.07	0.948146	3.11463	1.03697	0.752219	-0.291198
4.075	0.945585	3.11892	1.03321	0.753012	-0.291494
4.08	0.943009	3.12321	1.02944	0.753807	-0.291779
4.085	0.940416	3.12748	1.02567	0.754604	-0.292054
4.09	0.937807	3.13175	1.0219	0.755402	-0.292318
4.095	0.935183	3.136	1.01812	0.756202	-0.292572
4.1	0.932542	3.14025	1.01434	0.757003	-0.292814
4.105	0.929885	3.14448	1.01056	0.757806	-0.293046
4.11	0.927212	3.14871	1.00677	0.758611	-0.293268
4.115	0.924523	3.15292	1.00297	0.759417	-0.293478
4.12	0.921818	3.15713	0.999176	0.760225	-0.293677
4.125	0.919097	3.16132	0.995375	0.761034	-0.293866
4.13	0.91636	3.16551	0.99157	0.761846	-0.294043
4.135	0.913607	3.16968	0.987761	0.762659	-0.29421
4.14	0.910839	3.17385	0.983947	0.763473	-0.294365
4.145	0.908054	3.178	0.98013	0.76429	-0.29451
4.15	0.905254	3.18214	0.976309	0.765108	-0.294643
4.155	0.902437	3.18627	0.972483	0.765928	-0.294765
4.16	0.899605	3.19039	0.968653	0.766749	-0.294875
4.165	0.896757	3.1945	0.96482	0.767573	-0.294974
4.17	0.893894	3.1986	0.960982	0.768398	-0.295062
4.175	0.891015	3.20269	0.95714	0.769225	-0.295139
4.18	0.88812	3.20677	0.953294	0.770054	-0.295204
4.185	0.885209	3.21083	0.949443	0.770885	-0.295258
4.19	0.882282	3.21489	0.945589	0.771718	-0.2953
4.195	0.879341	3.21893	0.94173	0.772553	-0.295331
4.2	0.876383	3.22296	0.937868	0.773389	-0.29535
4.205	0.87341	3.22698	0.934001	0.774228	-0.295358
4.21	0.870421	3.23099	0.93013	0.775068	-0.295354
4.215	0.867417	3.23499	0.926254	0.775911	-0.295338
4.22	0.864397	3.23897	0.922375	0.776755	-0.29531
4.225	0.861362	3.24294	0.918491	0.777602	-0.295271
4.23	0.858312	3.24691	0.914603	0.77845	-0.29522
4.235	0.855246	3.25086	0.910711	0.779301	-0.295157
4.24	0.852165	3.25479	0.906814	0.780153	-0.295082
4.245	0.849068	3.25872	0.902913	0.781008	-0.294996
4.25	0.845956	3.26263	0.899008	0.781865	-0.294897
4.255	0.842829	3.26653	0.895099	0.782724	-0.294787
4.26	0.839686	3.27042	0.891185	0.783585	-0.294664
4.265	0.836529	3.2743	0.887267	0.784448	-0.29453
4.27	0.833356	3.27816	0.883345	0.785314	-0.294384
4.275	0.830168	3.28202	0.879419	0.786181	-0.294225
4.28	0.826965	3.28586	0.875488	0.787051	-0.294054
4.285	0.823747	3.28968	0.871553	0.787924	-0.293872
4.29	0.820513	3.2935	0.867613	0.788798	-0.293677
4.295	0.817265	3.2973	0.863669	0.789675	-0.29347
4.3	0.814002	3.30109	0.859721	0.790554	-0.29325
4.305	0.810724	3.30486	0.855768	0.791436	-0.293019
4.31	0.807431	3.30862	0.851811	0.79232	-0.292775
4.315	0.804123	3.31237	0.847849	0.793206	-0.292519
4.32	0.8008	3.31611	0.843883	0.794095	-0.292251
4.325	0.797462	3.31983	0.839912	0.794986	-0.29197
4.33	0.79411	3.32354	0.835938	0.79588	-0.291677
4.335	0.790742	3.32724	0.831958	0.796776	-0.291372
4.34	0.787361	3.33092	0.827974	0.797675	-0.291054
4.345	0.783964	3.33459	0.823986	0.798576	-0.290724
4.35	0.780553	3.33825	0.819993	0.79948	-0.290381
4.355	0.777127	3.34189	0.815996	0.800387	-0.290026
4.36	0.773687	3.34552	0.811994	0.801296	-0.289659
4.365	0.770232	3.34913	0.807987	0.802208	-0.289279
4.37	0.766763	3.35273	0.803976	0.803123	-0.288887
4.375	0.763279	3.35632	0.799961	0.80404	-0.288482
4.38	0.759781	3.35989	0.79594	0.80496	-0.288065
4.385	0.756269	3.36345	0.791916	0.805883	-0.287635
4.39	0.752742	3.36699	0.787886	0.806809	-0.287192
4.395	0.749201	3.37052	0.783852	0.807738	-0.286737
4.4	0.745646	3.37404	0.779813	0.80867	-0.28627
4.405	0.742076	3.37754	0.77577	0.809604	-0.28579
4.41	0.738493	3.38103	0.771722	0.810542	-0.285297
4.415	0.734895	3.3845	0.767669	0.811483	-0.284791
4.42	0.731284	3.38796	0.763612	0.812426	-0.284274
4.425	0.727658	3.3914	0.75955	0.813373	-0.283743
4.43	0.724018	3.39483	0.755483	0.814323	-0.2832
4.435	0.720364	3.39824	0.751411	0.815276	-0.282644
4.44	0.716697	3.40164	0.747335	0.816232	-0.282076
4.445	0.713016	3.40502	0.743254	0.817192	-0.281494
4.45	0.70932	3.40839	0.739168	0.818155	-0.280901
4.455	0.705612	3.41174	0.735077	0.819121	-0.280294
4.46	0.701889	3.41508	0.730981	0.820091	-0.279675
4.465	0.698153	3.41841	0.726881	0.821063	-0.279044
4.47	0.694403	3.42171	0.722776	0.82204	-0.278399
4.475	0.690639	3.425	0.718665	0.82302	-0.277742
4.48	0.686863	3.42828	0.71455	0.824003	-0.277072
4.485	0.683072	3.43154	0.71043	0.82499	-0.27639
4.49	0.679268	3.43479	0.706305	0.825981	-0.275695
4.495	0.675451	3.43802	0.702175	0.826975	-0.274987
4.5	0.671621	3.44123	0.698041	0.827974	-0.274267
4.505	0.667777	3.44443	0.693901	0.828976	-0.273534
4.51	0.66392	3.44761	0.689756	0.829981	-0.272788
4.515	0.66005	3.45078	0.685606	0.830991	-0.27203
4.52	0.656166	3.45392	0.681451	0.832005	-0.271259
4.525	0.65227	3.45706	0.677291	0.833022	-0.270475
4.53	0.648361	3.46018	0.673126	0.834044	-0.269679
4.535	0.644438	3.46328	0.668956	0.83507	-0.26887
4.54	0.640503	3.46636	0.66478	0.8361	-0.268049
4.545	0.636555	3.46943	0.6606	0.837135	-0.267215
4.55	0.632594	3.47248	0.656414	0.838173	-0.266368
4.555	0.62862	3.47551	0.652223	0.839216	-0.265509
4.56	0.624634	3.47853	0.648027	0.840264	-0.264637
4.565	0.620635	3.48153	0.643826	0.841316	-0.263752
4.57	0.616623	3.48452	0.639619	0.842372	-0.262855
4.575	0.612599	3.48749	0.635407	0.843433	-0.261946
4.58	0.608562	3.49044	0.63119	0.844499	-0.261024
4.585	0.604513	3.49337	0.626968	0.84557	-0.260089
4.59	0.600452	3.49629	0.62274	0.846646	-0.259142
4.595	0.596378	3.49919	0.618507	0.847726	-0.258183
4.6	0.592292	3.50207	0.614268	0.848812	-0.25721
4.605	0.588194	3.50493	0.610024	0.849902	-0.256226
4.61	0.584084	3.50778	0.605774	0.850998	-0.255229
4.615	0.579961	3.51061	0.601519	0.852099	-0.254219
4.62	0.575827	3.51342	0.597259	0.853206	-0.253198
4.625	0.571681	3.51621	0.592993	0.854318	-0.252163
4.63	0.567522	3.51899	0.588721	0.855435	-0.251117
4.635	0.563352	3.52175	0.584444	0.856558	-0.250058
4.64	0.55917	3.52449	0.580161	0.857687	-0.248987
4.645	0.554977	3.52721	0.575873	0.858822	-0.247903
4.65	0.550772	3.52992	0.571579	0.859963	-0.246807
4.655	0.546555	3.5326	0.567279	0.861109	-0.245699
4.66	0.542326	3.53527	0.562973	0.862262	-0.244579
4.665	0.538087	3.53792	0.558662	0.863421	-0.243446
4.67	0.533835	3.54056	0.554345	0.864587	-0.242301
4.675	0.529573	3.54317	0.550022	0.865759	-0.241145
4.68	0.525299	3.54576	0.545693	0.866937	-0.239975
4.685	0.521014	3.54834	0.541359	0.868122	-0.238794
4.69	0.516718	3.5509	0.537018	0.869315	-0.237601
4.695	0.51241	3.55344	0.532671	0.870514	-0.236396
4.7	0.508092	3.55596	0.528319	0.87172	-0.235178
4.705	0.503763	3.55846	0.52396	0.872933	-0.233949
4.71	0.499423	3.56094	0.519596	0.874154	-0.232708
4.715	0.495072	3.56341	0.515225	0.875383	-0.231454
4.72	0.49071	3.56585	0.510848	0.876619	-0.230189
4.725	0.486338	3.56828	0.506465	0.877863	-0.228912
4.73	0.481955	3.57068	0.502076	0.879115	-0.227623
4.735	0.477562	3.57307	0.49768	0.880376	-0.226322
4.74	0.473158	3.57544	0.493278	0.881644	-0.22501
4.745	0.468743	3.57778	0.48887	0.882921	-0.223686
4.75	0.464319	3.58011	0.484455	0.884207	-0.22235
4.755	0.459884	3.58242	0.480034	0.885502	-0.221002
4.76	0.455439	3.58471	0.475607	0.886806	-0.219643
4.765	0.450983	3.58698	0.471173	0.888119	-0.218272
4.77	0.446518	3.58923	0.466732	0.889442	-0.216889
4.775	0.442043	3.59146	0.462285	0.890774	-0.215495
4.78	0.437558	3.59367	0.457831	0.892117	-0.214089
4.785	0.433063	3.59586	0.45337	0.893469	-0.212672
4.79	0.428559	3.59803	0.448903	0.894832	-0.211244
4.795	0.424044	3.60018	0.444429	0.896206	-0.209804
4.8	0.41952	3.60231	0.439948	0.89759	-0.208352
4.805	0.414987	3.60442	0.43546	0.898986	-0.206889
4.81	0.410444	3.60651	0.430965	0.900393	-0.205415
4.815	0.405892	3.60858	0.426463	0.901812	-0.20393
4.82	0.401331	3.61062	0.421954	0.903243	-0.202434
4.825	0.39676	3.61265	0.417438	0.904686	-0.200926
4.83	0.39218	3.61466	0.412914	0.906142	-0.199407
4.835	0.387591	3.61664	0.408384	0.907611	-0.197877
4.84	0.382994	3.61861	0.403846	0.909093	-0.196336
4.845	0.378387	3.62055	0.3993	0.910589	-0.194784
4.85	0.373771	3.62248	0.394747	0.912098	-0.193221
4.855	0.369147	3.62438	0.390187	0.913623	-0.191647
4.86	0.364514	3.62626	0.385619	0.915162	-0.190062
4.865	0.359873	3.62812	0.381043	0.916716	-0.188467
4.87	0.355223	3.62996	0.376459	0.918286	-0.18686
4.875	0.350565	3.63177	0.371868	0.919872	-0.185243
4.88	0.345898	3.63357	0.367268	0.921475	-0.183614
4.885	0.341224	3.63534	0.362661	0.923094	-0.181975
4.89	0.336541	3.63709	0.358046	0.924732	-0.180326
4.895	0.33185	3.63882	0.353422	0.926387	-0.178665
4.9	0.327151	3.64053	0.34879	0.928061	-0.176995
4.905	0.322444	3.64222	0.34415	0.929755	-0.175313
4.91	0.317729	3.64388	0.339501	0.931468	-0.173621
4.915	0.313007	3.64553	0.334844	0.933202	-0.171918
4.92	0.308277	3.64715	0.330178	0.934957	-0.170205
4.925	0.30354	3.64875	0.325503	0.936734	-0.168482
4.93	0.298795	3.65032	0.320819	0.938534	-0.166748
4.935	0.294042	3.65188	0.316126	0.940357	-0.165004
4.94	0.289283	3.65341	0.311425	0.942204	-0.163249
4.945	0.284516	3.65492	0.306714	0.944077	-0.161484
4.95	0.279743	3.65641	0.301993	0.945975	-0.159709
4.955	0.274962	3.65787	0.297263	0.947901	-0.157924
4.96	0.270174	3.65931	0.292524	0.949855	-0.156128
4.965	0.26538	3.66073	0.287775	0.951838	-0.154322
4.97	0.260579	3.66213	0.283015	0.953851	-0.152506
4.975	0.255771	3.6635	0.278246	0.955895	-0.15068
4.98	0.250957	3.66485	0.273467	0.957973	-0.148844
4.985	0.246136	3.66618	0.268677	0.960084	-0.146997
4.99	0.241309	3.66748	0.263876	0.962231	-0.145141
4.995	0.236476	3.66877	0.259065	0.964415	-0.143274
5	0.231637	3.67002	0.254243	0.966638	-0.141397
5.005	0.226792	3.67126	0.24941	0.968901	-0.139511
5.01	0.22194	3.67247	0.244565	0.971207	-0.137614
5.015	0.217083	3.67365	0.239709	0.973557	-0.135707
5.02	0.212221	3.67482	0.234842	0.975954	-0.13379
5.025	0.207352	3.67596	0.229962	0.978399	-0.131864
5.03	0.202478	3.67707	0.22507	0.980895	-0.129927
5.035	0.197599	3.67817	0.220165	0.983446	-0.12798
5.04	0.192714	3.67923	0.215248	0.986053	-0.126023
5.045	0.187825	3.68028	0.210318	0.98872	-0.124056
5.05	0.18293	3.6813	0.205374	0.991451	-0.122079
5.055	0.17803	3.68229	0.200417	0.994248	-0.120092
5.06	0.173125	3.68326	0.195446	0.997117	-0.118095
5.065	0.168215	3.68421	0.19046	1.00006	-0.116088
5.07	0.163301	3.68513	0.18546	1.00308	-0.114071
5.075	0.158382	3.68603	0.180444	1.00619	-0.112043
5.08	0.153459	3.6869	0.175413	1.00939	-0.110005
5.085	0.148531	3.68775	0.170367	1.01269	-0.107957
5.09	0.1436	3.68857	0.165303	1.01609	-0.105899
5.095	0.138664	3.68937	0.160223	1.01961	-0.10383
5.1	0.133724	3.69014	0.155125	1.02324	-0.101751
5.105	0.12878	3.69089	0.150008	1.02701	-0.0996617
5.11	0.123832	3.69161	0.144873	1.03092	-0.0975615
5.115	0.118881	3.69231	0.139719	1.03498	-0.0954506
5.12	0.113926	3.69298	0.134544	1.03921	-0.0933291
5.125	0.108968	3.69362	0.129348	1.04363	-0.0911968
5.13	0.104006	3.69424	0.12413	1.04826	-0.0890536
5.135	0.0990417	3.69484	0.118888	1.05311	-0.0868996
5.14	0.0940739	3.6954	0.113623	1.05821	-0.0847346
5.145	0.0891032	3.69594	0.108332	1.0636	-0.0825587
5.15	0.0841297	3.69646	0.103014	1.06932	-0.0803719
5.155	0.0791536	3.69695	0.0976671	1.0754	-0.0781742
5.16	0.0741748	3.69741	0.0922901	1.0819	-0.0759659
5.165	0.0691937	3.69784	0.0868806	1.0889	-0.0737472
5.17	0.0642103	3.69825	0.0814361	1.09648	-0.0715187
5.175	0.0592247	3.69863	0.0759537	1.10476	-0.0692813
5.18	0.0542371	3.69898	0.0704299	1.1139	-0.0670362
5.185	0.0492476	3.6993	0.0648604	1.12411	-0.0647856
5.19	0.0442564	3.6996	0.0592399	1.13569	-0.0625328
5.195	0.0392635	3.69987	0.0535614	1.1491	-0.0602833
5.2	0.0342692	3.7001	0.0478159	1.16506	-0.0580464
5.205	0.0292737	3.70031	0.0419906	1.18479	-0.0558384
5.21	0.0242769	3.70049	0.0360667	1.21052	-0.0536902
5.215	0.0192792	3.70064	0.0300141	1.24693	-0.0516651
5.22	0.0142806	3.70076	0.0237795	1.30558	-0.0499138
5.225	0.00928131	3.70085	0.0172515	1.42371	-0.0488864
5.23	0.00428157	3.7009	0.010133	1.79171	-0.050749
5.235	-0.000718425	3.70091	0.00117441	5.5211	-0.116125
