descriptor s_test R_test Z_test
0	1.29099	9.99999e-006	0.002	-0.402385	-0.00161603
0.005	1.28599	3.00596e-005	0.00401192	-0.404782	-0.00324814
0.01	1.28099	6.02385e-005	0.00603583	-0.407191	-0.00489638
0.015	1.27599	0.000100597	0.00807179	-0.409612	-0.00656081
0.02	1.27099	0.000151195	0.0101198	-0.412046	-0.00824148
0.025	1.26599	0.000212094	0.0121801	-0.414493	-0.00993845
0.03	1.26099	0.000283355	0.0142525	-0.416954	-0.0116518
0.035	1.25599	0.000365038	0.0163373	-0.419428	-0.0133815
0.04	1.25099	0.000457205	0.0184345	-0.421915	-0.0151277
0.045	1.24599	0.000559917	0.020544	-0.424417	-0.0168904
0.05	1.241	0.000673238	0.0226661	-0.426933	-0.0186698
0.055	1.236	0.00079723	0.0248008	-0.429463	-0.0204657
0.06	1.231	0.000931954	0.0269481	-0.432008	-0.0222784
0.065	1.226	0.00107747	0.0291081	-0.434569	-0.0241078
0.07	1.221	0.00123385	0.031281	-0.437145	-0.0259541
0.075	1.21601	0.00140116	0.0334667	-0.439736	-0.0278172
0.08	1.21101	0.00157944	0.0356654	-0.442344	-0.0296973
0.085	1.20601	0.00176878	0.0378771	-0.444967	-0.0315945
0.09	1.20102	0.00196924	0.0401019	-0.447608	-0.0335087
0.095	1.19602	0.00218088	0.04234	-0.450265	-0.03544
0.1	1.19103	0.00240376	0.0445913	-0.45294	-0.0373886
0.105	1.18603	0.00263795	0.046856	-0.455632	-0.0393545
0.11	1.18104	0.00288353	0.0491342	-0.458342	-0.0413377
0.115	1.17604	0.00314054	0.0514259	-0.46107	-0.0433383
0.12	1.17105	0.00340907	0.0537312	-0.463817	-0.0453565
0.125	1.16606	0.00368917	0.0560503	-0.466583	-0.0473922
0.13	1.16107	0.00398092	0.0583832	-0.469369	-0.0494455
0.135	1.15608	0.00428439	0.0607301	-0.472174	-0.0515166
0.14	1.15109	0.00459963	0.0630909	-0.474999	-0.0536054
0.145	1.1461	0.00492673	0.0654659	-0.477844	-0.0557121
0.15	1.14111	0.00526574	0.0678552	-0.480711	-0.0578368
0.155	1.13612	0.00561675	0.0702587	-0.483598	-0.0599795
0.16	1.13113	0.00597981	0.0726767	-0.486507	-0.0621402
0.165	1.12615	0.00635501	0.0751092	-0.489439	-0.0643192
0.17	1.12116	0.0067424	0.0775564	-0.492392	-0.0665164
0.175	1.11618	0.00714206	0.0800184	-0.495369	-0.0687319
0.18	1.1112	0.00755407	0.0824952	-0.498369	-0.0709659
0.185	1.10622	0.0079785	0.0849871	-0.501393	-0.0732184
0.19	1.10123	0.00841541	0.087494	-0.504441	-0.0754895
0.195	1.09625	0.00886488	0.0900162	-0.507513	-0.0777793
0.2	1.09128	0.00932699	0.0925538	-0.510611	-0.0800878
0.205	1.0863	0.00980181	0.0951069	-0.513734	-0.0824153
0.21	1.08132	0.0102894	0.0976755	-0.516884	-0.0847616
0.215	1.07635	0.0107899	0.10026	-0.52006	-0.0871271
0.22	1.07137	0.0113033	0.10286	-0.523263	-0.0895117
0.225	1.0664	0.0118297	0.105477	-0.526494	-0.0919155
0.23	1.06143	0.0123692	0.108109	-0.529752	-0.0943386
0.235	1.05646	0.0129218	0.110758	-0.53304	-0.0967812
0.24	1.05149	0.0134877	0.113423	-0.536357	-0.0992434
0.245	1.04653	0.0140669	0.116105	-0.539703	-0.101725
0.25	1.04156	0.0146596	0.118803	-0.54308	-0.104227
0.255	1.0366	0.0152657	0.121519	-0.546488	-0.106748
0.26	1.03164	0.0158853	0.124251	-0.549927	-0.109289
0.265	1.02668	0.0165186	0.127001	-0.553399	-0.111851
0.27	1.02172	0.0171656	0.129768	-0.556903	-0.114432
0.275	1.01676	0.0178265	0.132552	-0.56044	-0.117034
0.28	1.01181	0.0185012	0.135354	-0.564012	-0.119657
0.285	1.00686	0.0191898	0.138175	-0.567618	-0.122299
0.29	1.00191	0.0198926	0.141013	-0.571259	-0.124963
0.295	0.996959	0.0206094	0.143869	-0.574936	-0.127647
0.3	0.992012	0.0213405	0.146744	-0.57865	-0.130352
0.305	0.987068	0.0220859	0.149637	-0.582401	-0.133078
0.31	0.982126	0.0228457	0.152549	-0.586191	-0.135825
0.315	0.977187	0.02362	0.15548	-0.590019	-0.138594
0.32	0.972249	0.0244088	0.15843	-0.593887	-0.141383
0.325	0.967314	0.0252123	0.161399	-0.597795	-0.144195
0.33	0.962382	0.0260306	0.164388	-0.601744	-0.147028
0.335	0.957452	0.0268636	0.167397	-0.605735	-0.149882
0.34	0.952524	0.0277117	0.170426	-0.609769	-0.152759
0.345	0.947599	0.0285747	0.173475	-0.613846	-0.155658
0.35	0.942677	0.0294528	0.176544	-0.617968	-0.158578
0.355	0.937757	0.0303462	0.179634	-0.622135	-0.161522
0.36	0.932841	0.0312548	0.182744	-0.626348	-0.164487
0.365	0.927927	0.0321789	0.185876	-0.630608	-0.167475
0.37	0.923016	0.0331184	0.189029	-0.634916	-0.170486
0.375	0.918108	0.0340735	0.192204	-0.639272	-0.17352
0.38	0.913203	0.0350443	0.1954	-0.643679	-0.176577
0.385	0.908301	0.0360309	0.198618	-0.648136	-0.179658
0.39	0.903403	0.0370333	0.201859	-0.652645	-0.182761
0.395	0.898508	0.0380518	0.205122	-0.657207	-0.185888
0.4	0.893616	0.0390863	0.208408	-0.661823	-0.189039
0.405	0.888727	0.040137	0.211717	-0.666494	-0.192214
0.41	0.883843	0.0412039	0.21505	-0.671221	-0.195413
0.415	0.878961	0.0422873	0.218406	-0.676004	-0.198636
0.42	0.874084	0.0433872	0.221786	-0.680846	-0.201883
0.425	0.86921	0.0445036	0.22519	-0.685747	-0.205155
0.43	0.86434	0.0456368	0.228619	-0.690709	-0.208452
0.435	0.859474	0.0467868	0.232073	-0.695733	-0.211773
0.44	0.854612	0.0479537	0.235551	-0.700819	-0.21512
0.445	0.849754	0.0491376	0.239055	-0.70597	-0.218492
0.45	0.844901	0.0503387	0.242585	-0.711186	-0.221889
0.455	0.840052	0.051557	0.246141	-0.716469	-0.225312
0.46	0.835207	0.0527927	0.249723	-0.72182	-0.228761
0.465	0.830366	0.0540458	0.253333	-0.72724	-0.232236
0.47	0.82553	0.0553166	0.256969	-0.732731	-0.235737
0.475	0.820699	0.056605	0.260632	-0.738295	-0.239264
0.48	0.815873	0.0579113	0.264324	-0.743932	-0.242819
0.485	0.811051	0.0592355	0.268044	-0.749644	-0.2464
0.49	0.806235	0.0605778	0.271792	-0.755434	-0.250008
0.495	0.801424	0.0619383	0.275569	-0.761301	-0.253643
0.5	0.796618	0.0633171	0.279375	-0.767248	-0.257305
0.505	0.791817	0.0647143	0.283212	-0.773276	-0.260996
0.51	0.787021	0.06613	0.287078	-0.779388	-0.264714
0.515	0.782232	0.0675645	0.290975	-0.785584	-0.26846
0.52	0.777447	0.0690177	0.294903	-0.791866	-0.272235
0.525	0.772669	0.0704899	0.298862	-0.798237	-0.276038
0.53	0.767897	0.0719811	0.302853	-0.804697	-0.27987
0.535	0.76313	0.0734915	0.306877	-0.811249	-0.283731
0.54	0.75837	0.0750212	0.310933	-0.817895	-0.287621
0.545	0.753616	0.0765704	0.315023	-0.824636	-0.29154
0.55	0.748868	0.0781392	0.319146	-0.831475	-0.295489
0.555	0.744127	0.0797277	0.323303	-0.838413	-0.299468
0.56	0.739393	0.0813361	0.327495	-0.845452	-0.303477
0.565	0.734666	0.0829644	0.331723	-0.852594	-0.307517
0.57	0.729945	0.0846129	0.335985	-0.859842	-0.311587
0.575	0.725232	0.0862817	0.340285	-0.867198	-0.315688
0.58	0.720526	0.0879709	0.344621	-0.874663	-0.31982
0.585	0.715827	0.0896807	0.348994	-0.88224	-0.323983
0.59	0.711136	0.0914111	0.353405	-0.889931	-0.328178
0.595	0.706453	0.0931625	0.357855	-0.897739	-0.332404
0.6	0.701778	0.0949348	0.362344	-0.905666	-0.336663
0.605	0.697111	0.0967283	0.366872	-0.913713	-0.340954
0.61	0.692452	0.0985431	0.37144	-0.921885	-0.345277
0.615	0.687801	0.100379	0.37605	-0.930182	-0.349633
0.62	0.683159	0.102237	0.380701	-0.938608	-0.354022
0.625	0.678526	0.104117	0.385394	-0.947165	-0.358444
0.63	0.673901	0.106018	0.39013	-0.955856	-0.3629
0.635	0.669286	0.107942	0.394909	-0.964683	-0.367389
0.64	0.66468	0.109888	0.399732	-0.97365	-0.371912
0.645	0.660084	0.111856	0.404601	-0.982758	-0.376469
0.65	0.655498	0.113847	0.409514	-0.99201	-0.381061
0.655	0.650921	0.11586	0.414474	-1.00141	-0.385687
0.66	0.646354	0.117897	0.419481	-1.01096	-0.390348
0.665	0.641798	0.119956	0.424536	-1.02066	-0.395044
0.67	0.637253	0.122039	0.42964	-1.03052	-0.399776
0.675	0.632718	0.124145	0.434792	-1.04054	-0.404542
0.68	0.628194	0.126275	0.439995	-1.05072	-0.409345
0.685	0.623682	0.128428	0.445249	-1.06107	-0.414183
0.69	0.619181	0.130606	0.450554	-1.07158	-0.419057
0.695	0.614691	0.132807	0.455912	-1.08227	-0.423967
0.7	0.610214	0.135033	0.461323	-1.09313	-0.428914
0.705	0.605749	0.137283	0.466789	-1.10417	-0.433897
0.71	0.601296	0.139558	0.47231	-1.11539	-0.438917
0.715	0.596856	0.141857	0.477887	-1.12679	-0.443973
0.72	0.59243	0.144182	0.483521	-1.13839	-0.449067
0.725	0.588016	0.146531	0.489213	-1.15017	-0.454197
0.73	0.583616	0.148906	0.494963	-1.16215	-0.459365
0.735	0.57923	0.151307	0.500774	-1.17432	-0.46457
0.74	0.574858	0.153733	0.506646	-1.1867	-0.469812
0.745	0.570501	0.156185	0.512579	-1.19928	-0.475092
0.75	0.566158	0.158663	0.518576	-1.21207	-0.480408
0.755	0.561831	0.161168	0.524636	-1.22507	-0.485763
0.76	0.557519	0.163699	0.530761	-1.23829	-0.491154
0.765	0.553222	0.166256	0.536953	-1.25172	-0.496583
0.77	0.548942	0.168841	0.543211	-1.26538	-0.502049
0.775	0.544678	0.171452	0.549538	-1.27926	-0.507553
0.78	0.540431	0.174091	0.555935	-1.29337	-0.513093
0.785	0.536201	0.176757	0.562401	-1.30771	-0.518671
0.79	0.531989	0.179451	0.56894	-1.32229	-0.524285
0.795	0.527794	0.182172	0.575551	-1.3371	-0.529935
0.8	0.523618	0.184922	0.582237	-1.35216	-0.535622
0.805	0.519461	0.187699	0.588998	-1.36746	-0.541345
0.81	0.515322	0.190505	0.595835	-1.383	-0.547104
0.815	0.511203	0.19334	0.60275	-1.3988	-0.552898
0.82	0.507104	0.196203	0.609744	-1.41485	-0.558727
0.825	0.503026	0.199095	0.616818	-1.43115	-0.56459
0.83	0.498968	0.202017	0.623974	-1.44772	-0.570487
0.835	0.494931	0.204967	0.631212	-1.46454	-0.576418
0.84	0.490917	0.207947	0.638535	-1.48163	-0.582381
0.845	0.486924	0.210957	0.645943	-1.49898	-0.588376
0.85	0.482954	0.213997	0.653438	-1.51659	-0.594403
0.855	0.479007	0.217066	0.661021	-1.53447	-0.60046
0.86	0.475084	0.220166	0.668694	-1.55262	-0.606546
0.865	0.471185	0.223296	0.676457	-1.57105	-0.612661
0.87	0.467311	0.226457	0.684312	-1.58974	-0.618804
0.875	0.463462	0.229648	0.692261	-1.6087	-0.624973
0.88	0.459638	0.232871	0.700304	-1.62793	-0.631167
0.885	0.455842	0.236124	0.708444	-1.64743	-0.637385
0.89	0.452072	0.239408	0.716681	-1.6672	-0.643625
0.895	0.448329	0.242724	0.725017	-1.68724	-0.649887
0.9	0.444615	0.246071	0.733453	-1.70754	-0.656167
0.905	0.440929	0.24945	0.741991	-1.72811	-0.662465
0.91	0.437273	0.252861	0.750631	-1.74894	-0.668779
0.915	0.433647	0.256303	0.759376	-1.77002	-0.675107
0.92	0.430051	0.259777	0.768226	-1.79136	-0.681447
0.925	0.426486	0.263284	0.777183	-1.81294	-0.687796
0.93	0.422954	0.266822	0.786248	-1.83477	-0.694152
0.935	0.419454	0.270393	0.795421	-1.85683	-0.700512
0.94	0.415987	0.273996	0.804706	-1.87913	-0.706875
0.945	0.412555	0.277632	0.814101	-1.90164	-0.713237
0.95	0.409157	0.2813	0.823609	-1.92437	-0.719596
0.955	0.405794	0.285	0.833231	-1.94729	-0.725947
0.96	0.402468	0.288733	0.842968	-1.97041	-0.732289
0.965	0.399179	0.292499	0.85282	-1.99372	-0.738617
0.97	0.395927	0.296297	0.862788	-2.01718	-0.744928
0.975	0.392714	0.300128	0.872874	-2.04081	-0.751218
0.98	0.38954	0.303992	0.883078	-2.06456	-0.757483
0.985	0.386406	0.307888	0.893401	-2.08845	-0.76372
0.99	0.383313	0.311816	0.903843	-2.11243	-0.769923
0.995	0.380262	0.315777	0.914405	-2.1365	-0.776089
1	0.377253	0.319771	0.925088	-2.16064	-0.782212
1.005	0.374288	0.323796	0.935891	-2.18482	-0.788287
1.01	0.371366	0.327854	0.946815	-2.20902	-0.794311
1.015	0.36849	0.331944	0.95786	-2.23322	-0.800276
1.02	0.36566	0.336066	0.969027	-2.25739	-0.806179
1.025	0.362876	0.340219	0.980314	-2.2815	-0.812013
1.03	0.360139	0.344404	0.991721	-2.30553	-0.817772
1.035	0.357452	0.34862	1.00325	-2.32945	-0.823451
1.04	0.354813	0.352867	1.0149	-2.35321	-0.829043
1.045	0.352225	0.357145	1.02666	-2.3768	-0.834542
1.05	0.349687	0.361453	1.03855	-2.40017	-0.839942
1.055	0.347202	0.365792	1.05055	-2.42329	-0.845235
1.06	0.344769	0.37016	1.06266	-2.44612	-0.850415
1.065	0.34239	0.374558	1.07489	-2.46863	-0.855476
1.07	0.340065	0.378984	1.08724	-2.49077	-0.860409
1.075	0.337796	0.38344	1.09969	-2.51251	-0.865209
1.08	0.335583	0.387923	1.11225	-2.5338	-0.869867
1.085	0.333427	0.392434	1.12492	-2.55459	-0.874378
1.09	0.331328	0.396973	1.1377	-2.57485	-0.878732
1.095	0.329288	0.401538	1.15057	-2.59453	-0.882923
1.1	0.327308	0.406129	1.16354	-2.61359	-0.886945
1.105	0.325388	0.410745	1.17661	-2.63197	-0.890788
1.11	0.323528	0.415387	1.18977	-2.64964	-0.894447
1.115	0.32173	0.420052	1.20302	-2.66655	-0.897914
1.12	0.319995	0.424742	1.21635	-2.68265	-0.901183
1.125	0.318323	0.429454	1.22976	-2.69789	-0.904245
1.13	0.316714	0.434188	1.24325	-2.71224	-0.907096
1.135	0.31517	0.438943	1.25682	-2.72564	-0.909727
1.14	0.313691	0.443719	1.27044	-2.73806	-0.912133
1.145	0.312277	0.448515	1.28413	-2.74945	-0.914308
1.15	0.310929	0.45333	1.29788	-2.75978	-0.916246
1.155	0.309648	0.458163	1.31168	-2.76899	-0.917942
1.16	0.308434	0.463014	1.32552	-2.77706	-0.919391
1.165	0.307287	0.467881	1.33941	-2.78395	-0.920588
1.17	0.306209	0.472763	1.35333	-2.78963	-0.921529
1.175	0.305198	0.47766	1.36728	-2.79406	-0.92221
1.18	0.304256	0.48257	1.38125	-2.79723	-0.922628
1.185	0.303383	0.487493	1.39523	-2.7991	-0.922781
1.19	0.302578	0.492428	1.40923	-2.79965	-0.922665
1.195	0.301843	0.497374	1.42323	-2.79888	-0.922279
1.2	0.301177	0.502329	1.43722	-2.79675	-0.921622
1.205	0.300581	0.507294	1.45121	-2.79326	-0.920693
1.21	0.300054	0.512266	1.46517	-2.78841	-0.919492
1.215	0.299596	0.517245	1.47911	-2.78219	-0.91802
1.22	0.299207	0.52223	1.49303	-2.77459	-0.916277
1.225	0.298888	0.527219	1.5069	-2.76563	-0.914265
1.23	0.298638	0.532213	1.52073	-2.75532	-0.911987
1.235	0.298456	0.53721	1.5345	-2.74365	-0.909445
1.24	0.298344	0.542209	1.54822	-2.73065	-0.906641
1.245	0.298299	0.547208	1.56187	-2.71634	-0.903581
1.25	0.298322	0.552208	1.57546	-2.70073	-0.900268
1.255	0.298413	0.557207	1.58896	-2.68386	-0.896708
1.26	0.298571	0.562205	1.60238	-2.66575	-0.892905
1.265	0.298795	0.5672	1.61571	-2.64644	-0.888864
1.27	0.299086	0.572191	1.62894	-2.62596	-0.884594
1.275	0.299442	0.577179	1.64207	-2.60434	-0.880098
1.28	0.299863	0.582161	1.65509	-2.58163	-0.875386
1.285	0.300348	0.587137	1.668	-2.55786	-0.870463
1.29	0.300897	0.592107	1.68079	-2.53309	-0.865337
1.295	0.301509	0.59707	1.69345	-2.50736	-0.860017
1.3	0.302183	0.602024	1.70599	-2.48072	-0.854509
1.305	0.302918	0.60697	1.7184	-2.45321	-0.848823
1.31	0.303714	0.611906	1.73066	-2.42488	-0.842965
1.315	0.30457	0.616832	1.74279	-2.39579	-0.836946
1.32	0.305484	0.621748	1.75476	-2.36598	-0.830772
1.325	0.306457	0.626652	1.76659	-2.33551	-0.824454
1.33	0.307487	0.631545	1.77827	-2.30442	-0.817998
1.335	0.308573	0.636426	1.78979	-2.27278	-0.811414
1.34	0.309715	0.641293	1.80116	-2.24063	-0.804711
1.345	0.310911	0.646148	1.81236	-2.20801	-0.797896
1.35	0.312161	0.65099	1.8234	-2.17499	-0.790978
1.355	0.313463	0.655817	1.83428	-2.1416	-0.783965
1.36	0.314817	0.66063	1.84498	-2.1079	-0.776866
1.365	0.316221	0.665429	1.85552	-2.07393	-0.769688
1.37	0.317675	0.670213	1.86589	-2.03974	-0.762439
1.375	0.319178	0.674982	1.87609	-2.00537	-0.755126
1.38	0.320729	0.679735	1.88612	-1.97087	-0.747758
1.385	0.322326	0.684473	1.89597	-1.93627	-0.74034
1.39	0.323969	0.689195	1.90565	-1.90161	-0.73288
1.395	0.325657	0.693902	1.91516	-1.86694	-0.725386
1.4	0.327389	0.698592	1.9245	-1.83228	-0.717862
1.405	0.329164	0.703267	1.93366	-1.79767	-0.710316
1.41	0.330981	0.707925	1.94265	-1.76315	-0.702753
1.415	0.332838	0.712567	1.95146	-1.72875	-0.69518
1.42	0.334736	0.717193	1.96011	-1.69449	-0.687601
1.425	0.336673	0.721803	1.96858	-1.6604	-0.680021
1.43	0.338648	0.726396	1.97688	-1.6265	-0.672447
1.435	0.340661	0.730973	1.98501	-1.59283	-0.664882
1.44	0.342709	0.735534	1.99298	-1.5594	-0.657332
1.445	0.344794	0.740079	2.00077	-1.52624	-0.6498
1.45	0.346912	0.744608	2.00841	-1.49335	-0.64229
1.455	0.349065	0.749121	2.01587	-1.46077	-0.634806
1.46	0.351251	0.753618	2.02318	-1.4285	-0.627352
1.465	0.353468	0.758099	2.03032	-1.39657	-0.619931
1.47	0.355717	0.762565	2.0373	-1.36498	-0.612546
1.475	0.357996	0.767015	2.04413	-1.33374	-0.605201
1.48	0.360305	0.77145	2.0508	-1.30288	-0.597897
1.485	0.362643	0.77587	2.05731	-1.27239	-0.590637
1.49	0.365009	0.780275	2.06367	-1.24228	-0.583425
1.495	0.367402	0.784665	2.06988	-1.21257	-0.576261
1.5	0.369822	0.78904	2.07595	-1.18325	-0.569148
1.505	0.372267	0.793401	2.08186	-1.15434	-0.562089
1.51	0.374738	0.797748	2.08763	-1.12584	-0.555083
1.515	0.377233	0.802081	2.09326	-1.09775	-0.548134
1.52	0.379752	0.806401	2.09875	-1.07007	-0.541242
1.525	0.382294	0.810706	2.1041	-1.04282	-0.534408
1.53	0.384858	0.814999	2.10932	-1.01597	-0.527635
1.535	0.387444	0.819278	2.1144	-0.989551	-0.520922
1.54	0.390051	0.823544	2.11934	-0.963547	-0.514271
1.545	0.392679	0.827798	2.12416	-0.93796	-0.507682
1.55	0.395327	0.832039	2.12885	-0.912791	-0.501157
1.555	0.397994	0.836269	2.13342	-0.888036	-0.494695
1.56	0.40068	0.840486	2.13786	-0.863694	-0.488298
1.565	0.403383	0.844692	2.14217	-0.839763	-0.481965
1.57	0.406105	0.848886	2.14637	-0.816239	-0.475697
1.575	0.408844	0.85307	2.15045	-0.79312	-0.469494
1.58	0.411599	0.857242	2.15442	-0.770402	-0.463357
1.585	0.41437	0.861404	2.15827	-0.748081	-0.457285
1.59	0.417157	0.865555	2.16201	-0.726154	-0.451279
1.595	0.419959	0.869696	2.16564	-0.704615	-0.445339
1.6	0.422776	0.873827	2.16917	-0.68346	-0.439464
1.605	0.425606	0.877949	2.17258	-0.662685	-0.433654
1.61	0.42845	0.882061	2.1759	-0.642285	-0.427909
1.615	0.431308	0.886164	2.17911	-0.622254	-0.42223
1.62	0.434178	0.890259	2.18222	-0.602589	-0.416615
1.625	0.43706	0.894344	2.18523	-0.583283	-0.411065
1.63	0.439955	0.898421	2.18815	-0.564331	-0.405579
1.635	0.442861	0.90249	2.19097	-0.545728	-0.400156
1.64	0.445778	0.906551	2.1937	-0.527469	-0.394798
1.645	0.448705	0.910604	2.19634	-0.509547	-0.389502
1.65	0.451643	0.91465	2.19888	-0.491959	-0.384269
1.655	0.454591	0.918688	2.20134	-0.474697	-0.379098
1.66	0.457549	0.92272	2.20372	-0.457757	-0.373989
1.665	0.460516	0.926745	2.20601	-0.441132	-0.368941
1.67	0.463491	0.930763	2.20821	-0.424819	-0.363953
1.675	0.466475	0.934775	2.21034	-0.40881	-0.359026
1.68	0.469468	0.938781	2.21238	-0.393101	-0.354159
1.685	0.472468	0.94278	2.21435	-0.377685	-0.349351
1.69	0.475476	0.946775	2.21623	-0.362559	-0.344601
1.695	0.47849	0.950763	2.21805	-0.347716	-0.33991
1.7	0.481512	0.954747	2.21979	-0.333151	-0.335276
1.705	0.484541	0.958725	2.22145	-0.318858	-0.330699
1.71	0.487576	0.962699	2.22305	-0.304833	-0.326179
1.715	0.490617	0.966668	2.22457	-0.291071	-0.321714
1.72	0.493663	0.970632	2.22602	-0.277566	-0.317304
1.725	0.496716	0.974593	2.22741	-0.264313	-0.312949
1.73	0.499773	0.978549	2.22873	-0.251307	-0.308649
1.735	0.502835	0.982501	2.22999	-0.238544	-0.304401
1.74	0.505903	0.98645	2.23118	-0.226018	-0.300207
1.745	0.508974	0.990395	2.23231	-0.213725	-0.296065
1.75	0.51205	0.994337	2.23338	-0.201661	-0.291974
1.755	0.51513	0.998276	2.23439	-0.18982	-0.287935
1.76	0.518213	1.00221	2.23534	-0.178198	-0.283946
1.765	0.5213	1.00615	2.23623	-0.166791	-0.280008
1.77	0.52439	1.01008	2.23706	-0.155594	-0.276119
1.775	0.527484	1.014	2.23784	-0.144603	-0.272279
1.78	0.53058	1.01793	2.23857	-0.133814	-0.268487
1.785	0.533679	1.02185	2.23923	-0.123222	-0.264743
1.79	0.53678	1.02578	2.23985	-0.112824	-0.261046
1.795	0.539883	1.0297	2.24041	-0.102616	-0.257396
1.8	0.542989	1.03362	2.24093	-0.0925932	-0.253792
1.805	0.546096	1.03753	2.24139	-0.0827523	-0.250233
1.81	0.549205	1.04145	2.2418	-0.0730895	-0.24672
1.815	0.552315	1.04536	2.24217	-0.063601	-0.243251
1.82	0.555427	1.04928	2.24249	-0.0542834	-0.239826
1.825	0.55854	1.05319	2.24276	-0.0451329	-0.236445
1.83	0.561653	1.0571	2.24299	-0.0361462	-0.233107
1.835	0.564767	1.06101	2.24317	-0.0273199	-0.229811
1.84	0.567882	1.06493	2.2433	-0.0186507	-0.226558
1.845	0.570997	1.06884	2.2434	-0.0101352	-0.223345
1.85	0.574112	1.07275	2.24345	-0.00177027	-0.220174
1.855	0.577228	1.07666	2.24346	0.00644717	-0.217044
1.86	0.580343	1.08057	2.24342	0.0145202	-0.213954
1.865	0.583458	1.08448	2.24335	0.0224518	-0.210903
1.87	0.586572	1.08839	2.24324	0.030245	-0.207891
1.875	0.589686	1.0923	2.24309	0.0379025	-0.204919
1.88	0.592799	1.09622	2.2429	0.0454272	-0.201984
1.885	0.595912	1.10013	2.24267	0.0528218	-0.199088
1.89	0.599023	1.10404	2.24241	0.0600891	-0.196229
1.895	0.602133	1.10796	2.24211	0.0672317	-0.193406
1.9	0.605242	1.11188	2.24177	0.074252	-0.190621
1.905	0.608349	1.11579	2.2414	0.0811527	-0.187872
1.91	0.611455	1.11971	2.24099	0.0879362	-0.185158
1.915	0.614559	1.12363	2.24055	0.0946049	-0.18248
1.92	0.617661	1.12755	2.24008	0.101161	-0.179837
1.925	0.620761	1.13148	2.23957	0.107607	-0.177228
1.93	0.623859	1.1354	2.23904	0.113946	-0.174654
1.935	0.626955	1.13933	2.23847	0.120178	-0.172113
1.94	0.630048	1.14325	2.23787	0.126307	-0.169606
1.945	0.633139	1.14718	2.23723	0.132335	-0.167133
1.95	0.636227	1.15112	2.23657	0.138263	-0.164691
1.955	0.639313	1.15505	2.23588	0.144094	-0.162283
1.96	0.642396	1.15899	2.23516	0.149829	-0.159906
1.965	0.645476	1.16293	2.23441	0.155471	-0.157561
1.97	0.648553	1.16687	2.23363	0.161022	-0.155248
1.975	0.651626	1.17081	2.23283	0.166483	-0.152965
1.98	0.654696	1.17476	2.232	0.171856	-0.150714
1.985	0.657763	1.17871	2.23114	0.177142	-0.148492
1.99	0.660827	1.18266	2.23025	0.182345	-0.146301
1.995	0.663887	1.18661	2.22934	0.187464	-0.14414
2	0.666943	1.19057	2.2284	0.192503	-0.142008
2.005	0.669995	1.19453	2.22744	0.197462	-0.139905
2.01	0.673043	1.19849	2.22645	0.202343	-0.137831
2.015	0.676088	1.20246	2.22544	0.207147	-0.135786
2.02	0.679128	1.20643	2.2244	0.211877	-0.133769
2.025	0.682164	1.2104	2.22335	0.216533	-0.131781
2.03	0.685196	1.21438	2.22226	0.221118	-0.12982
2.035	0.688223	1.21836	2.22116	0.225632	-0.127886
2.04	0.691246	1.22234	2.22003	0.230077	-0.12598
2.045	0.694264	1.22633	2.21888	0.234454	-0.124101
2.05	0.697278	1.23032	2.21771	0.238764	-0.122248
2.055	0.700287	1.23431	2.21651	0.24301	-0.120422
2.06	0.703291	1.23831	2.2153	0.247191	-0.118622
2.065	0.70629	1.24231	2.21406	0.25131	-0.116849
2.07	0.709284	1.24631	2.21281	0.255367	-0.1151
2.075	0.712273	1.25032	2.21153	0.259364	-0.113378
2.08	0.715257	1.25433	2.21023	0.263302	-0.11168
2.085	0.718235	1.25835	2.20891	0.267182	-0.110008
2.09	0.721208	1.26237	2.20758	0.271005	-0.108361
2.095	0.724176	1.26639	2.20622	0.274772	-0.106738
2.1	0.727138	1.27042	2.20485	0.278484	-0.105139
2.105	0.730094	1.27445	2.20346	0.282143	-0.103565
2.11	0.733045	1.27849	2.20205	0.285749	-0.102014
2.115	0.73599	1.28253	2.20062	0.289303	-0.100487
2.12	0.738929	1.28657	2.19917	0.292807	-0.0989841
2.125	0.741862	1.29062	2.19771	0.296261	-0.0975042
2.13	0.74479	1.29468	2.19623	0.299666	-0.0960474
2.135	0.747711	1.29874	2.19473	0.303023	-0.0946135
2.14	0.750626	1.3028	2.19321	0.306333	-0.0932023
2.145	0.753535	1.30686	2.19168	0.309597	-0.0918137
2.15	0.756437	1.31094	2.19013	0.312816	-0.0904475
2.155	0.759333	1.31501	2.18857	0.31599	-0.0891034
2.16	0.762223	1.31909	2.18699	0.319121	-0.0877813
2.165	0.765106	1.32318	2.18539	0.322208	-0.086481
2.17	0.767983	1.32727	2.18378	0.325254	-0.0852023
2.175	0.770853	1.33136	2.18216	0.328259	-0.0839451
2.18	0.773716	1.33546	2.18052	0.331223	-0.0827092
2.185	0.776572	1.33956	2.17886	0.334147	-0.0814944
2.19	0.779422	1.34367	2.17719	0.337032	-0.0803005
2.195	0.782264	1.34779	2.1755	0.339879	-0.0791274
2.2	0.7851	1.3519	2.1738	0.342689	-0.077975
2.205	0.787928	1.35603	2.17209	0.345461	-0.076843
2.21	0.79075	1.36015	2.17036	0.348197	-0.0757313
2.215	0.793564	1.36429	2.16862	0.350898	-0.0746398
2.22	0.796371	1.36843	2.16687	0.353563	-0.0735682
2.225	0.799171	1.37257	2.1651	0.356194	-0.0725165
2.23	0.801963	1.37672	2.16332	0.358792	-0.0714846
2.235	0.804748	1.38087	2.16152	0.361356	-0.0704721
2.24	0.807525	1.38503	2.15972	0.363887	-0.0694791
2.245	0.810295	1.38919	2.1579	0.366387	-0.0685053
2.25	0.813057	1.39336	2.15607	0.368856	-0.0675507
2.255	0.815811	1.39753	2.15422	0.371293	-0.0666151
2.26	0.818558	1.40171	2.15237	0.3737	-0.0656983
2.265	0.821297	1.40589	2.1505	0.376078	-0.0648002
2.27	0.824028	1.41008	2.14862	0.378426	-0.0639207
2.275	0.826751	1.41427	2.14672	0.380745	-0.0630596
2.28	0.829466	1.41847	2.14482	0.383037	-0.0622169
2.285	0.832173	1.42267	2.14291	0.3853	-0.0613923
2.29	0.834872	1.42688	2.14098	0.387537	-0.0605858
2.295	0.837563	1.4311	2.13904	0.389746	-0.0597973
2.3	0.840245	1.43532	2.13709	0.391929	-0.0590265
2.305	0.84292	1.43954	2.13513	0.394087	-0.0582735
2.31	0.845586	1.44377	2.13316	0.396219	-0.057538
2.315	0.848243	1.44801	2.13118	0.398326	-0.05682
2.32	0.850892	1.45225	2.12919	0.400408	-0.0561193
2.325	0.853533	1.45649	2.12719	0.402467	-0.0554358
2.33	0.856165	1.46074	2.12518	0.404501	-0.0547694
2.335	0.858788	1.465	2.12315	0.406513	-0.05412
2.34	0.861403	1.46926	2.12112	0.408501	-0.0534875
2.345	0.864009	1.47353	2.11908	0.410467	-0.0528718
2.35	0.866607	1.4778	2.11703	0.412411	-0.0522727
2.355	0.869195	1.48208	2.11496	0.414333	-0.0516901
2.36	0.871775	1.48636	2.11289	0.416234	-0.051124
2.365	0.874346	1.49065	2.11081	0.418114	-0.0505741
2.37	0.876907	1.49495	2.10872	0.419973	-0.0500406
2.375	0.87946	1.49925	2.10662	0.421812	-0.0495231
2.38	0.882004	1.50355	2.10451	0.423631	-0.0490216
2.385	0.884538	1.50786	2.10239	0.42543	-0.0485361
2.39	0.887064	1.51218	2.10027	0.42721	-0.0480664
2.395	0.88958	1.5165	2.09813	0.428971	-0.0476123
2.4	0.892087	1.52082	2.09599	0.430714	-0.0471739
2.405	0.894584	1.52515	2.09383	0.432438	-0.046751
2.41	0.897073	1.52949	2.09167	0.434144	-0.0463435
2.415	0.899551	1.53383	2.0895	0.435832	-0.0459513
2.42	0.902021	1.53818	2.08732	0.437503	-0.0455743
2.425	0.90448	1.54253	2.08513	0.439157	-0.0452125
2.43	0.906931	1.54689	2.08294	0.440793	-0.0448657
2.435	0.909371	1.55126	2.08073	0.442414	-0.0445338
2.44	0.911802	1.55563	2.07852	0.444018	-0.0442168
2.445	0.914223	1.56	2.0763	0.445606	-0.0439145
2.45	0.916635	1.56438	2.07407	0.447178	-0.0436268
2.455	0.919037	1.56877	2.07184	0.448734	-0.0433538
2.46	0.921429	1.57316	2.06959	0.450276	-0.0430952
2.465	0.92381	1.57755	2.06734	0.451802	-0.042851
2.47	0.926182	1.58195	2.06508	0.453314	-0.0426211
2.475	0.928545	1.58636	2.06282	0.454811	-0.0424054
2.48	0.930897	1.59077	2.06054	0.456294	-0.0422039
2.485	0.933238	1.59519	2.05826	0.457763	-0.0420164
2.49	0.93557	1.59961	2.05597	0.459218	-0.0418428
2.495	0.937892	1.60404	2.05368	0.460659	-0.0416831
2.5	0.940203	1.60848	2.05137	0.462087	-0.0415372
2.505	0.942505	1.61291	2.04906	0.463502	-0.041405
2.51	0.944795	1.61736	2.04674	0.464904	-0.0412864
2.515	0.947076	1.62181	2.04442	0.466293	-0.0411813
2.52	0.949346	1.62626	2.04209	0.46767	-0.0410897
2.525	0.951606	1.63072	2.03975	0.469034	-0.0410115
2.53	0.953855	1.63519	2.0374	0.470387	-0.0409465
2.535	0.956094	1.63966	2.03505	0.471727	-0.0408948
2.54	0.958322	1.64414	2.03269	0.473056	-0.0408562
2.545	0.96054	1.64862	2.03033	0.474373	-0.0408306
2.55	0.962747	1.6531	2.02796	0.475679	-0.0408179
2.555	0.964943	1.6576	2.02558	0.476973	-0.0408182
2.56	0.967129	1.66209	2.02319	0.478257	-0.0408313
2.565	0.969304	1.66659	2.0208	0.47953	-0.0408571
2.57	0.971468	1.6711	2.0184	0.480792	-0.0408955
2.575	0.973621	1.67561	2.016	0.482044	-0.0409465
2.58	0.975763	1.68013	2.01359	0.483285	-0.04101
2.585	0.977895	1.68466	2.01117	0.484517	-0.041086
2.59	0.980015	1.68918	2.00875	0.485738	-0.0411742
2.595	0.982125	1.69372	2.00632	0.48695	-0.0412748
2.6	0.984223	1.69826	2.00389	0.488152	-0.0413875
2.605	0.98631	1.7028	2.00145	0.489344	-0.0415123
2.61	0.988387	1.70735	1.999	0.490527	-0.0416492
2.615	0.990452	1.7119	1.99655	0.491701	-0.041798
2.62	0.992505	1.71646	1.99409	0.492866	-0.0419587
2.625	0.994548	1.72102	1.99163	0.494022	-0.0421312
2.63	0.996579	1.72559	1.98915	0.495169	-0.0423155
2.635	0.998599	1.73017	1.98668	0.496308	-0.0425114
2.64	1.00061	1.73474	1.9842	0.497438	-0.0427189
2.645	1.00261	1.73933	1.98171	0.49856	-0.0429379
2.65	1.00459	1.74392	1.97922	0.499674	-0.0431684
2.655	1.00657	1.74851	1.97672	0.500779	-0.0434102
2.66	1.00853	1.75311	1.97422	0.501877	-0.0436633
2.665	1.01048	1.75771	1.97171	0.502967	-0.0439276
2.67	1.01242	1.76232	1.96919	0.504049	-0.0442031
2.675	1.01435	1.76693	1.96667	0.505124	-0.0444897
2.68	1.01626	1.77155	1.96415	0.506191	-0.0447873
2.685	1.01817	1.77618	1.96161	0.507251	-0.0450958
2.69	1.02006	1.7808	1.95908	0.508303	-0.0454151
2.695	1.02194	1.78544	1.95654	0.509349	-0.0457453
2.7	1.02381	1.79007	1.95399	0.510388	-0.0460861
2.705	1.02567	1.79472	1.95144	0.511419	-0.0464376
2.71	1.02752	1.79936	1.94888	0.512444	-0.0467997
2.715	1.02935	1.80401	1.94632	0.513463	-0.0471723
2.72	1.03117	1.80867	1.94375	0.514475	-0.0475553
2.725	1.03298	1.81333	1.94118	0.51548	-0.0479487
2.73	1.03478	1.818	1.9386	0.516479	-0.0483523
2.735	1.03656	1.82267	1.93602	0.517472	-0.0487662
2.74	1.03834	1.82734	1.93343	0.518459	-0.0491902
2.745	1.0401	1.83202	1.93084	0.51944	-0.0496243
2.75	1.04185	1.83671	1.92824	0.520414	-0.0500684
2.755	1.04359	1.84139	1.92564	0.521383	-0.0505224
2.76	1.04531	1.84609	1.92303	0.522347	-0.0509863
2.765	1.04702	1.85078	1.92042	0.523304	-0.05146
2.77	1.04872	1.85549	1.9178	0.524256	-0.0519434
2.775	1.05041	1.86019	1.91518	0.525203	-0.0524365
2.78	1.05209	1.8649	1.91256	0.526144	-0.0529392
2.785	1.05375	1.86962	1.90993	0.52708	-0.0534513
2.79	1.0554	1.87434	1.90729	0.528011	-0.0539729
2.795	1.05704	1.87906	1.90465	0.528937	-0.0545039
2.8	1.05867	1.88379	1.90201	0.529858	-0.0550442
2.805	1.06028	1.88852	1.89936	0.530773	-0.0555937
2.81	1.06188	1.89326	1.8967	0.531684	-0.0561523
2.815	1.06347	1.898	1.89405	0.53259	-0.0567201
2.82	1.06504	1.90275	1.89138	0.533492	-0.0572969
2.825	1.06661	1.9075	1.88871	0.534389	-0.0578826
2.83	1.06816	1.91225	1.88604	0.535281	-0.0584772
2.835	1.0697	1.91701	1.88337	0.536169	-0.0590806
2.84	1.07122	1.92177	1.88069	0.537052	-0.0596928
2.845	1.07273	1.92654	1.878	0.537931	-0.0603136
2.85	1.07423	1.93131	1.87531	0.538806	-0.060943
2.855	1.07572	1.93608	1.87262	0.539677	-0.061581
2.86	1.07719	1.94086	1.86992	0.540544	-0.0622274
2.865	1.07865	1.94564	1.86722	0.541406	-0.0628822
2.87	1.0801	1.95042	1.86451	0.542265	-0.0635454
2.875	1.08153	1.95521	1.8618	0.54312	-0.0642167
2.88	1.08296	1.96001	1.85908	0.543971	-0.0648963
2.885	1.08436	1.96481	1.85636	0.544818	-0.065584
2.89	1.08576	1.96961	1.85364	0.545661	-0.0662797
2.895	1.08714	1.97441	1.85091	0.546501	-0.0669834
2.9	1.08851	1.97922	1.84818	0.547337	-0.0676949
2.905	1.08987	1.98403	1.84544	0.54817	-0.0684143
2.91	1.09121	1.98885	1.8427	0.548999	-0.0691415
2.915	1.09254	1.99367	1.83995	0.549825	-0.0698763
2.92	1.09386	1.99849	1.83721	0.550648	-0.0706188
2.925	1.09516	2.00332	1.83445	0.551467	-0.0713688
2.93	1.09645	2.00815	1.83169	0.552283	-0.0721263
2.935	1.09772	2.01299	1.82893	0.553096	-0.0728912
2.94	1.09899	2.01782	1.82617	0.553906	-0.0736634
2.945	1.10024	2.02267	1.8234	0.554713	-0.0744429
2.95	1.10147	2.02751	1.82062	0.555517	-0.0752296
2.955	1.1027	2.03236	1.81785	0.556318	-0.0760234
2.96	1.10391	2.03721	1.81507	0.557116	-0.0768243
2.965	1.1051	2.04206	1.81228	0.557911	-0.0776321
2.97	1.10628	2.04692	1.80949	0.558704	-0.0784468
2.975	1.10745	2.05178	1.8067	0.559493	-0.0792684
2.98	1.10861	2.05665	1.8039	0.56028	-0.0800967
2.985	1.10975	2.06152	1.8011	0.561065	-0.0809318
2.99	1.11088	2.06639	1.79829	0.561847	-0.0817734
2.995	1.11199	2.07126	1.79548	0.562626	-0.0826216
3	1.11309	2.07614	1.79267	0.563403	-0.0834763
3.005	1.11418	2.08102	1.78985	0.564177	-0.0843374
3.01	1.11525	2.0859	1.78703	0.564949	-0.0852049
3.015	1.11631	2.09079	1.78421	0.565719	-0.0860785
3.02	1.11735	2.09568	1.78138	0.566486	-0.0869584
3.025	1.11839	2.10057	1.77855	0.567252	-0.0878444
3.03	1.1194	2.10547	1.77571	0.568014	-0.0887365
3.035	1.12041	2.11037	1.77287	0.568775	-0.0896345
3.04	1.1214	2.11527	1.77003	0.569534	-0.0905385
3.045	1.12237	2.12017	1.76718	0.570291	-0.0914482
3.05	1.12333	2.12508	1.76433	0.571045	-0.0923637
3.055	1.12428	2.12999	1.76147	0.571798	-0.0932849
3.06	1.12521	2.1349	1.75861	0.572548	-0.0942118
3.065	1.12613	2.13981	1.75575	0.573297	-0.0951441
3.07	1.12704	2.14473	1.75288	0.574044	-0.0960819
3.075	1.12793	2.14965	1.75001	0.574789	-0.0970252
3.08	1.12881	2.15457	1.74714	0.575532	-0.0979737
3.085	1.12967	2.1595	1.74426	0.576274	-0.0989275
3.09	1.13052	2.16443	1.74138	0.577013	-0.0998865
3.095	1.13135	2.16936	1.7385	0.577752	-0.100851
3.1	1.13217	2.17429	1.73561	0.578488	-0.10182
3.105	1.13298	2.17922	1.73271	0.579223	-0.102794
3.11	1.13377	2.18416	1.72982	0.579956	-0.103773
3.115	1.13455	2.1891	1.72692	0.580688	-0.104756
3.12	1.13531	2.19404	1.72401	0.581418	-0.105745
3.125	1.13606	2.19898	1.72111	0.582147	-0.106738
3.13	1.1368	2.20393	1.7182	0.582874	-0.107736
3.135	1.13752	2.20888	1.71528	0.5836	-0.108738
3.14	1.13822	2.21383	1.71236	0.584325	-0.109745
3.145	1.13891	2.21878	1.70944	0.585048	-0.110756
3.15	1.13959	2.22373	1.70652	0.58577	-0.111771
3.155	1.14025	2.22869	1.70359	0.586491	-0.11279
3.16	1.1409	2.23365	1.70066	0.58721	-0.113814
3.165	1.14153	2.23861	1.69772	0.587928	-0.114842
3.17	1.14215	2.24357	1.69478	0.588645	-0.115874
3.175	1.14275	2.24853	1.69184	0.589361	-0.116909
3.18	1.14334	2.2535	1.68889	0.590076	-0.117949
3.185	1.14392	2.25846	1.68594	0.59079	-0.118992
3.19	1.14448	2.26343	1.68299	0.591502	-0.120039
3.195	1.14502	2.2684	1.68003	0.592214	-0.121089
3.2	1.14555	2.27338	1.67707	0.592925	-0.122143
3.205	1.14607	2.27835	1.6741	0.593634	-0.123201
3.21	1.14657	2.28332	1.67114	0.594343	-0.124262
3.215	1.14705	2.2883	1.66816	0.595051	-0.125326
3.22	1.14753	2.29328	1.66519	0.595758	-0.126394
3.225	1.14798	2.29826	1.66221	0.596464	-0.127464
3.23	1.14842	2.30324	1.65923	0.597169	-0.128538
3.235	1.14885	2.30822	1.65624	0.597874	-0.129615
3.24	1.14926	2.3132	1.65325	0.598577	-0.130694
3.245	1.14966	2.31819	1.65026	0.59928	-0.131777
3.25	1.15004	2.32317	1.64726	0.599983	-0.132862
3.255	1.15041	2.32816	1.64426	0.600684	-0.13395
3.26	1.15076	2.33315	1.64126	0.601385	-0.135041
3.265	1.1511	2.33813	1.63825	0.602085	-0.136134
3.27	1.15142	2.34312	1.63524	0.602785	-0.137229
3.275	1.15173	2.34811	1.63223	0.603483	-0.138328
3.28	1.15202	2.35311	1.62921	0.604182	-0.139428
3.285	1.15229	2.3581	1.62619	0.60488	-0.14053
3.29	1.15256	2.36309	1.62317	0.605577	-0.141635
3.295	1.1528	2.36809	1.62014	0.606274	-0.142742
3.3	1.15303	2.37308	1.61711	0.60697	-0.143851
3.305	1.15325	2.37808	1.61407	0.607666	-0.144962
3.31	1.15345	2.38307	1.61103	0.608361	-0.146074
3.315	1.15364	2.38807	1.60799	0.609056	-0.147189
3.32	1.15381	2.39306	1.60495	0.609751	-0.148305
3.325	1.15396	2.39806	1.6019	0.610445	-0.149423
3.33	1.1541	2.40306	1.59884	0.611139	-0.150542
3.335	1.15423	2.40806	1.59579	0.611832	-0.151663
3.34	1.15434	2.41306	1.59273	0.612525	-0.152785
3.345	1.15443	2.41806	1.58967	0.613218	-0.153908
3.35	1.15451	2.42306	1.5866	0.613911	-0.155033
3.355	1.15458	2.42806	1.58353	0.614603	-0.156159
3.36	1.15462	2.43306	1.58046	0.615295	-0.157286
3.365	1.15466	2.43806	1.57738	0.615987	-0.158414
3.37	1.15467	2.44306	1.5743	0.616679	-0.159543
3.375	1.15468	2.44806	1.57122	0.61737	-0.160673
3.38	1.15466	2.45306	1.56813	0.618062	-0.161803
3.385	1.15463	2.45806	1.56504	0.618753	-0.162934
3.39	1.15459	2.46305	1.56195	0.619444	-0.164066
3.395	1.15453	2.46805	1.55885	0.620135	-0.165198
3.4	1.15446	2.47305	1.55575	0.620826	-0.166331
3.405	1.15436	2.47805	1.55265	0.621517	-0.167464
3.41	1.15426	2.48305	1.54954	0.622208	-0.168598
3.415	1.15414	2.48805	1.54643	0.622899	-0.169731
3.42	1.154	2.49305	1.54331	0.62359	-0.170865
3.425	1.15385	2.49805	1.54019	0.624281	-0.171999
3.43	1.15368	2.50304	1.53707	0.624971	-0.173133
3.435	1.15349	2.50804	1.53395	0.625662	-0.174267
3.44	1.15329	2.51304	1.53082	0.626353	-0.1754
3.445	1.15308	2.51803	1.52769	0.627044	-0.176534
3.45	1.15285	2.52303	1.52455	0.627735	-0.177667
3.455	1.1526	2.52802	1.52141	0.628427	-0.178799
3.46	1.15234	2.53301	1.51827	0.629118	-0.179931
3.465	1.15206	2.53801	1.51513	0.62981	-0.181063
3.47	1.15177	2.543	1.51198	0.630501	-0.182194
3.475	1.15146	2.54799	1.50883	0.631193	-0.183324
3.48	1.15113	2.55298	1.50567	0.631885	-0.184453
3.485	1.15079	2.55796	1.50251	0.632577	-0.185582
3.49	1.15043	2.56295	1.49935	0.63327	-0.186709
3.495	1.15006	2.56794	1.49618	0.633963	-0.187836
3.5	1.14967	2.57292	1.49301	0.634656	-0.188961
3.505	1.14927	2.57791	1.48984	0.635349	-0.190085
3.51	1.14885	2.58289	1.48666	0.636042	-0.191208
3.515	1.14841	2.58787	1.48348	0.636736	-0.19233
3.52	1.14796	2.59285	1.4803	0.63743	-0.19345
3.525	1.14749	2.59783	1.47711	0.638125	-0.194569
3.53	1.14701	2.6028	1.47392	0.63882	-0.195686
3.535	1.14651	2.60778	1.47073	0.639515	-0.196801
3.54	1.14599	2.61275	1.46753	0.64021	-0.197914
3.545	1.14546	2.61772	1.46433	0.640906	-0.199026
3.55	1.14491	2.62269	1.46112	0.641602	-0.200136
3.555	1.14435	2.62766	1.45791	0.642299	-0.201244
3.56	1.14377	2.63263	1.4547	0.642996	-0.20235
3.565	1.14318	2.63759	1.45149	0.643694	-0.203453
3.57	1.14257	2.64256	1.44827	0.644392	-0.204555
3.575	1.14194	2.64752	1.44505	0.64509	-0.205654
3.58	1.14129	2.65247	1.44182	0.645789	-0.206751
3.585	1.14064	2.65743	1.43859	0.646489	-0.207845
3.59	1.13996	2.66239	1.43536	0.647189	-0.208937
3.595	1.13927	2.66734	1.43212	0.647889	-0.210026
3.6	1.13856	2.67229	1.42888	0.64859	-0.211112
3.605	1.13784	2.67723	1.42564	0.649292	-0.212196
3.61	1.1371	2.68218	1.4224	0.649994	-0.213277
3.615	1.13634	2.68712	1.41915	0.650697	-0.214354
3.62	1.13557	2.69206	1.41589	0.6514	-0.215429
3.625	1.13479	2.697	1.41263	0.652104	-0.216501
3.63	1.13398	2.70193	1.40937	0.652808	-0.21757
3.635	1.13316	2.70687	1.40611	0.653513	-0.218635
3.64	1.13233	2.7118	1.40284	0.654219	-0.219697
3.645	1.13147	2.71672	1.39957	0.654925	-0.220756
3.65	1.13061	2.72165	1.3963	0.655632	-0.221811
3.655	1.12972	2.72657	1.39302	0.65634	-0.222863
3.66	1.12882	2.73149	1.38974	0.657049	-0.223911
3.665	1.12791	2.7364	1.38645	0.657758	-0.224955
3.67	1.12697	2.74131	1.38316	0.658467	-0.225996
3.675	1.12602	2.74622	1.37987	0.659178	-0.227032
3.68	1.12506	2.75113	1.37657	0.659889	-0.228065
3.685	1.12408	2.75603	1.37328	0.660601	-0.229094
3.69	1.12308	2.76093	1.36997	0.661314	-0.230118
3.695	1.12207	2.76583	1.36667	0.662027	-0.231139
3.7	1.12104	2.77072	1.36336	0.662741	-0.232155
3.705	1.11999	2.77561	1.36004	0.663456	-0.233167
3.71	1.11893	2.7805	1.35672	0.664172	-0.234174
3.715	1.11785	2.78538	1.3534	0.664889	-0.235177
3.72	1.11676	2.79026	1.35008	0.665606	-0.236176
3.725	1.11564	2.79513	1.34675	0.666324	-0.237169
3.73	1.11452	2.8	1.34342	0.667043	-0.238158
3.735	1.11337	2.80487	1.34008	0.667763	-0.239143
3.74	1.11221	2.80973	1.33675	0.668484	-0.240122
3.745	1.11104	2.81459	1.3334	0.669206	-0.241097
3.75	1.10985	2.81945	1.33006	0.669928	-0.242066
3.755	1.10864	2.8243	1.32671	0.670652	-0.243031
3.76	1.10741	2.82915	1.32335	0.671376	-0.24399
3.765	1.10617	2.83399	1.32	0.672101	-0.244944
3.77	1.10492	2.83883	1.31664	0.672828	-0.245893
3.775	1.10364	2.84367	1.31327	0.673555	-0.246836
3.78	1.10235	2.8485	1.30991	0.674283	-0.247774
3.785	1.10105	2.85333	1.30653	0.675012	-0.248706
3.79	1.09972	2.85815	1.30316	0.675742	-0.249633
3.795	1.09839	2.86296	1.29978	0.676473	-0.250554
3.8	1.09703	2.86778	1.2964	0.677205	-0.251469
3.805	1.09566	2.87259	1.29301	0.677938	-0.252379
3.81	1.09427	2.87739	1.28962	0.678672	-0.253282
3.815	1.09287	2.88219	1.28623	0.679407	-0.25418
3.82	1.09145	2.88698	1.28283	0.680143	-0.255071
3.825	1.09001	2.89177	1.27943	0.68088	-0.255957
3.83	1.08856	2.89656	1.27603	0.681618	-0.256836
3.835	1.08709	2.90134	1.27262	0.682357	-0.257709
3.84	1.08561	2.90611	1.26921	0.683098	-0.258576
3.845	1.0841	2.91088	1.26579	0.683839	-0.259436
3.85	1.08259	2.91564	1.26237	0.684581	-0.26029
3.855	1.08105	2.9204	1.25895	0.685325	-0.261137
3.86	1.0795	2.92516	1.25552	0.68607	-0.261977
3.865	1.07794	2.9299	1.25209	0.686815	-0.262811
3.87	1.07635	2.93465	1.24866	0.687562	-0.263638
3.875	1.07475	2.93938	1.24522	0.688311	-0.264458
3.88	1.07314	2.94412	1.24178	0.68906	-0.265271
3.885	1.07151	2.94884	1.23833	0.68981	-0.266078
3.89	1.06986	2.95356	1.23488	0.690562	-0.266877
3.895	1.06819	2.95828	1.23143	0.691315	-0.267669
3.9	1.06651	2.96299	1.22797	0.692069	-0.268454
3.905	1.06482	2.96769	1.22451	0.692824	-0.269232
3.91	1.0631	2.97239	1.22105	0.69358	-0.270002
3.915	1.06137	2.97708	1.21758	0.694338	-0.270765
3.92	1.05963	2.98176	1.21411	0.695097	-0.27152
3.925	1.05786	2.98644	1.21064	0.695857	-0.272268
3.93	1.05609	2.99112	1.20716	0.696618	-0.273009
3.935	1.05429	2.99578	1.20367	0.697381	-0.273741
3.94	1.05248	3.00044	1.20019	0.698145	-0.274466
3.945	1.05065	3.0051	1.1967	0.69891	-0.275183
3.95	1.04881	3.00975	1.1932	0.699677	-0.275892
3.955	1.04695	3.01439	1.1897	0.700444	-0.276594
3.96	1.04507	3.01902	1.1862	0.701214	-0.277287
3.965	1.04318	3.02365	1.18269	0.701984	-0.277972
3.97	1.04127	3.02827	1.17918	0.702756	-0.278649
3.975	1.03935	3.03289	1.17567	0.703529	-0.279318
3.98	1.03741	3.03749	1.17215	0.704304	-0.279979
3.985	1.03545	3.04209	1.16863	0.70508	-0.280631
3.99	1.03348	3.04669	1.16511	0.705857	-0.281275
3.995	1.03149	3.05128	1.16158	0.706636	-0.28191
4	1.02948	3.05586	1.15804	0.707416	-0.282537
4.005	1.02746	3.06043	1.15451	0.708198	-0.283155
4.01	1.02542	3.06499	1.15097	0.708981	-0.283765
4.015	1.02337	3.06955	1.14742	0.709765	-0.284365
4.02	1.0213	3.0741	1.14387	0.710551	-0.284957
4.025	1.01921	3.07865	1.14032	0.711339	-0.285541
4.03	1.01711	3.08318	1.13676	0.712127	-0.286115
4.035	1.01499	3.08771	1.1332	0.712918	-0.28668
4.04	1.01286	3.09223	1.12964	0.71371	-0.287237
4.045	1.0107	3.09675	1.12607	0.714503	-0.287784
4.05	1.00854	3.10125	1.1225	0.715298	-0.288322
4.055	1.00635	3.10575	1.11892	0.716094	-0.288851
4.06	1.00415	3.11024	1.11534	0.716892	-0.28937
4.065	1.00194	3.11473	1.11175	0.717692	-0.28988
4.07	0.999707	3.1192	1.10817	0.718493	-0.290381
4.075	0.99746	3.12367	1.10457	0.719296	-0.290873
4.08	0.995196	3.12812	1.10098	0.7201	-0.291355
4.085	0.992917	3.13257	1.09738	0.720906	-0.291827
4.09	0.990621	3.13702	1.09377	0.721714	-0.29229
4.095	0.988309	3.14145	1.09016	0.722523	-0.292743
4.1	0.985981	3.14587	1.08655	0.723334	-0.293186
4.105	0.983638	3.15029	1.08293	0.724146	-0.293619
4.11	0.981278	3.1547	1.07931	0.72496	-0.294043
4.115	0.978902	3.1591	1.07569	0.725776	-0.294457
4.12	0.976511	3.16349	1.07206	0.726594	-0.294861
4.125	0.974103	3.16787	1.06843	0.727413	-0.295254
4.13	0.97168	3.17225	1.06479	0.728234	-0.295638
4.135	0.969241	3.17661	1.06115	0.729057	-0.296012
4.14	0.966785	3.18097	1.0575	0.729881	-0.296375
4.145	0.964314	3.18531	1.05385	0.730707	-0.296728
4.15	0.961827	3.18965	1.0502	0.731535	-0.297071
4.155	0.959324	3.19398	1.04654	0.732365	-0.297404
4.16	0.956806	3.1983	1.04288	0.733196	-0.297726
4.165	0.954271	3.20261	1.03921	0.73403	-0.298037
4.17	0.951721	3.20691	1.03554	0.734865	-0.298339
4.175	0.949155	3.2112	1.03187	0.735702	-0.298629
4.18	0.946573	3.21548	1.02819	0.736541	-0.298909
4.185	0.943975	3.21975	1.02451	0.737382	-0.299179
4.19	0.941362	3.22402	1.02082	0.738225	-0.299438
4.195	0.938733	3.22827	1.01713	0.739069	-0.299686
4.2	0.936088	3.23251	1.01344	0.739916	-0.299923
4.205	0.933428	3.23675	1.00974	0.740764	-0.30015
4.21	0.930752	3.24097	1.00603	0.741614	-0.300365
4.215	0.92806	3.24518	1.00232	0.742467	-0.30057
4.22	0.925353	3.24939	0.998612	0.743321	-0.300763
4.225	0.92263	3.25358	0.994895	0.744177	-0.300946
4.23	0.919891	3.25776	0.991174	0.745036	-0.301118
4.235	0.917137	3.26194	0.987449	0.745896	-0.301278
4.24	0.914368	3.2661	0.98372	0.746759	-0.301428
4.245	0.911582	3.27025	0.979986	0.747623	-0.301566
4.25	0.908782	3.27439	0.976248	0.74849	-0.301693
4.255	0.905966	3.27853	0.972505	0.749358	-0.301808
4.26	0.903134	3.28265	0.968758	0.750229	-0.301913
4.265	0.900287	3.28676	0.965007	0.751102	-0.302006
4.27	0.897424	3.29086	0.961252	0.751977	-0.302087
4.275	0.894547	3.29495	0.957492	0.752854	-0.302157
4.28	0.891653	3.29902	0.953728	0.753733	-0.302216
4.285	0.888745	3.30309	0.949959	0.754615	-0.302263
4.29	0.885821	3.30715	0.946186	0.755499	-0.302299
4.295	0.882882	3.31119	0.942408	0.756385	-0.302323
4.3	0.879927	3.31523	0.938627	0.757273	-0.302335
4.305	0.876957	3.31925	0.93484	0.758164	-0.302336
4.31	0.873972	3.32326	0.931049	0.759057	-0.302325
4.315	0.870972	3.32726	0.927254	0.759952	-0.302302
4.32	0.867957	3.33125	0.923454	0.760849	-0.302267
4.325	0.864926	3.33522	0.91965	0.761749	-0.302221
4.33	0.861881	3.33919	0.915841	0.762651	-0.302163
4.335	0.85882	3.34314	0.912028	0.763556	-0.302093
4.34	0.855744	3.34709	0.90821	0.764463	-0.302011
4.345	0.852653	3.35102	0.904388	0.765373	-0.301917
4.35	0.849548	3.35493	0.900561	0.766285	-0.301811
4.355	0.846427	3.35884	0.89673	0.767199	-0.301693
4.36	0.843291	3.36273	0.892894	0.768116	-0.301563
4.365	0.84014	3.36662	0.889053	0.769036	-0.301421
4.37	0.836975	3.37049	0.885208	0.769958	-0.301266
4.375	0.833794	3.37435	0.881358	0.770882	-0.3011
4.38	0.830599	3.37819	0.877504	0.771809	-0.300922
4.385	0.827389	3.38202	0.873645	0.772739	-0.300731
4.39	0.824164	3.38585	0.869781	0.773672	-0.300528
4.395	0.820924	3.38965	0.865913	0.774607	-0.300313
4.4	0.817669	3.39345	0.86204	0.775545	-0.300086
4.405	0.8144	3.39723	0.858162	0.776486	-0.299846
4.41	0.811116	3.401	0.854279	0.777429	-0.299594
4.415	0.807818	3.40476	0.850392	0.778375	-0.29933
4.42	0.804505	3.40851	0.8465	0.779324	-0.299053
4.425	0.801177	3.41224	0.842604	0.780276	-0.298764
4.43	0.797835	3.41596	0.838702	0.781231	-0.298462
4.435	0.794479	3.41966	0.834796	0.782188	-0.298148
4.44	0.791107	3.42336	0.830885	0.783149	-0.297822
4.445	0.787722	3.42703	0.82697	0.784112	-0.297483
4.45	0.784322	3.4307	0.823049	0.785079	-0.297132
4.455	0.780908	3.43435	0.819124	0.786048	-0.296768
4.46	0.777479	3.43799	0.815193	0.787021	-0.296391
4.465	0.774036	3.44162	0.811258	0.787997	-0.296002
4.47	0.770579	3.44523	0.807318	0.788975	-0.295601
4.475	0.767107	3.44883	0.803373	0.789957	-0.295187
4.48	0.763622	3.45241	0.799424	0.790942	-0.29476
4.485	0.760122	3.45599	0.795469	0.791931	-0.29432
4.49	0.756608	3.45954	0.791509	0.792922	-0.293868
4.495	0.75308	3.46309	0.787545	0.793917	-0.293404
4.5	0.749538	3.46661	0.783575	0.794915	-0.292926
4.505	0.745982	3.47013	0.7796	0.795917	-0.292436
4.51	0.742412	3.47363	0.775621	0.796922	-0.291934
4.515	0.738829	3.47712	0.771636	0.79793	-0.291418
4.52	0.735231	3.48059	0.767647	0.798942	-0.29089
4.525	0.731619	3.48405	0.763652	0.799957	-0.29035
4.53	0.727994	3.48749	0.759652	0.800976	-0.289796
4.535	0.724355	3.49092	0.755647	0.801999	-0.28923
4.54	0.720702	3.49433	0.751637	0.803025	-0.288651
4.545	0.717035	3.49773	0.747622	0.804055	-0.288059
4.55	0.713355	3.50112	0.743602	0.805088	-0.287454
4.555	0.709661	3.50449	0.739576	0.806125	-0.286837
4.56	0.705954	3.50784	0.735546	0.807167	-0.286207
4.565	0.702233	3.51118	0.73151	0.808212	-0.285564
4.57	0.698499	3.51451	0.727469	0.809261	-0.284909
4.575	0.694751	3.51782	0.723423	0.810313	-0.28424
4.58	0.69099	3.52111	0.719371	0.81137	-0.283559
4.585	0.687216	3.52439	0.715314	0.812431	-0.282865
4.59	0.683428	3.52765	0.711252	0.813496	-0.282158
4.595	0.679627	3.5309	0.707185	0.814566	-0.281439
4.6	0.675813	3.53414	0.703112	0.815639	-0.280706
4.605	0.671985	3.53735	0.699034	0.816717	-0.279961
4.61	0.668145	3.54056	0.69495	0.817799	-0.279203
4.615	0.664292	3.54374	0.690861	0.818886	-0.278432
4.62	0.660425	3.54691	0.686767	0.819977	-0.277649
4.625	0.656546	3.55007	0.682667	0.821072	-0.276852
4.63	0.652653	3.5532	0.678561	0.822172	-0.276043
4.635	0.648748	3.55633	0.67445	0.823277	-0.275221
4.64	0.64483	3.55943	0.670334	0.824386	-0.274387
4.645	0.640899	3.56252	0.666212	0.8255	-0.273539
4.65	0.636955	3.5656	0.662085	0.826619	-0.272679
4.655	0.632999	3.56865	0.657952	0.827743	-0.271806
4.66	0.62903	3.57169	0.653813	0.828872	-0.27092
4.665	0.625049	3.57472	0.649668	0.830006	-0.270022
4.67	0.621055	3.57773	0.645518	0.831145	-0.26911
4.675	0.617049	3.58072	0.641363	0.832289	-0.268186
4.68	0.61303	3.58369	0.637201	0.833439	-0.26725
4.685	0.608999	3.58665	0.633034	0.834594	-0.2663
4.69	0.604955	3.58959	0.628861	0.835754	-0.265338
4.695	0.600899	3.59252	0.624682	0.83692	-0.264364
4.7	0.596831	3.59542	0.620498	0.838091	-0.263376
4.705	0.592751	3.59831	0.616307	0.839268	-0.262376
4.71	0.588659	3.60119	0.612111	0.840451	-0.261363
4.715	0.584555	3.60404	0.607909	0.84164	-0.260338
4.72	0.580439	3.60688	0.6037	0.842835	-0.2593
4.725	0.576311	3.6097	0.599486	0.844036	-0.258249
4.73	0.572171	3.61251	0.595266	0.845243	-0.257186
4.735	0.568019	3.61529	0.59104	0.846456	-0.256111
4.74	0.563855	3.61806	0.586808	0.847676	-0.255022
4.745	0.55968	3.62081	0.582569	0.848902	-0.253921
4.75	0.555493	3.62355	0.578325	0.850135	-0.252808
4.755	0.551295	3.62626	0.574074	0.851374	-0.251682
4.76	0.547085	3.62896	0.569817	0.852621	-0.250544
4.765	0.542863	3.63164	0.565554	0.853874	-0.249393
4.77	0.53863	3.6343	0.561285	0.855134	-0.24823
4.775	0.534386	3.63694	0.557009	0.856402	-0.247055
4.78	0.530131	3.63957	0.552727	0.857676	-0.245867
4.785	0.525864	3.64217	0.548439	0.858959	-0.244666
4.79	0.521586	3.64476	0.544144	0.860248	-0.243454
4.795	0.517297	3.64733	0.539843	0.861546	-0.242229
4.8	0.512997	3.64988	0.535535	0.862851	-0.240991
4.805	0.508686	3.65242	0.531221	0.864165	-0.239742
4.81	0.504364	3.65493	0.5269	0.865487	-0.23848
4.815	0.500032	3.65743	0.522572	0.866817	-0.237206
4.82	0.495688	3.6599	0.518238	0.868155	-0.235919
4.825	0.491334	3.66236	0.513897	0.869502	-0.234621
4.83	0.486969	3.6648	0.50955	0.870858	-0.23331
4.835	0.482594	3.66722	0.505196	0.872223	-0.231988
4.84	0.478208	3.66962	0.500835	0.873598	-0.230653
4.845	0.473812	3.672	0.496467	0.874981	-0.229306
4.85	0.469405	3.67436	0.492092	0.876375	-0.227947
4.855	0.464988	3.67671	0.48771	0.877778	-0.226576
4.86	0.46056	3.67903	0.483321	0.879191	-0.225194
4.865	0.456123	3.68134	0.478925	0.880614	-0.223799
4.87	0.451675	3.68362	0.474522	0.882048	-0.222392
4.875	0.447218	3.68588	0.470112	0.883492	-0.220973
4.88	0.44275	3.68813	0.465694	0.884947	-0.219543
4.885	0.438273	3.69036	0.461269	0.886414	-0.218101
4.89	0.433786	3.69256	0.456837	0.887892	-0.216647
4.895	0.429289	3.69475	0.452398	0.889381	-0.215181
4.9	0.424782	3.69691	0.447951	0.890883	-0.213703
4.905	0.420266	3.69906	0.443497	0.892397	-0.212214
4.91	0.41574	3.70118	0.439035	0.893923	-0.210713
4.915	0.411205	3.70329	0.434565	0.895462	-0.2092
4.92	0.40666	3.70537	0.430088	0.897014	-0.207676
4.925	0.402106	3.70744	0.425603	0.89858	-0.20614
4.93	0.397543	3.70948	0.42111	0.90016	-0.204593
4.935	0.39297	3.7115	0.416609	0.901753	-0.203034
4.94	0.388389	3.71351	0.4121	0.903362	-0.201464
4.945	0.383799	3.71549	0.407583	0.904985	-0.199882
4.95	0.379199	3.71745	0.403058	0.906623	-0.198289
4.955	0.374591	3.71939	0.398525	0.908277	-0.196685
4.96	0.369974	3.72131	0.393984	0.909948	-0.195069
4.965	0.365349	3.72321	0.389434	0.911635	-0.193442
4.97	0.360714	3.72509	0.384876	0.913339	-0.191804
4.975	0.356072	3.72694	0.380309	0.91506	-0.190154
4.98	0.35142	3.72878	0.375734	0.9168	-0.188493
4.985	0.346761	3.73059	0.37115	0.918558	-0.186821
4.99	0.342093	3.73238	0.366557	0.920335	-0.185138
4.995	0.337417	3.73415	0.361956	0.922132	-0.183444
5	0.332733	3.7359	0.357345	0.923949	-0.181739
5.005	0.328041	3.73763	0.352725	0.925787	-0.180022
5.01	0.323341	3.73933	0.348096	0.927647	-0.178295
5.015	0.318633	3.74102	0.343458	0.929529	-0.176557
5.02	0.313917	3.74268	0.33881	0.931434	-0.174807
5.025	0.309193	3.74432	0.334153	0.933362	-0.173047
5.03	0.304462	3.74594	0.329486	0.935316	-0.171276
5.035	0.299724	3.74753	0.32481	0.937294	-0.169494
5.04	0.294978	3.74911	0.320123	0.939299	-0.167701
5.045	0.290224	3.75066	0.315427	0.941331	-0.165897
5.05	0.285464	3.75219	0.31072	0.943391	-0.164083
5.055	0.280696	3.75369	0.306003	0.94548	-0.162257
5.06	0.275921	3.75518	0.301276	0.9476	-0.160421
5.065	0.27114	3.75664	0.296538	0.949751	-0.158575
5.07	0.266351	3.75808	0.291789	0.951934	-0.156717
5.075	0.261556	3.75949	0.287029	0.954151	-0.154849
5.08	0.256753	3.76088	0.282259	0.956404	-0.15297
5.085	0.251945	3.76225	0.277477	0.958693	-0.151081
5.09	0.247129	3.7636	0.272683	0.961021	-0.14918
5.095	0.242308	3.76492	0.267878	0.963388	-0.14727
5.1	0.23748	3.76622	0.263061	0.965797	-0.145348
5.105	0.232646	3.7675	0.258232	0.968249	-0.143416
5.11	0.227805	3.76875	0.253391	0.970747	-0.141474
5.115	0.222959	3.76998	0.248537	0.973292	-0.13952
5.12	0.218107	3.77119	0.243671	0.975886	-0.137557
5.125	0.213248	3.77237	0.238791	0.978533	-0.135582
5.13	0.208385	3.77353	0.233899	0.981235	-0.133597
5.135	0.203515	3.77467	0.228992	0.983994	-0.131602
5.14	0.19864	3.77578	0.224072	0.986813	-0.129595
5.145	0.19376	3.77686	0.219138	0.989697	-0.127578
5.15	0.188874	3.77793	0.21419	0.992647	-0.125551
5.155	0.183983	3.77897	0.209227	0.995669	-0.123513
5.16	0.179087	3.77998	0.204248	0.998766	-0.121464
5.165	0.174186	3.78097	0.199254	1.00194	-0.119404
5.17	0.16928	3.78193	0.194245	1.0052	-0.117334
5.175	0.164369	3.78287	0.189219	1.00856	-0.115253
5.18	0.159454	3.78379	0.184176	1.012	-0.113161
5.185	0.154534	3.78468	0.179116	1.01556	-0.111058
5.19	0.149609	3.78555	0.174038	1.01922	-0.108945
5.195	0.14468	3.78639	0.168942	1.023	-0.10682
5.2	0.139747	3.7872	0.163827	1.0269	-0.104685
5.205	0.13481	3.78799	0.158693	1.03095	-0.102539
5.21	0.129869	3.78876	0.153538	1.03514	-0.100381
5.215	0.124924	3.7895	0.148362	1.03949	-0.0982127
5.22	0.119975	3.79021	0.143165	1.04403	-0.0960332
5.225	0.115022	3.7909	0.137945	1.04875	-0.0938426
5.23	0.110066	3.79156	0.132701	1.05369	-0.0916409
5.235	0.105107	3.7922	0.127432	1.05886	-0.0894281
5.24	0.100144	3.7928	0.122138	1.0643	-0.0872043
5.245	0.0951783	3.79339	0.116817	1.07003	-0.0849695
5.25	0.0902094	3.79394	0.111466	1.07609	-0.082724
5.255	0.0852375	3.79447	0.106086	1.08252	-0.080468
5.26	0.0802628	3.79498	0.100673	1.08939	-0.0782019
5.265	0.0752854	3.79545	0.0952264	1.09675	-0.0759262
5.27	0.0703055	3.7959	0.0897426	1.1047	-0.0736417
5.275	0.0653233	3.79632	0.0842191	1.11334	-0.0713497
5.28	0.0603387	3.79671	0.0786524	1.12282	-0.0690519
5.285	0.0553521	3.79708	0.0730383	1.13334	-0.0667507
5.29	0.0503634	3.79741	0.0673716	1.14516	-0.0644502
5.295	0.0453729	3.79772	0.0616458	1.15868	-0.0621561
5.3	0.0403807	3.798	0.0558524	1.17447	-0.0598777
5.305	0.0353869	3.79825	0.0499801	1.19347	-0.0576301
5.31	0.0303918	3.79847	0.0440127	1.21725	-0.0554389
5.315	0.0253954	3.79866	0.0379264	1.2487	-0.0533511
5.32	0.0203979	3.79882	0.0316829	1.29379	-0.0514604
5.325	0.0153995	3.79894	0.025214	1.36696	-0.0499802
5.33	0.0104003	3.79904	0.0183792	1.51226	-0.049513
5.335	0.00540061	3.79909	0.0108178	1.93007	-0.0526615
5.34	0.000400617	3.7991	0.00116748	4.84086	-0.101848
