descriptor s_test R_test Z_test
0	1.31986	9.99999e-006	0.002	-0.402326	-0.00161594
0.005	1.31486	3.00581e-005	0.00401163	-0.404664	-0.00324786
0.01	1.30986	6.02327e-005	0.00603495	-0.407012	-0.00489582
0.015	1.30486	0.000100582	0.00807001	-0.409372	-0.00655986
0.02	1.29986	0.000151166	0.0101169	-0.411743	-0.00824003
0.025	1.29486	0.000212042	0.0121756	-0.414126	-0.00993638
0.03	1.28986	0.000283271	0.0142462	-0.416522	-0.011649
0.035	1.28486	0.000364911	0.0163288	-0.418929	-0.0133778
0.04	1.27986	0.000457024	0.0184235	-0.421349	-0.015123
0.045	1.27486	0.000559668	0.0205302	-0.423781	-0.0168846
0.05	1.26987	0.000672903	0.0226491	-0.426226	-0.0186626
0.055	1.26487	0.000796792	0.0247803	-0.428685	-0.0204571
0.06	1.25987	0.000931394	0.0269237	-0.431157	-0.0222682
0.065	1.25487	0.00107677	0.0290795	-0.433643	-0.0240958
0.07	1.24987	0.00123298	0.0312477	-0.436143	-0.0259401
0.075	1.24488	0.00140009	0.0334284	-0.438657	-0.0278011
0.08	1.23988	0.00157817	0.0356217	-0.441185	-0.0296789
0.085	1.23488	0.00176726	0.0378276	-0.443728	-0.0315735
0.09	1.22989	0.00196744	0.0400462	-0.446287	-0.033485
0.095	1.22489	0.00217876	0.0422777	-0.448861	-0.0354134
0.1	1.2199	0.0024013	0.044522	-0.45145	-0.0373588
0.105	1.2149	0.00263511	0.0467792	-0.454055	-0.0393213
0.11	1.20991	0.00288026	0.0490495	-0.456677	-0.0413008
0.115	1.20491	0.00313681	0.0513329	-0.459315	-0.0432976
0.12	1.19992	0.00340483	0.0536295	-0.46197	-0.0453116
0.125	1.19493	0.00368438	0.0559393	-0.464642	-0.0473429
0.13	1.18994	0.00397553	0.0582625	-0.467332	-0.0493916
0.135	1.18495	0.00427834	0.0605992	-0.470039	-0.0514577
0.14	1.17996	0.00459288	0.0629494	-0.472765	-0.0535413
0.145	1.17497	0.00491921	0.0653132	-0.475509	-0.0556425
0.15	1.16998	0.00525741	0.0676907	-0.478272	-0.0577613
0.155	1.16499	0.00560753	0.0700821	-0.481054	-0.0598978
0.16	1.16	0.00596965	0.0724874	-0.483856	-0.062052
0.165	1.15502	0.00634383	0.0749067	-0.486678	-0.0642242
0.17	1.15003	0.00673015	0.0773401	-0.48952	-0.0664142
0.175	1.14505	0.00712866	0.0797877	-0.492383	-0.0686222
0.18	1.14007	0.00753945	0.0822496	-0.495267	-0.0708483
0.185	1.13508	0.00796257	0.0847259	-0.498172	-0.0730925
0.19	1.1301	0.0083981	0.0872168	-0.501099	-0.0753549
0.195	1.12512	0.00884611	0.0897223	-0.504049	-0.0776356
0.2	1.12014	0.00930667	0.0922425	-0.507021	-0.0799346
0.205	1.11517	0.00977985	0.0947776	-0.510016	-0.0822521
0.21	1.11019	0.0102657	0.0973277	-0.513035	-0.0845881
0.215	1.10522	0.0107644	0.0998929	-0.516078	-0.0869428
0.22	1.10024	0.0112758	0.102473	-0.519145	-0.089316
0.225	1.09527	0.0118002	0.105069	-0.522237	-0.0917081
0.23	1.0903	0.0123376	0.10768	-0.525355	-0.094119
0.235	1.08533	0.012888	0.110307	-0.528498	-0.0965489
0.24	1.08036	0.0134515	0.112949	-0.531668	-0.0989977
0.245	1.07539	0.0140283	0.115608	-0.534864	-0.101466
0.25	1.07043	0.0146183	0.118282	-0.538088	-0.103953
0.255	1.06547	0.0152217	0.120973	-0.541339	-0.106459
0.26	1.0605	0.0158385	0.123679	-0.544619	-0.108985
0.265	1.05554	0.0164688	0.126402	-0.547928	-0.111531
0.27	1.05059	0.0171128	0.129142	-0.551266	-0.114095
0.275	1.04563	0.0177703	0.131898	-0.554634	-0.11668
0.28	1.04067	0.0184417	0.134671	-0.558033	-0.119284
0.285	1.03572	0.0191268	0.137462	-0.561462	-0.121908
0.29	1.03077	0.0198259	0.140269	-0.564924	-0.124553
0.295	1.02582	0.0205389	0.143094	-0.568417	-0.127217
0.3	1.02087	0.021266	0.145936	-0.571944	-0.129901
0.305	1.01593	0.0220072	0.148795	-0.575504	-0.132606
0.31	1.01099	0.0227627	0.151673	-0.579098	-0.135331
0.315	1.00605	0.0235324	0.154568	-0.582727	-0.138076
0.32	1.00111	0.0243166	0.157482	-0.586391	-0.140843
0.325	0.996173	0.0251152	0.160414	-0.590091	-0.143629
0.33	0.991239	0.0259284	0.163364	-0.593829	-0.146437
0.335	0.986308	0.0267563	0.166334	-0.597603	-0.149266
0.34	0.98138	0.0275988	0.169322	-0.601416	-0.152115
0.345	0.976454	0.0284562	0.172329	-0.605267	-0.154986
0.35	0.97153	0.0293285	0.175355	-0.609159	-0.157878
0.355	0.96661	0.0302158	0.178401	-0.61309	-0.160792
0.36	0.961692	0.0311182	0.181466	-0.617063	-0.163727
0.365	0.956777	0.0320357	0.184552	-0.621077	-0.166683
0.37	0.951865	0.0329685	0.187657	-0.625135	-0.169662
0.375	0.946955	0.0339166	0.190783	-0.629236	-0.172662
0.38	0.942049	0.0348802	0.193929	-0.633381	-0.175684
0.385	0.937146	0.0358593	0.197096	-0.637571	-0.178729
0.39	0.932246	0.036854	0.200284	-0.641808	-0.181796
0.395	0.927349	0.0378645	0.203493	-0.646091	-0.184885
0.4	0.922455	0.0388908	0.206723	-0.650422	-0.187997
0.405	0.917565	0.0399329	0.209975	-0.654802	-0.191131
0.41	0.912678	0.0409911	0.213249	-0.659232	-0.194289
0.415	0.907795	0.0420654	0.216545	-0.663712	-0.197469
0.42	0.902916	0.0431559	0.219864	-0.668244	-0.200673
0.425	0.89804	0.0442627	0.223205	-0.672828	-0.2039
0.43	0.893167	0.0453858	0.226569	-0.677466	-0.20715
0.435	0.888299	0.0465255	0.229957	-0.682159	-0.210424
0.44	0.883435	0.0476818	0.233367	-0.686907	-0.213721
0.445	0.878574	0.0488548	0.236802	-0.691712	-0.217043
0.45	0.873718	0.0500445	0.24026	-0.696575	-0.220388
0.455	0.868865	0.0512512	0.243743	-0.701497	-0.223758
0.46	0.864018	0.0524749	0.247251	-0.706479	-0.227152
0.465	0.859174	0.0537157	0.250783	-0.711522	-0.23057
0.47	0.854335	0.0549738	0.254341	-0.716627	-0.234013
0.475	0.8495	0.0562491	0.257924	-0.721797	-0.237481
0.48	0.84467	0.057542	0.261533	-0.727031	-0.240974
0.485	0.839845	0.0588523	0.265168	-0.732331	-0.244493
0.49	0.835025	0.0601803	0.26883	-0.737699	-0.248036
0.495	0.830209	0.0615261	0.272518	-0.743136	-0.251605
0.5	0.825399	0.0628898	0.276234	-0.748642	-0.2552
0.505	0.820593	0.0642715	0.279977	-0.75422	-0.25882
0.51	0.815793	0.0656712	0.283748	-0.759871	-0.262467
0.515	0.810999	0.0670892	0.287548	-0.765596	-0.26614
0.52	0.806209	0.0685256	0.291376	-0.771397	-0.269839
0.525	0.801426	0.0699804	0.295233	-0.777275	-0.273565
0.53	0.796648	0.0714538	0.299119	-0.783232	-0.277317
0.535	0.791875	0.0729459	0.303035	-0.789268	-0.281097
0.54	0.787109	0.0744568	0.306981	-0.795387	-0.284903
0.545	0.782349	0.0759867	0.310958	-0.801589	-0.288737
0.55	0.777595	0.0775356	0.314966	-0.807876	-0.292598
0.555	0.772847	0.0791037	0.319006	-0.814249	-0.296487
0.56	0.768106	0.0806911	0.323077	-0.820711	-0.300404
0.565	0.763371	0.082298	0.32718	-0.827263	-0.304349
0.57	0.758643	0.0839244	0.331317	-0.833907	-0.308322
0.575	0.753922	0.0855706	0.335486	-0.840644	-0.312324
0.58	0.749208	0.0872365	0.33969	-0.847477	-0.316354
0.585	0.7445	0.0889225	0.343927	-0.854407	-0.320413
0.59	0.7398	0.0906285	0.348199	-0.861436	-0.324501
0.595	0.735108	0.0923548	0.352506	-0.868566	-0.328618
0.6	0.730423	0.0941014	0.356849	-0.875799	-0.332765
0.605	0.725746	0.0958685	0.361228	-0.883137	-0.336941
0.61	0.721076	0.0976562	0.365644	-0.890583	-0.341147
0.615	0.716415	0.0994648	0.370097	-0.898137	-0.345383
0.62	0.711761	0.101294	0.374587	-0.905802	-0.349649
0.625	0.707116	0.103145	0.379116	-0.913581	-0.353945
0.63	0.70248	0.105016	0.383684	-0.921476	-0.358272
0.635	0.697852	0.106909	0.388292	-0.929488	-0.36263
0.64	0.693233	0.108824	0.392939	-0.93762	-0.367018
0.645	0.688623	0.11076	0.397627	-0.945875	-0.371438
0.65	0.684023	0.112718	0.402356	-0.954254	-0.375889
0.655	0.679431	0.114698	0.407128	-0.96276	-0.380371
0.66	0.67485	0.1167	0.411942	-0.971395	-0.384884
0.665	0.670278	0.118724	0.416799	-0.980162	-0.38943
0.67	0.665716	0.120771	0.421699	-0.989064	-0.394007
0.675	0.661164	0.12284	0.426645	-0.998102	-0.398617
0.68	0.656622	0.124931	0.431635	-1.00728	-0.403258
0.685	0.652092	0.127046	0.436672	-1.0166	-0.407932
0.69	0.647572	0.129184	0.441755	-1.02606	-0.412639
0.695	0.643063	0.131345	0.446885	-1.03567	-0.417378
0.7	0.638565	0.133529	0.452063	-1.04543	-0.42215
0.705	0.634079	0.135736	0.45729	-1.05535	-0.426955
0.71	0.629604	0.137967	0.462567	-1.06541	-0.431792
0.715	0.625141	0.140223	0.467894	-1.07564	-0.436663
0.72	0.620691	0.142502	0.473272	-1.08603	-0.441567
0.725	0.616253	0.144805	0.478703	-1.09658	-0.446504
0.73	0.611828	0.147132	0.484185	-1.10729	-0.451475
0.735	0.607415	0.149484	0.489722	-1.11818	-0.456479
0.74	0.603016	0.151861	0.495313	-1.12924	-0.461516
0.745	0.598631	0.154262	0.500959	-1.14047	-0.466587
0.75	0.594259	0.156688	0.506661	-1.15188	-0.471691
0.755	0.589901	0.15914	0.512421	-1.16347	-0.476829
0.76	0.585558	0.161616	0.518238	-1.17525	-0.482
0.765	0.581229	0.164119	0.524114	-1.18721	-0.487205
0.77	0.576915	0.166646	0.53005	-1.19936	-0.492443
0.775	0.572616	0.1692	0.536047	-1.2117	-0.497714
0.78	0.568333	0.17178	0.542106	-1.22424	-0.503019
0.785	0.564066	0.174386	0.548227	-1.23697	-0.508356
0.79	0.559815	0.177018	0.554412	-1.24991	-0.513726
0.795	0.55558	0.179677	0.560661	-1.26305	-0.519129
0.8	0.551363	0.182362	0.566976	-1.27639	-0.524564
0.805	0.547162	0.185074	0.573358	-1.28995	-0.530032
0.81	0.542979	0.187814	0.579808	-1.30371	-0.535532
0.815	0.538814	0.19058	0.586327	-1.31769	-0.541063
0.82	0.534668	0.193374	0.592915	-1.33189	-0.546626
0.825	0.53054	0.196196	0.599575	-1.34631	-0.552219
0.83	0.526431	0.199045	0.606306	-1.36095	-0.557843
0.835	0.522342	0.201922	0.613111	-1.37581	-0.563497
0.84	0.518272	0.204827	0.61999	-1.3909	-0.569181
0.845	0.514223	0.20776	0.626944	-1.40621	-0.574894
0.85	0.510195	0.210722	0.633975	-1.42176	-0.580635
0.855	0.506188	0.213712	0.641084	-1.43753	-0.586404
0.86	0.502202	0.216732	0.648272	-1.45354	-0.5922
0.865	0.498238	0.219779	0.65554	-1.46979	-0.598022
0.87	0.494297	0.222856	0.662889	-1.48626	-0.603869
0.875	0.490379	0.225963	0.67032	-1.50298	-0.609741
0.88	0.486485	0.229098	0.677835	-1.51993	-0.615637
0.885	0.482614	0.232263	0.685434	-1.53712	-0.621555
0.89	0.478768	0.235458	0.69312	-1.55455	-0.627495
0.895	0.474946	0.238682	0.700893	-1.57221	-0.633455
0.9	0.47115	0.241937	0.708754	-1.59011	-0.639434
0.905	0.467381	0.245221	0.716704	-1.60825	-0.64543
0.91	0.463637	0.248536	0.724746	-1.62662	-0.651443
0.915	0.459921	0.251881	0.732879	-1.64523	-0.657471
0.92	0.456232	0.255257	0.741105	-1.66407	-0.663511
0.925	0.452572	0.258663	0.749425	-1.68313	-0.669563
0.93	0.44894	0.2621	0.757841	-1.70242	-0.675625
0.935	0.445338	0.265567	0.766353	-1.72194	-0.681694
0.94	0.441766	0.269066	0.774963	-1.74167	-0.687768
0.945	0.438224	0.272595	0.783671	-1.76161	-0.693846
0.95	0.434714	0.276155	0.792479	-1.78177	-0.699925
0.955	0.431235	0.279747	0.801388	-1.80212	-0.706003
0.96	0.427789	0.28337	0.810399	-1.82267	-0.712078
0.965	0.424376	0.287024	0.819512	-1.84341	-0.718145
0.97	0.420997	0.290709	0.828729	-1.86434	-0.724204
0.975	0.417653	0.294426	0.838051	-1.88543	-0.73025
0.98	0.414343	0.298174	0.847478	-1.90668	-0.736281
0.985	0.41107	0.301954	0.857011	-1.92809	-0.742294
0.99	0.407833	0.305764	0.866652	-1.94963	-0.748285
0.995	0.404633	0.309607	0.8764	-1.97131	-0.754251
1	0.401472	0.31348	0.886256	-1.9931	-0.760188
1.005	0.398349	0.317385	0.896222	-2.01499	-0.766092
1.01	0.395266	0.321321	0.906297	-2.03696	-0.771959
1.015	0.392222	0.325288	0.916482	-2.059	-0.777785
1.02	0.38922	0.329287	0.926777	-2.08109	-0.783566
1.025	0.38626	0.333316	0.937182	-2.10322	-0.789298
1.03	0.383342	0.337377	0.947698	-2.12536	-0.794976
1.035	0.380468	0.341468	0.958325	-2.14748	-0.800594
1.04	0.377638	0.34559	0.969062	-2.16958	-0.806149
1.045	0.374852	0.349742	0.97991	-2.19163	-0.811634
1.05	0.372112	0.353924	0.990868	-2.21359	-0.817046
1.055	0.369419	0.358137	1.00194	-2.23545	-0.822378
1.06	0.366773	0.362379	1.01311	-2.25718	-0.827625
1.065	0.364175	0.366651	1.0244	-2.27875	-0.832781
1.07	0.361625	0.370953	1.03579	-2.30014	-0.837841
1.075	0.359126	0.375283	1.04729	-2.3213	-0.842798
1.08	0.356677	0.379642	1.0589	-2.34221	-0.847647
1.085	0.354279	0.38403	1.07061	-2.36284	-0.852381
1.09	0.351933	0.388445	1.08243	-2.38316	-0.856994
1.095	0.34964	0.392888	1.09434	-2.40312	-0.861481
1.1	0.3474	0.397359	1.10636	-2.42269	-0.865834
1.105	0.345215	0.401856	1.11847	-2.44184	-0.870048
1.11	0.343085	0.406379	1.13068	-2.46054	-0.874115
1.115	0.34101	0.410929	1.14298	-2.47873	-0.87803
1.12	0.338992	0.415503	1.15538	-2.49639	-0.881786
1.125	0.337032	0.420103	1.16786	-2.51347	-0.885376
1.13	0.335129	0.424727	1.18043	-2.52994	-0.888795
1.135	0.333285	0.429374	1.19308	-2.54576	-0.892035
1.14	0.3315	0.434045	1.2058	-2.56088	-0.895092
1.145	0.329776	0.438738	1.21861	-2.57527	-0.897958
1.15	0.328111	0.443453	1.23148	-2.5889	-0.900627
1.155	0.326508	0.448189	1.24443	-2.60171	-0.903095
1.16	0.324967	0.452946	1.25744	-2.61368	-0.905355
1.165	0.323488	0.457722	1.27051	-2.62477	-0.907402
1.17	0.322072	0.462517	1.28363	-2.63494	-0.909231
1.175	0.320719	0.467331	1.2968	-2.64416	-0.910837
1.18	0.31943	0.472162	1.31003	-2.65239	-0.912215
1.185	0.318205	0.477009	1.32329	-2.65961	-0.913362
1.19	0.317045	0.481873	1.33659	-2.66578	-0.914273
1.195	0.315949	0.486751	1.34991	-2.67087	-0.914944
1.2	0.314919	0.491644	1.36327	-2.67486	-0.915373
1.205	0.313954	0.49655	1.37664	-2.67773	-0.915557
1.21	0.313055	0.501468	1.39003	-2.67946	-0.915493
1.215	0.312222	0.506399	1.40343	-2.68001	-0.915179
1.22	0.311456	0.511339	1.41683	-2.67939	-0.914615
1.225	0.310755	0.51629	1.43023	-2.67758	-0.913799
1.23	0.310121	0.52125	1.44361	-2.67456	-0.91273
1.235	0.309553	0.526217	1.45699	-2.67033	-0.911408
1.24	0.309052	0.531192	1.47034	-2.66489	-0.909835
1.245	0.308616	0.536173	1.48366	-2.65822	-0.90801
1.25	0.308248	0.54116	1.49695	-2.65035	-0.905936
1.255	0.307945	0.54615	1.51021	-2.64126	-0.903613
1.26	0.307708	0.551145	1.52341	-2.63097	-0.901045
1.265	0.307537	0.556142	1.53657	-2.6195	-0.898235
1.27	0.307431	0.561141	1.54966	-2.60684	-0.895185
1.275	0.307391	0.566141	1.5627	-2.59303	-0.8919
1.28	0.307415	0.571141	1.57566	-2.57807	-0.888383
1.285	0.307504	0.57614	1.58855	-2.562	-0.88464
1.29	0.307657	0.581137	1.60136	-2.54484	-0.880674
1.295	0.307873	0.586133	1.61409	-2.52662	-0.876493
1.3	0.308152	0.591125	1.62672	-2.50736	-0.8721
1.305	0.308495	0.596113	1.63926	-2.4871	-0.867503
1.31	0.308899	0.601097	1.65169	-2.46587	-0.862707
1.315	0.309364	0.606075	1.66402	-2.44372	-0.857719
1.32	0.30989	0.611047	1.67624	-2.42067	-0.852546
1.325	0.310477	0.616013	1.68834	-2.39676	-0.847196
1.33	0.311123	0.620971	1.70033	-2.37205	-0.841674
1.335	0.311827	0.625921	1.71219	-2.34656	-0.835989
1.34	0.31259	0.630863	1.72392	-2.32035	-0.830147
1.345	0.31341	0.635795	1.73552	-2.29345	-0.824158
1.35	0.314286	0.640717	1.74699	-2.2659	-0.818027
1.355	0.315218	0.64563	1.75832	-2.23776	-0.811763
1.36	0.316205	0.650531	1.76951	-2.20906	-0.805374
1.365	0.317246	0.655422	1.78055	-2.17986	-0.798867
1.37	0.318341	0.660301	1.79145	-2.15018	-0.792249
1.375	0.319487	0.665167	1.8022	-2.12009	-0.785529
1.38	0.320686	0.670022	1.8128	-2.08961	-0.778715
1.385	0.321935	0.674863	1.82325	-2.05879	-0.771812
1.39	0.323233	0.679692	1.83355	-2.02767	-0.764829
1.395	0.324581	0.684507	1.84369	-1.9963	-0.757773
1.4	0.325976	0.689308	1.85367	-1.96471	-0.750651
1.405	0.327419	0.694095	1.86349	-1.93294	-0.743469
1.41	0.328908	0.698868	1.87315	-1.90103	-0.736235
1.415	0.330442	0.703627	1.88266	-1.86901	-0.728955
1.42	0.332021	0.708371	1.89201	-1.83692	-0.721635
1.425	0.333643	0.713101	1.90119	-1.80479	-0.714281
1.43	0.335308	0.717816	1.91021	-1.77266	-0.7069
1.435	0.337014	0.722516	1.91908	-1.74054	-0.699497
1.44	0.338761	0.7272	1.92778	-1.70849	-0.692077
1.445	0.340548	0.73187	1.93632	-1.67651	-0.684646
1.45	0.342375	0.736525	1.9447	-1.64464	-0.677209
1.455	0.344239	0.741164	1.95293	-1.6129	-0.669771
1.46	0.346141	0.745788	1.96099	-1.58131	-0.662337
1.465	0.348079	0.750397	1.9689	-1.54991	-0.65491
1.47	0.350053	0.754991	1.97665	-1.5187	-0.647495
1.475	0.352062	0.75957	1.98424	-1.48771	-0.640096
1.48	0.354105	0.764133	1.99168	-1.45695	-0.632717
1.485	0.356181	0.768682	1.99897	-1.42644	-0.625362
1.49	0.358289	0.773216	2.0061	-1.3962	-0.618033
1.495	0.360429	0.777734	2.01308	-1.36624	-0.610735
1.5	0.3626	0.782239	2.01991	-1.33658	-0.603469
1.505	0.364801	0.786728	2.02659	-1.30722	-0.596239
1.51	0.367031	0.791203	2.03313	-1.27818	-0.589048
1.515	0.36929	0.795664	2.03952	-1.24946	-0.581897
1.52	0.371577	0.800111	2.04577	-1.22107	-0.57479
1.525	0.37389	0.804543	2.05187	-1.19303	-0.567728
1.53	0.37623	0.808962	2.05784	-1.16534	-0.560714
1.535	0.378596	0.813367	2.06366	-1.138	-0.553748
1.54	0.380987	0.817758	2.06935	-1.11102	-0.546834
1.545	0.383402	0.822136	2.07491	-1.08441	-0.539971
1.55	0.385841	0.826501	2.08033	-1.05816	-0.533163
1.555	0.388303	0.830853	2.08562	-1.03228	-0.526409
1.56	0.390787	0.835192	2.09078	-1.00678	-0.519712
1.565	0.393293	0.839518	2.09582	-0.981646	-0.513072
1.57	0.395821	0.843833	2.10073	-0.956889	-0.506491
1.575	0.398369	0.848135	2.10551	-0.932506	-0.499968
1.58	0.400937	0.852425	2.11017	-0.908499	-0.493505
1.585	0.403524	0.856703	2.11472	-0.884865	-0.487103
1.59	0.406131	0.86097	2.11914	-0.861605	-0.480762
1.595	0.408755	0.865226	2.12345	-0.838717	-0.474482
1.6	0.411398	0.86947	2.12764	-0.816198	-0.468264
1.605	0.414058	0.873704	2.13172	-0.794048	-0.462108
1.61	0.416734	0.877928	2.13569	-0.772263	-0.456015
1.615	0.419427	0.88214	2.13955	-0.75084	-0.449984
1.62	0.422136	0.886343	2.14331	-0.729777	-0.444016
1.625	0.42486	0.890536	2.14696	-0.709071	-0.438111
1.63	0.427599	0.894719	2.1505	-0.688717	-0.432269
1.635	0.430352	0.898893	2.15395	-0.668713	-0.426489
1.64	0.433119	0.903057	2.15729	-0.649054	-0.420773
1.645	0.4359	0.907213	2.16053	-0.629736	-0.415119
1.65	0.438694	0.911359	2.16368	-0.610756	-0.409527
1.655	0.4415	0.915497	2.16674	-0.592108	-0.403998
1.66	0.444319	0.919627	2.1697	-0.57379	-0.39853
1.665	0.44715	0.923749	2.17257	-0.555795	-0.393125
1.67	0.449992	0.927863	2.17535	-0.53812	-0.38778
1.675	0.452845	0.931969	2.17804	-0.52076	-0.382497
1.68	0.455708	0.936067	2.18064	-0.50371	-0.377275
1.685	0.458582	0.940159	2.18316	-0.486966	-0.372113
1.69	0.461466	0.944243	2.18559	-0.470523	-0.367011
1.695	0.46436	0.948321	2.18795	-0.454376	-0.361969
1.7	0.467263	0.952392	2.19022	-0.438521	-0.356986
1.705	0.470174	0.956457	2.19241	-0.422952	-0.352062
1.71	0.473095	0.960515	2.19453	-0.407665	-0.347195
1.715	0.476023	0.964568	2.19656	-0.392655	-0.342387
1.72	0.47896	0.968615	2.19853	-0.377918	-0.337636
1.725	0.481904	0.972656	2.20042	-0.363448	-0.332942
1.73	0.484856	0.976692	2.20223	-0.349241	-0.328304
1.735	0.487814	0.980723	2.20398	-0.335292	-0.323721
1.74	0.490779	0.984748	2.20566	-0.321597	-0.319194
1.745	0.493751	0.988769	2.20726	-0.308151	-0.314722
1.75	0.496729	0.992786	2.2088	-0.29495	-0.310304
1.755	0.499713	0.996798	2.21028	-0.281988	-0.30594
1.76	0.502703	1.00081	2.21169	-0.269262	-0.301628
1.765	0.505698	1.00481	2.21304	-0.256767	-0.29737
1.77	0.508698	1.00881	2.21432	-0.244499	-0.293163
1.775	0.511703	1.01281	2.21554	-0.232453	-0.289008
1.78	0.514712	1.0168	2.2167	-0.220625	-0.284904
1.785	0.517726	1.02079	2.21781	-0.209012	-0.28085
1.79	0.520745	1.02477	2.21885	-0.197608	-0.276847
1.795	0.523767	1.02876	2.21984	-0.18641	-0.272893
1.8	0.526792	1.03274	2.22077	-0.175414	-0.268987
1.805	0.529822	1.03672	2.22165	-0.164616	-0.26513
1.81	0.532854	1.04069	2.22247	-0.154012	-0.261321
1.815	0.53589	1.04466	2.22324	-0.143598	-0.257559
1.82	0.538929	1.04863	2.22396	-0.13337	-0.253843
1.825	0.54197	1.0526	2.22463	-0.123325	-0.250174
1.83	0.545013	1.05657	2.22524	-0.11346	-0.246551
1.835	0.548059	1.06054	2.22581	-0.10377	-0.242973
1.84	0.551107	1.0645	2.22633	-0.094252	-0.239439
1.845	0.554157	1.06846	2.2268	-0.0849028	-0.23595
1.85	0.557208	1.07242	2.22723	-0.0757189	-0.232505
1.855	0.560261	1.07638	2.2276	-0.0666969	-0.229102
1.86	0.563316	1.08034	2.22794	-0.0578338	-0.225743
1.865	0.566371	1.0843	2.22823	-0.0491262	-0.222425
1.87	0.569427	1.08826	2.22847	-0.0405711	-0.21915
1.875	0.572485	1.09221	2.22868	-0.0321654	-0.215915
1.88	0.575542	1.09617	2.22884	-0.0239061	-0.212722
1.885	0.578601	1.10012	2.22896	-0.0157902	-0.209569
1.89	0.581659	1.10408	2.22904	-0.00781493	-0.206456
1.895	0.584718	1.10803	2.22907	2.25964e-005	-0.203382
1.9	0.587777	1.11199	2.22907	0.00772513	-0.200348
1.905	0.590836	1.11594	2.22904	0.0152954	-0.197352
1.91	0.593894	1.1199	2.22896	0.022736	-0.194394
1.915	0.596952	1.12386	2.22885	0.0300496	-0.191474
1.92	0.600009	1.12781	2.2287	0.0372388	-0.188591
1.925	0.603066	1.13177	2.22851	0.044306	-0.185745
1.93	0.606121	1.13573	2.22829	0.0512536	-0.182936
1.935	0.609176	1.13969	2.22803	0.0580842	-0.180163
1.94	0.612229	1.14365	2.22774	0.0647999	-0.177425
1.945	0.615282	1.14761	2.22742	0.0714031	-0.174723
1.95	0.618332	1.15157	2.22706	0.0778961	-0.172056
1.955	0.621382	1.15553	2.22667	0.0842811	-0.169424
1.96	0.624429	1.15949	2.22625	0.0905602	-0.166825
1.965	0.627475	1.16346	2.2258	0.0967355	-0.164261
1.97	0.630519	1.16743	2.22531	0.102809	-0.16173
1.975	0.633561	1.17139	2.2248	0.108783	-0.159232
1.98	0.6366	1.17536	2.22425	0.114659	-0.156766
1.985	0.639638	1.17934	2.22368	0.120439	-0.154334
1.99	0.642673	1.18331	2.22308	0.126126	-0.151933
1.995	0.645705	1.18728	2.22245	0.13172	-0.149564
2	0.648735	1.19126	2.22179	0.137225	-0.147226
2.005	0.651762	1.19524	2.2211	0.14264	-0.14492
2.01	0.654787	1.19922	2.22039	0.14797	-0.142644
2.015	0.657808	1.20321	2.21965	0.153214	-0.140399
2.02	0.660826	1.20719	2.21888	0.158374	-0.138184
2.025	0.663842	1.21118	2.21809	0.163454	-0.135999
2.03	0.666854	1.21517	2.21728	0.168452	-0.133843
2.035	0.669862	1.21917	2.21643	0.173373	-0.131716
2.04	0.672867	1.22316	2.21557	0.178216	-0.129619
2.045	0.675869	1.22716	2.21468	0.182984	-0.12755
2.05	0.678866	1.23116	2.21376	0.187678	-0.125509
2.055	0.681861	1.23517	2.21282	0.192299	-0.123497
2.06	0.684851	1.23917	2.21186	0.196849	-0.121513
2.065	0.687837	1.24318	2.21088	0.201329	-0.119556
2.07	0.690819	1.2472	2.20987	0.205741	-0.117626
2.075	0.693797	1.25121	2.20884	0.210086	-0.115723
2.08	0.696771	1.25523	2.20779	0.214364	-0.113847
2.085	0.699741	1.25926	2.20672	0.218578	-0.111998
2.09	0.702706	1.26328	2.20563	0.222729	-0.110175
2.095	0.705667	1.26731	2.20451	0.226817	-0.108378
2.1	0.708623	1.27134	2.20338	0.230844	-0.106607
2.105	0.711575	1.27538	2.20222	0.234812	-0.104861
2.11	0.714521	1.27942	2.20105	0.23872	-0.103141
2.115	0.717463	1.28346	2.19986	0.242571	-0.101446
2.12	0.7204	1.28751	2.19864	0.246366	-0.0997755
2.125	0.723332	1.29156	2.19741	0.250105	-0.0981299
2.13	0.726259	1.29561	2.19616	0.25379	-0.0965086
2.135	0.729181	1.29967	2.19489	0.257421	-0.0949116
2.14	0.732098	1.30373	2.1936	0.261	-0.0933386
2.145	0.735009	1.3078	2.1923	0.264527	-0.0917894
2.15	0.737915	1.31186	2.19098	0.268004	-0.0902637
2.155	0.740815	1.31594	2.18964	0.271432	-0.0887615
2.16	0.74371	1.32001	2.18828	0.27481	-0.0872824
2.165	0.7466	1.32409	2.18691	0.278141	-0.0858264
2.17	0.749483	1.32818	2.18552	0.281426	-0.0843931
2.175	0.752361	1.33227	2.18411	0.284664	-0.0829824
2.18	0.755233	1.33636	2.18268	0.287857	-0.0815942
2.185	0.758099	1.34046	2.18125	0.291006	-0.0802282
2.19	0.76096	1.34456	2.17979	0.294111	-0.0788842
2.195	0.763814	1.34866	2.17832	0.297174	-0.0775621
2.2	0.766662	1.35277	2.17683	0.300195	-0.0762617
2.205	0.769504	1.35689	2.17533	0.303174	-0.0749828
2.21	0.772339	1.36101	2.17382	0.306113	-0.0737253
2.215	0.775169	1.36513	2.17229	0.309013	-0.0724889
2.22	0.777992	1.36926	2.17074	0.311873	-0.0712735
2.225	0.780808	1.37339	2.16918	0.314696	-0.070079
2.23	0.783618	1.37752	2.16761	0.31748	-0.0689052
2.235	0.786422	1.38166	2.16602	0.320228	-0.0677519
2.24	0.789219	1.38581	2.16442	0.32294	-0.0666189
2.245	0.792009	1.38996	2.16281	0.325616	-0.0655062
2.25	0.794792	1.39411	2.16118	0.328257	-0.0644135
2.255	0.797569	1.39827	2.15954	0.330863	-0.0633407
2.26	0.800338	1.40243	2.15788	0.333436	-0.0622877
2.265	0.803101	1.4066	2.15621	0.335976	-0.0612543
2.27	0.805857	1.41077	2.15453	0.338483	-0.0602403
2.275	0.808606	1.41495	2.15284	0.340959	-0.0592456
2.28	0.811347	1.41913	2.15114	0.343403	-0.0582702
2.285	0.814081	1.42331	2.14942	0.345816	-0.0573137
2.29	0.816809	1.42751	2.14769	0.348198	-0.0563762
2.295	0.819528	1.4317	2.14595	0.350552	-0.0554574
2.3	0.822241	1.4359	2.1442	0.352875	-0.0545573
2.305	0.824946	1.44011	2.14243	0.35517	-0.0536756
2.31	0.827644	1.44432	2.14066	0.357437	-0.0528123
2.315	0.830334	1.44853	2.13887	0.359676	-0.0519673
2.32	0.833016	1.45275	2.13707	0.361888	-0.0511403
2.325	0.835691	1.45697	2.13526	0.364073	-0.0503313
2.33	0.838358	1.4612	2.13344	0.366232	-0.0495402
2.335	0.841017	1.46544	2.13161	0.368364	-0.0487668
2.34	0.843669	1.46968	2.12977	0.370472	-0.0480111
2.345	0.846313	1.47392	2.12792	0.372554	-0.0472728
2.35	0.848948	1.47817	2.12605	0.374612	-0.0465519
2.355	0.851576	1.48242	2.12418	0.376646	-0.0458482
2.36	0.854196	1.48668	2.1223	0.378656	-0.0451617
2.365	0.856808	1.49095	2.1204	0.380642	-0.0444922
2.37	0.859412	1.49521	2.1185	0.382606	-0.0438396
2.375	0.862007	1.49949	2.11659	0.384547	-0.0432039
2.38	0.864594	1.50377	2.11467	0.386466	-0.0425848
2.385	0.867173	1.50805	2.11273	0.388363	-0.0419823
2.39	0.869744	1.51234	2.11079	0.390239	-0.0413962
2.395	0.872306	1.51663	2.10884	0.392094	-0.0408265
2.4	0.87486	1.52093	2.10688	0.393928	-0.0402731
2.405	0.877405	1.52523	2.10491	0.395742	-0.0397358
2.41	0.879942	1.52954	2.10293	0.397536	-0.0392146
2.415	0.882471	1.53386	2.10094	0.39931	-0.0387093
2.42	0.88499	1.53818	2.09895	0.401065	-0.0382199
2.425	0.887501	1.5425	2.09694	0.4028	-0.0377462
2.43	0.890004	1.54683	2.09493	0.404518	-0.0372882
2.435	0.892497	1.55116	2.09291	0.406216	-0.0368456
2.44	0.894982	1.5555	2.09087	0.407897	-0.0364186
2.445	0.897458	1.55984	2.08883	0.40956	-0.0360069
2.45	0.899925	1.56419	2.08679	0.411206	-0.0356104
2.455	0.902383	1.56855	2.08473	0.412834	-0.0352291
2.46	0.904832	1.57291	2.08267	0.414445	-0.0348629
2.465	0.907272	1.57727	2.08059	0.41604	-0.0345116
2.47	0.909703	1.58164	2.07851	0.417619	-0.0341752
2.475	0.912125	1.58601	2.07643	0.419181	-0.0338536
2.48	0.914537	1.59039	2.07433	0.420728	-0.0335466
2.485	0.916941	1.59478	2.07223	0.422259	-0.0332543
2.49	0.919335	1.59917	2.07012	0.423774	-0.0329765
2.495	0.92172	1.60356	2.068	0.425275	-0.0327131
2.5	0.924095	1.60796	2.06587	0.426761	-0.0324641
2.505	0.926461	1.61237	2.06374	0.428233	-0.0322293
2.51	0.928818	1.61678	2.06159	0.42969	-0.0320087
2.515	0.931165	1.62119	2.05945	0.431133	-0.0318021
2.52	0.933503	1.62561	2.05729	0.432562	-0.0316095
2.525	0.935831	1.63004	2.05513	0.433978	-0.0314309
2.53	0.938149	1.63447	2.05296	0.43538	-0.031266
2.535	0.940458	1.6389	2.05078	0.43677	-0.0311149
2.54	0.942757	1.64334	2.0486	0.438146	-0.0309775
2.545	0.945047	1.64779	2.04641	0.439509	-0.0308536
2.55	0.947326	1.65224	2.04421	0.44086	-0.0307432
2.555	0.949596	1.65669	2.042	0.442199	-0.0306462
2.56	0.951856	1.66115	2.03979	0.443526	-0.0305626
2.565	0.954106	1.66562	2.03758	0.44484	-0.0304922
2.57	0.956346	1.67009	2.03535	0.446143	-0.030435
2.575	0.958576	1.67456	2.03312	0.447434	-0.0303908
2.58	0.960796	1.67904	2.03088	0.448714	-0.0303597
2.585	0.963007	1.68353	2.02864	0.449983	-0.0303414
2.59	0.965207	1.68802	2.02639	0.451241	-0.0303361
2.595	0.967396	1.69251	2.02413	0.452488	-0.0303435
2.6	0.969576	1.69701	2.02187	0.453725	-0.0303636
2.605	0.971745	1.70152	2.0196	0.454951	-0.0303964
2.61	0.973905	1.70603	2.01733	0.456167	-0.0304416
2.615	0.976054	1.71054	2.01505	0.457372	-0.0304994
2.62	0.978192	1.71506	2.01276	0.458568	-0.0305695
2.625	0.98032	1.71959	2.01047	0.459754	-0.030652
2.63	0.982438	1.72411	2.00817	0.46093	-0.0307467
2.635	0.984546	1.72865	2.00586	0.462097	-0.0308535
2.64	0.986642	1.73319	2.00355	0.463254	-0.0309725
2.645	0.988729	1.73773	2.00124	0.464403	-0.0311035
2.65	0.990805	1.74228	1.99892	0.465542	-0.0312464
2.655	0.99287	1.74683	1.99659	0.466672	-0.0314012
2.66	0.994924	1.75139	1.99425	0.467794	-0.0315678
2.665	0.996968	1.75596	1.99192	0.468907	-0.0317461
2.67	0.999002	1.76052	1.98957	0.470012	-0.0319361
2.675	1.00102	1.7651	1.98722	0.471108	-0.0321377
2.68	1.00304	1.76967	1.98487	0.472197	-0.0323508
2.685	1.00504	1.77426	1.9825	0.473277	-0.0325753
2.69	1.00703	1.77884	1.98014	0.474349	-0.0328112
2.695	1.00901	1.78343	1.97777	0.475414	-0.0330584
2.7	1.01097	1.78803	1.97539	0.476471	-0.0333168
2.705	1.01293	1.79263	1.97301	0.47752	-0.0335863
2.71	1.01488	1.79724	1.97062	0.478562	-0.033867
2.715	1.01681	1.80185	1.96823	0.479597	-0.0341586
2.72	1.01874	1.80646	1.96583	0.480624	-0.0344612
2.725	1.02065	1.81108	1.96343	0.481645	-0.0347747
2.73	1.02255	1.81571	1.96102	0.482658	-0.035099
2.735	1.02444	1.82034	1.9586	0.483665	-0.035434
2.74	1.02632	1.82497	1.95619	0.484665	-0.0357797
2.745	1.02819	1.82961	1.95376	0.485658	-0.036136
2.75	1.03005	1.83425	1.95133	0.486645	-0.0365028
2.755	1.03189	1.8389	1.9489	0.487626	-0.03688
2.76	1.03373	1.84355	1.94646	0.4886	-0.0372677
2.765	1.03555	1.8482	1.94402	0.489569	-0.0376657
2.77	1.03736	1.85286	1.94157	0.490531	-0.0380739
2.775	1.03916	1.85753	1.93912	0.491487	-0.0384923
2.78	1.04095	1.8622	1.93666	0.492437	-0.0389208
2.785	1.04273	1.86687	1.9342	0.493382	-0.0393594
2.79	1.04449	1.87155	1.93173	0.494321	-0.0398079
2.795	1.04625	1.87623	1.92926	0.495254	-0.0402664
2.8	1.04799	1.88092	1.92678	0.496182	-0.0407347
2.805	1.04972	1.88561	1.9243	0.497104	-0.0412128
2.81	1.05144	1.8903	1.92182	0.498021	-0.0417006
2.815	1.05315	1.895	1.91933	0.498933	-0.042198
2.82	1.05485	1.89971	1.91683	0.49984	-0.042705
2.825	1.05653	1.90441	1.91433	0.500742	-0.0432215
2.83	1.0582	1.90913	1.91183	0.501639	-0.0437474
2.835	1.05986	1.91384	1.90932	0.502531	-0.0442827
2.84	1.06151	1.91856	1.90681	0.503418	-0.0448273
2.845	1.06315	1.92329	1.90429	0.5043	-0.0453812
2.85	1.06477	1.92801	1.90177	0.505178	-0.0459442
2.855	1.06639	1.93275	1.89925	0.506052	-0.0465163
2.86	1.06799	1.93748	1.89672	0.506921	-0.0470975
2.865	1.06958	1.94223	1.89418	0.507785	-0.0476876
2.87	1.07115	1.94697	1.89164	0.508645	-0.0482866
2.875	1.07272	1.95172	1.8891	0.509501	-0.0488944
2.88	1.07427	1.95647	1.88655	0.510353	-0.049511
2.885	1.07581	1.96123	1.884	0.511201	-0.0501363
2.89	1.07734	1.96599	1.88144	0.512045	-0.0507703
2.895	1.07885	1.97075	1.87888	0.512884	-0.0514128
2.9	1.08036	1.97552	1.87632	0.51372	-0.0520638
2.905	1.08185	1.98029	1.87375	0.514552	-0.0527232
2.91	1.08333	1.98507	1.87118	0.515381	-0.053391
2.915	1.0848	1.98985	1.8686	0.516206	-0.0540671
2.92	1.08625	1.99463	1.86602	0.517027	-0.0547514
2.925	1.08769	1.99942	1.86343	0.517844	-0.0554438
2.93	1.08912	2.00421	1.86084	0.518658	-0.0561444
2.935	1.09054	2.00901	1.85825	0.519469	-0.056853
2.94	1.09195	2.01381	1.85565	0.520276	-0.0575695
2.945	1.09334	2.01861	1.85305	0.52108	-0.058294
2.95	1.09472	2.02341	1.85045	0.521881	-0.0590263
2.955	1.09609	2.02822	1.84784	0.522679	-0.0597663
2.96	1.09744	2.03304	1.84522	0.523473	-0.060514
2.965	1.09878	2.03785	1.84261	0.524265	-0.0612693
2.97	1.10011	2.04267	1.83999	0.525053	-0.0620322
2.975	1.10143	2.0475	1.83736	0.525839	-0.0628026
2.98	1.10274	2.05232	1.83473	0.526622	-0.0635804
2.985	1.10403	2.05715	1.8321	0.527401	-0.0643656
2.99	1.10531	2.06199	1.82946	0.528179	-0.065158
2.995	1.10657	2.06682	1.82682	0.528953	-0.0659577
3	1.10783	2.07166	1.82418	0.529725	-0.0667645
3.005	1.10907	2.07651	1.82153	0.530494	-0.0675784
3.01	1.11029	2.08135	1.81887	0.53126	-0.0683994
3.015	1.11151	2.08621	1.81622	0.532024	-0.0692272
3.02	1.11271	2.09106	1.81356	0.532786	-0.070062
3.025	1.1139	2.09591	1.81089	0.533545	-0.0709036
3.03	1.11508	2.10077	1.80823	0.534302	-0.0717519
3.035	1.11624	2.10564	1.80556	0.535056	-0.0726068
3.04	1.11739	2.1105	1.80288	0.535808	-0.0734684
3.045	1.11853	2.11537	1.8002	0.536558	-0.0743366
3.05	1.11965	2.12024	1.79752	0.537306	-0.0752112
3.055	1.12076	2.12512	1.79483	0.538052	-0.0760922
3.06	1.12186	2.13	1.79214	0.538795	-0.0769796
3.065	1.12294	2.13488	1.78945	0.539537	-0.0778732
3.07	1.12401	2.13976	1.78675	0.540276	-0.078773
3.075	1.12507	2.14465	1.78405	0.541014	-0.079679
3.08	1.12612	2.14954	1.78134	0.54175	-0.080591
3.085	1.12715	2.15443	1.77863	0.542484	-0.081509
3.09	1.12817	2.15933	1.77592	0.543215	-0.0824329
3.095	1.12917	2.16422	1.77321	0.543946	-0.0833627
3.1	1.13016	2.16912	1.77049	0.544674	-0.0842983
3.105	1.13114	2.17403	1.76776	0.545401	-0.0852396
3.11	1.13211	2.17893	1.76504	0.546126	-0.0861865
3.115	1.13306	2.18384	1.76231	0.546849	-0.087139
3.12	1.134	2.18875	1.75957	0.547571	-0.0880971
3.125	1.13492	2.19367	1.75683	0.548292	-0.0890606
3.13	1.13583	2.19858	1.75409	0.54901	-0.0900294
3.135	1.13673	2.2035	1.75135	0.549728	-0.0910036
3.14	1.13762	2.20842	1.7486	0.550444	-0.091983
3.145	1.13849	2.21335	1.74585	0.551158	-0.0929675
3.15	1.13934	2.21827	1.74309	0.551871	-0.0939572
3.155	1.14019	2.2232	1.74033	0.552583	-0.0949518
3.16	1.14102	2.22813	1.73757	0.553293	-0.0959515
3.165	1.14183	2.23307	1.7348	0.554002	-0.096956
3.17	1.14264	2.238	1.73203	0.55471	-0.0979653
3.175	1.14343	2.24294	1.72926	0.555417	-0.0989794
3.18	1.1442	2.24788	1.72648	0.556123	-0.0999981
3.185	1.14496	2.25282	1.7237	0.556827	-0.101021
3.19	1.14571	2.25776	1.72092	0.557531	-0.102049
3.195	1.14644	2.26271	1.71813	0.558233	-0.103082
3.2	1.14716	2.26766	1.71534	0.558934	-0.104118
3.205	1.14787	2.27261	1.71254	0.559635	-0.105159
3.21	1.14856	2.27756	1.70974	0.560334	-0.106205
3.215	1.14924	2.28251	1.70694	0.561032	-0.107254
3.22	1.14991	2.28747	1.70414	0.56173	-0.108308
3.225	1.15056	2.29242	1.70133	0.562426	-0.109365
3.23	1.15119	2.29738	1.69852	0.563122	-0.110427
3.235	1.15182	2.30235	1.6957	0.563817	-0.111493
3.24	1.15243	2.30731	1.69288	0.564511	-0.112562
3.245	1.15302	2.31227	1.69006	0.565204	-0.113635
3.25	1.1536	2.31724	1.68723	0.565897	-0.114712
3.255	1.15417	2.32221	1.6844	0.566588	-0.115792
3.26	1.15472	2.32718	1.68157	0.56728	-0.116876
3.265	1.15526	2.33215	1.67873	0.56797	-0.117963
3.27	1.15579	2.33712	1.67589	0.56866	-0.119054
3.275	1.1563	2.34209	1.67305	0.569349	-0.120148
3.28	1.15679	2.34707	1.6702	0.570038	-0.121246
3.285	1.15727	2.35204	1.66735	0.570726	-0.122346
3.29	1.15774	2.35702	1.6645	0.571414	-0.12345
3.295	1.1582	2.362	1.66164	0.572101	-0.124556
3.3	1.15863	2.36698	1.65878	0.572787	-0.125666
3.305	1.15906	2.37196	1.65592	0.573473	-0.126778
3.31	1.15947	2.37695	1.65305	0.574159	-0.127894
3.315	1.15987	2.38193	1.65018	0.574844	-0.129012
3.32	1.16025	2.38692	1.64731	0.575529	-0.130133
3.325	1.16062	2.3919	1.64443	0.576214	-0.131256
3.33	1.16097	2.39689	1.64155	0.576898	-0.132382
3.335	1.16131	2.40188	1.63866	0.577582	-0.13351
3.34	1.16163	2.40687	1.63578	0.578266	-0.134641
3.345	1.16194	2.41186	1.63288	0.578949	-0.135774
3.35	1.16224	2.41685	1.62999	0.579632	-0.136909
3.355	1.16252	2.42184	1.62709	0.580315	-0.138046
3.36	1.16279	2.42684	1.62419	0.580998	-0.139186
3.365	1.16304	2.43183	1.62128	0.58168	-0.140327
3.37	1.16328	2.43682	1.61838	0.582363	-0.141471
3.375	1.1635	2.44182	1.61546	0.583045	-0.142616
3.38	1.16371	2.44681	1.61255	0.583727	-0.143763
3.385	1.1639	2.45181	1.60963	0.584409	-0.144912
3.39	1.16408	2.45681	1.60671	0.585091	-0.146062
3.395	1.16425	2.46181	1.60378	0.585772	-0.147214
3.4	1.1644	2.4668	1.60085	0.586454	-0.148368
3.405	1.16453	2.4718	1.59792	0.587136	-0.149523
3.41	1.16466	2.4768	1.59499	0.587818	-0.150679
3.415	1.16476	2.4818	1.59205	0.5885	-0.151837
3.42	1.16485	2.4868	1.5891	0.589181	-0.152996
3.425	1.16493	2.4918	1.58616	0.589863	-0.154155
3.43	1.16499	2.4968	1.58321	0.590545	-0.155316
3.435	1.16504	2.5018	1.58026	0.591227	-0.156478
3.44	1.16507	2.5068	1.5773	0.59191	-0.157641
3.445	1.16509	2.5118	1.57434	0.592592	-0.158805
3.45	1.16509	2.5168	1.57138	0.593274	-0.159969
3.455	1.16508	2.5218	1.56841	0.593957	-0.161134
3.46	1.16505	2.5268	1.56544	0.59464	-0.1623
3.465	1.16501	2.5318	1.56247	0.595323	-0.163466
3.47	1.16496	2.5368	1.55949	0.596006	-0.164633
3.475	1.16488	2.5418	1.55651	0.59669	-0.1658
3.48	1.1648	2.54679	1.55353	0.597373	-0.166967
3.485	1.1647	2.55179	1.55054	0.598057	-0.168135
3.49	1.16458	2.55679	1.54755	0.598742	-0.169303
3.495	1.16445	2.56179	1.54456	0.599426	-0.17047
3.5	1.1643	2.56679	1.54156	0.600111	-0.171638
3.505	1.16414	2.57179	1.53856	0.600796	-0.172806
3.51	1.16397	2.57678	1.53556	0.601482	-0.173974
3.515	1.16378	2.58178	1.53255	0.602168	-0.175141
3.52	1.16357	2.58677	1.52954	0.602854	-0.176308
3.525	1.16335	2.59177	1.52652	0.603541	-0.177475
3.53	1.16311	2.59676	1.52351	0.604228	-0.178641
3.535	1.16286	2.60176	1.52048	0.604916	-0.179807
3.54	1.16259	2.60675	1.51746	0.605604	-0.180972
3.545	1.16231	2.61174	1.51443	0.606292	-0.182137
3.55	1.16201	2.61673	1.5114	0.606981	-0.1833
3.555	1.1617	2.62172	1.50837	0.60767	-0.184463
3.56	1.16138	2.62671	1.50533	0.60836	-0.185625
3.565	1.16103	2.6317	1.50229	0.609051	-0.186786
3.57	1.16068	2.63669	1.49924	0.609742	-0.187946
3.575	1.1603	2.64167	1.49619	0.610433	-0.189105
3.58	1.15992	2.64666	1.49314	0.611125	-0.190263
3.585	1.15951	2.65164	1.49008	0.611818	-0.191419
3.59	1.15909	2.65663	1.48702	0.612511	-0.192574
3.595	1.15866	2.66161	1.48396	0.613205	-0.193728
3.6	1.15821	2.66659	1.4809	0.6139	-0.19488
3.605	1.15775	2.67157	1.47783	0.614595	-0.196031
3.61	1.15727	2.67654	1.47475	0.61529	-0.19718
3.615	1.15677	2.68152	1.47168	0.615987	-0.198327
3.62	1.15626	2.68649	1.4686	0.616684	-0.199472
3.625	1.15574	2.69146	1.46551	0.617382	-0.200616
3.63	1.1552	2.69643	1.46243	0.61808	-0.201757
3.635	1.15464	2.7014	1.45934	0.618779	-0.202897
3.64	1.15407	2.70637	1.45624	0.619479	-0.204034
3.645	1.15348	2.71134	1.45315	0.62018	-0.205169
3.65	1.15288	2.7163	1.45004	0.620881	-0.206302
3.655	1.15226	2.72126	1.44694	0.621583	-0.207433
3.66	1.15163	2.72622	1.44383	0.622286	-0.208561
3.665	1.15098	2.73118	1.44072	0.622989	-0.209687
3.67	1.15032	2.73613	1.43761	0.623694	-0.21081
3.675	1.14964	2.74109	1.43449	0.624399	-0.211931
3.68	1.14894	2.74604	1.43137	0.625105	-0.213049
3.685	1.14823	2.75099	1.42824	0.625812	-0.214164
3.69	1.14751	2.75594	1.42511	0.62652	-0.215276
3.695	1.14676	2.76088	1.42198	0.627228	-0.216385
3.7	1.14601	2.76582	1.41884	0.627938	-0.217492
3.705	1.14524	2.77076	1.4157	0.628648	-0.218595
3.71	1.14445	2.7757	1.41256	0.629359	-0.219695
3.715	1.14364	2.78064	1.40941	0.630071	-0.220792
3.72	1.14282	2.78557	1.40626	0.630784	-0.221885
3.725	1.14199	2.7905	1.40311	0.631498	-0.222975
3.73	1.14114	2.79543	1.39995	0.632213	-0.224062
3.735	1.14027	2.80035	1.39679	0.632929	-0.225145
3.74	1.13939	2.80527	1.39362	0.633646	-0.226225
3.745	1.1385	2.81019	1.39046	0.634363	-0.2273
3.75	1.13758	2.81511	1.38728	0.635082	-0.228372
3.755	1.13666	2.82002	1.38411	0.635802	-0.229441
3.76	1.13571	2.82493	1.38093	0.636523	-0.230505
3.765	1.13475	2.82984	1.37775	0.637244	-0.231565
3.77	1.13378	2.83474	1.37456	0.637967	-0.232622
3.775	1.13279	2.83964	1.37137	0.638691	-0.233674
3.78	1.13178	2.84454	1.36818	0.639416	-0.234722
3.785	1.13076	2.84943	1.36498	0.640141	-0.235766
3.79	1.12972	2.85433	1.36178	0.640868	-0.236805
3.795	1.12867	2.85921	1.35858	0.641596	-0.23784
3.8	1.1276	2.8641	1.35537	0.642325	-0.23887
3.805	1.12652	2.86898	1.35216	0.643056	-0.239896
3.81	1.12542	2.87386	1.34894	0.643787	-0.240918
3.815	1.1243	2.87873	1.34572	0.644519	-0.241934
3.82	1.12317	2.8836	1.3425	0.645253	-0.242946
3.825	1.12202	2.88847	1.33927	0.645987	-0.243953
3.83	1.12086	2.89333	1.33604	0.646723	-0.244955
3.835	1.11968	2.89819	1.33281	0.64746	-0.245951
3.84	1.11848	2.90304	1.32957	0.648198	-0.246943
3.845	1.11727	2.9079	1.32633	0.648938	-0.24793
3.85	1.11605	2.91274	1.32309	0.649678	-0.248911
3.855	1.11481	2.91759	1.31984	0.65042	-0.249888
3.86	1.11355	2.92243	1.31659	0.651163	-0.250858
3.865	1.11228	2.92726	1.31333	0.651907	-0.251824
3.87	1.11099	2.93209	1.31007	0.652652	-0.252784
3.875	1.10968	2.93692	1.30681	0.653399	-0.253738
3.88	1.10836	2.94174	1.30354	0.654147	-0.254686
3.885	1.10703	2.94656	1.30027	0.654896	-0.255629
3.89	1.10567	2.95137	1.297	0.655646	-0.256566
3.895	1.10431	2.95618	1.29372	0.656398	-0.257497
3.9	1.10292	2.96099	1.29044	0.657151	-0.258423
3.905	1.10152	2.96579	1.28715	0.657905	-0.259342
3.91	1.10011	2.97058	1.28386	0.658661	-0.260255
3.915	1.09868	2.97537	1.28057	0.659418	-0.261162
3.92	1.09723	2.98016	1.27727	0.660176	-0.262063
3.925	1.09577	2.98494	1.27397	0.660935	-0.262957
3.93	1.09429	2.98972	1.27066	0.661696	-0.263845
3.935	1.0928	2.99449	1.26736	0.662459	-0.264727
3.94	1.09129	2.99926	1.26404	0.663222	-0.265602
3.945	1.08976	3.00402	1.26073	0.663987	-0.26647
3.95	1.08822	3.00877	1.25741	0.664754	-0.267332
3.955	1.08666	3.01353	1.25408	0.665521	-0.268187
3.96	1.08509	3.01827	1.25076	0.666291	-0.269036
3.965	1.0835	3.02301	1.24742	0.667061	-0.269877
3.97	1.0819	3.02775	1.24409	0.667833	-0.270712
3.975	1.08028	3.03248	1.24075	0.668607	-0.27154
3.98	1.07864	3.0372	1.23741	0.669382	-0.27236
3.985	1.07699	3.04192	1.23406	0.670158	-0.273174
3.99	1.07532	3.04664	1.23071	0.670936	-0.27398
3.995	1.07364	3.05134	1.22735	0.671715	-0.274779
4	1.07194	3.05605	1.224	0.672496	-0.27557
4.005	1.07022	3.06074	1.22063	0.673279	-0.276355
4.01	1.06849	3.06543	1.21727	0.674062	-0.277131
4.015	1.06674	3.07012	1.2139	0.674848	-0.277901
4.02	1.06498	3.0748	1.21052	0.675635	-0.278662
4.025	1.0632	3.07947	1.20714	0.676423	-0.279416
4.03	1.06141	3.08414	1.20376	0.677213	-0.280163
4.035	1.0596	3.0888	1.20038	0.678005	-0.280901
4.04	1.05777	3.09345	1.19699	0.678798	-0.281632
4.045	1.05593	3.0981	1.19359	0.679593	-0.282354
4.05	1.05407	3.10274	1.19019	0.680389	-0.283069
4.055	1.0522	3.10738	1.18679	0.681187	-0.283776
4.06	1.05031	3.11201	1.18339	0.681986	-0.284474
4.065	1.04841	3.11663	1.17998	0.682788	-0.285165
4.07	1.04649	3.12125	1.17656	0.68359	-0.285847
4.075	1.04455	3.12586	1.17314	0.684395	-0.286521
4.08	1.0426	3.13046	1.16972	0.685201	-0.287186
4.085	1.04063	3.13506	1.1663	0.686009	-0.287843
4.09	1.03865	3.13965	1.16287	0.686818	-0.288492
4.095	1.03665	3.14423	1.15943	0.687629	-0.289131
4.1	1.03463	3.14881	1.15599	0.688442	-0.289763
4.105	1.0326	3.15337	1.15255	0.689256	-0.290385
4.11	1.03055	3.15794	1.14911	0.690073	-0.290999
4.115	1.02849	3.16249	1.14566	0.690891	-0.291604
4.12	1.02641	3.16704	1.1422	0.69171	-0.292201
4.125	1.02432	3.17158	1.13874	0.692532	-0.292788
4.13	1.02221	3.17611	1.13528	0.693355	-0.293366
4.135	1.02009	3.18064	1.13181	0.69418	-0.293935
4.14	1.01795	3.18516	1.12834	0.695007	-0.294495
4.145	1.01579	3.18967	1.12487	0.695836	-0.295046
4.15	1.01362	3.19417	1.12139	0.696666	-0.295588
4.155	1.01143	3.19867	1.1179	0.697498	-0.296121
4.16	1.00923	3.20316	1.11442	0.698332	-0.296644
4.165	1.00701	3.20764	1.11093	0.699168	-0.297157
4.17	1.00477	3.21211	1.10743	0.700006	-0.297662
4.175	1.00252	3.21657	1.10393	0.700846	-0.298156
4.18	1.00025	3.22103	1.10043	0.701687	-0.298641
4.185	0.997973	3.22548	1.09692	0.702531	-0.299117
4.19	0.995676	3.22992	1.0934	0.703376	-0.299583
4.195	0.993363	3.23435	1.08989	0.704223	-0.300039
4.2	0.991034	3.23878	1.08637	0.705073	-0.300485
4.205	0.98869	3.2432	1.08284	0.705924	-0.300922
4.21	0.98633	3.2476	1.07931	0.706777	-0.301348
4.215	0.983955	3.252	1.07578	0.707632	-0.301765
4.22	0.981564	3.2564	1.07224	0.708489	-0.302171
4.225	0.979158	3.26078	1.0687	0.709348	-0.302568
4.23	0.976736	3.26515	1.06515	0.710209	-0.302954
4.235	0.974299	3.26952	1.0616	0.711072	-0.30333
4.24	0.971846	3.27388	1.05804	0.711937	-0.303696
4.245	0.969377	3.27822	1.05448	0.712804	-0.304052
4.25	0.966894	3.28256	1.05092	0.713674	-0.304397
4.255	0.964394	3.28689	1.04735	0.714545	-0.304732
4.26	0.961879	3.29121	1.04378	0.715418	-0.305057
4.265	0.959349	3.29553	1.0402	0.716294	-0.305371
4.27	0.956804	3.29983	1.03662	0.717172	-0.305674
4.275	0.954242	3.30413	1.03303	0.718051	-0.305967
4.28	0.951666	3.30841	1.02944	0.718933	-0.30625
4.285	0.949074	3.31269	1.02585	0.719817	-0.306521
4.29	0.946467	3.31695	1.02225	0.720704	-0.306782
4.295	0.943844	3.32121	1.01865	0.721592	-0.307032
4.3	0.941206	3.32546	1.01504	0.722483	-0.307271
4.305	0.938553	3.32969	1.01143	0.723376	-0.3075
4.31	0.935885	3.33392	1.00781	0.724271	-0.307717
4.315	0.933201	3.33814	1.00419	0.725168	-0.307924
4.32	0.930502	3.34235	1.00056	0.726068	-0.308119
4.325	0.927787	3.34655	0.996932	0.72697	-0.308304
4.33	0.925057	3.35074	0.993297	0.727874	-0.308477
4.335	0.922313	3.35492	0.989658	0.728781	-0.308639
4.34	0.919553	3.35909	0.986014	0.72969	-0.30879
4.345	0.916777	3.36325	0.982366	0.730601	-0.30893
4.35	0.913987	3.3674	0.978713	0.731515	-0.309059
4.355	0.911181	3.37153	0.975055	0.732431	-0.309176
4.36	0.90836	3.37566	0.971393	0.73335	-0.309282
4.365	0.905525	3.37978	0.967726	0.734271	-0.309376
4.37	0.902674	3.38389	0.964055	0.735194	-0.309459
4.375	0.899808	3.38798	0.960379	0.73612	-0.309531
4.38	0.896926	3.39207	0.956698	0.737048	-0.309591
4.385	0.89403	3.39615	0.953013	0.737979	-0.309639
4.39	0.891119	3.40021	0.949323	0.738912	-0.309676
4.395	0.888193	3.40427	0.945628	0.739848	-0.309701
4.4	0.885252	3.40831	0.941929	0.740787	-0.309715
4.405	0.882296	3.41234	0.938225	0.741728	-0.309717
4.41	0.879325	3.41636	0.934517	0.742671	-0.309707
4.415	0.876339	3.42037	0.930803	0.743618	-0.309685
4.42	0.873338	3.42437	0.927085	0.744567	-0.309652
4.425	0.870322	3.42836	0.923362	0.745518	-0.309606
4.43	0.867292	3.43234	0.919635	0.746473	-0.309549
4.435	0.864246	3.4363	0.915902	0.74743	-0.30948
4.44	0.861186	3.44026	0.912165	0.748389	-0.309398
4.445	0.858111	3.4442	0.908423	0.749352	-0.309305
4.45	0.855021	3.44813	0.904677	0.750317	-0.3092
4.455	0.851917	3.45205	0.900925	0.751285	-0.309083
4.46	0.848798	3.45596	0.897169	0.752256	-0.308953
4.465	0.845664	3.45986	0.893407	0.75323	-0.308812
4.47	0.842516	3.46374	0.889641	0.754206	-0.308658
4.475	0.839353	3.46761	0.88587	0.755186	-0.308492
4.48	0.836175	3.47147	0.882094	0.756168	-0.308314
4.485	0.832983	3.47532	0.878313	0.757154	-0.308124
4.49	0.829776	3.47916	0.874528	0.758142	-0.307922
4.495	0.826554	3.48298	0.870737	0.759134	-0.307707
4.5	0.823319	3.48679	0.866941	0.760128	-0.30748
4.505	0.820068	3.49059	0.863141	0.761126	-0.30724
4.51	0.816804	3.49438	0.859335	0.762126	-0.306988
4.515	0.813525	3.49815	0.855524	0.76313	-0.306724
4.52	0.810231	3.50192	0.851709	0.764137	-0.306447
4.525	0.806923	3.50567	0.847888	0.765147	-0.306158
4.53	0.803601	3.5094	0.844062	0.76616	-0.305856
4.535	0.800265	3.51313	0.840231	0.767176	-0.305542
4.54	0.796914	3.51684	0.836396	0.768196	-0.305215
4.545	0.793549	3.52054	0.832555	0.769219	-0.304876
4.55	0.79017	3.52422	0.828708	0.770245	-0.304524
4.555	0.786777	3.52789	0.824857	0.771275	-0.30416
4.56	0.783369	3.53155	0.821001	0.772308	-0.303783
4.565	0.779948	3.5352	0.817139	0.773345	-0.303393
4.57	0.776512	3.53883	0.813273	0.774384	-0.302991
4.575	0.773062	3.54245	0.809401	0.775428	-0.302576
4.58	0.769599	3.54606	0.805524	0.776475	-0.302149
4.585	0.766121	3.54965	0.801641	0.777525	-0.301708
4.59	0.762629	3.55323	0.797754	0.77858	-0.301255
4.595	0.759124	3.55679	0.793861	0.779637	-0.300789
4.6	0.755604	3.56034	0.789962	0.780699	-0.300311
4.605	0.752071	3.56388	0.786059	0.781764	-0.29982
4.61	0.748524	3.56741	0.78215	0.782833	-0.299315
4.615	0.744964	3.57092	0.778236	0.783906	-0.298799
4.62	0.741389	3.57441	0.774316	0.784982	-0.298269
4.625	0.737801	3.5779	0.770392	0.786063	-0.297726
4.63	0.734199	3.58136	0.766461	0.787147	-0.297171
4.635	0.730584	3.58482	0.762525	0.788236	-0.296603
4.64	0.726954	3.58826	0.758584	0.789328	-0.296022
4.645	0.723312	3.59168	0.754638	0.790425	-0.295428
4.65	0.719656	3.59509	0.750686	0.791525	-0.294821
4.655	0.715986	3.59849	0.746728	0.79263	-0.294202
4.66	0.712303	3.60187	0.742765	0.793739	-0.293569
4.665	0.708607	3.60524	0.738796	0.794852	-0.292924
4.67	0.704897	3.60859	0.734822	0.795969	-0.292265
4.675	0.701174	3.61193	0.730842	0.797091	-0.291594
4.68	0.697438	3.61525	0.726857	0.798217	-0.29091
4.685	0.693688	3.61856	0.722865	0.799348	-0.290213
4.69	0.689925	3.62185	0.718869	0.800483	-0.289503
4.695	0.686149	3.62513	0.714866	0.801623	-0.28878
4.7	0.68236	3.62839	0.710858	0.802767	-0.288044
4.705	0.678558	3.63164	0.706844	0.803916	-0.287295
4.71	0.674743	3.63487	0.702825	0.80507	-0.286533
4.715	0.670915	3.63809	0.698799	0.806229	-0.285759
4.72	0.667074	3.64129	0.694768	0.807392	-0.284971
4.725	0.66322	3.64447	0.690731	0.808561	-0.28417
4.73	0.659353	3.64764	0.686688	0.809734	-0.283357
4.735	0.655474	3.6508	0.68264	0.810913	-0.28253
4.74	0.651582	3.65393	0.678585	0.812096	-0.281691
4.745	0.647677	3.65706	0.674525	0.813285	-0.280839
4.75	0.643759	3.66016	0.670458	0.814479	-0.279973
4.755	0.639829	3.66325	0.666386	0.815678	-0.279095
4.76	0.635886	3.66633	0.662308	0.816883	-0.278204
4.765	0.63193	3.66939	0.658223	0.818094	-0.2773
4.77	0.627962	3.67243	0.654133	0.819309	-0.276383
4.775	0.623982	3.67546	0.650036	0.820531	-0.275453
4.78	0.619989	3.67847	0.645933	0.821758	-0.27451
4.785	0.615984	3.68146	0.641825	0.822991	-0.273554
4.79	0.611967	3.68444	0.63771	0.82423	-0.272586
4.795	0.607938	3.6874	0.633589	0.825475	-0.271604
4.8	0.603896	3.69034	0.629461	0.826726	-0.27061
4.805	0.599842	3.69327	0.625328	0.827983	-0.269603
4.81	0.595776	3.69618	0.621188	0.829247	-0.268582
4.815	0.591698	3.69907	0.617041	0.830516	-0.26755
4.82	0.587608	3.70195	0.612889	0.831793	-0.266504
4.825	0.583506	3.7048	0.60873	0.833076	-0.265445
4.83	0.579393	3.70765	0.604564	0.834365	-0.264374
4.835	0.575267	3.71047	0.600393	0.835661	-0.26329
4.84	0.57113	3.71328	0.596214	0.836964	-0.262193
4.845	0.566981	3.71607	0.59203	0.838274	-0.261083
4.85	0.56282	3.71884	0.587838	0.839592	-0.25996
4.855	0.558648	3.7216	0.58364	0.840916	-0.258825
4.86	0.554464	3.72434	0.579436	0.842248	-0.257677
4.865	0.550268	3.72706	0.575224	0.843587	-0.256516
4.87	0.546062	3.72976	0.571006	0.844934	-0.255343
4.875	0.541843	3.73244	0.566782	0.846288	-0.254157
4.88	0.537614	3.73511	0.56255	0.84765	-0.252958
4.885	0.533373	3.73776	0.558312	0.849021	-0.251747
4.89	0.529121	3.74039	0.554067	0.850399	-0.250523
4.895	0.524858	3.743	0.549815	0.851786	-0.249286
4.9	0.520584	3.7456	0.545556	0.853181	-0.248037
4.905	0.516299	3.74817	0.54129	0.854585	-0.246775
4.91	0.512002	3.75073	0.537017	0.855998	-0.245501
4.915	0.507695	3.75327	0.532737	0.857419	-0.244214
4.92	0.503377	3.75579	0.52845	0.85885	-0.242914
4.925	0.499049	3.75829	0.524156	0.86029	-0.241603
4.93	0.494709	3.76078	0.519854	0.861739	-0.240278
4.935	0.490359	3.76324	0.515546	0.863198	-0.238942
4.94	0.485998	3.76569	0.51123	0.864666	-0.237592
4.945	0.481627	3.76812	0.506906	0.866145	-0.236231
4.95	0.477245	3.77052	0.502576	0.867634	-0.234857
4.955	0.472853	3.77291	0.498238	0.869133	-0.233471
4.96	0.468451	3.77528	0.493892	0.870643	-0.232072
4.965	0.464038	3.77763	0.489539	0.872164	-0.230661
4.97	0.459615	3.77997	0.485178	0.873696	-0.229238
4.975	0.455182	3.78228	0.480809	0.875239	-0.227803
4.98	0.450739	3.78457	0.476433	0.876794	-0.226355
4.985	0.446286	3.78685	0.472049	0.87836	-0.224895
4.99	0.441823	3.7891	0.467657	0.879939	-0.223423
4.995	0.437349	3.79133	0.463258	0.88153	-0.221939
5	0.432867	3.79355	0.45885	0.883134	-0.220443
5.005	0.428374	3.79574	0.454434	0.88475	-0.218935
5.01	0.423872	3.79792	0.450011	0.88638	-0.217414
5.015	0.41936	3.80007	0.445579	0.888023	-0.215882
5.02	0.414839	3.80221	0.441139	0.889681	-0.214337
5.025	0.410308	3.80432	0.43669	0.891352	-0.212781
5.03	0.405768	3.80642	0.432233	0.893038	-0.211213
5.035	0.401218	3.80849	0.427768	0.894739	-0.209632
5.04	0.39666	3.81054	0.423295	0.896455	-0.20804
5.045	0.392092	3.81258	0.418812	0.898186	-0.206436
5.05	0.387515	3.81459	0.414321	0.899934	-0.20482
5.055	0.382929	3.81658	0.409822	0.901698	-0.203192
5.06	0.378334	3.81855	0.405313	0.903479	-0.201553
5.065	0.37373	3.82051	0.400796	0.905278	-0.199901
5.07	0.369118	3.82244	0.396269	0.907094	-0.198238
5.075	0.364496	3.82434	0.391734	0.908929	-0.196564
5.08	0.359867	3.82623	0.387189	0.910782	-0.194877
5.085	0.355228	3.8281	0.382635	0.912655	-0.193179
5.09	0.350581	3.82994	0.378072	0.914547	-0.191469
5.095	0.345926	3.83177	0.373499	0.91646	-0.189748
5.1	0.341262	3.83357	0.368917	0.918394	-0.188015
5.105	0.336591	3.83535	0.364325	0.92035	-0.18627
5.11	0.331911	3.83711	0.359723	0.922328	-0.184514
5.115	0.327223	3.83885	0.355112	0.92433	-0.182746
5.12	0.322527	3.84057	0.35049	0.926355	-0.180967
5.125	0.317823	3.84226	0.345858	0.928404	-0.179177
5.13	0.313111	3.84394	0.341216	0.930479	-0.177375
5.135	0.308391	3.84559	0.336564	0.93258	-0.175561
5.14	0.303664	3.84722	0.331901	0.934708	-0.173736
5.145	0.29893	3.84883	0.327227	0.936863	-0.1719
5.15	0.294187	3.85041	0.322543	0.939048	-0.170052
5.155	0.289438	3.85197	0.317848	0.941263	-0.168193
5.16	0.284681	3.85351	0.313142	0.943508	-0.166323
5.165	0.279917	3.85503	0.308424	0.945786	-0.164441
5.17	0.275146	3.85653	0.303695	0.948096	-0.162548
5.175	0.270368	3.858	0.298955	0.950442	-0.160643
5.18	0.265582	3.85945	0.294202	0.952823	-0.158728
5.185	0.26079	3.86088	0.289438	0.955241	-0.156801
5.19	0.255992	3.86228	0.284662	0.957698	-0.154862
5.195	0.251186	3.86366	0.279874	0.960195	-0.152913
5.2	0.246374	3.86502	0.275073	0.962734	-0.150952
5.205	0.241556	3.86635	0.270259	0.965317	-0.148979
5.21	0.236731	3.86767	0.265432	0.967945	-0.146996
5.215	0.2319	3.86895	0.260593	0.970621	-0.145001
5.22	0.227062	3.87022	0.25574	0.973347	-0.142994
5.225	0.222219	3.87146	0.250873	0.976124	-0.140977
5.23	0.217369	3.87268	0.245992	0.978956	-0.138948
5.235	0.212514	3.87387	0.241097	0.981845	-0.136908
5.24	0.207653	3.87504	0.236188	0.984794	-0.134856
5.245	0.202786	3.87619	0.231264	0.987805	-0.132793
5.25	0.197913	3.87731	0.226325	0.990883	-0.130718
5.255	0.193035	3.87841	0.221371	0.99403	-0.128632
5.26	0.188152	3.87948	0.216401	0.997251	-0.126534
5.265	0.183263	3.88053	0.211414	1.00055	-0.124425
5.27	0.178369	3.88155	0.206412	1.00393	-0.122304
5.275	0.17347	3.88255	0.201392	1.0074	-0.120171
5.28	0.168566	3.88353	0.196355	1.01096	-0.118027
5.285	0.163658	3.88448	0.1913	1.01461	-0.115871
5.29	0.158744	3.88541	0.186227	1.01838	-0.113702
5.295	0.153826	3.88631	0.181135	1.02225	-0.111522
5.3	0.148903	3.88718	0.176024	1.02624	-0.10933
5.305	0.143976	3.88803	0.170893	1.03037	-0.107126
5.31	0.139045	3.88886	0.165741	1.03462	-0.10491
5.315	0.134109	3.88966	0.160568	1.03903	-0.102681
5.32	0.129169	3.89043	0.155373	1.0436	-0.100439
5.325	0.124225	3.89118	0.150155	1.04834	-0.0981856
5.33	0.119278	3.8919	0.144913	1.05328	-0.0959191
5.335	0.114326	3.8926	0.139647	1.05842	-0.0936398
5.34	0.109371	3.89327	0.134354	1.06378	-0.0913477
5.345	0.104413	3.89391	0.129036	1.0694	-0.0890427
5.35	0.0994513	3.89453	0.123689	1.0753	-0.0867245
5.355	0.0944862	3.89512	0.118312	1.08151	-0.0843933
5.36	0.089518	3.89568	0.112905	1.08807	-0.082049
5.365	0.0845469	3.89622	0.107464	1.09502	-0.0796917
5.37	0.0795729	3.89673	0.101989	1.10243	-0.0773214
5.375	0.0745961	3.89721	0.0964769	1.11035	-0.0749385
5.38	0.0696168	3.89766	0.0909252	1.11889	-0.0725433
5.385	0.064635	3.89809	0.0853307	1.12813	-0.0701367
5.39	0.0596508	3.89849	0.0796901	1.13824	-0.0677199
5.395	0.0546645	3.89886	0.0739988	1.1494	-0.0652946
5.4	0.0496762	3.8992	0.0682518	1.16188	-0.0628639
5.405	0.0446859	3.89951	0.0624424	1.17604	-0.0604323
5.41	0.0396939	3.89979	0.0565622	1.19246	-0.0580075
5.415	0.0347003	3.90004	0.0505999	1.21201	-0.0556019
5.42	0.0297053	3.90027	0.0445398	1.23618	-0.0532376
5.425	0.0247089	3.90046	0.038359	1.26769	-0.050956
5.43	0.0197115	3.90062	0.0320205	1.31218	-0.0488411
5.435	0.0147131	3.90075	0.0254596	1.38344	-0.0470905
5.44	0.00971398	3.90084	0.0185424	1.52468	-0.0462833
5.445	0.00471427	3.90089	0.010919	1.94597	-0.0491001
5.45	-0.000285722	3.9009	0.00118911	5.54303	-0.115068
