descriptor s_test R_test Z_test
0	1.35019	9.99999e-006	0.002	-0.402269	-0.00161586
0.005	1.34519	3.00567e-005	0.00401134	-0.404548	-0.00324762
0.01	1.34019	6.02269e-005	0.00603408	-0.406836	-0.00489532
0.015	1.33519	0.000100568	0.00806826	-0.409135	-0.00655901
0.02	1.33019	0.000151137	0.0101139	-0.411444	-0.00823873
0.025	1.32519	0.000211991	0.0121712	-0.413764	-0.00993453
0.03	1.32019	0.000283188	0.01424	-0.416095	-0.0116464
0.035	1.31519	0.000364787	0.0163205	-0.418436	-0.0133745
0.04	1.31019	0.000456845	0.0184126	-0.420789	-0.0151188
0.045	1.30519	0.000559421	0.0205166	-0.423154	-0.0168793
0.05	1.3002	0.000672573	0.0226323	-0.42553	-0.0186562
0.055	1.2952	0.00079636	0.02476	-0.427917	-0.0204494
0.06	1.2902	0.000930842	0.0268996	-0.430317	-0.0222589
0.065	1.2852	0.00107608	0.0290512	-0.43273	-0.024085
0.07	1.2802	0.00123213	0.0312148	-0.435155	-0.0259275
0.075	1.27521	0.00139905	0.0333906	-0.437593	-0.0277865
0.08	1.27021	0.0015769	0.0355786	-0.440043	-0.0296622
0.085	1.26521	0.00176575	0.0377788	-0.442508	-0.0315544
0.09	1.26022	0.00196566	0.0399913	-0.444985	-0.0334634
0.095	1.25522	0.00217667	0.0422162	-0.447477	-0.0353891
0.1	1.25023	0.00239887	0.0444536	-0.449983	-0.0373316
0.105	1.24523	0.0026323	0.0467035	-0.452503	-0.0392909
0.11	1.24024	0.00287703	0.0489661	-0.455037	-0.0412672
0.115	1.23524	0.00313313	0.0512412	-0.457587	-0.0432604
0.12	1.23025	0.00340065	0.0535292	-0.460152	-0.0452705
0.125	1.22526	0.00367965	0.0558299	-0.462732	-0.0472978
0.13	1.22027	0.00397021	0.0581436	-0.465328	-0.0493422
0.135	1.21528	0.00427237	0.0604702	-0.46794	-0.0514037
0.14	1.21029	0.00458622	0.0628099	-0.470568	-0.0534824
0.145	1.2053	0.0049118	0.0651628	-0.473213	-0.0555785
0.15	1.20031	0.00524919	0.0675288	-0.475875	-0.0576919
0.155	1.19532	0.00559844	0.0699082	-0.478554	-0.0598226
0.16	1.19033	0.00595963	0.072301	-0.481251	-0.0619709
0.165	1.18535	0.00633282	0.0747072	-0.483966	-0.0641367
0.17	1.18036	0.00671807	0.0771271	-0.486699	-0.06632
0.175	1.17538	0.00711546	0.0795606	-0.489451	-0.068521
0.18	1.1704	0.00752504	0.0820078	-0.492221	-0.0707397
0.185	1.16541	0.00794688	0.0844689	-0.495011	-0.0729762
0.19	1.16043	0.00838105	0.086944	-0.49782	-0.0752305
0.195	1.15545	0.00882762	0.0894331	-0.50065	-0.0775028
0.2	1.15047	0.00928666	0.0919363	-0.5035	-0.0797929
0.205	1.1455	0.00975822	0.0944538	-0.50637	-0.0821012
0.21	1.14052	0.0102424	0.0969857	-0.509262	-0.0844275
0.215	1.13554	0.0107392	0.099532	-0.512175	-0.086772
0.22	1.13057	0.0112488	0.102093	-0.51511	-0.0891348
0.225	1.1256	0.0117712	0.104668	-0.518068	-0.0915158
0.23	1.12063	0.0123065	0.107259	-0.521048	-0.0939153
0.235	1.11566	0.0128547	0.109864	-0.524051	-0.0963332
0.24	1.11069	0.0134159	0.112484	-0.527078	-0.0987697
0.245	1.10572	0.0139902	0.11512	-0.530128	-0.101225
0.25	1.10076	0.0145777	0.11777	-0.533204	-0.103698
0.255	1.09579	0.0151785	0.120436	-0.536304	-0.106191
0.26	1.09083	0.0157925	0.123118	-0.539429	-0.108702
0.265	1.08587	0.0164199	0.125815	-0.54258	-0.111233
0.27	1.08091	0.0170608	0.128528	-0.545758	-0.113782
0.275	1.07595	0.0177152	0.131257	-0.548962	-0.11635
0.28	1.071	0.0183832	0.134001	-0.552194	-0.118938
0.285	1.06604	0.0190649	0.136762	-0.555453	-0.121544
0.29	1.06109	0.0197603	0.13954	-0.558741	-0.124171
0.295	1.05614	0.0204696	0.142333	-0.562057	-0.126816
0.3	1.0512	0.0211927	0.145144	-0.565403	-0.129481
0.305	1.04625	0.0219299	0.147971	-0.568778	-0.132166
0.31	1.04131	0.0226811	0.150815	-0.572184	-0.13487
0.315	1.03637	0.0234465	0.153676	-0.575621	-0.137594
0.32	1.03143	0.024226	0.156554	-0.579089	-0.140338
0.325	1.02649	0.0250199	0.159449	-0.58259	-0.143102
0.33	1.02156	0.0258282	0.162362	-0.586123	-0.145886
0.335	1.01663	0.0266509	0.165293	-0.589689	-0.14869
0.34	1.0117	0.0274881	0.168241	-0.59329	-0.151514
0.345	1.00677	0.02834	0.171208	-0.596924	-0.154359
0.35	1.00184	0.0292065	0.174192	-0.600595	-0.157224
0.355	0.996923	0.0300879	0.177195	-0.6043	-0.160109
0.36	0.992004	0.0309841	0.180217	-0.608043	-0.163016
0.365	0.987087	0.0318953	0.183257	-0.611822	-0.165943
0.37	0.982174	0.0328215	0.186316	-0.61564	-0.168891
0.375	0.977263	0.0337628	0.189394	-0.619496	-0.17186
0.38	0.972356	0.0347193	0.192492	-0.623391	-0.174849
0.385	0.967451	0.0356911	0.195609	-0.627326	-0.177861
0.39	0.962549	0.0366783	0.198745	-0.631303	-0.180893
0.395	0.957651	0.037681	0.201902	-0.63532	-0.183947
0.4	0.952756	0.0386992	0.205078	-0.63938	-0.187022
0.405	0.947864	0.0397331	0.208275	-0.643483	-0.190119
0.41	0.942975	0.0407827	0.211493	-0.647629	-0.193237
0.415	0.93809	0.0418481	0.214731	-0.651821	-0.196378
0.42	0.933208	0.0429294	0.21799	-0.656058	-0.19954
0.425	0.92833	0.0440268	0.22127	-0.660341	-0.202725
0.43	0.923456	0.0451402	0.224572	-0.664671	-0.205932
0.435	0.918585	0.0462699	0.227895	-0.66905	-0.209161
0.44	0.913718	0.0474158	0.23124	-0.673478	-0.212412
0.445	0.908855	0.0485781	0.234608	-0.677955	-0.215687
0.45	0.903996	0.0497569	0.237998	-0.682483	-0.218984
0.455	0.899141	0.0509522	0.24141	-0.687064	-0.222303
0.46	0.89429	0.0521643	0.244845	-0.691697	-0.225646
0.465	0.889444	0.0533931	0.248304	-0.696383	-0.229012
0.47	0.884601	0.0546387	0.251786	-0.701125	-0.232401
0.475	0.879763	0.0559014	0.255291	-0.705922	-0.235813
0.48	0.87493	0.0571811	0.258821	-0.710776	-0.239249
0.485	0.870101	0.058478	0.262375	-0.715688	-0.242709
0.49	0.865277	0.0597921	0.265953	-0.72066	-0.246192
0.495	0.860457	0.0611236	0.269557	-0.725691	-0.249699
0.5	0.855643	0.0624726	0.273185	-0.730783	-0.25323
0.505	0.850833	0.0638392	0.276839	-0.735938	-0.256786
0.51	0.846029	0.0652235	0.280519	-0.741157	-0.260366
0.515	0.841229	0.0666255	0.284224	-0.74644	-0.26397
0.52	0.836435	0.0680455	0.287957	-0.751789	-0.267599
0.525	0.831646	0.0694835	0.291716	-0.757206	-0.271252
0.53	0.826863	0.0709396	0.295502	-0.762691	-0.274931
0.535	0.822085	0.0724139	0.299315	-0.768246	-0.278635
0.54	0.817313	0.0739066	0.303156	-0.773872	-0.282363
0.545	0.812547	0.0754177	0.307026	-0.77957	-0.286118
0.55	0.807787	0.0769474	0.310924	-0.785342	-0.289897
0.555	0.803033	0.0784958	0.31485	-0.79119	-0.293702
0.56	0.798285	0.0800629	0.318806	-0.797114	-0.297534
0.565	0.793543	0.081649	0.322792	-0.803116	-0.301391
0.57	0.788807	0.0832541	0.326807	-0.809198	-0.305274
0.575	0.784079	0.0848784	0.330853	-0.815361	-0.309183
0.58	0.779356	0.0865219	0.33493	-0.821606	-0.313119
0.585	0.774641	0.0881848	0.339038	-0.827936	-0.317081
0.59	0.769933	0.0898672	0.343178	-0.834351	-0.32107
0.595	0.765231	0.0915692	0.34735	-0.840853	-0.325086
0.6	0.760537	0.093291	0.351554	-0.847445	-0.329129
0.605	0.75585	0.0950327	0.355791	-0.854127	-0.333199
0.61	0.751171	0.0967943	0.360062	-0.860901	-0.337296
0.615	0.746499	0.0985761	0.364366	-0.867769	-0.341421
0.62	0.741835	0.100378	0.368705	-0.874733	-0.345573
0.625	0.737179	0.102201	0.373079	-0.881795	-0.349753
0.63	0.732531	0.104044	0.377488	-0.888956	-0.353961
0.635	0.727891	0.105907	0.381933	-0.896218	-0.358196
0.64	0.72326	0.107791	0.386414	-0.903584	-0.36246
0.645	0.718637	0.109697	0.390932	-0.911054	-0.366753
0.65	0.714023	0.111623	0.395487	-0.918631	-0.371073
0.655	0.709418	0.11357	0.40008	-0.926317	-0.375422
0.66	0.704822	0.115539	0.404712	-0.934114	-0.3798
0.665	0.700235	0.117529	0.409382	-0.942023	-0.384207
0.67	0.695658	0.119541	0.414092	-0.950048	-0.388642
0.675	0.69109	0.121575	0.418842	-0.958189	-0.393107
0.68	0.686532	0.12363	0.423633	-0.96645	-0.397601
0.685	0.681984	0.125707	0.428466	-0.974832	-0.402123
0.69	0.677446	0.127807	0.43334	-0.983337	-0.406676
0.695	0.672919	0.129929	0.438256	-0.991967	-0.411257
0.7	0.668402	0.132073	0.443216	-1.00073	-0.415868
0.705	0.663896	0.13424	0.44822	-1.00961	-0.420509
0.71	0.6594	0.136429	0.453268	-1.01863	-0.42518
0.715	0.654917	0.138642	0.458361	-1.02779	-0.42988
0.72	0.650444	0.140877	0.4635	-1.03708	-0.43461
0.725	0.645983	0.143136	0.468686	-1.04651	-0.43937
0.73	0.641534	0.145418	0.473918	-1.05609	-0.444159
0.735	0.637098	0.147723	0.479199	-1.0658	-0.448979
0.74	0.632673	0.150052	0.484528	-1.07567	-0.453828
0.745	0.628261	0.152405	0.489906	-1.08568	-0.458708
0.75	0.623862	0.154781	0.495334	-1.09584	-0.463617
0.755	0.619476	0.157182	0.500813	-1.10616	-0.468557
0.76	0.615104	0.159607	0.506344	-1.11663	-0.473526
0.765	0.610745	0.162056	0.511927	-1.12726	-0.478525
0.77	0.606399	0.16453	0.517564	-1.13805	-0.483554
0.775	0.602068	0.167028	0.523254	-1.149	-0.488612
0.78	0.597752	0.169552	0.528999	-1.16012	-0.4937
0.785	0.59345	0.1721	0.5348	-1.17141	-0.498818
0.79	0.589163	0.174674	0.540657	-1.18287	-0.503964
0.795	0.584892	0.177272	0.546571	-1.1945	-0.50914
0.8	0.580636	0.179897	0.552543	-1.20631	-0.514345
0.805	0.576396	0.182547	0.558575	-1.21829	-0.519579
0.81	0.572172	0.185222	0.564666	-1.23045	-0.524841
0.815	0.567964	0.187924	0.570819	-1.2428	-0.530131
0.82	0.563774	0.190652	0.577033	-1.25533	-0.53545
0.825	0.559601	0.193406	0.583309	-1.26805	-0.540796
0.83	0.555445	0.196186	0.58965	-1.28095	-0.546169
0.835	0.551307	0.198993	0.596054	-1.29405	-0.55157
0.84	0.547188	0.201826	0.602525	-1.30734	-0.556997
0.845	0.543087	0.204687	0.609061	-1.32082	-0.562449
0.85	0.539005	0.207574	0.615665	-1.3345	-0.567928
0.855	0.534942	0.210489	0.622338	-1.34838	-0.573431
0.86	0.5309	0.213431	0.62908	-1.36246	-0.578959
0.865	0.526877	0.216401	0.635892	-1.37674	-0.584511
0.87	0.522875	0.219398	0.642776	-1.39122	-0.590086
0.875	0.518893	0.222423	0.649732	-1.40591	-0.595683
0.88	0.514934	0.225475	0.656761	-1.4208	-0.601302
0.885	0.510995	0.228556	0.663865	-1.43589	-0.606942
0.89	0.50708	0.231665	0.671045	-1.4512	-0.612602
0.895	0.503186	0.234803	0.678301	-1.46671	-0.618281
0.9	0.499316	0.237968	0.685634	-1.48243	-0.623978
0.905	0.49547	0.241163	0.693047	-1.49835	-0.629692
0.91	0.491647	0.244386	0.700538	-1.51448	-0.635422
0.915	0.487849	0.247638	0.708111	-1.53082	-0.641166
0.92	0.484076	0.250919	0.715765	-1.54737	-0.646924
0.925	0.480329	0.254229	0.723502	-1.56412	-0.652694
0.93	0.476607	0.257568	0.731322	-1.58107	-0.658474
0.935	0.472913	0.260937	0.739228	-1.59823	-0.664264
0.94	0.469245	0.264335	0.747219	-1.61558	-0.670061
0.945	0.465604	0.267762	0.755297	-1.63313	-0.675864
0.95	0.461992	0.27122	0.763462	-1.65088	-0.681671
0.955	0.458408	0.274706	0.771717	-1.66882	-0.68748
0.96	0.454854	0.278223	0.780061	-1.68695	-0.693289
0.965	0.45133	0.281769	0.788496	-1.70525	-0.699097
0.97	0.447835	0.285346	0.797022	-1.72374	-0.704901
0.975	0.444372	0.288952	0.805641	-1.7424	-0.710698
0.98	0.44094	0.292589	0.814353	-1.76123	-0.716487
0.985	0.437541	0.296255	0.823159	-1.78022	-0.722264
0.99	0.434174	0.299952	0.83206	-1.79936	-0.728028
0.995	0.430841	0.303678	0.841057	-1.81864	-0.733775
1	0.427541	0.307435	0.85015	-1.83807	-0.739503
1.005	0.424277	0.311222	0.85934	-1.85762	-0.745209
1.01	0.421047	0.31504	0.868628	-1.87729	-0.750889
1.015	0.417854	0.318887	0.878015	-1.89707	-0.756541
1.02	0.414697	0.322764	0.8875	-1.91694	-0.762161
1.025	0.411578	0.326672	0.897085	-1.93689	-0.767745
1.03	0.408496	0.33061	0.906769	-1.95692	-0.77329
1.035	0.405453	0.334577	0.916554	-1.977	-0.778792
1.04	0.40245	0.338575	0.926439	-1.99713	-0.784248
1.045	0.399487	0.342602	0.936424	-2.01728	-0.789653
1.05	0.396564	0.346659	0.946511	-2.03743	-0.795003
1.055	0.393683	0.350745	0.956698	-2.05758	-0.800294
1.06	0.390844	0.354861	0.966986	-2.0777	-0.805521
1.065	0.388048	0.359006	0.977374	-2.09778	-0.81068
1.07	0.385296	0.36318	0.987863	-2.11778	-0.815767
1.075	0.382588	0.367384	0.998452	-2.1377	-0.820776
1.08	0.379925	0.371615	1.00914	-2.1575	-0.825703
1.085	0.377308	0.375876	1.01993	-2.17717	-0.830542
1.09	0.374737	0.380164	1.03081	-2.19668	-0.835289
1.095	0.372214	0.384481	1.0418	-2.216	-0.839937
1.1	0.369738	0.388825	1.05288	-2.23511	-0.844483
1.105	0.367312	0.393197	1.06405	-2.25398	-0.848921
1.11	0.364934	0.397596	1.07532	-2.27259	-0.853244
1.115	0.362607	0.402021	1.08669	-2.2909	-0.857448
1.12	0.360331	0.406473	1.09814	-2.30888	-0.861528
1.125	0.358106	0.410951	1.10968	-2.3265	-0.865476
1.13	0.355934	0.415454	1.12132	-2.34374	-0.869288
1.135	0.353814	0.419983	1.13304	-2.36056	-0.872959
1.14	0.351748	0.424536	1.14484	-2.37693	-0.876482
1.145	0.349737	0.429113	1.15672	-2.39281	-0.879851
1.15	0.34778	0.433714	1.16869	-2.40818	-0.883062
1.155	0.345878	0.438339	1.18073	-2.423	-0.886108
1.16	0.344033	0.442986	1.19284	-2.43723	-0.888985
1.165	0.342245	0.447655	1.20503	-2.45085	-0.891687
1.17	0.340514	0.452346	1.21728	-2.46382	-0.894207
1.175	0.338841	0.457058	1.2296	-2.47611	-0.896543
1.18	0.337226	0.46179	1.24198	-2.48769	-0.898687
1.185	0.335671	0.466542	1.25442	-2.49852	-0.900637
1.19	0.334175	0.471313	1.26691	-2.50857	-0.902386
1.195	0.332738	0.476102	1.27946	-2.51782	-0.90393
1.2	0.331363	0.480909	1.29205	-2.52623	-0.905266
1.205	0.330048	0.485733	1.30468	-2.53377	-0.906389
1.21	0.328794	0.490573	1.31735	-2.54042	-0.907296
1.215	0.327602	0.495429	1.33005	-2.54616	-0.907983
1.22	0.326472	0.5003	1.34278	-2.55095	-0.908447
1.225	0.325404	0.505184	1.35553	-2.55478	-0.908686
1.23	0.324398	0.510082	1.36831	-2.55762	-0.908696
1.235	0.323455	0.514992	1.3811	-2.55946	-0.908477
1.24	0.322575	0.519914	1.39389	-2.56028	-0.908026
1.245	0.321759	0.524847	1.40669	-2.56006	-0.907342
1.25	0.321005	0.52979	1.4195	-2.5588	-0.906424
1.255	0.320315	0.534742	1.43229	-2.55648	-0.905272
1.26	0.319688	0.539703	1.44507	-2.55309	-0.903885
1.265	0.319124	0.544671	1.45784	-2.54863	-0.902264
1.27	0.318624	0.549646	1.47058	-2.54309	-0.90041
1.275	0.318187	0.554627	1.4833	-2.53648	-0.898323
1.28	0.317813	0.559613	1.49598	-2.5288	-0.896006
1.285	0.317502	0.564603	1.50862	-2.52005	-0.89346
1.29	0.317255	0.569597	1.52122	-2.51025	-0.890688
1.295	0.31707	0.574593	1.53377	-2.49939	-0.887692
1.3	0.316947	0.579592	1.54627	-2.48749	-0.884476
1.305	0.316887	0.584592	1.55871	-2.47457	-0.881044
1.31	0.316888	0.589592	1.57108	-2.46065	-0.877398
1.315	0.316951	0.594591	1.58338	-2.44573	-0.873544
1.32	0.317075	0.59959	1.59561	-2.42985	-0.869485
1.325	0.31726	0.604586	1.60776	-2.41303	-0.865228
1.33	0.317505	0.60958	1.61983	-2.3953	-0.860776
1.335	0.31781	0.614571	1.6318	-2.37667	-0.856136
1.34	0.318174	0.619558	1.64369	-2.35718	-0.851313
1.345	0.318597	0.62454	1.65547	-2.33687	-0.846313
1.35	0.319078	0.629516	1.66716	-2.31575	-0.841143
1.355	0.319616	0.634487	1.67874	-2.29387	-0.835808
1.36	0.320212	0.639452	1.69021	-2.27126	-0.830314
1.365	0.320864	0.644409	1.70156	-2.24795	-0.82467
1.37	0.321572	0.649359	1.7128	-2.22398	-0.818881
1.375	0.322334	0.6543	1.72392	-2.19938	-0.812954
1.38	0.323151	0.659233	1.73492	-2.1742	-0.806896
1.385	0.324022	0.664157	1.74579	-2.14847	-0.800713
1.39	0.324945	0.669071	1.75653	-2.12223	-0.794414
1.395	0.32592	0.673975	1.76714	-2.09551	-0.788004
1.4	0.326947	0.678868	1.77762	-2.06836	-0.781491
1.405	0.328025	0.683751	1.78796	-2.0408	-0.774881
1.41	0.329152	0.688622	1.79817	-2.01288	-0.768181
1.415	0.330328	0.693482	1.80823	-1.98463	-0.761398
1.42	0.331552	0.698329	1.81815	-1.95609	-0.754539
1.425	0.332823	0.703165	1.82793	-1.92729	-0.74761
1.43	0.334142	0.707988	1.83757	-1.89827	-0.740617
1.435	0.335505	0.712799	1.84706	-1.86906	-0.733567
1.44	0.336914	0.717596	1.85641	-1.8397	-0.726466
1.445	0.338367	0.72238	1.86561	-1.81021	-0.719319
1.45	0.339863	0.727151	1.87466	-1.78062	-0.712134
1.455	0.341401	0.731909	1.88356	-1.75097	-0.704914
1.46	0.342981	0.736653	1.89231	-1.72129	-0.697666
1.465	0.344602	0.741383	1.90092	-1.6916	-0.690396
1.47	0.346263	0.746099	1.90938	-1.66192	-0.683107
1.475	0.347963	0.750801	1.91769	-1.63229	-0.675806
1.48	0.349701	0.755489	1.92585	-1.60273	-0.668496
1.485	0.351477	0.760163	1.93386	-1.57325	-0.661183
1.49	0.353289	0.764823	1.94173	-1.54389	-0.653871
1.495	0.355138	0.769469	1.94945	-1.51466	-0.646564
1.5	0.357021	0.7741	1.95702	-1.48558	-0.639265
1.505	0.358939	0.778718	1.96445	-1.45667	-0.63198
1.51	0.36089	0.783322	1.97173	-1.42794	-0.624711
1.515	0.362874	0.787911	1.97887	-1.39942	-0.617462
1.52	0.364891	0.792486	1.98587	-1.37111	-0.610236
1.525	0.366938	0.797048	1.99273	-1.34304	-0.603036
1.53	0.369017	0.801596	1.99944	-1.31521	-0.595865
1.535	0.371125	0.806129	2.00602	-1.28763	-0.588726
1.54	0.373262	0.81065	2.01246	-1.26032	-0.581622
1.545	0.375427	0.815156	2.01876	-1.23328	-0.574555
1.55	0.377621	0.81965	2.02492	-1.20653	-0.567526
1.555	0.379841	0.824129	2.03096	-1.18007	-0.560539
1.56	0.382088	0.828596	2.03686	-1.15391	-0.553596
1.565	0.384361	0.83305	2.04263	-1.12805	-0.546697
1.57	0.386658	0.837491	2.04827	-1.10251	-0.539846
1.575	0.388981	0.841919	2.05378	-1.07729	-0.533043
1.58	0.391326	0.846334	2.05917	-1.05238	-0.526289
1.585	0.393696	0.850737	2.06443	-1.0278	-0.519587
1.59	0.396087	0.855128	2.06957	-1.00355	-0.512938
1.595	0.398501	0.859507	2.07458	-0.979627	-0.506342
1.6	0.400936	0.863874	2.07948	-0.956037	-0.4998
1.605	0.403392	0.868229	2.08426	-0.93278	-0.493315
1.61	0.405868	0.872573	2.08893	-0.909858	-0.486885
1.615	0.408364	0.876905	2.09348	-0.88727	-0.480512
1.62	0.41088	0.881227	2.09791	-0.865017	-0.474198
1.625	0.413414	0.885537	2.10224	-0.843098	-0.467941
1.63	0.415966	0.889837	2.10645	-0.821512	-0.461743
1.635	0.418535	0.894126	2.11056	-0.80026	-0.455604
1.64	0.421122	0.898405	2.11456	-0.779338	-0.449525
1.645	0.423726	0.902673	2.11846	-0.758745	-0.443506
1.65	0.426345	0.906932	2.12225	-0.73848	-0.437546
1.655	0.428981	0.911181	2.12594	-0.71854	-0.431647
1.66	0.431631	0.915421	2.12954	-0.698923	-0.425808
1.665	0.434297	0.919651	2.13303	-0.679625	-0.42003
1.67	0.436976	0.923872	2.13643	-0.660645	-0.414311
1.675	0.43967	0.928085	2.13973	-0.641978	-0.408653
1.68	0.442377	0.932289	2.14294	-0.623623	-0.403056
1.685	0.445097	0.936484	2.14606	-0.605575	-0.397518
1.69	0.44783	0.940671	2.14909	-0.587831	-0.39204
1.695	0.450576	0.94485	2.15203	-0.570387	-0.386623
1.7	0.453333	0.949021	2.15488	-0.553241	-0.381264
1.705	0.456102	0.953184	2.15765	-0.536387	-0.375965
1.71	0.458881	0.95734	2.16033	-0.519822	-0.370725
1.715	0.461672	0.961489	2.16293	-0.503543	-0.365544
1.72	0.464473	0.965631	2.16544	-0.487545	-0.360421
1.725	0.467284	0.969766	2.16788	-0.471825	-0.355357
1.73	0.470105	0.973894	2.17024	-0.456377	-0.35035
1.735	0.472936	0.978016	2.17252	-0.441199	-0.3454
1.74	0.475775	0.982131	2.17473	-0.426286	-0.340508
1.745	0.478623	0.986241	2.17686	-0.411634	-0.335672
1.75	0.48148	0.990344	2.17892	-0.397239	-0.330892
1.755	0.484345	0.994442	2.18091	-0.383097	-0.326167
1.76	0.487217	0.998535	2.18282	-0.369203	-0.321498
1.765	0.490097	1.00262	2.18467	-0.355555	-0.316884
1.77	0.492985	1.0067	2.18644	-0.342146	-0.312324
1.775	0.495879	1.01078	2.18816	-0.328974	-0.307818
1.78	0.49878	1.01485	2.1898	-0.316035	-0.303366
1.785	0.501688	1.01892	2.19138	-0.303324	-0.298966
1.79	0.504602	1.02298	2.1929	-0.290837	-0.294618
1.795	0.507521	1.02704	2.19435	-0.278571	-0.290323
1.8	0.510447	1.0311	2.19574	-0.266521	-0.286079
1.805	0.513377	1.03515	2.19708	-0.254685	-0.281886
1.81	0.516313	1.0392	2.19835	-0.243057	-0.277743
1.815	0.519254	1.04324	2.19957	-0.231634	-0.273651
1.82	0.522199	1.04728	2.20072	-0.220413	-0.269607
1.825	0.525149	1.05132	2.20183	-0.209389	-0.265613
1.83	0.528103	1.05535	2.20287	-0.19856	-0.261667
1.835	0.531061	1.05938	2.20387	-0.18792	-0.257769
1.84	0.534023	1.06341	2.2048	-0.177468	-0.253919
1.845	0.536989	1.06744	2.20569	-0.1672	-0.250115
1.85	0.539958	1.07146	2.20653	-0.157111	-0.246358
1.855	0.54293	1.07548	2.20731	-0.147199	-0.242647
1.86	0.545904	1.0795	2.20805	-0.13746	-0.238982
1.865	0.548882	1.08352	2.20874	-0.127891	-0.235361
1.87	0.551862	1.08753	2.20938	-0.118488	-0.231785
1.875	0.554845	1.09154	2.20997	-0.10925	-0.228253
1.88	0.55783	1.09556	2.21052	-0.100171	-0.224764
1.885	0.560817	1.09956	2.21102	-0.0912503	-0.221319
1.89	0.563806	1.10357	2.21147	-0.0824836	-0.217916
1.895	0.566796	1.10758	2.21188	-0.0738682	-0.214556
1.9	0.569788	1.11159	2.21225	-0.0654013	-0.211237
1.905	0.572781	1.11559	2.21258	-0.0570799	-0.207959
1.91	0.575775	1.1196	2.21287	-0.0489012	-0.204722
1.915	0.57877	1.1236	2.21311	-0.0408626	-0.201526
1.92	0.581766	1.1276	2.21332	-0.0329611	-0.19837
1.925	0.584763	1.13161	2.21348	-0.0251943	-0.195253
1.93	0.58776	1.13561	2.21361	-0.0175595	-0.192175
1.935	0.590758	1.13961	2.21369	-0.0100541	-0.189135
1.94	0.593756	1.14361	2.21374	-0.0026756	-0.186134
1.945	0.596754	1.14761	2.21376	0.00457845	-0.183171
1.95	0.599751	1.15161	2.21373	0.0117105	-0.180245
1.955	0.602749	1.15562	2.21368	0.0187229	-0.177357
1.96	0.605746	1.15962	2.21358	0.0256179	-0.174504
1.965	0.608743	1.16362	2.21345	0.0323979	-0.171688
1.97	0.611739	1.16762	2.21329	0.0390651	-0.168908
1.975	0.614734	1.17163	2.2131	0.0456217	-0.166164
1.98	0.617728	1.17563	2.21287	0.0520698	-0.163454
1.985	0.620721	1.17964	2.21261	0.0584115	-0.160779
1.99	0.623713	1.18364	2.21232	0.064649	-0.158139
1.995	0.626704	1.18765	2.21199	0.0707841	-0.155532
2	0.629694	1.19166	2.21164	0.076819	-0.152959
2.005	0.632681	1.19567	2.21126	0.0827555	-0.150419
2.01	0.635667	1.19968	2.21084	0.0885955	-0.147913
2.015	0.638652	1.20369	2.2104	0.094341	-0.145438
2.02	0.641634	1.2077	2.20993	0.0999937	-0.142996
2.025	0.644615	1.21172	2.20943	0.105555	-0.140586
2.03	0.647593	1.21573	2.2089	0.111028	-0.138208
2.035	0.650569	1.21975	2.20834	0.116413	-0.135861
2.04	0.653543	1.22377	2.20776	0.121712	-0.133544
2.045	0.656514	1.22779	2.20715	0.126927	-0.131259
2.05	0.659483	1.23181	2.20652	0.132059	-0.129004
2.055	0.662449	1.23584	2.20586	0.137111	-0.126778
2.06	0.665413	1.23987	2.20517	0.142083	-0.124583
2.065	0.668373	1.2439	2.20446	0.146977	-0.122417
2.07	0.671331	1.24793	2.20373	0.151794	-0.12028
2.075	0.674285	1.25196	2.20297	0.156537	-0.118172
2.08	0.677237	1.256	2.20219	0.161206	-0.116092
2.085	0.680185	1.26004	2.20138	0.165803	-0.114041
2.09	0.683129	1.26408	2.20055	0.170329	-0.112018
2.095	0.686071	1.26812	2.1997	0.174786	-0.110022
2.1	0.689009	1.27217	2.19883	0.179174	-0.108054
2.105	0.691943	1.27621	2.19793	0.183496	-0.106114
2.11	0.694873	1.28027	2.19701	0.187752	-0.1042
2.115	0.6978	1.28432	2.19607	0.191944	-0.102313
2.12	0.700722	1.28838	2.19511	0.196072	-0.100452
2.125	0.703641	1.29244	2.19413	0.200139	-0.0986179
2.13	0.706556	1.2965	2.19313	0.204144	-0.0968096
2.135	0.709466	1.30056	2.19211	0.20809	-0.095027
2.14	0.712373	1.30463	2.19107	0.211978	-0.0932699
2.145	0.715275	1.3087	2.19001	0.215808	-0.0915382
2.15	0.718172	1.31278	2.18893	0.219581	-0.0898314
2.155	0.721065	1.31686	2.18783	0.2233	-0.0881496
2.16	0.723954	1.32094	2.18672	0.226963	-0.0864923
2.165	0.726838	1.32502	2.18558	0.230574	-0.0848594
2.17	0.729717	1.32911	2.18443	0.234132	-0.0832508
2.175	0.732591	1.3332	2.18326	0.237639	-0.0816661
2.18	0.735461	1.3373	2.18207	0.241095	-0.0801051
2.185	0.738326	1.34139	2.18087	0.244502	-0.0785677
2.19	0.741185	1.3455	2.17964	0.24786	-0.0770537
2.195	0.74404	1.3496	2.1784	0.25117	-0.0755629
2.2	0.746889	1.35371	2.17715	0.254434	-0.074095
2.205	0.749733	1.35782	2.17588	0.257651	-0.0726499
2.21	0.752572	1.36194	2.17459	0.260823	-0.0712274
2.215	0.755406	1.36606	2.17328	0.263951	-0.0698273
2.22	0.758234	1.37018	2.17196	0.267036	-0.0684493
2.225	0.761056	1.37431	2.17063	0.270077	-0.0670935
2.23	0.763873	1.37844	2.16928	0.273077	-0.0657594
2.235	0.766684	1.38257	2.16791	0.276035	-0.0644471
2.24	0.76949	1.38671	2.16653	0.278953	-0.0631563
2.245	0.77229	1.39086	2.16514	0.281831	-0.0618868
2.25	0.775084	1.395	2.16373	0.28467	-0.0606384
2.255	0.777872	1.39915	2.16231	0.287471	-0.0594111
2.26	0.780654	1.40331	2.16087	0.290234	-0.0582045
2.265	0.78343	1.40747	2.15942	0.29296	-0.0570187
2.27	0.7862	1.41163	2.15795	0.295649	-0.0558533
2.275	0.788964	1.41579	2.15647	0.298303	-0.0547084
2.28	0.791721	1.41997	2.15498	0.300922	-0.0535836
2.285	0.794473	1.42414	2.15348	0.303506	-0.0524788
2.29	0.797218	1.42832	2.15196	0.306057	-0.051394
2.295	0.799956	1.4325	2.15043	0.308574	-0.0503288
2.3	0.802688	1.43669	2.14889	0.311058	-0.0492833
2.305	0.805414	1.44088	2.14733	0.313511	-0.0482573
2.31	0.808133	1.44508	2.14576	0.315931	-0.0472505
2.315	0.810845	1.44928	2.14418	0.318321	-0.0462629
2.32	0.813551	1.45348	2.14259	0.320681	-0.0452943
2.325	0.81625	1.45769	2.14099	0.32301	-0.0443447
2.33	0.818942	1.46191	2.13937	0.32531	-0.0434137
2.335	0.821628	1.46612	2.13775	0.327582	-0.0425014
2.34	0.824306	1.47035	2.13611	0.329824	-0.0416076
2.345	0.826977	1.47457	2.13446	0.332039	-0.0407322
2.35	0.829642	1.4788	2.1328	0.334227	-0.0398749
2.355	0.832299	1.48304	2.13113	0.336387	-0.0390358
2.36	0.834949	1.48728	2.12945	0.338521	-0.0382146
2.365	0.837593	1.49152	2.12776	0.34063	-0.0374113
2.37	0.840228	1.49577	2.12605	0.342712	-0.0366257
2.375	0.842857	1.50002	2.12434	0.344769	-0.0358577
2.38	0.845478	1.50428	2.12261	0.346802	-0.0351072
2.385	0.848092	1.50854	2.12088	0.34881	-0.034374
2.39	0.850698	1.51281	2.11914	0.350795	-0.0336581
2.395	0.853297	1.51708	2.11738	0.352756	-0.0329594
2.4	0.855888	1.52136	2.11562	0.354694	-0.0322776
2.405	0.858472	1.52564	2.11385	0.356609	-0.0316128
2.41	0.861048	1.52993	2.11206	0.358502	-0.0309647
2.415	0.863617	1.53421	2.11027	0.360373	-0.0303333
2.42	0.866177	1.53851	2.10847	0.362223	-0.0297185
2.425	0.86873	1.54281	2.10666	0.364051	-0.0291202
2.43	0.871275	1.54711	2.10484	0.365859	-0.0285382
2.435	0.873813	1.55142	2.10301	0.367646	-0.0279724
2.44	0.876342	1.55573	2.10117	0.369413	-0.0274228
2.445	0.878863	1.56005	2.09932	0.37116	-0.0268892
2.45	0.881376	1.56437	2.09747	0.372888	-0.0263716
2.455	0.883882	1.5687	2.0956	0.374596	-0.0258698
2.46	0.886379	1.57303	2.09373	0.376286	-0.0253838
2.465	0.888868	1.57737	2.09185	0.377957	-0.0249134
2.47	0.891348	1.58171	2.08996	0.379611	-0.0244585
2.475	0.893821	1.58606	2.08806	0.381246	-0.024019
2.48	0.896285	1.59041	2.08615	0.382864	-0.0235949
2.485	0.898741	1.59476	2.08424	0.384464	-0.0231861
2.49	0.901189	1.59912	2.08232	0.386047	-0.0227924
2.495	0.903628	1.60349	2.08039	0.387614	-0.0224137
2.5	0.906058	1.60786	2.07845	0.389164	-0.02205
2.505	0.90848	1.61223	2.0765	0.390698	-0.0217012
2.51	0.910894	1.61661	2.07455	0.392217	-0.0213672
2.515	0.913299	1.62099	2.07259	0.393719	-0.0210478
2.52	0.915695	1.62538	2.07062	0.395206	-0.0207431
2.525	0.918083	1.62977	2.06864	0.396678	-0.0204529
2.53	0.920462	1.63417	2.06666	0.398136	-0.020177
2.535	0.922832	1.63857	2.06467	0.399578	-0.0199156
2.54	0.925194	1.64298	2.06267	0.401006	-0.0196683
2.545	0.927546	1.64739	2.06067	0.402421	-0.0194353
2.55	0.92989	1.65181	2.05865	0.403821	-0.0192163
2.555	0.932225	1.65623	2.05664	0.405207	-0.0190113
2.56	0.93455	1.66066	2.05461	0.40658	-0.0188202
2.565	0.936867	1.66509	2.05258	0.40794	-0.0186429
2.57	0.939175	1.66952	2.05054	0.409287	-0.0184793
2.575	0.941474	1.67397	2.04849	0.410621	-0.0183295
2.58	0.943763	1.67841	2.04644	0.411942	-0.0181932
2.585	0.946043	1.68286	2.04438	0.413251	-0.0180703
2.59	0.948315	1.68731	2.04231	0.414548	-0.0179609
2.595	0.950577	1.69177	2.04024	0.415833	-0.0178649
2.6	0.952829	1.69624	2.03816	0.417106	-0.0177821
2.605	0.955073	1.70071	2.03607	0.418367	-0.0177124
2.61	0.957307	1.70518	2.03398	0.419618	-0.0176559
2.615	0.959531	1.70966	2.03188	0.420856	-0.0176124
2.62	0.961746	1.71414	2.02978	0.422084	-0.0175818
2.625	0.963952	1.71863	2.02767	0.423301	-0.0175641
2.63	0.966148	1.72312	2.02555	0.424508	-0.0175591
2.635	0.968335	1.72761	2.02343	0.425703	-0.0175669
2.64	0.970512	1.73212	2.0213	0.426889	-0.0175873
2.645	0.97268	1.73662	2.01917	0.428064	-0.0176203
2.65	0.974837	1.74113	2.01703	0.42923	-0.0176658
2.655	0.976986	1.74565	2.01488	0.430385	-0.0177237
2.66	0.979124	1.75017	2.01273	0.431531	-0.0177939
2.665	0.981253	1.75469	2.01057	0.432668	-0.0178764
2.67	0.983372	1.75922	2.00841	0.433795	-0.017971
2.675	0.985481	1.76375	2.00624	0.434913	-0.0180778
2.68	0.98758	1.76829	2.00406	0.436022	-0.0181966
2.685	0.989669	1.77283	2.00188	0.437122	-0.0183274
2.69	0.991748	1.77738	1.9997	0.438213	-0.0184701
2.695	0.993818	1.78193	1.99751	0.439296	-0.0186247
2.7	0.995877	1.78649	1.99531	0.44037	-0.018791
2.705	0.997927	1.79105	1.99311	0.441436	-0.0189689
2.71	0.999966	1.79561	1.9909	0.442494	-0.0191585
2.715	1.002	1.80018	1.98869	0.443543	-0.0193597
2.72	1.00401	1.80476	1.98647	0.444585	-0.0195723
2.725	1.00602	1.80934	1.98425	0.445619	-0.0197963
2.73	1.00802	1.81392	1.98202	0.446646	-0.0200317
2.735	1.01001	1.81851	1.97979	0.447665	-0.0202783
2.74	1.01199	1.8231	1.97755	0.448676	-0.0205361
2.745	1.01396	1.8277	1.97531	0.44968	-0.0208051
2.75	1.01591	1.8323	1.97306	0.450677	-0.0210851
2.755	1.01786	1.8369	1.9708	0.451667	-0.0213761
2.76	1.0198	1.84151	1.96855	0.45265	-0.0216781
2.765	1.02172	1.84613	1.96628	0.453627	-0.0219909
2.77	1.02364	1.85074	1.96401	0.454596	-0.0223145
2.775	1.02554	1.85537	1.96174	0.45556	-0.0226488
2.78	1.02744	1.85999	1.95946	0.456516	-0.0229937
2.785	1.02932	1.86463	1.95718	0.457466	-0.0233493
2.79	1.0312	1.86926	1.95489	0.458411	-0.0237154
2.795	1.03306	1.8739	1.9526	0.459348	-0.0240919
2.8	1.03491	1.87855	1.9503	0.46028	-0.0244788
2.805	1.03675	1.88319	1.948	0.461206	-0.0248761
2.81	1.03859	1.88785	1.9457	0.462126	-0.0252836
2.815	1.04041	1.8925	1.94339	0.463041	-0.0257013
2.82	1.04221	1.89717	1.94107	0.46395	-0.0261291
2.825	1.04401	1.90183	1.93875	0.464853	-0.026567
2.83	1.0458	1.9065	1.93643	0.465751	-0.0270148
2.835	1.04758	1.91117	1.9341	0.466643	-0.0274726
2.84	1.04934	1.91585	1.93177	0.46753	-0.0279403
2.845	1.0511	1.92053	1.92943	0.468412	-0.0284177
2.85	1.05284	1.92522	1.92709	0.469289	-0.0289049
2.855	1.05458	1.92991	1.92474	0.470161	-0.0294018
2.86	1.0563	1.9346	1.92239	0.471028	-0.0299082
2.865	1.05801	1.9393	1.92003	0.471891	-0.0304242
2.87	1.05971	1.944	1.91767	0.472748	-0.0309496
2.875	1.0614	1.94871	1.91531	0.473601	-0.0314845
2.88	1.06307	1.95342	1.91294	0.474449	-0.0320287
2.885	1.06474	1.95813	1.91057	0.475293	-0.0325822
2.89	1.0664	1.96285	1.90819	0.476133	-0.0331449
2.895	1.06804	1.96757	1.90581	0.476968	-0.0337168
2.9	1.06967	1.9723	1.90343	0.477799	-0.0342977
2.905	1.07129	1.97703	1.90104	0.478626	-0.0348876
2.91	1.0729	1.98176	1.89865	0.479448	-0.0354865
2.915	1.0745	1.9865	1.89625	0.480267	-0.0360943
2.92	1.07609	1.99124	1.89385	0.481082	-0.036711
2.925	1.07767	1.99599	1.89144	0.481893	-0.0373364
2.93	1.07923	2.00074	1.88903	0.4827	-0.0379704
2.935	1.08078	2.00549	1.88662	0.483503	-0.0386132
2.94	1.08232	2.01025	1.8842	0.484303	-0.0392645
2.945	1.08385	2.01501	1.88178	0.485099	-0.0399243
2.95	1.08537	2.01977	1.87935	0.485891	-0.0405925
2.955	1.08688	2.02454	1.87692	0.48668	-0.0412692
2.96	1.08838	2.02931	1.87449	0.487466	-0.0419541
2.965	1.08986	2.03408	1.87205	0.488248	-0.0426473
2.97	1.09133	2.03886	1.86961	0.489027	-0.0433487
2.975	1.09279	2.04364	1.86717	0.489803	-0.0440582
2.98	1.09424	2.04843	1.86472	0.490576	-0.0447758
2.985	1.09568	2.05322	1.86227	0.491346	-0.0455013
2.99	1.0971	2.05801	1.85981	0.492112	-0.0462348
2.995	1.09851	2.06281	1.85735	0.492876	-0.0469762
3	1.09992	2.06761	1.85488	0.493637	-0.0477254
3.005	1.10131	2.07241	1.85242	0.494395	-0.0484823
3.01	1.10268	2.07722	1.84994	0.49515	-0.0492469
3.015	1.10405	2.08203	1.84747	0.495902	-0.0500191
3.02	1.1054	2.08684	1.84499	0.496652	-0.0507988
3.025	1.10674	2.09166	1.84251	0.497399	-0.0515861
3.03	1.10807	2.09648	1.84002	0.498144	-0.0523807
3.035	1.10939	2.1013	1.83753	0.498886	-0.0531827
3.04	1.1107	2.10613	1.83503	0.499625	-0.053992
3.045	1.11199	2.11096	1.83254	0.500363	-0.0548086
3.05	1.11327	2.11579	1.83003	0.501097	-0.0556323
3.055	1.11454	2.12062	1.82753	0.50183	-0.0564631
3.06	1.1158	2.12546	1.82502	0.50256	-0.0573009
3.065	1.11705	2.13031	1.82251	0.503288	-0.0581458
3.07	1.11828	2.13515	1.81999	0.504014	-0.0589975
3.075	1.1195	2.14	1.81747	0.504738	-0.0598561
3.08	1.12071	2.14485	1.81495	0.505459	-0.0607214
3.085	1.12191	2.14971	1.81242	0.506179	-0.0615935
3.09	1.12309	2.15456	1.80989	0.506897	-0.0624722
3.095	1.12426	2.15943	1.80735	0.507613	-0.0633575
3.1	1.12542	2.16429	1.80481	0.508326	-0.0642493
3.105	1.12657	2.16916	1.80227	0.509039	-0.0651476
3.11	1.1277	2.17403	1.79973	0.509749	-0.0660523
3.115	1.12882	2.1789	1.79718	0.510457	-0.0669633
3.12	1.12993	2.18377	1.79463	0.511164	-0.0678806
3.125	1.13103	2.18865	1.79207	0.511869	-0.0688041
3.13	1.13212	2.19353	1.78951	0.512573	-0.0697337
3.135	1.13319	2.19842	1.78695	0.513275	-0.0706694
3.14	1.13425	2.2033	1.78438	0.513975	-0.071611
3.145	1.1353	2.20819	1.78181	0.514674	-0.0725587
3.15	1.13633	2.21308	1.77924	0.515371	-0.0735122
3.155	1.13735	2.21798	1.77666	0.516067	-0.0744715
3.16	1.13836	2.22287	1.77408	0.516762	-0.0754365
3.165	1.13936	2.22777	1.7715	0.517455	-0.0764073
3.17	1.14034	2.23268	1.76891	0.518147	-0.0773836
3.175	1.14131	2.23758	1.76632	0.518838	-0.0783655
3.18	1.14227	2.24249	1.76373	0.519527	-0.0793529
3.185	1.14322	2.2474	1.76113	0.520215	-0.0803457
3.19	1.14415	2.25231	1.75853	0.520902	-0.0813439
3.195	1.14507	2.25722	1.75592	0.521588	-0.0823473
3.2	1.14598	2.26214	1.75331	0.522273	-0.083356
3.205	1.14688	2.26706	1.7507	0.522957	-0.0843698
3.21	1.14776	2.27198	1.74809	0.523639	-0.0853887
3.215	1.14863	2.27691	1.74547	0.524321	-0.0864126
3.22	1.14948	2.28183	1.74285	0.525002	-0.0874415
3.225	1.15033	2.28676	1.74022	0.525681	-0.0884753
3.23	1.15116	2.29169	1.7376	0.52636	-0.0895139
3.235	1.15197	2.29662	1.73496	0.527038	-0.0905573
3.24	1.15278	2.30156	1.73233	0.527716	-0.0916053
3.245	1.15357	2.3065	1.72969	0.528392	-0.092658
3.25	1.15435	2.31144	1.72705	0.529068	-0.0937152
3.255	1.15511	2.31638	1.7244	0.529742	-0.094777
3.26	1.15586	2.32132	1.72175	0.530417	-0.0958431
3.265	1.1566	2.32626	1.7191	0.53109	-0.0969137
3.27	1.15733	2.33121	1.71645	0.531763	-0.0979885
3.275	1.15804	2.33616	1.71379	0.532435	-0.0990675
3.28	1.15874	2.34111	1.71113	0.533107	-0.100151
3.285	1.15943	2.34606	1.70846	0.533778	-0.101238
3.29	1.1601	2.35102	1.70579	0.534448	-0.102329
3.295	1.16076	2.35598	1.70312	0.535118	-0.103425
3.3	1.1614	2.36093	1.70044	0.535788	-0.104524
3.305	1.16204	2.36589	1.69776	0.536457	-0.105627
3.31	1.16266	2.37085	1.69508	0.537125	-0.106734
3.315	1.16326	2.37582	1.6924	0.537793	-0.107844
3.32	1.16386	2.38078	1.68971	0.538461	-0.108958
3.325	1.16444	2.38575	1.68702	0.539128	-0.110076
3.33	1.165	2.39072	1.68432	0.539796	-0.111197
3.335	1.16556	2.39569	1.68162	0.540462	-0.112321
3.34	1.1661	2.40066	1.67892	0.541129	-0.113449
3.345	1.16662	2.40563	1.67621	0.541795	-0.11458
3.35	1.16713	2.4106	1.6735	0.542461	-0.115715
3.355	1.16763	2.41558	1.67079	0.543127	-0.116852
3.36	1.16812	2.42055	1.66808	0.543792	-0.117993
3.365	1.16859	2.42553	1.66536	0.544458	-0.119136
3.37	1.16905	2.43051	1.66263	0.545123	-0.120283
3.375	1.16949	2.43549	1.65991	0.545788	-0.121432
3.38	1.16993	2.44047	1.65718	0.546454	-0.122584
3.385	1.17034	2.44545	1.65445	0.547119	-0.123739
3.39	1.17075	2.45044	1.65171	0.547784	-0.124897
3.395	1.17114	2.45542	1.64897	0.548449	-0.126057
3.4	1.17152	2.46041	1.64623	0.549113	-0.12722
3.405	1.17188	2.4654	1.64349	0.549778	-0.128385
3.41	1.17223	2.47038	1.64074	0.550443	-0.129553
3.415	1.17256	2.47537	1.63798	0.551109	-0.130722
3.42	1.17289	2.48036	1.63523	0.551774	-0.131895
3.425	1.17319	2.48535	1.63247	0.552439	-0.133069
3.43	1.17349	2.49034	1.62971	0.553104	-0.134245
3.435	1.17377	2.49534	1.62694	0.55377	-0.135424
3.44	1.17404	2.50033	1.62417	0.554435	-0.136604
3.445	1.17429	2.50532	1.6214	0.555101	-0.137787
3.45	1.17453	2.51032	1.61863	0.555767	-0.138971
3.455	1.17475	2.51531	1.61585	0.556434	-0.140157
3.46	1.17496	2.52031	1.61306	0.5571	-0.141345
3.465	1.17516	2.5253	1.61028	0.557767	-0.142534
3.47	1.17534	2.5303	1.60749	0.558434	-0.143725
3.475	1.17551	2.5353	1.6047	0.559101	-0.144917
3.48	1.17567	2.54029	1.6019	0.559769	-0.146111
3.485	1.17581	2.54529	1.5991	0.560437	-0.147306
3.49	1.17594	2.55029	1.5963	0.561105	-0.148502
3.495	1.17605	2.55529	1.5935	0.561774	-0.1497
3.5	1.17615	2.56029	1.59069	0.562443	-0.150898
3.505	1.17624	2.56529	1.58787	0.563112	-0.152098
3.51	1.17631	2.57029	1.58506	0.563782	-0.153299
3.515	1.17637	2.57529	1.58224	0.564452	-0.154501
3.52	1.17641	2.58029	1.57942	0.565123	-0.155703
3.525	1.17644	2.58529	1.57659	0.565794	-0.156906
3.53	1.17645	2.59029	1.57376	0.566466	-0.15811
3.535	1.17645	2.59529	1.57093	0.567138	-0.159315
3.54	1.17644	2.60029	1.5681	0.567811	-0.16052
3.545	1.17641	2.60529	1.56526	0.568484	-0.161726
3.55	1.17637	2.61029	1.56241	0.569158	-0.162932
3.555	1.17631	2.61529	1.55957	0.569832	-0.164139
3.56	1.17624	2.62029	1.55672	0.570507	-0.165346
3.565	1.17616	2.62528	1.55387	0.571183	-0.166553
3.57	1.17606	2.63028	1.55101	0.571859	-0.16776
3.575	1.17595	2.63528	1.54815	0.572536	-0.168967
3.58	1.17582	2.64028	1.54529	0.573213	-0.170174
3.585	1.17568	2.64528	1.54242	0.573891	-0.171381
3.59	1.17552	2.65028	1.53955	0.57457	-0.172588
3.595	1.17535	2.65527	1.53668	0.575249	-0.173795
3.6	1.17517	2.66027	1.5338	0.575929	-0.175002
3.605	1.17497	2.66527	1.53092	0.57661	-0.176208
3.61	1.17475	2.67026	1.52804	0.577292	-0.177414
3.615	1.17452	2.67526	1.52515	0.577974	-0.178619
3.62	1.17428	2.68025	1.52226	0.578657	-0.179824
3.625	1.17402	2.68524	1.51937	0.579341	-0.181028
3.63	1.17375	2.69024	1.51647	0.580026	-0.182231
3.635	1.17347	2.69523	1.51357	0.580711	-0.183433
3.64	1.17317	2.70022	1.51067	0.581397	-0.184635
3.645	1.17285	2.70521	1.50776	0.582084	-0.185836
3.65	1.17252	2.7102	1.50485	0.582772	-0.187036
3.655	1.17218	2.71519	1.50194	0.583461	-0.188234
3.66	1.17182	2.72017	1.49902	0.58415	-0.189432
3.665	1.17145	2.72516	1.4961	0.584841	-0.190628
3.67	1.17106	2.73014	1.49318	0.585532	-0.191823
3.675	1.17066	2.73513	1.49025	0.586224	-0.193017
3.68	1.17024	2.74011	1.48732	0.586917	-0.194209
3.685	1.16981	2.74509	1.48438	0.587611	-0.1954
3.69	1.16936	2.75007	1.48145	0.588307	-0.196589
3.695	1.1689	2.75505	1.4785	0.589002	-0.197777
3.7	1.16843	2.76003	1.47556	0.589699	-0.198962
3.705	1.16794	2.765	1.47261	0.590397	-0.200146
3.71	1.16743	2.76998	1.46966	0.591096	-0.201328
3.715	1.16691	2.77495	1.4667	0.591796	-0.202509
3.72	1.16638	2.77992	1.46374	0.592497	-0.203687
3.725	1.16583	2.78489	1.46078	0.593199	-0.204863
3.73	1.16526	2.78986	1.45782	0.593902	-0.206037
3.735	1.16469	2.79483	1.45485	0.594606	-0.207209
3.74	1.16409	2.79979	1.45187	0.595311	-0.208378
3.745	1.16349	2.80475	1.4489	0.596017	-0.209545
3.75	1.16286	2.80972	1.44592	0.596724	-0.21071
3.755	1.16222	2.81468	1.44293	0.597432	-0.211872
3.76	1.16157	2.81963	1.43995	0.598142	-0.213032
3.765	1.16091	2.82459	1.43696	0.598852	-0.214189
3.77	1.16022	2.82954	1.43396	0.599564	-0.215343
3.775	1.15953	2.83449	1.43096	0.600277	-0.216494
3.78	1.15881	2.83944	1.42796	0.600991	-0.217643
3.785	1.15809	2.84439	1.42496	0.601706	-0.218788
3.79	1.15735	2.84933	1.42195	0.602422	-0.219931
3.795	1.15659	2.85428	1.41894	0.603139	-0.221071
3.8	1.15582	2.85922	1.41592	0.603858	-0.222207
3.805	1.15503	2.86415	1.4129	0.604578	-0.22334
3.81	1.15423	2.86909	1.40988	0.605299	-0.22447
3.815	1.15342	2.87402	1.40685	0.606021	-0.225596
3.82	1.15258	2.87895	1.40382	0.606744	-0.226719
3.825	1.15174	2.88388	1.40079	0.607469	-0.227839
3.83	1.15088	2.88881	1.39775	0.608195	-0.228955
3.835	1.15	2.89373	1.39471	0.608922	-0.230067
3.84	1.14911	2.89865	1.39167	0.609651	-0.231176
3.845	1.1482	2.90357	1.38862	0.610381	-0.23228
3.85	1.14728	2.90848	1.38557	0.611112	-0.233381
3.855	1.14635	2.91339	1.38251	0.611844	-0.234478
3.86	1.1454	2.9183	1.37945	0.612578	-0.235571
3.865	1.14443	2.92321	1.37639	0.613313	-0.23666
3.87	1.14345	2.92811	1.37332	0.614049	-0.237745
3.875	1.14245	2.93301	1.37025	0.614787	-0.238825
3.88	1.14144	2.93791	1.36718	0.615526	-0.239901
3.885	1.14042	2.9428	1.3641	0.616266	-0.240973
3.89	1.13938	2.94769	1.36102	0.617008	-0.24204
3.895	1.13832	2.95258	1.35793	0.617751	-0.243103
3.9	1.13725	2.95746	1.35484	0.618496	-0.244162
3.905	1.13616	2.96234	1.35175	0.619242	-0.245215
3.91	1.13506	2.96722	1.34866	0.619989	-0.246264
3.915	1.13394	2.97209	1.34556	0.620738	-0.247308
3.92	1.13281	2.97696	1.34245	0.621488	-0.248348
3.925	1.13166	2.98183	1.33934	0.62224	-0.249382
3.93	1.1305	2.98669	1.33623	0.622993	-0.250411
3.935	1.12933	2.99155	1.33312	0.623747	-0.251435
3.94	1.12813	2.99641	1.33	0.624503	-0.252455
3.945	1.12693	3.00126	1.32688	0.625261	-0.253469
3.95	1.1257	3.00611	1.32375	0.62602	-0.254477
3.955	1.12446	3.01095	1.32062	0.62678	-0.25548
3.96	1.12321	3.01579	1.31749	0.627542	-0.256478
3.965	1.12194	3.02063	1.31435	0.628306	-0.257471
3.97	1.12066	3.02546	1.31121	0.629071	-0.258458
3.975	1.11936	3.03029	1.30806	0.629838	-0.259439
3.98	1.11805	3.03511	1.30491	0.630606	-0.260414
3.985	1.11672	3.03993	1.30176	0.631375	-0.261384
3.99	1.11537	3.04475	1.2986	0.632147	-0.262348
3.995	1.11401	3.04956	1.29544	0.63292	-0.263306
4	1.11264	3.05437	1.29228	0.633694	-0.264258
4.005	1.11125	3.05917	1.28911	0.63447	-0.265204
4.01	1.10985	3.06397	1.28594	0.635248	-0.266144
4.015	1.10842	3.06876	1.28276	0.636027	-0.267078
4.02	1.10699	3.07355	1.27958	0.636808	-0.268005
4.025	1.10554	3.07834	1.2764	0.63759	-0.268926
4.03	1.10407	3.08312	1.27321	0.638374	-0.269841
4.035	1.10259	3.08789	1.27002	0.63916	-0.27075
4.04	1.10109	3.09266	1.26682	0.639948	-0.271651
4.045	1.09958	3.09743	1.26362	0.640737	-0.272547
4.05	1.09806	3.10219	1.26042	0.641527	-0.273435
4.055	1.09651	3.10695	1.25721	0.64232	-0.274317
4.06	1.09496	3.1117	1.254	0.643114	-0.275192
4.065	1.09338	3.11645	1.25078	0.64391	-0.276061
4.07	1.09179	3.12119	1.24756	0.644708	-0.276922
4.075	1.09019	3.12592	1.24434	0.645507	-0.277777
4.08	1.08857	3.13065	1.24111	0.646308	-0.278624
4.085	1.08694	3.13538	1.23788	0.647111	-0.279464
4.09	1.08529	3.1401	1.23464	0.647915	-0.280297
4.095	1.08362	3.14481	1.23141	0.648722	-0.281123
4.1	1.08194	3.14952	1.22816	0.64953	-0.281942
4.105	1.08025	3.15423	1.22491	0.65034	-0.282753
4.11	1.07854	3.15893	1.22166	0.651151	-0.283557
4.115	1.07681	3.16362	1.21841	0.651965	-0.284353
4.12	1.07507	3.1683	1.21515	0.65278	-0.285141
4.125	1.07332	3.17299	1.21188	0.653597	-0.285922
4.13	1.07154	3.17766	1.20861	0.654416	-0.286696
4.135	1.06976	3.18233	1.20534	0.655237	-0.287461
4.14	1.06796	3.187	1.20207	0.65606	-0.288219
4.145	1.06614	3.19165	1.19879	0.656884	-0.288969
4.15	1.06431	3.19631	1.1955	0.657711	-0.289711
4.155	1.06246	3.20095	1.19221	0.658539	-0.290445
4.16	1.06059	3.20559	1.18892	0.659369	-0.291171
4.165	1.05872	3.21023	1.18562	0.660201	-0.291888
4.17	1.05682	3.21485	1.18232	0.661035	-0.292598
4.175	1.05491	3.21947	1.17902	0.661871	-0.293299
4.18	1.05299	3.22409	1.17571	0.662709	-0.293992
4.185	1.05105	3.2287	1.17239	0.663549	-0.294677
4.19	1.04909	3.2333	1.16908	0.664391	-0.295353
4.195	1.04712	3.23789	1.16576	0.665234	-0.296021
4.2	1.04514	3.24248	1.16243	0.66608	-0.29668
4.205	1.04314	3.24707	1.1591	0.666928	-0.29733
4.21	1.04112	3.25164	1.15576	0.667777	-0.297972
4.215	1.03909	3.25621	1.15242	0.668629	-0.298605
4.22	1.03704	3.26077	1.14908	0.669483	-0.299229
4.225	1.03498	3.26533	1.14573	0.670339	-0.299844
4.23	1.0329	3.26987	1.14238	0.671196	-0.300451
4.235	1.03081	3.27442	1.13903	0.672056	-0.301048
4.24	1.0287	3.27895	1.13567	0.672918	-0.301636
4.245	1.02658	3.28348	1.1323	0.673782	-0.302216
4.25	1.02444	3.288	1.12893	0.674648	-0.302786
4.255	1.02229	3.29251	1.12556	0.675517	-0.303347
4.26	1.02012	3.29701	1.12218	0.676387	-0.303898
4.265	1.01794	3.30151	1.1188	0.677259	-0.304441
4.27	1.01574	3.306	1.11541	0.678134	-0.304974
4.275	1.01352	3.31049	1.11202	0.679011	-0.305497
4.28	1.01129	3.31496	1.10863	0.67989	-0.306011
4.285	1.00905	3.31943	1.10523	0.680771	-0.306515
4.29	1.00679	3.32389	1.10182	0.681654	-0.30701
4.295	1.00451	3.32834	1.09842	0.682539	-0.307495
4.3	1.00222	3.33279	1.095	0.683427	-0.307971
4.305	0.999919	3.33722	1.09159	0.684317	-0.308436
4.31	0.997598	3.34165	1.08817	0.685209	-0.308892
4.315	0.995263	3.34607	1.08474	0.686103	-0.309338
4.32	0.992912	3.35049	1.08131	0.687	-0.309774
4.325	0.990546	3.35489	1.07787	0.687899	-0.3102
4.33	0.988164	3.35929	1.07443	0.6888	-0.310616
4.335	0.985768	3.36368	1.07099	0.689704	-0.311022
4.34	0.983357	3.36806	1.06754	0.69061	-0.311418
4.345	0.98093	3.37243	1.06409	0.691518	-0.311803
4.35	0.978489	3.37679	1.06063	0.692428	-0.312178
4.355	0.976032	3.38115	1.05717	0.693341	-0.312543
4.36	0.97356	3.38549	1.0537	0.694256	-0.312898
4.365	0.971073	3.38983	1.05023	0.695174	-0.313242
4.37	0.968571	3.39416	1.04675	0.696094	-0.313576
4.375	0.966054	3.39848	1.04327	0.697016	-0.313899
4.38	0.963522	3.40279	1.03979	0.697941	-0.314212
4.385	0.960975	3.40709	1.0363	0.698868	-0.314514
4.39	0.958413	3.41139	1.03281	0.699798	-0.314805
4.395	0.955836	3.41567	1.02931	0.70073	-0.315086
4.4	0.953244	3.41995	1.0258	0.701665	-0.315356
4.405	0.950637	3.42421	1.02229	0.702602	-0.315615
4.41	0.948015	3.42847	1.01878	0.703542	-0.315863
4.415	0.945378	3.43272	1.01526	0.704484	-0.316101
4.42	0.942726	3.43696	1.01174	0.705429	-0.316327
4.425	0.940059	3.44119	1.00821	0.706377	-0.316543
4.43	0.937378	3.44541	1.00468	0.707327	-0.316747
4.435	0.934681	3.44962	1.00115	0.708279	-0.316941
4.44	0.931969	3.45382	0.997604	0.709235	-0.317123
4.445	0.929243	3.45801	0.994058	0.710192	-0.317294
4.45	0.926502	3.46219	0.990507	0.711153	-0.317454
4.455	0.923745	3.46636	0.986951	0.712116	-0.317603
4.46	0.920974	3.47052	0.983391	0.713082	-0.31774
4.465	0.918189	3.47468	0.979825	0.714051	-0.317866
4.47	0.915388	3.47882	0.976255	0.715022	-0.317981
4.475	0.912572	3.48295	0.97268	0.715996	-0.318084
4.48	0.909742	3.48707	0.9691	0.716973	-0.318176
4.485	0.906897	3.49118	0.965515	0.717953	-0.318256
4.49	0.904038	3.49529	0.961925	0.718935	-0.318325
4.495	0.901163	3.49938	0.958331	0.71992	-0.318382
4.5	0.898274	3.50346	0.954731	0.720909	-0.318428
4.505	0.89537	3.50753	0.951126	0.7219	-0.318462
4.51	0.892452	3.51159	0.947517	0.722894	-0.318484
4.515	0.889518	3.51564	0.943903	0.72389	-0.318494
4.52	0.886571	3.51968	0.940283	0.72489	-0.318493
4.525	0.883608	3.5237	0.936659	0.725893	-0.31848
4.53	0.880631	3.52772	0.933029	0.726898	-0.318455
4.535	0.87764	3.53173	0.929395	0.727907	-0.318418
4.54	0.874634	3.53572	0.925755	0.728919	-0.31837
4.545	0.871613	3.53971	0.922111	0.729934	-0.318309
4.55	0.868578	3.54368	0.918461	0.730951	-0.318236
4.555	0.865528	3.54764	0.914806	0.731972	-0.318152
4.56	0.862464	3.55159	0.911146	0.732996	-0.318055
4.565	0.859385	3.55553	0.907481	0.734023	-0.317946
4.57	0.856292	3.55946	0.903811	0.735054	-0.317825
4.575	0.853184	3.56338	0.900136	0.736087	-0.317692
4.58	0.850062	3.56728	0.896455	0.737124	-0.317547
4.585	0.846926	3.57118	0.89277	0.738164	-0.317389
4.59	0.843776	3.57506	0.889079	0.739207	-0.317219
4.595	0.840611	3.57893	0.885383	0.740254	-0.317037
4.6	0.837431	3.58279	0.881682	0.741304	-0.316843
4.605	0.834238	3.58664	0.877975	0.742357	-0.316636
4.61	0.83103	3.59047	0.874263	0.743413	-0.316417
4.615	0.827808	3.5943	0.870546	0.744473	-0.316186
4.62	0.824572	3.59811	0.866824	0.745537	-0.315942
4.625	0.821321	3.60191	0.863096	0.746604	-0.315686
4.63	0.818057	3.60569	0.859363	0.747674	-0.315417
4.635	0.814778	3.60947	0.855625	0.748748	-0.315136
4.64	0.811485	3.61323	0.851881	0.749826	-0.314842
4.645	0.808178	3.61698	0.848132	0.750907	-0.314536
4.65	0.804857	3.62072	0.844377	0.751992	-0.314217
4.655	0.801522	3.62445	0.840618	0.75308	-0.313886
4.66	0.798173	3.62816	0.836852	0.754172	-0.313541
4.665	0.79481	3.63186	0.833081	0.755268	-0.313185
4.67	0.791433	3.63555	0.829305	0.756367	-0.312815
4.675	0.788042	3.63922	0.825523	0.757471	-0.312433
4.68	0.784638	3.64288	0.821736	0.758578	-0.312038
4.685	0.781219	3.64653	0.817943	0.759689	-0.311631
4.69	0.777786	3.65017	0.814144	0.760804	-0.311211
4.695	0.77434	3.65379	0.81034	0.761923	-0.310778
4.7	0.77088	3.6574	0.806531	0.763046	-0.310332
4.705	0.767406	3.66099	0.802716	0.764173	-0.309873
4.71	0.763919	3.66458	0.798895	0.765304	-0.309402
4.715	0.760418	3.66815	0.795068	0.766439	-0.308917
4.72	0.756903	3.6717	0.791236	0.767579	-0.30842
4.725	0.753374	3.67525	0.787398	0.768722	-0.30791
4.73	0.749832	3.67877	0.783554	0.76987	-0.307387
4.735	0.746277	3.68229	0.779705	0.771022	-0.306852
4.74	0.742708	3.68579	0.77585	0.772178	-0.306303
4.745	0.739125	3.68928	0.771989	0.773339	-0.305741
4.75	0.735529	3.69275	0.768122	0.774504	-0.305167
4.755	0.731919	3.69621	0.76425	0.775674	-0.304579
4.76	0.728297	3.69966	0.760372	0.776848	-0.303979
4.765	0.72466	3.70309	0.756487	0.778027	-0.303365
4.77	0.721011	3.70651	0.752597	0.77921	-0.302739
4.775	0.717348	3.70991	0.748701	0.780398	-0.302099
4.78	0.713672	3.7133	0.744799	0.781591	-0.301447
4.785	0.709982	3.71668	0.740891	0.782788	-0.300781
4.79	0.70628	3.72004	0.736977	0.783991	-0.300103
4.795	0.702564	3.72338	0.733057	0.785198	-0.299411
4.8	0.698835	3.72671	0.729131	0.78641	-0.298706
4.805	0.695094	3.73003	0.725199	0.787628	-0.297989
4.81	0.691339	3.73333	0.721261	0.78885	-0.297258
4.815	0.687571	3.73662	0.717317	0.790077	-0.296514
4.82	0.68379	3.73989	0.713366	0.79131	-0.295758
4.825	0.679996	3.74315	0.70941	0.792548	-0.294988
4.83	0.67619	3.74639	0.705447	0.793791	-0.294205
4.835	0.67237	3.74962	0.701478	0.79504	-0.293409
4.84	0.668538	3.75283	0.697503	0.796294	-0.292599
4.845	0.664693	3.75602	0.693522	0.797554	-0.291777
4.85	0.660835	3.7592	0.689534	0.798819	-0.290942
4.855	0.656965	3.76237	0.68554	0.80009	-0.290094
4.86	0.653082	3.76552	0.681539	0.801367	-0.289232
4.865	0.649186	3.76865	0.677532	0.802649	-0.288358
4.87	0.645278	3.77177	0.673519	0.803938	-0.28747
4.875	0.641357	3.77488	0.669499	0.805232	-0.286569
4.88	0.637424	3.77796	0.665473	0.806533	-0.285655
4.885	0.633479	3.78103	0.661441	0.80784	-0.284728
4.89	0.629521	3.78409	0.657401	0.809153	-0.283789
4.895	0.625551	3.78713	0.653356	0.810472	-0.282836
4.9	0.621568	3.79015	0.649303	0.811798	-0.281869
4.905	0.617573	3.79316	0.645244	0.81313	-0.28089
4.91	0.613566	3.79615	0.641179	0.814469	-0.279898
4.915	0.609547	3.79912	0.637106	0.815815	-0.278893
4.92	0.605516	3.80208	0.633027	0.817167	-0.277875
4.925	0.601473	3.80502	0.628941	0.818526	-0.276843
4.93	0.597418	3.80795	0.624849	0.819893	-0.275799
4.935	0.59335	3.81086	0.620749	0.821266	-0.274742
4.94	0.589271	3.81375	0.616643	0.822647	-0.273671
4.945	0.58518	3.81662	0.61253	0.824035	-0.272588
4.95	0.581077	3.81948	0.60841	0.825431	-0.271491
4.955	0.576963	3.82232	0.604282	0.826834	-0.270382
4.96	0.572837	3.82515	0.600148	0.828245	-0.26926
4.965	0.568699	3.82795	0.596007	0.829664	-0.268125
4.97	0.564549	3.83074	0.591859	0.831091	-0.266976
4.975	0.560388	3.83351	0.587703	0.832526	-0.265815
4.98	0.556216	3.83627	0.583541	0.833969	-0.264641
4.985	0.552032	3.83901	0.579371	0.835421	-0.263454
4.99	0.547836	3.84173	0.575194	0.836881	-0.262254
4.995	0.543629	3.84443	0.571009	0.838349	-0.261042
5	0.539411	3.84711	0.566817	0.839827	-0.259816
5.005	0.535182	3.84978	0.562618	0.841314	-0.258578
5.01	0.530941	3.85243	0.558412	0.842809	-0.257326
5.015	0.52669	3.85506	0.554198	0.844314	-0.256062
5.02	0.522427	3.85767	0.549976	0.845829	-0.254786
5.025	0.518153	3.86027	0.545747	0.847353	-0.253496
5.03	0.513869	3.86285	0.54151	0.848887	-0.252194
5.035	0.509573	3.86541	0.537266	0.850431	-0.250879
5.04	0.505267	3.86795	0.533014	0.851986	-0.249551
5.045	0.50095	3.87047	0.528754	0.853551	-0.24821
5.05	0.496622	3.87297	0.524486	0.855126	-0.246857
5.055	0.492283	3.87546	0.52021	0.856712	-0.245491
5.06	0.487934	3.87792	0.515927	0.85831	-0.244113
5.065	0.483574	3.88037	0.511635	0.859918	-0.242722
5.07	0.479204	3.8828	0.507336	0.861539	-0.241318
5.075	0.474823	3.88521	0.503028	0.86317	-0.239902
5.08	0.470432	3.8876	0.498712	0.864814	-0.238473
5.085	0.466031	3.88998	0.494388	0.866471	-0.237032
5.09	0.46162	3.89233	0.490056	0.868139	-0.235578
5.095	0.457198	3.89466	0.485715	0.869821	-0.234111
5.1	0.452766	3.89698	0.481366	0.871516	-0.232633
5.105	0.448324	3.89927	0.477008	0.873224	-0.231142
5.11	0.443872	3.90155	0.472642	0.874945	-0.229638
5.115	0.439411	3.90381	0.468267	0.876681	-0.228122
5.12	0.434939	3.90604	0.463884	0.878431	-0.226594
5.125	0.430458	3.90826	0.459492	0.880196	-0.225053
5.13	0.425966	3.91046	0.455091	0.881975	-0.2235
5.135	0.421466	3.91264	0.450681	0.88377	-0.221935
5.14	0.416955	3.9148	0.446262	0.885581	-0.220358
5.145	0.412436	3.91693	0.441834	0.887408	-0.218768
5.15	0.407906	3.91905	0.437397	0.889252	-0.217166
5.155	0.403368	3.92115	0.432951	0.891112	-0.215552
5.16	0.39882	3.92323	0.428495	0.89299	-0.213926
5.165	0.394262	3.92528	0.42403	0.894885	-0.212288
5.17	0.389696	3.92732	0.419556	0.896799	-0.210638
5.175	0.385121	3.92934	0.415072	0.898732	-0.208976
5.18	0.380536	3.93133	0.410578	0.900684	-0.207301
5.185	0.375943	3.93331	0.406075	0.902656	-0.205615
5.19	0.371341	3.93526	0.401562	0.904649	-0.203917
5.195	0.36673	3.93719	0.397038	0.906662	-0.202206
5.2	0.36211	3.93911	0.392505	0.908697	-0.200484
5.205	0.357481	3.941	0.387962	0.910755	-0.19875
5.21	0.352844	3.94287	0.383408	0.912835	-0.197005
5.215	0.348199	3.94472	0.378844	0.914938	-0.195247
5.22	0.343545	3.94655	0.374269	0.917067	-0.193478
5.225	0.338883	3.94835	0.369684	0.91922	-0.191697
5.23	0.334212	3.95014	0.365088	0.921399	-0.189904
5.235	0.329534	3.9519	0.360481	0.923605	-0.188099
5.24	0.324847	3.95364	0.355863	0.925838	-0.186283
5.245	0.320152	3.95536	0.351233	0.9281	-0.184455
5.25	0.31545	3.95706	0.346593	0.930391	-0.182616
5.255	0.310739	3.95874	0.341941	0.932713	-0.180765
5.26	0.306021	3.96039	0.337277	0.935066	-0.178903
5.265	0.301295	3.96203	0.332602	0.937452	-0.177029
5.27	0.296561	3.96364	0.327915	0.939872	-0.175143
5.275	0.29182	3.96522	0.323215	0.942327	-0.173247
5.28	0.287072	3.96679	0.318504	0.944819	-0.171338
5.285	0.282316	3.96833	0.31378	0.947349	-0.169419
5.29	0.277553	3.96985	0.309043	0.949917	-0.167488
5.295	0.272782	3.97135	0.304293	0.952527	-0.165546
5.3	0.268005	3.97283	0.299531	0.95518	-0.163592
5.305	0.263221	3.97428	0.294755	0.957877	-0.161627
5.31	0.258429	3.97571	0.289965	0.96062	-0.159652
5.315	0.253631	3.97712	0.285162	0.963412	-0.157665
5.32	0.248826	3.9785	0.280345	0.966254	-0.155666
5.325	0.244015	3.97986	0.275514	0.969149	-0.153657
5.33	0.239197	3.9812	0.270668	0.972099	-0.151637
5.335	0.234373	3.98251	0.265808	0.975108	-0.149606
5.34	0.229542	3.9838	0.260932	0.978177	-0.147564
5.345	0.224705	3.98507	0.256041	0.981311	-0.145511
5.35	0.219862	3.98631	0.251135	0.984511	-0.143447
5.355	0.215012	3.98753	0.246212	0.987783	-0.141372
5.36	0.210157	3.98872	0.241273	0.991129	-0.139287
5.365	0.205296	3.98989	0.236318	0.994554	-0.137191
5.37	0.200429	3.99104	0.231345	0.998063	-0.135084
5.375	0.195557	3.99216	0.226355	1.00166	-0.132967
5.38	0.190679	3.99326	0.221346	1.00535	-0.13084
5.385	0.185796	3.99433	0.216319	1.00914	-0.128702
5.39	0.180907	3.99538	0.211274	1.01304	-0.126554
5.395	0.176013	3.99641	0.206209	1.01706	-0.124396
5.4	0.171113	3.9974	0.201123	1.02119	-0.122228
5.405	0.166209	3.99838	0.196017	1.02546	-0.120051
5.41	0.1613	3.99933	0.19089	1.02986	-0.117864
5.415	0.156386	4.00025	0.185741	1.03442	-0.115667
5.42	0.151467	4.00115	0.180569	1.03915	-0.113462
5.425	0.146544	4.00202	0.175373	1.04405	-0.111248
5.43	0.141616	4.00287	0.170153	1.04915	-0.109025
5.435	0.136684	4.00369	0.164907	1.05446	-0.106795
5.44	0.131748	4.00448	0.159635	1.06001	-0.104557
5.445	0.126807	4.00525	0.154335	1.06581	-0.102313
5.45	0.121862	4.00599	0.149005	1.07191	-0.100062
5.455	0.116914	4.00671	0.143646	1.07832	-0.0978059
5.46	0.111962	4.0074	0.138254	1.08509	-0.0955459
5.465	0.107006	4.00806	0.132829	1.09227	-0.093283
5.47	0.102046	4.0087	0.127368	1.09991	-0.0910188
5.475	0.0970833	4.0093	0.121868	1.10808	-0.0887553
5.48	0.0921171	4.00988	0.116328	1.11687	-0.0864951
5.485	0.0871477	4.01044	0.110743	1.12637	-0.0842411
5.49	0.0821753	4.01096	0.105111	1.13672	-0.0819973
5.495	0.0772	4.01146	0.0994277	1.14808	-0.0797689
5.5	0.0722219	4.01192	0.0936873	1.16068	-0.0775624
5.505	0.0672412	4.01236	0.0878839	1.17479	-0.0753867
5.51	0.062258	4.01277	0.08201	1.19082	-0.0732535
5.515	0.0572725	4.01315	0.0760559	1.20931	-0.0711791
5.52	0.0522847	4.0135	0.0700093	1.23105	-0.0691862
5.525	0.0472949	4.01382	0.0638541	1.2572	-0.0673078
5.53	0.0423032	4.01411	0.0575681	1.28957	-0.065593
5.535	0.0373097	4.01437	0.0511202	1.33108	-0.0641181
5.54	0.0323147	4.01459	0.0444648	1.38681	-0.0630083
5.545	0.0273182	4.01477	0.0375308	1.46616	-0.0624824
5.55	0.0223205	4.01493	0.0301999	1.58849	-0.0629614
5.555	0.0173217	4.01504	0.0222575	1.7992	-0.0653715
5.56	0.0123221	4.0151	0.0132615	2.22787	-0.0722595
5.565	0.00732215	4.01511	0.00212219	3.37998	-0.0943861
5.57	0.00232269	4.01504	-0.0147777	8.89928	-0.264798
