descriptor s_test R_test Z_test
0	1.37122	9.99999e-006	0.002	-0.402232	-0.00161581
0.005	1.36622	3.00557e-005	0.00401116	-0.404472	-0.00324748
0.01	1.36122	6.02231e-005	0.00603352	-0.406722	-0.00489504
0.015	1.35622	0.000100558	0.00806713	-0.408981	-0.00655853
0.02	1.35122	0.000151118	0.010112	-0.41125	-0.008238
0.025	1.34622	0.000211958	0.0121683	-0.413529	-0.00993348
0.03	1.34122	0.000283135	0.0142359	-0.415818	-0.011645
0.035	1.33622	0.000364706	0.016315	-0.418117	-0.0133726
0.04	1.33122	0.000456729	0.0184056	-0.420427	-0.0151164
0.045	1.32622	0.000559261	0.0205077	-0.422747	-0.0168763
0.05	1.32123	0.000672359	0.0226215	-0.425078	-0.0186525
0.055	1.31623	0.00079608	0.0247469	-0.42742	-0.0204449
0.06	1.31123	0.000930484	0.026884	-0.429774	-0.0222536
0.065	1.30623	0.00107563	0.0290328	-0.432139	-0.0240787
0.07	1.30123	0.00123157	0.0311935	-0.434515	-0.0259201
0.075	1.29624	0.00139837	0.0333661	-0.436904	-0.027778
0.08	1.29124	0.00157609	0.0355506	-0.439304	-0.0296524
0.085	1.28624	0.00176478	0.0377472	-0.441717	-0.0315433
0.09	1.28125	0.0019645	0.0399557	-0.444143	-0.0334508
0.095	1.27625	0.00217532	0.0421765	-0.446581	-0.0353749
0.1	1.27126	0.0023973	0.0444094	-0.449033	-0.0373157
0.105	1.26626	0.00263048	0.0466545	-0.451498	-0.0392731
0.11	1.26127	0.00287495	0.048912	-0.453976	-0.0412474
0.115	1.25627	0.00313074	0.0511819	-0.456469	-0.0432384
0.12	1.25128	0.00339794	0.0534642	-0.458975	-0.0452463
0.125	1.24629	0.00367659	0.0557591	-0.461496	-0.0472712
0.13	1.2413	0.00396676	0.0580666	-0.464031	-0.0493129
0.135	1.23631	0.00426851	0.0603867	-0.466582	-0.0513717
0.14	1.23132	0.0045819	0.0627197	-0.469147	-0.0534475
0.145	1.22633	0.004907	0.0650654	-0.471728	-0.0555405
0.15	1.22134	0.00524386	0.067424	-0.474325	-0.0576506
0.155	1.21635	0.00559256	0.0697957	-0.476937	-0.0597779
0.16	1.21136	0.00595315	0.0721803	-0.479567	-0.0619226
0.165	1.20638	0.00632569	0.0745782	-0.482212	-0.0640845
0.17	1.20139	0.00671026	0.0769892	-0.484875	-0.0662638
0.175	1.19641	0.00710691	0.0794136	-0.487555	-0.0684605
0.18	1.19142	0.00751571	0.0818514	-0.490252	-0.0706748
0.185	1.18644	0.00793672	0.0843026	-0.492968	-0.0729066
0.19	1.18146	0.00837002	0.0867675	-0.495701	-0.075156
0.195	1.17648	0.00881565	0.089246	-0.498453	-0.0774231
0.2	1.1715	0.0092737	0.0917383	-0.501225	-0.0797079
0.205	1.16652	0.00974423	0.0942444	-0.504015	-0.0820104
0.21	1.16155	0.0102273	0.0967645	-0.506825	-0.0843309
0.215	1.15657	0.010723	0.0992986	-0.509654	-0.0866692
0.22	1.1516	0.0112313	0.101847	-0.512504	-0.0890255
0.225	1.14663	0.0117524	0.104409	-0.515375	-0.0913999
0.23	1.14165	0.0122863	0.106986	-0.518267	-0.0937923
0.235	1.13668	0.0128331	0.109578	-0.52118	-0.096203
0.24	1.13172	0.0133929	0.112183	-0.524115	-0.0986318
0.245	1.12675	0.0139656	0.114804	-0.527072	-0.101079
0.25	1.12178	0.0145515	0.117439	-0.530052	-0.103544
0.255	1.11682	0.0151505	0.12009	-0.533055	-0.106028
0.26	1.11186	0.0157627	0.122755	-0.536082	-0.108531
0.265	1.1069	0.0163883	0.125435	-0.539132	-0.111052
0.27	1.10194	0.0170272	0.128131	-0.542206	-0.113592
0.275	1.09698	0.0176795	0.130842	-0.545306	-0.11615
0.28	1.09202	0.0183454	0.133569	-0.54843	-0.118727
0.285	1.08707	0.0190248	0.136311	-0.55158	-0.121323
0.29	1.08212	0.0197179	0.139069	-0.554756	-0.123938
0.295	1.07717	0.0204247	0.141842	-0.557959	-0.126572
0.3	1.07222	0.0211454	0.144632	-0.561189	-0.129225
0.305	1.06728	0.0218799	0.147438	-0.564446	-0.131897
0.31	1.06233	0.0226284	0.15026	-0.567732	-0.134589
0.315	1.05739	0.0233909	0.153099	-0.571046	-0.1373
0.32	1.05245	0.0241675	0.155954	-0.574389	-0.14003
0.325	1.04751	0.0249583	0.158826	-0.577762	-0.14278
0.33	1.04258	0.0257634	0.161715	-0.581165	-0.145549
0.335	1.03765	0.0265828	0.164621	-0.584599	-0.148338
0.34	1.03272	0.0274166	0.167544	-0.588064	-0.151147
0.345	1.02779	0.0282649	0.170484	-0.59156	-0.153975
0.35	1.02286	0.0291277	0.173442	-0.595089	-0.156824
0.355	1.01794	0.0300052	0.176417	-0.598652	-0.159692
0.36	1.01302	0.0308975	0.179411	-0.602247	-0.162581
0.365	1.0081	0.0318046	0.182422	-0.605877	-0.165489
0.37	1.00319	0.0327265	0.185451	-0.609542	-0.168418
0.375	0.998279	0.0336634	0.188499	-0.613242	-0.171368
0.38	0.993371	0.0346154	0.191565	-0.616979	-0.174338
0.385	0.988465	0.0355825	0.19465	-0.620752	-0.177328
0.39	0.983563	0.0365649	0.197754	-0.624563	-0.180339
0.395	0.978663	0.0375625	0.200877	-0.628411	-0.183371
0.4	0.973767	0.0385755	0.204019	-0.632299	-0.186424
0.405	0.968874	0.039604	0.20718	-0.636226	-0.189497
0.41	0.963984	0.0406481	0.210361	-0.640193	-0.192592
0.415	0.959098	0.0417078	0.213562	-0.644202	-0.195708
0.42	0.954215	0.0427833	0.216783	-0.648252	-0.198845
0.425	0.949335	0.0438745	0.220025	-0.652344	-0.202003
0.43	0.944459	0.0449817	0.223286	-0.65648	-0.205183
0.435	0.939587	0.0461049	0.226569	-0.66066	-0.208385
0.44	0.934719	0.0472442	0.229872	-0.664885	-0.211608
0.445	0.929854	0.0483996	0.233196	-0.669156	-0.214853
0.45	0.924993	0.0495713	0.236542	-0.673473	-0.218119
0.455	0.920136	0.0507594	0.23991	-0.677837	-0.221408
0.46	0.915284	0.0519639	0.243299	-0.68225	-0.224719
0.465	0.910435	0.053185	0.24671	-0.686712	-0.228052
0.47	0.905591	0.0544227	0.250144	-0.691224	-0.231408
0.475	0.900751	0.0556772	0.2536	-0.695787	-0.234786
0.48	0.895915	0.0569484	0.257079	-0.700402	-0.238187
0.485	0.891084	0.0582366	0.260581	-0.70507	-0.24161
0.49	0.886257	0.0595419	0.264106	-0.709791	-0.245056
0.495	0.881435	0.0608642	0.267655	-0.714568	-0.248525
0.5	0.876618	0.0622038	0.271228	-0.7194	-0.252017
0.505	0.871805	0.0635607	0.274825	-0.72429	-0.255532
0.51	0.866998	0.064935	0.278446	-0.729237	-0.259071
0.515	0.862196	0.0663268	0.282092	-0.734243	-0.262633
0.52	0.857398	0.0677363	0.285764	-0.739309	-0.266218
0.525	0.852606	0.0691635	0.28946	-0.744437	-0.269827
0.53	0.84782	0.0706085	0.293182	-0.749627	-0.27346
0.535	0.843039	0.0720714	0.296931	-0.75488	-0.277117
0.54	0.838263	0.0735524	0.300705	-0.760198	-0.280798
0.545	0.833493	0.0750515	0.304506	-0.765582	-0.284503
0.55	0.828729	0.0765688	0.308334	-0.771033	-0.288232
0.555	0.82397	0.0781045	0.312189	-0.776552	-0.291985
0.56	0.819218	0.0796587	0.316072	-0.78214	-0.295764
0.565	0.814472	0.0812315	0.319982	-0.7878	-0.299566
0.57	0.809732	0.0828229	0.323921	-0.793531	-0.303394
0.575	0.804998	0.0844331	0.327889	-0.799337	-0.307246
0.58	0.800271	0.0860623	0.331886	-0.805216	-0.311124
0.585	0.795551	0.0877104	0.335912	-0.811172	-0.315027
0.59	0.790837	0.0893777	0.339968	-0.817206	-0.318955
0.595	0.78613	0.0910642	0.344054	-0.823319	-0.322908
0.6	0.78143	0.0927701	0.34817	-0.829512	-0.326887
0.605	0.776737	0.0944955	0.352318	-0.835787	-0.330891
0.61	0.772051	0.0962405	0.356497	-0.842145	-0.334922
0.615	0.767373	0.0980051	0.360708	-0.848588	-0.338978
0.62	0.762702	0.0997896	0.364951	-0.855118	-0.34306
0.625	0.758039	0.101594	0.369226	-0.861736	-0.347168
0.63	0.753384	0.103419	0.373535	-0.868443	-0.351303
0.635	0.748737	0.105263	0.377877	-0.875242	-0.355464
0.64	0.744098	0.107128	0.382253	-0.882134	-0.359651
0.645	0.739467	0.109014	0.386664	-0.88912	-0.363865
0.65	0.734844	0.11092	0.391109	-0.896202	-0.368106
0.655	0.730231	0.112847	0.39559	-0.903383	-0.372374
0.66	0.725626	0.114794	0.400107	-0.910663	-0.376668
0.665	0.721029	0.116763	0.404661	-0.918044	-0.380989
0.67	0.716442	0.118753	0.409251	-0.925529	-0.385338
0.675	0.711864	0.120763	0.413879	-0.93312	-0.389713
0.68	0.707296	0.122796	0.418544	-0.940817	-0.394116
0.685	0.702737	0.124849	0.423248	-0.948623	-0.398546
0.69	0.698188	0.126924	0.427991	-0.956539	-0.403004
0.695	0.693649	0.129021	0.432774	-0.964569	-0.407489
0.7	0.68912	0.13114	0.437597	-0.972713	-0.412002
0.705	0.684602	0.133281	0.44246	-0.980973	-0.416542
0.71	0.680094	0.135444	0.447365	-0.989353	-0.42111
0.715	0.675597	0.137629	0.452312	-0.997852	-0.425705
0.72	0.67111	0.139837	0.457301	-1.00647	-0.430329
0.725	0.666635	0.142067	0.462334	-1.01522	-0.43498
0.73	0.662172	0.14432	0.46741	-1.0241	-0.439659
0.735	0.65772	0.146596	0.47253	-1.0331	-0.444366
0.74	0.653279	0.148894	0.477696	-1.04223	-0.4491
0.745	0.648851	0.151216	0.482907	-1.0515	-0.453863
0.75	0.644435	0.153561	0.488164	-1.0609	-0.458653
0.755	0.640032	0.155929	0.493469	-1.07044	-0.463471
0.76	0.635641	0.158321	0.498821	-1.08012	-0.468316
0.765	0.631263	0.160737	0.504222	-1.08994	-0.47319
0.77	0.626899	0.163176	0.509671	-1.0999	-0.478091
0.775	0.622548	0.16564	0.515171	-1.11001	-0.483019
0.78	0.61821	0.168127	0.520721	-1.12027	-0.487975
0.785	0.613887	0.170639	0.526322	-1.13068	-0.492958
0.79	0.609578	0.173175	0.531976	-1.14124	-0.497968
0.795	0.605283	0.175736	0.537682	-1.15195	-0.503005
0.8	0.601004	0.178322	0.543442	-1.16282	-0.508069
0.805	0.596739	0.180932	0.549256	-1.17385	-0.51316
0.81	0.59249	0.183567	0.555125	-1.18504	-0.518277
0.815	0.588256	0.186227	0.56105	-1.1964	-0.52342
0.82	0.584039	0.188913	0.567032	-1.20791	-0.528589
0.825	0.579838	0.191624	0.573072	-1.2196	-0.533784
0.83	0.575653	0.194361	0.57917	-1.23145	-0.539003
0.835	0.571486	0.197123	0.585327	-1.24348	-0.544248
0.84	0.567335	0.199911	0.591544	-1.25568	-0.549518
0.845	0.563202	0.202726	0.597823	-1.26805	-0.554812
0.85	0.559087	0.205566	0.604163	-1.2806	-0.560129
0.855	0.554991	0.208433	0.610566	-1.29332	-0.56547
0.86	0.550913	0.211326	0.617033	-1.30623	-0.570833
0.865	0.546854	0.214245	0.623564	-1.31931	-0.576219
0.87	0.542814	0.217192	0.63016	-1.33258	-0.581626
0.875	0.538794	0.220165	0.636823	-1.34603	-0.587055
0.88	0.534794	0.223165	0.643553	-1.35967	-0.592503
0.885	0.530815	0.226193	0.650352	-1.37349	-0.597971
0.89	0.526857	0.229247	0.657219	-1.3875	-0.603459
0.895	0.522919	0.232329	0.664157	-1.4017	-0.608964
0.9	0.519004	0.235439	0.671165	-1.41608	-0.614486
0.905	0.51511	0.238576	0.678246	-1.43066	-0.620025
0.91	0.51124	0.241741	0.685399	-1.44542	-0.625579
0.915	0.507392	0.244933	0.692626	-1.46037	-0.631147
0.92	0.503567	0.248154	0.699928	-1.47551	-0.636729
0.925	0.499767	0.251403	0.707305	-1.49083	-0.642322
0.93	0.495991	0.25468	0.71476	-1.50635	-0.647927
0.935	0.492239	0.257986	0.722291	-1.52205	-0.65354
0.94	0.488513	0.26132	0.729901	-1.53793	-0.659163
0.945	0.484812	0.264682	0.737591	-1.554	-0.664791
0.95	0.481138	0.268074	0.745361	-1.57026	-0.670425
0.955	0.477491	0.271494	0.753212	-1.58669	-0.676063
0.96	0.47387	0.274942	0.761146	-1.6033	-0.681703
0.965	0.470278	0.27842	0.769162	-1.62008	-0.687343
0.97	0.466714	0.281927	0.777263	-1.63703	-0.692981
0.975	0.463178	0.285462	0.785448	-1.65416	-0.698616
0.98	0.459672	0.289027	0.793719	-1.67144	-0.704245
0.985	0.456196	0.292621	0.802076	-1.68888	-0.709866
0.99	0.452751	0.296244	0.81052	-1.70648	-0.715478
0.995	0.449336	0.299897	0.819053	-1.72423	-0.721078
1	0.445953	0.303579	0.827674	-1.74211	-0.726662
1.005	0.442603	0.30729	0.836384	-1.76013	-0.73223
1.01	0.439285	0.31103	0.845185	-1.77828	-0.737778
1.015	0.436	0.3148	0.854077	-1.79655	-0.743304
1.02	0.432749	0.318599	0.863059	-1.81493	-0.748804
1.025	0.429533	0.322428	0.872134	-1.83342	-0.754276
1.03	0.426353	0.326286	0.881301	-1.85199	-0.759716
1.035	0.423208	0.330173	0.890561	-1.87065	-0.765122
1.04	0.420099	0.334089	0.899914	-1.88938	-0.77049
1.045	0.417028	0.338035	0.909361	-1.90816	-0.775817
1.05	0.413995	0.342009	0.918902	-1.92699	-0.781099
1.055	0.411	0.346013	0.928537	-1.94586	-0.786333
1.06	0.408044	0.350046	0.938266	-1.96474	-0.791515
1.065	0.405128	0.354107	0.94809	-1.98362	-0.79664
1.07	0.402252	0.358197	0.958008	-2.00249	-0.801705
1.075	0.399417	0.362316	0.96802	-2.02133	-0.806706
1.08	0.396624	0.366464	0.978127	-2.04012	-0.811638
1.085	0.393874	0.370639	0.988328	-2.05885	-0.816498
1.09	0.391167	0.374843	0.998622	-2.07749	-0.821281
1.095	0.388503	0.379074	1.00901	-2.09602	-0.825981
1.1	0.385884	0.383333	1.01949	-2.11443	-0.830596
1.105	0.38331	0.38762	1.03006	-2.13269	-0.835119
1.11	0.380782	0.391934	1.04073	-2.15077	-0.839546
1.115	0.378301	0.396275	1.05148	-2.16867	-0.843872
1.12	0.375867	0.400642	1.06232	-2.18634	-0.848093
1.125	0.37348	0.405036	1.07325	-2.20376	-0.852202
1.13	0.371142	0.409456	1.08427	-2.22092	-0.856196
1.135	0.368854	0.413901	1.09538	-2.23778	-0.860069
1.14	0.366615	0.418372	1.10657	-2.25432	-0.863815
1.145	0.364427	0.422868	1.11784	-2.27051	-0.86743
1.15	0.36229	0.427388	1.12919	-2.28631	-0.870909
1.155	0.360205	0.431933	1.14062	-2.30171	-0.874246
1.16	0.358172	0.436501	1.15213	-2.31667	-0.877436
1.165	0.356193	0.441092	1.16371	-2.33117	-0.880474
1.17	0.354267	0.445706	1.17537	-2.34517	-0.883354
1.175	0.352395	0.450343	1.1871	-2.35865	-0.886073
1.18	0.350578	0.455001	1.19889	-2.37157	-0.888625
1.185	0.348816	0.45968	1.21075	-2.38391	-0.891004
1.19	0.347111	0.464381	1.22267	-2.39564	-0.893207
1.195	0.345461	0.469101	1.23464	-2.40672	-0.895229
1.2	0.343869	0.47384	1.24668	-2.41714	-0.897065
1.205	0.342334	0.478599	1.25876	-2.42685	-0.898711
1.21	0.340857	0.483376	1.2709	-2.43584	-0.900163
1.215	0.339438	0.48817	1.28308	-2.44408	-0.901417
1.22	0.338078	0.492982	1.2953	-2.45153	-0.90247
1.225	0.336777	0.497809	1.30756	-2.45819	-0.903317
1.23	0.335535	0.502653	1.31985	-2.46401	-0.903956
1.235	0.334353	0.507511	1.33217	-2.46899	-0.904384
1.24	0.333232	0.512384	1.34451	-2.47309	-0.904598
1.245	0.33217	0.51727	1.35688	-2.47631	-0.904596
1.25	0.331169	0.522168	1.36926	-2.47862	-0.904375
1.255	0.330229	0.527079	1.38165	-2.48	-0.903935
1.26	0.32935	0.532001	1.39405	-2.48044	-0.903274
1.265	0.328532	0.536934	1.40645	-2.47993	-0.90239
1.27	0.327775	0.541876	1.41885	-2.47845	-0.901284
1.275	0.32708	0.546828	1.43125	-2.476	-0.899955
1.28	0.326446	0.551787	1.44363	-2.47258	-0.898403
1.285	0.325873	0.556755	1.45599	-2.46817	-0.896628
1.29	0.325361	0.561728	1.46833	-2.46278	-0.894631
1.295	0.324911	0.566708	1.48064	-2.4564	-0.892414
1.3	0.324522	0.571693	1.49293	-2.44903	-0.889978
1.305	0.324194	0.576682	1.50517	-2.44069	-0.887325
1.31	0.323927	0.581675	1.51737	-2.43137	-0.884457
1.315	0.323721	0.586671	1.52953	-2.42109	-0.881378
1.32	0.323575	0.591669	1.54164	-2.40986	-0.878089
1.325	0.32349	0.596668	1.55369	-2.39768	-0.874595
1.33	0.323464	0.601668	1.56567	-2.38458	-0.870899
1.335	0.323498	0.606668	1.5776	-2.37056	-0.867005
1.34	0.323591	0.611667	1.58945	-2.35566	-0.862917
1.345	0.323743	0.616664	1.60123	-2.33989	-0.85864
1.35	0.323954	0.62166	1.61293	-2.32327	-0.854179
1.355	0.324223	0.626653	1.62454	-2.30583	-0.849538
1.36	0.324549	0.631642	1.63607	-2.28758	-0.844724
1.365	0.324932	0.636627	1.64751	-2.26857	-0.839741
1.37	0.325372	0.641608	1.65885	-2.24881	-0.834595
1.375	0.325867	0.646583	1.6701	-2.22834	-0.829292
1.38	0.326419	0.651553	1.68124	-2.20718	-0.823839
1.385	0.327024	0.656516	1.69228	-2.18537	-0.81824
1.39	0.327685	0.661472	1.7032	-2.16294	-0.812503
1.395	0.328398	0.666421	1.71402	-2.13991	-0.806634
1.4	0.329165	0.671362	1.72472	-2.11633	-0.800638
1.405	0.329984	0.676295	1.7353	-2.09223	-0.794524
1.41	0.330854	0.681218	1.74576	-2.06764	-0.788296
1.415	0.331775	0.686133	1.7561	-2.04259	-0.781961
1.42	0.332746	0.691037	1.76631	-2.01711	-0.775526
1.425	0.333767	0.695932	1.7764	-1.99125	-0.768997
1.43	0.334837	0.700816	1.78635	-1.96503	-0.762381
1.435	0.335954	0.70569	1.79618	-1.93849	-0.755683
1.44	0.337119	0.710552	1.80587	-1.91165	-0.748911
1.445	0.33833	0.715404	1.81543	-1.88456	-0.742069
1.45	0.339586	0.720243	1.82485	-1.85723	-0.735165
1.455	0.340888	0.725071	1.83414	-1.82971	-0.728204
1.46	0.342233	0.729886	1.84329	-1.80202	-0.721191
1.465	0.343622	0.734689	1.8523	-1.7742	-0.714133
1.47	0.345054	0.73948	1.86117	-1.74626	-0.707035
1.475	0.346527	0.744258	1.8699	-1.71824	-0.699902
1.48	0.348042	0.749023	1.87849	-1.69016	-0.69274
1.485	0.349596	0.753775	1.88694	-1.66205	-0.685554
1.49	0.35119	0.758515	1.89525	-1.63394	-0.678348
1.495	0.352823	0.763241	1.90342	-1.60584	-0.671128
1.5	0.354493	0.767953	1.91145	-1.57779	-0.663897
1.505	0.356201	0.772653	1.91934	-1.54979	-0.65666
1.51	0.357945	0.777339	1.92709	-1.52188	-0.649422
1.515	0.359724	0.782011	1.9347	-1.49406	-0.642187
1.52	0.361539	0.78667	1.94217	-1.46637	-0.634958
1.525	0.363387	0.791316	1.9495	-1.43882	-0.627739
1.53	0.365269	0.795948	1.95669	-1.41142	-0.620533
1.535	0.367184	0.800567	1.96375	-1.38418	-0.613345
1.54	0.369131	0.805173	1.97067	-1.35714	-0.606177
1.545	0.371108	0.809765	1.97746	-1.33028	-0.599032
1.55	0.373116	0.814344	1.98411	-1.30364	-0.591914
1.555	0.375155	0.81891	1.99063	-1.27722	-0.584824
1.56	0.377222	0.823462	1.99701	-1.25104	-0.577766
1.565	0.379317	0.828002	2.00327	-1.22509	-0.570741
1.57	0.381441	0.832529	2.00939	-1.1994	-0.563753
1.575	0.383591	0.837043	2.01539	-1.17396	-0.556803
1.58	0.385768	0.841544	2.02126	-1.1488	-0.549894
1.585	0.387971	0.846033	2.027	-1.12391	-0.543027
1.59	0.390199	0.850509	2.03262	-1.09929	-0.536203
1.595	0.392451	0.854973	2.03812	-1.07497	-0.529426
1.6	0.394728	0.859425	2.04349	-1.05093	-0.522695
1.605	0.397027	0.863864	2.04875	-1.02719	-0.516013
1.61	0.39935	0.868292	2.05388	-1.00375	-0.509381
1.615	0.401695	0.872708	2.0589	-0.98061	-0.502799
1.62	0.404061	0.877113	2.06381	-0.957774	-0.49627
1.625	0.406449	0.881506	2.0686	-0.935243	-0.489793
1.63	0.408857	0.885888	2.07327	-0.91302	-0.48337
1.635	0.411284	0.890259	2.07784	-0.891105	-0.477002
1.64	0.413732	0.894619	2.08229	-0.8695	-0.47069
1.645	0.416198	0.898968	2.08664	-0.848204	-0.464433
1.65	0.418683	0.903307	2.09088	-0.827218	-0.458233
1.655	0.421186	0.907636	2.09502	-0.806541	-0.45209
1.66	0.423706	0.911954	2.09905	-0.786173	-0.446004
1.665	0.426243	0.916263	2.10298	-0.766112	-0.439977
1.67	0.428796	0.920561	2.10681	-0.746357	-0.434007
1.675	0.431366	0.924851	2.11054	-0.726906	-0.428096
1.68	0.433951	0.92913	2.11418	-0.707759	-0.422243
1.685	0.436552	0.933401	2.11772	-0.688912	-0.416449
1.69	0.439167	0.937663	2.12116	-0.670363	-0.410713
1.695	0.441796	0.941916	2.12451	-0.65211	-0.405036
1.7	0.444439	0.94616	2.12777	-0.634151	-0.399418
1.705	0.447095	0.950396	2.13094	-0.616483	-0.393859
1.71	0.449765	0.954623	2.13403	-0.599103	-0.388358
1.715	0.452447	0.958843	2.13702	-0.582007	-0.382916
1.72	0.455142	0.963055	2.13993	-0.565193	-0.377532
1.725	0.457848	0.967259	2.14276	-0.548658	-0.372206
1.73	0.460566	0.971456	2.1455	-0.532398	-0.366938
1.735	0.463295	0.975645	2.14816	-0.51641	-0.361728
1.74	0.466035	0.979828	2.15075	-0.50069	-0.356575
1.745	0.468786	0.984003	2.15325	-0.485236	-0.35148
1.75	0.471546	0.988172	2.15567	-0.470042	-0.346441
1.755	0.474316	0.992335	2.15802	-0.455107	-0.341458
1.76	0.477096	0.996491	2.1603	-0.440426	-0.336532
1.765	0.479885	1.00064	2.1625	-0.425995	-0.331661
1.77	0.482683	1.00478	2.16463	-0.41181	-0.326846
1.775	0.485489	1.00892	2.16669	-0.397869	-0.322086
1.78	0.488303	1.01306	2.16868	-0.384168	-0.317381
1.785	0.491126	1.01718	2.1706	-0.370702	-0.312729
1.79	0.493956	1.0213	2.17246	-0.357468	-0.308132
1.795	0.496793	1.02542	2.17424	-0.344462	-0.303588
1.8	0.499638	1.02953	2.17596	-0.331681	-0.299096
1.805	0.502489	1.03364	2.17762	-0.319121	-0.294657
1.81	0.505347	1.03774	2.17922	-0.306778	-0.290271
1.815	0.508211	1.04184	2.18075	-0.294649	-0.285935
1.82	0.511081	1.04594	2.18223	-0.28273	-0.281651
1.825	0.513957	1.05003	2.18364	-0.271017	-0.277417
1.83	0.516839	1.05411	2.18499	-0.259507	-0.273234
1.835	0.519726	1.0582	2.18629	-0.248197	-0.2691
1.84	0.522618	1.06227	2.18753	-0.237082	-0.265016
1.845	0.525514	1.06635	2.18872	-0.22616	-0.26098
1.85	0.528416	1.07042	2.18985	-0.215427	-0.256992
1.855	0.531321	1.07449	2.19093	-0.20488	-0.253052
1.86	0.534231	1.07856	2.19195	-0.194515	-0.24916
1.865	0.537145	1.08262	2.19292	-0.184329	-0.245314
1.87	0.540063	1.08668	2.19385	-0.174319	-0.241514
1.875	0.542984	1.09074	2.19472	-0.164482	-0.237761
1.88	0.545908	1.09479	2.19554	-0.154814	-0.234053
1.885	0.548836	1.09885	2.19631	-0.145313	-0.23039
1.89	0.551766	1.1029	2.19704	-0.135974	-0.226771
1.895	0.554699	1.10695	2.19772	-0.126797	-0.223197
1.9	0.557635	1.11099	2.19835	-0.117776	-0.219666
1.905	0.560574	1.11504	2.19894	-0.10891	-0.216178
1.91	0.563514	1.11908	2.19949	-0.100195	-0.212732
1.915	0.566456	1.12313	2.19999	-0.0916294	-0.209329
1.92	0.569401	1.12717	2.20045	-0.0832094	-0.205968
1.925	0.572347	1.13121	2.20086	-0.0749326	-0.202648
1.93	0.575294	1.13525	2.20124	-0.0667963	-0.199369
1.935	0.578243	1.13928	2.20157	-0.0587978	-0.196131
1.94	0.581193	1.14332	2.20187	-0.0509345	-0.192932
1.945	0.584144	1.14736	2.20212	-0.0432039	-0.189773
1.95	0.587096	1.15139	2.20234	-0.0356034	-0.186653
1.955	0.590049	1.15543	2.20251	-0.0281307	-0.183572
1.96	0.593002	1.15946	2.20265	-0.0207832	-0.18053
1.965	0.595956	1.1635	2.20276	-0.0135587	-0.177525
1.97	0.59891	1.16753	2.20283	-0.00645469	-0.174558
1.975	0.601864	1.17157	2.20286	0.000531016	-0.171628
1.98	0.604818	1.1756	2.20286	0.00740069	-0.168735
1.985	0.607772	1.17963	2.20282	0.0141565	-0.165878
1.99	0.610725	1.18367	2.20275	0.0208007	-0.163057
1.995	0.613678	1.1877	2.20264	0.0273354	-0.160272
2	0.616631	1.19174	2.20251	0.0337625	-0.157522
2.005	0.619583	1.19577	2.20234	0.0400843	-0.154807
2.01	0.622534	1.19981	2.20214	0.0463027	-0.152126
2.015	0.625484	1.20385	2.20191	0.0524196	-0.14948
2.02	0.628433	1.20788	2.20164	0.0584369	-0.146867
2.025	0.631381	1.21192	2.20135	0.0643567	-0.144288
2.03	0.634328	1.21596	2.20103	0.0701807	-0.141742
2.035	0.637273	1.22	2.20068	0.0759107	-0.139229
2.04	0.640217	1.22404	2.2003	0.0815485	-0.136748
2.045	0.643159	1.22809	2.19989	0.0870959	-0.1343
2.05	0.646099	1.23213	2.19946	0.0925546	-0.131883
2.055	0.649038	1.23618	2.19899	0.0979262	-0.129497
2.06	0.651974	1.24022	2.1985	0.103212	-0.127143
2.065	0.654909	1.24427	2.19799	0.108415	-0.12482
2.07	0.657841	1.24832	2.19745	0.113535	-0.122527
2.075	0.660771	1.25237	2.19688	0.118575	-0.120264
2.08	0.663698	1.25643	2.19629	0.123535	-0.118031
2.085	0.666623	1.26048	2.19567	0.128418	-0.115828
2.09	0.669546	1.26454	2.19503	0.133224	-0.113654
2.095	0.672465	1.2686	2.19436	0.137956	-0.11151
2.1	0.675382	1.27266	2.19367	0.142615	-0.109394
2.105	0.678296	1.27672	2.19296	0.147201	-0.107306
2.11	0.681207	1.28079	2.19222	0.151717	-0.105247
2.115	0.684115	1.28486	2.19146	0.156163	-0.103216
2.12	0.68702	1.28892	2.19068	0.160542	-0.101213
2.125	0.689921	1.293	2.18988	0.164853	-0.0992365
2.13	0.692819	1.29707	2.18905	0.169099	-0.0972876
2.135	0.695714	1.30115	2.18821	0.173281	-0.0953656
2.14	0.698605	1.30523	2.18734	0.1774	-0.0934704
2.145	0.701492	1.30931	2.18646	0.181456	-0.0916015
2.15	0.704376	1.31339	2.18555	0.185452	-0.0897588
2.155	0.707256	1.31748	2.18462	0.189388	-0.0879421
2.16	0.710132	1.32157	2.18367	0.193266	-0.0861511
2.165	0.713004	1.32566	2.18271	0.197086	-0.0843856
2.17	0.715873	1.32976	2.18172	0.200849	-0.0826454
2.175	0.718737	1.33386	2.18072	0.204558	-0.0809301
2.18	0.721596	1.33796	2.1797	0.208211	-0.0792397
2.185	0.724452	1.34206	2.17865	0.211812	-0.0775739
2.19	0.727303	1.34617	2.1776	0.215359	-0.0759324
2.195	0.73015	1.35028	2.17652	0.218856	-0.0743151
2.2	0.732992	1.3544	2.17542	0.222302	-0.0727218
2.205	0.73583	1.35851	2.17431	0.225698	-0.0711522
2.21	0.738663	1.36263	2.17318	0.229045	-0.0696061
2.215	0.741491	1.36676	2.17204	0.232345	-0.0680834
2.22	0.744315	1.37088	2.17088	0.235597	-0.0665839
2.225	0.747134	1.37501	2.1697	0.238804	-0.0651072
2.23	0.749947	1.37914	2.16851	0.241965	-0.0636534
2.235	0.752756	1.38328	2.1673	0.245081	-0.0622221
2.24	0.75556	1.38742	2.16607	0.248154	-0.0608132
2.245	0.758358	1.39156	2.16483	0.251184	-0.0594265
2.25	0.761152	1.39571	2.16357	0.254172	-0.0580619
2.255	0.76394	1.39986	2.1623	0.257118	-0.056719
2.26	0.766722	1.40402	2.16102	0.260024	-0.0553979
2.265	0.7695	1.40817	2.15972	0.262889	-0.0540982
2.27	0.772271	1.41234	2.1584	0.265716	-0.0528199
2.275	0.775038	1.4165	2.15707	0.268504	-0.0515627
2.28	0.777799	1.42067	2.15573	0.271254	-0.0503265
2.285	0.780554	1.42484	2.15437	0.273967	-0.0491111
2.29	0.783303	1.42902	2.15301	0.276643	-0.0479164
2.295	0.786047	1.4332	2.15162	0.279284	-0.0467422
2.3	0.788784	1.43738	2.15023	0.281889	-0.0455883
2.305	0.791516	1.44157	2.14882	0.28446	-0.0444547
2.31	0.794242	1.44576	2.14739	0.286996	-0.043341
2.315	0.796962	1.44996	2.14596	0.289499	-0.0422473
2.32	0.799676	1.45416	2.14451	0.29197	-0.0411733
2.325	0.802383	1.45836	2.14305	0.294408	-0.0401189
2.33	0.805085	1.46257	2.14158	0.296814	-0.0390839
2.335	0.80778	1.46678	2.1401	0.299189	-0.0380682
2.34	0.810469	1.47099	2.1386	0.301533	-0.0370717
2.345	0.813151	1.47521	2.13709	0.303848	-0.0360943
2.35	0.815828	1.47944	2.13557	0.306133	-0.0351357
2.355	0.818497	1.48366	2.13404	0.308388	-0.0341958
2.36	0.82116	1.4879	2.1325	0.310615	-0.0332746
2.365	0.823817	1.49213	2.13095	0.312815	-0.0323719
2.37	0.826467	1.49637	2.12938	0.314986	-0.0314875
2.375	0.82911	1.50062	2.12781	0.31713	-0.0306213
2.38	0.831747	1.50486	2.12622	0.319248	-0.0297732
2.385	0.834376	1.50912	2.12463	0.32134	-0.0289431
2.39	0.836999	1.51337	2.12302	0.323405	-0.0281309
2.395	0.839615	1.51763	2.1214	0.325446	-0.0273363
2.4	0.842224	1.5219	2.11977	0.327462	-0.0265594
2.405	0.844826	1.52617	2.11814	0.329453	-0.0257999
2.41	0.847422	1.53044	2.11649	0.33142	-0.0250579
2.415	0.850009	1.53472	2.11483	0.333363	-0.024333
2.42	0.85259	1.539	2.11317	0.335284	-0.0236253
2.425	0.855164	1.54329	2.11149	0.337181	-0.0229346
2.43	0.85773	1.54758	2.1098	0.339056	-0.0222608
2.435	0.86029	1.55188	2.10811	0.340909	-0.0216037
2.44	0.862841	1.55618	2.1064	0.34274	-0.0209634
2.445	0.865386	1.56048	2.10469	0.34455	-0.0203396
2.45	0.867923	1.56479	2.10297	0.346339	-0.0197323
2.455	0.870452	1.5691	2.10124	0.348108	-0.0191413
2.46	0.872974	1.57342	2.0995	0.349856	-0.0185666
2.465	0.875489	1.57774	2.09775	0.351584	-0.018008
2.47	0.877996	1.58207	2.09599	0.353293	-0.0174655
2.475	0.880495	1.5864	2.09422	0.354982	-0.0169389
2.48	0.882987	1.59073	2.09245	0.356652	-0.0164281
2.485	0.88547	1.59507	2.09066	0.358304	-0.015933
2.49	0.887947	1.59942	2.08887	0.359937	-0.0154536
2.495	0.890415	1.60377	2.08707	0.361553	-0.0149898
2.5	0.892875	1.60812	2.08526	0.363151	-0.0145413
2.505	0.895328	1.61248	2.08345	0.364731	-0.0141082
2.51	0.897772	1.61684	2.08163	0.366294	-0.0136904
2.515	0.900209	1.6212	2.07979	0.367841	-0.0132877
2.52	0.902637	1.62557	2.07795	0.36937	-0.0129
2.525	0.905057	1.62995	2.07611	0.370884	-0.0125273
2.53	0.90747	1.63433	2.07425	0.372381	-0.0121695
2.535	0.909874	1.63871	2.07239	0.373863	-0.0118265
2.54	0.91227	1.6431	2.07052	0.375329	-0.0114981
2.545	0.914657	1.64749	2.06865	0.376781	-0.0111843
2.55	0.917037	1.65189	2.06676	0.378217	-0.0108851
2.555	0.919408	1.65629	2.06487	0.379638	-0.0106003
2.56	0.921771	1.6607	2.06297	0.381045	-0.0103298
2.565	0.924125	1.66511	2.06107	0.382438	-0.0100736
2.57	0.926471	1.66953	2.05915	0.383816	-0.00983147
2.575	0.928808	1.67395	2.05724	0.385181	-0.00960347
2.58	0.931137	1.67837	2.05531	0.386533	-0.00938946
2.585	0.933458	1.6828	2.05338	0.387871	-0.00918935
2.59	0.935769	1.68723	2.05144	0.389195	-0.00900307
2.595	0.938072	1.69167	2.04949	0.390507	-0.00883053
2.6	0.940367	1.69611	2.04754	0.391807	-0.00867165
2.605	0.942653	1.70056	2.04558	0.393094	-0.00852635
2.61	0.94493	1.70501	2.04361	0.394368	-0.00839454
2.615	0.947198	1.70947	2.04164	0.395631	-0.00827616
2.62	0.949457	1.71393	2.03966	0.396882	-0.00817111
2.625	0.951708	1.71839	2.03768	0.398121	-0.00807932
2.63	0.953949	1.72286	2.03569	0.399348	-0.00800071
2.635	0.956182	1.72734	2.03369	0.400565	-0.0079352
2.64	0.958406	1.73182	2.03169	0.40177	-0.00788271
2.645	0.96062	1.7363	2.02968	0.402964	-0.00784318
2.65	0.962826	1.74079	2.02767	0.404148	-0.00781651
2.655	0.965023	1.74528	2.02565	0.405321	-0.00780264
2.66	0.96721	1.74977	2.02362	0.406484	-0.0078015
2.665	0.969389	1.75427	2.02159	0.407636	-0.00781299
2.67	0.971558	1.75878	2.01955	0.408779	-0.00783706
2.675	0.973718	1.76329	2.0175	0.409911	-0.00787362
2.68	0.975869	1.7678	2.01546	0.411034	-0.0079226
2.685	0.97801	1.77232	2.0134	0.412147	-0.00798394
2.69	0.980142	1.77684	2.01134	0.413251	-0.00805755
2.695	0.982265	1.78137	2.00927	0.414346	-0.00814336
2.7	0.984379	1.7859	2.0072	0.415432	-0.0082413
2.705	0.986483	1.79044	2.00512	0.416508	-0.00835131
2.71	0.988577	1.79498	2.00304	0.417576	-0.0084733
2.715	0.990662	1.79952	2.00095	0.418636	-0.00860721
2.72	0.992738	1.80407	1.99886	0.419686	-0.00875297
2.725	0.994804	1.80862	1.99676	0.420729	-0.00891051
2.73	0.99686	1.81318	1.99466	0.421763	-0.00907975
2.735	0.998907	1.81774	1.99255	0.422789	-0.00926063
2.74	1.00094	1.82231	1.99044	0.423808	-0.00945307
2.745	1.00297	1.82688	1.98832	0.424818	-0.00965702
2.75	1.00499	1.83145	1.98619	0.425821	-0.00987239
2.755	1.007	1.83603	1.98406	0.426816	-0.0100991
2.76	1.009	1.84062	1.98193	0.427804	-0.0103372
2.765	1.01098	1.8452	1.97979	0.428785	-0.0105864
2.77	1.01296	1.8498	1.97765	0.429758	-0.0108468
2.775	1.01493	1.85439	1.9755	0.430724	-0.0111183
2.78	1.01689	1.85899	1.97334	0.431684	-0.0114009
2.785	1.01884	1.8636	1.97119	0.432636	-0.0116943
2.79	1.02078	1.86821	1.96902	0.433582	-0.0119987
2.795	1.02271	1.87282	1.96685	0.434522	-0.0123139
2.8	1.02463	1.87744	1.96468	0.435454	-0.0126399
2.805	1.02653	1.88206	1.9625	0.436381	-0.0129765
2.81	1.02843	1.88668	1.96032	0.437301	-0.0133238
2.815	1.03032	1.89131	1.95814	0.438215	-0.0136816
2.82	1.0322	1.89595	1.95595	0.439124	-0.0140499
2.825	1.03407	1.90058	1.95375	0.440026	-0.0144287
2.83	1.03593	1.90523	1.95155	0.440922	-0.0148178
2.835	1.03777	1.90987	1.94934	0.441813	-0.0152172
2.84	1.03961	1.91452	1.94714	0.442698	-0.0156269
2.845	1.04144	1.91918	1.94492	0.443577	-0.0160467
2.85	1.04326	1.92383	1.9427	0.444451	-0.0164766
2.855	1.04506	1.9285	1.94048	0.44532	-0.0169166
2.86	1.04686	1.93316	1.93826	0.446184	-0.0173665
2.865	1.04865	1.93783	1.93602	0.447042	-0.0178264
2.87	1.05042	1.94251	1.93379	0.447895	-0.0182961
2.875	1.05219	1.94718	1.93155	0.448744	-0.0187756
2.88	1.05394	1.95187	1.92931	0.449587	-0.0192648
2.885	1.05568	1.95655	1.92706	0.450426	-0.0197637
2.89	1.05742	1.96124	1.92481	0.45126	-0.0202722
2.895	1.05914	1.96594	1.92255	0.452089	-0.0207902
2.9	1.06085	1.97063	1.92029	0.452914	-0.0213177
2.905	1.06255	1.97534	1.91802	0.453734	-0.0218546
2.91	1.06424	1.98004	1.91576	0.45455	-0.0224008
2.915	1.06592	1.98475	1.91348	0.455362	-0.0229563
2.92	1.06759	1.98946	1.91121	0.456169	-0.0235211
2.925	1.06925	1.99418	1.90893	0.456972	-0.0240949
2.93	1.0709	1.9989	1.90664	0.457772	-0.0246779
2.935	1.07254	2.00363	1.90435	0.458567	-0.0252699
2.94	1.07416	2.00835	1.90206	0.459358	-0.0258709
2.945	1.07578	2.01309	1.89976	0.460146	-0.0264808
2.95	1.07738	2.01782	1.89746	0.46093	-0.0270996
2.955	1.07898	2.02256	1.89516	0.46171	-0.0277271
2.96	1.08056	2.0273	1.89285	0.462486	-0.0283633
2.965	1.08213	2.03205	1.89054	0.463259	-0.0290082
2.97	1.08369	2.0368	1.88822	0.464028	-0.0296617
2.975	1.08524	2.04155	1.8859	0.464794	-0.0303237
2.98	1.08678	2.04631	1.88358	0.465557	-0.0309942
2.985	1.08831	2.05107	1.88125	0.466316	-0.0316731
2.99	1.08982	2.05584	1.87892	0.467072	-0.0323604
2.995	1.09133	2.06061	1.87658	0.467825	-0.0330559
3	1.09282	2.06538	1.87424	0.468575	-0.0337597
3.005	1.09431	2.07015	1.8719	0.469322	-0.0344716
3.01	1.09578	2.07493	1.86955	0.470066	-0.0351917
3.015	1.09724	2.07971	1.8672	0.470807	-0.0359197
3.02	1.09869	2.0845	1.86485	0.471545	-0.0366558
3.025	1.10012	2.08929	1.86249	0.47228	-0.0373998
3.03	1.10155	2.09408	1.86013	0.473013	-0.0381516
3.035	1.10297	2.09887	1.85776	0.473742	-0.0389112
3.04	1.10437	2.10367	1.8554	0.47447	-0.0396785
3.045	1.10576	2.10848	1.85302	0.475194	-0.0404536
3.05	1.10714	2.11328	1.85065	0.475916	-0.0412362
3.055	1.10851	2.11809	1.84827	0.476636	-0.0420264
3.06	1.10987	2.1229	1.84588	0.477353	-0.042824
3.065	1.11122	2.12772	1.8435	0.478068	-0.0436291
3.07	1.11255	2.13254	1.84111	0.478781	-0.0444415
3.075	1.11388	2.13736	1.83871	0.479491	-0.0452613
3.08	1.11519	2.14218	1.83632	0.4802	-0.0460883
3.085	1.11649	2.14701	1.83391	0.480906	-0.0469224
3.09	1.11778	2.15184	1.83151	0.48161	-0.0477637
3.095	1.11906	2.15667	1.8291	0.482312	-0.048612
3.1	1.12032	2.16151	1.82669	0.483011	-0.0494673
3.105	1.12157	2.16635	1.82428	0.483709	-0.0503296
3.11	1.12282	2.1712	1.82186	0.484405	-0.0511987
3.115	1.12405	2.17604	1.81943	0.4851	-0.0520746
3.12	1.12527	2.18089	1.81701	0.485792	-0.0529572
3.125	1.12647	2.18574	1.81458	0.486483	-0.0538466
3.13	1.12767	2.1906	1.81215	0.487171	-0.0547425
3.135	1.12885	2.19546	1.80971	0.487859	-0.0556451
3.14	1.13002	2.20032	1.80727	0.488544	-0.0565541
3.145	1.13118	2.20518	1.80483	0.489228	-0.0574695
3.15	1.13233	2.21005	1.80238	0.48991	-0.0583913
3.155	1.13347	2.21492	1.79993	0.490591	-0.0593195
3.16	1.13459	2.21979	1.79748	0.491271	-0.0602538
3.165	1.1357	2.22466	1.79503	0.491949	-0.0611944
3.17	1.1368	2.22954	1.79257	0.492625	-0.0621411
3.175	1.13789	2.23442	1.7901	0.4933	-0.0630938
3.18	1.13896	2.2393	1.78764	0.493974	-0.0640526
3.185	1.14003	2.24419	1.78517	0.494647	-0.0650172
3.19	1.14108	2.24908	1.78269	0.495318	-0.0659878
3.195	1.14212	2.25397	1.78022	0.495989	-0.0669642
3.2	1.14315	2.25886	1.77774	0.496658	-0.0679463
3.205	1.14416	2.26376	1.77525	0.497325	-0.068934
3.21	1.14516	2.26866	1.77277	0.497992	-0.0699275
3.215	1.14616	2.27356	1.77028	0.498658	-0.0709264
3.22	1.14713	2.27846	1.76778	0.499323	-0.0719309
3.225	1.1481	2.28337	1.76529	0.499987	-0.0729408
3.23	1.14905	2.28827	1.76279	0.500649	-0.0739561
3.235	1.15	2.29318	1.76028	0.501311	-0.0749767
3.24	1.15093	2.2981	1.75778	0.501972	-0.0760025
3.245	1.15184	2.30301	1.75527	0.502632	-0.0770335
3.25	1.15275	2.30793	1.75275	0.503292	-0.0780696
3.255	1.15364	2.31285	1.75024	0.50395	-0.0791108
3.26	1.15452	2.31777	1.74772	0.504608	-0.080157
3.265	1.15539	2.3227	1.74519	0.505265	-0.0812081
3.27	1.15624	2.32762	1.74267	0.505922	-0.0822641
3.275	1.15709	2.33255	1.74014	0.506577	-0.0833248
3.28	1.15792	2.33748	1.73761	0.507233	-0.0843903
3.285	1.15873	2.34241	1.73507	0.507887	-0.0854605
3.29	1.15954	2.34735	1.73253	0.508541	-0.0865353
3.295	1.16033	2.35229	1.72999	0.509194	-0.0876146
3.3	1.16111	2.35722	1.72744	0.509847	-0.0886985
3.305	1.16188	2.36217	1.72489	0.5105	-0.0897867
3.31	1.16263	2.36711	1.72234	0.511152	-0.0908793
3.315	1.16338	2.37205	1.71978	0.511803	-0.0919762
3.32	1.1641	2.377	1.71722	0.512454	-0.0930773
3.325	1.16482	2.38195	1.71466	0.513105	-0.0941826
3.33	1.16553	2.3869	1.7121	0.513756	-0.0952919
3.335	1.16622	2.39185	1.70953	0.514406	-0.0964053
3.34	1.1669	2.3968	1.70696	0.515056	-0.0975227
3.345	1.16756	2.40176	1.70438	0.515705	-0.098644
3.35	1.16822	2.40672	1.7018	0.516355	-0.0997691
3.355	1.16886	2.41167	1.69922	0.517004	-0.100898
3.36	1.16948	2.41663	1.69664	0.517653	-0.102031
3.365	1.1701	2.4216	1.69405	0.518301	-0.103167
3.37	1.1707	2.42656	1.69146	0.51895	-0.104307
3.375	1.17129	2.43153	1.68886	0.519599	-0.10545
3.38	1.17186	2.43649	1.68626	0.520247	-0.106597
3.385	1.17243	2.44146	1.68366	0.520895	-0.107747
3.39	1.17298	2.44643	1.68106	0.521544	-0.1089
3.395	1.17352	2.4514	1.67845	0.522192	-0.110057
3.4	1.17404	2.45637	1.67584	0.52284	-0.111217
3.405	1.17455	2.46135	1.67322	0.523489	-0.11238
3.41	1.17505	2.46632	1.67061	0.524137	-0.113546
3.415	1.17553	2.4713	1.66799	0.524786	-0.114715
3.42	1.17601	2.47628	1.66536	0.525434	-0.115887
3.425	1.17647	2.48126	1.66274	0.526083	-0.117062
3.43	1.17691	2.48624	1.6601	0.526732	-0.11824
3.435	1.17734	2.49122	1.65747	0.527381	-0.11942
3.44	1.17776	2.4962	1.65483	0.52803	-0.120604
3.445	1.17817	2.50118	1.65219	0.528679	-0.121789
3.45	1.17856	2.50617	1.64955	0.529329	-0.122977
3.455	1.17894	2.51115	1.6469	0.529978	-0.124168
3.46	1.17931	2.51614	1.64425	0.530629	-0.125361
3.465	1.17966	2.52113	1.6416	0.531279	-0.126557
3.47	1.18	2.52612	1.63894	0.53193	-0.127754
3.475	1.18033	2.5311	1.63628	0.532581	-0.128954
3.48	1.18065	2.53609	1.63362	0.533232	-0.130156
3.485	1.18095	2.54109	1.63096	0.533884	-0.13136
3.49	1.18123	2.54608	1.62829	0.534536	-0.132566
3.495	1.18151	2.55107	1.62561	0.535188	-0.133774
3.5	1.18177	2.55606	1.62294	0.535841	-0.134984
3.505	1.18202	2.56106	1.62026	0.536494	-0.136196
3.51	1.18225	2.56605	1.61758	0.537148	-0.137409
3.515	1.18247	2.57105	1.61489	0.537802	-0.138624
3.52	1.18268	2.57604	1.6122	0.538457	-0.139841
3.525	1.18287	2.58104	1.60951	0.539112	-0.141059
3.53	1.18305	2.58604	1.60681	0.539768	-0.142279
3.535	1.18322	2.59103	1.60411	0.540424	-0.1435
3.54	1.18337	2.59603	1.60141	0.541081	-0.144722
3.545	1.18351	2.60103	1.59871	0.541739	-0.145946
3.55	1.18364	2.60603	1.596	0.542397	-0.147171
3.555	1.18375	2.61103	1.59329	0.543055	-0.148397
3.56	1.18385	2.61602	1.59057	0.543714	-0.149624
3.565	1.18393	2.62102	1.58785	0.544374	-0.150852
3.57	1.184	2.62602	1.58513	0.545035	-0.152081
3.575	1.18406	2.63102	1.58241	0.545696	-0.15331
3.58	1.18411	2.63602	1.57968	0.546358	-0.154541
3.585	1.18414	2.64102	1.57695	0.54702	-0.155772
3.59	1.18415	2.64602	1.57421	0.547684	-0.157004
3.595	1.18416	2.65102	1.57147	0.548348	-0.158237
3.6	1.18415	2.65602	1.56873	0.549013	-0.15947
3.605	1.18412	2.66102	1.56599	0.549678	-0.160703
3.61	1.18409	2.66602	1.56324	0.550344	-0.161937
3.615	1.18403	2.67102	1.56048	0.551012	-0.163171
3.62	1.18397	2.67602	1.55773	0.551679	-0.164406
3.625	1.18389	2.68102	1.55497	0.552348	-0.16564
3.63	1.1838	2.68602	1.55221	0.553018	-0.166875
3.635	1.18369	2.69102	1.54944	0.553688	-0.16811
3.64	1.18357	2.69602	1.54668	0.55436	-0.169344
3.645	1.18343	2.70102	1.5439	0.555032	-0.170579
3.65	1.18329	2.70601	1.54113	0.555705	-0.171813
3.655	1.18312	2.71101	1.53835	0.556379	-0.173047
3.66	1.18295	2.71601	1.53557	0.557054	-0.174281
3.665	1.18276	2.721	1.53278	0.557729	-0.175515
3.67	1.18255	2.726	1.52999	0.558406	-0.176748
3.675	1.18234	2.731	1.5272	0.559084	-0.17798
3.68	1.1821	2.73599	1.52441	0.559763	-0.179212
3.685	1.18186	2.74098	1.52161	0.560442	-0.180444
3.69	1.1816	2.74598	1.51881	0.561123	-0.181674
3.695	1.18132	2.75097	1.516	0.561805	-0.182904
3.7	1.18104	2.75596	1.51319	0.562487	-0.184133
3.705	1.18073	2.76095	1.51038	0.563171	-0.185361
3.71	1.18042	2.76594	1.50756	0.563856	-0.186588
3.715	1.18009	2.77093	1.50474	0.564542	-0.187814
3.72	1.17974	2.77592	1.50192	0.565229	-0.189039
3.725	1.17939	2.78091	1.4991	0.565917	-0.190262
3.73	1.17901	2.78589	1.49627	0.566606	-0.191485
3.735	1.17863	2.79088	1.49343	0.567296	-0.192705
3.74	1.17823	2.79586	1.4906	0.567987	-0.193925
3.745	1.17781	2.80084	1.48776	0.56868	-0.195143
3.75	1.17738	2.80583	1.48491	0.569373	-0.19636
3.755	1.17694	2.81081	1.48207	0.570068	-0.197575
3.76	1.17648	2.81579	1.47922	0.570764	-0.198788
3.765	1.17601	2.82076	1.47636	0.571461	-0.199999
3.77	1.17553	2.82574	1.4735	0.572159	-0.201209
3.775	1.17503	2.83071	1.47064	0.572859	-0.202417
3.78	1.17451	2.83569	1.46778	0.57356	-0.203622
3.785	1.17398	2.84066	1.46491	0.574261	-0.204826
3.79	1.17344	2.84563	1.46204	0.574965	-0.206028
3.795	1.17288	2.8506	1.45917	0.575669	-0.207227
3.8	1.17231	2.85557	1.45629	0.576375	-0.208424
3.805	1.17173	2.86053	1.45341	0.577082	-0.209619
3.81	1.17113	2.8655	1.45052	0.57779	-0.210812
3.815	1.17051	2.87046	1.44763	0.578499	-0.212002
3.82	1.16988	2.87542	1.44474	0.57921	-0.213189
3.825	1.16924	2.88038	1.44184	0.579922	-0.214374
3.83	1.16858	2.88533	1.43894	0.580636	-0.215556
3.835	1.16791	2.89029	1.43604	0.58135	-0.216736
3.84	1.16723	2.89524	1.43313	0.582066	-0.217913
3.845	1.16653	2.90019	1.43022	0.582784	-0.219086
3.85	1.16581	2.90514	1.42731	0.583503	-0.220257
3.855	1.16508	2.91009	1.42439	0.584223	-0.221425
3.86	1.16434	2.91503	1.42147	0.584944	-0.22259
3.865	1.16358	2.91997	1.41855	0.585667	-0.223752
3.87	1.16281	2.92491	1.41562	0.586391	-0.22491
3.875	1.16202	2.92985	1.41269	0.587117	-0.226065
3.88	1.16122	2.93479	1.40975	0.587844	-0.227217
3.885	1.1604	2.93972	1.40681	0.588573	-0.228366
3.89	1.15957	2.94465	1.40387	0.589303	-0.22951
3.895	1.15872	2.94958	1.40092	0.590034	-0.230652
3.9	1.15786	2.9545	1.39797	0.590767	-0.23179
3.905	1.15699	2.95943	1.39502	0.591502	-0.232924
3.91	1.1561	2.96435	1.39206	0.592238	-0.234054
3.915	1.1552	2.96926	1.3891	0.592975	-0.23518
3.92	1.15428	2.97418	1.38613	0.593714	-0.236303
3.925	1.15335	2.97909	1.38316	0.594454	-0.237421
3.93	1.1524	2.984	1.38019	0.595196	-0.238536
3.935	1.15144	2.98891	1.37722	0.595939	-0.239646
3.94	1.15046	2.99381	1.37424	0.596684	-0.240752
3.945	1.14947	2.99871	1.37125	0.597431	-0.241854
3.95	1.14846	3.00361	1.36827	0.598179	-0.242952
3.955	1.14744	3.0085	1.36528	0.598929	-0.244045
3.96	1.14641	3.0134	1.36228	0.59968	-0.245133
3.965	1.14536	3.01828	1.35928	0.600432	-0.246218
3.97	1.1443	3.02317	1.35628	0.601187	-0.247297
3.975	1.14322	3.02805	1.35327	0.601943	-0.248372
3.98	1.14212	3.03293	1.35026	0.6027	-0.249442
3.985	1.14101	3.03781	1.34725	0.603459	-0.250508
3.99	1.13989	3.04268	1.34423	0.60422	-0.251568
3.995	1.13875	3.04755	1.34121	0.604983	-0.252624
4	1.1376	3.05241	1.33819	0.605747	-0.253675
4.005	1.13643	3.05727	1.33516	0.606512	-0.25472
4.01	1.13525	3.06213	1.33213	0.60728	-0.255761
4.015	1.13405	3.06699	1.32909	0.608049	-0.256796
4.02	1.13284	3.07184	1.32605	0.60882	-0.257826
4.025	1.13162	3.07669	1.32301	0.609592	-0.25885
4.03	1.13038	3.08153	1.31996	0.610366	-0.259869
4.035	1.12912	3.08637	1.31691	0.611142	-0.260883
4.04	1.12785	3.09121	1.31385	0.61192	-0.261891
4.045	1.12656	3.09604	1.31079	0.612699	-0.262894
4.05	1.12526	3.10087	1.30773	0.61348	-0.26389
4.055	1.12395	3.10569	1.30466	0.614263	-0.264882
4.06	1.12262	3.11051	1.30159	0.615047	-0.265867
4.065	1.12127	3.11532	1.29851	0.615834	-0.266846
4.07	1.11991	3.12014	1.29543	0.616622	-0.26782
4.075	1.11854	3.12494	1.29235	0.617411	-0.268787
4.08	1.11715	3.12975	1.28926	0.618203	-0.269748
4.085	1.11575	3.13455	1.28617	0.618996	-0.270704
4.09	1.11433	3.13934	1.28308	0.619792	-0.271653
4.095	1.11289	3.14413	1.27998	0.620589	-0.272595
4.1	1.11145	3.14892	1.27688	0.621388	-0.273532
4.105	1.10998	3.1537	1.27377	0.622188	-0.274462
4.11	1.1085	3.15847	1.27066	0.622991	-0.275385
4.115	1.10701	3.16325	1.26754	0.623795	-0.276302
4.12	1.1055	3.16801	1.26442	0.624601	-0.277212
4.125	1.10398	3.17277	1.2613	0.62541	-0.278116
4.13	1.10244	3.17753	1.25817	0.62622	-0.279013
4.135	1.10089	3.18229	1.25504	0.627031	-0.279903
4.14	1.09932	3.18703	1.25191	0.627845	-0.280786
4.145	1.09774	3.19178	1.24877	0.628661	-0.281662
4.15	1.09614	3.19651	1.24563	0.629479	-0.282532
4.155	1.09453	3.20125	1.24248	0.630298	-0.283394
4.16	1.0929	3.20598	1.23933	0.63112	-0.284249
4.165	1.09126	3.2107	1.23617	0.631943	-0.285097
4.17	1.0896	3.21542	1.23301	0.632768	-0.285938
4.175	1.08793	3.22013	1.22985	0.633596	-0.286771
4.18	1.08625	3.22483	1.22668	0.634425	-0.287597
4.185	1.08454	3.22954	1.22351	0.635256	-0.288415
4.19	1.08283	3.23423	1.22033	0.63609	-0.289226
4.195	1.0811	3.23892	1.21715	0.636925	-0.29003
4.2	1.07935	3.24361	1.21397	0.637762	-0.290826
4.205	1.07759	3.24829	1.21078	0.638601	-0.291614
4.21	1.07581	3.25296	1.20758	0.639443	-0.292394
4.215	1.07402	3.25763	1.20439	0.640286	-0.293167
4.22	1.07221	3.26229	1.20119	0.641132	-0.293931
4.225	1.07039	3.26695	1.19798	0.641979	-0.294688
4.23	1.06856	3.2716	1.19477	0.642829	-0.295437
4.235	1.0667	3.27624	1.19156	0.64368	-0.296177
4.24	1.06484	3.28088	1.18834	0.644534	-0.29691
4.245	1.06296	3.28551	1.18511	0.64539	-0.297634
4.25	1.06106	3.29014	1.18189	0.646248	-0.29835
4.255	1.05915	3.29476	1.17866	0.647108	-0.299058
4.26	1.05723	3.29938	1.17542	0.64797	-0.299757
4.265	1.05528	3.30398	1.17218	0.648834	-0.300448
4.27	1.05333	3.30859	1.16894	0.649701	-0.30113
4.275	1.05136	3.31318	1.16569	0.650569	-0.301804
4.28	1.04937	3.31777	1.16244	0.65144	-0.30247
4.285	1.04737	3.32235	1.15918	0.652313	-0.303126
4.29	1.04536	3.32693	1.15592	0.653188	-0.303774
4.295	1.04333	3.3315	1.15265	0.654066	-0.304413
4.3	1.04128	3.33606	1.14938	0.654945	-0.305043
4.305	1.03922	3.34062	1.14611	0.655827	-0.305665
4.31	1.03715	3.34516	1.14283	0.656711	-0.306277
4.315	1.03506	3.34971	1.13954	0.657597	-0.30688
4.32	1.03295	3.35424	1.13625	0.658486	-0.307475
4.325	1.03083	3.35877	1.13296	0.659376	-0.30806
4.33	1.0287	3.36329	1.12967	0.66027	-0.308636
4.335	1.02655	3.36781	1.12636	0.661165	-0.309202
4.34	1.02438	3.37231	1.12306	0.662063	-0.30976
4.345	1.0222	3.37681	1.11975	0.662963	-0.310308
4.35	1.02001	3.38131	1.11643	0.663865	-0.310846
4.355	1.0178	3.38579	1.11311	0.66477	-0.311375
4.36	1.01557	3.39027	1.10979	0.665676	-0.311895
4.365	1.01334	3.39474	1.10646	0.666586	-0.312405
4.37	1.01108	3.3992	1.10313	0.667498	-0.312905
4.375	1.00881	3.40366	1.09979	0.668412	-0.313396
4.38	1.00653	3.40811	1.09645	0.669328	-0.313877
4.385	1.00423	3.41255	1.0931	0.670247	-0.314348
4.39	1.00192	3.41698	1.08975	0.671168	-0.314809
4.395	0.999588	3.4214	1.0864	0.672092	-0.31526
4.4	0.997245	3.42582	1.08304	0.673018	-0.315702
4.405	0.994886	3.43023	1.07967	0.673947	-0.316133
4.41	0.992513	3.43463	1.0763	0.674878	-0.316554
4.415	0.990126	3.43902	1.07293	0.675812	-0.316966
4.42	0.987723	3.44341	1.06955	0.676748	-0.317367
4.425	0.985306	3.44779	1.06616	0.677687	-0.317757
4.43	0.982873	3.45215	1.06277	0.678628	-0.318138
4.435	0.980426	3.45651	1.05938	0.679572	-0.318508
4.44	0.977965	3.46087	1.05598	0.680518	-0.318868
4.445	0.975488	3.46521	1.05258	0.681467	-0.319217
4.45	0.972996	3.46955	1.04917	0.682418	-0.319556
4.455	0.97049	3.47387	1.04576	0.683372	-0.319884
4.46	0.967969	3.47819	1.04234	0.684329	-0.320202
4.465	0.965433	3.4825	1.03892	0.685288	-0.320509
4.47	0.962883	3.4868	1.0355	0.68625	-0.320806
4.475	0.960318	3.49109	1.03207	0.687215	-0.321092
4.48	0.957738	3.49537	1.02863	0.688182	-0.321367
4.485	0.955143	3.49965	1.02519	0.689152	-0.321631
4.49	0.952534	3.50391	1.02174	0.690125	-0.321884
4.495	0.94991	3.50817	1.01829	0.6911	-0.322127
4.5	0.947271	3.51242	1.01484	0.692078	-0.322358
4.505	0.944617	3.51665	1.01138	0.693059	-0.322579
4.51	0.941949	3.52088	1.00791	0.694043	-0.322788
4.515	0.939266	3.5251	1.00444	0.695029	-0.322986
4.52	0.936569	3.52931	1.00097	0.696019	-0.323174
4.525	0.933857	3.53351	0.997485	0.697011	-0.32335
4.53	0.93113	3.5377	0.994	0.698006	-0.323515
4.535	0.928389	3.54189	0.99051	0.699004	-0.323668
4.54	0.925633	3.54606	0.987015	0.700004	-0.32381
4.545	0.922862	3.55022	0.983515	0.701008	-0.323941
4.55	0.920077	3.55437	0.98001	0.702014	-0.324061
4.555	0.917278	3.55851	0.9765	0.703024	-0.324169
4.56	0.914464	3.56265	0.972985	0.704036	-0.324265
4.565	0.911635	3.56677	0.969465	0.705051	-0.32435
4.57	0.908792	3.57088	0.96594	0.70607	-0.324424
4.575	0.905934	3.57499	0.962409	0.707091	-0.324486
4.58	0.903062	3.57908	0.958874	0.708115	-0.324536
4.585	0.900175	3.58316	0.955333	0.709143	-0.324575
4.59	0.897274	3.58723	0.951787	0.710173	-0.324601
4.595	0.894358	3.5913	0.948237	0.711207	-0.324617
4.6	0.891428	3.59535	0.944681	0.712244	-0.32462
4.605	0.888484	3.59939	0.941119	0.713284	-0.324611
4.61	0.885525	3.60342	0.937553	0.714327	-0.324591
4.615	0.882552	3.60744	0.933981	0.715373	-0.324559
4.62	0.879564	3.61145	0.930404	0.716422	-0.324514
4.625	0.876562	3.61545	0.926822	0.717475	-0.324458
4.63	0.873546	3.61943	0.923235	0.718531	-0.32439
4.635	0.870516	3.62341	0.919642	0.71959	-0.32431
4.64	0.867471	3.62738	0.916044	0.720652	-0.324217
4.645	0.864412	3.63133	0.912441	0.721718	-0.324113
4.65	0.861338	3.63528	0.908833	0.722787	-0.323996
4.655	0.858251	3.63921	0.905219	0.72386	-0.323867
4.66	0.855149	3.64313	0.901599	0.724936	-0.323726
4.665	0.852033	3.64704	0.897975	0.726015	-0.323573
4.67	0.848903	3.65094	0.894345	0.727098	-0.323408
4.675	0.845759	3.65483	0.890709	0.728184	-0.32323
4.68	0.8426	3.6587	0.887068	0.729274	-0.323039
4.685	0.839428	3.66257	0.883422	0.730367	-0.322837
4.69	0.836241	3.66642	0.87977	0.731464	-0.322622
4.695	0.83304	3.67026	0.876113	0.732565	-0.322395
4.7	0.829826	3.67409	0.87245	0.733669	-0.322155
4.705	0.826597	3.67791	0.868781	0.734777	-0.321902
4.71	0.823354	3.68172	0.865108	0.735888	-0.321637
4.715	0.820097	3.68551	0.861428	0.737003	-0.32136
4.72	0.816826	3.68929	0.857743	0.738122	-0.32107
4.725	0.813542	3.69306	0.854052	0.739245	-0.320767
4.73	0.810243	3.69682	0.850356	0.740371	-0.320452
4.735	0.806931	3.70056	0.846654	0.741502	-0.320124
4.74	0.803604	3.7043	0.842947	0.742636	-0.319784
4.745	0.800264	3.70802	0.839234	0.743774	-0.319431
4.75	0.79691	3.71173	0.835515	0.744916	-0.319065
4.755	0.793543	3.71542	0.83179	0.746062	-0.318686
4.76	0.790161	3.7191	0.82806	0.747212	-0.318294
4.765	0.786766	3.72278	0.824324	0.748367	-0.31789
4.77	0.783357	3.72643	0.820582	0.749525	-0.317473
4.775	0.779934	3.73008	0.816834	0.750687	-0.317043
4.78	0.776498	3.73371	0.813081	0.751854	-0.3166
4.785	0.773048	3.73733	0.809322	0.753025	-0.316145
4.79	0.769584	3.74093	0.805557	0.7542	-0.315676
4.795	0.766107	3.74453	0.801786	0.755379	-0.315195
4.8	0.762616	3.74811	0.798009	0.756563	-0.3147
4.805	0.759112	3.75167	0.794226	0.757751	-0.314193
4.81	0.755595	3.75523	0.790437	0.758943	-0.313673
4.815	0.752063	3.75877	0.786642	0.76014	-0.31314
4.82	0.748519	3.76229	0.782842	0.761341	-0.312593
4.825	0.744961	3.76581	0.779035	0.762547	-0.312034
4.83	0.74139	3.76931	0.775222	0.763758	-0.311462
4.835	0.737805	3.77279	0.771403	0.764973	-0.310876
4.84	0.734207	3.77626	0.767579	0.766193	-0.310278
4.845	0.730596	3.77972	0.763748	0.767418	-0.309667
4.85	0.726971	3.78317	0.759911	0.768647	-0.309042
4.855	0.723334	3.7866	0.756067	0.769882	-0.308404
4.86	0.719683	3.79001	0.752218	0.771121	-0.307754
4.865	0.716019	3.79342	0.748362	0.772365	-0.30709
4.87	0.712342	3.7968	0.7445	0.773615	-0.306413
4.875	0.708651	3.80018	0.740632	0.774869	-0.305722
4.88	0.704948	3.80354	0.736758	0.776128	-0.305019
4.885	0.701232	3.80688	0.732877	0.777393	-0.304303
4.89	0.697503	3.81021	0.72899	0.778663	-0.303573
4.895	0.69376	3.81353	0.725097	0.779938	-0.30283
4.9	0.690005	3.81683	0.721197	0.781219	-0.302074
4.905	0.686237	3.82012	0.717291	0.782505	-0.301305
4.91	0.682457	3.82339	0.713379	0.783797	-0.300522
4.915	0.678663	3.82665	0.70946	0.785094	-0.299727
4.92	0.674857	3.82989	0.705534	0.786396	-0.298918
4.925	0.671038	3.83312	0.701602	0.787705	-0.298096
4.93	0.667206	3.83633	0.697664	0.789019	-0.297261
4.935	0.663362	3.83952	0.693719	0.790339	-0.296412
4.94	0.659505	3.84271	0.689767	0.791665	-0.29555
4.945	0.655635	3.84587	0.685809	0.792997	-0.294675
4.95	0.651753	3.84902	0.681844	0.794335	-0.293787
4.955	0.647858	3.85216	0.677872	0.79568	-0.292886
4.96	0.643951	3.85528	0.673894	0.79703	-0.291971
4.965	0.640032	3.85838	0.669909	0.798387	-0.291043
4.97	0.6361	3.86147	0.665917	0.79975	-0.290102
4.975	0.632156	3.86455	0.661918	0.80112	-0.289147
4.98	0.6282	3.8676	0.657912	0.802497	-0.28818
4.985	0.624231	3.87064	0.6539	0.80388	-0.287199
4.99	0.620251	3.87367	0.64988	0.80527	-0.286205
4.995	0.616258	3.87668	0.645854	0.806666	-0.285197
5	0.612253	3.87967	0.641821	0.80807	-0.284177
5.005	0.608235	3.88265	0.63778	0.809481	-0.283143
5.01	0.604206	3.88561	0.633733	0.810899	-0.282096
5.015	0.600165	3.88856	0.629678	0.812324	-0.281035
5.02	0.596112	3.89148	0.625617	0.813756	-0.279962
5.025	0.592047	3.89439	0.621548	0.815196	-0.278875
5.03	0.587971	3.89729	0.617472	0.816644	-0.277775
5.035	0.583882	3.90017	0.613389	0.8181	-0.276662
5.04	0.579782	3.90303	0.609298	0.819563	-0.275536
5.045	0.57567	3.90587	0.605201	0.821034	-0.274397
5.05	0.571546	3.9087	0.601095	0.822513	-0.273244
5.055	0.567411	3.91151	0.596983	0.824001	-0.272078
5.06	0.563264	3.91431	0.592863	0.825497	-0.270899
5.065	0.559106	3.91708	0.588735	0.827001	-0.269707
5.07	0.554937	3.91984	0.5846	0.828514	-0.268502
5.075	0.550756	3.92258	0.580458	0.830036	-0.267283
5.08	0.546563	3.92531	0.576308	0.831567	-0.266052
5.085	0.542359	3.92802	0.57215	0.833107	-0.264807
5.09	0.538144	3.93071	0.567984	0.834656	-0.26355
5.095	0.533918	3.93338	0.563811	0.836214	-0.262279
5.1	0.529681	3.93603	0.55963	0.837782	-0.260995
5.105	0.525433	3.93867	0.555441	0.83936	-0.259698
5.11	0.521173	3.94129	0.551244	0.840948	-0.258388
5.115	0.516903	3.94389	0.547039	0.842546	-0.257065
5.12	0.512622	3.94647	0.542827	0.844154	-0.25573
5.125	0.50833	3.94904	0.538606	0.845772	-0.254381
5.13	0.504027	3.95158	0.534377	0.847401	-0.253019
5.135	0.499713	3.95411	0.53014	0.849041	-0.251644
5.14	0.495389	3.95662	0.525895	0.850692	-0.250256
5.145	0.491054	3.95911	0.521641	0.852355	-0.248855
5.15	0.486708	3.96158	0.51738	0.854028	-0.247441
5.155	0.482352	3.96404	0.513109	0.855714	-0.246015
5.16	0.477985	3.96648	0.508831	0.857411	-0.244575
5.165	0.473608	3.96889	0.504544	0.859121	-0.243123
5.17	0.469221	3.97129	0.500248	0.860843	-0.241657
5.175	0.464823	3.97367	0.495944	0.862578	-0.240179
5.18	0.460416	3.97603	0.491631	0.864326	-0.238688
5.185	0.455998	3.97837	0.487309	0.866087	-0.237185
5.19	0.45157	3.98069	0.482979	0.867862	-0.235668
5.195	0.447132	3.983	0.47864	0.86965	-0.234139
5.2	0.442683	3.98528	0.474291	0.871453	-0.232597
5.205	0.438225	3.98754	0.469934	0.87327	-0.231042
5.21	0.433758	3.98979	0.465568	0.875101	-0.229474
5.215	0.42928	3.99201	0.461192	0.876948	-0.227894
5.22	0.424793	3.99422	0.456808	0.878811	-0.226301
5.225	0.420296	3.9964	0.452414	0.880689	-0.224696
5.23	0.415789	3.99857	0.44801	0.882583	-0.223078
5.235	0.411273	4.00072	0.443597	0.884494	-0.221447
5.24	0.406748	4.00284	0.439175	0.886422	-0.219804
5.245	0.402213	4.00495	0.434743	0.888367	-0.218148
5.25	0.397668	4.00703	0.430301	0.89033	-0.216479
5.255	0.393115	4.0091	0.425849	0.892311	-0.214798
5.26	0.388552	4.01114	0.421388	0.894311	-0.213104
5.265	0.383981	4.01317	0.416916	0.896331	-0.211398
5.27	0.3794	4.01517	0.412434	0.89837	-0.209679
5.275	0.37481	4.01716	0.407942	0.900429	-0.207948
5.28	0.370212	4.01912	0.40344	0.902509	-0.206205
5.285	0.365604	4.02106	0.398928	0.90461	-0.204449
5.29	0.360988	4.02298	0.394405	0.906734	-0.20268
5.295	0.356363	4.02488	0.389871	0.908879	-0.200899
5.3	0.35173	4.02676	0.385327	0.911049	-0.199106
5.305	0.347088	4.02862	0.380771	0.913242	-0.1973
5.31	0.342438	4.03046	0.376205	0.915459	-0.195482
5.315	0.337779	4.03227	0.371628	0.917702	-0.193652
5.32	0.333112	4.03407	0.367039	0.919971	-0.191809
5.325	0.328437	4.03584	0.36244	0.922267	-0.189954
5.33	0.323754	4.03759	0.357828	0.92459	-0.188087
5.335	0.319062	4.03932	0.353205	0.926942	-0.186207
5.34	0.314363	4.04103	0.348571	0.929324	-0.184315
5.345	0.309656	4.04272	0.343924	0.931736	-0.182411
5.35	0.304941	4.04438	0.339265	0.934179	-0.180494
5.355	0.300218	4.04602	0.334594	0.936656	-0.178565
5.36	0.295488	4.04764	0.329911	0.939165	-0.176624
5.365	0.29075	4.04924	0.325215	0.94171	-0.174671
5.37	0.286004	4.05081	0.320507	0.944291	-0.172705
5.375	0.281252	4.05237	0.315785	0.946909	-0.170727
5.38	0.276492	4.0539	0.311051	0.949566	-0.168737
5.385	0.271724	4.0554	0.306303	0.952263	-0.166735
5.39	0.26695	4.05689	0.301542	0.955002	-0.16472
5.395	0.262169	4.05835	0.296767	0.957784	-0.162693
5.4	0.25738	4.05979	0.291978	0.960612	-0.160653
5.405	0.252585	4.06121	0.287175	0.963486	-0.158602
5.41	0.247783	4.0626	0.282357	0.96641	-0.156538
5.415	0.242974	4.06397	0.277525	0.969384	-0.154462
5.42	0.238159	4.06532	0.272678	0.972412	-0.152373
5.425	0.233337	4.06664	0.267816	0.975496	-0.150272
5.43	0.228509	4.06794	0.262939	0.978637	-0.148159
5.435	0.223675	4.06922	0.258045	0.981839	-0.146033
5.44	0.218834	4.07047	0.253136	0.985105	-0.143895
5.445	0.213987	4.0717	0.248211	0.988438	-0.141744
5.45	0.209134	4.0729	0.243269	0.991841	-0.139581
5.455	0.204276	4.07408	0.238309	0.995318	-0.137405
5.46	0.199411	4.07524	0.233333	0.998872	-0.135217
5.465	0.194541	4.07637	0.228338	1.00251	-0.133016
5.47	0.189665	4.07748	0.223326	1.00623	-0.130802
5.475	0.184784	4.07856	0.218295	1.01004	-0.128576
5.48	0.179897	4.07962	0.213245	1.01395	-0.126336
5.485	0.175005	4.08065	0.208175	1.01797	-0.124084
5.49	0.170108	4.08166	0.203085	1.02209	-0.12182
5.495	0.165205	4.08264	0.197974	1.02632	-0.119542
5.5	0.160298	4.0836	0.192843	1.03068	-0.117251
5.505	0.155386	4.08453	0.187689	1.03518	-0.114947
5.51	0.150469	4.08544	0.182514	1.03981	-0.11263
5.515	0.145547	4.08632	0.177315	1.04459	-0.1103
5.52	0.140621	4.08718	0.172092	1.04954	-0.107956
5.525	0.135691	4.08801	0.166844	1.05467	-0.105599
5.53	0.130756	4.08881	0.16157	1.05999	-0.103229
5.535	0.125817	4.08959	0.156271	1.06551	-0.100845
5.54	0.120874	4.09034	0.150943	1.07127	-0.0984478
5.545	0.115926	4.09107	0.145587	1.07727	-0.0960372
5.55	0.110975	4.09177	0.1402	1.08355	-0.0936131
5.555	0.106021	4.09244	0.134783	1.09013	-0.0911756
5.56	0.101063	4.09308	0.129332	1.09705	-0.088725
5.565	0.0961009	4.0937	0.123847	1.10435	-0.0862614
5.57	0.0911358	4.09429	0.118325	1.11208	-0.083785
5.575	0.0861676	4.09486	0.112765	1.12029	-0.0812965
5.58	0.0811963	4.09539	0.107163	1.12907	-0.0787964
5.585	0.076222	4.0959	0.101518	1.13849	-0.0762859
5.59	0.071245	4.09638	0.0958252	1.14868	-0.0737662
5.595	0.0662652	4.09682	0.0900818	1.15977	-0.0712394
5.6	0.061283	4.09725	0.084283	1.17196	-0.0687084
5.605	0.0562983	4.09764	0.0784232	1.18551	-0.0661774
5.61	0.0513115	4.098	0.0724956	1.20078	-0.0636525
5.615	0.0463225	4.09833	0.0664917	1.21827	-0.0611431
5.62	0.0413316	4.09863	0.0604003	1.23877	-0.0586636
5.625	0.036339	4.0989	0.0542065	1.26348	-0.0562373
5.63	0.0313447	4.09914	0.0478891	1.29447	-0.0539034
5.635	0.026349	4.09935	0.0414167	1.33548	-0.0517322
5.64	0.021352	4.09952	0.0347393	1.39412	-0.0498613
5.645	0.016354	4.09966	0.0277687	1.48824	-0.0485962
5.65	0.011355	4.09977	0.0203275	1.66991	-0.0487667
5.655	0.00635535	4.09983	0.011978	2.15517	-0.0536869
5.66	0.00135535	4.09983	0.00120212	4.81383	-0.102302
