descriptor s_test R_test Z_test
0	1.39486	9.99999e-006	0.002	-0.402192	-0.00161577
0.005	1.38986	3.00547e-005	0.00401096	-0.404392	-0.00324736
0.01	1.38486	6.02192e-005	0.00603292	-0.406601	-0.00489478
0.015	1.37986	0.000100548	0.00806592	-0.408818	-0.00655809
0.02	1.37486	0.000151098	0.01011	-0.411045	-0.00823732
0.025	1.36986	0.000211922	0.0121652	-0.41328	-0.00993249
0.03	1.36486	0.000283078	0.0142316	-0.415525	-0.0116437
0.035	1.35986	0.000364621	0.0163093	-0.417779	-0.0133709
0.04	1.35486	0.000456606	0.0183982	-0.420042	-0.0151141
0.045	1.34986	0.000559091	0.0204984	-0.422316	-0.0168735
0.05	1.34487	0.000672131	0.0226099	-0.424599	-0.018649
0.055	1.33987	0.000795783	0.0247329	-0.426892	-0.0204407
0.06	1.33487	0.000930104	0.0268674	-0.429196	-0.0222486
0.065	1.32987	0.00107515	0.0290134	-0.431511	-0.0240727
0.07	1.32487	0.00123098	0.0311709	-0.433836	-0.0259132
0.075	1.31988	0.00139765	0.0333401	-0.436172	-0.0277699
0.08	1.31488	0.00157522	0.035521	-0.438519	-0.0296431
0.085	1.30988	0.00176374	0.0377136	-0.440878	-0.0315327
0.09	1.30489	0.00196328	0.039918	-0.443248	-0.0334387
0.095	1.29989	0.00217389	0.0421342	-0.44563	-0.0353612
0.1	1.2949	0.00239562	0.0443624	-0.448024	-0.0373003
0.105	1.2899	0.00262855	0.0466025	-0.450431	-0.039256
0.11	1.28491	0.00287273	0.0488546	-0.45285	-0.0412283
0.115	1.27991	0.00312821	0.0511189	-0.455282	-0.0432172
0.12	1.27492	0.00339506	0.0533953	-0.457726	-0.0452229
0.125	1.26993	0.00367334	0.0556839	-0.460184	-0.0472453
0.13	1.26494	0.0039631	0.0579848	-0.462655	-0.0492845
0.135	1.25995	0.00426441	0.0602981	-0.46514	-0.0513406
0.14	1.25496	0.00457732	0.0626238	-0.467639	-0.0534135
0.145	1.24997	0.0049019	0.064962	-0.470152	-0.0555034
0.15	1.24498	0.00523821	0.0673128	-0.47268	-0.0576103
0.155	1.23999	0.00558631	0.0696762	-0.475222	-0.0597342
0.16	1.235	0.00594626	0.0720523	-0.47778	-0.0618752
0.165	1.23002	0.00631812	0.0744412	-0.480352	-0.0640333
0.17	1.22503	0.00670196	0.0768429	-0.482941	-0.0662086
0.175	1.22005	0.00709783	0.0792576	-0.485545	-0.0684011
0.18	1.21506	0.00750581	0.0816854	-0.488165	-0.0706109
0.185	1.21008	0.00792594	0.0841262	-0.490802	-0.072838
0.19	1.2051	0.0083583	0.0865802	-0.493455	-0.0750825
0.195	1.20012	0.00880295	0.0890475	-0.496126	-0.0773444
0.2	1.19514	0.00925995	0.0915281	-0.498813	-0.0796238
0.205	1.19016	0.00972937	0.0940222	-0.501519	-0.0819207
0.21	1.18519	0.0102113	0.0965298	-0.504242	-0.0842352
0.215	1.18021	0.0107057	0.099051	-0.506984	-0.0865673
0.22	1.17524	0.0112128	0.101586	-0.509744	-0.0889172
0.225	1.17026	0.0117325	0.104135	-0.512523	-0.0912848
0.23	1.16529	0.012265	0.106697	-0.515322	-0.0936702
0.235	1.16032	0.0128103	0.109274	-0.51814	-0.0960734
0.24	1.15535	0.0133684	0.111865	-0.520978	-0.0984946
0.245	1.15039	0.0139395	0.114469	-0.523837	-0.100934
0.25	1.14542	0.0145236	0.117089	-0.526716	-0.103391
0.255	1.14046	0.0151208	0.119722	-0.529617	-0.105866
0.26	1.13549	0.0157311	0.12237	-0.532539	-0.10836
0.265	1.13053	0.0163547	0.125033	-0.535483	-0.110871
0.27	1.12557	0.0169915	0.12771	-0.538449	-0.113401
0.275	1.12062	0.0176417	0.130403	-0.541437	-0.11595
0.28	1.11566	0.0183052	0.13311	-0.544449	-0.118516
0.285	1.11071	0.0189823	0.135832	-0.547484	-0.121102
0.29	1.10575	0.0196729	0.138569	-0.550544	-0.123705
0.295	1.1008	0.0203772	0.141322	-0.553627	-0.126328
0.3	1.09586	0.0210952	0.14409	-0.556735	-0.128969
0.305	1.09091	0.0218269	0.146874	-0.559869	-0.131628
0.31	1.08597	0.0225725	0.149673	-0.563028	-0.134307
0.315	1.08102	0.023332	0.152489	-0.566213	-0.137004
0.32	1.07608	0.0241054	0.15532	-0.569425	-0.139721
0.325	1.07115	0.024893	0.158167	-0.572663	-0.142456
0.33	1.06621	0.0256947	0.16103	-0.57593	-0.14521
0.335	1.06128	0.0265105	0.16391	-0.579224	-0.147984
0.34	1.05635	0.0273407	0.166806	-0.582547	-0.150777
0.345	1.05142	0.0281852	0.169719	-0.585899	-0.153589
0.35	1.04649	0.0290442	0.172648	-0.589281	-0.15642
0.355	1.04157	0.0299177	0.175594	-0.592692	-0.159271
0.36	1.03665	0.0308057	0.178558	-0.596134	-0.162142
0.365	1.03173	0.0317084	0.181539	-0.599608	-0.165032
0.37	1.02682	0.0326259	0.184537	-0.603113	-0.167942
0.375	1.0219	0.0335582	0.187552	-0.60665	-0.170871
0.38	1.01699	0.0345053	0.190585	-0.61022	-0.173821
0.385	1.01209	0.0354675	0.193637	-0.613824	-0.17679
0.39	1.00718	0.0364447	0.196706	-0.617462	-0.179779
0.395	1.00228	0.037437	0.199793	-0.621135	-0.182789
0.4	0.997387	0.0384445	0.202899	-0.624842	-0.185819
0.405	0.992493	0.0394674	0.206023	-0.628586	-0.188868
0.41	0.987602	0.0405056	0.209166	-0.632366	-0.191939
0.415	0.982714	0.0415593	0.212328	-0.636184	-0.195029
0.42	0.977829	0.0426285	0.215508	-0.640039	-0.198141
0.425	0.972949	0.0437134	0.218709	-0.643933	-0.201272
0.43	0.968071	0.0448139	0.221928	-0.647866	-0.204425
0.435	0.963197	0.0459303	0.225168	-0.65184	-0.207598
0.44	0.958327	0.0470625	0.228427	-0.655853	-0.210792
0.445	0.953461	0.0482107	0.231706	-0.659909	-0.214007
0.45	0.948598	0.0493749	0.235006	-0.664006	-0.217244
0.455	0.94374	0.0505553	0.238326	-0.668147	-0.220501
0.46	0.938885	0.0517519	0.241666	-0.672331	-0.22378
0.465	0.934034	0.0529648	0.245028	-0.676559	-0.22708
0.47	0.929188	0.0541941	0.248411	-0.680833	-0.230401
0.475	0.924345	0.05544	0.251815	-0.685153	-0.233744
0.48	0.919507	0.0567023	0.255241	-0.68952	-0.237108
0.485	0.914674	0.0579814	0.258688	-0.693935	-0.240495
0.49	0.909845	0.0592772	0.262158	-0.698398	-0.243903
0.495	0.90502	0.0605899	0.26565	-0.702911	-0.247333
0.5	0.9002	0.0619196	0.269165	-0.707474	-0.250785
0.505	0.895385	0.0632662	0.272702	-0.712088	-0.254259
0.51	0.890574	0.06463	0.276262	-0.716755	-0.257756
0.515	0.885769	0.0660111	0.279846	-0.721475	-0.261274
0.52	0.880968	0.0674094	0.283454	-0.726249	-0.264815
0.525	0.876173	0.0688252	0.287085	-0.731078	-0.268379
0.53	0.871383	0.0702585	0.29074	-0.735963	-0.271966
0.535	0.866598	0.0717095	0.29442	-0.740905	-0.275575
0.54	0.861819	0.0731781	0.298125	-0.745906	-0.279206
0.545	0.857045	0.0746646	0.301854	-0.750965	-0.282861
0.55	0.852276	0.0761689	0.305609	-0.756085	-0.286539
0.555	0.847514	0.0776913	0.309389	-0.761266	-0.29024
0.56	0.842757	0.0792318	0.313196	-0.766509	-0.293964
0.565	0.838006	0.0807905	0.317028	-0.771816	-0.297712
0.57	0.833261	0.0823676	0.320887	-0.777188	-0.301483
0.575	0.828523	0.083963	0.324773	-0.782626	-0.305278
0.58	0.82379	0.085577	0.328686	-0.78813	-0.309096
0.585	0.819065	0.0872097	0.332627	-0.793703	-0.312938
0.59	0.814345	0.0888611	0.336596	-0.799345	-0.316804
0.595	0.809632	0.0905313	0.340592	-0.805058	-0.320694
0.6	0.804926	0.0922205	0.344618	-0.810843	-0.324608
0.605	0.800227	0.0939287	0.348672	-0.816701	-0.328546
0.61	0.795535	0.0956561	0.352755	-0.822633	-0.332508
0.615	0.79085	0.0974029	0.356868	-0.828642	-0.336494
0.62	0.786172	0.099169	0.361012	-0.834727	-0.340506
0.625	0.781502	0.100955	0.365185	-0.840891	-0.344541
0.63	0.776839	0.10276	0.36939	-0.847135	-0.348601
0.635	0.772184	0.104585	0.373625	-0.853461	-0.352686
0.64	0.767537	0.10643	0.377893	-0.859869	-0.356796
0.645	0.762898	0.108294	0.382192	-0.866361	-0.36093
0.65	0.758267	0.110179	0.386524	-0.872939	-0.36509
0.655	0.753644	0.112084	0.390889	-0.879604	-0.369274
0.66	0.749029	0.11401	0.395287	-0.886358	-0.373484
0.665	0.744424	0.115955	0.399718	-0.893203	-0.377719
0.67	0.739826	0.117922	0.404184	-0.900139	-0.381979
0.675	0.735238	0.119909	0.408685	-0.907168	-0.386264
0.68	0.730659	0.121917	0.413221	-0.914293	-0.390575
0.685	0.726089	0.123945	0.417792	-0.921514	-0.394911
0.69	0.721529	0.125995	0.4224	-0.928833	-0.399273
0.695	0.716978	0.128066	0.427044	-0.936252	-0.40366
0.7	0.712436	0.130158	0.431725	-0.943773	-0.408073
0.705	0.707905	0.132272	0.436444	-0.951397	-0.412512
0.71	0.703384	0.134407	0.441201	-0.959126	-0.416976
0.715	0.698873	0.136564	0.445997	-0.966962	-0.421465
0.72	0.694373	0.138742	0.450832	-0.974907	-0.425981
0.725	0.689883	0.140943	0.455706	-0.982962	-0.430522
0.73	0.685404	0.143165	0.460621	-0.991128	-0.435089
0.735	0.680936	0.14541	0.465577	-0.999409	-0.439681
0.74	0.67648	0.147677	0.470574	-1.00781	-0.4443
0.745	0.672035	0.149966	0.475613	-1.01632	-0.448944
0.75	0.667601	0.152278	0.480694	-1.02495	-0.453613
0.755	0.66318	0.154613	0.485819	-1.03371	-0.458308
0.76	0.65877	0.15697	0.490988	-1.04259	-0.463029
0.765	0.654373	0.159351	0.496201	-1.05159	-0.467775
0.77	0.649989	0.161754	0.501459	-1.06072	-0.472547
0.775	0.645617	0.164181	0.506762	-1.06998	-0.477344
0.78	0.641259	0.166631	0.512112	-1.07937	-0.482166
0.785	0.636914	0.169105	0.517509	-1.08889	-0.487013
0.79	0.632582	0.171602	0.522953	-1.09854	-0.491885
0.795	0.628264	0.174123	0.528446	-1.10834	-0.496782
0.8	0.62396	0.176668	0.533988	-1.11827	-0.501703
0.805	0.61967	0.179237	0.539579	-1.12834	-0.506649
0.81	0.615395	0.18183	0.545221	-1.13855	-0.511619
0.815	0.611135	0.184447	0.550913	-1.14891	-0.516614
0.82	0.60689	0.187089	0.556658	-1.15941	-0.521632
0.825	0.60266	0.189755	0.562455	-1.17006	-0.526673
0.83	0.598446	0.192446	0.568305	-1.18085	-0.531738
0.835	0.594248	0.195162	0.57421	-1.1918	-0.536826
0.84	0.590066	0.197903	0.580169	-1.2029	-0.541936
0.845	0.585901	0.200669	0.586183	-1.21416	-0.547069
0.85	0.581752	0.20346	0.592254	-1.22557	-0.552223
0.855	0.577621	0.206277	0.598382	-1.23714	-0.557399
0.86	0.573507	0.209119	0.604567	-1.24886	-0.562596
0.865	0.569411	0.211986	0.610812	-1.26075	-0.567813
0.87	0.565334	0.21488	0.617115	-1.2728	-0.57305
0.875	0.561274	0.217799	0.623479	-1.28501	-0.578307
0.88	0.557234	0.220744	0.629905	-1.29739	-0.583583
0.885	0.553213	0.223716	0.636391	-1.30993	-0.588877
0.89	0.549211	0.226714	0.642941	-1.32263	-0.594188
0.895	0.545229	0.229738	0.649554	-1.33551	-0.599517
0.9	0.541268	0.232788	0.656232	-1.34855	-0.604861
0.905	0.537327	0.235866	0.662975	-1.36176	-0.610221
0.91	0.533407	0.23897	0.669783	-1.37514	-0.615596
0.915	0.529509	0.242101	0.676659	-1.38869	-0.620984
0.92	0.525632	0.245259	0.683602	-1.4024	-0.626385
0.925	0.521778	0.248444	0.690614	-1.41629	-0.631797
0.93	0.517946	0.251656	0.697696	-1.43035	-0.637221
0.935	0.514138	0.254896	0.704848	-1.44457	-0.642654
0.94	0.510353	0.258163	0.712071	-1.45897	-0.648095
0.945	0.506592	0.261457	0.719365	-1.47353	-0.653544
0.95	0.502855	0.264779	0.726733	-1.48826	-0.658999
0.955	0.499143	0.268129	0.734174	-1.50316	-0.664458
0.96	0.495456	0.271507	0.74169	-1.51821	-0.669921
0.965	0.491796	0.274912	0.749281	-1.53343	-0.675385
0.97	0.488161	0.278346	0.756948	-1.54882	-0.68085
0.975	0.484553	0.281808	0.764692	-1.56435	-0.686313
0.98	0.480972	0.285297	0.772514	-1.58005	-0.691773
0.985	0.477419	0.288815	0.780414	-1.59589	-0.697229
0.99	0.473894	0.292361	0.788394	-1.61189	-0.702678
0.995	0.470398	0.295936	0.796453	-1.62803	-0.708118
1	0.466931	0.299538	0.804593	-1.6443	-0.713547
1.005	0.463494	0.303169	0.812815	-1.66072	-0.718964
1.01	0.460087	0.306829	0.821119	-1.67726	-0.724365
1.015	0.45671	0.310517	0.829505	-1.69393	-0.72975
1.02	0.453365	0.314233	0.837975	-1.71072	-0.735114
1.025	0.450053	0.317978	0.846528	-1.72762	-0.740457
1.03	0.446772	0.321752	0.855166	-1.74463	-0.745775
1.035	0.443525	0.325554	0.863889	-1.76173	-0.751066
1.04	0.440311	0.329384	0.872698	-1.77893	-0.756326
1.045	0.437131	0.333243	0.881593	-1.7962	-0.761554
1.05	0.433986	0.33713	0.890574	-1.81355	-0.766745
1.055	0.430877	0.341045	0.899642	-1.83095	-0.771898
1.06	0.427803	0.344989	0.908796	-1.84841	-0.777008
1.065	0.424767	0.348961	0.918038	-1.86591	-0.782073
1.07	0.421767	0.352962	0.927368	-1.88343	-0.787089
1.075	0.418805	0.35699	0.936785	-1.90097	-0.792052
1.08	0.415881	0.361046	0.94629	-1.91852	-0.79696
1.085	0.412997	0.36513	0.955882	-1.93605	-0.801808
1.09	0.410152	0.369242	0.965563	-1.95355	-0.806592
1.095	0.407348	0.373381	0.97533	-1.97101	-0.81131
1.1	0.404584	0.377548	0.985185	-1.98841	-0.815956
1.105	0.401862	0.381742	0.995128	-2.00573	-0.820527
1.11	0.399182	0.385964	1.00516	-2.02297	-0.825018
1.115	0.396546	0.390212	1.01527	-2.04009	-0.829426
1.12	0.393952	0.394487	1.02547	-2.05708	-0.833745
1.125	0.391403	0.398788	1.03576	-2.07392	-0.837973
1.13	0.388898	0.403115	1.04613	-2.09059	-0.842103
1.135	0.386439	0.407469	1.05658	-2.10707	-0.846132
1.14	0.384026	0.411848	1.06711	-2.12334	-0.850056
1.145	0.381659	0.416252	1.07773	-2.13937	-0.853868
1.15	0.379339	0.420682	1.08843	-2.15514	-0.857566
1.155	0.377068	0.425136	1.0992	-2.17063	-0.861143
1.16	0.374845	0.429615	1.11006	-2.18582	-0.864596
1.165	0.372671	0.434117	1.12099	-2.20067	-0.86792
1.17	0.370547	0.438643	1.13199	-2.21517	-0.87111
1.175	0.368473	0.443193	1.14307	-2.22929	-0.874161
1.18	0.366449	0.447765	1.15421	-2.24301	-0.877069
1.185	0.364478	0.45236	1.16543	-2.25629	-0.879828
1.19	0.362558	0.456977	1.17671	-2.26911	-0.882436
1.195	0.36069	0.461615	1.18805	-2.28145	-0.884886
1.2	0.358876	0.466274	1.19946	-2.29328	-0.887174
1.205	0.357115	0.470954	1.21093	-2.30458	-0.889297
1.21	0.355409	0.475654	1.22245	-2.31532	-0.891249
1.215	0.353756	0.480373	1.23403	-2.32547	-0.893028
1.22	0.352159	0.485111	1.24565	-2.335	-0.894628
1.225	0.350617	0.489867	1.25733	-2.3439	-0.896046
1.23	0.349132	0.494641	1.26905	-2.35214	-0.897279
1.235	0.347702	0.499433	1.28081	-2.3597	-0.898322
1.24	0.346329	0.50424	1.29261	-2.36655	-0.899173
1.245	0.345013	0.509064	1.30444	-2.37267	-0.899828
1.25	0.343754	0.513903	1.3163	-2.37804	-0.900286
1.255	0.342553	0.518757	1.32819	-2.38265	-0.900542
1.26	0.34141	0.523624	1.34011	-2.38646	-0.900595
1.265	0.340324	0.528505	1.35204	-2.38947	-0.900443
1.27	0.339298	0.533398	1.36399	-2.39165	-0.900084
1.275	0.33833	0.538304	1.37595	-2.393	-0.899517
1.28	0.33742	0.54322	1.38791	-2.3935	-0.89874
1.285	0.33657	0.548148	1.39988	-2.39314	-0.897752
1.29	0.335778	0.553085	1.41184	-2.39191	-0.896553
1.295	0.335046	0.558031	1.4238	-2.3898	-0.895143
1.3	0.334373	0.562985	1.43575	-2.3868	-0.893522
1.305	0.333759	0.567947	1.44769	-2.3829	-0.89169
1.31	0.333204	0.572916	1.4596	-2.37812	-0.889648
1.315	0.332708	0.577892	1.47149	-2.37244	-0.887397
1.32	0.332272	0.582873	1.48335	-2.36586	-0.884938
1.325	0.331894	0.587858	1.49518	-2.3584	-0.882273
1.33	0.331575	0.592848	1.50698	-2.35004	-0.879405
1.335	0.331315	0.597841	1.51873	-2.3408	-0.876335
1.34	0.331113	0.602837	1.53043	-2.3307	-0.873067
1.345	0.33097	0.607835	1.54208	-2.31973	-0.869602
1.35	0.330884	0.612835	1.55368	-2.30791	-0.865946
1.355	0.330856	0.617834	1.56522	-2.29525	-0.8621
1.36	0.330886	0.622834	1.5767	-2.28177	-0.85807
1.365	0.330972	0.627834	1.58811	-2.26748	-0.853858
1.37	0.331115	0.632832	1.59944	-2.25241	-0.84947
1.375	0.331315	0.637828	1.61071	-2.23658	-0.84491
1.38	0.33157	0.642821	1.62189	-2.22	-0.840183
1.385	0.331881	0.647811	1.63299	-2.20269	-0.835293
1.39	0.332247	0.652798	1.644	-2.18469	-0.830246
1.395	0.332667	0.65778	1.65493	-2.16602	-0.825047
1.4	0.333141	0.662758	1.66576	-2.14669	-0.819702
1.405	0.333668	0.66773	1.67649	-2.12674	-0.814216
1.41	0.334249	0.672696	1.68712	-2.1062	-0.808595
1.415	0.334881	0.677656	1.69765	-2.0851	-0.802844
1.42	0.335566	0.682609	1.70808	-2.06345	-0.79697
1.425	0.336301	0.687555	1.7184	-2.0413	-0.790978
1.43	0.337087	0.692492	1.7286	-2.01867	-0.784875
1.435	0.337922	0.697422	1.7387	-1.99558	-0.778666
1.44	0.338807	0.702343	1.74867	-1.97208	-0.772356
1.445	0.33974	0.707255	1.75853	-1.94819	-0.765953
1.45	0.340721	0.712158	1.76828	-1.92393	-0.759462
1.455	0.341749	0.717051	1.7779	-1.89934	-0.752889
1.46	0.342824	0.721935	1.78739	-1.87445	-0.746239
1.465	0.343944	0.726807	1.79676	-1.84928	-0.739519
1.47	0.345109	0.73167	1.80601	-1.82387	-0.732734
1.475	0.346319	0.736521	1.81513	-1.79824	-0.725889
1.48	0.347572	0.741362	1.82412	-1.77242	-0.718991
1.485	0.348868	0.746191	1.83298	-1.74644	-0.712044
1.49	0.350206	0.751008	1.84172	-1.72032	-0.705054
1.495	0.351586	0.755814	1.85032	-1.69408	-0.698026
1.5	0.353006	0.760608	1.85879	-1.66776	-0.690965
1.505	0.354466	0.76539	1.86713	-1.64138	-0.683876
1.51	0.355965	0.77016	1.87533	-1.61495	-0.676763
1.515	0.357503	0.774918	1.88341	-1.5885	-0.669631
1.52	0.359078	0.779663	1.89135	-1.56206	-0.662485
1.525	0.360691	0.784396	1.89916	-1.53565	-0.655329
1.53	0.362339	0.789117	1.90684	-1.50927	-0.648167
1.535	0.364024	0.793824	1.91439	-1.48296	-0.641003
1.54	0.365743	0.798519	1.9218	-1.45673	-0.63384
1.545	0.367496	0.803202	1.92908	-1.43059	-0.626683
1.55	0.369283	0.807872	1.93624	-1.40457	-0.619535
1.555	0.371103	0.812529	1.94326	-1.37868	-0.6124
1.56	0.372954	0.817173	1.95015	-1.35293	-0.60528
1.565	0.374837	0.821805	1.95692	-1.32734	-0.598179
1.57	0.376751	0.826425	1.96355	-1.30191	-0.591099
1.575	0.378695	0.831031	1.97006	-1.27667	-0.584044
1.58	0.380668	0.835626	1.97645	-1.25163	-0.577015
1.585	0.38267	0.840207	1.98271	-1.22678	-0.570016
1.59	0.384699	0.844777	1.98884	-1.20215	-0.563049
1.595	0.386757	0.849334	1.99485	-1.17774	-0.556116
1.6	0.388841	0.853879	2.00074	-1.15356	-0.549219
1.605	0.390951	0.858412	2.00651	-1.12961	-0.542361
1.61	0.393087	0.862933	2.01215	-1.10592	-0.535542
1.615	0.395248	0.867442	2.01768	-1.08247	-0.528765
1.62	0.397433	0.871939	2.0231	-1.05927	-0.522031
1.625	0.399642	0.876424	2.02839	-1.03634	-0.515341
1.63	0.401874	0.880899	2.03357	-1.01368	-0.508698
1.635	0.404129	0.885361	2.03864	-0.991278	-0.502103
1.64	0.406406	0.889813	2.0436	-0.969153	-0.495556
1.645	0.408704	0.894253	2.04845	-0.947304	-0.489058
1.65	0.411024	0.898683	2.05318	-0.925733	-0.482611
1.655	0.413364	0.903101	2.05781	-0.904441	-0.476216
1.66	0.415724	0.907509	2.06233	-0.883431	-0.469874
1.665	0.418103	0.911907	2.06675	-0.862703	-0.463584
1.67	0.420501	0.916294	2.07106	-0.842259	-0.457348
1.675	0.422918	0.920671	2.07527	-0.822098	-0.451167
1.68	0.425353	0.925038	2.07938	-0.802222	-0.445041
1.685	0.427805	0.929396	2.0834	-0.782629	-0.43897
1.69	0.430274	0.933743	2.08731	-0.763319	-0.432955
1.695	0.43276	0.938082	2.09113	-0.744292	-0.426996
1.7	0.435262	0.942411	2.09485	-0.725546	-0.421093
1.705	0.43778	0.946731	2.09848	-0.707081	-0.415247
1.71	0.440313	0.951042	2.10201	-0.688894	-0.409458
1.715	0.44286	0.955344	2.10545	-0.670985	-0.403726
1.72	0.445422	0.959637	2.10881	-0.65335	-0.39805
1.725	0.447999	0.963923	2.11208	-0.635989	-0.392432
1.73	0.450588	0.9682	2.11526	-0.618899	-0.386871
1.735	0.453191	0.972469	2.11835	-0.602078	-0.381367
1.74	0.455807	0.97673	2.12136	-0.585523	-0.37592
1.745	0.458436	0.980983	2.12429	-0.569232	-0.37053
1.75	0.461076	0.985229	2.12714	-0.553202	-0.365197
1.755	0.463728	0.989468	2.1299	-0.53743	-0.35992
1.76	0.466392	0.9937	2.13259	-0.521913	-0.354699
1.765	0.469066	0.997924	2.1352	-0.506649	-0.349535
1.77	0.471751	1.00214	2.13773	-0.491635	-0.344426
1.775	0.474447	1.00635	2.14019	-0.476867	-0.339373
1.78	0.477153	1.01056	2.14257	-0.462342	-0.334376
1.785	0.479868	1.01476	2.14489	-0.448058	-0.329433
1.79	0.482593	1.01895	2.14713	-0.43401	-0.324545
1.795	0.485327	1.02313	2.1493	-0.420196	-0.319712
1.8	0.488069	1.02732	2.1514	-0.406613	-0.314933
1.805	0.49082	1.03149	2.15343	-0.393256	-0.310207
1.81	0.49358	1.03566	2.1554	-0.380124	-0.305535
1.815	0.496347	1.03982	2.1573	-0.367212	-0.300916
1.82	0.499122	1.04398	2.15913	-0.354517	-0.296349
1.825	0.501904	1.04814	2.16091	-0.342036	-0.291834
1.83	0.504693	1.05229	2.16262	-0.329766	-0.287371
1.835	0.50749	1.05643	2.16426	-0.317704	-0.28296
1.84	0.510292	1.06057	2.16585	-0.305845	-0.278599
1.845	0.513101	1.06471	2.16738	-0.294187	-0.274289
1.85	0.515917	1.06884	2.16885	-0.282727	-0.270029
1.855	0.518738	1.07297	2.17027	-0.271461	-0.265818
1.86	0.521564	1.07709	2.17162	-0.260386	-0.261657
1.865	0.524396	1.08122	2.17293	-0.249499	-0.257544
1.87	0.527233	1.08533	2.17417	-0.238797	-0.25348
1.875	0.530075	1.08945	2.17537	-0.228277	-0.249463
1.88	0.532922	1.09356	2.17651	-0.217935	-0.245494
1.885	0.535773	1.09766	2.1776	-0.207768	-0.241572
1.89	0.538629	1.10177	2.17864	-0.197775	-0.237696
1.895	0.541488	1.10587	2.17963	-0.18795	-0.233866
1.9	0.544352	1.10997	2.18057	-0.178292	-0.230082
1.905	0.547219	1.11407	2.18146	-0.168798	-0.226343
1.91	0.550089	1.11816	2.1823	-0.159465	-0.222648
1.915	0.552963	1.12225	2.1831	-0.150289	-0.218998
1.92	0.55584	1.12634	2.18385	-0.141268	-0.215392
1.925	0.55872	1.13043	2.18456	-0.1324	-0.211829
1.93	0.561602	1.13451	2.18522	-0.123681	-0.208309
1.935	0.564487	1.1386	2.18584	-0.115109	-0.204831
1.94	0.567374	1.14268	2.18641	-0.106681	-0.201396
1.945	0.570264	1.14676	2.18695	-0.0983951	-0.198002
1.95	0.573155	1.15084	2.18744	-0.0902479	-0.194649
1.955	0.576049	1.15492	2.18789	-0.0822372	-0.191337
1.96	0.578944	1.15899	2.1883	-0.0743605	-0.188066
1.965	0.58184	1.16307	2.18867	-0.0666154	-0.184834
1.97	0.584738	1.16714	2.18901	-0.0589994	-0.181642
1.975	0.587637	1.17122	2.1893	-0.0515101	-0.178489
1.98	0.590537	1.17529	2.18956	-0.0441453	-0.175375
1.985	0.593438	1.17936	2.18978	-0.0369026	-0.172299
1.99	0.59634	1.18343	2.18996	-0.0297798	-0.169261
1.995	0.599243	1.18751	2.19011	-0.0227747	-0.166261
2	0.602145	1.19158	2.19023	-0.0158851	-0.163298
2.005	0.605049	1.19565	2.19031	-0.00910883	-0.160371
2.01	0.607952	1.19972	2.19035	-0.00244384	-0.157481
2.015	0.610855	1.20379	2.19036	0.00411195	-0.154627
2.02	0.613759	1.20786	2.19034	0.0105606	-0.151809
2.025	0.616662	1.21193	2.19029	0.016904	-0.149026
2.03	0.619565	1.216	2.1902	0.0231442	-0.146278
2.035	0.622467	1.22007	2.19009	0.029283	-0.143564
2.04	0.625369	1.22414	2.18994	0.0353224	-0.140885
2.045	0.62827	1.22822	2.18977	0.0412642	-0.138239
2.05	0.63117	1.23229	2.18956	0.0471102	-0.135627
2.055	0.634069	1.23636	2.18932	0.0528622	-0.133049
2.06	0.636967	1.24044	2.18906	0.058522	-0.130503
2.065	0.639864	1.24451	2.18877	0.0640911	-0.127989
2.07	0.64276	1.24859	2.18845	0.0695714	-0.125508
2.075	0.645654	1.25267	2.1881	0.0749645	-0.123059
2.08	0.648546	1.25675	2.18772	0.0802719	-0.120641
2.085	0.651437	1.26082	2.18732	0.0854953	-0.118255
2.09	0.654327	1.26491	2.1869	0.0906363	-0.115899
2.095	0.657214	1.26899	2.18644	0.0956962	-0.113574
2.1	0.6601	1.27307	2.18596	0.100677	-0.11128
2.105	0.662983	1.27716	2.18546	0.105579	-0.109015
2.11	0.665864	1.28124	2.18493	0.110405	-0.106781
2.115	0.668743	1.28533	2.18438	0.115156	-0.104575
2.12	0.67162	1.28942	2.1838	0.119833	-0.102399
2.125	0.674494	1.29351	2.18321	0.124438	-0.100252
2.13	0.677366	1.2976	2.18258	0.128971	-0.0981336
2.135	0.680235	1.3017	2.18194	0.133435	-0.0960434
2.14	0.683101	1.3058	2.18127	0.13783	-0.0939813
2.145	0.685965	1.30989	2.18058	0.142159	-0.091947
2.15	0.688825	1.314	2.17987	0.146421	-0.0899403
2.155	0.691683	1.3181	2.17914	0.150618	-0.087961
2.16	0.694537	1.3222	2.17839	0.154752	-0.0860086
2.165	0.697388	1.32631	2.17761	0.158823	-0.0840831
2.17	0.700236	1.33042	2.17682	0.162833	-0.0821842
2.175	0.703081	1.33453	2.176	0.166782	-0.0803116
2.18	0.705922	1.33865	2.17517	0.170673	-0.078465
2.185	0.70876	1.34276	2.17432	0.174506	-0.0766443
2.19	0.711594	1.34688	2.17344	0.178281	-0.0748492
2.195	0.714425	1.351	2.17255	0.182001	-0.0730796
2.2	0.717251	1.35513	2.17164	0.185665	-0.071335
2.205	0.720074	1.35926	2.17071	0.189276	-0.0696155
2.21	0.722893	1.36339	2.16977	0.192834	-0.0679206
2.215	0.725708	1.36752	2.1688	0.196339	-0.0662503
2.22	0.728519	1.37165	2.16782	0.199794	-0.0646042
2.225	0.731326	1.37579	2.16682	0.203198	-0.0629823
2.23	0.734128	1.37993	2.16581	0.206554	-0.0613842
2.235	0.736927	1.38407	2.16477	0.20986	-0.0598098
2.24	0.739721	1.38822	2.16373	0.213119	-0.0582589
2.245	0.74251	1.39237	2.16266	0.216332	-0.0567312
2.25	0.745295	1.39652	2.16158	0.219499	-0.0552266
2.255	0.748076	1.40068	2.16048	0.22262	-0.053745
2.26	0.750852	1.40484	2.15937	0.225698	-0.052286
2.265	0.753623	1.409	2.15824	0.228732	-0.0508495
2.27	0.756389	1.41316	2.1571	0.231723	-0.0494354
2.275	0.759151	1.41733	2.15594	0.234672	-0.0480434
2.28	0.761908	1.4215	2.15476	0.23758	-0.0466734
2.285	0.764659	1.42568	2.15358	0.240448	-0.0453252
2.29	0.767406	1.42986	2.15237	0.243276	-0.0439986
2.295	0.770148	1.43404	2.15116	0.246065	-0.0426935
2.3	0.772884	1.43822	2.14993	0.248815	-0.0414096
2.305	0.775615	1.44241	2.14868	0.251528	-0.0401468
2.31	0.778341	1.4466	2.14742	0.254204	-0.038905
2.315	0.781062	1.4508	2.14615	0.256843	-0.037684
2.32	0.783777	1.455	2.14487	0.259447	-0.0364836
2.325	0.786487	1.4592	2.14357	0.262015	-0.0353036
2.33	0.789191	1.4634	2.14226	0.264549	-0.034144
2.335	0.79189	1.46761	2.14094	0.267049	-0.0330045
2.34	0.794583	1.47183	2.1396	0.269516	-0.031885
2.345	0.797271	1.47604	2.13826	0.27195	-0.0307854
2.35	0.799953	1.48026	2.1369	0.274352	-0.0297054
2.355	0.802628	1.48449	2.13553	0.276722	-0.0286451
2.36	0.805299	1.48871	2.13414	0.279061	-0.0276041
2.365	0.807963	1.49294	2.13275	0.28137	-0.0265824
2.37	0.810621	1.49718	2.13134	0.283648	-0.0255799
2.375	0.813273	1.50142	2.12992	0.285897	-0.0245963
2.38	0.815919	1.50566	2.12849	0.288117	-0.0236316
2.385	0.818559	1.50991	2.12705	0.290309	-0.0226856
2.39	0.821193	1.51416	2.1256	0.292472	-0.0217582
2.395	0.823821	1.51841	2.12414	0.294608	-0.0208492
2.4	0.826442	1.52267	2.12266	0.296717	-0.0199586
2.405	0.829057	1.52693	2.12118	0.2988	-0.0190861
2.41	0.831666	1.53119	2.11969	0.300856	-0.0182318
2.415	0.834268	1.53546	2.11818	0.302886	-0.0173953
2.42	0.836864	1.53974	2.11667	0.304891	-0.0165767
2.425	0.839454	1.54401	2.11514	0.306872	-0.0157758
2.43	0.842036	1.5483	2.11361	0.308828	-0.0149925
2.435	0.844612	1.55258	2.11206	0.31076	-0.0142266
2.44	0.847182	1.55687	2.11051	0.312668	-0.013478
2.445	0.849745	1.56116	2.10895	0.314553	-0.0127467
2.45	0.852301	1.56546	2.10737	0.316415	-0.0120324
2.455	0.85485	1.56976	2.10579	0.318255	-0.0113352
2.46	0.857392	1.57407	2.1042	0.320073	-0.0106548
2.465	0.859928	1.57838	2.1026	0.321869	-0.00999122
2.47	0.862456	1.58269	2.10099	0.323644	-0.00934427
2.475	0.864978	1.58701	2.09937	0.325398	-0.00871386
2.48	0.867492	1.59133	2.09775	0.327132	-0.00809989
2.485	0.87	1.59566	2.09611	0.328845	-0.00750224
2.49	0.8725	1.59999	2.09447	0.330538	-0.00692082
2.495	0.874993	1.60432	2.09281	0.332212	-0.00635552
2.5	0.877479	1.60866	2.09115	0.333866	-0.00580624
2.505	0.879958	1.613	2.08948	0.335501	-0.00527287
2.51	0.882429	1.61735	2.08781	0.337118	-0.00475531
2.515	0.884893	1.6217	2.08612	0.338717	-0.00425346
2.52	0.88735	1.62605	2.08443	0.340297	-0.00376723
2.525	0.889799	1.63041	2.08273	0.34186	-0.0032965
2.53	0.892241	1.63477	2.08102	0.343405	-0.0028412
2.535	0.894675	1.63914	2.0793	0.344934	-0.00240121
2.54	0.897102	1.64351	2.07757	0.346445	-0.00197645
2.545	0.899521	1.64789	2.07584	0.34794	-0.00156682
2.55	0.901933	1.65227	2.0741	0.349419	-0.00117223
2.555	0.904337	1.65665	2.07236	0.350881	-0.000792576
2.56	0.906733	1.66104	2.0706	0.352328	-0.000427777
2.565	0.909122	1.66543	2.06884	0.35376	-7.77399e-005
2.57	0.911503	1.66983	2.06707	0.355176	0.000257627
2.575	0.913875	1.67423	2.06529	0.356577	0.000578412
2.58	0.916241	1.67864	2.06351	0.357964	0.000884705
2.585	0.918598	1.68305	2.06172	0.359336	0.00117659
2.59	0.920947	1.68746	2.05993	0.360694	0.00145416
2.595	0.923288	1.69188	2.05812	0.362038	0.0017175
2.6	0.925622	1.6963	2.05631	0.363368	0.00196669
2.605	0.927947	1.70073	2.05449	0.364684	0.00220182
2.61	0.930264	1.70516	2.05267	0.365988	0.00242298
2.615	0.932573	1.70959	2.05084	0.367278	0.00263023
2.62	0.934874	1.71403	2.04901	0.368555	0.00282368
2.625	0.937167	1.71848	2.04716	0.36982	0.0030034
2.63	0.939452	1.72292	2.04531	0.371072	0.00316948
2.635	0.941728	1.72737	2.04346	0.372312	0.00332198
2.64	0.943996	1.73183	2.0416	0.37354	0.003461
2.645	0.946256	1.73629	2.03973	0.374756	0.00358662
2.65	0.948507	1.74076	2.03785	0.37596	0.0036989
2.655	0.95075	1.74522	2.03598	0.377153	0.00379794
2.66	0.952984	1.7497	2.03409	0.378335	0.0038838
2.665	0.95521	1.75417	2.0322	0.379505	0.00395658
2.67	0.957428	1.75866	2.0303	0.380665	0.00401633
2.675	0.959637	1.76314	2.0284	0.381814	0.00406314
2.68	0.961837	1.76763	2.02649	0.382953	0.00409709
2.685	0.964029	1.77212	2.02457	0.384081	0.00411825
2.69	0.966212	1.77662	2.02265	0.385199	0.0041267
2.695	0.968387	1.78113	2.02073	0.386307	0.0041225
2.7	0.970553	1.78563	2.0188	0.387405	0.00410574
2.705	0.97271	1.79014	2.01686	0.388493	0.00407649
2.71	0.974858	1.79466	2.01492	0.389572	0.00403481
2.715	0.976997	1.79918	2.01297	0.390642	0.00398079
2.72	0.979128	1.8037	2.01101	0.391702	0.00391449
2.725	0.98125	1.80823	2.00906	0.392753	0.00383599
2.73	0.983363	1.81276	2.00709	0.393796	0.00374535
2.735	0.985467	1.8173	2.00512	0.394829	0.00364265
2.74	0.987562	1.82183	2.00315	0.395854	0.00352796
2.745	0.989648	1.82638	2.00117	0.396871	0.00340135
2.75	0.991725	1.83093	1.99919	0.397879	0.00326289
2.755	0.993793	1.83548	1.9972	0.398879	0.00311265
2.76	0.995852	1.84004	1.9952	0.399871	0.00295069
2.765	0.997902	1.8446	1.9932	0.400856	0.00277708
2.77	0.999942	1.84916	1.9912	0.401832	0.0025919
2.775	1.00197	1.85373	1.98919	0.402801	0.00239522
2.78	1.004	1.8583	1.98717	0.403762	0.00218709
2.785	1.00601	1.86288	1.98516	0.404716	0.00196759
2.79	1.00801	1.86746	1.98313	0.405663	0.00173678
2.795	1.01001	1.87205	1.9811	0.406602	0.00149473
2.8	1.01199	1.87663	1.97907	0.407535	0.00124151
2.805	1.01397	1.88123	1.97703	0.40846	0.00097718
2.81	1.01593	1.88582	1.97499	0.409379	0.000701811
2.815	1.01789	1.89043	1.97294	0.410291	0.000415467
2.82	1.01984	1.89503	1.97089	0.411197	0.000118213
2.825	1.02178	1.89964	1.96884	0.412096	-0.000189886
2.83	1.02371	1.90425	1.96678	0.412989	-0.000508765
2.835	1.02562	1.90887	1.96471	0.413876	-0.000838358
2.84	1.02753	1.91349	1.96264	0.414757	-0.0011786
2.845	1.02943	1.91812	1.96057	0.415632	-0.00152943
2.85	1.03132	1.92274	1.95849	0.4165	-0.00189079
2.855	1.0332	1.92738	1.95641	0.417364	-0.0022626
2.86	1.03508	1.93201	1.95432	0.418221	-0.00264481
2.865	1.03694	1.93666	1.95223	0.419073	-0.00303735
2.87	1.03879	1.9413	1.95013	0.419919	-0.00344015
2.875	1.04063	1.94595	1.94803	0.42076	-0.00385317
2.88	1.04246	1.9506	1.94593	0.421596	-0.00427632
2.885	1.04428	1.95526	1.94382	0.422426	-0.00470956
2.89	1.0461	1.95992	1.94171	0.423252	-0.00515281
2.895	1.0479	1.96458	1.93959	0.424072	-0.00560602
2.9	1.04969	1.96925	1.93747	0.424888	-0.00606912
2.905	1.05147	1.97392	1.93535	0.425698	-0.00654205
2.91	1.05325	1.97859	1.93322	0.426504	-0.00702475
2.915	1.05501	1.98327	1.93109	0.427306	-0.00751716
2.92	1.05676	1.98796	1.92895	0.428102	-0.00801922
2.925	1.05851	1.99264	1.92681	0.428895	-0.00853086
2.93	1.06024	1.99733	1.92467	0.429683	-0.00905202
2.935	1.06196	2.00203	1.92252	0.430466	-0.00958264
2.94	1.06367	2.00672	1.92037	0.431246	-0.0101227
2.945	1.06538	2.01143	1.91821	0.432021	-0.010672
2.95	1.06707	2.01613	1.91605	0.432792	-0.0112307
2.955	1.06875	2.02084	1.91389	0.433559	-0.0117985
2.96	1.07042	2.02555	1.91172	0.434322	-0.0123756
2.965	1.07208	2.03027	1.90955	0.435082	-0.0129617
2.97	1.07373	2.03499	1.90737	0.435837	-0.0135568
2.975	1.07538	2.03971	1.90519	0.436589	-0.014161
2.98	1.07701	2.04444	1.90301	0.437338	-0.014774
2.985	1.07863	2.04917	1.90082	0.438082	-0.0153959
2.99	1.08024	2.0539	1.89863	0.438824	-0.0160266
2.995	1.08184	2.05864	1.89644	0.439562	-0.0166661
3	1.08343	2.06338	1.89424	0.440296	-0.0173142
3.005	1.085	2.06812	1.89204	0.441027	-0.0179709
3.01	1.08657	2.07287	1.88983	0.441755	-0.0186362
3.015	1.08813	2.07762	1.88762	0.44248	-0.01931
3.02	1.08968	2.08238	1.88541	0.443202	-0.0199922
3.025	1.09121	2.08713	1.8832	0.443921	-0.0206828
3.03	1.09274	2.0919	1.88098	0.444637	-0.0213817
3.035	1.09426	2.09666	1.87875	0.44535	-0.0220888
3.04	1.09576	2.10143	1.87653	0.44606	-0.0228042
3.045	1.09725	2.1062	1.8743	0.446767	-0.0235277
3.05	1.09874	2.11097	1.87206	0.447472	-0.0242593
3.055	1.10021	2.11575	1.86983	0.448174	-0.0249989
3.06	1.10167	2.12053	1.86758	0.448874	-0.0257465
3.065	1.10313	2.12532	1.86534	0.44957	-0.026502
3.07	1.10457	2.13011	1.86309	0.450265	-0.0272653
3.075	1.106	2.1349	1.86084	0.450957	-0.0280364
3.08	1.10742	2.13969	1.85859	0.451646	-0.0288152
3.085	1.10882	2.14449	1.85633	0.452334	-0.0296017
3.09	1.11022	2.14929	1.85407	0.453019	-0.0303958
3.095	1.11161	2.15409	1.8518	0.453702	-0.0311974
3.1	1.11298	2.1589	1.84953	0.454382	-0.0320065
3.105	1.11435	2.16371	1.84726	0.455061	-0.0328231
3.11	1.1157	2.16852	1.84499	0.455737	-0.033647
3.115	1.11704	2.17334	1.84271	0.456412	-0.0344782
3.12	1.11838	2.17816	1.84042	0.457084	-0.0353167
3.125	1.1197	2.18298	1.83814	0.457755	-0.0361624
3.13	1.12101	2.18781	1.83585	0.458424	-0.0370152
3.135	1.12231	2.19264	1.83356	0.459091	-0.037875
3.14	1.12359	2.19747	1.83126	0.459756	-0.0387419
3.145	1.12487	2.2023	1.82896	0.460419	-0.0396158
3.15	1.12614	2.20714	1.82666	0.461081	-0.0404965
3.155	1.12739	2.21198	1.82436	0.461741	-0.0413841
3.16	1.12863	2.21682	1.82205	0.4624	-0.0422784
3.165	1.12986	2.22167	1.81974	0.463057	-0.0431795
3.17	1.13109	2.22652	1.81742	0.463713	-0.0440872
3.175	1.13229	2.23137	1.8151	0.464367	-0.0450015
3.18	1.13349	2.23622	1.81278	0.46502	-0.0459224
3.185	1.13468	2.24108	1.81046	0.465671	-0.0468497
3.19	1.13586	2.24594	1.80813	0.466321	-0.0477835
3.195	1.13702	2.2508	1.8058	0.46697	-0.0487236
3.2	1.13817	2.25567	1.80346	0.467617	-0.04967
3.205	1.13931	2.26054	1.80112	0.468263	-0.0506227
3.21	1.14044	2.26541	1.79878	0.468908	-0.0515816
3.215	1.14156	2.27028	1.79644	0.469552	-0.0525465
3.22	1.14267	2.27516	1.79409	0.470195	-0.0535176
3.225	1.14377	2.28003	1.79174	0.470837	-0.0544946
3.23	1.14485	2.28492	1.78938	0.471478	-0.0554776
3.235	1.14592	2.2898	1.78703	0.472118	-0.0564665
3.24	1.14698	2.29468	1.78467	0.472756	-0.0574612
3.245	1.14803	2.29957	1.7823	0.473394	-0.0584616
3.25	1.14907	2.30446	1.77993	0.474031	-0.0594678
3.255	1.1501	2.30936	1.77756	0.474668	-0.0604796
3.26	1.15111	2.31425	1.77519	0.475303	-0.061497
3.265	1.15212	2.31915	1.77281	0.475938	-0.06252
3.27	1.15311	2.32405	1.77044	0.476572	-0.0635484
3.275	1.15409	2.32896	1.76805	0.477205	-0.0645822
3.28	1.15506	2.33386	1.76567	0.477837	-0.0656213
3.285	1.15601	2.33877	1.76328	0.478469	-0.0666657
3.29	1.15696	2.34368	1.76088	0.479101	-0.0677154
3.295	1.15789	2.34859	1.75849	0.479731	-0.0687702
3.3	1.15881	2.35351	1.75609	0.480361	-0.0698301
3.305	1.15972	2.35842	1.75369	0.480991	-0.0708951
3.31	1.16062	2.36334	1.75128	0.48162	-0.0719651
3.315	1.1615	2.36826	1.74888	0.482249	-0.0730399
3.32	1.16238	2.37318	1.74646	0.482877	-0.0741197
3.325	1.16324	2.37811	1.74405	0.483505	-0.0752042
3.33	1.16409	2.38304	1.74163	0.484133	-0.0762935
3.335	1.16493	2.38797	1.73921	0.48476	-0.0773875
3.34	1.16575	2.3929	1.73679	0.485387	-0.0784861
3.345	1.16657	2.39783	1.73436	0.486014	-0.0795892
3.35	1.16737	2.40277	1.73193	0.48664	-0.0806969
3.355	1.16816	2.4077	1.7295	0.487266	-0.081809
3.36	1.16894	2.41264	1.72706	0.487892	-0.0829254
3.365	1.1697	2.41758	1.72462	0.488518	-0.0840462
3.37	1.17046	2.42253	1.72218	0.489143	-0.0851712
3.375	1.1712	2.42747	1.71973	0.489769	-0.0863005
3.38	1.17193	2.43242	1.71728	0.490394	-0.0874338
3.385	1.17265	2.43737	1.71483	0.49102	-0.0885712
3.39	1.17335	2.44232	1.71238	0.491645	-0.0897127
3.395	1.17405	2.44727	1.70992	0.49227	-0.0908581
3.4	1.17473	2.45222	1.70746	0.492896	-0.0920073
3.405	1.1754	2.45718	1.70499	0.493521	-0.0931604
3.41	1.17605	2.46213	1.70253	0.494146	-0.0943173
3.415	1.1767	2.46709	1.70006	0.494772	-0.0954779
3.42	1.17733	2.47205	1.69758	0.495398	-0.0966421
3.425	1.17795	2.47701	1.6951	0.496023	-0.0978099
3.43	1.17856	2.48197	1.69262	0.496649	-0.0989812
3.435	1.17915	2.48694	1.69014	0.497275	-0.100156
3.44	1.17974	2.49191	1.68765	0.497901	-0.101334
3.445	1.18031	2.49687	1.68517	0.498528	-0.102516
3.45	1.18087	2.50184	1.68267	0.499155	-0.1037
3.455	1.18141	2.50681	1.68018	0.499782	-0.104888
3.46	1.18194	2.51178	1.67768	0.500409	-0.106079
3.465	1.18247	2.51676	1.67518	0.501036	-0.107273
3.47	1.18297	2.52173	1.67267	0.501664	-0.108471
3.475	1.18347	2.5267	1.67016	0.502293	-0.109671
3.48	1.18395	2.53168	1.66765	0.502921	-0.110874
3.485	1.18442	2.53666	1.66514	0.50355	-0.11208
3.49	1.18488	2.54164	1.66262	0.504179	-0.113288
3.495	1.18533	2.54662	1.6601	0.504809	-0.1145
3.5	1.18576	2.5516	1.65757	0.50544	-0.115714
3.505	1.18618	2.55658	1.65505	0.50607	-0.11693
3.51	1.18659	2.56157	1.65252	0.506702	-0.118149
3.515	1.18699	2.56655	1.64998	0.507333	-0.119371
3.52	1.18737	2.57153	1.64745	0.507966	-0.120595
3.525	1.18774	2.57652	1.64491	0.508598	-0.121821
3.53	1.1881	2.58151	1.64236	0.509232	-0.123049
3.535	1.18844	2.5865	1.63982	0.509866	-0.12428
3.54	1.18877	2.59149	1.63727	0.5105	-0.125513
3.545	1.18909	2.59647	1.63472	0.511135	-0.126748
3.55	1.1894	2.60147	1.63216	0.511771	-0.127985
3.555	1.18969	2.60646	1.6296	0.512408	-0.129224
3.56	1.18998	2.61145	1.62704	0.513045	-0.130464
3.565	1.19024	2.61644	1.62447	0.513682	-0.131707
3.57	1.1905	2.62144	1.6219	0.514321	-0.132951
3.575	1.19074	2.62643	1.61933	0.51496	-0.134197
3.58	1.19097	2.63142	1.61676	0.5156	-0.135445
3.585	1.19119	2.63642	1.61418	0.516241	-0.136694
3.59	1.19139	2.64142	1.6116	0.516882	-0.137945
3.595	1.19158	2.64641	1.60901	0.517525	-0.139197
3.6	1.19176	2.65141	1.60643	0.518168	-0.14045
3.605	1.19193	2.65641	1.60384	0.518812	-0.141705
3.61	1.19208	2.6614	1.60124	0.519456	-0.142961
3.615	1.19222	2.6664	1.59865	0.520102	-0.144218
3.62	1.19234	2.6714	1.59604	0.520748	-0.145477
3.625	1.19246	2.6764	1.59344	0.521396	-0.146736
3.63	1.19256	2.6814	1.59083	0.522044	-0.147996
3.635	1.19264	2.6864	1.58822	0.522693	-0.149258
3.64	1.19272	2.6914	1.58561	0.523343	-0.15052
3.645	1.19278	2.6964	1.58299	0.523994	-0.151783
3.65	1.19283	2.7014	1.58037	0.524646	-0.153046
3.655	1.19286	2.7064	1.57775	0.525299	-0.154311
3.66	1.19288	2.7114	1.57512	0.525953	-0.155575
3.665	1.19289	2.7164	1.57249	0.526607	-0.156841
3.67	1.19289	2.7214	1.56986	0.527263	-0.158107
3.675	1.19287	2.7264	1.56722	0.52792	-0.159373
3.68	1.19284	2.7314	1.56459	0.528578	-0.16064
3.685	1.19279	2.7364	1.56194	0.529237	-0.161906
3.69	1.19274	2.74139	1.5593	0.529897	-0.163173
3.695	1.19267	2.74639	1.55665	0.530558	-0.164441
3.7	1.19258	2.75139	1.55399	0.53122	-0.165708
3.705	1.19248	2.75639	1.55134	0.531884	-0.166975
3.71	1.19237	2.76139	1.54868	0.532548	-0.168242
3.715	1.19225	2.76639	1.54602	0.533214	-0.169509
3.72	1.19211	2.77139	1.54335	0.53388	-0.170776
3.725	1.19196	2.77639	1.54068	0.534548	-0.172043
3.73	1.1918	2.78138	1.53801	0.535217	-0.173309
3.735	1.19162	2.78638	1.53533	0.535888	-0.174575
3.74	1.19143	2.79138	1.53265	0.536559	-0.175841
3.745	1.19123	2.79637	1.52997	0.537232	-0.177106
3.75	1.19101	2.80137	1.52728	0.537905	-0.17837
3.755	1.19078	2.80636	1.52459	0.53858	-0.179634
3.76	1.19053	2.81136	1.5219	0.539257	-0.180897
3.765	1.19028	2.81635	1.5192	0.539934	-0.182159
3.77	1.19	2.82134	1.5165	0.540613	-0.18342
3.775	1.18972	2.82633	1.5138	0.541293	-0.184681
3.78	1.18942	2.83133	1.51109	0.541975	-0.18594
3.785	1.18911	2.83632	1.50838	0.542657	-0.187198
3.79	1.18878	2.8413	1.50567	0.543341	-0.188456
3.795	1.18845	2.84629	1.50295	0.544026	-0.189712
3.8	1.18809	2.85128	1.50023	0.544713	-0.190967
3.805	1.18773	2.85627	1.49751	0.545401	-0.19222
3.81	1.18735	2.86125	1.49478	0.54609	-0.193472
3.815	1.18695	2.86624	1.49205	0.546781	-0.194723
3.82	1.18655	2.87122	1.48932	0.547473	-0.195972
3.825	1.18613	2.8762	1.48658	0.548167	-0.19722
3.83	1.18569	2.88118	1.48384	0.548861	-0.198466
3.835	1.18524	2.88616	1.4811	0.549558	-0.19971
3.84	1.18478	2.89114	1.47835	0.550255	-0.200952
3.845	1.18431	2.89612	1.4756	0.550954	-0.202193
3.85	1.18382	2.9011	1.47284	0.551655	-0.203432
3.855	1.18332	2.90607	1.47009	0.552357	-0.204668
3.86	1.1828	2.91104	1.46732	0.55306	-0.205903
3.865	1.18227	2.91602	1.46456	0.553765	-0.207136
3.87	1.18173	2.92099	1.46179	0.554472	-0.208366
3.875	1.18117	2.92596	1.45902	0.555179	-0.209594
3.88	1.1806	2.93092	1.45624	0.555889	-0.21082
3.885	1.18001	2.93589	1.45346	0.5566	-0.212043
3.89	1.17941	2.94085	1.45068	0.557312	-0.213264
3.895	1.1788	2.94581	1.44789	0.558026	-0.214483
3.9	1.17817	2.95077	1.4451	0.558742	-0.215699
3.905	1.17753	2.95573	1.44231	0.559459	-0.216912
3.91	1.17688	2.96069	1.43951	0.560177	-0.218123
3.915	1.17621	2.96565	1.43671	0.560897	-0.21933
3.92	1.17553	2.9706	1.43391	0.561619	-0.220535
3.925	1.17483	2.97555	1.4311	0.562342	-0.221737
3.93	1.17412	2.9805	1.42829	0.563067	-0.222936
3.935	1.1734	2.98545	1.42547	0.563794	-0.224132
3.94	1.17266	2.99039	1.42265	0.564522	-0.225325
3.945	1.17191	2.99534	1.41983	0.565252	-0.226515
3.95	1.17114	3.00028	1.417	0.565983	-0.227701
3.955	1.17036	3.00521	1.41417	0.566716	-0.228884
3.96	1.16957	3.01015	1.41134	0.567451	-0.230064
3.965	1.16876	3.01509	1.4085	0.568187	-0.23124
3.97	1.16794	3.02002	1.40566	0.568925	-0.232413
3.975	1.1671	3.02495	1.40282	0.569665	-0.233582
3.98	1.16625	3.02987	1.39997	0.570406	-0.234748
3.985	1.16539	3.0348	1.39712	0.571149	-0.23591
3.99	1.16451	3.03972	1.39426	0.571894	-0.237068
3.995	1.16362	3.04464	1.3914	0.57264	-0.238222
4	1.16271	3.04956	1.38854	0.573388	-0.239372
4.005	1.16179	3.05447	1.38567	0.574138	-0.240518
4.01	1.16085	3.05938	1.3828	0.57489	-0.241661
4.015	1.15991	3.06429	1.37993	0.575643	-0.242799
4.02	1.15894	3.0692	1.37705	0.576399	-0.243933
4.025	1.15797	3.0741	1.37417	0.577156	-0.245063
4.03	1.15698	3.07901	1.37128	0.577914	-0.246188
4.035	1.15597	3.0839	1.36839	0.578675	-0.247309
4.04	1.15495	3.0888	1.3655	0.579437	-0.248426
4.045	1.15392	3.09369	1.3626	0.580201	-0.249538
4.05	1.15287	3.09858	1.3597	0.580967	-0.250645
4.055	1.15181	3.10346	1.35679	0.581735	-0.251748
4.06	1.15073	3.10835	1.35388	0.582504	-0.252846
4.065	1.14964	3.11323	1.35097	0.583276	-0.25394
4.07	1.14854	3.1181	1.34806	0.584049	-0.255028
4.075	1.14742	3.12298	1.34514	0.584824	-0.256112
4.08	1.14628	3.12785	1.34221	0.585601	-0.25719
4.085	1.14514	3.13271	1.33928	0.58638	-0.258264
4.09	1.14398	3.13758	1.33635	0.58716	-0.259333
4.095	1.1428	3.14244	1.33342	0.587943	-0.260396
4.1	1.14161	3.14729	1.33048	0.588727	-0.261454
4.105	1.14041	3.15215	1.32753	0.589514	-0.262507
4.11	1.13919	3.157	1.32458	0.590302	-0.263554
4.115	1.13795	3.16184	1.32163	0.591092	-0.264596
4.12	1.13671	3.16668	1.31868	0.591884	-0.265633
4.125	1.13545	3.17152	1.31572	0.592678	-0.266664
4.13	1.13417	3.17636	1.31276	0.593474	-0.267689
4.135	1.13288	3.18119	1.30979	0.594272	-0.268709
4.14	1.13157	3.18601	1.30682	0.595072	-0.269723
4.145	1.13026	3.19084	1.30384	0.595874	-0.270731
4.15	1.12892	3.19565	1.30086	0.596678	-0.271733
4.155	1.12757	3.20047	1.29788	0.597484	-0.27273
4.16	1.12621	3.20528	1.29489	0.598292	-0.27372
4.165	1.12484	3.21009	1.2919	0.599101	-0.274704
4.17	1.12345	3.21489	1.2889	0.599913	-0.275682
4.175	1.12204	3.21969	1.2859	0.600727	-0.276654
4.18	1.12062	3.22448	1.2829	0.601543	-0.277619
4.185	1.11919	3.22927	1.27989	0.602361	-0.278579
4.19	1.11774	3.23406	1.27688	0.603181	-0.279531
4.195	1.11627	3.23884	1.27387	0.604003	-0.280478
4.2	1.1148	3.24362	1.27085	0.604827	-0.281418
4.205	1.11331	3.24839	1.26782	0.605653	-0.282351
4.21	1.1118	3.25316	1.26479	0.606482	-0.283277
4.215	1.11028	3.25792	1.26176	0.607312	-0.284197
4.22	1.10874	3.26268	1.25872	0.608144	-0.28511
4.225	1.10719	3.26743	1.25568	0.608979	-0.286016
4.23	1.10563	3.27218	1.25264	0.609816	-0.286916
4.235	1.10405	3.27692	1.24959	0.610655	-0.287808
4.24	1.10246	3.28166	1.24654	0.611495	-0.288694
4.245	1.10085	3.2864	1.24348	0.612339	-0.289572
4.25	1.09923	3.29113	1.24042	0.613184	-0.290443
4.255	1.09759	3.29585	1.23735	0.614031	-0.291307
4.26	1.09594	3.30057	1.23428	0.614881	-0.292163
4.265	1.09428	3.30529	1.23121	0.615732	-0.293013
4.27	1.0926	3.31	1.22813	0.616586	-0.293854
4.275	1.0909	3.3147	1.22504	0.617442	-0.294689
4.28	1.08919	3.3194	1.22196	0.618301	-0.295516
4.285	1.08747	3.32409	1.21887	0.619161	-0.296335
4.29	1.08573	3.32878	1.21577	0.620024	-0.297146
4.295	1.08398	3.33346	1.21267	0.620889	-0.29795
4.3	1.08221	3.33814	1.20957	0.621756	-0.298746
4.305	1.08043	3.34281	1.20646	0.622626	-0.299535
4.31	1.07863	3.34748	1.20334	0.623497	-0.300315
4.315	1.07682	3.35214	1.20023	0.624371	-0.301087
4.32	1.075	3.35679	1.1971	0.625248	-0.301852
4.325	1.07316	3.36144	1.19398	0.626126	-0.302608
4.33	1.0713	3.36609	1.19085	0.627007	-0.303356
4.335	1.06943	3.37072	1.18771	0.62789	-0.304096
4.34	1.06755	3.37536	1.18457	0.628776	-0.304828
4.345	1.06565	3.37998	1.18143	0.629664	-0.305552
4.35	1.06374	3.3846	1.17828	0.630554	-0.306267
4.355	1.06181	3.38922	1.17513	0.631446	-0.306973
4.36	1.05987	3.39382	1.17197	0.632341	-0.307671
4.365	1.05791	3.39842	1.16881	0.633239	-0.308361
4.37	1.05594	3.40302	1.16564	0.634138	-0.309042
4.375	1.05396	3.40761	1.16247	0.63504	-0.309714
4.38	1.05196	3.41219	1.1593	0.635945	-0.310378
4.385	1.04994	3.41677	1.15612	0.636851	-0.311033
4.39	1.04792	3.42134	1.15293	0.637761	-0.311679
4.395	1.04587	3.4259	1.14974	0.638672	-0.312316
4.4	1.04381	3.43046	1.14655	0.639586	-0.312944
4.405	1.04174	3.43501	1.14335	0.640503	-0.313563
4.41	1.03965	3.43955	1.14015	0.641422	-0.314173
4.415	1.03755	3.44409	1.13694	0.642344	-0.314774
4.42	1.03543	3.44862	1.13373	0.643268	-0.315366
4.425	1.0333	3.45314	1.13052	0.644194	-0.315948
4.43	1.03116	3.45766	1.12729	0.645123	-0.316522
4.435	1.029	3.46217	1.12407	0.646055	-0.317086
4.44	1.02682	3.46667	1.12084	0.646989	-0.31764
4.445	1.02463	3.47116	1.1176	0.647925	-0.318185
4.45	1.02243	3.47565	1.11436	0.648864	-0.318721
4.455	1.02021	3.48013	1.11112	0.649806	-0.319247
4.46	1.01798	3.48461	1.10787	0.65075	-0.319763
4.465	1.01573	3.48907	1.10462	0.651697	-0.32027
4.47	1.01347	3.49353	1.10136	0.652647	-0.320767
4.475	1.01119	3.49798	1.0981	0.653599	-0.321254
4.48	1.0089	3.50243	1.09483	0.654553	-0.321731
4.485	1.0066	3.50687	1.09155	0.655511	-0.322199
4.49	1.00428	3.51129	1.08828	0.656471	-0.322656
4.495	1.00194	3.51572	1.08499	0.657433	-0.323104
4.5	0.999594	3.52013	1.08171	0.658399	-0.323541
4.505	0.99723	3.52454	1.07842	0.659367	-0.323969
4.51	0.994852	3.52893	1.07512	0.660338	-0.324386
4.515	0.992459	3.53332	1.07182	0.661311	-0.324793
4.52	0.990052	3.53771	1.06851	0.662287	-0.32519
4.525	0.98763	3.54208	1.0652	0.663266	-0.325576
4.53	0.985194	3.54645	1.06188	0.664248	-0.325952
4.535	0.982744	3.55081	1.05856	0.665232	-0.326318
4.54	0.980279	3.55516	1.05523	0.66622	-0.326674
4.545	0.977799	3.5595	1.0519	0.66721	-0.327018
4.55	0.975305	3.56383	1.04857	0.668203	-0.327353
4.555	0.972796	3.56816	1.04523	0.669198	-0.327676
4.56	0.970273	3.57247	1.04188	0.670197	-0.327989
4.565	0.967736	3.57678	1.03853	0.671198	-0.328292
4.57	0.965184	3.58108	1.03517	0.672203	-0.328583
4.575	0.962618	3.58537	1.03181	0.67321	-0.328864
4.58	0.960037	3.58966	1.02845	0.67422	-0.329134
4.585	0.957442	3.59393	1.02508	0.675233	-0.329393
4.59	0.954832	3.59819	1.0217	0.676249	-0.329642
4.595	0.952208	3.60245	1.01832	0.677268	-0.329879
4.6	0.94957	3.6067	1.01493	0.67829	-0.330105
4.605	0.946917	3.61094	1.01154	0.679315	-0.33032
4.61	0.94425	3.61516	1.00814	0.680343	-0.330524
4.615	0.941568	3.61938	1.00474	0.681374	-0.330717
4.62	0.938872	3.6236	1.00134	0.682408	-0.330899
4.625	0.936162	3.6278	0.997923	0.683445	-0.331069
4.63	0.933438	3.63199	0.994506	0.684485	-0.331229
4.635	0.930699	3.63617	0.991084	0.685528	-0.331376
4.64	0.927945	3.64035	0.987656	0.686575	-0.331513
4.645	0.925178	3.64451	0.984223	0.687624	-0.331638
4.65	0.922396	3.64867	0.980785	0.688677	-0.331752
4.655	0.9196	3.65281	0.977342	0.689733	-0.331854
4.66	0.916789	3.65695	0.973893	0.690792	-0.331944
4.665	0.913965	3.66107	0.970439	0.691854	-0.332023
4.67	0.911126	3.66519	0.96698	0.692919	-0.332091
4.675	0.908273	3.66929	0.963515	0.693988	-0.332147
4.68	0.905405	3.67339	0.960045	0.69506	-0.332191
4.685	0.902524	3.67748	0.95657	0.696135	-0.332223
4.69	0.899628	3.68155	0.953089	0.697214	-0.332243
4.695	0.896718	3.68562	0.949603	0.698296	-0.332252
4.7	0.893794	3.68967	0.946112	0.699381	-0.332249
4.705	0.890855	3.69372	0.942615	0.70047	-0.332234
4.71	0.887903	3.69775	0.939112	0.701562	-0.332207
4.715	0.884936	3.70178	0.935605	0.702658	-0.332168
4.72	0.881955	3.70579	0.932091	0.703757	-0.332117
4.725	0.87896	3.7098	0.928572	0.704859	-0.332054
4.73	0.875951	3.71379	0.925048	0.705965	-0.331979
4.735	0.872928	3.71777	0.921518	0.707075	-0.331892
4.74	0.869891	3.72174	0.917983	0.708188	-0.331793
4.745	0.86684	3.72571	0.914442	0.709304	-0.331681
4.75	0.863775	3.72966	0.910896	0.710425	-0.331558
4.755	0.860696	3.7336	0.907343	0.711548	-0.331422
4.76	0.857602	3.73752	0.903786	0.712676	-0.331273
4.765	0.854495	3.74144	0.900222	0.713807	-0.331113
4.77	0.851374	3.74535	0.896653	0.714942	-0.33094
4.775	0.848239	3.74924	0.893079	0.716081	-0.330755
4.78	0.84509	3.75313	0.889498	0.717223	-0.330557
4.785	0.841927	3.757	0.885912	0.71837	-0.330347
4.79	0.83875	3.76086	0.88232	0.71952	-0.330125
4.795	0.83556	3.76471	0.878723	0.720674	-0.32989
4.8	0.832355	3.76855	0.875119	0.721831	-0.329642
4.805	0.829137	3.77237	0.87151	0.722993	-0.329382
4.81	0.825905	3.77619	0.867895	0.724159	-0.329109
4.815	0.822659	3.77999	0.864274	0.725329	-0.328824
4.82	0.819399	3.78378	0.860648	0.726502	-0.328526
4.825	0.816125	3.78756	0.857015	0.72768	-0.328215
4.83	0.812838	3.79133	0.853377	0.728862	-0.327892
4.835	0.809537	3.79509	0.849732	0.730048	-0.327556
4.84	0.806223	3.79883	0.846082	0.731238	-0.327207
4.845	0.802894	3.80256	0.842426	0.732432	-0.326846
4.85	0.799552	3.80628	0.838764	0.733631	-0.326471
4.855	0.796197	3.80999	0.835096	0.734834	-0.326084
4.86	0.792828	3.81368	0.831422	0.736041	-0.325684
4.865	0.789445	3.81736	0.827741	0.737252	-0.325271
4.87	0.786049	3.82103	0.824055	0.738468	-0.324846
4.875	0.782639	3.82469	0.820363	0.739688	-0.324407
4.88	0.779216	3.82833	0.816664	0.740913	-0.323955
4.885	0.775779	3.83197	0.81296	0.742142	-0.323491
4.89	0.772329	3.83558	0.809249	0.743376	-0.323013
4.895	0.768865	3.83919	0.805532	0.744614	-0.322523
4.9	0.765388	3.84278	0.801809	0.745857	-0.322019
4.905	0.761898	3.84636	0.79808	0.747105	-0.321502
4.91	0.758394	3.84993	0.794344	0.748357	-0.320973
4.915	0.754877	3.85348	0.790602	0.749614	-0.32043
4.92	0.751346	3.85703	0.786854	0.750876	-0.319874
4.925	0.747803	3.86055	0.7831	0.752143	-0.319305
4.93	0.744246	3.86407	0.779339	0.753414	-0.318723
4.935	0.740676	3.86757	0.775572	0.754691	-0.318128
4.94	0.737093	3.87105	0.771799	0.755973	-0.31752
4.945	0.733496	3.87453	0.768019	0.75726	-0.316898
4.95	0.729887	3.87799	0.764233	0.758551	-0.316264
4.955	0.726264	3.88143	0.76044	0.759848	-0.315616
4.96	0.722628	3.88487	0.756641	0.761151	-0.314954
4.965	0.718979	3.88828	0.752835	0.762458	-0.31428
4.97	0.715318	3.89169	0.749023	0.763771	-0.313593
4.975	0.711643	3.89508	0.745204	0.765089	-0.312892
4.98	0.707955	3.89846	0.741378	0.766413	-0.312178
4.985	0.704255	3.90182	0.737546	0.767742	-0.31145
4.99	0.700541	3.90517	0.733707	0.769077	-0.310709
4.995	0.696815	3.9085	0.729862	0.770418	-0.309955
5	0.693076	3.91182	0.72601	0.771764	-0.309188
5.005	0.689324	3.91513	0.722151	0.773116	-0.308408
5.01	0.685559	3.91842	0.718286	0.774474	-0.307614
5.015	0.681782	3.92169	0.714413	0.775838	-0.306806
5.02	0.677992	3.92495	0.710534	0.777207	-0.305986
5.025	0.674189	3.9282	0.706648	0.778583	-0.305152
5.03	0.670373	3.93143	0.702755	0.779965	-0.304304
5.035	0.666546	3.93465	0.698855	0.781353	-0.303444
5.04	0.662705	3.93785	0.694948	0.782748	-0.30257
5.045	0.658852	3.94104	0.691035	0.784149	-0.301682
5.05	0.654987	3.94421	0.687114	0.785556	-0.300782
5.055	0.651109	3.94736	0.683186	0.78697	-0.299867
5.06	0.647219	3.95051	0.679251	0.78839	-0.29894
5.065	0.643316	3.95363	0.675309	0.789818	-0.297999
5.07	0.639401	3.95674	0.67136	0.791251	-0.297045
5.075	0.635474	3.95984	0.667404	0.792692	-0.296077
5.08	0.631535	3.96291	0.663441	0.79414	-0.295096
5.085	0.627583	3.96598	0.65947	0.795595	-0.294101
5.09	0.623619	3.96903	0.655492	0.797057	-0.293093
5.095	0.619644	3.97206	0.651507	0.798527	-0.292072
5.1	0.615656	3.97507	0.647514	0.800003	-0.291037
5.105	0.611656	3.97807	0.643514	0.801487	-0.289989
5.11	0.607644	3.98106	0.639507	0.802979	-0.288928
5.115	0.60362	3.98403	0.635492	0.804479	-0.287853
5.12	0.599584	3.98698	0.631469	0.805986	-0.286765
5.125	0.595536	3.98991	0.627439	0.807501	-0.285663
5.13	0.591477	3.99283	0.623402	0.809025	-0.284548
5.135	0.587406	3.99573	0.619357	0.810556	-0.28342
5.14	0.583323	3.99862	0.615304	0.812096	-0.282278
5.145	0.579228	4.00149	0.611243	0.813644	-0.281123
5.15	0.575122	4.00434	0.607175	0.815201	-0.279954
5.155	0.571004	4.00718	0.603099	0.816766	-0.278773
5.16	0.566874	4.01	0.599015	0.818341	-0.277577
5.165	0.562733	4.0128	0.594924	0.819924	-0.276369
5.17	0.558581	4.01559	0.590824	0.821516	-0.275147
5.175	0.554417	4.01835	0.586716	0.823118	-0.273912
5.18	0.550242	4.0211	0.582601	0.824729	-0.272663
5.185	0.546055	4.02384	0.578477	0.826349	-0.271402
5.19	0.541858	4.02655	0.574346	0.82798	-0.270126
5.195	0.537649	4.02925	0.570206	0.82962	-0.268838
5.2	0.533429	4.03194	0.566058	0.83127	-0.267536
5.205	0.529197	4.0346	0.561901	0.832931	-0.266221
5.21	0.524955	4.03725	0.557737	0.834602	-0.264893
5.215	0.520702	4.03987	0.553564	0.836284	-0.263552
5.22	0.516438	4.04248	0.549382	0.837976	-0.262197
5.225	0.512163	4.04508	0.545192	0.83968	-0.260829
5.23	0.507877	4.04765	0.540994	0.841394	-0.259448
5.235	0.50358	4.05021	0.536787	0.84312	-0.258053
5.24	0.499272	4.05275	0.532571	0.844858	-0.256646
5.245	0.494954	4.05527	0.528347	0.846608	-0.255225
5.25	0.490625	4.05777	0.524114	0.84837	-0.253791
5.255	0.486286	4.06026	0.519872	0.850144	-0.252344
5.26	0.481936	4.06272	0.515621	0.85193	-0.250884
5.265	0.477575	4.06517	0.511362	0.85373	-0.24941
5.27	0.473205	4.0676	0.507093	0.855543	-0.247924
5.275	0.468823	4.07	0.502815	0.857368	-0.246424
5.28	0.464432	4.0724	0.498528	0.859208	-0.244911
5.285	0.46003	4.07477	0.494232	0.861062	-0.243386
5.29	0.455619	4.07712	0.489927	0.862929	-0.241847
5.295	0.451197	4.07945	0.485612	0.864812	-0.240295
5.3	0.446765	4.08177	0.481288	0.866709	-0.23873
5.305	0.442323	4.08406	0.476955	0.868621	-0.237152
5.31	0.437871	4.08634	0.472612	0.870549	-0.235561
5.315	0.433409	4.0886	0.468259	0.872492	-0.233957
5.32	0.428937	4.09083	0.463897	0.874452	-0.23234
5.325	0.424456	4.09305	0.459524	0.876429	-0.230711
5.33	0.419965	4.09525	0.455142	0.878422	-0.229068
5.335	0.415464	4.09743	0.45075	0.880433	-0.227412
5.34	0.410954	4.09959	0.446348	0.882461	-0.225743
5.345	0.406435	4.10172	0.441936	0.884508	-0.224062
5.35	0.401906	4.10384	0.437513	0.886574	-0.222368
5.355	0.397367	4.10594	0.43308	0.888658	-0.22066
5.36	0.39282	4.10802	0.428637	0.890762	-0.21894
5.365	0.388263	4.11008	0.424183	0.892887	-0.217207
5.37	0.383697	4.11211	0.419719	0.895032	-0.215462
5.375	0.379122	4.11413	0.415243	0.897198	-0.213703
5.38	0.374537	4.11613	0.410757	0.899386	-0.211932
5.385	0.369944	4.1181	0.406261	0.901597	-0.210148
5.39	0.365343	4.12006	0.401753	0.90383	-0.208351
5.395	0.360732	4.12199	0.397233	0.906087	-0.206541
5.4	0.356113	4.12391	0.392703	0.908368	-0.204719
5.405	0.351484	4.1258	0.388161	0.910674	-0.202884
5.41	0.346848	4.12767	0.383608	0.913006	-0.201036
5.415	0.342203	4.12952	0.379043	0.915365	-0.199175
5.42	0.337549	4.13135	0.374466	0.91775	-0.197302
5.425	0.332887	4.13316	0.369877	0.920164	-0.195416
5.43	0.328217	4.13494	0.365276	0.922607	-0.193518
5.435	0.323539	4.13671	0.360663	0.925079	-0.191607
5.44	0.318853	4.13845	0.356038	0.927583	-0.189683
5.445	0.314158	4.14017	0.3514	0.930118	-0.187746
5.45	0.309456	4.14187	0.346749	0.932686	-0.185797
5.455	0.304745	4.14355	0.342086	0.935288	-0.183835
5.46	0.300027	4.1452	0.33741	0.937926	-0.181861
5.465	0.295302	4.14684	0.33272	0.940599	-0.179873
5.47	0.290568	4.14845	0.328017	0.943311	-0.177874
5.475	0.285827	4.15004	0.3233	0.946061	-0.175861
5.48	0.281079	4.1516	0.31857	0.948852	-0.173836
5.485	0.276323	4.15315	0.313826	0.951685	-0.171799
5.49	0.27156	4.15467	0.309067	0.954561	-0.169748
5.495	0.26679	4.15616	0.304295	0.957483	-0.167685
5.5	0.262012	4.15764	0.299507	0.960451	-0.16561
5.505	0.257228	4.15909	0.294705	0.963469	-0.163521
5.51	0.252436	4.16052	0.289888	0.966538	-0.16142
5.515	0.247638	4.16193	0.285055	0.96966	-0.159307
5.52	0.242833	4.16331	0.280207	0.972837	-0.15718
5.525	0.238021	4.16467	0.275342	0.976072	-0.155041
5.53	0.233203	4.16601	0.270462	0.979368	-0.15289
5.535	0.228378	4.16732	0.265565	0.982727	-0.150725
5.54	0.223547	4.16861	0.260652	0.986152	-0.148548
5.545	0.21871	4.16987	0.255721	0.989647	-0.146358
5.55	0.213866	4.17111	0.250773	0.993215	-0.144155
5.555	0.209017	4.17233	0.245806	0.996859	-0.141939
5.56	0.204161	4.17352	0.240822	1.00058	-0.13971
5.565	0.199299	4.17469	0.235819	1.00439	-0.137468
5.57	0.194432	4.17583	0.230797	1.00829	-0.135214
5.575	0.189559	4.17695	0.225756	1.01229	-0.132946
5.58	0.18468	4.17805	0.220694	1.01638	-0.130666
5.585	0.179796	4.17912	0.215612	1.02058	-0.128372
5.59	0.174906	4.18016	0.21051	1.0249	-0.126066
5.595	0.170011	4.18118	0.205385	1.02933	-0.123746
5.6	0.165111	4.18218	0.200238	1.0339	-0.121413
5.605	0.160206	4.18314	0.195069	1.0386	-0.119067
5.61	0.155296	4.18409	0.189876	1.04344	-0.116708
5.615	0.150381	4.18501	0.184659	1.04845	-0.114336
5.62	0.145461	4.1859	0.179416	1.05362	-0.111951
5.625	0.140537	4.18676	0.174148	1.05898	-0.109552
5.63	0.135608	4.18761	0.168853	1.06454	-0.10714
5.635	0.130675	4.18842	0.163531	1.07031	-0.104716
5.64	0.125737	4.18921	0.158179	1.07632	-0.102278
5.645	0.120795	4.18997	0.152798	1.08259	-0.0998274
5.65	0.115849	4.1907	0.147385	1.08915	-0.0973642
5.655	0.1109	4.19141	0.141939	1.09602	-0.0948886
5.66	0.105946	4.19209	0.136459	1.10324	-0.0924009
5.665	0.100989	4.19274	0.130943	1.11085	-0.0899017
5.67	0.0960283	4.19337	0.125388	1.11891	-0.0873916
5.675	0.0910641	4.19397	0.119794	1.12747	-0.0848713
5.68	0.0860967	4.19453	0.114156	1.13661	-0.0823421
5.685	0.0811261	4.19508	0.108473	1.14642	-0.0798054
5.69	0.0761524	4.19559	0.102741	1.15701	-0.0772633
5.695	0.0711759	4.19607	0.0969562	1.16854	-0.0747185
5.7	0.0661966	4.19653	0.0911135	1.18118	-0.0721749
5.705	0.0612148	4.19695	0.0852076	1.1952	-0.0696378
5.71	0.0562305	4.19735	0.0792316	1.21095	-0.0671145
5.715	0.0512439	4.19771	0.0731769	1.2289	-0.0646161
5.72	0.0462551	4.19805	0.0670324	1.24978	-0.0621586
5.725	0.0412643	4.19835	0.0607835	1.27468	-0.0597665
5.73	0.0362717	4.19863	0.0544101	1.30533	-0.0574789
5.735	0.0312774	4.19886	0.0478834	1.34473	-0.055361
5.74	0.0262817	4.19907	0.0411597	1.39841	-0.0535294
5.745	0.0212846	4.19924	0.0341677	1.47778	-0.0522119
5.75	0.0162864	4.19937	0.0267787	1.61009	-0.0519179
5.755	0.0112873	4.19947	0.0187283	1.87589	-0.0540588
5.76	0.00628749	4.19952	0.00934887	2.61516	-0.0646113
5.765	0.00128753	4.1995	-0.00372693	6.84033	-0.167427
