descriptor s_test R_test Z_test
0	1.41749	9.99999e-006	0.002	-0.402156	-0.00161574
0.005	1.41249	3.00539e-005	0.00401078	-0.404321	-0.00324727
0.01	1.40749	6.02156e-005	0.00603239	-0.406493	-0.0048946
0.015	1.40249	0.000100539	0.00806485	-0.408673	-0.00655777
0.02	1.39749	0.00015108	0.0101082	-0.410861	-0.00823682
0.025	1.39249	0.000211891	0.0121625	-0.413057	-0.00993178
0.03	1.38749	0.000283027	0.0142278	-0.415262	-0.0116427
0.035	1.38249	0.000364544	0.0163041	-0.417476	-0.0133695
0.04	1.37749	0.000456496	0.0183915	-0.419698	-0.0151124
0.045	1.37249	0.000558939	0.02049	-0.42193	-0.0168714
0.05	1.3675	0.000671928	0.0225996	-0.42417	-0.0186464
0.055	1.3625	0.000795518	0.0247205	-0.42642	-0.0204375
0.06	1.3575	0.000929764	0.0268526	-0.42868	-0.0222447
0.065	1.3525	0.00107472	0.028996	-0.430949	-0.0240682
0.07	1.3475	0.00123045	0.0311507	-0.433229	-0.0259078
0.075	1.34251	0.00139701	0.0333169	-0.435518	-0.0277638
0.08	1.33751	0.00157444	0.0354945	-0.437818	-0.029636
0.085	1.33251	0.00176281	0.0376835	-0.440128	-0.0315245
0.09	1.32752	0.00196218	0.0398842	-0.442449	-0.0334294
0.095	1.32252	0.0021726	0.0420964	-0.44478	-0.0353507
0.1	1.31753	0.00239413	0.0443203	-0.447123	-0.0372884
0.105	1.31253	0.00262683	0.0465559	-0.449477	-0.0392426
0.11	1.30754	0.00287075	0.0488033	-0.451843	-0.0412133
0.115	1.30254	0.00312595	0.0510625	-0.45422	-0.0432006
0.12	1.29755	0.00339249	0.0533337	-0.45661	-0.0452044
0.125	1.29256	0.00367043	0.0556167	-0.459011	-0.0472249
0.13	1.28757	0.00395983	0.0579118	-0.461425	-0.0492621
0.135	1.28258	0.00426074	0.0602189	-0.463852	-0.0513159
0.14	1.27759	0.00457323	0.0625381	-0.466291	-0.0533865
0.145	1.2726	0.00489735	0.0648696	-0.468744	-0.0554739
0.15	1.26761	0.00523316	0.0672133	-0.47121	-0.0575782
0.155	1.26262	0.00558073	0.0695694	-0.473689	-0.0596993
0.16	1.25763	0.00594011	0.0719378	-0.476183	-0.0618373
0.165	1.25265	0.00631136	0.0743187	-0.47869	-0.0639923
0.17	1.24766	0.00669454	0.0767122	-0.481212	-0.0661642
0.175	1.24268	0.00708972	0.0791182	-0.483748	-0.0683533
0.18	1.23769	0.00749695	0.081537	-0.4863	-0.0705594
0.185	1.23271	0.0079163	0.0839685	-0.488866	-0.0727826
0.19	1.22773	0.00834783	0.0864128	-0.491448	-0.075023
0.195	1.22275	0.0087916	0.08887	-0.494045	-0.0772807
0.2	1.21777	0.00924766	0.0913403	-0.496659	-0.0795556
0.205	1.21279	0.00971609	0.0938236	-0.499288	-0.0818478
0.21	1.20782	0.0101969	0.09632	-0.501935	-0.0841574
0.215	1.20284	0.0106903	0.0988297	-0.504598	-0.0864844
0.22	1.19787	0.0111962	0.101353	-0.507278	-0.0888288
0.225	1.19289	0.0117147	0.103889	-0.509976	-0.0911908
0.23	1.18792	0.0122459	0.106439	-0.512691	-0.0935703
0.235	1.18295	0.0127898	0.109002	-0.515425	-0.0959674
0.24	1.17798	0.0133466	0.11158	-0.518177	-0.0983822
0.245	1.17301	0.0139162	0.11417	-0.520948	-0.100815
0.25	1.16805	0.0144987	0.116775	-0.523737	-0.103265
0.255	1.16308	0.0150943	0.119394	-0.526547	-0.105733
0.26	1.15812	0.0157029	0.122027	-0.529376	-0.108219
0.265	1.15316	0.0163247	0.124673	-0.532225	-0.110723
0.27	1.1482	0.0169596	0.127335	-0.535094	-0.113244
0.275	1.14324	0.0176078	0.13001	-0.537985	-0.115784
0.28	1.13829	0.0182694	0.1327	-0.540896	-0.118342
0.285	1.13333	0.0189443	0.135404	-0.543829	-0.120918
0.29	1.12838	0.0196328	0.138124	-0.546784	-0.123512
0.295	1.12343	0.0203347	0.140858	-0.549762	-0.126125
0.3	1.11848	0.0210503	0.143606	-0.552762	-0.128756
0.305	1.11353	0.0217795	0.14637	-0.555785	-0.131405
0.31	1.10859	0.0225225	0.149149	-0.558832	-0.134072
0.315	1.10365	0.0232793	0.151943	-0.561902	-0.136758
0.32	1.09871	0.02405	0.154753	-0.564997	-0.139463
0.325	1.09377	0.0248346	0.157578	-0.568117	-0.142186
0.33	1.08883	0.0256333	0.160418	-0.571262	-0.144928
0.335	1.0839	0.026446	0.163275	-0.574433	-0.147688
0.34	1.07897	0.0272729	0.166147	-0.57763	-0.150468
0.345	1.07404	0.0281141	0.169035	-0.580854	-0.153266
0.35	1.06911	0.0289696	0.171939	-0.584104	-0.156083
0.355	1.06419	0.0298394	0.17486	-0.587382	-0.158919
0.36	1.05927	0.0307237	0.177797	-0.590688	-0.161774
0.365	1.05435	0.0316226	0.18075	-0.594023	-0.164649
0.37	1.04943	0.032536	0.18372	-0.597387	-0.167542
0.375	1.04452	0.0334641	0.186707	-0.60078	-0.170455
0.38	1.03961	0.034407	0.189711	-0.604203	-0.173387
0.385	1.0347	0.0353647	0.192732	-0.607657	-0.176338
0.39	1.0298	0.0363373	0.19577	-0.611142	-0.179309
0.395	1.0249	0.0373249	0.198826	-0.614659	-0.182299
0.4	1.02	0.0383276	0.201899	-0.618208	-0.185309
0.405	1.0151	0.0393453	0.20499	-0.621789	-0.188339
0.41	1.01021	0.0403783	0.208099	-0.625404	-0.191388
0.415	1.00532	0.0414266	0.211226	-0.629053	-0.194457
0.42	1.00044	0.0424903	0.214372	-0.632737	-0.197547
0.425	0.995555	0.0435694	0.217535	-0.636456	-0.200656
0.43	0.990676	0.0446641	0.220718	-0.64021	-0.203785
0.435	0.985801	0.0457743	0.223919	-0.644001	-0.206934
0.44	0.98093	0.0469003	0.227139	-0.647829	-0.210103
0.445	0.976062	0.048042	0.230378	-0.651695	-0.213293
0.45	0.971197	0.0491996	0.233636	-0.655599	-0.216503
0.455	0.966337	0.0503731	0.236914	-0.659542	-0.219733
0.46	0.961481	0.0515627	0.240212	-0.663525	-0.222984
0.465	0.956628	0.0527683	0.24353	-0.667548	-0.226256
0.47	0.95178	0.0539901	0.246867	-0.671613	-0.229548
0.475	0.946936	0.0552283	0.250225	-0.675719	-0.232861
0.48	0.942095	0.0564827	0.253604	-0.679868	-0.236195
0.485	0.93726	0.0577536	0.257003	-0.68406	-0.239549
0.49	0.932428	0.0590411	0.260424	-0.688296	-0.242925
0.495	0.927601	0.0603452	0.263865	-0.692578	-0.246322
0.5	0.922779	0.0616659	0.267328	-0.696905	-0.249739
0.505	0.917961	0.0630035	0.270812	-0.701278	-0.253178
0.51	0.913148	0.064358	0.274319	-0.705699	-0.256639
0.515	0.90834	0.0657294	0.277847	-0.710168	-0.260121
0.52	0.903537	0.0671179	0.281398	-0.714686	-0.263624
0.525	0.898738	0.0685235	0.284972	-0.719254	-0.267149
0.53	0.893945	0.0699464	0.288568	-0.723872	-0.270695
0.535	0.889157	0.0713867	0.292187	-0.728543	-0.274263
0.54	0.884374	0.0728444	0.29583	-0.733265	-0.277853
0.545	0.879597	0.0743195	0.299496	-0.738042	-0.281465
0.55	0.874825	0.0758124	0.303187	-0.742872	-0.285099
0.555	0.870058	0.0773229	0.306901	-0.747758	-0.288755
0.56	0.865298	0.0788512	0.31064	-0.7527	-0.292433
0.565	0.860543	0.0803975	0.314403	-0.7577	-0.296134
0.57	0.855794	0.0819617	0.318192	-0.762758	-0.299856
0.575	0.851051	0.0835441	0.322005	-0.767875	-0.303601
0.58	0.846314	0.0851446	0.325845	-0.773053	-0.307369
0.585	0.841583	0.0867635	0.32971	-0.778292	-0.311159
0.59	0.836859	0.0884007	0.333602	-0.783594	-0.314972
0.595	0.832141	0.0900564	0.33752	-0.788959	-0.318807
0.6	0.82743	0.0917308	0.341464	-0.794389	-0.322665
0.605	0.822725	0.0934238	0.345436	-0.799884	-0.326546
0.61	0.818027	0.0951357	0.349436	-0.805447	-0.33045
0.615	0.813336	0.0968664	0.353463	-0.811078	-0.334377
0.62	0.808652	0.0986161	0.357518	-0.816778	-0.338327
0.625	0.803976	0.100385	0.361602	-0.822548	-0.342301
0.63	0.799306	0.102173	0.365715	-0.828391	-0.346297
0.635	0.794644	0.103981	0.369857	-0.834306	-0.350317
0.64	0.78999	0.105807	0.374028	-0.840296	-0.35436
0.645	0.785343	0.107654	0.37823	-0.84636	-0.358427
0.65	0.780705	0.10952	0.382462	-0.852502	-0.362517
0.655	0.776074	0.111406	0.386724	-0.858722	-0.36663
0.66	0.771451	0.113311	0.391018	-0.865021	-0.370768
0.665	0.766837	0.115237	0.395343	-0.871401	-0.374929
0.67	0.762231	0.117183	0.3997	-0.877863	-0.379113
0.675	0.757634	0.119148	0.404089	-0.884409	-0.383321
0.68	0.753045	0.121135	0.408511	-0.891039	-0.387553
0.685	0.748466	0.123141	0.412966	-0.897756	-0.391809
0.69	0.743895	0.125168	0.417455	-0.90456	-0.396089
0.695	0.739334	0.127216	0.421978	-0.911454	-0.400393
0.7	0.734782	0.129285	0.426535	-0.918438	-0.40472
0.705	0.730239	0.131374	0.431128	-0.925515	-0.409072
0.71	0.725706	0.133485	0.435755	-0.932685	-0.413447
0.715	0.721183	0.135616	0.440419	-0.93995	-0.417847
0.72	0.716671	0.137769	0.445118	-0.947312	-0.42227
0.725	0.712168	0.139943	0.449855	-0.954772	-0.426717
0.73	0.707676	0.142139	0.454629	-0.962332	-0.431188
0.735	0.703195	0.144356	0.45944	-0.969993	-0.435684
0.74	0.698724	0.146595	0.46429	-0.977758	-0.440202
0.745	0.694264	0.148856	0.469179	-0.985626	-0.444745
0.75	0.689816	0.151139	0.474107	-0.993601	-0.449312
0.755	0.685379	0.153444	0.479075	-1.00168	-0.453902
0.76	0.680953	0.155771	0.484084	-1.00988	-0.458516
0.765	0.676539	0.15812	0.489133	-1.01818	-0.463154
0.77	0.672138	0.160492	0.494224	-1.0266	-0.467815
0.775	0.667748	0.162886	0.499357	-1.03513	-0.4725
0.78	0.663371	0.165303	0.504533	-1.04377	-0.477208
0.785	0.659007	0.167743	0.509751	-1.05254	-0.481939
0.79	0.654655	0.170205	0.515014	-1.06142	-0.486694
0.795	0.650317	0.172691	0.520321	-1.07042	-0.491471
0.8	0.645992	0.1752	0.525673	-1.07955	-0.496271
0.805	0.641681	0.177732	0.531071	-1.0888	-0.501093
0.81	0.637383	0.180288	0.536515	-1.09818	-0.505938
0.815	0.6331	0.182867	0.542006	-1.10768	-0.510806
0.82	0.628831	0.18547	0.547544	-1.11732	-0.515695
0.825	0.624577	0.188097	0.553131	-1.12708	-0.520606
0.83	0.620337	0.190748	0.558766	-1.13698	-0.525538
0.835	0.616113	0.193423	0.564451	-1.14701	-0.530492
0.84	0.611904	0.196122	0.570186	-1.15718	-0.535466
0.845	0.60771	0.198845	0.575972	-1.16748	-0.540461
0.85	0.603533	0.201593	0.58181	-1.17792	-0.545476
0.855	0.599372	0.204365	0.587699	-1.1885	-0.550511
0.86	0.595227	0.207162	0.593642	-1.19922	-0.555566
0.865	0.5911	0.209983	0.599638	-1.21009	-0.560639
0.87	0.586989	0.21283	0.605688	-1.2211	-0.565731
0.875	0.582896	0.215702	0.611794	-1.23225	-0.570841
0.88	0.578821	0.218599	0.617955	-1.24355	-0.575969
0.885	0.574763	0.221521	0.624173	-1.25499	-0.581113
0.89	0.570725	0.224468	0.630448	-1.26659	-0.586274
0.895	0.566704	0.227441	0.636781	-1.27833	-0.591451
0.9	0.562703	0.23044	0.643172	-1.29023	-0.596643
0.905	0.558722	0.233464	0.649623	-1.30227	-0.601849
0.91	0.55476	0.236515	0.656135	-1.31447	-0.60707
0.915	0.550819	0.239591	0.662707	-1.32682	-0.612303
0.92	0.546897	0.242693	0.669341	-1.33932	-0.617548
0.925	0.542997	0.245822	0.676038	-1.35197	-0.622805
0.93	0.539118	0.248977	0.682798	-1.36478	-0.628072
0.935	0.535261	0.252158	0.689622	-1.37774	-0.633348
0.94	0.531425	0.255366	0.69651	-1.39085	-0.638633
0.945	0.527612	0.2586	0.703465	-1.40412	-0.643925
0.95	0.523822	0.261861	0.710485	-1.41753	-0.649224
0.955	0.520055	0.265149	0.717573	-1.4311	-0.654528
0.96	0.516311	0.268463	0.724728	-1.44482	-0.659836
0.965	0.512592	0.271805	0.731952	-1.45869	-0.665147
0.97	0.508897	0.275174	0.739246	-1.47271	-0.670459
0.975	0.505227	0.278569	0.746609	-1.48687	-0.675771
0.98	0.501583	0.281992	0.754044	-1.50118	-0.681082
0.985	0.497964	0.285443	0.76155	-1.51563	-0.686389
0.99	0.494371	0.28892	0.769128	-1.53022	-0.691692
0.995	0.490805	0.292425	0.776779	-1.54494	-0.69699
1	0.487267	0.295957	0.784504	-1.55981	-0.702279
1.005	0.483756	0.299517	0.792303	-1.5748	-0.707558
1.01	0.480273	0.303105	0.800177	-1.58992	-0.712826
1.015	0.476818	0.30672	0.808126	-1.60517	-0.71808
1.02	0.473393	0.310362	0.816152	-1.62053	-0.723319
1.025	0.469998	0.314032	0.824255	-1.63601	-0.728541
1.03	0.466632	0.31773	0.832435	-1.6516	-0.733742
1.035	0.463298	0.321456	0.840693	-1.6673	-0.738921
1.04	0.459994	0.325209	0.849029	-1.68309	-0.744076
1.045	0.456722	0.32899	0.857445	-1.69897	-0.749204
1.05	0.453483	0.332798	0.86594	-1.71494	-0.754303
1.055	0.450276	0.336635	0.874514	-1.73099	-0.759369
1.06	0.447102	0.340498	0.883169	-1.7471	-0.764401
1.065	0.443963	0.34439	0.891905	-1.76328	-0.769395
1.07	0.440857	0.348309	0.900721	-1.77951	-0.774349
1.075	0.437787	0.352255	0.909619	-1.79578	-0.77926
1.08	0.434752	0.356229	0.918598	-1.81208	-0.784124
1.085	0.431754	0.36023	0.927658	-1.82841	-0.788938
1.09	0.428792	0.364258	0.9368	-1.84474	-0.7937
1.095	0.425867	0.368314	0.946024	-1.86108	-0.798405
1.1	0.422981	0.372396	0.955329	-1.8774	-0.803051
1.105	0.420133	0.376506	0.964716	-1.8937	-0.807634
1.11	0.417323	0.380642	0.974185	-1.90995	-0.81215
1.115	0.414554	0.384805	0.983734	-1.92615	-0.816596
1.12	0.411824	0.388994	0.993365	-1.94228	-0.820968
1.125	0.409136	0.39321	1.00308	-1.95833	-0.825261
1.13	0.406489	0.397451	1.01287	-1.97427	-0.829473
1.135	0.403883	0.401719	1.02274	-1.9901	-0.833599
1.14	0.401321	0.406013	1.03269	-2.00579	-0.837635
1.145	0.398802	0.410331	1.04272	-2.02133	-0.841578
1.15	0.396326	0.414676	1.05283	-2.0367	-0.845422
1.155	0.393895	0.419045	1.06301	-2.05188	-0.849164
1.16	0.391508	0.423438	1.07327	-2.06685	-0.8528
1.165	0.389168	0.427857	1.0836	-2.08158	-0.856325
1.17	0.386873	0.432299	1.09401	-2.09607	-0.859735
1.175	0.384625	0.436765	1.10449	-2.11029	-0.863026
1.18	0.382424	0.441255	1.11504	-2.12421	-0.866193
1.185	0.380272	0.445768	1.12566	-2.13782	-0.869232
1.19	0.378167	0.450303	1.13635	-2.15109	-0.872139
1.195	0.376111	0.454861	1.14711	-2.164	-0.874909
1.2	0.374105	0.459441	1.15793	-2.17653	-0.877539
1.205	0.372149	0.464042	1.16881	-2.18865	-0.880024
1.21	0.370243	0.468665	1.17975	-2.20035	-0.88236
1.215	0.368388	0.473308	1.19076	-2.21159	-0.884543
1.22	0.366585	0.477972	1.20181	-2.22236	-0.886568
1.225	0.364834	0.482655	1.21293	-2.23264	-0.888433
1.23	0.363135	0.487357	1.22409	-2.24239	-0.890133
1.235	0.361489	0.492079	1.2353	-2.25161	-0.891664
1.24	0.359896	0.496818	1.24656	-2.26026	-0.893023
1.245	0.358356	0.501575	1.25786	-2.26832	-0.894207
1.25	0.356871	0.50635	1.2692	-2.27578	-0.895212
1.255	0.35544	0.51114	1.28058	-2.28261	-0.896036
1.26	0.354064	0.515947	1.29199	-2.28879	-0.896674
1.265	0.352743	0.52077	1.30344	-2.29431	-0.897126
1.27	0.351478	0.525607	1.31491	-2.29914	-0.897388
1.275	0.350268	0.530458	1.3264	-2.30327	-0.897457
1.28	0.349114	0.535323	1.33792	-2.30668	-0.897333
1.285	0.348016	0.540201	1.34945	-2.30935	-0.897012
1.29	0.346975	0.545092	1.361	-2.31127	-0.896495
1.295	0.34599	0.549994	1.37256	-2.31244	-0.895778
1.3	0.345062	0.554907	1.38412	-2.31283	-0.894862
1.305	0.344191	0.559831	1.39568	-2.31243	-0.893746
1.31	0.343377	0.564764	1.40725	-2.31124	-0.892429
1.315	0.34262	0.569706	1.4188	-2.30925	-0.89091
1.32	0.34192	0.574657	1.43035	-2.30646	-0.889191
1.325	0.341277	0.579615	1.44188	-2.30285	-0.887272
1.33	0.340692	0.584581	1.45339	-2.29842	-0.885153
1.335	0.340163	0.589553	1.46489	-2.29318	-0.882835
1.34	0.339692	0.594531	1.47635	-2.28713	-0.88032
1.345	0.339277	0.599514	1.48779	-2.28026	-0.877609
1.35	0.338919	0.604501	1.49919	-2.27257	-0.874704
1.355	0.338618	0.609492	1.51055	-2.26409	-0.871608
1.36	0.338374	0.614486	1.52187	-2.2548	-0.868322
1.365	0.338186	0.619482	1.53315	-2.24473	-0.86485
1.37	0.338054	0.62448	1.54437	-2.23387	-0.861195
1.375	0.337977	0.62948	1.55554	-2.22224	-0.857359
1.38	0.337957	0.63448	1.56665	-2.20986	-0.853347
1.385	0.337991	0.63948	1.5777	-2.19674	-0.849162
1.39	0.338081	0.644479	1.58868	-2.18289	-0.844808
1.395	0.338225	0.649477	1.5996	-2.16832	-0.840289
1.4	0.338423	0.654473	1.61044	-2.15307	-0.83561
1.405	0.338675	0.659466	1.62121	-2.13714	-0.830775
1.41	0.33898	0.664457	1.63189	-2.12057	-0.825788
1.415	0.339338	0.669444	1.64249	-2.10336	-0.820656
1.42	0.339749	0.674427	1.65301	-2.08554	-0.815381
1.425	0.340211	0.679406	1.66344	-2.06714	-0.809971
1.43	0.340725	0.684379	1.67377	-2.04817	-0.80443
1.435	0.34129	0.689347	1.68402	-2.02867	-0.798763
1.44	0.341905	0.694309	1.69416	-2.00866	-0.792976
1.445	0.34257	0.699265	1.7042	-1.98815	-0.787073
1.45	0.343285	0.704214	1.71414	-1.96719	-0.781062
1.455	0.344048	0.709155	1.72398	-1.94579	-0.774946
1.46	0.344859	0.714089	1.73371	-1.92398	-0.768732
1.465	0.345717	0.719015	1.74333	-1.90179	-0.762426
1.47	0.346622	0.723932	1.75284	-1.87924	-0.756031
1.475	0.347573	0.728841	1.76223	-1.85636	-0.749555
1.48	0.34857	0.73374	1.77151	-1.83318	-0.743003
1.485	0.349612	0.738631	1.78068	-1.80971	-0.73638
1.49	0.350698	0.743511	1.78973	-1.786	-0.729691
1.495	0.351828	0.748382	1.79866	-1.76205	-0.722941
1.5	0.353	0.753243	1.80747	-1.73791	-0.716137
1.505	0.354214	0.758093	1.81616	-1.71358	-0.709282
1.51	0.35547	0.762933	1.82473	-1.6891	-0.702382
1.515	0.356767	0.767762	1.83317	-1.66449	-0.695441
1.52	0.358104	0.772579	1.84149	-1.63977	-0.688466
1.525	0.359481	0.777386	1.84969	-1.61497	-0.681459
1.53	0.360896	0.782182	1.85777	-1.5901	-0.674426
1.535	0.362349	0.786966	1.86572	-1.56518	-0.667372
1.54	0.36384	0.791739	1.87354	-1.54025	-0.6603
1.545	0.365368	0.796499	1.88125	-1.5153	-0.653214
1.55	0.366931	0.801249	1.88882	-1.49038	-0.646119
1.555	0.36853	0.805986	1.89627	-1.46548	-0.639019
1.56	0.370163	0.810712	1.9036	-1.44064	-0.631916
1.565	0.371831	0.815426	1.9108	-1.41586	-0.624816
1.57	0.373532	0.820127	1.91788	-1.39116	-0.617721
1.575	0.375265	0.824817	1.92484	-1.36656	-0.610634
1.58	0.377031	0.829495	1.93167	-1.34207	-0.60356
1.585	0.378827	0.834161	1.93838	-1.3177	-0.5965
1.59	0.380655	0.838815	1.94497	-1.29347	-0.589458
1.595	0.382512	0.843457	1.95144	-1.26939	-0.582437
1.6	0.384399	0.848088	1.95779	-1.24546	-0.575438
1.605	0.386315	0.852706	1.96401	-1.22171	-0.568466
1.61	0.388259	0.857313	1.97012	-1.19814	-0.561521
1.615	0.390231	0.861908	1.97611	-1.17476	-0.554607
1.62	0.392229	0.866491	1.98199	-1.15157	-0.547726
1.625	0.394254	0.871063	1.98774	-1.12859	-0.540878
1.63	0.396305	0.875623	1.99339	-1.10582	-0.534068
1.635	0.398381	0.880171	1.99892	-1.08327	-0.527295
1.64	0.400481	0.884709	2.00433	-1.06095	-0.520562
1.645	0.402605	0.889235	2.00964	-1.03886	-0.513871
1.65	0.404753	0.89375	2.01483	-1.017	-0.507223
1.655	0.406924	0.898254	2.01992	-0.995386	-0.500618
1.66	0.409118	0.902748	2.02489	-0.974014	-0.49406
1.665	0.411333	0.90723	2.02976	-0.952889	-0.487548
1.67	0.413569	0.911702	2.03453	-0.932015	-0.481083
1.675	0.415826	0.916164	2.03919	-0.911395	-0.474668
1.68	0.418104	0.920615	2.04375	-0.89103	-0.468302
1.685	0.420401	0.925056	2.0482	-0.870923	-0.461986
1.69	0.422718	0.929487	2.05255	-0.851074	-0.455722
1.695	0.425053	0.933908	2.05681	-0.831485	-0.44951
1.7	0.427407	0.938319	2.06097	-0.812157	-0.44335
1.705	0.429779	0.942721	2.06503	-0.793091	-0.437243
1.71	0.432168	0.947113	2.06899	-0.774285	-0.43119
1.715	0.434575	0.951496	2.07287	-0.755741	-0.425191
1.72	0.436997	0.95587	2.07664	-0.737458	-0.419246
1.725	0.439436	0.960234	2.08033	-0.719435	-0.413356
1.73	0.441891	0.96459	2.08393	-0.701672	-0.407521
1.735	0.444361	0.968938	2.08744	-0.684168	-0.401741
1.74	0.446845	0.973277	2.09086	-0.666921	-0.396017
1.745	0.449344	0.977607	2.09419	-0.64993	-0.390347
1.75	0.451857	0.98193	2.09744	-0.633193	-0.384734
1.755	0.454384	0.986244	2.10061	-0.616709	-0.379176
1.76	0.456924	0.990551	2.10369	-0.600475	-0.373673
1.765	0.459478	0.99485	2.10669	-0.584491	-0.368226
1.77	0.462043	0.999142	2.10962	-0.568753	-0.362834
1.775	0.464621	1.00343	2.11246	-0.553259	-0.357498
1.78	0.467211	1.0077	2.11523	-0.538008	-0.352217
1.785	0.469812	1.01197	2.11792	-0.522996	-0.346991
1.79	0.472424	1.01624	2.12053	-0.508222	-0.34182
1.795	0.475047	1.02049	2.12307	-0.493682	-0.336704
1.8	0.477681	1.02474	2.12554	-0.479374	-0.331642
1.805	0.480325	1.02899	2.12794	-0.465295	-0.326634
1.81	0.482978	1.03322	2.13026	-0.451443	-0.321681
1.815	0.485642	1.03746	2.13252	-0.437814	-0.316781
1.82	0.488314	1.04168	2.13471	-0.424406	-0.311934
1.825	0.490996	1.0459	2.13683	-0.411217	-0.307141
1.83	0.493686	1.05012	2.13889	-0.398242	-0.3024
1.835	0.496384	1.05433	2.14088	-0.385479	-0.297712
1.84	0.499091	1.05853	2.14281	-0.372926	-0.293076
1.845	0.501805	1.06273	2.14467	-0.360579	-0.288491
1.85	0.504527	1.06692	2.14647	-0.348435	-0.283958
1.855	0.507257	1.07111	2.14822	-0.336491	-0.279476
1.86	0.509993	1.0753	2.1499	-0.324745	-0.275045
1.865	0.512736	1.07948	2.15152	-0.313193	-0.270664
1.87	0.515486	1.08365	2.15309	-0.301833	-0.266332
1.875	0.518242	1.08783	2.1546	-0.290661	-0.26205
1.88	0.521004	1.09199	2.15605	-0.279675	-0.257817
1.885	0.523772	1.09616	2.15745	-0.268871	-0.253633
1.89	0.526545	1.10032	2.15879	-0.258247	-0.249497
1.895	0.529324	1.10447	2.16009	-0.2478	-0.245408
1.9	0.532108	1.10863	2.16132	-0.237527	-0.241367
1.905	0.534897	1.11278	2.16251	-0.227425	-0.237373
1.91	0.537691	1.11692	2.16365	-0.217492	-0.233425
1.915	0.540489	1.12107	2.16474	-0.207724	-0.229524
1.92	0.543291	1.12521	2.16578	-0.198119	-0.225668
1.925	0.546098	1.12935	2.16677	-0.188674	-0.221857
1.93	0.548908	1.13348	2.16771	-0.179386	-0.218091
1.935	0.551722	1.13762	2.16861	-0.170253	-0.214369
1.94	0.55454	1.14175	2.16946	-0.161272	-0.210691
1.945	0.557361	1.14587	2.17026	-0.15244	-0.207057
1.95	0.560185	1.15	2.17103	-0.143755	-0.203466
1.955	0.563012	1.15412	2.17174	-0.135215	-0.199918
1.96	0.565842	1.15825	2.17242	-0.126816	-0.196411
1.965	0.568675	1.16237	2.17305	-0.118557	-0.192947
1.97	0.57151	1.16649	2.17365	-0.110435	-0.189524
1.975	0.574347	1.1706	2.1742	-0.102447	-0.186142
1.98	0.577186	1.17472	2.17471	-0.094591	-0.182801
1.985	0.580028	1.17883	2.17519	-0.0868649	-0.1795
1.99	0.582871	1.18295	2.17562	-0.0792663	-0.176239
1.995	0.585716	1.18706	2.17602	-0.071793	-0.173017
2	0.588562	1.19117	2.17637	-0.0644426	-0.169834
2.005	0.591409	1.19528	2.1767	-0.057213	-0.16669
2.01	0.594258	1.19939	2.17698	-0.050102	-0.163584
2.015	0.597108	1.2035	2.17723	-0.0431074	-0.160516
2.02	0.599958	1.2076	2.17745	-0.0362273	-0.157485
2.025	0.60281	1.21171	2.17763	-0.0294595	-0.154492
2.03	0.605662	1.21582	2.17778	-0.0228021	-0.151535
2.035	0.608514	1.21992	2.17789	-0.0162529	-0.148614
2.04	0.611367	1.22403	2.17797	-0.00981017	-0.14573
2.045	0.61422	1.22814	2.17802	-0.00347186	-0.142881
2.05	0.617073	1.23224	2.17804	0.0027639	-0.140068
2.055	0.619926	1.23635	2.17803	0.00889894	-0.137289
2.06	0.622778	1.24045	2.17798	0.0149351	-0.134545
2.065	0.625631	1.24456	2.17791	0.0208742	-0.131835
2.07	0.628483	1.24867	2.1778	0.0267179	-0.129159
2.075	0.631334	1.25278	2.17767	0.032468	-0.126517
2.08	0.634185	1.25688	2.17751	0.0381263	-0.123908
2.085	0.637035	1.26099	2.17732	0.0436943	-0.121331
2.09	0.639885	1.2651	2.1771	0.0491736	-0.118788
2.095	0.642733	1.26921	2.17685	0.054566	-0.116276
2.1	0.64558	1.27332	2.17658	0.059873	-0.113797
2.105	0.648425	1.27743	2.17628	0.0650961	-0.111349
2.11	0.65127	1.28154	2.17595	0.0702368	-0.108932
2.115	0.654113	1.28566	2.1756	0.0752967	-0.106547
2.12	0.656954	1.28977	2.17523	0.0802772	-0.104192
2.125	0.659794	1.29389	2.17482	0.0851797	-0.101868
2.13	0.662632	1.298	2.1744	0.0900057	-0.0995732
2.135	0.665468	1.30212	2.17395	0.0947566	-0.0973088
2.14	0.668303	1.30624	2.17347	0.0994336	-0.0950738
2.145	0.671135	1.31036	2.17298	0.104038	-0.0928682
2.15	0.673965	1.31448	2.17246	0.108572	-0.0906915
2.155	0.676793	1.3186	2.17191	0.113035	-0.0885436
2.16	0.679618	1.32273	2.17135	0.11743	-0.0864241
2.165	0.682441	1.32686	2.17076	0.121758	-0.0843328
2.17	0.685262	1.33099	2.17015	0.126019	-0.0822695
2.175	0.68808	1.33512	2.16952	0.130215	-0.0802338
2.18	0.690895	1.33925	2.16887	0.134348	-0.0782255
2.185	0.693708	1.34338	2.1682	0.138418	-0.0762444
2.19	0.696517	1.34752	2.16751	0.142426	-0.0742901
2.195	0.699324	1.35166	2.1668	0.146374	-0.0723626
2.2	0.702128	1.3558	2.16606	0.150263	-0.0704615
2.205	0.704928	1.35994	2.16531	0.154093	-0.0685866
2.21	0.707726	1.36408	2.16454	0.157866	-0.0667376
2.215	0.71052	1.36823	2.16375	0.161583	-0.0649144
2.22	0.71331	1.37238	2.16295	0.165245	-0.0631167
2.225	0.716098	1.37653	2.16212	0.168852	-0.0613442
2.23	0.718881	1.38068	2.16127	0.172406	-0.0595968
2.235	0.721662	1.38484	2.16041	0.175908	-0.0578742
2.24	0.724438	1.389	2.15953	0.179358	-0.0561763
2.245	0.727211	1.39316	2.15864	0.182758	-0.0545027
2.25	0.72998	1.39732	2.15772	0.186108	-0.0528534
2.255	0.732745	1.40149	2.15679	0.18941	-0.0512281
2.26	0.735506	1.40565	2.15584	0.192663	-0.0496265
2.265	0.738264	1.40982	2.15488	0.19587	-0.0480485
2.27	0.741017	1.414	2.1539	0.199031	-0.046494
2.275	0.743766	1.41818	2.15291	0.202146	-0.0449626
2.28	0.74651	1.42235	2.1519	0.205216	-0.0434542
2.285	0.749251	1.42654	2.15087	0.208243	-0.0419687
2.29	0.751987	1.43072	2.14983	0.211227	-0.0405057
2.295	0.754718	1.43491	2.14877	0.214168	-0.0390652
2.3	0.757446	1.4391	2.1477	0.217068	-0.037647
2.305	0.760168	1.44329	2.14662	0.219927	-0.0362509
2.31	0.762886	1.44749	2.14552	0.222746	-0.0348766
2.315	0.7656	1.45169	2.1444	0.225526	-0.0335241
2.32	0.768308	1.45589	2.14328	0.228266	-0.0321931
2.325	0.771012	1.4601	2.14213	0.230969	-0.0308836
2.33	0.773711	1.46431	2.14098	0.233635	-0.0295952
2.335	0.776405	1.46852	2.13981	0.236263	-0.0283279
2.34	0.779094	1.47274	2.13863	0.238856	-0.0270815
2.345	0.781778	1.47695	2.13744	0.241413	-0.0258558
2.35	0.784457	1.48118	2.13623	0.243935	-0.0246507
2.355	0.787131	1.4854	2.13501	0.246423	-0.023466
2.36	0.789799	1.48963	2.13378	0.248878	-0.0223015
2.365	0.792462	1.49386	2.13253	0.251299	-0.0211572
2.37	0.79512	1.4981	2.13128	0.253688	-0.0200328
2.375	0.797773	1.50233	2.13001	0.256044	-0.0189282
2.38	0.80042	1.50658	2.12873	0.25837	-0.0178433
2.385	0.803062	1.51082	2.12744	0.260664	-0.0167779
2.39	0.805698	1.51507	2.12613	0.262928	-0.0157319
2.395	0.808329	1.51932	2.12482	0.265162	-0.014705
2.4	0.810953	1.52358	2.12349	0.267367	-0.0136973
2.405	0.813573	1.52784	2.12215	0.269544	-0.0127086
2.41	0.816186	1.5321	2.12081	0.271691	-0.0117386
2.415	0.818794	1.53637	2.11945	0.273811	-0.0107873
2.42	0.821396	1.54063	2.11808	0.275904	-0.00985458
2.425	0.823992	1.54491	2.1167	0.27797	-0.00894026
2.43	0.826582	1.54919	2.11531	0.280009	-0.00804423
2.435	0.829166	1.55347	2.11391	0.282022	-0.00716636
2.44	0.831744	1.55775	2.1125	0.28401	-0.00630652
2.445	0.834316	1.56204	2.11108	0.285972	-0.00546459
2.45	0.836881	1.56633	2.10965	0.28791	-0.00464044
2.455	0.839441	1.57062	2.10821	0.289823	-0.00383395
2.46	0.841994	1.57492	2.10676	0.291713	-0.003045
2.465	0.844541	1.57923	2.1053	0.293579	-0.00227348
2.47	0.847082	1.58353	2.10384	0.295422	-0.00151926
2.475	0.849616	1.58784	2.10236	0.297242	-0.00078222
2.48	0.852144	1.59216	2.10087	0.299041	-6.22577e-005
2.485	0.854666	1.59647	2.09938	0.300817	0.000640746
2.49	0.857181	1.60079	2.09787	0.302571	0.0013269
2.495	0.85969	1.60512	2.09636	0.304304	0.00199633
2.5	0.862191	1.60945	2.09484	0.306017	0.00264913
2.505	0.864687	1.61378	2.09331	0.307709	0.00328541
2.51	0.867175	1.61812	2.09177	0.309381	0.00390529
2.515	0.869657	1.62246	2.09022	0.311032	0.00450886
2.52	0.872132	1.6268	2.08867	0.312665	0.00509624
2.525	0.874601	1.63115	2.0871	0.314278	0.00566752
2.53	0.877062	1.6355	2.08553	0.315873	0.00622282
2.535	0.879517	1.63986	2.08395	0.317448	0.00676223
2.54	0.881965	1.64422	2.08237	0.319006	0.00728585
2.545	0.884406	1.64858	2.08077	0.320546	0.00779379
2.55	0.886839	1.65295	2.07917	0.322068	0.00828614
2.555	0.889266	1.65732	2.07756	0.323573	0.008763
2.56	0.891686	1.6617	2.07594	0.32506	0.00922447
2.565	0.894098	1.66608	2.07431	0.326531	0.00967064
2.57	0.896504	1.67046	2.07268	0.327986	0.0101016
2.575	0.898902	1.67485	2.07104	0.329424	0.0105175
2.58	0.901293	1.67924	2.0694	0.330846	0.0109183
2.585	0.903677	1.68364	2.06774	0.332253	0.0113043
2.59	0.906053	1.68803	2.06608	0.333644	0.0116754
2.595	0.908422	1.69244	2.06441	0.33502	0.0120317
2.6	0.910784	1.69684	2.06274	0.336382	0.0123734
2.605	0.913138	1.70126	2.06105	0.337728	0.0127006
2.61	0.915485	1.70567	2.05937	0.33906	0.0130133
2.615	0.917824	1.71009	2.05767	0.340378	0.0133116
2.62	0.920156	1.71451	2.05597	0.341682	0.0135955
2.625	0.92248	1.71894	2.05426	0.342972	0.0138653
2.63	0.924797	1.72337	2.05255	0.344249	0.014121
2.635	0.927106	1.72781	2.05082	0.345513	0.0143626
2.64	0.929407	1.73224	2.0491	0.346763	0.0145903
2.645	0.931701	1.73669	2.04736	0.348001	0.014804
2.65	0.933987	1.74113	2.04562	0.349226	0.015004
2.655	0.936265	1.74558	2.04388	0.350439	0.0151903
2.66	0.938535	1.75004	2.04212	0.351639	0.0153629
2.665	0.940798	1.7545	2.04037	0.352828	0.015522
2.67	0.943052	1.75896	2.0386	0.354005	0.0156676
2.675	0.945299	1.76343	2.03683	0.35517	0.0157999
2.68	0.947538	1.7679	2.03506	0.356323	0.0159188
2.685	0.949769	1.77237	2.03327	0.357466	0.0160245
2.69	0.951992	1.77685	2.03149	0.358597	0.016117
2.695	0.954206	1.78133	2.02969	0.359718	0.0161964
2.7	0.956413	1.78582	2.0279	0.360828	0.0162629
2.705	0.958612	1.79031	2.02609	0.361928	0.0163164
2.71	0.960802	1.79481	2.02428	0.363017	0.016357
2.715	0.962985	1.79931	2.02247	0.364096	0.0163849
2.72	0.965159	1.80381	2.02065	0.365165	0.0164001
2.725	0.967325	1.80831	2.01882	0.366224	0.0164026
2.73	0.969482	1.81283	2.01699	0.367274	0.0163926
2.735	0.971632	1.81734	2.01515	0.368314	0.0163701
2.74	0.973773	1.82186	2.01331	0.369345	0.0163352
2.745	0.975906	1.82638	2.01146	0.370367	0.0162879
2.75	0.97803	1.83091	2.00961	0.37138	0.0162284
2.755	0.980146	1.83544	2.00776	0.372384	0.0161567
2.76	0.982253	1.83997	2.00589	0.373379	0.0160728
2.765	0.984352	1.84451	2.00403	0.374366	0.0159769
2.77	0.986443	1.84905	2.00216	0.375344	0.015869
2.775	0.988525	1.8536	2.00028	0.376314	0.0157492
2.78	0.990598	1.85815	1.9984	0.377276	0.0156175
2.785	0.992663	1.8627	1.99651	0.37823	0.0154741
2.79	0.994719	1.86726	1.99462	0.379176	0.0153189
2.795	0.996767	1.87182	1.99272	0.380115	0.0151521
2.8	0.998806	1.87638	1.99082	0.381046	0.0149737
2.805	1.00084	1.88095	1.98892	0.381969	0.0147838
2.81	1.00286	1.88553	1.98701	0.382885	0.0145824
2.815	1.00487	1.8901	1.98509	0.383794	0.0143697
2.82	1.00687	1.89469	1.98317	0.384696	0.0141457
2.825	1.00887	1.89927	1.98125	0.385591	0.0139104
2.83	1.01086	1.90386	1.97932	0.386479	0.0136639
2.835	1.01283	1.90845	1.97739	0.38736	0.0134063
2.84	1.0148	1.91305	1.97545	0.388235	0.0131377
2.845	1.01676	1.91765	1.97351	0.389104	0.0128581
2.85	1.01871	1.92225	1.97157	0.389966	0.0125675
2.855	1.02065	1.92686	1.96962	0.390821	0.0122661
2.86	1.02259	1.93147	1.96766	0.391671	0.011954
2.865	1.02451	1.93608	1.9657	0.392514	0.011631
2.87	1.02642	1.9407	1.96374	0.393352	0.0112974
2.875	1.02833	1.94533	1.96178	0.394184	0.0109533
2.88	1.03023	1.94995	1.9598	0.39501	0.0105985
2.885	1.03211	1.95458	1.95783	0.395831	0.0102333
2.89	1.03399	1.95922	1.95585	0.396646	0.00985768
2.895	1.03586	1.96385	1.95387	0.397455	0.0094717
2.9	1.03772	1.9685	1.95188	0.39826	0.00907542
2.905	1.03957	1.97314	1.94989	0.399059	0.00866892
2.91	1.04141	1.97779	1.94789	0.399853	0.00825224
2.915	1.04324	1.98244	1.94589	0.400642	0.00782546
2.92	1.04507	1.9871	1.94389	0.401426	0.00738863
2.925	1.04688	1.99176	1.94188	0.402205	0.00694182
2.93	1.04868	1.99642	1.93987	0.40298	0.00648508
2.935	1.05048	2.00109	1.93786	0.403749	0.00601848
2.94	1.05226	2.00576	1.93584	0.404515	0.00554207
2.945	1.05404	2.01043	1.93382	0.405275	0.00505592
2.95	1.0558	2.01511	1.93179	0.406032	0.00456009
2.955	1.05756	2.01979	1.92976	0.406784	0.00405464
2.96	1.05931	2.02448	1.92773	0.407532	0.00353962
2.965	1.06104	2.02916	1.92569	0.408275	0.00301509
2.97	1.06277	2.03386	1.92365	0.409015	0.00248113
2.975	1.06449	2.03855	1.9216	0.409751	0.00193777
2.98	1.0662	2.04325	1.91955	0.410482	0.0013851
2.985	1.0679	2.04795	1.9175	0.41121	0.000823152
2.99	1.06959	2.05266	1.91544	0.411934	0.000252
2.995	1.07127	2.05737	1.91339	0.412655	-0.000328302
3	1.07294	2.06208	1.91132	0.413372	-0.000917693
3.005	1.0746	2.0668	1.90925	0.414085	-0.00151612
3.01	1.07625	2.07152	1.90718	0.414795	-0.00212351
3.015	1.07789	2.07624	1.90511	0.415501	-0.00273982
3.02	1.07952	2.08097	1.90303	0.416204	-0.00336499
3.025	1.08114	2.0857	1.90095	0.416904	-0.00399895
3.03	1.08275	2.09043	1.89887	0.417601	-0.00464165
3.035	1.08435	2.09517	1.89678	0.418294	-0.00529304
3.04	1.08594	2.09991	1.89469	0.418984	-0.00595305
3.045	1.08753	2.10465	1.89259	0.419672	-0.00662162
3.05	1.0891	2.1094	1.89049	0.420356	-0.0072987
3.055	1.09066	2.11415	1.88839	0.421038	-0.00798423
3.06	1.09221	2.1189	1.88629	0.421717	-0.00867816
3.065	1.09375	2.12366	1.88418	0.422393	-0.00938042
3.07	1.09528	2.12842	1.88207	0.423067	-0.010091
3.075	1.0968	2.13318	1.87995	0.423737	-0.0108097
3.08	1.09831	2.13795	1.87783	0.424406	-0.0115366
3.085	1.09982	2.14272	1.87571	0.425071	-0.0122717
3.09	1.10131	2.14749	1.87359	0.425735	-0.0130147
3.095	1.10279	2.15226	1.87146	0.426396	-0.0137658
3.1	1.10426	2.15704	1.86933	0.427054	-0.0145248
3.105	1.10572	2.16182	1.86719	0.427711	-0.0152917
3.11	1.10717	2.16661	1.86505	0.428365	-0.0160664
3.115	1.10861	2.1714	1.86291	0.429017	-0.0168488
3.12	1.11004	2.17619	1.86076	0.429666	-0.017639
3.125	1.11146	2.18098	1.85862	0.430314	-0.0184368
3.13	1.11287	2.18578	1.85646	0.43096	-0.0192422
3.135	1.11426	2.19058	1.85431	0.431604	-0.0200551
3.14	1.11565	2.19538	1.85215	0.432246	-0.0208755
3.145	1.11703	2.20019	1.84999	0.432886	-0.0217033
3.15	1.1184	2.205	1.84783	0.433524	-0.0225385
3.155	1.11976	2.20981	1.84566	0.43416	-0.023381
3.16	1.1211	2.21463	1.84349	0.434795	-0.0242308
3.165	1.12244	2.21945	1.84131	0.435428	-0.0250877
3.17	1.12376	2.22427	1.83914	0.436059	-0.0259518
3.175	1.12508	2.22909	1.83696	0.436689	-0.0268229
3.18	1.12638	2.23392	1.83477	0.437318	-0.0277011
3.185	1.12768	2.23875	1.83259	0.437944	-0.0285863
3.19	1.12896	2.24358	1.8304	0.43857	-0.0294783
3.195	1.13023	2.24842	1.8282	0.439194	-0.0303772
3.2	1.1315	2.25325	1.82601	0.439817	-0.0312829
3.205	1.13275	2.25809	1.82381	0.440438	-0.0321953
3.21	1.13399	2.26294	1.82161	0.441058	-0.0331145
3.215	1.13522	2.26778	1.8194	0.441677	-0.0340402
3.22	1.13644	2.27263	1.81719	0.442295	-0.0349725
3.225	1.13765	2.27748	1.81498	0.442911	-0.0359113
3.23	1.13885	2.28234	1.81277	0.443527	-0.0368566
3.235	1.14003	2.2872	1.81055	0.444141	-0.0378083
3.24	1.14121	2.29206	1.80833	0.444754	-0.0387663
3.245	1.14238	2.29692	1.8061	0.445367	-0.0397306
3.25	1.14353	2.30178	1.80388	0.445978	-0.0407011
3.255	1.14467	2.30665	1.80165	0.446589	-0.0416778
3.26	1.14581	2.31152	1.79941	0.447198	-0.0426606
3.265	1.14693	2.31639	1.79718	0.447807	-0.0436494
3.27	1.14804	2.32127	1.79494	0.448415	-0.0446443
3.275	1.14914	2.32614	1.7927	0.449022	-0.0456451
3.28	1.15023	2.33102	1.79045	0.449629	-0.0466518
3.285	1.15131	2.33591	1.7882	0.450235	-0.0476643
3.29	1.15238	2.34079	1.78595	0.45084	-0.0486826
3.295	1.15343	2.34568	1.7837	0.451444	-0.0497066
3.3	1.15448	2.35057	1.78144	0.452048	-0.0507362
3.305	1.15551	2.35546	1.77918	0.452651	-0.0517715
3.31	1.15654	2.36035	1.77692	0.453254	-0.0528122
3.315	1.15755	2.36525	1.77465	0.453857	-0.0538585
3.32	1.15855	2.37015	1.77238	0.454458	-0.0549102
3.325	1.15954	2.37505	1.77011	0.45506	-0.0559673
3.33	1.16052	2.37995	1.76784	0.455661	-0.0570297
3.335	1.16149	2.38486	1.76556	0.456262	-0.0580973
3.34	1.16244	2.38977	1.76328	0.456862	-0.0591701
3.345	1.16339	2.39468	1.76099	0.457462	-0.0602481
3.35	1.16432	2.39959	1.7587	0.458062	-0.0613312
3.355	1.16524	2.4045	1.75641	0.458661	-0.0624192
3.36	1.16616	2.40942	1.75412	0.459261	-0.0635123
3.365	1.16706	2.41434	1.75182	0.45986	-0.0646102
3.37	1.16795	2.41926	1.74952	0.460459	-0.065713
3.375	1.16882	2.42418	1.74722	0.461057	-0.0668206
3.38	1.16969	2.4291	1.74492	0.461656	-0.067933
3.385	1.17054	2.43403	1.74261	0.462255	-0.06905
3.39	1.17139	2.43896	1.7403	0.462853	-0.0701716
3.395	1.17222	2.44389	1.73798	0.463452	-0.0712978
3.4	1.17304	2.44882	1.73567	0.46405	-0.0724285
3.405	1.17385	2.45376	1.73335	0.464649	-0.0735637
3.41	1.17465	2.45869	1.73102	0.465247	-0.0747032
3.415	1.17543	2.46363	1.7287	0.465846	-0.0758471
3.42	1.17621	2.46857	1.72637	0.466445	-0.0769952
3.425	1.17697	2.47351	1.72403	0.467044	-0.0781475
3.43	1.17772	2.47845	1.7217	0.467643	-0.079304
3.435	1.17846	2.4834	1.71936	0.468242	-0.0804646
3.44	1.17919	2.48835	1.71702	0.468841	-0.0816293
3.445	1.17991	2.49329	1.71468	0.469441	-0.0827979
3.45	1.18061	2.49824	1.71233	0.470041	-0.0839704
3.455	1.18131	2.5032	1.70998	0.470641	-0.0851468
3.46	1.18199	2.50815	1.70763	0.471242	-0.086327
3.465	1.18266	2.5131	1.70527	0.471843	-0.0875109
3.47	1.18332	2.51806	1.70291	0.472444	-0.0886986
3.475	1.18397	2.52302	1.70055	0.473045	-0.0898898
3.48	1.1846	2.52798	1.69818	0.473647	-0.0910846
3.485	1.18522	2.53294	1.69581	0.474249	-0.092283
3.49	1.18584	2.5379	1.69344	0.474852	-0.0934847
3.495	1.18644	2.54286	1.69107	0.475455	-0.0946899
3.5	1.18702	2.54783	1.68869	0.476059	-0.0958984
3.505	1.1876	2.5528	1.68631	0.476663	-0.0971102
3.51	1.18816	2.55776	1.68393	0.477268	-0.0983252
3.515	1.18872	2.56273	1.68154	0.477873	-0.0995433
3.52	1.18926	2.5677	1.67915	0.478479	-0.100765
3.525	1.18979	2.57268	1.67676	0.479085	-0.101989
3.53	1.1903	2.57765	1.67436	0.479692	-0.103216
3.535	1.19081	2.58262	1.67197	0.480299	-0.104446
3.54	1.1913	2.5876	1.66956	0.480907	-0.105679
3.545	1.19178	2.59258	1.66716	0.481516	-0.106915
3.55	1.19225	2.59755	1.66475	0.482126	-0.108153
3.555	1.19271	2.60253	1.66234	0.482736	-0.109395
3.56	1.19315	2.60751	1.65993	0.483347	-0.110639
3.565	1.19359	2.6125	1.65751	0.483958	-0.111885
3.57	1.19401	2.61748	1.65509	0.48457	-0.113134
3.575	1.19442	2.62246	1.65267	0.485183	-0.114385
3.58	1.19481	2.62744	1.65024	0.485797	-0.115639
3.585	1.1952	2.63243	1.64781	0.486412	-0.116895
3.59	1.19557	2.63742	1.64538	0.487027	-0.118153
3.595	1.19593	2.6424	1.64295	0.487644	-0.119413
3.6	1.19628	2.64739	1.64051	0.488261	-0.120676
3.605	1.19662	2.65238	1.63807	0.488879	-0.121941
3.61	1.19694	2.65737	1.63562	0.489498	-0.123207
3.615	1.19725	2.66236	1.63318	0.490117	-0.124476
3.62	1.19755	2.66735	1.63072	0.490738	-0.125746
3.625	1.19784	2.67234	1.62827	0.49136	-0.127019
3.63	1.19811	2.67733	1.62581	0.491982	-0.128293
3.635	1.19838	2.68233	1.62335	0.492606	-0.129569
3.64	1.19863	2.68732	1.62089	0.49323	-0.130846
3.645	1.19886	2.69232	1.61843	0.493856	-0.132125
3.65	1.19909	2.69731	1.61596	0.494482	-0.133406
3.655	1.1993	2.70231	1.61348	0.495109	-0.134688
3.66	1.1995	2.7073	1.61101	0.495738	-0.135971
3.665	1.19969	2.7123	1.60853	0.496368	-0.137256
3.67	1.19987	2.7173	1.60605	0.496998	-0.138542
3.675	1.20003	2.72229	1.60356	0.49763	-0.139829
3.68	1.20018	2.72729	1.60107	0.498263	-0.141118
3.685	1.20032	2.73229	1.59858	0.498897	-0.142407
3.69	1.20045	2.73729	1.59609	0.499532	-0.143698
3.695	1.20056	2.74229	1.59359	0.500168	-0.144989
3.7	1.20066	2.74728	1.59109	0.500805	-0.146282
3.705	1.20075	2.75228	1.58859	0.501444	-0.147575
3.71	1.20083	2.75728	1.58608	0.502083	-0.148869
3.715	1.20089	2.76228	1.58357	0.502724	-0.150164
3.72	1.20095	2.76728	1.58105	0.503366	-0.151459
3.725	1.20098	2.77228	1.57854	0.50401	-0.152755
3.73	1.20101	2.77728	1.57602	0.504654	-0.154052
3.735	1.20102	2.78228	1.57349	0.5053	-0.155349
3.74	1.20102	2.78728	1.57097	0.505947	-0.156646
3.745	1.20101	2.79228	1.56844	0.506595	-0.157944
3.75	1.20099	2.79728	1.56591	0.507245	-0.159242
3.755	1.20095	2.80228	1.56337	0.507896	-0.160541
3.76	1.2009	2.80728	1.56083	0.508548	-0.161839
3.765	1.20084	2.81228	1.55829	0.509201	-0.163138
3.77	1.20076	2.81728	1.55574	0.509856	-0.164436
3.775	1.20068	2.82228	1.55319	0.510512	-0.165735
3.78	1.20057	2.82728	1.55064	0.51117	-0.167034
3.785	1.20046	2.83228	1.54808	0.511829	-0.168332
3.79	1.20033	2.83728	1.54552	0.512489	-0.16963
3.795	1.2002	2.84227	1.54296	0.513151	-0.170928
3.8	1.20004	2.84727	1.5404	0.513814	-0.172225
3.805	1.19988	2.85227	1.53783	0.514478	-0.173523
3.81	1.1997	2.85727	1.53525	0.515144	-0.174819
3.815	1.19951	2.86226	1.53268	0.515811	-0.176115
3.82	1.19931	2.86726	1.5301	0.51648	-0.177411
3.825	1.19909	2.87225	1.52752	0.51715	-0.178706
3.83	1.19886	2.87725	1.52493	0.517822	-0.18
3.835	1.19862	2.88224	1.52234	0.518495	-0.181294
3.84	1.19836	2.88724	1.51975	0.51917	-0.182586
3.845	1.1981	2.89223	1.51715	0.519846	-0.183878
3.85	1.19782	2.89722	1.51455	0.520524	-0.185168
3.855	1.19752	2.90221	1.51195	0.521203	-0.186458
3.86	1.19721	2.9072	1.50935	0.521884	-0.187747
3.865	1.19689	2.91219	1.50674	0.522566	-0.189034
3.87	1.19656	2.91718	1.50412	0.52325	-0.19032
3.875	1.19621	2.92217	1.50151	0.523935	-0.191605
3.88	1.19586	2.92716	1.49889	0.524622	-0.192889
3.885	1.19548	2.93214	1.49626	0.525311	-0.194171
3.89	1.1951	2.93713	1.49364	0.526001	-0.195451
3.895	1.1947	2.94211	1.49101	0.526693	-0.196731
3.9	1.19429	2.94709	1.48837	0.527386	-0.198008
3.905	1.19386	2.95208	1.48574	0.528081	-0.199284
3.91	1.19342	2.95706	1.4831	0.528778	-0.200558
3.915	1.19297	2.96204	1.48045	0.529476	-0.20183
3.92	1.19251	2.96702	1.47781	0.530176	-0.203101
3.925	1.19203	2.97199	1.47516	0.530877	-0.204369
3.93	1.19154	2.97697	1.4725	0.531581	-0.205636
3.935	1.19104	2.98194	1.46984	0.532286	-0.2069
3.94	1.19052	2.98692	1.46718	0.532992	-0.208163
3.945	1.18999	2.99189	1.46452	0.5337	-0.209423
3.95	1.18945	2.99686	1.46185	0.53441	-0.210681
3.955	1.18889	3.00183	1.45918	0.535122	-0.211936
3.96	1.18832	3.00679	1.4565	0.535836	-0.21319
3.965	1.18774	3.01176	1.45382	0.536551	-0.21444
3.97	1.18714	3.01672	1.45114	0.537268	-0.215689
3.975	1.18653	3.02169	1.44845	0.537987	-0.216934
3.98	1.1859	3.02665	1.44576	0.538707	-0.218178
3.985	1.18527	3.03161	1.44307	0.539429	-0.219418
3.99	1.18462	3.03657	1.44037	0.540153	-0.220656
3.995	1.18395	3.04152	1.43767	0.540879	-0.22189
4	1.18328	3.04647	1.43497	0.541607	-0.223122
4.005	1.18259	3.05143	1.43226	0.542336	-0.224351
4.01	1.18188	3.05638	1.42955	0.543067	-0.225577
4.015	1.18117	3.06133	1.42683	0.5438	-0.2268
4.02	1.18043	3.06627	1.42411	0.544535	-0.22802
4.025	1.17969	3.07122	1.42139	0.545272	-0.229237
4.03	1.17893	3.07616	1.41866	0.546011	-0.23045
4.035	1.17816	3.0811	1.41593	0.546751	-0.23166
4.04	1.17738	3.08604	1.4132	0.547493	-0.232867
4.045	1.17658	3.09097	1.41046	0.548237	-0.23407
4.05	1.17577	3.09591	1.40772	0.548984	-0.235269
4.055	1.17494	3.10084	1.40498	0.549731	-0.236465
4.06	1.1741	3.10577	1.40223	0.550481	-0.237658
4.065	1.17325	3.11069	1.39947	0.551233	-0.238846
4.07	1.17238	3.11562	1.39672	0.551987	-0.240031
4.075	1.1715	3.12054	1.39396	0.552742	-0.241212
4.08	1.17061	3.12546	1.3912	0.5535	-0.242389
4.085	1.1697	3.13038	1.38843	0.554259	-0.243562
4.09	1.16878	3.13529	1.38566	0.555021	-0.244731
4.095	1.16785	3.1402	1.38288	0.555784	-0.245896
4.1	1.1669	3.14511	1.3801	0.556549	-0.247057
4.105	1.16594	3.15002	1.37732	0.557317	-0.248214
4.11	1.16497	3.15492	1.37453	0.558086	-0.249366
4.115	1.16398	3.15982	1.37174	0.558857	-0.250514
4.12	1.16297	3.16472	1.36895	0.559631	-0.251658
4.125	1.16196	3.16962	1.36615	0.560406	-0.252797
4.13	1.16093	3.17451	1.36335	0.561183	-0.253931
4.135	1.15989	3.1794	1.36054	0.561962	-0.255061
4.14	1.15883	3.18429	1.35773	0.562744	-0.256186
4.145	1.15776	3.18917	1.35492	0.563527	-0.257306
4.15	1.15667	3.19405	1.3521	0.564312	-0.258422
4.155	1.15557	3.19893	1.34928	0.5651	-0.259533
4.16	1.15446	3.20381	1.34645	0.565889	-0.260639
4.165	1.15334	3.20868	1.34362	0.566681	-0.261739
4.17	1.1522	3.21355	1.34079	0.567475	-0.262835
4.175	1.15104	3.21841	1.33795	0.56827	-0.263926
4.18	1.14987	3.22327	1.33511	0.569068	-0.265011
4.185	1.14869	3.22813	1.33227	0.569868	-0.266092
4.19	1.1475	3.23299	1.32942	0.57067	-0.267166
4.195	1.14629	3.23784	1.32656	0.571474	-0.268236
4.2	1.14507	3.24269	1.32371	0.572281	-0.2693
4.205	1.14383	3.24753	1.32085	0.573089	-0.270359
4.21	1.14258	3.25237	1.31798	0.573899	-0.271412
4.215	1.14131	3.25721	1.31511	0.574712	-0.272459
4.22	1.14003	3.26204	1.31224	0.575527	-0.273501
4.225	1.13874	3.26687	1.30936	0.576344	-0.274537
4.23	1.13744	3.2717	1.30648	0.577163	-0.275567
4.235	1.13612	3.27652	1.30359	0.577984	-0.276591
4.24	1.13478	3.28134	1.3007	0.578808	-0.277609
4.245	1.13343	3.28616	1.29781	0.579634	-0.278622
4.25	1.13207	3.29097	1.29491	0.580462	-0.279628
4.255	1.1307	3.29577	1.29201	0.581292	-0.280628
4.26	1.12931	3.30058	1.2891	0.582124	-0.281622
4.265	1.1279	3.30537	1.28619	0.582959	-0.282609
4.27	1.12648	3.31017	1.28328	0.583795	-0.283591
4.275	1.12505	3.31496	1.28036	0.584634	-0.284566
4.28	1.12361	3.31975	1.27743	0.585476	-0.285534
4.285	1.12215	3.32453	1.27451	0.586319	-0.286496
4.29	1.12067	3.32931	1.27157	0.587165	-0.287452
4.295	1.11918	3.33408	1.26864	0.588013	-0.288401
4.3	1.11768	3.33885	1.2657	0.588864	-0.289343
4.305	1.11617	3.34361	1.26275	0.589716	-0.290278
4.31	1.11464	3.34837	1.25981	0.590571	-0.291207
4.315	1.11309	3.35313	1.25685	0.591428	-0.292128
4.32	1.11153	3.35788	1.2539	0.592288	-0.293043
4.325	1.10996	3.36263	1.25093	0.59315	-0.293951
4.33	1.10838	3.36737	1.24797	0.594014	-0.294851
4.335	1.10678	3.37211	1.245	0.594881	-0.295745
4.34	1.10516	3.37684	1.24202	0.59575	-0.296631
4.345	1.10353	3.38157	1.23905	0.596621	-0.297511
4.35	1.10189	3.38629	1.23606	0.597494	-0.298383
4.355	1.10023	3.39101	1.23307	0.59837	-0.299247
4.36	1.09856	3.39572	1.23008	0.599249	-0.300104
4.365	1.09688	3.40043	1.22709	0.60013	-0.300954
4.37	1.09518	3.40513	1.22409	0.601013	-0.301796
4.375	1.09347	3.40983	1.22108	0.601898	-0.30263
4.38	1.09174	3.41452	1.21807	0.602786	-0.303457
4.385	1.09	3.4192	1.21506	0.603677	-0.304276
4.39	1.08824	3.42389	1.21204	0.60457	-0.305088
4.395	1.08647	3.42856	1.20902	0.605465	-0.305891
4.4	1.08469	3.43323	1.20599	0.606363	-0.306687
4.405	1.08289	3.4379	1.20296	0.607263	-0.307474
4.41	1.08108	3.44256	1.19992	0.608166	-0.308254
4.415	1.07925	3.44721	1.19688	0.609071	-0.309025
4.42	1.07741	3.45186	1.19383	0.609978	-0.309789
4.425	1.07556	3.45651	1.19078	0.610889	-0.310544
4.43	1.07369	3.46114	1.18773	0.611801	-0.311291
4.435	1.0718	3.46578	1.18467	0.612716	-0.31203
4.44	1.06991	3.4704	1.18161	0.613634	-0.31276
4.445	1.068	3.47502	1.17854	0.614554	-0.313482
4.45	1.06607	3.47964	1.17547	0.615477	-0.314195
4.455	1.06413	3.48424	1.17239	0.616402	-0.3149
4.46	1.06218	3.48885	1.16931	0.61733	-0.315596
4.465	1.06021	3.49344	1.16622	0.618261	-0.316284
4.47	1.05823	3.49803	1.16313	0.619194	-0.316963
4.475	1.05623	3.50262	1.16003	0.62013	-0.317633
4.48	1.05422	3.5072	1.15693	0.621068	-0.318294
4.485	1.05219	3.51177	1.15383	0.622009	-0.318947
4.49	1.05016	3.51633	1.15072	0.622952	-0.31959
4.495	1.0481	3.52089	1.1476	0.623898	-0.320225
4.5	1.04603	3.52544	1.14448	0.624847	-0.32085
4.505	1.04395	3.52999	1.14136	0.625799	-0.321467
4.51	1.04186	3.53453	1.13823	0.626753	-0.322074
4.515	1.03975	3.53906	1.1351	0.62771	-0.322672
4.52	1.03762	3.54359	1.13196	0.628669	-0.323261
4.525	1.03548	3.54811	1.12881	0.629631	-0.32384
4.53	1.03333	3.55262	1.12567	0.630596	-0.32441
4.535	1.03116	3.55713	1.12251	0.631564	-0.324971
4.54	1.02898	3.56163	1.11936	0.632534	-0.325522
4.545	1.02679	3.56612	1.11619	0.633507	-0.326064
4.55	1.02458	3.5706	1.11302	0.634483	-0.326596
4.555	1.02235	3.57508	1.10985	0.635462	-0.327118
4.56	1.02011	3.57955	1.10668	0.636443	-0.327631
4.565	1.01786	3.58402	1.10349	0.637428	-0.328134
4.57	1.0156	3.58847	1.10031	0.638415	-0.328627
4.575	1.01331	3.59292	1.09711	0.639404	-0.32911
4.58	1.01102	3.59736	1.09392	0.640397	-0.329583
4.585	1.00871	3.6018	1.09071	0.641393	-0.330047
4.59	1.00639	3.60623	1.08751	0.642391	-0.3305
4.595	1.00405	3.61065	1.0843	0.643392	-0.330943
4.6	1.0017	3.61506	1.08108	0.644396	-0.331377
4.605	0.999331	3.61946	1.07786	0.645404	-0.3318
4.61	0.996951	3.62386	1.07463	0.646413	-0.332213
4.615	0.994556	3.62825	1.0714	0.647426	-0.332615
4.62	0.992147	3.63263	1.06816	0.648442	-0.333007
4.625	0.989725	3.637	1.06492	0.649461	-0.333389
4.63	0.987288	3.64137	1.06167	0.650483	-0.333761
4.635	0.984836	3.64573	1.05842	0.651507	-0.334122
4.64	0.982371	3.65008	1.05516	0.652535	-0.334472
4.645	0.979891	3.65442	1.0519	0.653566	-0.334812
4.65	0.977397	3.65875	1.04863	0.6546	-0.335142
4.655	0.974889	3.66308	1.04536	0.655636	-0.33546
4.66	0.972367	3.6674	1.04208	0.656676	-0.335768
4.665	0.969831	3.67171	1.0388	0.657719	-0.336066
4.67	0.967281	3.67601	1.03551	0.658765	-0.336352
4.675	0.964716	3.6803	1.03221	0.659814	-0.336628
4.68	0.962137	3.68458	1.02891	0.660866	-0.336892
4.685	0.959544	3.68886	1.02561	0.661922	-0.337146
4.69	0.956937	3.69312	1.0223	0.66298	-0.337389
4.695	0.954316	3.69738	1.01899	0.664042	-0.337621
4.7	0.951681	3.70163	1.01567	0.665107	-0.337841
4.705	0.949032	3.70587	1.01234	0.666175	-0.338051
4.71	0.946368	3.7101	1.00901	0.667246	-0.338249
4.715	0.94369	3.71433	1.00567	0.668321	-0.338437
4.72	0.940999	3.71854	1.00233	0.669398	-0.338613
4.725	0.938293	3.72274	0.998984	0.670479	-0.338777
4.73	0.935573	3.72694	0.995632	0.671564	-0.338931
4.735	0.932839	3.73113	0.992274	0.672651	-0.339072
4.74	0.930091	3.7353	0.988911	0.673742	-0.339203
4.745	0.927329	3.73947	0.985542	0.674837	-0.339322
4.75	0.924553	3.74363	0.982168	0.675934	-0.33943
4.755	0.921763	3.74778	0.978788	0.677035	-0.339525
4.76	0.918959	3.75192	0.975403	0.67814	-0.33961
4.765	0.916141	3.75605	0.972013	0.679248	-0.339683
4.77	0.913308	3.76017	0.968616	0.680359	-0.339744
4.775	0.910462	3.76428	0.965214	0.681474	-0.339793
4.78	0.907602	3.76838	0.961807	0.682592	-0.339831
4.785	0.904728	3.77247	0.958394	0.683714	-0.339856
4.79	0.90184	3.77655	0.954976	0.684839	-0.33987
4.795	0.898937	3.78063	0.951551	0.685968	-0.339873
4.8	0.896021	3.78469	0.948122	0.6871	-0.339863
4.805	0.893091	3.78874	0.944686	0.688237	-0.339841
4.81	0.890148	3.79278	0.941245	0.689376	-0.339807
4.815	0.88719	3.79681	0.937798	0.69052	-0.339761
4.82	0.884218	3.80083	0.934345	0.691667	-0.339704
4.825	0.881232	3.80484	0.930887	0.692817	-0.339634
4.83	0.878233	3.80884	0.927423	0.693972	-0.339552
4.835	0.87522	3.81283	0.923953	0.69513	-0.339457
4.84	0.872192	3.81681	0.920477	0.696292	-0.339351
4.845	0.869151	3.82078	0.916996	0.697457	-0.339232
4.85	0.866096	3.82474	0.913509	0.698627	-0.339101
4.855	0.863028	3.82869	0.910016	0.6998	-0.338958
4.86	0.859945	3.83262	0.906517	0.700978	-0.338803
4.865	0.856849	3.83655	0.903012	0.702159	-0.338635
4.87	0.853739	3.84047	0.899501	0.703344	-0.338454
4.875	0.850615	3.84437	0.895984	0.704533	-0.338261
4.88	0.847478	3.84826	0.892462	0.705726	-0.338056
4.885	0.844327	3.85214	0.888933	0.706923	-0.337838
4.89	0.841162	3.85602	0.885398	0.708124	-0.337608
4.895	0.837983	3.85987	0.881858	0.70933	-0.337365
4.9	0.834791	3.86372	0.878311	0.710539	-0.33711
4.905	0.831585	3.86756	0.874758	0.711752	-0.336842
4.91	0.828365	3.87139	0.8712	0.71297	-0.336561
4.915	0.825132	3.8752	0.867635	0.714192	-0.336267
4.92	0.821885	3.879	0.864064	0.715418	-0.335961
4.925	0.818625	3.88279	0.860487	0.716648	-0.335642
4.93	0.815351	3.88657	0.856903	0.717883	-0.335311
4.935	0.812064	3.89034	0.853314	0.719122	-0.334966
4.94	0.808763	3.89409	0.849718	0.720366	-0.334609
4.945	0.805448	3.89784	0.846117	0.721614	-0.334239
4.95	0.80212	3.90157	0.842508	0.722866	-0.333856
4.955	0.798779	3.90529	0.838894	0.724123	-0.33346
4.96	0.795424	3.909	0.835274	0.725384	-0.333051
4.965	0.792056	3.91269	0.831647	0.72665	-0.33263
4.97	0.788674	3.91637	0.828013	0.727921	-0.332195
4.975	0.785279	3.92005	0.824374	0.729196	-0.331747
4.98	0.781871	3.9237	0.820728	0.730476	-0.331286
4.985	0.778449	3.92735	0.817075	0.73176	-0.330812
4.99	0.775014	3.93098	0.813417	0.73305	-0.330326
4.995	0.771565	3.9346	0.809751	0.734344	-0.329826
5	0.768104	3.93821	0.80608	0.735643	-0.329313
5.005	0.764629	3.94181	0.802401	0.736947	-0.328786
5.01	0.761141	3.94539	0.798717	0.738256	-0.328247
5.015	0.757639	3.94896	0.795025	0.73957	-0.327695
5.02	0.754125	3.95251	0.791328	0.740889	-0.327129
5.025	0.750597	3.95606	0.787623	0.742213	-0.32655
5.03	0.747056	3.95959	0.783912	0.743543	-0.325958
5.035	0.743502	3.96311	0.780194	0.744877	-0.325352
5.04	0.739935	3.96661	0.77647	0.746217	-0.324734
5.045	0.736355	3.9701	0.772739	0.747562	-0.324102
5.05	0.732762	3.97358	0.769001	0.748913	-0.323457
5.055	0.729156	3.97704	0.765256	0.750269	-0.322798
5.06	0.725537	3.98049	0.761505	0.75163	-0.322126
5.065	0.721905	3.98393	0.757747	0.752997	-0.321441
5.07	0.718261	3.98735	0.753982	0.754369	-0.320743
5.075	0.714603	3.99076	0.75021	0.755748	-0.320031
5.08	0.710932	3.99415	0.746431	0.757132	-0.319305
5.085	0.707249	3.99753	0.742646	0.758521	-0.318567
5.09	0.703553	4.0009	0.738853	0.759917	-0.317814
5.095	0.699844	4.00426	0.735054	0.761318	-0.317049
5.1	0.696122	4.00759	0.731247	0.762726	-0.31627
5.105	0.692388	4.01092	0.727433	0.764139	-0.315478
5.11	0.68864	4.01423	0.723613	0.765559	-0.314672
5.115	0.684881	4.01753	0.719785	0.766985	-0.313852
5.12	0.681108	4.02081	0.71595	0.768417	-0.313019
5.125	0.677323	4.02407	0.712108	0.769855	-0.312173
5.13	0.673526	4.02733	0.708259	0.7713	-0.311313
5.135	0.669716	4.03056	0.704402	0.772751	-0.31044
5.14	0.665894	4.03379	0.700538	0.774209	-0.309553
5.145	0.662059	4.037	0.696667	0.775673	-0.308653
5.15	0.658211	4.04019	0.692789	0.777145	-0.307739
5.155	0.654352	4.04337	0.688903	0.778623	-0.306811
5.16	0.650479	4.04653	0.68501	0.780108	-0.30587
5.165	0.646595	4.04968	0.68111	0.7816	-0.304916
5.17	0.642698	4.05281	0.677202	0.783099	-0.303948
5.175	0.63879	4.05593	0.673286	0.784605	-0.302966
5.18	0.634868	4.05903	0.669363	0.786118	-0.301971
5.185	0.630935	4.06212	0.665432	0.787639	-0.300962
5.19	0.62699	4.06519	0.661494	0.789167	-0.29994
5.195	0.623032	4.06825	0.657548	0.790703	-0.298904
5.2	0.619063	4.07129	0.653595	0.792247	-0.297855
5.205	0.615081	4.07431	0.649634	0.793798	-0.296792
5.21	0.611088	4.07732	0.645665	0.795357	-0.295715
5.215	0.607082	4.08031	0.641688	0.796925	-0.294625
5.22	0.603065	4.08329	0.637703	0.7985	-0.293521
5.225	0.599036	4.08625	0.633711	0.800084	-0.292404
5.23	0.594995	4.0892	0.62971	0.801675	-0.291273
5.235	0.590942	4.09212	0.625702	0.803276	-0.290129
5.24	0.586878	4.09504	0.621686	0.804885	-0.288971
5.245	0.582801	4.09793	0.617661	0.806503	-0.287799
5.25	0.578714	4.10081	0.613629	0.808129	-0.286614
5.255	0.574614	4.10367	0.609588	0.809765	-0.285415
5.26	0.570503	4.10652	0.605539	0.81141	-0.284203
5.265	0.566381	4.10935	0.601482	0.813064	-0.282977
5.27	0.562247	4.11216	0.597417	0.814727	-0.281737
5.275	0.558101	4.11496	0.593343	0.8164	-0.280484
5.28	0.553945	4.11774	0.589261	0.818083	-0.279218
5.285	0.549777	4.1205	0.585171	0.819776	-0.277938
5.29	0.545597	4.12324	0.581072	0.821478	-0.276644
5.295	0.541407	4.12597	0.576964	0.823191	-0.275337
5.3	0.537205	4.12868	0.572849	0.824915	-0.274016
5.305	0.532992	4.13137	0.568724	0.826649	-0.272682
5.31	0.528768	4.13405	0.564591	0.828394	-0.271334
5.315	0.524533	4.13671	0.560449	0.830149	-0.269973
5.32	0.520287	4.13935	0.556298	0.831916	-0.268598
5.325	0.51603	4.14197	0.552138	0.833694	-0.26721
5.33	0.511762	4.14457	0.54797	0.835484	-0.265808
5.335	0.507483	4.14716	0.543793	0.837286	-0.264393
5.34	0.503193	4.14973	0.539606	0.839099	-0.262964
5.345	0.498893	4.15228	0.535411	0.840925	-0.261522
5.35	0.494582	4.15481	0.531206	0.842763	-0.260066
5.355	0.49026	4.15733	0.526992	0.844614	-0.258597
5.36	0.485928	4.15982	0.522769	0.846478	-0.257115
5.365	0.481586	4.1623	0.518537	0.848355	-0.255619
5.37	0.477232	4.16476	0.514295	0.850245	-0.254109
5.375	0.472869	4.1672	0.510044	0.852149	-0.252586
5.38	0.468495	4.16963	0.505783	0.854068	-0.25105
5.385	0.46411	4.17203	0.501513	0.856	-0.2495
5.39	0.459716	4.17441	0.497233	0.857947	-0.247937
5.395	0.455311	4.17678	0.492943	0.859909	-0.246361
5.4	0.450896	4.17913	0.488643	0.861886	-0.244771
5.405	0.446471	4.18146	0.484334	0.863878	-0.243168
5.41	0.442037	4.18376	0.480015	0.865886	-0.241552
5.415	0.437592	4.18605	0.475685	0.867911	-0.239922
5.42	0.433137	4.18832	0.471346	0.869952	-0.238279
5.425	0.428672	4.19058	0.466996	0.87201	-0.236622
5.43	0.424198	4.19281	0.462636	0.874085	-0.234953
5.435	0.419714	4.19502	0.458265	0.876178	-0.23327
5.44	0.41522	4.19721	0.453884	0.878289	-0.231573
5.445	0.410717	4.19938	0.449493	0.880419	-0.229864
5.45	0.406204	4.20154	0.445091	0.882568	-0.228141
5.455	0.401681	4.20367	0.440678	0.884736	-0.226405
5.46	0.39715	4.20578	0.436254	0.886924	-0.224655
5.465	0.392609	4.20787	0.43182	0.889132	-0.222893
5.47	0.388058	4.20995	0.427374	0.891362	-0.221117
5.475	0.383499	4.212	0.422917	0.893613	-0.219327
5.48	0.37893	4.21403	0.418449	0.895886	-0.217525
5.485	0.374353	4.21604	0.41397	0.898181	-0.215709
5.49	0.369766	4.21803	0.409479	0.9005	-0.213881
5.495	0.36517	4.22	0.404976	0.902843	-0.212039
5.5	0.360566	4.22195	0.400462	0.90521	-0.210183
5.505	0.355953	4.22388	0.395936	0.907602	-0.208315
5.51	0.351331	4.22579	0.391398	0.91002	-0.206433
5.515	0.346701	4.22767	0.386848	0.912465	-0.204538
5.52	0.342061	4.22954	0.382286	0.914937	-0.20263
5.525	0.337414	4.23138	0.377711	0.917438	-0.200709
5.53	0.332758	4.23321	0.373124	0.919967	-0.198774
5.535	0.328094	4.23501	0.368524	0.922526	-0.196827
5.54	0.323421	4.23679	0.363911	0.925116	-0.194866
5.545	0.31874	4.23854	0.359286	0.927738	-0.192892
5.55	0.314051	4.24028	0.354647	0.930393	-0.190904
5.555	0.309355	4.242	0.349995	0.933082	-0.188904
5.56	0.30465	4.24369	0.34533	0.935805	-0.18689
5.565	0.299937	4.24536	0.340651	0.938565	-0.184863
5.57	0.295217	4.24701	0.335958	0.941362	-0.182822
5.575	0.290488	4.24863	0.331251	0.944198	-0.180769
5.58	0.285753	4.25024	0.32653	0.947074	-0.178702
5.585	0.281009	4.25182	0.321795	0.949991	-0.176621
5.59	0.276258	4.25338	0.317045	0.952951	-0.174528
5.595	0.2715	4.25491	0.31228	0.955956	-0.172421
5.6	0.266735	4.25643	0.3075	0.959007	-0.1703
5.605	0.261962	4.25792	0.302705	0.962106	-0.168166
5.61	0.257182	4.25938	0.297895	0.965255	-0.166019
5.615	0.252396	4.26083	0.293068	0.968456	-0.163858
5.62	0.247602	4.26225	0.288226	0.971711	-0.161684
5.625	0.242801	4.26365	0.283367	0.975022	-0.159496
5.63	0.237994	4.26502	0.278492	0.978391	-0.157294
5.635	0.23318	4.26637	0.2736	0.981822	-0.155079
5.64	0.228359	4.2677	0.268691	0.985317	-0.15285
5.645	0.223532	4.269	0.263765	0.988878	-0.150607
5.65	0.218699	4.27028	0.25882	0.99251	-0.14835
5.655	0.213859	4.27154	0.253858	0.996214	-0.146079
5.66	0.209013	4.27277	0.248877	0.999995	-0.143794
5.665	0.204161	4.27398	0.243877	1.00386	-0.141496
5.67	0.199303	4.27516	0.238857	1.0078	-0.139183
5.675	0.194439	4.27632	0.233818	1.01184	-0.136855
5.68	0.189569	4.27745	0.228759	1.01597	-0.134514
5.685	0.184694	4.27856	0.223679	1.0202	-0.132157
5.69	0.179813	4.27965	0.218578	1.02453	-0.129786
5.695	0.174926	4.28071	0.213456	1.02897	-0.127401
5.7	0.170034	4.28174	0.208311	1.03354	-0.125
5.705	0.165137	4.28275	0.203143	1.03822	-0.122585
5.71	0.160235	4.28373	0.197952	1.04304	-0.120154
5.715	0.155327	4.28469	0.192737	1.048	-0.117708
5.72	0.150415	4.28562	0.187497	1.05312	-0.115247
5.725	0.145498	4.28653	0.182231	1.05839	-0.11277
5.73	0.140576	4.28741	0.176939	1.06384	-0.110277
5.735	0.135649	4.28826	0.17162	1.06947	-0.107767
5.74	0.130718	4.28909	0.166273	1.07531	-0.105242
5.745	0.125783	4.28989	0.160896	1.08137	-0.1027
5.75	0.120843	4.29067	0.155489	1.08766	-0.100141
5.755	0.115899	4.29141	0.150051	1.09422	-0.0975655
5.76	0.110952	4.29213	0.14458	1.10106	-0.0949726
5.765	0.106	4.29283	0.139075	1.10821	-0.0923622
5.77	0.101044	4.29349	0.133534	1.1157	-0.0897342
5.775	0.0960852	4.29413	0.127955	1.12359	-0.0870882
5.78	0.0911226	4.29474	0.122337	1.1319	-0.0844242
5.785	0.0861565	4.29532	0.116678	1.14069	-0.081742
5.79	0.0811873	4.29588	0.110974	1.15004	-0.0790415
5.795	0.076215	4.2964	0.105224	1.16001	-0.0763229
5.8	0.0712397	4.2969	0.099424	1.17071	-0.0735863
5.805	0.0662615	4.29736	0.0935704	1.18227	-0.0708325
5.81	0.0612807	4.2978	0.0876591	1.19484	-0.0680622
5.815	0.0562974	4.29821	0.0816849	1.20863	-0.0652773
5.82	0.0513117	4.29859	0.0756418	1.22394	-0.0624805
5.825	0.0463238	4.29894	0.0695221	1.24116	-0.0596763
5.83	0.0413338	4.29925	0.0633163	1.26087	-0.0568722
5.835	0.0363419	4.29954	0.0570119	1.28398	-0.0540805
5.84	0.0313483	4.29979	0.0505921	1.31192	-0.0513233
5.845	0.0263532	4.30001	0.0440324	1.34727	-0.0486408
5.85	0.0213566	4.3002	0.0372961	1.39504	-0.0461136
5.855	0.0163589	4.30035	0.0303209	1.46666	-0.043922
5.86	0.0113603	4.30046	0.0229876	1.59437	-0.0425537
5.865	0.00636082	4.30054	0.0150157	1.90836	-0.0438745
5.87	0.00136089	4.30057	0.00547395	3.50884	-0.0661854
