descriptor s_test R_test Z_test
0	1.43866	9.99999e-006	0.002	-0.402125	-0.00161573
0.005	1.43366	3.00531e-005	0.00401063	-0.404258	-0.00324721
0.01	1.42866	6.02125e-005	0.00603192	-0.406398	-0.00489448
0.015	1.42366	0.000100532	0.00806391	-0.408545	-0.00655756
0.02	1.41866	0.000151064	0.0101066	-0.4107	-0.00823649
0.025	1.41366	0.000211863	0.0121601	-0.412862	-0.0099313
0.03	1.40866	0.000282983	0.0142244	-0.415033	-0.011642
0.035	1.40366	0.000364477	0.0162996	-0.417211	-0.0133687
0.04	1.39866	0.0004564	0.0183857	-0.419398	-0.0151113
0.045	1.39366	0.000558807	0.0204827	-0.421593	-0.0168699
0.05	1.38867	0.00067175	0.0225906	-0.423796	-0.0186445
0.055	1.38367	0.000795285	0.0247096	-0.426008	-0.0204352
0.06	1.37867	0.000929467	0.0268396	-0.428229	-0.022242
0.065	1.37367	0.00107435	0.0289808	-0.430459	-0.024065
0.07	1.36867	0.00122999	0.0311331	-0.432698	-0.025904
0.075	1.36368	0.00139644	0.0332966	-0.434946	-0.0277593
0.08	1.35868	0.00157376	0.0354713	-0.437204	-0.0296308
0.085	1.35368	0.001762	0.0376573	-0.439472	-0.0315185
0.09	1.34869	0.00196123	0.0398547	-0.441749	-0.0334226
0.095	1.34369	0.00217148	0.0420634	-0.444037	-0.0353429
0.1	1.3387	0.00239283	0.0442836	-0.446335	-0.0372796
0.105	1.3337	0.00262532	0.0465153	-0.448643	-0.0392327
0.11	1.32871	0.00286901	0.0487585	-0.450962	-0.0412022
0.115	1.32371	0.00312397	0.0510133	-0.453292	-0.0431882
0.12	1.31872	0.00339024	0.0532798	-0.455633	-0.0451907
0.125	1.31373	0.00366789	0.0555579	-0.457986	-0.0472096
0.13	1.30874	0.00395697	0.0578479	-0.46035	-0.0492452
0.135	1.30375	0.00425753	0.0601496	-0.462725	-0.0512973
0.14	1.29876	0.00456965	0.0624632	-0.465113	-0.0533661
0.145	1.29377	0.00489337	0.0647888	-0.467512	-0.0554516
0.15	1.28878	0.00522874	0.0671264	-0.469924	-0.0575537
0.155	1.28379	0.00557585	0.069476	-0.472349	-0.0596726
0.16	1.2788	0.00593473	0.0718377	-0.474786	-0.0618083
0.165	1.27382	0.00630544	0.0742117	-0.477236	-0.0639608
0.17	1.26883	0.00668806	0.0765978	-0.4797	-0.0661301
0.175	1.26385	0.00708263	0.0789963	-0.482177	-0.0683164
0.18	1.25886	0.00748922	0.0814072	-0.484668	-0.0705195
0.185	1.25388	0.00790788	0.0838306	-0.487173	-0.0727397
0.19	1.2489	0.00833867	0.0862664	-0.489692	-0.0749768
0.195	1.24392	0.00878167	0.0887149	-0.492226	-0.0772311
0.2	1.23894	0.00923692	0.091176	-0.494775	-0.0795024
0.205	1.23396	0.00970448	0.0936499	-0.497338	-0.0817908
0.21	1.22898	0.0101844	0.0961366	-0.499917	-0.0840964
0.215	1.22401	0.0106768	0.0986362	-0.502511	-0.0864192
0.22	1.21903	0.0111817	0.101149	-0.505122	-0.0887593
0.225	1.21406	0.0116991	0.103674	-0.507748	-0.0911167
0.23	1.20909	0.0122292	0.106213	-0.510391	-0.0934915
0.235	1.20412	0.012772	0.108765	-0.513051	-0.0958836
0.24	1.19915	0.0133275	0.11133	-0.515728	-0.0982931
0.245	1.19418	0.0138958	0.113909	-0.518422	-0.10072
0.25	1.18922	0.014477	0.116501	-0.521133	-0.103165
0.255	1.18425	0.0150711	0.119107	-0.523863	-0.105627
0.26	1.17929	0.0156782	0.121726	-0.526611	-0.108107
0.265	1.17433	0.0162984	0.124359	-0.529377	-0.110604
0.27	1.16937	0.0169317	0.127006	-0.532162	-0.113119
0.275	1.16441	0.0175782	0.129667	-0.534967	-0.115652
0.28	1.15945	0.018238	0.132342	-0.537791	-0.118203
0.285	1.1545	0.0189111	0.135031	-0.540635	-0.120771
0.29	1.14955	0.0195976	0.137734	-0.543499	-0.123357
0.295	1.1446	0.0202976	0.140451	-0.546384	-0.125962
0.3	1.13965	0.021011	0.143183	-0.54929	-0.128584
0.305	1.1347	0.0217381	0.14593	-0.552217	-0.131225
0.31	1.12975	0.0224788	0.148691	-0.555166	-0.133883
0.315	1.12481	0.0232333	0.151466	-0.558137	-0.13656
0.32	1.11987	0.0240015	0.154257	-0.56113	-0.139254
0.325	1.11493	0.0247836	0.157063	-0.564147	-0.141968
0.33	1.11	0.0255796	0.159884	-0.567186	-0.144699
0.335	1.10506	0.0263896	0.162719	-0.570249	-0.147449
0.34	1.10013	0.0272137	0.165571	-0.573337	-0.150217
0.345	1.0952	0.0280519	0.168437	-0.576449	-0.153004
0.35	1.09028	0.0289043	0.17132	-0.579585	-0.155809
0.355	1.08535	0.029771	0.174218	-0.582748	-0.158633
0.36	1.08043	0.030652	0.177131	-0.585935	-0.161475
0.365	1.07551	0.0315475	0.180061	-0.58915	-0.164336
0.37	1.07059	0.0324574	0.183007	-0.59239	-0.167216
0.375	1.06568	0.0333819	0.185969	-0.595659	-0.170114
0.38	1.06077	0.034321	0.188947	-0.598954	-0.173032
0.385	1.05586	0.0352749	0.191942	-0.602278	-0.175968
0.39	1.05096	0.0362435	0.194953	-0.60563	-0.178924
0.395	1.04605	0.0372269	0.197981	-0.609012	-0.181898
0.4	1.04115	0.0382253	0.201026	-0.612423	-0.184892
0.405	1.03626	0.0392387	0.204088	-0.615864	-0.187905
0.41	1.03136	0.0402671	0.207168	-0.619336	-0.190937
0.415	1.02647	0.0413107	0.210264	-0.622839	-0.193988
0.42	1.02159	0.0423695	0.213379	-0.626374	-0.197059
0.425	1.0167	0.0434436	0.216511	-0.629941	-0.200149
0.43	1.01182	0.0445331	0.21966	-0.63354	-0.203258
0.435	1.00695	0.0456381	0.222828	-0.637174	-0.206387
0.44	1.00208	0.0467585	0.226014	-0.640841	-0.209536
0.445	0.997206	0.0478946	0.229218	-0.644542	-0.212704
0.45	0.992341	0.0490464	0.232441	-0.648279	-0.215892
0.455	0.987479	0.0502139	0.235682	-0.652052	-0.2191
0.46	0.982621	0.0513973	0.238942	-0.655861	-0.222328
0.465	0.977767	0.0525966	0.242222	-0.659707	-0.225576
0.47	0.972917	0.0538119	0.24552	-0.66359	-0.228843
0.475	0.968071	0.0550433	0.248838	-0.667512	-0.232131
0.48	0.963229	0.0562908	0.252176	-0.671473	-0.235439
0.485	0.958391	0.0575547	0.255533	-0.675473	-0.238767
0.49	0.953558	0.0588348	0.25891	-0.679514	-0.242116
0.495	0.948729	0.0601313	0.262308	-0.683596	-0.245484
0.5	0.943904	0.0614444	0.265726	-0.68772	-0.248874
0.505	0.939084	0.062774	0.269165	-0.691885	-0.252283
0.51	0.934269	0.0641203	0.272624	-0.696095	-0.255713
0.515	0.929459	0.0654834	0.276105	-0.700348	-0.259164
0.52	0.924653	0.0668633	0.279606	-0.704645	-0.262636
0.525	0.919852	0.0682601	0.283129	-0.708989	-0.266128
0.53	0.915056	0.0696739	0.286674	-0.713378	-0.269641
0.535	0.910265	0.0711048	0.290241	-0.717814	-0.273175
0.54	0.905479	0.0725529	0.29383	-0.722299	-0.27673
0.545	0.900699	0.0740183	0.297442	-0.726831	-0.280306
0.55	0.895924	0.075501	0.301076	-0.731414	-0.283903
0.555	0.891154	0.0770012	0.304733	-0.736047	-0.287521
0.56	0.88639	0.0785189	0.308413	-0.74073	-0.29116
0.565	0.881632	0.0800543	0.312117	-0.745466	-0.294821
0.57	0.876879	0.0816074	0.315844	-0.750255	-0.298503
0.575	0.872132	0.0831783	0.319596	-0.755098	-0.302206
0.58	0.867391	0.0847672	0.323371	-0.759996	-0.305931
0.585	0.862656	0.086374	0.327171	-0.764949	-0.309678
0.59	0.857928	0.0879989	0.330996	-0.76996	-0.313446
0.595	0.853206	0.089642	0.334846	-0.775027	-0.317235
0.6	0.84849	0.0913034	0.338721	-0.780154	-0.321047
0.605	0.84378	0.0929832	0.342622	-0.78534	-0.32488
0.61	0.839078	0.0946815	0.346548	-0.790587	-0.328735
0.615	0.834382	0.0963983	0.350501	-0.795895	-0.332612
0.62	0.829692	0.0981338	0.354481	-0.801266	-0.336511
0.625	0.82501	0.0998881	0.358487	-0.806701	-0.340432
0.63	0.820335	0.101661	0.36252	-0.812201	-0.344376
0.635	0.815667	0.103453	0.366581	-0.817766	-0.348341
0.64	0.811007	0.105265	0.37067	-0.823399	-0.352328
0.645	0.806354	0.107095	0.374787	-0.8291	-0.356338
0.65	0.801709	0.108945	0.378933	-0.83487	-0.360369
0.655	0.797071	0.110814	0.383107	-0.840711	-0.364424
0.66	0.792442	0.112702	0.387311	-0.846623	-0.3685
0.665	0.78782	0.11461	0.391544	-0.852609	-0.372599
0.67	0.783207	0.116538	0.395807	-0.858668	-0.37672
0.675	0.778601	0.118486	0.4001	-0.864802	-0.380864
0.68	0.774005	0.120453	0.404424	-0.871013	-0.38503
0.685	0.769417	0.12244	0.408779	-0.877302	-0.389218
0.69	0.764837	0.124448	0.413166	-0.883669	-0.393429
0.695	0.760267	0.126476	0.417584	-0.890117	-0.397663
0.7	0.755706	0.128524	0.422035	-0.896647	-0.401919
0.705	0.751154	0.130592	0.426518	-0.903259	-0.406198
0.71	0.746611	0.132681	0.431034	-0.909956	-0.410499
0.715	0.742078	0.134791	0.435584	-0.916738	-0.414822
0.72	0.737555	0.136922	0.440168	-0.923606	-0.419168
0.725	0.733041	0.139073	0.444786	-0.930564	-0.423537
0.73	0.728538	0.141245	0.449439	-0.93761	-0.427928
0.735	0.724044	0.143439	0.454127	-0.944748	-0.432341
0.74	0.719562	0.145653	0.45885	-0.951978	-0.436777
0.745	0.715089	0.147889	0.46361	-0.959302	-0.441235
0.75	0.710628	0.150146	0.468407	-0.966721	-0.445716
0.755	0.706177	0.152425	0.47324	-0.974237	-0.450218
0.76	0.701738	0.154726	0.478112	-0.981851	-0.454743
0.765	0.69731	0.157048	0.483021	-0.989564	-0.45929
0.77	0.692894	0.159392	0.487969	-0.997378	-0.463859
0.775	0.688489	0.161758	0.492956	-1.00529	-0.46845
0.78	0.684096	0.164147	0.497982	-1.01332	-0.473062
0.785	0.679716	0.166557	0.503049	-1.02144	-0.477696
0.79	0.675347	0.16899	0.508156	-1.02967	-0.482352
0.795	0.670992	0.171445	0.513304	-1.03802	-0.487029
0.8	0.666649	0.173923	0.518494	-1.04647	-0.491727
0.805	0.662319	0.176424	0.523727	-1.05503	-0.496447
0.81	0.658003	0.178947	0.529002	-1.0637	-0.501187
0.815	0.6537	0.181493	0.53432	-1.07249	-0.505948
0.82	0.64941	0.184063	0.539683	-1.0814	-0.510729
0.825	0.645135	0.186655	0.54509	-1.09042	-0.515531
0.83	0.640874	0.189271	0.550542	-1.09956	-0.520352
0.835	0.636627	0.19191	0.55604	-1.10882	-0.525193
0.84	0.632395	0.194573	0.561584	-1.1182	-0.530054
0.845	0.628178	0.197259	0.567175	-1.1277	-0.534933
0.85	0.623976	0.199969	0.572813	-1.13733	-0.539832
0.855	0.619789	0.202703	0.5785	-1.14708	-0.544749
0.86	0.615619	0.205461	0.584235	-1.15696	-0.549684
0.865	0.611464	0.208242	0.59002	-1.16696	-0.554637
0.87	0.607326	0.211049	0.595855	-1.1771	-0.559607
0.875	0.603204	0.213879	0.60174	-1.18736	-0.564593
0.88	0.599099	0.216734	0.607677	-1.19776	-0.569597
0.885	0.595011	0.219613	0.613666	-1.20828	-0.574616
0.89	0.590941	0.222517	0.619707	-1.21894	-0.57965
0.895	0.586889	0.225446	0.625802	-1.22974	-0.584699
0.9	0.582854	0.228399	0.631951	-1.24067	-0.589763
0.905	0.578838	0.231378	0.638154	-1.25174	-0.59484
0.91	0.574841	0.234382	0.644413	-1.26294	-0.59993
0.915	0.570863	0.23741	0.650727	-1.27428	-0.605032
0.92	0.566904	0.240465	0.657099	-1.28575	-0.610146
0.925	0.562965	0.243544	0.663527	-1.29737	-0.615271
0.93	0.559046	0.246649	0.670014	-1.30912	-0.620406
0.935	0.555147	0.24978	0.67656	-1.32101	-0.62555
0.94	0.551269	0.252936	0.683165	-1.33304	-0.630702
0.945	0.547412	0.256118	0.68983	-1.34521	-0.635862
0.95	0.543577	0.259326	0.696556	-1.35752	-0.641028
0.955	0.539764	0.26256	0.703344	-1.36996	-0.646199
0.96	0.535973	0.26582	0.710194	-1.38255	-0.651375
0.965	0.532204	0.269106	0.717106	-1.39527	-0.656554
0.97	0.528458	0.272418	0.724083	-1.40813	-0.661736
0.975	0.524736	0.275756	0.731123	-1.42112	-0.666918
0.98	0.521038	0.279121	0.738229	-1.43424	-0.6721
0.985	0.517364	0.282513	0.7454	-1.4475	-0.67728
0.99	0.513714	0.28593	0.752638	-1.46089	-0.682457
0.995	0.51009	0.289375	0.759942	-1.47441	-0.68763
1	0.506491	0.292846	0.767314	-1.48806	-0.692797
1.005	0.502918	0.296344	0.774754	-1.50183	-0.697956
1.01	0.499372	0.299868	0.782264	-1.51573	-0.703106
1.015	0.495852	0.303419	0.789842	-1.52974	-0.708245
1.02	0.492359	0.306997	0.797491	-1.54387	-0.713372
1.025	0.488895	0.310602	0.80521	-1.55811	-0.718484
1.03	0.485458	0.314234	0.813001	-1.57246	-0.72358
1.035	0.48205	0.317892	0.820863	-1.58692	-0.728658
1.04	0.478671	0.321578	0.828798	-1.60148	-0.733716
1.045	0.475322	0.325291	0.836805	-1.61613	-0.738751
1.05	0.472003	0.32903	0.844886	-1.63087	-0.743761
1.055	0.468714	0.332797	0.85304	-1.6457	-0.748745
1.06	0.465457	0.33659	0.861269	-1.66061	-0.753699
1.065	0.462231	0.34041	0.869572	-1.67559	-0.758622
1.07	0.459038	0.344257	0.87795	-1.69063	-0.763511
1.075	0.455877	0.348131	0.886403	-1.70573	-0.768363
1.08	0.452749	0.352032	0.894931	-1.72089	-0.773175
1.085	0.449655	0.35596	0.903536	-1.73608	-0.777946
1.09	0.446595	0.359914	0.912216	-1.75131	-0.782672
1.095	0.443569	0.363895	0.920973	-1.76657	-0.78735
1.1	0.440579	0.367903	0.929806	-1.78183	-0.791977
1.105	0.437625	0.371937	0.938715	-1.79711	-0.79655
1.11	0.434708	0.375997	0.9477	-1.81238	-0.801067
1.115	0.431827	0.380084	0.956762	-1.82763	-0.805523
1.12	0.428983	0.384196	0.9659	-1.84285	-0.809916
1.125	0.426178	0.388335	0.975115	-1.85803	-0.814242
1.13	0.423411	0.3925	0.984405	-1.87316	-0.818498
1.135	0.420683	0.39669	0.993771	-1.88822	-0.82268
1.14	0.417995	0.400906	1.00321	-1.90319	-0.826785
1.145	0.415348	0.405148	1.01273	-1.91808	-0.830809
1.15	0.412741	0.409414	1.02232	-1.93285	-0.834749
1.155	0.410175	0.413706	1.03198	-1.94749	-0.8386
1.16	0.407652	0.418022	1.04172	-1.962	-0.842359
1.165	0.40517	0.422363	1.05153	-1.97634	-0.846022
1.17	0.402732	0.426728	1.06141	-1.99052	-0.849585
1.175	0.400337	0.431118	1.07136	-2.00449	-0.853045
1.18	0.397987	0.435531	1.08139	-2.01826	-0.856396
1.185	0.395681	0.439967	1.09148	-2.0318	-0.859637
1.19	0.39342	0.444427	1.10164	-2.04509	-0.862762
1.195	0.391205	0.44891	1.11186	-2.05811	-0.865767
1.2	0.389037	0.453415	1.12215	-2.07085	-0.868649
1.205	0.386915	0.457942	1.13251	-2.08328	-0.871403
1.21	0.38484	0.462492	1.14292	-2.09539	-0.874026
1.215	0.382813	0.467062	1.1534	-2.10715	-0.876514
1.22	0.380835	0.471654	1.16394	-2.11854	-0.878862
1.225	0.378905	0.476267	1.17453	-2.12955	-0.881068
1.23	0.377024	0.480899	1.18518	-2.14015	-0.883127
1.235	0.375193	0.485552	1.19588	-2.15033	-0.885035
1.24	0.373412	0.490224	1.20663	-2.16005	-0.88679
1.245	0.371682	0.494915	1.21743	-2.16931	-0.888387
1.25	0.370003	0.499625	1.22828	-2.17808	-0.889823
1.255	0.368375	0.504352	1.23917	-2.18634	-0.891095
1.26	0.366798	0.509098	1.2501	-2.19408	-0.8922
1.265	0.365274	0.51386	1.26107	-2.20127	-0.893135
1.27	0.363803	0.518638	1.27207	-2.20789	-0.893896
1.275	0.362384	0.523433	1.28311	-2.21393	-0.894481
1.28	0.361019	0.528243	1.29418	-2.21937	-0.894888
1.285	0.359707	0.533067	1.30528	-2.22419	-0.895115
1.29	0.358448	0.537906	1.3164	-2.22838	-0.895158
1.295	0.357244	0.542759	1.32754	-2.23192	-0.895017
1.3	0.356094	0.547625	1.3387	-2.23479	-0.894689
1.305	0.354998	0.552504	1.34988	-2.23699	-0.894172
1.31	0.353957	0.557394	1.36106	-2.2385	-0.893467
1.315	0.352971	0.562296	1.37225	-2.2393	-0.892571
1.32	0.35204	0.567208	1.38345	-2.2394	-0.891484
1.325	0.351164	0.572131	1.39465	-2.23877	-0.890206
1.33	0.350343	0.577063	1.40584	-2.23742	-0.888735
1.335	0.349577	0.582004	1.41703	-2.23533	-0.887073
1.34	0.348866	0.586953	1.42821	-2.2325	-0.885218
1.345	0.348211	0.59191	1.43937	-2.22892	-0.883173
1.35	0.347611	0.596874	1.45051	-2.2246	-0.880937
1.355	0.347066	0.601844	1.46164	-2.21953	-0.878511
1.36	0.346577	0.60682	1.47273	-2.21371	-0.875898
1.365	0.346143	0.611801	1.4838	-2.20714	-0.873098
1.37	0.345763	0.616787	1.49484	-2.19983	-0.870113
1.375	0.345439	0.621777	1.50584	-2.19179	-0.866946
1.38	0.345169	0.626769	1.5168	-2.183	-0.863598
1.385	0.344953	0.631765	1.52771	-2.1735	-0.860073
1.39	0.344792	0.636762	1.53858	-2.16327	-0.856373
1.395	0.344685	0.641761	1.54939	-2.15234	-0.852501
1.4	0.344632	0.646761	1.56016	-2.14071	-0.848461
1.405	0.344632	0.651761	1.57086	-2.12839	-0.844256
1.41	0.344686	0.65676	1.5815	-2.11541	-0.839889
1.415	0.344792	0.661759	1.59208	-2.10177	-0.835365
1.42	0.344951	0.666757	1.60259	-2.08749	-0.830687
1.425	0.345162	0.671752	1.61302	-2.07258	-0.82586
1.43	0.345425	0.676745	1.62339	-2.05707	-0.820889
1.435	0.345739	0.681735	1.63367	-2.04098	-0.815777
1.44	0.346104	0.686722	1.64388	-2.02432	-0.81053
1.445	0.34652	0.691705	1.654	-2.00711	-0.805151
1.45	0.346985	0.696683	1.66404	-1.98937	-0.799647
1.455	0.3475	0.701656	1.67398	-1.97113	-0.794021
1.46	0.348064	0.706625	1.68384	-1.95241	-0.78828
1.465	0.348677	0.711587	1.6936	-1.93322	-0.782427
1.47	0.349337	0.716543	1.70327	-1.9136	-0.776468
1.475	0.350045	0.721493	1.71283	-1.89357	-0.770409
1.48	0.3508	0.726435	1.7223	-1.87315	-0.764254
1.485	0.351601	0.731371	1.73167	-1.85235	-0.758008
1.49	0.352447	0.736299	1.74093	-1.83122	-0.751677
1.495	0.353339	0.741219	1.75009	-1.80976	-0.745266
1.5	0.354275	0.74613	1.75913	-1.78801	-0.73878
1.505	0.355255	0.751033	1.76807	-1.76598	-0.732224
1.51	0.356278	0.755927	1.7769	-1.7437	-0.725603
1.515	0.357344	0.760812	1.78562	-1.7212	-0.718921
1.52	0.358452	0.765688	1.79423	-1.69849	-0.712185
1.525	0.359601	0.770554	1.80272	-1.6756	-0.705398
1.53	0.360791	0.775411	1.8111	-1.65255	-0.698566
1.535	0.362021	0.780257	1.81936	-1.62935	-0.691693
1.54	0.363291	0.785093	1.82751	-1.60604	-0.684783
1.545	0.364599	0.789919	1.83554	-1.58264	-0.677841
1.55	0.365946	0.794734	1.84345	-1.55915	-0.670872
1.555	0.36733	0.799539	1.85125	-1.5356	-0.66388
1.56	0.36875	0.804333	1.85893	-1.51202	-0.656868
1.565	0.370207	0.809116	1.86649	-1.48841	-0.64984
1.57	0.3717	0.813888	1.87393	-1.4648	-0.642802
1.575	0.373227	0.818649	1.88125	-1.4412	-0.635755
1.58	0.374789	0.823399	1.88846	-1.41762	-0.628705
1.585	0.376384	0.828137	1.89555	-1.3941	-0.621654
1.59	0.378013	0.832865	1.90252	-1.37063	-0.614606
1.595	0.379674	0.837581	1.90937	-1.34723	-0.607564
1.6	0.381366	0.842286	1.91611	-1.32392	-0.600531
1.605	0.383089	0.846979	1.92273	-1.30071	-0.59351
1.61	0.384844	0.851661	1.92923	-1.27761	-0.586505
1.615	0.386627	0.856332	1.93562	-1.25464	-0.579517
1.62	0.388441	0.860992	1.94189	-1.2318	-0.572549
1.625	0.390282	0.86564	1.94805	-1.2091	-0.565605
1.63	0.392152	0.870278	1.95409	-1.18656	-0.558685
1.635	0.39405	0.874904	1.96003	-1.16418	-0.551793
1.64	0.395974	0.879518	1.96585	-1.14197	-0.544931
1.645	0.397925	0.884122	1.97156	-1.11994	-0.5381
1.65	0.399901	0.888715	1.97716	-1.0981	-0.531303
1.655	0.401902	0.893297	1.98265	-1.07645	-0.524541
1.66	0.403929	0.897868	1.98803	-1.055	-0.517817
1.665	0.405979	0.902428	1.99331	-1.03376	-0.511131
1.67	0.408053	0.906978	1.99847	-1.01273	-0.504485
1.675	0.41015	0.911517	2.00354	-0.99191	-0.497881
1.68	0.412269	0.916046	2.0085	-0.971314	-0.491319
1.685	0.41441	0.920564	2.01335	-0.950941	-0.484802
1.69	0.416573	0.925072	2.01811	-0.930796	-0.47833
1.695	0.418756	0.92957	2.02276	-0.91088	-0.471904
1.7	0.420961	0.934058	2.02732	-0.891198	-0.465526
1.705	0.423185	0.938536	2.03177	-0.87175	-0.459195
1.71	0.425428	0.943004	2.03613	-0.85254	-0.452914
1.715	0.427691	0.947463	2.04039	-0.833568	-0.446682
1.72	0.429972	0.951913	2.04456	-0.814836	-0.440501
1.725	0.432271	0.956352	2.04864	-0.796345	-0.434371
1.73	0.434588	0.960783	2.05262	-0.778095	-0.428292
1.735	0.436923	0.965205	2.05651	-0.760088	-0.422265
1.74	0.439274	0.969618	2.06031	-0.742322	-0.416291
1.745	0.441641	0.974022	2.06402	-0.724799	-0.41037
1.75	0.444024	0.978417	2.06764	-0.707517	-0.404501
1.755	0.446423	0.982804	2.07118	-0.690476	-0.398687
1.76	0.448837	0.987183	2.07463	-0.673676	-0.392926
1.765	0.451266	0.991553	2.078	-0.657115	-0.387218
1.77	0.453709	0.995916	2.08129	-0.640793	-0.381565
1.775	0.456166	1.00027	2.08449	-0.624707	-0.375966
1.78	0.458636	1.00462	2.08762	-0.608858	-0.370421
1.785	0.46112	1.00896	2.09066	-0.593243	-0.36493
1.79	0.463617	1.01329	2.09363	-0.577861	-0.359494
1.795	0.466126	1.01761	2.09652	-0.562709	-0.354111
1.8	0.468647	1.02193	2.09933	-0.547786	-0.348783
1.805	0.471181	1.02624	2.10207	-0.533091	-0.343509
1.81	0.473725	1.03055	2.10473	-0.51862	-0.338288
1.815	0.476281	1.03484	2.10733	-0.504372	-0.333122
1.82	0.478848	1.03913	2.10985	-0.490344	-0.328008
1.825	0.481425	1.04342	2.1123	-0.476535	-0.322949
1.83	0.484012	1.0477	2.11468	-0.462941	-0.317942
1.835	0.486609	1.05197	2.117	-0.449561	-0.312988
1.84	0.489216	1.05624	2.11925	-0.436392	-0.308087
1.845	0.491832	1.0605	2.12143	-0.423431	-0.303238
1.85	0.494457	1.06475	2.12354	-0.410676	-0.298442
1.855	0.497091	1.069	2.1256	-0.398124	-0.293697
1.86	0.499734	1.07325	2.12759	-0.385773	-0.289004
1.865	0.502384	1.07749	2.12952	-0.373619	-0.284362
1.87	0.505042	1.08172	2.13139	-0.361662	-0.279771
1.875	0.507709	1.08595	2.13319	-0.349896	-0.27523
1.88	0.510382	1.09018	2.13494	-0.338321	-0.27074
1.885	0.513063	1.0944	2.13664	-0.326934	-0.266299
1.89	0.51575	1.09861	2.13827	-0.315731	-0.261908
1.895	0.518444	1.10283	2.13985	-0.30471	-0.257566
1.9	0.521145	1.10703	2.14137	-0.293868	-0.253273
1.905	0.523852	1.11124	2.14284	-0.283203	-0.249028
1.91	0.526564	1.11544	2.14426	-0.272712	-0.244831
1.915	0.529283	1.11964	2.14562	-0.262393	-0.240681
1.92	0.532007	1.12383	2.14693	-0.252242	-0.236579
1.925	0.534736	1.12802	2.14819	-0.242257	-0.232523
1.93	0.53747	1.1322	2.14941	-0.232436	-0.228514
1.935	0.540209	1.13639	2.15057	-0.222776	-0.224551
1.94	0.542953	1.14057	2.15168	-0.213274	-0.220633
1.945	0.545702	1.14474	2.15275	-0.203927	-0.216761
1.95	0.548454	1.14892	2.15377	-0.194735	-0.212933
1.955	0.551211	1.15309	2.15474	-0.185692	-0.209149
1.96	0.553971	1.15726	2.15567	-0.176799	-0.20541
1.965	0.556735	1.16142	2.15655	-0.168051	-0.201714
1.97	0.559503	1.16559	2.15739	-0.159446	-0.198061
1.975	0.562274	1.16975	2.15819	-0.150983	-0.194451
1.98	0.565048	1.17391	2.15895	-0.142658	-0.190884
1.985	0.567825	1.17807	2.15966	-0.13447	-0.187358
1.99	0.570605	1.18222	2.16033	-0.126416	-0.183873
1.995	0.573388	1.18638	2.16096	-0.118493	-0.18043
2	0.576172	1.19053	2.16156	-0.1107	-0.177028
2.005	0.57896	1.19468	2.16211	-0.103034	-0.173666
2.01	0.581749	1.19883	2.16262	-0.0954939	-0.170344
2.015	0.584541	1.20298	2.1631	-0.0880763	-0.167061
2.02	0.587334	1.20713	2.16354	-0.0807796	-0.163818
2.025	0.590129	1.21127	2.16395	-0.0736016	-0.160613
2.03	0.592925	1.21542	2.16431	-0.0665404	-0.157447
2.035	0.595723	1.21956	2.16465	-0.0595937	-0.154319
2.04	0.598522	1.22371	2.16495	-0.0527598	-0.151229
2.045	0.601322	1.22785	2.16521	-0.0460365	-0.148176
2.05	0.604123	1.23199	2.16544	-0.039422	-0.14516
2.055	0.606925	1.23613	2.16564	-0.0329143	-0.14218
2.06	0.609727	1.24027	2.1658	-0.0265116	-0.139237
2.065	0.612531	1.24441	2.16593	-0.020212	-0.13633
2.07	0.615334	1.24855	2.16603	-0.0140138	-0.133458
2.075	0.618138	1.25269	2.1661	-0.00791498	-0.130621
2.08	0.620942	1.25683	2.16614	-0.00191395	-0.127819
2.085	0.623746	1.26097	2.16615	0.00399106	-0.125052
2.09	0.62655	1.26511	2.16613	0.00980174	-0.122319
2.095	0.629354	1.26925	2.16608	0.0155198	-0.119619
2.1	0.632157	1.27339	2.16601	0.0211468	-0.116953
2.105	0.63496	1.27753	2.1659	0.0266844	-0.11432
2.11	0.637762	1.28167	2.16577	0.0321342	-0.111721
2.115	0.640564	1.28581	2.16561	0.0374977	-0.109153
2.12	0.643365	1.28996	2.16542	0.0427766	-0.106618
2.125	0.646165	1.2941	2.16521	0.0479722	-0.104115
2.13	0.648964	1.29824	2.16497	0.0530861	-0.101643
2.135	0.651762	1.30238	2.1647	0.0581196	-0.0992027
2.14	0.654559	1.30653	2.16441	0.0630744	-0.0967933
2.145	0.657355	1.31067	2.16409	0.0679516	-0.0944147
2.15	0.660149	1.31482	2.16376	0.0727528	-0.0920664
2.155	0.662941	1.31897	2.16339	0.0774792	-0.0897483
2.16	0.665732	1.32312	2.163	0.0821323	-0.08746
2.165	0.668522	1.32727	2.16259	0.0867132	-0.0852013
2.17	0.671309	1.33142	2.16216	0.0912233	-0.0829719
2.175	0.674095	1.33557	2.1617	0.0956639	-0.0807715
2.18	0.676878	1.33972	2.16123	0.100036	-0.0785998
2.185	0.67966	1.34388	2.16073	0.104341	-0.0764566
2.19	0.682439	1.34803	2.1602	0.10858	-0.0743416
2.195	0.685216	1.35219	2.15966	0.112755	-0.0722546
2.2	0.687991	1.35635	2.1591	0.116865	-0.0701953
2.205	0.690763	1.36051	2.15851	0.120914	-0.0681634
2.21	0.693533	1.36468	2.15791	0.1249	-0.0661588
2.215	0.6963	1.36884	2.15728	0.128827	-0.0641811
2.22	0.699065	1.37301	2.15664	0.132694	-0.0622301
2.225	0.701826	1.37717	2.15598	0.136503	-0.0603056
2.23	0.704585	1.38134	2.15529	0.140255	-0.0584073
2.235	0.707341	1.38552	2.15459	0.143951	-0.056535
2.24	0.710094	1.38969	2.15387	0.147592	-0.0546886
2.245	0.712844	1.39387	2.15313	0.151178	-0.0528677
2.25	0.715591	1.39804	2.15238	0.154711	-0.0510721
2.255	0.718334	1.40222	2.1516	0.158192	-0.0493016
2.26	0.721075	1.40641	2.15081	0.161621	-0.047556
2.265	0.723811	1.41059	2.15001	0.165	-0.0458351
2.27	0.726545	1.41478	2.14918	0.168329	-0.0441387
2.275	0.729275	1.41897	2.14834	0.171609	-0.0424666
2.28	0.732001	1.42316	2.14748	0.174842	-0.0408185
2.285	0.734723	1.42735	2.14661	0.178027	-0.0391942
2.29	0.737442	1.43155	2.14572	0.181166	-0.0375936
2.295	0.740157	1.43575	2.14481	0.18426	-0.0360165
2.3	0.742868	1.43995	2.14389	0.187309	-0.0344627
2.305	0.745576	1.44415	2.14295	0.190314	-0.0329319
2.31	0.748279	1.44836	2.142	0.193276	-0.031424
2.315	0.750978	1.45257	2.14104	0.196196	-0.0299388
2.32	0.753673	1.45678	2.14005	0.199074	-0.0284761
2.325	0.756364	1.46099	2.13906	0.201911	-0.0270357
2.33	0.759051	1.46521	2.13805	0.204708	-0.0256175
2.335	0.761733	1.46943	2.13703	0.207465	-0.0242212
2.34	0.764411	1.47365	2.13599	0.210184	-0.0228468
2.345	0.767084	1.47788	2.13494	0.212864	-0.021494
2.35	0.769753	1.4821	2.13387	0.215507	-0.0201626
2.355	0.772417	1.48634	2.1328	0.218113	-0.0188526
2.36	0.775077	1.49057	2.1317	0.220682	-0.0175636
2.365	0.777732	1.49481	2.1306	0.223216	-0.0162957
2.37	0.780383	1.49905	2.12949	0.225715	-0.0150485
2.375	0.783028	1.50329	2.12836	0.22818	-0.013822
2.38	0.785669	1.50753	2.12722	0.230611	-0.0126159
2.385	0.788305	1.51178	2.12606	0.233008	-0.0114302
2.39	0.790936	1.51604	2.1249	0.235373	-0.0102647
2.395	0.793562	1.52029	2.12372	0.237706	-0.00911914
2.4	0.796183	1.52455	2.12253	0.240007	-0.00799349
2.405	0.798798	1.52881	2.12133	0.242277	-0.00688758
2.41	0.801409	1.53307	2.12012	0.244516	-0.00580125
2.415	0.804014	1.53734	2.1189	0.246726	-0.00473436
2.42	0.806614	1.54161	2.11766	0.248906	-0.00368676
2.425	0.809209	1.54589	2.11642	0.251057	-0.00265833
2.43	0.811798	1.55016	2.11517	0.25318	-0.00164891
2.435	0.814382	1.55444	2.1139	0.255274	-0.000658381
2.44	0.816961	1.55873	2.11262	0.257342	0.000313403
2.445	0.819534	1.56301	2.11134	0.259382	0.00126657
2.45	0.822101	1.56731	2.11004	0.261395	0.00220126
2.455	0.824663	1.5716	2.10873	0.263382	0.00311759
2.46	0.827219	1.5759	2.10742	0.265344	0.0040157
2.465	0.82977	1.5802	2.10609	0.26728	0.00489571
2.47	0.832314	1.5845	2.10475	0.269191	0.00575775
2.475	0.834853	1.58881	2.10341	0.271078	0.00660194
2.48	0.837386	1.59312	2.10205	0.272941	0.0074284
2.485	0.839914	1.59743	2.10069	0.27478	0.00823726
2.49	0.842435	1.60175	2.09931	0.276596	0.00902863
2.495	0.84495	1.60607	2.09793	0.278389	0.00980263
2.5	0.847459	1.6104	2.09654	0.280159	0.0105594
2.505	0.849963	1.61473	2.09514	0.281908	0.011299
2.51	0.85246	1.61906	2.09373	0.283634	0.0120216
2.515	0.854951	1.62339	2.09231	0.28534	0.0127273
2.52	0.857436	1.62773	2.09088	0.287024	0.0134162
2.525	0.859914	1.63207	2.08945	0.288688	0.0140884
2.53	0.862386	1.63642	2.088	0.290331	0.014744
2.535	0.864852	1.64077	2.08655	0.291954	0.0153832
2.54	0.867312	1.64512	2.08509	0.293558	0.016006
2.545	0.869765	1.64948	2.08362	0.295143	0.0166126
2.55	0.872212	1.65384	2.08215	0.296708	0.017203
2.555	0.874652	1.6582	2.08067	0.298255	0.0177773
2.56	0.877086	1.66257	2.07917	0.299783	0.0183357
2.565	0.879513	1.66694	2.07767	0.301293	0.0188783
2.57	0.881934	1.67132	2.07617	0.302786	0.0194051
2.575	0.884348	1.6757	2.07465	0.304261	0.0199163
2.58	0.886755	1.68008	2.07313	0.305719	0.020412
2.585	0.889156	1.68447	2.0716	0.30716	0.0208922
2.59	0.89155	1.68885	2.07007	0.308584	0.021357
2.595	0.893937	1.69325	2.06853	0.309993	0.0218066
2.6	0.896317	1.69765	2.06698	0.311385	0.022241
2.605	0.898691	1.70205	2.06542	0.312761	0.0226604
2.61	0.901058	1.70645	2.06386	0.314121	0.0230648
2.615	0.903417	1.71086	2.06228	0.315467	0.0234543
2.62	0.90577	1.71527	2.06071	0.316797	0.023829
2.625	0.908116	1.71969	2.05912	0.318113	0.024189
2.63	0.910454	1.72411	2.05753	0.319414	0.0245344
2.635	0.912786	1.72853	2.05594	0.320701	0.0248652
2.64	0.915111	1.73296	2.05433	0.321973	0.0251817
2.645	0.917428	1.73739	2.05272	0.323232	0.0254837
2.65	0.919738	1.74182	2.05111	0.324478	0.0257716
2.655	0.922041	1.74626	2.04948	0.32571	0.0260452
2.66	0.924337	1.7507	2.04786	0.326928	0.0263048
2.665	0.926626	1.75515	2.04622	0.328134	0.0265503
2.67	0.928907	1.75959	2.04458	0.329328	0.0267819
2.675	0.931181	1.76405	2.04293	0.330508	0.0269997
2.68	0.933448	1.7685	2.04128	0.331677	0.0272037
2.685	0.935707	1.77296	2.03962	0.332833	0.027394
2.69	0.937959	1.77743	2.03796	0.333978	0.0275707
2.695	0.940203	1.7819	2.03629	0.33511	0.0277339
2.7	0.94244	1.78637	2.03461	0.336232	0.0278837
2.705	0.944669	1.79084	2.03293	0.337342	0.0280201
2.71	0.946891	1.79532	2.03124	0.338441	0.0281432
2.715	0.949105	1.79981	2.02955	0.339529	0.0282531
2.72	0.951312	1.80429	2.02785	0.340606	0.0283499
2.725	0.95351	1.80878	2.02615	0.341673	0.0284336
2.73	0.955702	1.81328	2.02444	0.342729	0.0285044
2.735	0.957885	1.81778	2.02273	0.343775	0.0285622
2.74	0.960061	1.82228	2.02101	0.344811	0.0286072
2.745	0.962229	1.82678	2.01929	0.345838	0.0286395
2.75	0.964389	1.83129	2.01756	0.346854	0.028659
2.755	0.966542	1.83581	2.01582	0.347861	0.028666
2.76	0.968686	1.84032	2.01408	0.348859	0.0286604
2.765	0.970823	1.84484	2.01234	0.349847	0.0286424
2.77	0.972952	1.84937	2.01059	0.350827	0.028612
2.775	0.975073	1.85389	2.00884	0.351797	0.0285692
2.78	0.977185	1.85843	2.00708	0.352759	0.0285142
2.785	0.97929	1.86296	2.00531	0.353712	0.028447
2.79	0.981387	1.8675	2.00355	0.354657	0.0283677
2.795	0.983476	1.87204	2.00177	0.355593	0.0282764
2.8	0.985557	1.87659	1.99999	0.356522	0.0281731
2.805	0.987629	1.88114	1.99821	0.357442	0.0280579
2.81	0.989694	1.88569	1.99642	0.358354	0.0279309
2.815	0.99175	1.89025	1.99463	0.359259	0.0277921
2.82	0.993798	1.89481	1.99284	0.360156	0.0276415
2.825	0.995838	1.89938	1.99104	0.361045	0.0274794
2.83	0.99787	1.90395	1.98923	0.361927	0.0273057
2.835	0.999893	1.90852	1.98742	0.362802	0.0271205
2.84	1.00191	1.9131	1.98561	0.36367	0.0269238
2.845	1.00391	1.91767	1.98379	0.364531	0.0267158
2.85	1.00591	1.92226	1.98197	0.365385	0.0264965
2.855	1.0079	1.92684	1.98014	0.366232	0.026266
2.86	1.00988	1.93144	1.97831	0.367073	0.0260242
2.865	1.01186	1.93603	1.97647	0.367907	0.0257714
2.87	1.01382	1.94063	1.97463	0.368735	0.0255075
2.875	1.01578	1.94523	1.97279	0.369557	0.0252326
2.88	1.01773	1.94983	1.97094	0.370372	0.0249469
2.885	1.01967	1.95444	1.96909	0.371181	0.0246502
2.89	1.0216	1.95905	1.96723	0.371985	0.0243428
2.895	1.02352	1.96367	1.96537	0.372782	0.0240246
2.9	1.02543	1.96829	1.96351	0.373574	0.0236958
2.905	1.02734	1.97291	1.96164	0.37436	0.0233563
2.91	1.02923	1.97754	1.95977	0.375141	0.0230064
2.915	1.03112	1.98217	1.95789	0.375917	0.0226459
2.92	1.033	1.9868	1.95601	0.376687	0.022275
2.925	1.03487	1.99144	1.95413	0.377451	0.0218938
2.93	1.03673	1.99608	1.95224	0.378211	0.0215022
2.935	1.03858	2.00072	1.95035	0.378966	0.0211004
2.94	1.04043	2.00537	1.94846	0.379716	0.0206885
2.945	1.04226	2.01002	1.94656	0.38046	0.0202664
2.95	1.04409	2.01468	1.94466	0.381201	0.0198342
2.955	1.04591	2.01934	1.94275	0.381936	0.0193921
2.96	1.04771	2.024	1.94084	0.382667	0.01894
2.965	1.04951	2.02866	1.93893	0.383394	0.0184781
2.97	1.0513	2.03333	1.93701	0.384116	0.0180063
2.975	1.05309	2.038	1.93509	0.384834	0.0175248
2.98	1.05486	2.04268	1.93317	0.385547	0.0170335
2.985	1.05662	2.04736	1.93124	0.386257	0.0165326
2.99	1.05838	2.05204	1.92931	0.386962	0.0160222
2.995	1.06012	2.05672	1.92737	0.387663	0.0155022
3	1.06186	2.06141	1.92543	0.388361	0.0149727
3.005	1.06358	2.06611	1.92349	0.389055	0.0144338
3.01	1.0653	2.0708	1.92155	0.389745	0.0138856
3.015	1.06701	2.0755	1.9196	0.390431	0.013328
3.02	1.06871	2.0802	1.91765	0.391114	0.0127613
3.025	1.0704	2.08491	1.91569	0.391793	0.0121853
3.03	1.07208	2.08962	1.91373	0.392468	0.0116003
3.035	1.07375	2.09433	1.91177	0.393141	0.0110061
3.04	1.07542	2.09904	1.9098	0.39381	0.010403
3.045	1.07707	2.10376	1.90783	0.394476	0.00979087
3.05	1.07871	2.10849	1.90586	0.395138	0.00916988
3.055	1.08035	2.11321	1.90389	0.395798	0.00854005
3.06	1.08198	2.11794	1.90191	0.396455	0.00790144
3.065	1.08359	2.12267	1.89993	0.397108	0.0072541
3.07	1.0852	2.12741	1.89794	0.397759	0.00659809
3.075	1.0868	2.13214	1.89595	0.398407	0.00593347
3.08	1.08838	2.13688	1.89396	0.399052	0.00526029
3.085	1.08996	2.14163	1.89196	0.399694	0.00457861
3.09	1.09153	2.14638	1.88997	0.400334	0.00388848
3.095	1.09309	2.15113	1.88796	0.400971	0.00318997
3.1	1.09464	2.15588	1.88596	0.401606	0.00248313
3.105	1.09618	2.16064	1.88395	0.402238	0.001768
3.11	1.09771	2.1654	1.88194	0.402868	0.00104466
3.115	1.09923	2.17016	1.87992	0.403496	0.000313149
3.12	1.10074	2.17493	1.87791	0.404121	-0.000426472
3.125	1.10225	2.1797	1.87589	0.404744	-0.00117415
3.13	1.10374	2.18447	1.87386	0.405364	-0.00192982
3.135	1.10522	2.18924	1.87184	0.405983	-0.00269344
3.14	1.10669	2.19402	1.86981	0.4066	-0.00346495
3.145	1.10816	2.1988	1.86777	0.407214	-0.00424429
3.15	1.10961	2.20359	1.86574	0.407827	-0.00503141
3.155	1.11105	2.20837	1.8637	0.408438	-0.00582626
3.16	1.11249	2.21316	1.86166	0.409046	-0.00662877
3.165	1.11391	2.21796	1.85961	0.409654	-0.0074389
3.17	1.11533	2.22275	1.85756	0.410259	-0.00825658
3.175	1.11673	2.22755	1.85551	0.410862	-0.00908177
3.18	1.11812	2.23235	1.85346	0.411464	-0.0099144
3.185	1.11951	2.23716	1.8514	0.412065	-0.0107544
3.19	1.12088	2.24196	1.84934	0.412664	-0.0116018
3.195	1.12225	2.24677	1.84728	0.413261	-0.0124565
3.2	1.1236	2.25159	1.84521	0.413857	-0.0133183
3.205	1.12495	2.2564	1.84314	0.414451	-0.0141874
3.21	1.12628	2.26122	1.84107	0.415044	-0.0150636
3.215	1.12761	2.26604	1.83899	0.415636	-0.0159468
3.22	1.12892	2.27087	1.83691	0.416226	-0.0168371
3.225	1.13023	2.27569	1.83483	0.416815	-0.0177343
3.23	1.13152	2.28052	1.83275	0.417403	-0.0186384
3.235	1.13281	2.28535	1.83066	0.41799	-0.0195493
3.24	1.13408	2.29019	1.82857	0.418576	-0.0204671
3.245	1.13535	2.29503	1.82648	0.41916	-0.0213916
3.25	1.1366	2.29987	1.82438	0.419744	-0.0223227
3.255	1.13785	2.30471	1.82229	0.420326	-0.0232605
3.26	1.13908	2.30956	1.82018	0.420908	-0.0242049
3.265	1.1403	2.3144	1.81808	0.421489	-0.0251558
3.27	1.14152	2.31925	1.81597	0.422068	-0.0261131
3.275	1.14272	2.32411	1.81386	0.422647	-0.0270769
3.28	1.14391	2.32896	1.81175	0.423225	-0.028047
3.285	1.1451	2.33382	1.80963	0.423803	-0.0290234
3.29	1.14627	2.33868	1.80751	0.42438	-0.0300061
3.295	1.14743	2.34354	1.80539	0.424956	-0.030995
3.3	1.14858	2.34841	1.80327	0.425531	-0.03199
3.305	1.14972	2.35328	1.80114	0.426106	-0.032991
3.31	1.15086	2.35815	1.79901	0.42668	-0.0339981
3.315	1.15198	2.36302	1.79687	0.427253	-0.0350112
3.32	1.15309	2.3679	1.79474	0.427826	-0.0360302
3.325	1.15419	2.37277	1.7926	0.428399	-0.0370551
3.33	1.15528	2.37765	1.79046	0.428971	-0.0380857
3.335	1.15636	2.38254	1.78831	0.429543	-0.0391222
3.34	1.15742	2.38742	1.78616	0.430114	-0.0401643
3.345	1.15848	2.39231	1.78401	0.430685	-0.041212
3.35	1.15953	2.3972	1.78186	0.431256	-0.0422654
3.355	1.16057	2.40209	1.7797	0.431826	-0.0433243
3.36	1.16159	2.40698	1.77755	0.432397	-0.0443887
3.365	1.16261	2.41188	1.77538	0.432966	-0.0454585
3.37	1.16361	2.41677	1.77322	0.433536	-0.0465336
3.375	1.16461	2.42167	1.77105	0.434106	-0.0476141
3.38	1.16559	2.42658	1.76888	0.434675	-0.0486999
3.385	1.16657	2.43148	1.76671	0.435245	-0.0497908
3.39	1.16753	2.43639	1.76453	0.435814	-0.0508869
3.395	1.16848	2.4413	1.76235	0.436383	-0.0519881
3.4	1.16942	2.44621	1.76017	0.436952	-0.0530943
3.405	1.17035	2.45112	1.75798	0.437521	-0.0542056
3.41	1.17127	2.45603	1.7558	0.438091	-0.0553217
3.415	1.17218	2.46095	1.75361	0.43866	-0.0564427
3.42	1.17308	2.46587	1.75141	0.439229	-0.0575686
3.425	1.17397	2.47079	1.74922	0.439799	-0.0586992
3.43	1.17484	2.47571	1.74702	0.440369	-0.0598345
3.435	1.17571	2.48064	1.74482	0.440938	-0.0609745
3.44	1.17656	2.48556	1.74261	0.441508	-0.0621191
3.445	1.17741	2.49049	1.7404	0.442079	-0.0632682
3.45	1.17824	2.49542	1.73819	0.442649	-0.0644218
3.455	1.17906	2.50035	1.73598	0.44322	-0.0655799
3.46	1.17987	2.50529	1.73376	0.443791	-0.0667423
3.465	1.18067	2.51022	1.73155	0.444362	-0.067909
3.47	1.18146	2.51516	1.72932	0.444934	-0.06908
3.475	1.18224	2.5201	1.7271	0.445506	-0.0702552
3.48	1.18301	2.52504	1.72487	0.446079	-0.0714346
3.485	1.18377	2.52998	1.72264	0.446652	-0.0726181
3.49	1.18451	2.53493	1.72041	0.447225	-0.0738056
3.495	1.18525	2.53987	1.71817	0.447799	-0.0749971
3.5	1.18597	2.54482	1.71593	0.448373	-0.0761925
3.505	1.18668	2.54977	1.71369	0.448948	-0.0773918
3.51	1.18738	2.55472	1.71145	0.449523	-0.0785949
3.515	1.18807	2.55967	1.7092	0.450099	-0.0798018
3.52	1.18875	2.56462	1.70695	0.450675	-0.0810124
3.525	1.18942	2.56958	1.70469	0.451252	-0.0822266
3.53	1.19007	2.57454	1.70244	0.45183	-0.0834445
3.535	1.19072	2.5795	1.70018	0.452408	-0.0846658
3.54	1.19135	2.58445	1.69792	0.452987	-0.0858907
3.545	1.19198	2.58942	1.69565	0.453567	-0.087119
3.55	1.19259	2.59438	1.69338	0.454147	-0.0883506
3.555	1.19319	2.59934	1.69111	0.454728	-0.0895856
3.56	1.19378	2.60431	1.68884	0.45531	-0.0908238
3.565	1.19435	2.60927	1.68656	0.455892	-0.0920652
3.57	1.19492	2.61424	1.68428	0.456476	-0.0933098
3.575	1.19547	2.61921	1.682	0.45706	-0.0945574
3.58	1.19602	2.62418	1.67972	0.457644	-0.0958081
3.585	1.19655	2.62915	1.67743	0.45823	-0.0970617
3.59	1.19707	2.63413	1.67514	0.458817	-0.0983183
3.595	1.19758	2.6391	1.67284	0.459404	-0.0995777
3.6	1.19808	2.64407	1.67055	0.459992	-0.10084
3.605	1.19856	2.64905	1.66825	0.460581	-0.102105
3.61	1.19904	2.65403	1.66594	0.461172	-0.103373
3.615	1.1995	2.65901	1.66364	0.461763	-0.104643
3.62	1.19995	2.66399	1.66133	0.462355	-0.105916
3.625	1.2004	2.66897	1.65902	0.462948	-0.107191
3.63	1.20082	2.67395	1.6567	0.463541	-0.108469
3.635	1.20124	2.67893	1.65438	0.464136	-0.109749
3.64	1.20165	2.68391	1.65206	0.464732	-0.111032
3.645	1.20204	2.6889	1.64974	0.465329	-0.112316
3.65	1.20242	2.69388	1.64741	0.465927	-0.113604
3.655	1.2028	2.69887	1.64508	0.466526	-0.114893
3.66	1.20316	2.70386	1.64275	0.467127	-0.116184
3.665	1.2035	2.70885	1.64042	0.467728	-0.117478
3.67	1.20384	2.71383	1.63808	0.46833	-0.118773
3.675	1.20416	2.71882	1.63573	0.468934	-0.12007
3.68	1.20448	2.72381	1.63339	0.469539	-0.12137
3.685	1.20478	2.7288	1.63104	0.470144	-0.122671
3.69	1.20507	2.7338	1.62869	0.470751	-0.123973
3.695	1.20534	2.73879	1.62634	0.47136	-0.125278
3.7	1.20561	2.74378	1.62398	0.471969	-0.126584
3.705	1.20586	2.74878	1.62162	0.47258	-0.127892
3.71	1.20611	2.75377	1.61926	0.473191	-0.129201
3.715	1.20634	2.75876	1.61689	0.473805	-0.130512
3.72	1.20656	2.76376	1.61452	0.474419	-0.131824
3.725	1.20676	2.76876	1.61215	0.475035	-0.133138
3.73	1.20696	2.77375	1.60978	0.475652	-0.134452
3.735	1.20714	2.77875	1.6074	0.47627	-0.135768
3.74	1.20731	2.78374	1.60502	0.476889	-0.137086
3.745	1.20747	2.78874	1.60263	0.47751	-0.138404
3.75	1.20762	2.79374	1.60024	0.478132	-0.139723
3.755	1.20775	2.79874	1.59785	0.478756	-0.141044
3.76	1.20788	2.80374	1.59546	0.479381	-0.142365
3.765	1.20799	2.80874	1.59306	0.480007	-0.143687
3.77	1.20809	2.81373	1.59066	0.480635	-0.145011
3.775	1.20817	2.81873	1.58826	0.481264	-0.146334
3.78	1.20825	2.82373	1.58585	0.481895	-0.147659
3.785	1.20831	2.82873	1.58344	0.482526	-0.148984
3.79	1.20836	2.83373	1.58103	0.48316	-0.15031
3.795	1.2084	2.83873	1.57862	0.483795	-0.151636
3.8	1.20843	2.84373	1.5762	0.484431	-0.152963
3.805	1.20844	2.84873	1.57377	0.485069	-0.15429
3.81	1.20845	2.85373	1.57135	0.485708	-0.155618
3.815	1.20844	2.85873	1.56892	0.486349	-0.156946
3.82	1.20842	2.86373	1.56649	0.486991	-0.158274
3.825	1.20838	2.86873	1.56405	0.487635	-0.159602
3.83	1.20834	2.87373	1.56162	0.48828	-0.16093
3.835	1.20828	2.87873	1.55917	0.488927	-0.162259
3.84	1.20821	2.88373	1.55673	0.489576	-0.163587
3.845	1.20813	2.88873	1.55428	0.490226	-0.164915
3.85	1.20803	2.89373	1.55183	0.490878	-0.166244
3.855	1.20792	2.89873	1.54938	0.491531	-0.167572
3.86	1.2078	2.90373	1.54692	0.492186	-0.168899
3.865	1.20767	2.90873	1.54446	0.492842	-0.170227
3.87	1.20753	2.91372	1.54199	0.4935	-0.171554
3.875	1.20737	2.91872	1.53953	0.49416	-0.172881
3.88	1.2072	2.92372	1.53706	0.494821	-0.174207
3.885	1.20702	2.92871	1.53458	0.495484	-0.175532
3.89	1.20683	2.93371	1.5321	0.496149	-0.176857
3.895	1.20662	2.93871	1.52962	0.496815	-0.178182
3.9	1.20641	2.9437	1.52714	0.497483	-0.179505
3.905	1.20617	2.9487	1.52465	0.498153	-0.180828
3.91	1.20593	2.95369	1.52216	0.498824	-0.18215
3.915	1.20568	2.95868	1.51967	0.499497	-0.183471
3.92	1.20541	2.96368	1.51717	0.500172	-0.184791
3.925	1.20513	2.96867	1.51467	0.500849	-0.18611
3.93	1.20483	2.97366	1.51216	0.501527	-0.187428
3.935	1.20453	2.97865	1.50966	0.502207	-0.188745
3.94	1.20421	2.98364	1.50715	0.502889	-0.190061
3.945	1.20388	2.98863	1.50463	0.503573	-0.191375
3.95	1.20354	2.99362	1.50211	0.504258	-0.192688
3.955	1.20318	2.99861	1.49959	0.504945	-0.193999
3.96	1.20281	3.00359	1.49707	0.505634	-0.19531
3.965	1.20243	3.00858	1.49454	0.506325	-0.196618
3.97	1.20204	3.01356	1.49201	0.507018	-0.197925
3.975	1.20163	3.01855	1.48947	0.507712	-0.19923
3.98	1.20121	3.02353	1.48693	0.508408	-0.200534
3.985	1.20078	3.02851	1.48439	0.509107	-0.201836
3.99	1.20034	3.03349	1.48185	0.509807	-0.203136
3.995	1.19988	3.03847	1.4793	0.510508	-0.204434
4	1.19941	3.04345	1.47674	0.511212	-0.205731
4.005	1.19893	3.04842	1.47419	0.511918	-0.207025
4.01	1.19843	3.0534	1.47163	0.512625	-0.208317
4.015	1.19793	3.05837	1.46907	0.513335	-0.209607
4.02	1.19741	3.06335	1.4665	0.514046	-0.210895
4.025	1.19687	3.06832	1.46393	0.514759	-0.21218
4.03	1.19633	3.07329	1.46136	0.515474	-0.213463
4.035	1.19577	3.07826	1.45878	0.516191	-0.214744
4.04	1.1952	3.08322	1.4562	0.51691	-0.216023
4.045	1.19461	3.08819	1.45361	0.517631	-0.217299
4.05	1.19401	3.09315	1.45102	0.518354	-0.218572
4.055	1.1934	3.09812	1.44843	0.519079	-0.219843
4.06	1.19278	3.10308	1.44584	0.519806	-0.221111
4.065	1.19214	3.10804	1.44324	0.520535	-0.222376
4.07	1.1915	3.11299	1.44064	0.521265	-0.223639
4.075	1.19083	3.11795	1.43803	0.521998	-0.224898
4.08	1.19016	3.1229	1.43542	0.522733	-0.226155
4.085	1.18947	3.12786	1.43281	0.52347	-0.227409
4.09	1.18877	3.13281	1.43019	0.524209	-0.228659
4.095	1.18806	3.13776	1.42757	0.524949	-0.229907
4.1	1.18733	3.1427	1.42494	0.525692	-0.231151
4.105	1.18659	3.14765	1.42231	0.526437	-0.232392
4.11	1.18584	3.15259	1.41968	0.527184	-0.23363
4.115	1.18507	3.15753	1.41705	0.527933	-0.234864
4.12	1.18429	3.16247	1.41441	0.528684	-0.236095
4.125	1.1835	3.16741	1.41176	0.529438	-0.237323
4.13	1.1827	3.17234	1.40912	0.530193	-0.238547
4.135	1.18188	3.17728	1.40646	0.53095	-0.239767
4.14	1.18105	3.18221	1.40381	0.53171	-0.240984
4.145	1.1802	3.18713	1.40115	0.532471	-0.242197
4.15	1.17935	3.19206	1.39849	0.533235	-0.243406
4.155	1.17848	3.19698	1.39582	0.534001	-0.244611
4.16	1.17759	3.2019	1.39315	0.534769	-0.245812
4.165	1.1767	3.20682	1.39048	0.535539	-0.24701
4.17	1.17579	3.21174	1.3878	0.536311	-0.248203
4.175	1.17486	3.21665	1.38512	0.537085	-0.249392
4.18	1.17393	3.22157	1.38243	0.537862	-0.250577
4.185	1.17298	3.22647	1.37974	0.53864	-0.251758
4.19	1.17201	3.23138	1.37705	0.539421	-0.252934
4.195	1.17104	3.23629	1.37435	0.540204	-0.254107
4.2	1.17005	3.24119	1.37165	0.540989	-0.255274
4.205	1.16905	3.24608	1.36895	0.541777	-0.256438
4.21	1.16803	3.25098	1.36624	0.542566	-0.257596
4.215	1.167	3.25587	1.36353	0.543358	-0.25875
4.22	1.16596	3.26076	1.36081	0.544152	-0.2599
4.225	1.1649	3.26565	1.35809	0.544948	-0.261045
4.23	1.16384	3.27054	1.35536	0.545747	-0.262185
4.235	1.16275	3.27542	1.35264	0.546547	-0.26332
4.24	1.16166	3.2803	1.3499	0.54735	-0.26445
4.245	1.16055	3.28517	1.34717	0.548156	-0.265575
4.25	1.15943	3.29004	1.34443	0.548963	-0.266695
4.255	1.15829	3.29491	1.34168	0.549773	-0.26781
4.26	1.15714	3.29978	1.33893	0.550585	-0.26892
4.265	1.15598	3.30464	1.33618	0.551399	-0.270025
4.27	1.1548	3.3095	1.33342	0.552216	-0.271124
4.275	1.15361	3.31436	1.33066	0.553034	-0.272218
4.28	1.15241	3.31921	1.3279	0.553856	-0.273307
4.285	1.1512	3.32406	1.32513	0.554679	-0.27439
4.29	1.14997	3.32891	1.32235	0.555505	-0.275468
4.295	1.14872	3.33375	1.31958	0.556333	-0.27654
4.3	1.14747	3.33859	1.31679	0.557163	-0.277607
4.305	1.1462	3.34343	1.31401	0.557996	-0.278667
4.31	1.14491	3.34826	1.31122	0.558831	-0.279722
4.315	1.14362	3.35309	1.30842	0.559669	-0.280772
4.32	1.14231	3.35791	1.30563	0.560509	-0.281815
4.325	1.14098	3.36273	1.30282	0.561351	-0.282852
4.33	1.13965	3.36755	1.30002	0.562195	-0.283884
4.335	1.13829	3.37237	1.29721	0.563042	-0.284909
4.34	1.13693	3.37718	1.29439	0.563892	-0.285928
4.345	1.13555	3.38198	1.29157	0.564743	-0.286941
4.35	1.13416	3.38679	1.28875	0.565597	-0.287948
4.355	1.13276	3.39158	1.28592	0.566454	-0.288948
4.36	1.13134	3.39638	1.28309	0.567313	-0.289942
4.365	1.1299	3.40117	1.28025	0.568174	-0.29093
4.37	1.12846	3.40596	1.27741	0.569038	-0.291911
4.375	1.127	3.41074	1.27456	0.569905	-0.292885
4.38	1.12553	3.41552	1.27171	0.570773	-0.293853
4.385	1.12404	3.42029	1.26886	0.571645	-0.294814
4.39	1.12254	3.42506	1.266	0.572518	-0.295769
4.395	1.12102	3.42982	1.26314	0.573394	-0.296716
4.4	1.1195	3.43458	1.26027	0.574273	-0.297657
4.405	1.11795	3.43934	1.2574	0.575154	-0.298591
4.41	1.1164	3.44409	1.25453	0.576038	-0.299518
4.415	1.11483	3.44884	1.25165	0.576924	-0.300438
4.42	1.11325	3.45358	1.24876	0.577812	-0.301351
4.425	1.11165	3.45832	1.24587	0.578704	-0.302257
4.43	1.11004	3.46306	1.24298	0.579597	-0.303155
4.435	1.10842	3.46778	1.24008	0.580493	-0.304046
4.44	1.10678	3.47251	1.23718	0.581392	-0.30493
4.445	1.10513	3.47723	1.23427	0.582294	-0.305807
4.45	1.10347	3.48194	1.23136	0.583197	-0.306676
4.455	1.10179	3.48665	1.22844	0.584104	-0.307537
4.46	1.10009	3.49136	1.22552	0.585013	-0.308391
4.465	1.09839	3.49606	1.2226	0.585924	-0.309237
4.47	1.09667	3.50075	1.21967	0.586839	-0.310076
4.475	1.09494	3.50544	1.21673	0.587755	-0.310907
4.48	1.09319	3.51013	1.2138	0.588675	-0.31173
4.485	1.09143	3.51481	1.21085	0.589597	-0.312545
4.49	1.08965	3.51948	1.2079	0.590522	-0.313353
4.495	1.08786	3.52415	1.20495	0.591449	-0.314152
4.5	1.08606	3.52881	1.20199	0.592379	-0.314944
4.505	1.08424	3.53347	1.19903	0.593312	-0.315727
4.51	1.08241	3.53813	1.19607	0.594247	-0.316502
4.515	1.08057	3.54277	1.19309	0.595185	-0.317269
4.52	1.07871	3.54742	1.19012	0.596125	-0.318028
4.525	1.07684	3.55205	1.18714	0.597069	-0.318778
4.53	1.07496	3.55668	1.18415	0.598015	-0.31952
4.535	1.07306	3.56131	1.18116	0.598963	-0.320254
4.54	1.07114	3.56593	1.17817	0.599915	-0.320979
4.545	1.06922	3.57054	1.17517	0.600869	-0.321695
4.55	1.06728	3.57515	1.17216	0.601826	-0.322403
4.555	1.06532	3.57975	1.16915	0.602786	-0.323103
4.56	1.06335	3.58435	1.16614	0.603748	-0.323793
4.565	1.06137	3.58894	1.16312	0.604713	-0.324475
4.57	1.05937	3.59352	1.1601	0.605681	-0.325148
4.575	1.05736	3.5981	1.15707	0.606652	-0.325812
4.58	1.05534	3.60267	1.15404	0.607626	-0.326468
4.585	1.0533	3.60724	1.151	0.608602	-0.327114
4.59	1.05125	3.6118	1.14796	0.609581	-0.327751
4.595	1.04918	3.61635	1.14491	0.610563	-0.328379
4.6	1.0471	3.6209	1.14185	0.611548	-0.328998
4.605	1.04501	3.62544	1.1388	0.612536	-0.329608
4.61	1.0429	3.62997	1.13573	0.613526	-0.330208
4.615	1.04078	3.6345	1.13267	0.61452	-0.3308
4.62	1.03865	3.63902	1.12959	0.615516	-0.331381
4.625	1.0365	3.64354	1.12652	0.616515	-0.331954
4.63	1.03434	3.64804	1.12343	0.617518	-0.332517
4.635	1.03216	3.65255	1.12035	0.618523	-0.33307
4.64	1.02997	3.65704	1.11725	0.619531	-0.333614
4.645	1.02776	3.66153	1.11416	0.620542	-0.334148
4.65	1.02554	3.66601	1.11105	0.621555	-0.334673
4.655	1.02331	3.67048	1.10795	0.622572	-0.335188
4.66	1.02107	3.67495	1.10483	0.623592	-0.335693
4.665	1.01881	3.67941	1.10171	0.624615	-0.336188
4.67	1.01653	3.68386	1.09859	0.625641	-0.336673
4.675	1.01424	3.68831	1.09546	0.626669	-0.337149
4.68	1.01194	3.69275	1.09233	0.627701	-0.337614
4.685	1.00962	3.69718	1.08919	0.628736	-0.338069
4.69	1.0073	3.7016	1.08605	0.629774	-0.338515
4.695	1.00495	3.70602	1.0829	0.630815	-0.33895
4.7	1.00259	3.71043	1.07974	0.631859	-0.339375
4.705	1.00022	3.71483	1.07659	0.632906	-0.339789
4.71	0.997836	3.71922	1.07342	0.633957	-0.340194
4.715	0.995437	3.72361	1.07025	0.63501	-0.340588
4.72	0.993023	3.72799	1.06708	0.636066	-0.340971
4.725	0.990596	3.73236	1.0639	0.637126	-0.341345
4.73	0.988155	3.73672	1.06071	0.638189	-0.341707
4.735	0.985699	3.74108	1.05752	0.639255	-0.34206
4.74	0.98323	3.74543	1.05432	0.640324	-0.342401
4.745	0.980747	3.74977	1.05112	0.641396	-0.342732
4.75	0.97825	3.7541	1.04791	0.642472	-0.343052
4.755	0.97574	3.75842	1.0447	0.643551	-0.343362
4.76	0.973215	3.76274	1.04148	0.644633	-0.343661
4.765	0.970676	3.76705	1.03826	0.645718	-0.343949
4.77	0.968124	3.77135	1.03503	0.646807	-0.344226
4.775	0.965557	3.77564	1.0318	0.647899	-0.344492
4.78	0.962977	3.77992	1.02856	0.648994	-0.344747
4.785	0.960383	3.78419	1.02531	0.650093	-0.344991
4.79	0.957775	3.78846	1.02206	0.651194	-0.345225
4.795	0.955153	3.79272	1.01881	0.6523	-0.345447
4.8	0.952517	3.79697	1.01555	0.653408	-0.345658
4.805	0.949868	3.80121	1.01228	0.65452	-0.345857
4.81	0.947204	3.80544	1.00901	0.655636	-0.346046
4.815	0.944527	3.80966	1.00573	0.656755	-0.346223
4.82	0.941836	3.81388	1.00244	0.657877	-0.346389
4.825	0.93913	3.81808	0.999155	0.659003	-0.346543
4.83	0.936412	3.82228	0.99586	0.660132	-0.346687
4.835	0.933679	3.82646	0.99256	0.661265	-0.346818
4.84	0.930932	3.83064	0.989253	0.662401	-0.346938
4.845	0.928172	3.83481	0.985941	0.663541	-0.347047
4.85	0.925398	3.83897	0.982623	0.664685	-0.347144
4.855	0.92261	3.84312	0.9793	0.665832	-0.34723
4.86	0.919808	3.84726	0.975971	0.666982	-0.347304
4.865	0.916992	3.85139	0.972636	0.668137	-0.347366
4.87	0.914163	3.85552	0.969295	0.669295	-0.347416
4.875	0.91132	3.85963	0.965949	0.670456	-0.347455
4.88	0.908463	3.86373	0.962597	0.671622	-0.347481
4.885	0.905592	3.86783	0.959238	0.672791	-0.347496
4.89	0.902707	3.87191	0.955874	0.673963	-0.347499
4.895	0.899809	3.87598	0.952505	0.67514	-0.34749
4.9	0.896897	3.88005	0.949129	0.67632	-0.347469
4.905	0.893972	3.8841	0.945747	0.677504	-0.347437
4.91	0.891032	3.88815	0.94236	0.678692	-0.347392
4.915	0.888079	3.89218	0.938966	0.679884	-0.347335
4.92	0.885112	3.89621	0.935567	0.681079	-0.347265
4.925	0.882132	3.90022	0.932162	0.682279	-0.347184
4.93	0.879138	3.90423	0.92875	0.683483	-0.347091
4.935	0.87613	3.90822	0.925333	0.68469	-0.346985
4.94	0.873108	3.91221	0.921909	0.685901	-0.346867
4.945	0.870073	3.91618	0.91848	0.687117	-0.346736
4.95	0.867024	3.92014	0.915044	0.688336	-0.346594
4.955	0.863962	3.92409	0.911603	0.68956	-0.346439
4.96	0.860886	3.92804	0.908155	0.690787	-0.346271
4.965	0.857796	3.93197	0.904701	0.692019	-0.346091
4.97	0.854693	3.93589	0.901241	0.693255	-0.345899
4.975	0.851576	3.9398	0.897774	0.694495	-0.345694
4.98	0.848446	3.9437	0.894302	0.695739	-0.345477
4.985	0.845302	3.94758	0.890823	0.696988	-0.345247
4.99	0.842145	3.95146	0.887338	0.698241	-0.345004
4.995	0.838974	3.95533	0.883847	0.699498	-0.344749
5	0.83579	3.95918	0.88035	0.700759	-0.344481
5.005	0.832592	3.96303	0.876846	0.702025	-0.3442
5.01	0.82938	3.96686	0.873336	0.703295	-0.343907
5.015	0.826155	3.97068	0.869819	0.70457	-0.343601
5.02	0.822917	3.97449	0.866296	0.705849	-0.343282
5.025	0.819665	3.97829	0.862767	0.707133	-0.34295
5.03	0.8164	3.98207	0.859231	0.708421	-0.342606
5.035	0.813122	3.98585	0.855689	0.709714	-0.342248
5.04	0.80983	3.98961	0.852141	0.711011	-0.341878
5.045	0.806525	3.99336	0.848586	0.712313	-0.341495
5.05	0.803206	3.9971	0.845024	0.71362	-0.341098
5.055	0.799874	4.00083	0.841456	0.714931	-0.340689
5.06	0.796529	4.00455	0.837881	0.716247	-0.340267
5.065	0.793171	4.00825	0.8343	0.717568	-0.339832
5.07	0.789799	4.01194	0.830712	0.718894	-0.339384
5.075	0.786414	4.01562	0.827118	0.720225	-0.338922
5.08	0.783016	4.01929	0.823517	0.72156	-0.338448
5.085	0.779604	4.02295	0.819909	0.722901	-0.33796
5.09	0.77618	4.02659	0.816294	0.724247	-0.337459
5.095	0.772742	4.03022	0.812673	0.725598	-0.336945
5.1	0.769291	4.03384	0.809045	0.726953	-0.336418
5.105	0.765827	4.03744	0.80541	0.728314	-0.335878
5.11	0.76235	4.04104	0.801769	0.729681	-0.335324
5.115	0.758859	4.04462	0.79812	0.731052	-0.334758
5.12	0.755356	4.04818	0.794465	0.732429	-0.334177
5.125	0.75184	4.05174	0.790803	0.733811	-0.333584
5.13	0.74831	4.05528	0.787134	0.735199	-0.332977
5.135	0.744768	4.05881	0.783458	0.736592	-0.332357
5.14	0.741213	4.06233	0.779775	0.73799	-0.331724
5.145	0.737644	4.06583	0.776085	0.739395	-0.331077
5.15	0.734063	4.06932	0.772388	0.740804	-0.330417
5.155	0.730469	4.07279	0.768684	0.74222	-0.329743
5.16	0.726862	4.07626	0.764973	0.743641	-0.329056
5.165	0.723242	4.0797	0.761255	0.745068	-0.328355
5.17	0.719609	4.08314	0.757529	0.746501	-0.327641
5.175	0.715964	4.08656	0.753797	0.74794	-0.326914
5.18	0.712306	4.08997	0.750057	0.749385	-0.326173
5.185	0.708635	4.09337	0.74631	0.750836	-0.325418
5.19	0.704951	4.09675	0.742556	0.752293	-0.32465
5.195	0.701254	4.10011	0.738795	0.753756	-0.323869
5.2	0.697545	4.10347	0.735026	0.755225	-0.323073
5.205	0.693824	4.10681	0.73125	0.756701	-0.322265
5.21	0.690089	4.11013	0.727466	0.758183	-0.321443
5.215	0.686342	4.11344	0.723675	0.759672	-0.320607
5.22	0.682583	4.11674	0.719877	0.761167	-0.319757
5.225	0.678811	4.12002	0.716071	0.762669	-0.318894
5.23	0.675027	4.12329	0.712258	0.764178	-0.318017
5.235	0.67123	4.12654	0.708437	0.765693	-0.317127
5.24	0.66742	4.12978	0.704609	0.767215	-0.316223
5.245	0.663599	4.133	0.700772	0.768744	-0.315305
5.25	0.659765	4.13621	0.696929	0.770281	-0.314374
5.255	0.655918	4.13941	0.693077	0.771824	-0.313429
5.26	0.65206	4.14259	0.689218	0.773374	-0.31247
5.265	0.648189	4.14575	0.685351	0.774932	-0.311498
5.27	0.644305	4.1489	0.681477	0.776498	-0.310512
5.275	0.64041	4.15204	0.677594	0.77807	-0.309512
5.28	0.636502	4.15516	0.673704	0.779651	-0.308499
5.285	0.632583	4.15826	0.669806	0.781239	-0.307472
5.29	0.628651	4.16135	0.665899	0.782835	-0.306431
5.295	0.624707	4.16442	0.661985	0.784438	-0.305376
5.3	0.620751	4.16748	0.658063	0.78605	-0.304308
5.305	0.616783	4.17052	0.654133	0.78767	-0.303226
5.31	0.612803	4.17355	0.650194	0.789298	-0.30213
5.315	0.608812	4.17656	0.646248	0.790935	-0.30102
5.32	0.604808	4.17955	0.642293	0.79258	-0.299897
5.325	0.600792	4.18253	0.63833	0.794233	-0.29876
5.33	0.596765	4.1855	0.634359	0.795896	-0.297609
5.335	0.592726	4.18844	0.63038	0.797567	-0.296445
5.34	0.588675	4.19138	0.626392	0.799247	-0.295266
5.345	0.584613	4.19429	0.622396	0.800936	-0.294074
5.35	0.580539	4.19719	0.618391	0.802634	-0.292869
5.355	0.576453	4.20007	0.614378	0.804342	-0.291649
5.36	0.572356	4.20294	0.610356	0.80606	-0.290416
5.365	0.568247	4.20579	0.606326	0.807787	-0.289169
5.37	0.564127	4.20862	0.602287	0.809523	-0.287908
5.375	0.559996	4.21144	0.598239	0.81127	-0.286633
5.38	0.555852	4.21423	0.594183	0.813027	-0.285345
5.385	0.551698	4.21702	0.590118	0.814795	-0.284043
5.39	0.547532	4.21978	0.586044	0.816573	-0.282727
5.395	0.543356	4.22253	0.581961	0.818361	-0.281398
5.4	0.539167	4.22526	0.577869	0.82016	-0.280054
5.405	0.534968	4.22798	0.573768	0.821971	-0.278697
5.41	0.530758	4.23067	0.569658	0.823792	-0.277327
5.415	0.526536	4.23335	0.565539	0.825625	-0.275942
5.42	0.522304	4.23601	0.561411	0.82747	-0.274544
5.425	0.51806	4.23866	0.557274	0.829326	-0.273132
5.43	0.513806	4.24128	0.553127	0.831195	-0.271706
5.435	0.50954	4.24389	0.548971	0.833075	-0.270267
5.44	0.505264	4.24649	0.544806	0.834968	-0.268814
5.445	0.500977	4.24906	0.540631	0.836874	-0.267347
5.45	0.49668	4.25161	0.536447	0.838793	-0.265867
5.455	0.492371	4.25415	0.532253	0.840725	-0.264373
5.46	0.488052	4.25667	0.528049	0.84267	-0.262865
5.465	0.483723	4.25917	0.523836	0.844629	-0.261343
5.47	0.479383	4.26165	0.519613	0.846602	-0.259808
5.475	0.475032	4.26412	0.51538	0.848589	-0.258259
5.48	0.470671	4.26656	0.511137	0.850591	-0.256697
5.485	0.4663	4.26899	0.506884	0.852608	-0.255121
5.49	0.461918	4.2714	0.502621	0.854639	-0.253531
5.495	0.457527	4.27379	0.498348	0.856687	-0.251928
5.5	0.453124	4.27616	0.494064	0.858749	-0.25031
5.505	0.448712	4.27851	0.48977	0.860828	-0.24868
5.51	0.44429	4.28085	0.485466	0.862924	-0.247035
5.515	0.439858	4.28316	0.481152	0.865036	-0.245377
5.52	0.435415	4.28546	0.476826	0.867166	-0.243706
5.525	0.430963	4.28773	0.472491	0.869312	-0.242021
5.53	0.426501	4.28999	0.468144	0.871477	-0.240322
5.535	0.422029	4.29222	0.463787	0.873661	-0.238609
5.54	0.417548	4.29444	0.459418	0.875863	-0.236883
5.545	0.413057	4.29664	0.455039	0.878084	-0.235144
5.55	0.408556	4.29882	0.450649	0.880325	-0.233391
5.555	0.404045	4.30097	0.446247	0.882586	-0.231624
5.56	0.399526	4.30311	0.441834	0.884868	-0.229844
5.565	0.394996	4.30523	0.43741	0.887171	-0.22805
5.57	0.390458	4.30733	0.432974	0.889495	-0.226242
5.575	0.38591	4.30941	0.428526	0.891842	-0.224421
5.58	0.381353	4.31146	0.424067	0.894211	-0.222587
5.585	0.376786	4.3135	0.419596	0.896604	-0.220739
5.59	0.372211	4.31552	0.415113	0.899021	-0.218877
5.595	0.367627	4.31751	0.410618	0.901463	-0.217002
5.6	0.363033	4.31949	0.406111	0.90393	-0.215113
5.605	0.358431	4.32144	0.401591	0.906423	-0.213211
5.61	0.35382	4.32338	0.397059	0.908943	-0.211295
5.615	0.3492	4.32529	0.392514	0.91149	-0.209365
5.62	0.344572	4.32718	0.387957	0.914065	-0.207422
5.625	0.339935	4.32905	0.383386	0.91667	-0.205466
5.63	0.335289	4.3309	0.378803	0.919305	-0.203495
5.635	0.330635	4.33273	0.374207	0.92197	-0.201511
5.64	0.325973	4.33453	0.369597	0.924667	-0.199514
5.645	0.321302	4.33632	0.364973	0.927397	-0.197503
5.65	0.316623	4.33808	0.360336	0.930161	-0.195478
5.655	0.311936	4.33982	0.355686	0.93296	-0.19344
5.66	0.307241	4.34154	0.351021	0.935795	-0.191388
5.665	0.302538	4.34324	0.346342	0.938667	-0.189322
5.67	0.297827	4.34491	0.341648	0.941578	-0.187243
5.675	0.293108	4.34657	0.336941	0.944528	-0.18515
5.68	0.288382	4.3482	0.332218	0.947519	-0.183043
5.685	0.283647	4.34981	0.32748	0.950554	-0.180923
5.69	0.278906	4.35139	0.322728	0.953632	-0.178788
5.695	0.274156	4.35295	0.317959	0.956756	-0.17664
5.7	0.269399	4.35449	0.313176	0.959928	-0.174478
5.705	0.264635	4.35601	0.308376	0.963148	-0.172302
5.71	0.259864	4.35751	0.30356	0.966421	-0.170112
5.715	0.255085	4.35898	0.298728	0.969746	-0.167908
5.72	0.2503	4.36043	0.293879	0.973127	-0.16569
5.725	0.245507	4.36185	0.289014	0.976565	-0.163458
5.73	0.240708	4.36325	0.284131	0.980063	-0.161212
5.735	0.235901	4.36463	0.279231	0.983624	-0.158952
5.74	0.231088	4.36599	0.274313	0.987251	-0.156677
5.745	0.226268	4.36732	0.269376	0.990945	-0.154389
5.75	0.221442	4.36862	0.264422	0.994711	-0.152085
5.755	0.21661	4.36991	0.259448	0.998552	-0.149767
5.76	0.211771	4.37116	0.254455	1.00247	-0.147435
5.765	0.206925	4.3724	0.249443	1.00647	-0.145088
5.77	0.202074	4.37361	0.244411	1.01056	-0.142726
5.775	0.197216	4.37479	0.239358	1.01474	-0.14035
5.78	0.192353	4.37595	0.234284	1.01901	-0.137958
5.785	0.187484	4.37709	0.229189	1.02339	-0.135551
5.79	0.182609	4.3782	0.224072	1.02787	-0.133129
5.795	0.177728	4.37929	0.218933	1.03246	-0.130692
5.8	0.172842	4.38035	0.21377	1.03717	-0.128239
5.805	0.16795	4.38138	0.208585	1.04201	-0.125771
5.81	0.163053	4.38239	0.203374	1.04699	-0.123287
5.815	0.158151	4.38338	0.19814	1.0521	-0.120786
5.82	0.153244	4.38434	0.192879	1.05737	-0.11827
5.825	0.148332	4.38527	0.187592	1.06281	-0.115737
5.83	0.143414	4.38617	0.182278	1.06841	-0.113188
5.835	0.138493	4.38706	0.176936	1.07421	-0.110621
5.84	0.133566	4.38791	0.171565	1.08021	-0.108038
5.845	0.128635	4.38874	0.166164	1.08642	-0.105438
5.85	0.123699	4.38954	0.160732	1.09288	-0.10282
5.855	0.118759	4.39031	0.155267	1.09959	-0.100184
5.86	0.113815	4.39106	0.14977	1.10659	-0.0975297
5.865	0.108867	4.39177	0.144237	1.11389	-0.0948575
5.87	0.103915	4.39246	0.138667	1.12154	-0.0921666
5.875	0.0989595	4.39313	0.133059	1.12956	-0.0894569
5.88	0.094	4.39376	0.127412	1.13801	-0.0867282
5.885	0.089037	4.39437	0.121722	1.14693	-0.0839801
5.89	0.0840706	4.39495	0.115987	1.15638	-0.0812127
5.895	0.0791009	4.3955	0.110205	1.16644	-0.0784258
5.9	0.0741282	4.39602	0.104373	1.17719	-0.0756196
5.905	0.0691524	4.39651	0.0984869	1.18876	-0.0727945
5.91	0.0641738	4.39697	0.0925431	1.20128	-0.0699511
5.915	0.0591925	4.39741	0.0865367	1.21495	-0.0670907
5.92	0.0542087	4.39781	0.0804619	1.23001	-0.0642154
5.925	0.0492225	4.39818	0.0743119	1.2468	-0.0613287
5.93	0.0442341	4.39852	0.0680779	1.2658	-0.0584363
5.935	0.0392436	4.39883	0.0617489	1.28773	-0.0555478
5.94	0.0342512	4.3991	0.0553102	1.31371	-0.0526794
5.945	0.0292572	4.39935	0.0487417	1.34562	-0.0498603
5.95	0.0242616	4.39956	0.0420136	1.3869	-0.047146
5.955	0.0192647	4.39973	0.035079	1.44468	-0.0446523
5.96	0.0142666	4.39987	0.0278556	1.53646	-0.042657
5.965	0.00926761	4.39997	0.0201733	1.71819	-0.0420038
5.97	0.00426795	4.40003	0.0115824	2.27473	-0.0468859
5.975	-0.000732054	4.40003	0.000208761	7.86377	-0.186149
