descriptor s_test R_test Z_test
0	1.45857	9.99999e-006	0.002	-0.402098	-0.00161572
0.005	1.45357	3.00524e-005	0.00401049	-0.404203	-0.00324718
0.01	1.44857	6.02098e-005	0.00603151	-0.406315	-0.00489441
0.015	1.44357	0.000100525	0.00806308	-0.408433	-0.00655745
0.02	1.43857	0.00015105	0.0101053	-0.410559	-0.00823631
0.025	1.43357	0.000211839	0.012158	-0.412692	-0.00993102
0.03	1.42857	0.000282944	0.0142215	-0.414832	-0.0116416
0.035	1.42357	0.000364419	0.0162957	-0.416979	-0.0133681
0.04	1.41857	0.000456316	0.0183806	-0.419134	-0.0151106
0.045	1.41357	0.00055869	0.0204762	-0.421297	-0.016869
0.05	1.40858	0.000671594	0.0225827	-0.423467	-0.0186434
0.055	1.40358	0.000795082	0.0247	-0.425646	-0.0204338
0.06	1.39858	0.000929207	0.0268283	-0.427833	-0.0222403
0.065	1.39358	0.00107402	0.0289674	-0.430028	-0.0240629
0.07	1.38858	0.00122959	0.0311176	-0.432232	-0.0259015
0.075	1.38359	0.00139595	0.0332787	-0.434444	-0.0277564
0.08	1.37859	0.00157317	0.035451	-0.436665	-0.0296273
0.085	1.37359	0.00176129	0.0376343	-0.438896	-0.0315145
0.09	1.3686	0.00196039	0.0398288	-0.441135	-0.0334179
0.095	1.3636	0.0021705	0.0420344	-0.443384	-0.0353376
0.1	1.35861	0.00239168	0.0442514	-0.445643	-0.0372735
0.105	1.35361	0.00262399	0.0464796	-0.447911	-0.0392258
0.11	1.34862	0.00286749	0.0487191	-0.450189	-0.0411944
0.115	1.34362	0.00312223	0.0509701	-0.452477	-0.0431794
0.12	1.33863	0.00338827	0.0532325	-0.454776	-0.0451808
0.125	1.33364	0.00366566	0.0555063	-0.457085	-0.0471987
0.13	1.32865	0.00395446	0.0577918	-0.459405	-0.049233
0.135	1.32366	0.00425472	0.0600888	-0.461735	-0.0512838
0.14	1.31867	0.00456651	0.0623975	-0.464077	-0.0533512
0.145	1.31368	0.00488987	0.0647179	-0.46643	-0.0554352
0.15	1.30869	0.00522487	0.06705	-0.468794	-0.0575357
0.155	1.3037	0.00557156	0.069394	-0.47117	-0.0596529
0.16	1.29871	0.00593	0.0717498	-0.473559	-0.0617867
0.165	1.29373	0.00630025	0.0741176	-0.475959	-0.0639373
0.17	1.28874	0.00668236	0.0764974	-0.478371	-0.0661046
0.175	1.28376	0.0070764	0.0788893	-0.480796	-0.0682887
0.18	1.27877	0.00748242	0.0812932	-0.483234	-0.0704895
0.185	1.27379	0.00790048	0.0837094	-0.485685	-0.0727072
0.19	1.26881	0.00833064	0.0861378	-0.488149	-0.0749418
0.195	1.26383	0.00877295	0.0885786	-0.490627	-0.0771933
0.2	1.25885	0.00922748	0.0910317	-0.493118	-0.0794617
0.205	1.25387	0.00969429	0.0934973	-0.495624	-0.0817472
0.21	1.24889	0.0101734	0.0959754	-0.498143	-0.0840496
0.215	1.24392	0.010665	0.0984662	-0.500678	-0.0863691
0.22	1.23894	0.011169	0.10097	-0.503226	-0.0887057
0.225	1.23397	0.0116855	0.103486	-0.50579	-0.0910594
0.23	1.229	0.0122145	0.106015	-0.508369	-0.0934303
0.235	1.22403	0.0127563	0.108556	-0.510964	-0.0958184
0.24	1.21906	0.0133107	0.111111	-0.513575	-0.0982237
0.245	1.21409	0.0138778	0.113679	-0.516201	-0.100646
0.25	1.20912	0.0144578	0.11626	-0.518844	-0.103086
0.255	1.20416	0.0150507	0.118854	-0.521504	-0.105544
0.26	1.1992	0.0156565	0.121462	-0.52418	-0.108018
0.265	1.19424	0.0162753	0.124083	-0.526874	-0.11051
0.27	1.18928	0.0169072	0.126717	-0.529585	-0.11302
0.275	1.18432	0.0175523	0.129365	-0.532314	-0.115547
0.28	1.17936	0.0182105	0.132027	-0.535062	-0.118092
0.285	1.17441	0.018882	0.134702	-0.537827	-0.120654
0.29	1.16945	0.0195668	0.137391	-0.540612	-0.123234
0.295	1.1645	0.0202649	0.140094	-0.543416	-0.125832
0.3	1.15955	0.0209766	0.142811	-0.546239	-0.128447
0.305	1.15461	0.0217017	0.145542	-0.549082	-0.131081
0.31	1.14966	0.0224404	0.148288	-0.551945	-0.133732
0.315	1.14472	0.0231928	0.151048	-0.554828	-0.136401
0.32	1.13978	0.0239589	0.153822	-0.557732	-0.139087
0.325	1.13484	0.0247387	0.15661	-0.560658	-0.141792
0.33	1.1299	0.0255324	0.159414	-0.563605	-0.144515
0.335	1.12497	0.02634	0.162232	-0.566574	-0.147256
0.34	1.12003	0.0271616	0.165065	-0.569565	-0.150015
0.345	1.11511	0.0279972	0.167912	-0.572579	-0.152792
0.35	1.11018	0.028847	0.170775	-0.575616	-0.155587
0.355	1.10525	0.0297109	0.173653	-0.578676	-0.158401
0.36	1.10033	0.030589	0.176547	-0.581761	-0.161232
0.365	1.09541	0.0314815	0.179456	-0.584869	-0.164083
0.37	1.09049	0.0323884	0.18238	-0.588003	-0.166951
0.375	1.08558	0.0333097	0.18532	-0.591161	-0.169838
0.38	1.08067	0.0342455	0.188276	-0.594345	-0.172743
0.385	1.07576	0.0351959	0.191247	-0.597555	-0.175667
0.39	1.07085	0.036161	0.194235	-0.600791	-0.17861
0.395	1.06595	0.0371408	0.197239	-0.604054	-0.181571
0.4	1.06105	0.0381354	0.200259	-0.607345	-0.184551
0.405	1.05615	0.0391449	0.203296	-0.610663	-0.18755
0.41	1.05126	0.0401694	0.206349	-0.61401	-0.190567
0.415	1.04637	0.0412088	0.20942	-0.617385	-0.193603
0.42	1.04148	0.0422634	0.212506	-0.62079	-0.196659
0.425	1.0366	0.0433331	0.21561	-0.624224	-0.199733
0.43	1.03172	0.0444181	0.218732	-0.627689	-0.202826
0.435	1.02684	0.0455183	0.22187	-0.631184	-0.205938
0.44	1.02196	0.046634	0.225026	-0.634711	-0.209069
0.445	1.01709	0.0477651	0.228199	-0.63827	-0.21222
0.45	1.01223	0.0489118	0.231391	-0.64186	-0.21539
0.455	1.00736	0.050074	0.2346	-0.645484	-0.218579
0.46	1.0025	0.051252	0.237828	-0.649142	-0.221787
0.465	0.997649	0.0524457	0.241073	-0.652833	-0.225015
0.47	0.992798	0.0536553	0.244337	-0.656559	-0.228262
0.475	0.98795	0.0548808	0.24762	-0.66032	-0.231529
0.48	0.983107	0.0561223	0.250922	-0.664117	-0.234815
0.485	0.978268	0.0573798	0.254242	-0.66795	-0.238121
0.49	0.973433	0.0586535	0.257582	-0.671821	-0.241446
0.495	0.968602	0.0599435	0.260941	-0.675729	-0.244791
0.5	0.963776	0.0612497	0.26432	-0.679675	-0.248156
0.505	0.958954	0.0625724	0.267718	-0.683661	-0.251541
0.51	0.954136	0.0639115	0.271137	-0.687686	-0.254946
0.515	0.949324	0.0652672	0.274575	-0.691751	-0.258371
0.52	0.944516	0.0666396	0.278034	-0.695857	-0.261815
0.525	0.939712	0.0680286	0.281513	-0.700005	-0.26528
0.53	0.934914	0.0694345	0.285013	-0.704196	-0.268765
0.535	0.930121	0.0708572	0.288534	-0.708429	-0.27227
0.54	0.925333	0.0722969	0.292076	-0.712706	-0.275795
0.545	0.92055	0.0737537	0.29564	-0.717028	-0.279341
0.55	0.915772	0.0752275	0.299225	-0.721395	-0.282906
0.555	0.910999	0.0767187	0.302832	-0.725808	-0.286493
0.56	0.906232	0.0782271	0.306461	-0.730268	-0.290099
0.565	0.901471	0.0797529	0.310112	-0.734776	-0.293727
0.57	0.896715	0.0812962	0.313786	-0.739332	-0.297374
0.575	0.891965	0.0828571	0.317483	-0.743937	-0.301043
0.58	0.88722	0.0844357	0.321202	-0.748592	-0.304732
0.585	0.882482	0.0860319	0.324945	-0.753299	-0.308441
0.59	0.87775	0.0876461	0.328712	-0.758057	-0.312172
0.595	0.873024	0.0892781	0.332502	-0.762867	-0.315923
0.6	0.868304	0.0909282	0.336317	-0.767731	-0.319695
0.605	0.86359	0.0925963	0.340155	-0.77265	-0.323488
0.61	0.858883	0.0942827	0.344018	-0.777623	-0.327302
0.615	0.854183	0.0959874	0.347907	-0.782653	-0.331136
0.62	0.849489	0.0977104	0.35182	-0.787741	-0.334992
0.625	0.844802	0.0994519	0.355759	-0.792886	-0.338869
0.63	0.840122	0.101212	0.359723	-0.79809	-0.342767
0.635	0.835449	0.102991	0.363713	-0.803354	-0.346686
0.64	0.830784	0.104788	0.36773	-0.80868	-0.350626
0.645	0.826125	0.106605	0.371774	-0.814067	-0.354588
0.65	0.821474	0.10844	0.375844	-0.819517	-0.35857
0.655	0.816831	0.110294	0.379941	-0.825031	-0.362574
0.66	0.812195	0.112168	0.384067	-0.830611	-0.366599
0.665	0.807567	0.11406	0.38822	-0.836256	-0.370646
0.67	0.802947	0.115972	0.392401	-0.841969	-0.374713
0.675	0.798335	0.117904	0.396611	-0.84775	-0.378802
0.68	0.793732	0.119855	0.40085	-0.8536	-0.382913
0.685	0.789136	0.121825	0.405118	-0.859521	-0.387044
0.69	0.784549	0.123816	0.409415	-0.865514	-0.391197
0.695	0.779971	0.125826	0.413743	-0.871579	-0.395372
0.7	0.775402	0.127856	0.418101	-0.877718	-0.399567
0.705	0.770842	0.129906	0.422489	-0.883932	-0.403784
0.71	0.76629	0.131977	0.426909	-0.890223	-0.408023
0.715	0.761748	0.134067	0.43136	-0.89659	-0.412282
0.72	0.757216	0.136178	0.435843	-0.903037	-0.416563
0.725	0.752693	0.138309	0.440358	-0.909563	-0.420865
0.73	0.74818	0.140461	0.444906	-0.91617	-0.425188
0.735	0.743676	0.142634	0.449487	-0.92286	-0.429533
0.74	0.739183	0.144827	0.454101	-0.929633	-0.433898
0.745	0.7347	0.147041	0.458749	-0.93649	-0.438285
0.75	0.730227	0.149276	0.463432	-0.943434	-0.442693
0.755	0.725765	0.151532	0.468149	-0.950465	-0.447121
0.76	0.721314	0.15381	0.472901	-0.957584	-0.451571
0.765	0.716874	0.156108	0.477689	-0.964794	-0.456041
0.77	0.712445	0.158428	0.482513	-0.972094	-0.460531
0.775	0.708027	0.16077	0.487374	-0.979487	-0.465043
0.78	0.70362	0.163133	0.492271	-0.986974	-0.469575
0.785	0.699226	0.165518	0.497206	-0.994555	-0.474127
0.79	0.694843	0.167925	0.502179	-1.00223	-0.478699
0.795	0.690473	0.170353	0.50719	-1.01001	-0.483292
0.8	0.686114	0.172804	0.51224	-1.01788	-0.487904
0.805	0.681769	0.175277	0.517329	-1.02586	-0.492536
0.81	0.677436	0.177772	0.522459	-1.03393	-0.497188
0.815	0.673116	0.180289	0.527628	-1.04211	-0.501859
0.82	0.668809	0.182829	0.532839	-1.05039	-0.506549
0.825	0.664515	0.185392	0.538091	-1.05878	-0.511258
0.83	0.660236	0.187977	0.543385	-1.06728	-0.515986
0.835	0.65597	0.190585	0.548721	-1.07588	-0.520732
0.84	0.651718	0.193216	0.5541	-1.08459	-0.525496
0.845	0.64748	0.19587	0.559523	-1.09341	-0.530278
0.85	0.643257	0.198547	0.56499	-1.10235	-0.535078
0.855	0.639049	0.201247	0.570502	-1.11139	-0.539895
0.86	0.634856	0.203971	0.576059	-1.12055	-0.544729
0.865	0.630678	0.206718	0.581662	-1.12983	-0.54958
0.87	0.626516	0.209488	0.587311	-1.13922	-0.554447
0.875	0.62237	0.212282	0.593007	-1.14873	-0.559329
0.88	0.61824	0.215101	0.598751	-1.15836	-0.564227
0.885	0.614126	0.217942	0.604543	-1.1681	-0.56914
0.89	0.610029	0.220808	0.610383	-1.17797	-0.574067
0.895	0.605948	0.223698	0.616273	-1.18795	-0.579008
0.9	0.601885	0.226613	0.622213	-1.19806	-0.583963
0.905	0.59784	0.229551	0.628203	-1.2083	-0.58893
0.91	0.593812	0.232514	0.634245	-1.21865	-0.59391
0.915	0.589803	0.235501	0.640338	-1.22913	-0.598901
0.92	0.585812	0.238513	0.646483	-1.23973	-0.603903
0.925	0.58184	0.24155	0.652682	-1.25046	-0.608916
0.93	0.577886	0.244611	0.658934	-1.26132	-0.613938
0.935	0.573953	0.247697	0.665241	-1.2723	-0.618969
0.94	0.570038	0.250809	0.671603	-1.2834	-0.624008
0.945	0.566144	0.253945	0.67802	-1.29464	-0.629054
0.95	0.562271	0.257106	0.684493	-1.306	-0.634107
0.955	0.558418	0.260293	0.691023	-1.31748	-0.639165
0.96	0.554586	0.263505	0.69761	-1.32909	-0.644228
0.965	0.550775	0.266742	0.704256	-1.34083	-0.649295
0.97	0.546987	0.270005	0.71096	-1.35269	-0.654364
0.975	0.54322	0.273293	0.717723	-1.36468	-0.659434
0.98	0.539476	0.276607	0.724547	-1.37679	-0.664505
0.985	0.535755	0.279947	0.731431	-1.38903	-0.669575
0.99	0.532057	0.283312	0.738376	-1.40138	-0.674643
0.995	0.528383	0.286704	0.745383	-1.41386	-0.679708
1	0.524733	0.290121	0.752452	-1.42645	-0.684768
1.005	0.521107	0.293564	0.759584	-1.43917	-0.689822
1.01	0.517507	0.297033	0.76678	-1.452	-0.694869
1.015	0.513931	0.300528	0.77404	-1.46494	-0.699907
1.02	0.510381	0.304049	0.781365	-1.47799	-0.704934
1.025	0.506858	0.307597	0.788755	-1.49115	-0.70995
1.03	0.503361	0.31117	0.79621	-1.50442	-0.714952
1.035	0.499891	0.31477	0.803733	-1.51779	-0.719938
1.04	0.496448	0.318396	0.811321	-1.53126	-0.724908
1.045	0.493033	0.322048	0.818978	-1.54482	-0.729858
1.05	0.489646	0.325727	0.826702	-1.55848	-0.734787
1.055	0.486289	0.329432	0.834494	-1.57222	-0.739693
1.06	0.48296	0.333163	0.842355	-1.58605	-0.744575
1.065	0.479661	0.33692	0.850286	-1.59995	-0.749429
1.07	0.476393	0.340704	0.858285	-1.61393	-0.754254
1.075	0.473155	0.344513	0.866355	-1.62797	-0.759048
1.08	0.469948	0.34835	0.874495	-1.64207	-0.763807
1.085	0.466772	0.352212	0.882705	-1.65623	-0.76853
1.09	0.463629	0.3561	0.890986	-1.67044	-0.773215
1.095	0.460519	0.360015	0.899339	-1.68468	-0.777858
1.1	0.457441	0.363956	0.907762	-1.69896	-0.782457
1.105	0.454397	0.367922	0.916257	-1.71326	-0.78701
1.11	0.451387	0.371915	0.924823	-1.72758	-0.791513
1.115	0.448412	0.375933	0.933461	-1.74191	-0.795964
1.12	0.445472	0.379977	0.94217	-1.75623	-0.80036
1.125	0.442567	0.384047	0.950952	-1.77054	-0.804698
1.13	0.439699	0.388143	0.959804	-1.78483	-0.808975
1.135	0.436867	0.392263	0.968729	-1.79909	-0.813188
1.14	0.434072	0.39641	0.977724	-1.8133	-0.817333
1.145	0.431316	0.400581	0.98679	-1.82746	-0.821408
1.15	0.428597	0.404777	0.995928	-1.84155	-0.825408
1.155	0.425917	0.408998	1.00514	-1.85556	-0.829332
1.16	0.423276	0.413244	1.01441	-1.86947	-0.833175
1.165	0.420676	0.417515	1.02376	-1.88328	-0.836933
1.17	0.418115	0.421809	1.03318	-1.89696	-0.840605
1.175	0.415596	0.426128	1.04266	-1.91052	-0.844185
1.18	0.413117	0.430471	1.05221	-1.92392	-0.84767
1.185	0.410681	0.434837	1.06183	-1.93715	-0.851057
1.19	0.408287	0.439226	1.07152	-1.9502	-0.854342
1.195	0.405936	0.443639	1.08127	-1.96306	-0.857522
1.2	0.403628	0.448075	1.09109	-1.9757	-0.860592
1.205	0.401365	0.452533	1.10096	-1.98811	-0.86355
1.21	0.399145	0.457014	1.11091	-2.00028	-0.866391
1.215	0.396971	0.461516	1.12091	-2.01218	-0.869111
1.22	0.394842	0.46604	1.13097	-2.02379	-0.871708
1.225	0.392759	0.470586	1.14109	-2.03511	-0.874177
1.23	0.390723	0.475152	1.15126	-2.04611	-0.876515
1.235	0.388733	0.479739	1.16149	-2.05677	-0.878718
1.24	0.38679	0.484346	1.17178	-2.06707	-0.880783
1.245	0.384895	0.488973	1.18211	-2.07701	-0.882706
1.25	0.383049	0.49362	1.1925	-2.08655	-0.884484
1.255	0.38125	0.498285	1.20293	-2.09568	-0.886114
1.26	0.379501	0.502969	1.21341	-2.10438	-0.887592
1.265	0.377801	0.507672	1.22393	-2.11264	-0.888915
1.27	0.376151	0.512391	1.23449	-2.12043	-0.890081
1.275	0.374552	0.517129	1.2451	-2.12774	-0.891085
1.28	0.373002	0.521882	1.25573	-2.13456	-0.891926
1.285	0.371504	0.526653	1.26641	-2.14085	-0.892601
1.29	0.370056	0.531439	1.27711	-2.14662	-0.893107
1.295	0.36866	0.53624	1.28784	-2.15183	-0.893442
1.3	0.367316	0.541056	1.2986	-2.15649	-0.893604
1.305	0.366024	0.545886	1.30939	-2.16056	-0.89359
1.31	0.364784	0.55073	1.32019	-2.16404	-0.8934
1.315	0.363596	0.555586	1.33101	-2.16692	-0.893031
1.32	0.362462	0.560456	1.34184	-2.16918	-0.892481
1.325	0.36138	0.565338	1.35269	-2.17081	-0.891751
1.33	0.360351	0.570231	1.36354	-2.1718	-0.890838
1.335	0.359375	0.575134	1.3744	-2.17214	-0.889742
1.34	0.358453	0.580049	1.38526	-2.17182	-0.888462
1.345	0.357584	0.584973	1.39612	-2.17083	-0.886998
1.35	0.356768	0.589906	1.40698	-2.16917	-0.88535
1.355	0.356007	0.594847	1.41782	-2.16683	-0.883517
1.36	0.355298	0.599797	1.42866	-2.1638	-0.881502
1.365	0.354644	0.604754	1.43948	-2.16009	-0.879303
1.37	0.354042	0.609717	1.45028	-2.15569	-0.876922
1.375	0.353495	0.614687	1.46105	-2.1506	-0.87436
1.38	0.353001	0.619663	1.47181	-2.14482	-0.871619
1.385	0.35256	0.624643	1.48253	-2.13836	-0.868699
1.39	0.352172	0.629628	1.49322	-2.13121	-0.865603
1.395	0.351838	0.634617	1.50388	-2.12338	-0.862333
1.4	0.351557	0.639609	1.5145	-2.11487	-0.858892
1.405	0.351328	0.644604	1.52507	-2.1057	-0.85528
1.41	0.351152	0.649601	1.5356	-2.09586	-0.851502
1.415	0.351029	0.654599	1.54608	-2.08538	-0.847561
1.42	0.350957	0.659599	1.5565	-2.07425	-0.843458
1.425	0.350938	0.664599	1.56688	-2.06249	-0.839199
1.43	0.35097	0.669599	1.57719	-2.05011	-0.834785
1.435	0.351053	0.674598	1.58744	-2.03713	-0.830222
1.44	0.351187	0.679596	1.59762	-2.02356	-0.825512
1.445	0.351372	0.684593	1.60774	-2.00941	-0.820659
1.45	0.351606	0.689587	1.61779	-1.99471	-0.815669
1.455	0.351891	0.694579	1.62776	-1.97945	-0.810544
1.46	0.352225	0.699568	1.63766	-1.96368	-0.80529
1.465	0.352608	0.704553	1.64748	-1.94739	-0.799911
1.47	0.35304	0.709535	1.65722	-1.93062	-0.794411
1.475	0.353519	0.714512	1.66687	-1.91338	-0.788795
1.48	0.354047	0.719484	1.67644	-1.89568	-0.783068
1.485	0.354621	0.724451	1.68591	-1.87756	-0.777235
1.49	0.355242	0.729412	1.6953	-1.85903	-0.771299
1.495	0.355909	0.734367	1.7046	-1.84011	-0.765267
1.5	0.356621	0.739316	1.7138	-1.82082	-0.759142
1.505	0.357379	0.744259	1.7229	-1.80118	-0.75293
1.51	0.358181	0.749194	1.73191	-1.78122	-0.746636
1.515	0.359027	0.754122	1.74081	-1.76095	-0.740264
1.52	0.359916	0.759042	1.74962	-1.7404	-0.73382
1.525	0.360849	0.763954	1.75832	-1.71959	-0.727307
1.53	0.361823	0.768858	1.76692	-1.69854	-0.720731
1.535	0.362839	0.773754	1.77541	-1.67727	-0.714096
1.54	0.363896	0.778641	1.7838	-1.65579	-0.707408
1.545	0.364993	0.783519	1.79208	-1.63414	-0.70067
1.55	0.36613	0.788388	1.80025	-1.61233	-0.693887
1.555	0.367307	0.793248	1.80831	-1.59038	-0.687064
1.56	0.368522	0.798098	1.81626	-1.5683	-0.680204
1.565	0.369775	0.802938	1.8241	-1.54613	-0.673312
1.57	0.371065	0.807769	1.83183	-1.52387	-0.666392
1.575	0.372393	0.81259	1.83945	-1.50154	-0.659449
1.58	0.373756	0.8174	1.84696	-1.47917	-0.652486
1.585	0.375155	0.822201	1.85436	-1.45676	-0.645506
1.59	0.376589	0.826991	1.86164	-1.43434	-0.638514
1.595	0.378057	0.83177	1.86881	-1.41191	-0.631513
1.6	0.379559	0.836539	1.87587	-1.3895	-0.624507
1.605	0.381093	0.841298	1.88282	-1.36712	-0.617499
1.61	0.382661	0.846046	1.88965	-1.34479	-0.610492
1.615	0.38426	0.850783	1.89638	-1.32251	-0.60349
1.62	0.385891	0.85551	1.90299	-1.3003	-0.596495
1.625	0.387552	0.860226	1.90949	-1.27817	-0.58951
1.63	0.389243	0.864931	1.91588	-1.25613	-0.582539
1.635	0.390964	0.869625	1.92216	-1.2342	-0.575583
1.64	0.392714	0.874309	1.92833	-1.21238	-0.568646
1.645	0.394492	0.878982	1.9344	-1.19069	-0.561729
1.65	0.396298	0.883645	1.94035	-1.16913	-0.554836
1.655	0.398132	0.888297	1.9462	-1.14772	-0.547968
1.66	0.399991	0.892938	1.95193	-1.12645	-0.541127
1.665	0.401877	0.897569	1.95757	-1.10535	-0.534316
1.67	0.403789	0.902189	1.96309	-1.08441	-0.527536
1.675	0.405726	0.906798	1.96852	-1.06364	-0.52079
1.68	0.407687	0.911398	1.97383	-1.04305	-0.514078
1.685	0.409672	0.915987	1.97905	-1.02265	-0.507402
1.69	0.41168	0.920566	1.98416	-1.00244	-0.500765
1.695	0.413712	0.925134	1.98917	-0.982418	-0.494167
1.7	0.415765	0.929693	1.99409	-0.962599	-0.48761
1.705	0.417841	0.934242	1.9989	-0.942983	-0.481094
1.71	0.419938	0.938781	2.00361	-0.923574	-0.474622
1.715	0.422056	0.94331	2.00823	-0.904376	-0.468194
1.72	0.424195	0.94783	2.01275	-0.88539	-0.461811
1.725	0.426353	0.95234	2.01718	-0.866621	-0.455475
1.73	0.428531	0.95684	2.02151	-0.848069	-0.449185
1.735	0.430729	0.961332	2.02575	-0.829737	-0.442943
1.74	0.432944	0.965814	2.0299	-0.811626	-0.43675
1.745	0.435178	0.970287	2.03396	-0.793738	-0.430605
1.75	0.43743	0.974752	2.03793	-0.776074	-0.424511
1.755	0.439699	0.979207	2.04181	-0.758634	-0.418466
1.76	0.441985	0.983654	2.0456	-0.741419	-0.412473
1.765	0.444287	0.988092	2.04931	-0.724429	-0.40653
1.77	0.446605	0.992523	2.05293	-0.707665	-0.400639
1.775	0.448939	0.996944	2.05647	-0.691125	-0.3948
1.78	0.451289	1.00136	2.05993	-0.674811	-0.389013
1.785	0.453653	1.00576	2.0633	-0.65872	-0.383279
1.79	0.456031	1.01016	2.06659	-0.642854	-0.377597
1.795	0.458424	1.01455	2.06981	-0.627209	-0.371968
1.8	0.460831	1.01893	2.07294	-0.611787	-0.366391
1.805	0.463251	1.02331	2.076	-0.596585	-0.360868
1.81	0.465684	1.02768	2.07899	-0.581602	-0.355397
1.815	0.468129	1.03204	2.08189	-0.566837	-0.34998
1.82	0.470587	1.03639	2.08473	-0.552288	-0.344615
1.825	0.473057	1.04074	2.08749	-0.537954	-0.339303
1.83	0.475539	1.04508	2.09018	-0.523833	-0.334044
1.835	0.478032	1.04942	2.0928	-0.509923	-0.328838
1.84	0.480536	1.05374	2.09535	-0.496222	-0.323684
1.845	0.483051	1.05806	2.09783	-0.482729	-0.318583
1.85	0.485577	1.06238	2.10024	-0.469441	-0.313534
1.855	0.488112	1.06669	2.10259	-0.456355	-0.308537
1.86	0.490657	1.07099	2.10487	-0.443471	-0.303592
1.865	0.493212	1.07529	2.10709	-0.430786	-0.298699
1.87	0.495776	1.07958	2.10924	-0.418297	-0.293857
1.875	0.498349	1.08387	2.11133	-0.406002	-0.289066
1.88	0.500931	1.08815	2.11336	-0.3939	-0.284326
1.885	0.503521	1.09243	2.11533	-0.381986	-0.279636
1.89	0.506119	1.0967	2.11724	-0.370261	-0.274997
1.895	0.508725	1.10097	2.1191	-0.35872	-0.270408
1.9	0.511339	1.10523	2.12089	-0.347361	-0.265869
1.905	0.51396	1.10949	2.12263	-0.336182	-0.261379
1.91	0.516589	1.11374	2.12431	-0.325182	-0.256938
1.915	0.519224	1.11799	2.12593	-0.314356	-0.252545
1.92	0.521866	1.12224	2.1275	-0.303703	-0.248201
1.925	0.524514	1.12648	2.12902	-0.29322	-0.243905
1.93	0.527169	1.13071	2.13049	-0.282905	-0.239656
1.935	0.52983	1.13495	2.1319	-0.272756	-0.235455
1.94	0.532496	1.13918	2.13327	-0.262769	-0.231301
1.945	0.535168	1.1434	2.13458	-0.252944	-0.227193
1.95	0.537845	1.14763	2.13585	-0.243276	-0.223131
1.955	0.540528	1.15185	2.13706	-0.233764	-0.219115
1.96	0.543215	1.15606	2.13823	-0.224406	-0.215145
1.965	0.545907	1.16028	2.13935	-0.215199	-0.211219
1.97	0.548604	1.16449	2.14043	-0.20614	-0.207338
1.975	0.551305	1.16869	2.14146	-0.197228	-0.203501
1.98	0.55401	1.1729	2.14245	-0.18846	-0.199708
1.985	0.556719	1.1771	2.14339	-0.179834	-0.195959
1.99	0.559432	1.1813	2.14429	-0.171347	-0.192252
1.995	0.562148	1.1855	2.14514	-0.162997	-0.188589
2	0.564868	1.1897	2.14596	-0.154783	-0.184967
2.005	0.567591	1.19389	2.14673	-0.146702	-0.181388
2.01	0.570317	1.19808	2.14747	-0.138751	-0.177849
2.015	0.573046	1.20227	2.14816	-0.130929	-0.174353
2.02	0.575778	1.20646	2.14882	-0.123233	-0.170896
2.025	0.578513	1.21064	2.14943	-0.115661	-0.167481
2.03	0.581249	1.21483	2.15001	-0.108212	-0.164105
2.035	0.583988	1.21901	2.15055	-0.100883	-0.160769
2.04	0.58673	1.22319	2.15106	-0.0936728	-0.157472
2.045	0.589473	1.22737	2.15152	-0.0865784	-0.154214
2.05	0.592218	1.23155	2.15196	-0.0795983	-0.150994
2.055	0.594964	1.23573	2.15235	-0.0727305	-0.147813
2.06	0.597713	1.23991	2.15272	-0.0659732	-0.14467
2.065	0.600462	1.24408	2.15305	-0.0593244	-0.141563
2.07	0.603213	1.24826	2.15334	-0.0527823	-0.138494
2.075	0.605965	1.25243	2.15361	-0.0463452	-0.135462
2.08	0.608718	1.25661	2.15384	-0.0400111	-0.132466
2.085	0.611471	1.26078	2.15404	-0.0337783	-0.129506
2.09	0.614226	1.26495	2.15421	-0.0276451	-0.126582
2.095	0.616981	1.26913	2.15435	-0.0216098	-0.123693
2.1	0.619736	1.2733	2.15446	-0.0156706	-0.120839
2.105	0.622492	1.27747	2.15453	-0.00982601	-0.11802
2.11	0.625248	1.28164	2.15458	-0.00407426	-0.115235
2.115	0.628004	1.28581	2.1546	0.00158621	-0.112484
2.12	0.63076	1.28999	2.1546	0.00715698	-0.109767
2.125	0.633516	1.29416	2.15456	0.0126396	-0.107083
2.13	0.636271	1.29833	2.1545	0.0180356	-0.104432
2.135	0.639026	1.3025	2.15441	0.0233466	-0.101814
2.14	0.641781	1.30667	2.15429	0.0285739	-0.0992282
2.145	0.644535	1.31085	2.15415	0.033719	-0.0966746
2.15	0.647289	1.31502	2.15398	0.0387834	-0.0941528
2.155	0.650041	1.3192	2.15378	0.0437684	-0.0916625
2.16	0.652793	1.32337	2.15357	0.0486755	-0.0892035
2.165	0.655543	1.32755	2.15332	0.053506	-0.0867753
2.17	0.658293	1.33172	2.15305	0.0582612	-0.0843778
2.175	0.661041	1.3359	2.15276	0.0629425	-0.0820107
2.18	0.663788	1.34008	2.15245	0.0675512	-0.0796736
2.185	0.666534	1.34426	2.15211	0.0720884	-0.0773663
2.19	0.669278	1.34843	2.15175	0.0765555	-0.0750885
2.195	0.672021	1.35262	2.15137	0.0809536	-0.0728399
2.2	0.674761	1.3568	2.15096	0.085284	-0.0706204
2.205	0.6775	1.36098	2.15054	0.0895479	-0.0684295
2.21	0.680238	1.36516	2.15009	0.0937464	-0.0662671
2.215	0.682973	1.36935	2.14962	0.0978806	-0.0641328
2.22	0.685706	1.37354	2.14913	0.101952	-0.0620266
2.225	0.688437	1.37773	2.14862	0.105961	-0.0599479
2.23	0.691166	1.38192	2.14809	0.109909	-0.0578968
2.235	0.693892	1.38611	2.14754	0.113797	-0.0558728
2.24	0.696616	1.3903	2.14697	0.117626	-0.0538757
2.245	0.699338	1.39449	2.14638	0.121398	-0.0519054
2.25	0.702057	1.39869	2.14578	0.125113	-0.0499616
2.255	0.704774	1.40289	2.14515	0.128772	-0.048044
2.26	0.707487	1.40709	2.14451	0.132376	-0.0461524
2.265	0.710198	1.41129	2.14385	0.135926	-0.0442865
2.27	0.712906	1.41549	2.14317	0.139423	-0.0424463
2.275	0.715612	1.4197	2.14247	0.142868	-0.0406314
2.28	0.718314	1.4239	2.14175	0.146261	-0.0388416
2.285	0.721013	1.42811	2.14102	0.149605	-0.0370768
2.29	0.723709	1.43232	2.14028	0.152899	-0.0353366
2.295	0.726402	1.43654	2.13951	0.156144	-0.0336209
2.3	0.729091	1.44075	2.13873	0.159342	-0.0319295
2.305	0.731777	1.44497	2.13793	0.162493	-0.0302622
2.31	0.73446	1.44919	2.13712	0.165598	-0.0286188
2.315	0.737139	1.45341	2.13629	0.168657	-0.026999
2.32	0.739815	1.45763	2.13545	0.171672	-0.0254028
2.325	0.742487	1.46186	2.13459	0.174643	-0.0238298
2.33	0.745155	1.46609	2.13372	0.177571	-0.0222799
2.335	0.74782	1.47032	2.13283	0.180457	-0.020753
2.34	0.75048	1.47455	2.13193	0.183301	-0.0192487
2.345	0.753137	1.47879	2.13101	0.186105	-0.017767
2.35	0.75579	1.48303	2.13008	0.188868	-0.0163077
2.355	0.758439	1.48727	2.12914	0.191592	-0.0148706
2.36	0.761084	1.49151	2.12818	0.194277	-0.0134555
2.365	0.763724	1.49576	2.12721	0.196924	-0.0120622
2.37	0.766361	1.5	2.12622	0.199533	-0.0106906
2.375	0.768993	1.50425	2.12522	0.202106	-0.00934048
2.38	0.771621	1.50851	2.12421	0.204642	-0.00801169
2.385	0.774245	1.51276	2.12319	0.207143	-0.00670407
2.39	0.776864	1.51702	2.12216	0.209609	-0.00541745
2.395	0.779479	1.52129	2.12111	0.21204	-0.00415167
2.4	0.782089	1.52555	2.12005	0.214437	-0.00290657
2.405	0.784695	1.52982	2.11897	0.216802	-0.001682
2.41	0.787296	1.53409	2.11789	0.219133	-0.000477803
2.415	0.789892	1.53836	2.1168	0.221433	0.000706177
2.42	0.792484	1.54264	2.11569	0.2237	0.00187009
2.425	0.795071	1.54692	2.11457	0.225937	0.00301408
2.43	0.797653	1.5512	2.11344	0.228143	0.0041383
2.435	0.80023	1.55548	2.1123	0.23032	0.0052429
2.44	0.802802	1.55977	2.11115	0.232466	0.00632801
2.445	0.805369	1.56406	2.10999	0.234584	0.00739378
2.45	0.807931	1.56835	2.10881	0.236673	0.00844035
2.455	0.810488	1.57265	2.10763	0.238734	0.00946785
2.46	0.81304	1.57695	2.10644	0.240768	0.0104764
2.465	0.815587	1.58125	2.10523	0.242774	0.0114662
2.47	0.818129	1.58556	2.10402	0.244754	0.0124373
2.475	0.820665	1.58987	2.10279	0.246707	0.0133899
2.48	0.823196	1.59418	2.10156	0.248635	0.0143241
2.485	0.825722	1.5985	2.10032	0.250537	0.0152401
2.49	0.828242	1.60281	2.09906	0.252415	0.0161378
2.495	0.830756	1.60714	2.0978	0.254268	0.0170176
2.5	0.833266	1.61146	2.09653	0.256097	0.0178795
2.505	0.835769	1.61579	2.09525	0.257902	0.0187236
2.51	0.838268	1.62012	2.09396	0.259684	0.0195501
2.515	0.84076	1.62445	2.09266	0.261443	0.020359
2.52	0.843247	1.62879	2.09136	0.263179	0.0211505
2.525	0.845728	1.63313	2.09004	0.264893	0.0219247
2.53	0.848203	1.63748	2.08872	0.266586	0.0226818
2.535	0.850673	1.64182	2.08738	0.268257	0.0234218
2.54	0.853137	1.64617	2.08604	0.269906	0.0241448
2.545	0.855595	1.65053	2.08469	0.271536	0.024851
2.55	0.858046	1.65489	2.08333	0.273145	0.0255405
2.555	0.860492	1.65925	2.08197	0.274733	0.0262133
2.56	0.862932	1.66361	2.08059	0.276302	0.0268697
2.565	0.865366	1.66798	2.07921	0.277852	0.0275096
2.57	0.867794	1.67235	2.07782	0.279383	0.0281332
2.575	0.870216	1.67672	2.07643	0.280895	0.0287407
2.58	0.872632	1.6811	2.07502	0.282388	0.029332
2.585	0.875041	1.68548	2.07361	0.283864	0.0299074
2.59	0.877444	1.68987	2.07219	0.285321	0.0304669
2.595	0.879841	1.69426	2.07076	0.286761	0.0310106
2.6	0.882232	1.69865	2.06933	0.288184	0.0315386
2.605	0.884617	1.70304	2.06789	0.28959	0.0320511
2.61	0.886995	1.70744	2.06644	0.290979	0.032548
2.615	0.889366	1.71184	2.06499	0.292352	0.0330296
2.62	0.891731	1.71625	2.06352	0.293708	0.0334959
2.625	0.89409	1.72066	2.06206	0.295049	0.0339469
2.63	0.896442	1.72507	2.06058	0.296374	0.0343829
2.635	0.898788	1.72948	2.0591	0.297684	0.0348038
2.64	0.901127	1.7339	2.05761	0.298979	0.0352098
2.645	0.903459	1.73833	2.05612	0.300259	0.035601
2.65	0.905785	1.74275	2.05461	0.301524	0.0359775
2.655	0.908104	1.74718	2.05311	0.302775	0.0363393
2.66	0.910417	1.75161	2.05159	0.304012	0.0366865
2.665	0.912722	1.75605	2.05007	0.305235	0.0370193
2.67	0.915021	1.76049	2.04855	0.306445	0.0373377
2.675	0.917313	1.76494	2.04701	0.307641	0.0376417
2.68	0.919599	1.76938	2.04548	0.308823	0.0379316
2.685	0.921877	1.77383	2.04393	0.309993	0.0382073
2.69	0.924149	1.77829	2.04238	0.31115	0.038469
2.695	0.926413	1.78275	2.04083	0.312295	0.0387167
2.7	0.928671	1.78721	2.03927	0.313427	0.0389505
2.705	0.930921	1.79167	2.0377	0.314547	0.0391705
2.71	0.933165	1.79614	2.03613	0.315656	0.0393769
2.715	0.935401	1.80061	2.03455	0.316752	0.0395695
2.72	0.937631	1.80509	2.03296	0.317837	0.0397486
2.725	0.939853	1.80957	2.03137	0.318911	0.0399143
2.73	0.942068	1.81405	2.02978	0.319973	0.0400665
2.735	0.944276	1.81853	2.02818	0.321025	0.0402054
2.74	0.946477	1.82302	2.02657	0.322065	0.0403311
2.745	0.948671	1.82752	2.02496	0.323096	0.0404436
2.75	0.950857	1.83201	2.02335	0.324115	0.040543
2.755	0.953036	1.83651	2.02173	0.325125	0.0406294
2.76	0.955208	1.84102	2.0201	0.326124	0.0407028
2.765	0.957372	1.84553	2.01847	0.327114	0.0407634
2.77	0.959529	1.85004	2.01684	0.328094	0.0408112
2.775	0.961679	1.85455	2.0152	0.329064	0.0408463
2.78	0.963821	1.85907	2.01355	0.330025	0.0408687
2.785	0.965956	1.86359	2.0119	0.330977	0.0408785
2.79	0.968083	1.86811	2.01025	0.331919	0.0408759
2.795	0.970202	1.87264	2.00859	0.332853	0.0408608
2.8	0.972315	1.87717	2.00692	0.333778	0.0408333
2.805	0.974419	1.88171	2.00525	0.334694	0.0407936
2.81	0.976516	1.88625	2.00358	0.335602	0.0407416
2.815	0.978606	1.89079	2.0019	0.336502	0.0406775
2.82	0.980687	1.89534	2.00022	0.337393	0.0406013
2.825	0.982761	1.89989	1.99853	0.338276	0.0405131
2.83	0.984828	1.90444	1.99684	0.339152	0.0404129
2.835	0.986886	1.909	1.99514	0.34002	0.0403009
2.84	0.988937	1.91356	1.99344	0.34088	0.0401771
2.845	0.99098	1.91812	1.99174	0.341732	0.0400415
2.85	0.993016	1.92269	1.99003	0.342577	0.0398942
2.855	0.995043	1.92726	1.98832	0.343415	0.0397354
2.86	0.997063	1.93183	1.9866	0.344246	0.039565
2.865	0.999075	1.93641	1.98488	0.34507	0.0393831
2.87	1.00108	1.94099	1.98316	0.345887	0.0391898
2.875	1.00307	1.94557	1.98143	0.346697	0.0389851
2.88	1.00506	1.95016	1.97969	0.347501	0.0387692
2.885	1.00704	1.95475	1.97795	0.348298	0.038542
2.89	1.00901	1.95935	1.97621	0.349089	0.0383037
2.895	1.01098	1.96395	1.97447	0.349874	0.0380543
2.9	1.01293	1.96855	1.97272	0.350652	0.0377939
2.905	1.01488	1.97315	1.97097	0.351424	0.0375225
2.91	1.01682	1.97776	1.96921	0.352191	0.0372402
2.915	1.01875	1.98237	1.96745	0.352951	0.036947
2.92	1.02068	1.98699	1.96568	0.353706	0.0366431
2.925	1.02259	1.99161	1.96391	0.354456	0.0363285
2.93	1.0245	1.99623	1.96214	0.355199	0.0360032
2.935	1.0264	2.00085	1.96037	0.355938	0.0356673
2.94	1.02829	2.00548	1.95859	0.356671	0.0353209
2.945	1.03017	2.01012	1.9568	0.357399	0.034964
2.95	1.03205	2.01475	1.95502	0.358122	0.0345966
2.955	1.03391	2.01939	1.95322	0.35884	0.034219
2.96	1.03577	2.02403	1.95143	0.359552	0.033831
2.965	1.03762	2.02868	1.94963	0.360261	0.0334328
2.97	1.03946	2.03333	1.94783	0.360964	0.0330244
2.975	1.04129	2.03798	1.94603	0.361663	0.0326059
2.98	1.04312	2.04263	1.94422	0.362357	0.0321774
2.985	1.04493	2.04729	1.94241	0.363047	0.0317388
2.99	1.04674	2.05195	1.94059	0.363732	0.0312903
2.995	1.04854	2.05662	1.93877	0.364413	0.030832
3	1.05033	2.06129	1.93695	0.36509	0.0303638
3.005	1.05211	2.06596	1.93513	0.365763	0.0298858
3.01	1.05388	2.07064	1.9333	0.366432	0.0293981
3.015	1.05565	2.07531	1.93146	0.367096	0.0289008
3.02	1.0574	2.07999	1.92963	0.367757	0.0283939
3.025	1.05915	2.08468	1.92779	0.368414	0.0278774
3.03	1.06089	2.08937	1.92595	0.369068	0.0273515
3.035	1.06262	2.09406	1.9241	0.369718	0.0268162
3.04	1.06434	2.09875	1.92225	0.370364	0.0262714
3.045	1.06605	2.10345	1.9204	0.371007	0.0257174
3.05	1.06776	2.10815	1.91855	0.371646	0.0251541
3.055	1.06945	2.11286	1.91669	0.372282	0.0245817
3.06	1.07114	2.11756	1.91483	0.372915	0.024
3.065	1.07282	2.12227	1.91296	0.373545	0.0234093
3.07	1.07448	2.12699	1.9111	0.374171	0.0228096
3.075	1.07614	2.1317	1.90922	0.374795	0.0222009
3.08	1.0778	2.13642	1.90735	0.375415	0.0215833
3.085	1.07944	2.14114	1.90547	0.376033	0.0209568
3.09	1.08107	2.14587	1.90359	0.376647	0.0203215
3.095	1.0827	2.1506	1.90171	0.377259	0.0196774
3.1	1.08431	2.15533	1.89982	0.377868	0.0190247
3.105	1.08592	2.16007	1.89793	0.378475	0.0183633
3.11	1.08752	2.1648	1.89604	0.379079	0.0176933
3.115	1.0891	2.16954	1.89415	0.37968	0.0170148
3.12	1.09068	2.17429	1.89225	0.380279	0.0163278
3.125	1.09225	2.17903	1.89035	0.380875	0.0156324
3.13	1.09382	2.18378	1.88844	0.38147	0.0149286
3.135	1.09537	2.18854	1.88653	0.382062	0.0142165
3.14	1.09691	2.19329	1.88462	0.382651	0.0134961
3.145	1.09845	2.19805	1.88271	0.383239	0.0127675
3.15	1.09997	2.20281	1.8808	0.383824	0.0120308
3.155	1.10149	2.20758	1.87888	0.384407	0.011286
3.16	1.103	2.21235	1.87695	0.384988	0.0105331
3.165	1.10449	2.21712	1.87503	0.385568	0.00977221
3.17	1.10598	2.22189	1.8731	0.386145	0.0090034
3.175	1.10746	2.22667	1.87117	0.386721	0.00822671
3.18	1.10893	2.23144	1.86924	0.387295	0.00744218
3.185	1.11039	2.23623	1.8673	0.387867	0.00664988
3.19	1.11184	2.24101	1.86536	0.388437	0.00584985
3.195	1.11329	2.2458	1.86342	0.389006	0.00504214
3.2	1.11472	2.25059	1.86147	0.389573	0.00422682
3.205	1.11614	2.25538	1.85953	0.390138	0.00340393
3.21	1.11756	2.26018	1.85758	0.390702	0.00257353
3.215	1.11896	2.26498	1.85562	0.391265	0.00173568
3.22	1.12036	2.26978	1.85367	0.391826	0.00089041
3.225	1.12174	2.27458	1.85171	0.392386	3.77918e-005
3.23	1.12312	2.27939	1.84974	0.392944	-0.000822127
3.235	1.12449	2.2842	1.84778	0.393502	-0.00168929
3.24	1.12585	2.28901	1.84581	0.394058	-0.00256365
3.245	1.12719	2.29382	1.84384	0.394613	-0.00344516
3.25	1.12853	2.29864	1.84187	0.395166	-0.00433375
3.255	1.12986	2.30346	1.83989	0.395719	-0.00522938
3.26	1.13118	2.30828	1.83791	0.396271	-0.00613199
3.265	1.13249	2.31311	1.83593	0.396821	-0.00704153
3.27	1.13379	2.31794	1.83395	0.397371	-0.00795795
3.275	1.13508	2.32277	1.83196	0.397919	-0.0088812
3.28	1.13637	2.3276	1.82997	0.398467	-0.00981121
3.285	1.13764	2.33244	1.82798	0.399014	-0.010748
3.29	1.1389	2.33727	1.82599	0.39956	-0.0116914
3.295	1.14015	2.34212	1.82399	0.400106	-0.0126414
3.3	1.14139	2.34696	1.82199	0.400651	-0.013598
3.305	1.14263	2.3518	1.81998	0.401195	-0.0145611
3.31	1.14385	2.35665	1.81798	0.401738	-0.0155306
3.315	1.14506	2.3615	1.81597	0.402281	-0.0165066
3.32	1.14627	2.36636	1.81396	0.402823	-0.0174889
3.325	1.14746	2.37121	1.81194	0.403365	-0.0184775
3.33	1.14865	2.37607	1.80993	0.403906	-0.0194723
3.335	1.14982	2.38093	1.80791	0.404446	-0.0204734
3.34	1.15099	2.38579	1.80588	0.404987	-0.0214806
3.345	1.15214	2.39066	1.80386	0.405526	-0.0224939
3.35	1.15329	2.39552	1.80183	0.406066	-0.0235132
3.355	1.15442	2.40039	1.7998	0.406605	-0.0245385
3.36	1.15555	2.40526	1.79777	0.407144	-0.0255698
3.365	1.15666	2.41014	1.79573	0.407682	-0.0266069
3.37	1.15777	2.41501	1.79369	0.408221	-0.0276498
3.375	1.15886	2.41989	1.79165	0.408759	-0.0286985
3.38	1.15995	2.42477	1.78961	0.409297	-0.029753
3.385	1.16102	2.42966	1.78756	0.409835	-0.0308131
3.39	1.16209	2.43454	1.78551	0.410372	-0.0318788
3.395	1.16314	2.43943	1.78346	0.41091	-0.0329501
3.4	1.16419	2.44432	1.78141	0.411448	-0.034027
3.405	1.16522	2.44921	1.77935	0.411985	-0.0351092
3.41	1.16625	2.4541	1.77729	0.412523	-0.0361969
3.415	1.16726	2.459	1.77523	0.413061	-0.0372899
3.42	1.16827	2.4639	1.77316	0.413598	-0.0383883
3.425	1.16926	2.4688	1.77109	0.414136	-0.0394919
3.43	1.17025	2.4737	1.76902	0.414674	-0.0406007
3.435	1.17122	2.4786	1.76695	0.415212	-0.0417146
3.44	1.17219	2.48351	1.76487	0.41575	-0.0428336
3.445	1.17314	2.48842	1.7628	0.416289	-0.0439577
3.45	1.17408	2.49333	1.76071	0.416828	-0.0450867
3.455	1.17502	2.49824	1.75863	0.417366	-0.0462207
3.46	1.17594	2.50315	1.75654	0.417906	-0.0473596
3.465	1.17686	2.50807	1.75445	0.418445	-0.0485032
3.47	1.17776	2.51299	1.75236	0.418985	-0.0496517
3.475	1.17865	2.51791	1.75027	0.419526	-0.0508049
3.48	1.17953	2.52283	1.74817	0.420066	-0.0519627
3.485	1.1804	2.52775	1.74607	0.420607	-0.0531252
3.49	1.18127	2.53268	1.74397	0.421149	-0.0542922
3.495	1.18212	2.53761	1.74186	0.421691	-0.0554638
3.5	1.18296	2.54253	1.73975	0.422233	-0.0566398
3.505	1.18379	2.54746	1.73764	0.422776	-0.0578202
3.51	1.18461	2.5524	1.73553	0.42332	-0.0590049
3.515	1.18542	2.55733	1.73341	0.423864	-0.060194
3.52	1.18622	2.56227	1.73129	0.424408	-0.0613873
3.525	1.18701	2.5672	1.72917	0.424954	-0.0625848
3.53	1.18778	2.57214	1.72704	0.4255	-0.0637864
3.535	1.18855	2.57708	1.72492	0.426046	-0.0649921
3.54	1.18931	2.58203	1.72279	0.426593	-0.0662018
3.545	1.19005	2.58697	1.72065	0.427141	-0.0674156
3.55	1.19079	2.59192	1.71852	0.42769	-0.0686332
3.555	1.19152	2.59686	1.71638	0.428239	-0.0698547
3.56	1.19223	2.60181	1.71424	0.428789	-0.07108
3.565	1.19293	2.60676	1.71209	0.42934	-0.0723091
3.57	1.19363	2.61171	1.70995	0.429892	-0.0735419
3.575	1.19431	2.61667	1.7078	0.430444	-0.0747784
3.58	1.19498	2.62162	1.70565	0.430997	-0.0760185
3.585	1.19564	2.62658	1.70349	0.431552	-0.0772621
3.59	1.1963	2.63153	1.70133	0.432107	-0.0785092
3.595	1.19694	2.63649	1.69917	0.432663	-0.0797597
3.6	1.19757	2.64145	1.69701	0.433219	-0.0810137
3.605	1.19818	2.64642	1.69484	0.433777	-0.0822709
3.61	1.19879	2.65138	1.69267	0.434336	-0.0835315
3.615	1.19939	2.65634	1.6905	0.434895	-0.0847953
3.62	1.19998	2.66131	1.68833	0.435456	-0.0860622
3.625	1.20055	2.66627	1.68615	0.436018	-0.0873323
3.63	1.20112	2.67124	1.68397	0.43658	-0.0886054
3.635	1.20167	2.67621	1.68179	0.437144	-0.0898815
3.64	1.20221	2.68118	1.6796	0.437709	-0.0911606
3.645	1.20274	2.68615	1.67741	0.438275	-0.0924426
3.65	1.20327	2.69113	1.67522	0.438842	-0.0937274
3.655	1.20378	2.6961	1.67303	0.43941	-0.095015
3.66	1.20427	2.70108	1.67083	0.439979	-0.0963054
3.665	1.20476	2.70605	1.66863	0.440549	-0.0975984
3.67	1.20524	2.71103	1.66643	0.441121	-0.0988941
3.675	1.20571	2.71601	1.66422	0.441693	-0.100192
3.68	1.20616	2.72099	1.66201	0.442267	-0.101493
3.685	1.20661	2.72597	1.6598	0.442842	-0.102796
3.69	1.20704	2.73095	1.65759	0.443418	-0.104102
3.695	1.20746	2.73593	1.65537	0.443996	-0.10541
3.7	1.20787	2.74091	1.65315	0.444575	-0.10672
3.705	1.20827	2.7459	1.65093	0.445154	-0.108033
3.71	1.20866	2.75088	1.6487	0.445736	-0.109347
3.715	1.20904	2.75587	1.64647	0.446318	-0.110664
3.72	1.20941	2.76085	1.64424	0.446902	-0.111983
3.725	1.20976	2.76584	1.64201	0.447487	-0.113304
3.73	1.21011	2.77083	1.63977	0.448074	-0.114627
3.735	1.21044	2.77582	1.63753	0.448662	-0.115952
3.74	1.21076	2.78081	1.63529	0.449251	-0.117279
3.745	1.21108	2.7858	1.63304	0.449842	-0.118607
3.75	1.21138	2.79079	1.63079	0.450434	-0.119937
3.755	1.21166	2.79578	1.62854	0.451027	-0.121269
3.76	1.21194	2.80077	1.62628	0.451622	-0.122603
3.765	1.21221	2.80577	1.62403	0.452218	-0.123938
3.77	1.21246	2.81076	1.62176	0.452816	-0.125275
3.775	1.21271	2.81575	1.6195	0.453415	-0.126613
3.78	1.21294	2.82075	1.61723	0.454016	-0.127952
3.785	1.21316	2.82574	1.61496	0.454618	-0.129293
3.79	1.21337	2.83074	1.61269	0.455222	-0.130635
3.795	1.21357	2.83574	1.61041	0.455827	-0.131979
3.8	1.21375	2.84073	1.60814	0.456434	-0.133323
3.805	1.21393	2.84573	1.60585	0.457042	-0.134669
3.81	1.21409	2.85073	1.60357	0.457652	-0.136016
3.815	1.21424	2.85572	1.60128	0.458263	-0.137364
3.82	1.21438	2.86072	1.59899	0.458876	-0.138712
3.825	1.21451	2.86572	1.59669	0.459491	-0.140062
3.83	1.21463	2.87072	1.5944	0.460107	-0.141413
3.835	1.21474	2.87572	1.5921	0.460725	-0.142764
3.84	1.21483	2.88072	1.58979	0.461344	-0.144116
3.845	1.21492	2.88572	1.58749	0.461965	-0.145469
3.85	1.21499	2.89072	1.58518	0.462588	-0.146822
3.855	1.21505	2.89572	1.58286	0.463212	-0.148176
3.86	1.2151	2.90071	1.58055	0.463838	-0.149531
3.865	1.21514	2.90571	1.57823	0.464466	-0.150886
3.87	1.21516	2.91071	1.5759	0.465095	-0.152241
3.875	1.21517	2.91571	1.57358	0.465726	-0.153597
3.88	1.21518	2.92071	1.57125	0.466359	-0.154952
3.885	1.21517	2.92571	1.56892	0.466993	-0.156309
3.89	1.21515	2.93071	1.56658	0.467629	-0.157665
3.895	1.21511	2.93571	1.56425	0.468267	-0.159021
3.9	1.21507	2.94071	1.5619	0.468907	-0.160378
3.905	1.21501	2.94571	1.55956	0.469548	-0.161734
3.91	1.21495	2.95071	1.55721	0.470192	-0.163091
3.915	1.21487	2.95571	1.55486	0.470837	-0.164447
3.92	1.21477	2.96071	1.55251	0.471483	-0.165803
3.925	1.21467	2.96571	1.55015	0.472132	-0.167159
3.93	1.21456	2.97071	1.54779	0.472783	-0.168515
3.935	1.21443	2.97571	1.54543	0.473435	-0.16987
3.94	1.21429	2.98071	1.54306	0.474089	-0.171225
3.945	1.21414	2.9857	1.54069	0.474745	-0.172579
3.95	1.21398	2.9907	1.53831	0.475403	-0.173933
3.955	1.2138	2.9957	1.53594	0.476062	-0.175286
3.96	1.21362	3.00069	1.53356	0.476724	-0.176639
3.965	1.21342	3.00569	1.53117	0.477387	-0.177991
3.97	1.21321	3.01069	1.52879	0.478052	-0.179342
3.975	1.21299	3.01568	1.5264	0.47872	-0.180692
3.98	1.21275	3.02068	1.524	0.479389	-0.182042
3.985	1.21251	3.02567	1.52161	0.48006	-0.18339
3.99	1.21225	3.03066	1.5192	0.480733	-0.184738
3.995	1.21198	3.03566	1.5168	0.481407	-0.186084
4	1.2117	3.04065	1.51439	0.482084	-0.18743
4.005	1.2114	3.04564	1.51198	0.482763	-0.188774
4.01	1.2111	3.05063	1.50957	0.483444	-0.190117
4.015	1.21078	3.05562	1.50715	0.484126	-0.191459
4.02	1.21045	3.06061	1.50473	0.484811	-0.192799
4.025	1.21011	3.0656	1.50231	0.485498	-0.194138
4.03	1.20975	3.07058	1.49988	0.486186	-0.195476
4.035	1.20939	3.07557	1.49745	0.486877	-0.196812
4.04	1.20901	3.08056	1.49502	0.48757	-0.198146
4.045	1.20862	3.08554	1.49258	0.488264	-0.199479
4.05	1.20821	3.09053	1.49014	0.488961	-0.20081
4.055	1.2078	3.09551	1.48769	0.48966	-0.20214
4.06	1.20737	3.10049	1.48524	0.49036	-0.203467
4.065	1.20693	3.10547	1.48279	0.491063	-0.204793
4.07	1.20648	3.11045	1.48034	0.491768	-0.206117
4.075	1.20602	3.11543	1.47788	0.492475	-0.207439
4.08	1.20554	3.12041	1.47541	0.493184	-0.208759
4.085	1.20505	3.12538	1.47295	0.493895	-0.210076
4.09	1.20455	3.13036	1.47048	0.494608	-0.211392
4.095	1.20404	3.13533	1.46801	0.495324	-0.212705
4.1	1.20351	3.1403	1.46553	0.496041	-0.214016
4.105	1.20298	3.14527	1.46305	0.496761	-0.215325
4.11	1.20243	3.15024	1.46057	0.497482	-0.216631
4.115	1.20186	3.15521	1.45808	0.498206	-0.217935
4.12	1.20129	3.16018	1.45559	0.498932	-0.219237
4.125	1.2007	3.16514	1.45309	0.49966	-0.220535
4.13	1.2001	3.17011	1.45059	0.50039	-0.221832
4.135	1.19949	3.17507	1.44809	0.501123	-0.223125
4.14	1.19887	3.18003	1.44559	0.501857	-0.224416
4.145	1.19823	3.18499	1.44308	0.502594	-0.225704
4.15	1.19758	3.18995	1.44056	0.503333	-0.226989
4.155	1.19692	3.1949	1.43805	0.504074	-0.228271
4.16	1.19624	3.19986	1.43553	0.504817	-0.22955
4.165	1.19556	3.20481	1.433	0.505563	-0.230826
4.17	1.19486	3.20976	1.43048	0.50631	-0.232099
4.175	1.19415	3.21471	1.42794	0.50706	-0.233369
4.18	1.19342	3.21966	1.42541	0.507812	-0.234635
4.185	1.19268	3.2246	1.42287	0.508567	-0.235898
4.19	1.19193	3.22955	1.42033	0.509323	-0.237158
4.195	1.19117	3.23449	1.41778	0.510082	-0.238415
4.2	1.1904	3.23943	1.41523	0.510843	-0.239668
4.205	1.18961	3.24437	1.41268	0.511607	-0.240917
4.21	1.18881	3.2493	1.41012	0.512372	-0.242163
4.215	1.188	3.25423	1.40756	0.51314	-0.243406
4.22	1.18717	3.25917	1.40499	0.51391	-0.244644
4.225	1.18633	3.2641	1.40242	0.514683	-0.245879
4.23	1.18548	3.26902	1.39985	0.515457	-0.24711
4.235	1.18462	3.27395	1.39727	0.516235	-0.248337
4.24	1.18374	3.27887	1.39469	0.517014	-0.24956
4.245	1.18286	3.28379	1.3921	0.517796	-0.250779
4.25	1.18195	3.28871	1.38951	0.51858	-0.251995
4.255	1.18104	3.29362	1.38692	0.519366	-0.253206
4.26	1.18011	3.29854	1.38432	0.520155	-0.254412
4.265	1.17917	3.30345	1.38172	0.520945	-0.255615
4.27	1.17822	3.30836	1.37912	0.521739	-0.256813
4.275	1.17726	3.31326	1.37651	0.522535	-0.258007
4.28	1.17628	3.31817	1.3739	0.523333	-0.259197
4.285	1.17529	3.32307	1.37128	0.524133	-0.260382
4.29	1.17428	3.32797	1.36866	0.524936	-0.261562
4.295	1.17327	3.33286	1.36604	0.525741	-0.262738
4.3	1.17224	3.33775	1.36341	0.526549	-0.263909
4.305	1.17119	3.34264	1.36077	0.527359	-0.265076
4.31	1.17014	3.34753	1.35814	0.528171	-0.266237
4.315	1.16907	3.35242	1.3555	0.528986	-0.267394
4.32	1.16799	3.3573	1.35285	0.529803	-0.268546
4.325	1.1669	3.36218	1.3502	0.530623	-0.269693
4.33	1.16579	3.36705	1.34755	0.531445	-0.270835
4.335	1.16467	3.37193	1.34489	0.532269	-0.271972
4.34	1.16354	3.3768	1.34223	0.533096	-0.273104
4.345	1.16239	3.38166	1.33957	0.533925	-0.274231
4.35	1.16123	3.38653	1.3369	0.534757	-0.275352
4.355	1.16006	3.39139	1.33422	0.535591	-0.276468
4.36	1.15887	3.39624	1.33154	0.536428	-0.277579
4.365	1.15768	3.4011	1.32886	0.537267	-0.278684
4.37	1.15647	3.40595	1.32618	0.538109	-0.279784
4.375	1.15524	3.4108	1.32349	0.538953	-0.280878
4.38	1.154	3.41564	1.32079	0.5398	-0.281967
4.385	1.15275	3.42048	1.31809	0.540649	-0.28305
4.39	1.15149	3.42532	1.31539	0.541501	-0.284127
4.395	1.15021	3.43016	1.31268	0.542355	-0.285198
4.4	1.14893	3.43499	1.30997	0.543212	-0.286264
4.405	1.14762	3.43981	1.30725	0.544071	-0.287323
4.41	1.14631	3.44464	1.30453	0.544933	-0.288377
4.415	1.14498	3.44946	1.30181	0.545797	-0.289425
4.42	1.14364	3.45427	1.29908	0.546664	-0.290466
4.425	1.14228	3.45909	1.29635	0.547534	-0.291502
4.43	1.14091	3.4639	1.29361	0.548406	-0.292531
4.435	1.13953	3.4687	1.29087	0.54928	-0.293554
4.44	1.13814	3.4735	1.28812	0.550158	-0.294571
4.445	1.13673	3.4783	1.28537	0.551037	-0.295581
4.45	1.13531	3.48309	1.28261	0.55192	-0.296585
4.455	1.13387	3.48788	1.27985	0.552805	-0.297582
4.46	1.13243	3.49267	1.27709	0.553692	-0.298573
4.465	1.13097	3.49745	1.27432	0.554583	-0.299557
4.47	1.12949	3.50223	1.27155	0.555475	-0.300535
4.475	1.128	3.507	1.26877	0.556371	-0.301506
4.48	1.1265	3.51177	1.26599	0.557269	-0.30247
4.485	1.12499	3.51654	1.2632	0.55817	-0.303427
4.49	1.12346	3.5213	1.26041	0.559073	-0.304377
4.495	1.12192	3.52606	1.25762	0.559979	-0.30532
4.5	1.12037	3.53081	1.25482	0.560888	-0.306257
4.505	1.1188	3.53556	1.25201	0.561799	-0.307186
4.51	1.11722	3.5403	1.2492	0.562713	-0.308108
4.515	1.11563	3.54504	1.24639	0.56363	-0.309023
4.52	1.11402	3.54977	1.24357	0.564549	-0.30993
4.525	1.1124	3.5545	1.24075	0.565471	-0.310831
4.53	1.11077	3.55923	1.23792	0.566396	-0.311724
4.535	1.10912	3.56395	1.23509	0.567324	-0.312609
4.54	1.10746	3.56867	1.23225	0.568254	-0.313487
4.545	1.10578	3.57338	1.22941	0.569187	-0.314358
4.55	1.1041	3.57809	1.22657	0.570123	-0.315221
4.555	1.1024	3.58279	1.22372	0.571062	-0.316076
4.56	1.10068	3.58748	1.22086	0.572003	-0.316924
4.565	1.09895	3.59218	1.218	0.572947	-0.317763
4.57	1.09721	3.59686	1.21514	0.573894	-0.318595
4.575	1.09546	3.60155	1.21227	0.574843	-0.31942
4.58	1.09369	3.60622	1.20939	0.575796	-0.320236
4.585	1.09191	3.61089	1.20651	0.576751	-0.321044
4.59	1.09011	3.61556	1.20363	0.577709	-0.321844
4.595	1.08831	3.62022	1.20074	0.57867	-0.322636
4.6	1.08648	3.62488	1.19785	0.579633	-0.32342
4.605	1.08465	3.62953	1.19495	0.5806	-0.324196
4.61	1.0828	3.63418	1.19205	0.581569	-0.324963
4.615	1.08094	3.63882	1.18914	0.582541	-0.325722
4.62	1.07906	3.64345	1.18622	0.583517	-0.326473
4.625	1.07717	3.64808	1.18331	0.584494	-0.327215
4.63	1.07527	3.6527	1.18038	0.585475	-0.327949
4.635	1.07335	3.65732	1.17746	0.586459	-0.328674
4.64	1.07142	3.66193	1.17453	0.587446	-0.329391
4.645	1.06948	3.66654	1.17159	0.588435	-0.330098
4.65	1.06752	3.67114	1.16865	0.589428	-0.330798
4.655	1.06555	3.67574	1.1657	0.590423	-0.331488
4.66	1.06357	3.68033	1.16275	0.591421	-0.33217
4.665	1.06157	3.68491	1.15979	0.592422	-0.332843
4.67	1.05956	3.68949	1.15683	0.593427	-0.333506
4.675	1.05754	3.69406	1.15386	0.594434	-0.334161
4.68	1.0555	3.69863	1.15089	0.595444	-0.334807
4.685	1.05345	3.70319	1.14791	0.596457	-0.335444
4.69	1.05138	3.70774	1.14493	0.597473	-0.336071
4.695	1.0493	3.71229	1.14194	0.598492	-0.33669
4.7	1.04721	3.71683	1.13895	0.599514	-0.337299
4.705	1.0451	3.72136	1.13595	0.600539	-0.337899
4.71	1.04298	3.72589	1.13295	0.601568	-0.338489
4.715	1.04085	3.73041	1.12994	0.602599	-0.33907
4.72	1.0387	3.73493	1.12693	0.603633	-0.339642
4.725	1.03654	3.73944	1.12391	0.604671	-0.340204
4.73	1.03437	3.74394	1.12089	0.605711	-0.340756
4.735	1.03218	3.74843	1.11786	0.606755	-0.341299
4.74	1.02998	3.75292	1.11482	0.607801	-0.341832
4.745	1.02776	3.75741	1.11178	0.608851	-0.342356
4.75	1.02553	3.76188	1.10874	0.609904	-0.342869
4.755	1.02329	3.76635	1.10569	0.61096	-0.343373
4.76	1.02103	3.77081	1.10264	0.612019	-0.343867
4.765	1.01876	3.77527	1.09958	0.613082	-0.344351
4.77	1.01648	3.77972	1.09651	0.614147	-0.344825
4.775	1.01418	3.78416	1.09344	0.615216	-0.345289
4.78	1.01187	3.78859	1.09036	0.616288	-0.345743
4.785	1.00955	3.79302	1.08728	0.617363	-0.346187
4.79	1.00721	3.79744	1.0842	0.618441	-0.346621
4.795	1.00486	3.80185	1.0811	0.619523	-0.347044
4.8	1.00249	3.80626	1.07801	0.620608	-0.347457
4.805	1.00011	3.81065	1.0749	0.621696	-0.34786
4.81	0.997719	3.81504	1.07179	0.622788	-0.348253
4.815	0.995313	3.81943	1.06868	0.623882	-0.348635
4.82	0.992893	3.8238	1.06556	0.62498	-0.349006
4.825	0.990459	3.82817	1.06244	0.626082	-0.349367
4.83	0.988012	3.83253	1.05931	0.627186	-0.349718
4.835	0.985551	3.83688	1.05617	0.628294	-0.350057
4.84	0.983076	3.84123	1.05303	0.629406	-0.350387
4.845	0.980588	3.84556	1.04988	0.630521	-0.350705
4.85	0.978086	3.84989	1.04673	0.631639	-0.351013
4.855	0.97557	3.85421	1.04357	0.632761	-0.35131
4.86	0.973041	3.85853	1.04041	0.633886	-0.351596
4.865	0.970498	3.86283	1.03724	0.635014	-0.351871
4.87	0.967941	3.86713	1.03406	0.636146	-0.352135
4.875	0.965371	3.87142	1.03088	0.637282	-0.352388
4.88	0.962787	3.8757	1.02769	0.63842	-0.35263
4.885	0.960189	3.87997	1.0245	0.639563	-0.352861
4.89	0.957578	3.88423	1.02131	0.640709	-0.353081
4.895	0.954953	3.88849	1.0181	0.641858	-0.35329
4.9	0.952314	3.89274	1.01489	0.643012	-0.353488
4.905	0.949662	3.89697	1.01168	0.644168	-0.353674
4.91	0.946996	3.9012	1.00846	0.645329	-0.353849
4.915	0.944317	3.90543	1.00523	0.646492	-0.354012
4.92	0.941624	3.90964	1.002	0.64766	-0.354165
4.925	0.938917	3.91384	0.998759	0.648831	-0.354306
4.93	0.936197	3.91804	0.995515	0.650006	-0.354435
4.935	0.933463	3.92222	0.992265	0.651185	-0.354553
4.94	0.930715	3.9264	0.989009	0.652367	-0.354659
4.945	0.927954	3.93057	0.985747	0.653553	-0.354753
4.95	0.925179	3.93473	0.982479	0.654743	-0.354836
4.955	0.922391	3.93888	0.979206	0.655936	-0.354908
4.96	0.919589	3.94302	0.975926	0.657134	-0.354967
4.965	0.916773	3.94715	0.97264	0.658335	-0.355015
4.97	0.913944	3.95128	0.969348	0.65954	-0.355051
4.975	0.911101	3.95539	0.966051	0.660749	-0.355075
4.98	0.908245	3.95949	0.962747	0.661961	-0.355087
4.985	0.905375	3.96359	0.959437	0.663178	-0.355088
4.99	0.902491	3.96767	0.956121	0.664399	-0.355076
4.995	0.899594	3.97175	0.952799	0.665623	-0.355052
5	0.896684	3.97581	0.949471	0.666852	-0.355017
5.005	0.89376	3.97987	0.946137	0.668084	-0.354969
5.01	0.890822	3.98391	0.942797	0.669321	-0.354909
5.015	0.887871	3.98795	0.93945	0.670561	-0.354837
5.02	0.884906	3.99198	0.936097	0.671806	-0.354753
5.025	0.881928	3.99599	0.932738	0.673055	-0.354656
5.03	0.878936	4	0.929373	0.674308	-0.354547
5.035	0.875931	4.004	0.926001	0.675565	-0.354426
5.04	0.872913	4.00798	0.922623	0.676826	-0.354293
5.045	0.86988	4.01196	0.919239	0.678091	-0.354147
5.05	0.866835	4.01592	0.915849	0.679361	-0.353989
5.055	0.863776	4.01988	0.912452	0.680635	-0.353818
5.06	0.860703	4.02382	0.909049	0.681913	-0.353635
5.065	0.857617	4.02776	0.905639	0.683196	-0.353439
5.07	0.854518	4.03168	0.902223	0.684483	-0.353231
5.075	0.851405	4.03559	0.898801	0.685774	-0.35301
5.08	0.848279	4.03949	0.895372	0.68707	-0.352777
5.085	0.84514	4.04339	0.891937	0.68837	-0.352531
5.09	0.841987	4.04727	0.888495	0.689675	-0.352272
5.095	0.838821	4.05114	0.885047	0.690984	-0.352001
5.1	0.835641	4.055	0.881592	0.692298	-0.351716
5.105	0.832448	4.05884	0.87813	0.693616	-0.351419
5.11	0.829242	4.06268	0.874662	0.694939	-0.35111
5.115	0.826022	4.06651	0.871187	0.696267	-0.350787
5.12	0.822789	4.07032	0.867706	0.697599	-0.350451
5.125	0.819543	4.07412	0.864218	0.698936	-0.350103
5.13	0.816284	4.07791	0.860723	0.700278	-0.349742
5.135	0.813011	4.08169	0.857222	0.701624	-0.349368
5.14	0.809725	4.08546	0.853714	0.702976	-0.34898
5.145	0.806426	4.08922	0.850199	0.704332	-0.34858
5.15	0.803113	4.09297	0.846677	0.705693	-0.348167
5.155	0.799788	4.0967	0.843149	0.707059	-0.34774
5.16	0.796449	4.10042	0.839614	0.70843	-0.347301
5.165	0.793097	4.10413	0.836071	0.709807	-0.346848
5.17	0.789732	4.10783	0.832522	0.711188	-0.346383
5.175	0.786354	4.11152	0.828966	0.712574	-0.345904
5.18	0.782963	4.11519	0.825404	0.713966	-0.345412
5.185	0.779558	4.11885	0.821834	0.715363	-0.344906
5.19	0.776141	4.1225	0.818257	0.716765	-0.344388
5.195	0.77271	4.12614	0.814673	0.718172	-0.343856
5.2	0.769267	4.12976	0.811082	0.719585	-0.343311
5.205	0.76581	4.13338	0.807484	0.721003	-0.342753
5.21	0.76234	4.13698	0.803879	0.722426	-0.342181
5.215	0.758858	4.14056	0.800267	0.723856	-0.341596
5.22	0.755362	4.14414	0.796648	0.72529	-0.340997
5.225	0.751854	4.1477	0.793021	0.72673	-0.340386
5.23	0.748332	4.15125	0.789388	0.728176	-0.33976
5.235	0.744798	4.15479	0.785747	0.729628	-0.339122
5.24	0.741251	4.15831	0.782099	0.731085	-0.338469
5.245	0.737691	4.16182	0.778443	0.732549	-0.337804
5.25	0.734118	4.16532	0.774781	0.734018	-0.337125
5.255	0.730532	4.16881	0.77111	0.735493	-0.336432
5.26	0.726934	4.17228	0.767433	0.736974	-0.335726
5.265	0.723323	4.17573	0.763748	0.738461	-0.335006
5.27	0.719699	4.17918	0.760056	0.739955	-0.334273
5.275	0.716062	4.18261	0.756356	0.741454	-0.333526
5.28	0.712413	4.18603	0.752649	0.74296	-0.332765
5.285	0.70875	4.18943	0.748934	0.744472	-0.331991
5.29	0.705076	4.19282	0.745212	0.745991	-0.331203
5.295	0.701388	4.1962	0.741482	0.747516	-0.330402
5.3	0.697688	4.19956	0.737744	0.749047	-0.329587
5.305	0.693976	4.20291	0.733999	0.750586	-0.328758
5.31	0.690251	4.20625	0.730246	0.75213	-0.327915
5.315	0.686513	4.20957	0.726485	0.753682	-0.327059
5.32	0.682763	4.21288	0.722717	0.755241	-0.326189
5.325	0.679001	4.21617	0.718941	0.756806	-0.325305
5.33	0.675226	4.21945	0.715157	0.758379	-0.324408
5.335	0.671438	4.22271	0.711365	0.759958	-0.323497
5.34	0.667639	4.22596	0.707565	0.761545	-0.322572
5.345	0.663827	4.2292	0.703757	0.763139	-0.321633
5.35	0.660002	4.23242	0.699942	0.76474	-0.320681
5.355	0.656166	4.23563	0.696118	0.766349	-0.319714
5.36	0.652317	4.23882	0.692286	0.767965	-0.318734
5.365	0.648455	4.24199	0.688446	0.769589	-0.31774
5.37	0.644582	4.24516	0.684598	0.771221	-0.316732
5.375	0.640697	4.2483	0.680742	0.772861	-0.315711
5.38	0.636799	4.25143	0.676878	0.774508	-0.314675
5.385	0.632889	4.25455	0.673005	0.776164	-0.313626
5.39	0.628967	4.25765	0.669125	0.777827	-0.312563
5.395	0.625033	4.26074	0.665235	0.779499	-0.311486
5.4	0.621088	4.26381	0.661338	0.78118	-0.310395
5.405	0.61713	4.26686	0.657432	0.782868	-0.30929
5.41	0.61316	4.2699	0.653518	0.784566	-0.308171
5.415	0.609178	4.27293	0.649595	0.786272	-0.307039
5.42	0.605185	4.27594	0.645663	0.787987	-0.305892
5.425	0.60118	4.27893	0.641724	0.789711	-0.304732
5.43	0.597162	4.28191	0.637775	0.791444	-0.303558
5.435	0.593134	4.28487	0.633818	0.793186	-0.302369
5.44	0.589093	4.28781	0.629852	0.794938	-0.301167
5.445	0.585041	4.29074	0.625877	0.796699	-0.299951
5.45	0.580977	4.29366	0.621894	0.79847	-0.298721
5.455	0.576901	4.29655	0.617901	0.800251	-0.297477
5.46	0.572814	4.29943	0.6139	0.802041	-0.29622
5.465	0.568716	4.3023	0.60989	0.803842	-0.294948
5.47	0.564606	4.30514	0.605871	0.805653	-0.293662
5.475	0.560484	4.30797	0.601842	0.807474	-0.292363
5.48	0.556351	4.31079	0.597805	0.809306	-0.291049
5.485	0.552207	4.31359	0.593758	0.811149	-0.289722
5.49	0.548052	4.31637	0.589703	0.813003	-0.28838
5.495	0.543885	4.31913	0.585638	0.814868	-0.287025
5.5	0.539707	4.32188	0.581563	0.816744	-0.285656
5.505	0.535518	4.32461	0.57748	0.818631	-0.284273
5.51	0.531317	4.32732	0.573386	0.820531	-0.282876
5.515	0.527106	4.33001	0.569284	0.822442	-0.281465
5.52	0.522883	4.33269	0.565172	0.824366	-0.28004
5.525	0.51865	4.33535	0.56105	0.826301	-0.278601
5.53	0.514405	4.338	0.556918	0.82825	-0.277148
5.535	0.51015	4.34062	0.552777	0.830211	-0.275682
5.54	0.505884	4.34323	0.548626	0.832185	-0.274201
5.545	0.501607	4.34582	0.544465	0.834172	-0.272707
5.55	0.497319	4.34839	0.540294	0.836173	-0.271198
5.555	0.493021	4.35094	0.536113	0.838188	-0.269676
5.56	0.488711	4.35348	0.531922	0.840216	-0.26814
5.565	0.484392	4.356	0.527721	0.842259	-0.26659
5.57	0.480061	4.3585	0.52351	0.844317	-0.265026
5.575	0.47572	4.36098	0.519288	0.846389	-0.263448
5.58	0.471369	4.36344	0.515056	0.848477	-0.261856
5.585	0.467007	4.36589	0.510814	0.85058	-0.260251
5.59	0.462635	4.36831	0.506561	0.852698	-0.258631
5.595	0.458253	4.37072	0.502298	0.854833	-0.256998
5.6	0.45386	4.37311	0.498024	0.856985	-0.255351
5.605	0.449457	4.37548	0.493739	0.859153	-0.25369
5.61	0.445044	4.37783	0.489443	0.861338	-0.252015
5.615	0.440621	4.38016	0.485136	0.863541	-0.250326
5.62	0.436188	4.38247	0.480818	0.865762	-0.248623
5.625	0.431745	4.38477	0.47649	0.868001	-0.246907
5.63	0.427292	4.38704	0.47215	0.870259	-0.245176
5.635	0.422829	4.38929	0.467798	0.872536	-0.243432
5.64	0.418357	4.39153	0.463436	0.874833	-0.241674
5.645	0.413874	4.39374	0.459062	0.877149	-0.239902
5.65	0.409382	4.39594	0.454676	0.879487	-0.238116
5.655	0.404881	4.39812	0.450278	0.881845	-0.236317
5.66	0.40037	4.40027	0.445869	0.884225	-0.234503
5.665	0.395849	4.40241	0.441448	0.886627	-0.232676
5.67	0.391319	4.40452	0.437015	0.889052	-0.230835
5.675	0.386779	4.40662	0.43257	0.8915	-0.22898
5.68	0.382231	4.4087	0.428112	0.893971	-0.227111
5.685	0.377673	4.41075	0.423642	0.896468	-0.225228
5.69	0.373106	4.41279	0.41916	0.898989	-0.223332
5.695	0.368529	4.4148	0.414665	0.901536	-0.221421
5.7	0.363944	4.4168	0.410157	0.904109	-0.219497
5.705	0.35935	4.41877	0.405637	0.90671	-0.217559
5.71	0.354747	4.42072	0.401103	0.909339	-0.215607
5.715	0.350135	4.42265	0.396556	0.911996	-0.213642
5.72	0.345514	4.42456	0.391996	0.914683	-0.211662
5.725	0.340884	4.42645	0.387423	0.9174	-0.209668
5.73	0.336246	4.42832	0.382836	0.920149	-0.207661
5.735	0.3316	4.43017	0.378235	0.92293	-0.20564
5.74	0.326945	4.43199	0.373621	0.925744	-0.203604
5.745	0.322281	4.43379	0.368992	0.928593	-0.201555
5.75	0.317609	4.43558	0.364349	0.931477	-0.199492
5.755	0.312929	4.43734	0.359692	0.934398	-0.197415
5.76	0.308241	4.43907	0.35502	0.937356	-0.195324
5.765	0.303545	4.44079	0.350333	0.940353	-0.193219
5.77	0.298841	4.44248	0.345631	0.943391	-0.1911
5.775	0.294128	4.44415	0.340914	0.94647	-0.188967
5.78	0.289408	4.4458	0.336182	0.949593	-0.18682
5.785	0.28468	4.44743	0.331434	0.95276	-0.184659
5.79	0.279945	4.44904	0.32667	0.955973	-0.182484
5.795	0.275202	4.45062	0.32189	0.959235	-0.180294
5.8	0.270451	4.45218	0.317094	0.962546	-0.178091
5.805	0.265693	4.45371	0.312281	0.965909	-0.175873
5.81	0.260927	4.45523	0.307452	0.969325	-0.173641
5.815	0.256154	4.45672	0.302605	0.972798	-0.171394
5.82	0.251374	4.45818	0.297741	0.976328	-0.169134
5.825	0.246587	4.45963	0.292859	0.979919	-0.166858
5.83	0.241793	4.46105	0.28796	0.983574	-0.164569
5.835	0.236992	4.46244	0.283042	0.987294	-0.162265
5.84	0.232184	4.46382	0.278105	0.991083	-0.159946
5.845	0.22737	4.46516	0.27315	0.994943	-0.157613
5.85	0.222548	4.46649	0.268175	0.998879	-0.155265
5.855	0.21772	4.46779	0.263181	1.00289	-0.152902
5.86	0.212886	4.46907	0.258167	1.00699	-0.150524
5.865	0.208045	4.47032	0.253132	1.01117	-0.148132
5.87	0.203199	4.47155	0.248076	1.01545	-0.145724
5.875	0.198345	4.47275	0.242998	1.01982	-0.143301
5.88	0.193486	4.47393	0.237899	1.02429	-0.140863
5.885	0.188621	4.47508	0.232778	1.02887	-0.13841
5.89	0.18375	4.47621	0.227634	1.03356	-0.135941
5.895	0.178873	4.47731	0.222466	1.03837	-0.133457
5.9	0.173991	4.47839	0.217274	1.04331	-0.130957
5.905	0.169103	4.47944	0.212057	1.04838	-0.128441
5.91	0.164209	4.48047	0.206815	1.05359	-0.12591
5.915	0.159311	4.48147	0.201547	1.05896	-0.123362
5.92	0.154407	4.48245	0.196253	1.06449	-0.120798
5.925	0.149497	4.48339	0.19093	1.07019	-0.118218
5.93	0.144583	4.48432	0.185579	1.07608	-0.115621
5.935	0.139664	4.48521	0.180199	1.08217	-0.113008
5.94	0.13474	4.48608	0.174788	1.08848	-0.110378
5.945	0.129812	4.48692	0.169346	1.09503	-0.107731
5.95	0.124879	4.48774	0.163871	1.10183	-0.105067
5.955	0.119942	4.48853	0.158361	1.10891	-0.102385
5.96	0.115	4.48929	0.152817	1.1163	-0.099687
5.965	0.110054	4.49002	0.147235	1.12402	-0.0969712
5.97	0.105104	4.49073	0.141615	1.13212	-0.0942381
5.975	0.10015	4.49141	0.135955	1.14063	-0.0914878
5.98	0.0951925	4.49206	0.130251	1.14961	-0.0887203
5.985	0.0902312	4.49268	0.124503	1.15912	-0.085936
5.99	0.0852663	4.49327	0.118708	1.16921	-0.0831352
5.995	0.0802982	4.49383	0.112862	1.18	-0.0803187
6	0.0753267	4.49437	0.106962	1.19157	-0.0774875
6.005	0.0703522	4.49487	0.101004	1.20407	-0.0746432
6.01	0.0653748	4.49534	0.0949836	1.21767	-0.071788
6.015	0.0603945	4.49579	0.0888952	1.23261	-0.0689253
6.02	0.0554116	4.4962	0.0827322	1.24919	-0.06606
6.025	0.0504262	4.49658	0.0764862	1.26785	-0.0631995
6.03	0.0454385	4.49693	0.0701469	1.28921	-0.0603553
6.035	0.0404487	4.49725	0.0637009	1.3142	-0.0575451
6.04	0.0354568	4.49754	0.0571299	1.3443	-0.0547984
6.045	0.0304632	4.49779	0.0504084	1.38201	-0.052165
6.05	0.0254679	4.49801	0.0434983	1.43196	-0.0497367
6.055	0.0204712	4.49819	0.0363385	1.50366	-0.0476968
6.06	0.0154733	4.49833	0.0288202	1.62008	-0.0464661
6.065	0.0104743	4.49844	0.0207198	1.85105	-0.0472486
6.07	0.00547467	4.49849	0.0114645	2.51198	-0.0554051
6.075	0.000474675	4.49849	-0.00109535	7.02393	-0.164996
