descriptor s_test R_test Z_test
0	1.47826	9.99999e-006	0.002	-0.402073	-0.00161572
0.005	1.47326	3.00518e-005	0.00401037	-0.404153	-0.00324717
0.01	1.46826	6.02073e-005	0.00603113	-0.406239	-0.0048944
0.015	1.46326	0.000100518	0.00806233	-0.408331	-0.00655741
0.02	1.45826	0.000151037	0.010104	-0.41043	-0.00823625
0.025	1.45326	0.000211817	0.0121561	-0.412535	-0.00993092
0.03	1.44826	0.000282908	0.0142188	-0.414647	-0.0116415
0.035	1.44326	0.000364365	0.016292	-0.416766	-0.0133679
0.04	1.43826	0.000456239	0.0183759	-0.418892	-0.0151103
0.045	1.43326	0.000558584	0.0204703	-0.421025	-0.0168685
0.05	1.42827	0.000671451	0.0225755	-0.423165	-0.0186428
0.055	1.42327	0.000794895	0.0246913	-0.425313	-0.0204331
0.06	1.41827	0.000928968	0.0268178	-0.427469	-0.0222394
0.065	1.41327	0.00107372	0.0289552	-0.429632	-0.0240617
0.07	1.40827	0.00122922	0.0311033	-0.431803	-0.0259001
0.075	1.40328	0.0013955	0.0332624	-0.433983	-0.0277546
0.08	1.39828	0.00157262	0.0354323	-0.43617	-0.0296252
0.085	1.39328	0.00176064	0.0376131	-0.438366	-0.031512
0.09	1.38829	0.00195961	0.039805	-0.440571	-0.033415
0.095	1.38329	0.00216959	0.0420078	-0.442784	-0.0353342
0.1	1.3783	0.00239063	0.0442217	-0.445006	-0.0372696
0.105	1.3733	0.00262278	0.0464468	-0.447237	-0.0392213
0.11	1.36831	0.0028661	0.0486829	-0.449477	-0.0411892
0.115	1.36331	0.00312064	0.0509303	-0.451727	-0.0431735
0.12	1.35832	0.00338646	0.053189	-0.453987	-0.0451742
0.125	1.35333	0.00366361	0.0554589	-0.456256	-0.0471912
0.13	1.34834	0.00395215	0.0577402	-0.458535	-0.0492246
0.135	1.34335	0.00425214	0.0600329	-0.460824	-0.0512744
0.14	1.33836	0.00456362	0.062337	-0.463123	-0.0533407
0.145	1.33337	0.00488666	0.0646526	-0.465433	-0.0554235
0.15	1.32838	0.0052213	0.0669798	-0.467754	-0.0575228
0.155	1.32339	0.00556762	0.0693185	-0.470085	-0.0596386
0.16	1.3184	0.00592566	0.071669	-0.472428	-0.061771
0.165	1.31342	0.00629548	0.0740311	-0.474782	-0.06392
0.17	1.30843	0.00667713	0.076405	-0.477147	-0.0660857
0.175	1.30345	0.00707068	0.0787907	-0.479524	-0.068268
0.18	1.29846	0.00747617	0.0811884	-0.481913	-0.0704671
0.185	1.29348	0.00789367	0.0835979	-0.484314	-0.0726828
0.19	1.2885	0.00832324	0.0860195	-0.486727	-0.0749153
0.195	1.28352	0.00876493	0.0884531	-0.489153	-0.0771646
0.2	1.27854	0.0092188	0.0908989	-0.491592	-0.0794307
0.205	1.27356	0.00968491	0.0933569	-0.494044	-0.0817137
0.21	1.26858	0.0101633	0.0958271	-0.496509	-0.0840135
0.215	1.26361	0.0106541	0.0983096	-0.498987	-0.0863303
0.22	1.25863	0.0111572	0.100805	-0.501479	-0.088664
0.225	1.25366	0.0116729	0.103312	-0.503985	-0.0910147
0.23	1.24869	0.012201	0.105832	-0.506505	-0.0933824
0.235	1.24372	0.0127418	0.108364	-0.50904	-0.0957671
0.24	1.23875	0.0132952	0.11091	-0.511589	-0.098169
0.245	1.23378	0.0138613	0.113468	-0.514154	-0.100588
0.25	1.22881	0.0144402	0.116038	-0.516733	-0.103024
0.255	1.22385	0.015032	0.118622	-0.519328	-0.105477
0.26	1.21888	0.0156366	0.121219	-0.521939	-0.107948
0.265	1.21392	0.0162541	0.123828	-0.524565	-0.110436
0.27	1.20896	0.0168847	0.126451	-0.527208	-0.112941
0.275	1.204	0.0175283	0.129087	-0.529868	-0.115463
0.28	1.19905	0.0181851	0.131737	-0.532544	-0.118003
0.285	1.19409	0.0188551	0.134399	-0.535238	-0.12056
0.29	1.18914	0.0195383	0.137075	-0.537949	-0.123134
0.295	1.18419	0.0202349	0.139765	-0.540678	-0.125726
0.3	1.17924	0.0209448	0.142469	-0.543424	-0.128336
0.305	1.17429	0.0216682	0.145186	-0.546189	-0.130963
0.31	1.16935	0.0224051	0.147917	-0.548973	-0.133608
0.315	1.1644	0.0231555	0.150662	-0.551776	-0.13627
0.32	1.15946	0.0239196	0.15342	-0.554598	-0.13895
0.325	1.15452	0.0246974	0.156193	-0.55744	-0.141647
0.33	1.14959	0.025489	0.158981	-0.560301	-0.144363
0.335	1.14465	0.0262944	0.161782	-0.563183	-0.147096
0.34	1.13972	0.0271137	0.164598	-0.566086	-0.149847
0.345	1.13479	0.0279469	0.167428	-0.56901	-0.152616
0.35	1.12986	0.0287942	0.170273	-0.571955	-0.155403
0.355	1.12494	0.0296555	0.173133	-0.574921	-0.158207
0.36	1.12001	0.030531	0.176008	-0.57791	-0.16103
0.365	1.11509	0.0314207	0.178897	-0.580922	-0.16387
0.37	1.11018	0.0323247	0.181802	-0.583956	-0.166729
0.375	1.10526	0.0332431	0.184722	-0.587013	-0.169606
0.38	1.10035	0.0341759	0.187657	-0.590094	-0.172501
0.385	1.09544	0.0351232	0.190607	-0.593199	-0.175414
0.39	1.09053	0.036085	0.193573	-0.596329	-0.178346
0.395	1.08563	0.0370615	0.196555	-0.599483	-0.181295
0.4	1.08073	0.0380526	0.199552	-0.602663	-0.184263
0.405	1.07583	0.0390585	0.202566	-0.605868	-0.18725
0.41	1.07093	0.0400793	0.205595	-0.609099	-0.190254
0.415	1.06604	0.0411149	0.208641	-0.612357	-0.193278
0.42	1.06116	0.0421656	0.211702	-0.615642	-0.196319
0.425	1.05627	0.0432312	0.214781	-0.618955	-0.19938
0.43	1.05139	0.044312	0.217875	-0.622295	-0.202458
0.435	1.04651	0.045408	0.220987	-0.625664	-0.205556
0.44	1.04163	0.0465192	0.224115	-0.629061	-0.208672
0.445	1.03676	0.0476457	0.22726	-0.632488	-0.211807
0.45	1.0319	0.0487877	0.230423	-0.635945	-0.21496
0.455	1.02703	0.0499451	0.233603	-0.639432	-0.218133
0.46	1.02217	0.0511181	0.2368	-0.64295	-0.221324
0.465	1.01731	0.0523066	0.240014	-0.6465	-0.224534
0.47	1.01246	0.0535109	0.243247	-0.650081	-0.227763
0.475	1.00761	0.054731	0.246497	-0.653695	-0.231011
0.48	1.00277	0.0559668	0.249766	-0.657341	-0.234278
0.485	0.997927	0.0572186	0.253053	-0.661021	-0.237565
0.49	0.99309	0.0584864	0.256358	-0.664736	-0.24087
0.495	0.988258	0.0597703	0.259681	-0.668485	-0.244195
0.5	0.98343	0.0610703	0.263024	-0.672269	-0.247538
0.505	0.978606	0.0623865	0.266385	-0.676089	-0.250901
0.51	0.973787	0.0637191	0.269766	-0.679945	-0.254284
0.515	0.968972	0.065068	0.273165	-0.683838	-0.257685
0.52	0.964162	0.0664333	0.276584	-0.687769	-0.261106
0.525	0.959357	0.0678152	0.280023	-0.691739	-0.264547
0.53	0.954557	0.0692137	0.283482	-0.695747	-0.268007
0.535	0.949761	0.0706289	0.286961	-0.699794	-0.271486
0.54	0.944971	0.0720609	0.29046	-0.703882	-0.274985
0.545	0.940185	0.0735097	0.293979	-0.708011	-0.278504
0.55	0.935405	0.0749754	0.297519	-0.712181	-0.282042
0.555	0.93063	0.0764582	0.30108	-0.716393	-0.2856
0.56	0.92586	0.0779581	0.304662	-0.720649	-0.289178
0.565	0.921096	0.0794751	0.308265	-0.724948	-0.292776
0.57	0.916337	0.0810094	0.31189	-0.729291	-0.296393
0.575	0.911584	0.082561	0.315536	-0.733679	-0.30003
0.58	0.906836	0.0841301	0.319205	-0.738113	-0.303688
0.585	0.902095	0.0857166	0.322895	-0.742594	-0.307365
0.59	0.897359	0.0873208	0.326608	-0.747122	-0.311062
0.595	0.892629	0.0889426	0.330344	-0.751698	-0.314779
0.6	0.887906	0.0905822	0.334103	-0.756323	-0.318516
0.605	0.883189	0.0922397	0.337884	-0.760998	-0.322273
0.61	0.878478	0.0939151	0.341689	-0.765723	-0.32605
0.615	0.873773	0.0956085	0.345518	-0.770499	-0.329848
0.62	0.869075	0.09732	0.34937	-0.775328	-0.333665
0.625	0.864384	0.0990498	0.353247	-0.78021	-0.337503
0.63	0.859699	0.100798	0.357148	-0.785145	-0.341361
0.635	0.855022	0.102564	0.361074	-0.790135	-0.345239
0.64	0.850351	0.104349	0.365024	-0.795181	-0.349138
0.645	0.845688	0.106152	0.369	-0.800283	-0.353056
0.65	0.841032	0.107975	0.373002	-0.805442	-0.356995
0.655	0.836383	0.109815	0.377029	-0.81066	-0.360955
0.66	0.831742	0.111675	0.381082	-0.815937	-0.364934
0.665	0.827108	0.113553	0.385162	-0.821274	-0.368934
0.67	0.822482	0.115451	0.389268	-0.826673	-0.372954
0.675	0.817864	0.117368	0.393402	-0.832133	-0.376995
0.68	0.813254	0.119304	0.397562	-0.837656	-0.381056
0.685	0.808652	0.121259	0.401751	-0.843244	-0.385137
0.69	0.804058	0.123233	0.405967	-0.848896	-0.389238
0.695	0.799473	0.125227	0.410211	-0.854615	-0.39336
0.7	0.794897	0.127241	0.414484	-0.8604	-0.397502
0.705	0.790329	0.129274	0.418786	-0.866254	-0.401664
0.71	0.78577	0.131327	0.423118	-0.872177	-0.405847
0.715	0.781219	0.1334	0.427478	-0.87817	-0.41005
0.72	0.776679	0.135493	0.431869	-0.884234	-0.414273
0.725	0.772147	0.137606	0.43629	-0.89037	-0.418516
0.73	0.767625	0.139739	0.440742	-0.89658	-0.422779
0.735	0.763112	0.141892	0.445225	-0.902865	-0.427062
0.74	0.758609	0.144066	0.44974	-0.909224	-0.431365
0.745	0.754116	0.14626	0.454286	-0.915661	-0.435689
0.75	0.749634	0.148475	0.458864	-0.922176	-0.440032
0.755	0.745161	0.15071	0.463475	-0.928769	-0.444394
0.76	0.740699	0.152966	0.468119	-0.935442	-0.448777
0.765	0.736248	0.155243	0.472796	-0.942197	-0.453179
0.77	0.731807	0.157541	0.477507	-0.949034	-0.4576
0.775	0.727377	0.159859	0.482252	-0.955954	-0.462041
0.78	0.722958	0.1622	0.487032	-0.962959	-0.466502
0.785	0.718551	0.164561	0.491847	-0.97005	-0.470981
0.79	0.714155	0.166943	0.496697	-0.977228	-0.475479
0.795	0.709771	0.169347	0.501583	-0.984494	-0.479997
0.8	0.705399	0.171773	0.506506	-0.991849	-0.484533
0.805	0.701039	0.17422	0.511465	-0.999295	-0.489087
0.81	0.696691	0.176689	0.516461	-1.00683	-0.49366
0.815	0.692356	0.17918	0.521495	-1.01446	-0.498251
0.82	0.688033	0.181693	0.526568	-1.02219	-0.50286
0.825	0.683723	0.184228	0.531679	-1.03	-0.507487
0.83	0.679427	0.186785	0.536829	-1.03792	-0.512132
0.835	0.675143	0.189364	0.542018	-1.04593	-0.516794
0.84	0.670873	0.191966	0.547248	-1.05404	-0.521473
0.845	0.666617	0.19459	0.552518	-1.06225	-0.526168
0.85	0.662375	0.197237	0.557829	-1.07056	-0.53088
0.855	0.658148	0.199906	0.563182	-1.07898	-0.535609
0.86	0.653934	0.202599	0.568577	-1.08749	-0.540353
0.865	0.649736	0.205314	0.574015	-1.09611	-0.545113
0.87	0.645552	0.208052	0.579495	-1.10483	-0.549888
0.875	0.641383	0.210813	0.585019	-1.11366	-0.554678
0.88	0.63723	0.213597	0.590588	-1.1226	-0.559482
0.885	0.633093	0.216404	0.596201	-1.13164	-0.5643
0.89	0.628971	0.219235	0.601859	-1.14079	-0.569132
0.895	0.624866	0.22209	0.607563	-1.15005	-0.573977
0.9	0.620778	0.224968	0.613313	-1.15942	-0.578834
0.905	0.616706	0.227869	0.61911	-1.16891	-0.583704
0.91	0.612651	0.230794	0.624955	-1.1785	-0.588585
0.915	0.608613	0.233744	0.630847	-1.18821	-0.593477
0.92	0.604593	0.236717	0.636788	-1.19803	-0.59838
0.925	0.600591	0.239714	0.642778	-1.20796	-0.603292
0.93	0.596607	0.242735	0.648818	-1.218	-0.608214
0.935	0.592641	0.24578	0.654908	-1.22816	-0.613144
0.94	0.588694	0.24885	0.661049	-1.23844	-0.618082
0.945	0.584767	0.251944	0.667241	-1.24883	-0.623027
0.95	0.580859	0.255063	0.673485	-1.25933	-0.627978
0.955	0.57697	0.258206	0.679782	-1.26995	-0.632934
0.96	0.573101	0.261374	0.686132	-1.28069	-0.637896
0.965	0.569253	0.264566	0.692535	-1.29154	-0.642861
0.97	0.565426	0.267783	0.698993	-1.3025	-0.647828
0.975	0.561619	0.271025	0.705505	-1.31358	-0.652798
0.98	0.557834	0.274292	0.712073	-1.32477	-0.657769
0.985	0.554071	0.277585	0.718697	-1.33608	-0.662739
0.99	0.55033	0.280902	0.725377	-1.34749	-0.667708
0.995	0.546611	0.284244	0.732115	-1.35902	-0.672675
1	0.542915	0.287611	0.73891	-1.37066	-0.677638
1.005	0.539242	0.291004	0.745763	-1.38241	-0.682597
1.01	0.535593	0.294422	0.752675	-1.39427	-0.687549
1.015	0.531967	0.297865	0.759647	-1.40623	-0.692494
1.02	0.528366	0.301334	0.766678	-1.4183	-0.697431
1.025	0.52479	0.304828	0.773769	-1.43047	-0.702357
1.03	0.521239	0.308348	0.780922	-1.44275	-0.707272
1.035	0.517713	0.311893	0.788135	-1.45512	-0.712173
1.04	0.514213	0.315464	0.795411	-1.46758	-0.71706
1.045	0.510739	0.31906	0.802749	-1.48014	-0.721931
1.05	0.507292	0.322682	0.81015	-1.49279	-0.726783
1.055	0.503872	0.32633	0.817614	-1.50552	-0.731616
1.06	0.50048	0.330003	0.825141	-1.51834	-0.736427
1.065	0.497116	0.333702	0.832733	-1.53124	-0.741215
1.07	0.49378	0.337426	0.840389	-1.54421	-0.745977
1.075	0.490473	0.341176	0.84811	-1.55725	-0.750712
1.08	0.487195	0.344952	0.855896	-1.57036	-0.755417
1.085	0.483947	0.348754	0.863748	-1.58353	-0.760091
1.09	0.48073	0.352581	0.871666	-1.59675	-0.764731
1.095	0.477542	0.356433	0.87965	-1.61003	-0.769335
1.1	0.474386	0.360311	0.8877	-1.62335	-0.773901
1.105	0.471262	0.364215	0.895816	-1.6367	-0.778426
1.11	0.46817	0.368144	0.904	-1.65009	-0.782908
1.115	0.46511	0.372098	0.91225	-1.6635	-0.787344
1.12	0.462083	0.376078	0.920568	-1.67692	-0.791732
1.125	0.45909	0.380083	0.928953	-1.69036	-0.79607
1.13	0.45613	0.384113	0.937404	-1.70379	-0.800353
1.135	0.453205	0.388168	0.945923	-1.71722	-0.804581
1.14	0.450315	0.392248	0.954509	-1.73063	-0.808749
1.145	0.447461	0.396353	0.963162	-1.74401	-0.812856
1.15	0.444642	0.400483	0.971883	-1.75735	-0.816897
1.155	0.44186	0.404638	0.980669	-1.77065	-0.82087
1.16	0.439114	0.408816	0.989523	-1.78389	-0.824773
1.165	0.436406	0.41302	0.998442	-1.79706	-0.828601
1.17	0.433736	0.417247	1.00743	-1.81015	-0.832353
1.175	0.431104	0.421498	1.01648	-1.82315	-0.836023
1.18	0.428511	0.425773	1.02559	-1.83604	-0.839611
1.185	0.425957	0.430072	1.03477	-1.84882	-0.843111
1.19	0.423444	0.434394	1.04402	-1.86146	-0.846521
1.195	0.42097	0.43874	1.05333	-1.87397	-0.849838
1.2	0.418538	0.443108	1.0627	-1.88631	-0.853057
1.205	0.416146	0.447499	1.07213	-1.89849	-0.856177
1.21	0.413797	0.451913	1.08162	-1.91047	-0.859192
1.215	0.41149	0.456348	1.09117	-1.92226	-0.862101
1.22	0.409225	0.460806	1.10078	-1.93383	-0.864899
1.225	0.407004	0.465286	1.11045	-1.94517	-0.867583
1.23	0.404826	0.469787	1.12018	-1.95627	-0.870149
1.235	0.402693	0.474309	1.12996	-1.9671	-0.872595
1.24	0.400604	0.478851	1.13979	-1.97765	-0.874917
1.245	0.39856	0.483414	1.14968	-1.98791	-0.877111
1.25	0.396562	0.487998	1.15962	-1.99785	-0.879175
1.255	0.394609	0.492601	1.16961	-2.00747	-0.881105
1.26	0.392703	0.497223	1.17965	-2.01674	-0.882897
1.265	0.390843	0.501864	1.18973	-2.02566	-0.884549
1.27	0.389031	0.506524	1.19986	-2.0342	-0.886058
1.275	0.387266	0.511203	1.21003	-2.04234	-0.88742
1.28	0.385549	0.515898	1.22024	-2.05008	-0.888633
1.285	0.38388	0.520612	1.23049	-2.05739	-0.889694
1.29	0.38226	0.525342	1.24078	-2.06426	-0.8906
1.295	0.380688	0.530089	1.2511	-2.07067	-0.891348
1.3	0.379166	0.534851	1.26146	-2.07661	-0.891937
1.305	0.377693	0.539629	1.27184	-2.08206	-0.892364
1.31	0.376271	0.544423	1.28225	-2.08702	-0.892626
1.315	0.374898	0.549231	1.29268	-2.09145	-0.892722
1.32	0.373576	0.554053	1.30314	-2.09536	-0.89265
1.325	0.372304	0.558888	1.31362	-2.09873	-0.892407
1.33	0.371083	0.563737	1.32411	-2.10155	-0.891993
1.335	0.369913	0.568598	1.33462	-2.1038	-0.891407
1.34	0.368794	0.573471	1.34514	-2.10547	-0.890646
1.345	0.367727	0.578356	1.35567	-2.10656	-0.88971
1.35	0.366711	0.583252	1.3662	-2.10705	-0.888599
1.355	0.365747	0.588158	1.37673	-2.10694	-0.887311
1.36	0.364834	0.593074	1.38727	-2.10622	-0.885847
1.365	0.363974	0.597999	1.3978	-2.10488	-0.884205
1.37	0.363165	0.602933	1.40832	-2.10291	-0.882387
1.375	0.362408	0.607876	1.41884	-2.10032	-0.880393
1.38	0.361703	0.612826	1.42934	-2.0971	-0.878222
1.385	0.36105	0.617783	1.43983	-2.09325	-0.875877
1.39	0.360449	0.622747	1.45029	-2.08876	-0.873356
1.395	0.3599	0.627716	1.46074	-2.08363	-0.870663
1.4	0.359402	0.632692	1.47115	-2.07787	-0.867798
1.405	0.358957	0.637672	1.48154	-2.07148	-0.864763
1.41	0.358563	0.642656	1.4919	-2.06445	-0.86156
1.415	0.35822	0.647644	1.50222	-2.0568	-0.85819
1.42	0.357929	0.652636	1.51251	-2.04853	-0.854656
1.425	0.357689	0.65763	1.52275	-2.03964	-0.85096
1.43	0.357499	0.662627	1.53295	-2.03015	-0.847106
1.435	0.357361	0.667625	1.5431	-2.02006	-0.843095
1.44	0.357273	0.672624	1.5532	-2.00937	-0.838931
1.445	0.357235	0.677624	1.56325	-1.99811	-0.834617
1.45	0.357247	0.682624	1.57324	-1.98627	-0.830156
1.455	0.357309	0.687623	1.58317	-1.97388	-0.825552
1.46	0.35742	0.692622	1.59304	-1.96094	-0.820808
1.465	0.357581	0.69762	1.60284	-1.94747	-0.815928
1.47	0.35779	0.702615	1.61258	-1.93349	-0.810916
1.475	0.358047	0.707609	1.62225	-1.919	-0.805776
1.48	0.358352	0.712599	1.63184	-1.90402	-0.800512
1.485	0.358704	0.717587	1.64136	-1.88858	-0.795129
1.49	0.359104	0.722571	1.6508	-1.87268	-0.78963
1.495	0.35955	0.727551	1.66017	-1.85634	-0.784019
1.5	0.360043	0.732527	1.66945	-1.83959	-0.778303
1.505	0.360581	0.737498	1.67865	-1.82244	-0.772483
1.51	0.361164	0.742463	1.68776	-1.8049	-0.766566
1.515	0.361793	0.747424	1.69678	-1.787	-0.760556
1.52	0.362465	0.752378	1.70572	-1.76875	-0.754457
1.525	0.363181	0.757327	1.71456	-1.75018	-0.748274
1.53	0.363941	0.762269	1.72331	-1.7313	-0.742012
1.535	0.364744	0.767204	1.73197	-1.71213	-0.735674
1.54	0.365588	0.772132	1.74053	-1.6927	-0.729266
1.545	0.366474	0.777053	1.74899	-1.67301	-0.722791
1.55	0.367402	0.781966	1.75736	-1.6531	-0.716256
1.555	0.36837	0.786871	1.76563	-1.63297	-0.709663
1.56	0.369378	0.791769	1.77379	-1.61265	-0.703017
1.565	0.370425	0.796658	1.78185	-1.59215	-0.696323
1.57	0.371512	0.801538	1.78981	-1.5715	-0.689584
1.575	0.372636	0.80641	1.79767	-1.55071	-0.682805
1.58	0.373799	0.811273	1.80543	-1.52979	-0.675991
1.585	0.374998	0.816127	1.81307	-1.50878	-0.669144
1.59	0.376234	0.820972	1.82062	-1.48767	-0.66227
1.595	0.377507	0.825808	1.82806	-1.46649	-0.655371
1.6	0.378814	0.830634	1.83539	-1.44526	-0.648451
1.605	0.380157	0.83545	1.84262	-1.42399	-0.641515
1.61	0.381533	0.840257	1.84974	-1.40269	-0.634566
1.615	0.382944	0.845054	1.85675	-1.38139	-0.627607
1.62	0.384387	0.849841	1.86366	-1.36008	-0.620641
1.625	0.385863	0.854618	1.87046	-1.3388	-0.613672
1.63	0.387371	0.859385	1.87715	-1.31754	-0.606703
1.635	0.38891	0.864142	1.88374	-1.29633	-0.599737
1.64	0.39048	0.868889	1.89022	-1.27517	-0.592776
1.645	0.392081	0.873626	1.8966	-1.25408	-0.585825
1.65	0.393711	0.878353	1.90287	-1.23307	-0.578884
1.655	0.39537	0.88307	1.90903	-1.21214	-0.571958
1.66	0.397057	0.887776	1.91509	-1.19131	-0.565048
1.665	0.398773	0.892473	1.92105	-1.17059	-0.558157
1.67	0.400516	0.897159	1.9269	-1.14999	-0.551287
1.675	0.402286	0.901835	1.93265	-1.12951	-0.54444
1.68	0.404083	0.906502	1.9383	-1.10916	-0.537619
1.685	0.405905	0.911158	1.94384	-1.08895	-0.530825
1.69	0.407753	0.915804	1.94929	-1.06889	-0.52406
1.695	0.409625	0.92044	1.95463	-1.04899	-0.517327
1.7	0.411522	0.925066	1.95988	-1.02924	-0.510626
1.705	0.413442	0.929683	1.96502	-1.00966	-0.503959
1.71	0.415386	0.934289	1.97007	-0.990255	-0.497328
1.715	0.417353	0.938886	1.97502	-0.971023	-0.490734
1.72	0.419341	0.943474	1.97988	-0.951971	-0.484179
1.725	0.421352	0.948052	1.98464	-0.933104	-0.477664
1.73	0.423384	0.95262	1.9893	-0.914425	-0.47119
1.735	0.425437	0.957179	1.99388	-0.895937	-0.464758
1.74	0.42751	0.961729	1.99836	-0.877645	-0.45837
1.745	0.429603	0.96627	2.00274	-0.859551	-0.452025
1.75	0.431716	0.970802	2.00704	-0.841656	-0.445725
1.755	0.433848	0.975325	2.01125	-0.823963	-0.439471
1.76	0.435998	0.979839	2.01537	-0.806475	-0.433264
1.765	0.438167	0.984344	2.0194	-0.789192	-0.427104
1.77	0.440353	0.98884	2.02335	-0.772116	-0.420992
1.775	0.442557	0.993329	2.02721	-0.755248	-0.414929
1.78	0.444777	0.997809	2.03099	-0.738588	-0.408914
1.785	0.447014	1.00228	2.03468	-0.722138	-0.402949
1.79	0.449268	1.00674	2.03829	-0.705898	-0.397034
1.795	0.451537	1.0112	2.04182	-0.689867	-0.391169
1.8	0.453821	1.01565	2.04527	-0.674046	-0.385355
1.805	0.45612	1.02009	2.04864	-0.658435	-0.379591
1.81	0.458434	1.02452	2.05193	-0.643033	-0.373879
1.815	0.460762	1.02894	2.05515	-0.627839	-0.368218
1.82	0.463104	1.03336	2.05829	-0.612854	-0.362608
1.825	0.46546	1.03777	2.06135	-0.598076	-0.35705
1.83	0.467829	1.04218	2.06434	-0.583504	-0.351544
1.835	0.47021	1.04657	2.06726	-0.569137	-0.346089
1.84	0.472604	1.05096	2.0701	-0.554974	-0.340686
1.845	0.475011	1.05534	2.07288	-0.541014	-0.335335
1.85	0.477429	1.05972	2.07558	-0.527255	-0.330036
1.855	0.479858	1.06409	2.07822	-0.513696	-0.324788
1.86	0.482299	1.06845	2.08079	-0.500335	-0.319592
1.865	0.484751	1.07281	2.08329	-0.487171	-0.314447
1.87	0.487213	1.07716	2.08573	-0.474201	-0.309353
1.875	0.489686	1.08151	2.0881	-0.461424	-0.304311
1.88	0.492169	1.08585	2.0904	-0.448839	-0.29932
1.885	0.494661	1.09018	2.09265	-0.436443	-0.294379
1.89	0.497163	1.09451	2.09483	-0.424234	-0.28949
1.895	0.499674	1.09884	2.09695	-0.41221	-0.28465
1.9	0.502194	1.10316	2.09901	-0.40037	-0.279861
1.905	0.504723	1.10747	2.10101	-0.388711	-0.275122
1.91	0.50726	1.11178	2.10296	-0.377231	-0.270432
1.915	0.509805	1.11608	2.10484	-0.365928	-0.265792
1.92	0.512358	1.12038	2.10667	-0.3548	-0.261201
1.925	0.514918	1.12467	2.10845	-0.343845	-0.256658
1.93	0.517486	1.12896	2.11017	-0.33306	-0.252164
1.935	0.520061	1.13325	2.11183	-0.322443	-0.247719
1.94	0.522643	1.13753	2.11344	-0.311992	-0.243321
1.945	0.525232	1.14181	2.115	-0.301705	-0.238971
1.95	0.527827	1.14608	2.11651	-0.29158	-0.234668
1.955	0.530429	1.15035	2.11797	-0.281614	-0.230412
1.96	0.533036	1.15462	2.11938	-0.271806	-0.226203
1.965	0.535649	1.15888	2.12074	-0.262152	-0.222039
1.97	0.538268	1.16314	2.12205	-0.252651	-0.217922
1.975	0.540892	1.1674	2.12331	-0.243301	-0.21385
1.98	0.543521	1.17165	2.12453	-0.234099	-0.209823
1.985	0.546156	1.1759	2.1257	-0.225044	-0.205841
1.99	0.548795	1.18015	2.12682	-0.216132	-0.201904
1.995	0.551439	1.18439	2.1279	-0.207362	-0.19801
2	0.554087	1.18863	2.12894	-0.198732	-0.194161
2.005	0.556739	1.19287	2.12993	-0.19024	-0.190354
2.01	0.559395	1.19711	2.13089	-0.181883	-0.186591
2.015	0.562055	1.20134	2.1318	-0.173659	-0.18287
2.02	0.564719	1.20557	2.13266	-0.165567	-0.179191
2.025	0.567387	1.2098	2.13349	-0.157604	-0.175554
2.03	0.570057	1.21403	2.13428	-0.149768	-0.171959
2.035	0.572731	1.21825	2.13503	-0.142058	-0.168404
2.04	0.575408	1.22248	2.13574	-0.13447	-0.164891
2.045	0.578088	1.2267	2.13641	-0.127004	-0.161418
2.05	0.58077	1.23092	2.13705	-0.119658	-0.157985
2.055	0.583455	1.23514	2.13764	-0.112428	-0.154591
2.06	0.586142	1.23935	2.13821	-0.105314	-0.151237
2.065	0.588832	1.24357	2.13873	-0.0983137	-0.147922
2.07	0.591523	1.24778	2.13922	-0.091425	-0.144645
2.075	0.594217	1.25199	2.13968	-0.0846462	-0.141407
2.08	0.596912	1.2562	2.1401	-0.0779755	-0.138206
2.085	0.599609	1.26041	2.14049	-0.071411	-0.135043
2.09	0.602307	1.26462	2.14085	-0.0649511	-0.131917
2.095	0.605007	1.26883	2.14118	-0.058594	-0.128828
2.1	0.607708	1.27304	2.14147	-0.0523379	-0.125776
2.105	0.61041	1.27725	2.14173	-0.0461812	-0.122759
2.11	0.613113	1.28145	2.14196	-0.0401223	-0.119779
2.115	0.615817	1.28566	2.14216	-0.0341594	-0.116834
2.12	0.618521	1.28986	2.14233	-0.0282911	-0.113924
2.125	0.621227	1.29407	2.14247	-0.0225156	-0.111049
2.13	0.623932	1.29827	2.14259	-0.0168314	-0.108208
2.135	0.626638	1.30248	2.14267	-0.0112369	-0.105402
2.14	0.629345	1.30668	2.14273	-0.00573078	-0.102629
2.145	0.632051	1.31089	2.14276	-0.000311374	-0.0998899
2.15	0.634758	1.31509	2.14276	0.00502275	-0.0971841
2.155	0.637464	1.3193	2.14273	0.010273	-0.0945112
2.16	0.64017	1.3235	2.14268	0.0154409	-0.0918709
2.165	0.642876	1.32771	2.1426	0.0205278	-0.0892629
2.17	0.645581	1.33191	2.1425	0.025535	-0.0866869
2.175	0.648286	1.33612	2.14237	0.030464	-0.0841426
2.18	0.65099	1.34032	2.14222	0.035316	-0.0816298
2.185	0.653693	1.34453	2.14205	0.0400924	-0.0791481
2.19	0.656396	1.34873	2.14184	0.0447945	-0.0766972
2.195	0.659098	1.35294	2.14162	0.0494235	-0.0742769
2.2	0.661798	1.35715	2.14137	0.0539807	-0.0718869
2.205	0.664498	1.36136	2.1411	0.0584673	-0.0695269
2.21	0.667196	1.36557	2.14081	0.0628845	-0.0671966
2.215	0.669893	1.36978	2.1405	0.0672336	-0.0648958
2.22	0.672588	1.37399	2.14016	0.0715156	-0.0626242
2.225	0.675282	1.3782	2.1398	0.0757317	-0.0603815
2.23	0.677975	1.38241	2.13942	0.0798831	-0.0581676
2.235	0.680665	1.38663	2.13903	0.0839708	-0.055982
2.24	0.683354	1.39084	2.13861	0.087996	-0.0538246
2.245	0.686041	1.39506	2.13817	0.0919597	-0.0516951
2.25	0.688727	1.39928	2.13771	0.0958629	-0.0495933
2.255	0.69141	1.4035	2.13723	0.0997068	-0.0475189
2.26	0.694091	1.40772	2.13673	0.103492	-0.0454717
2.265	0.696769	1.41194	2.13621	0.10722	-0.0434514
2.27	0.699446	1.41616	2.13567	0.110892	-0.0414579
2.275	0.70212	1.42039	2.13512	0.114508	-0.0394908
2.28	0.704792	1.42461	2.13455	0.11807	-0.03755
2.285	0.707461	1.42884	2.13396	0.121578	-0.0356352
2.29	0.710128	1.43307	2.13335	0.125034	-0.0337462
2.295	0.712792	1.4373	2.13272	0.128437	-0.0318827
2.3	0.715454	1.44154	2.13208	0.13179	-0.0300447
2.305	0.718112	1.44577	2.13142	0.135093	-0.0282318
2.31	0.720768	1.45001	2.13075	0.138347	-0.0264438
2.315	0.723421	1.45424	2.13006	0.141552	-0.0246805
2.32	0.72607	1.45848	2.12935	0.14471	-0.0229418
2.325	0.728717	1.46273	2.12862	0.147821	-0.0212273
2.33	0.731361	1.46697	2.12788	0.150887	-0.019537
2.335	0.734001	1.47122	2.12713	0.153907	-0.0178706
2.34	0.736638	1.47546	2.12636	0.156883	-0.0162279
2.345	0.739272	1.47971	2.12558	0.159815	-0.0146087
2.35	0.741902	1.48397	2.12478	0.162704	-0.0130128
2.355	0.744529	1.48822	2.12396	0.165551	-0.0114401
2.36	0.747153	1.49248	2.12314	0.168357	-0.00989039
2.365	0.749773	1.49674	2.12229	0.171122	-0.00836341
2.37	0.752389	1.501	2.12144	0.173847	-0.00685901
2.375	0.755001	1.50526	2.12057	0.176533	-0.00537703
2.38	0.75761	1.50953	2.11969	0.17918	-0.00391727
2.385	0.760215	1.51379	2.11879	0.181789	-0.00247957
2.39	0.762816	1.51806	2.11788	0.18436	-0.00106376
2.395	0.765413	1.52234	2.11696	0.186895	0.000330342
2.4	0.768006	1.52661	2.11603	0.189394	0.0017029
2.405	0.770595	1.53089	2.11508	0.191857	0.00305408
2.41	0.77318	1.53517	2.11412	0.194285	0.00438404
2.415	0.775761	1.53945	2.11315	0.196679	0.00569295
2.42	0.778337	1.54374	2.11216	0.199039	0.00698097
2.425	0.780909	1.54802	2.11117	0.201365	0.00824826
2.43	0.783477	1.55231	2.11016	0.20366	0.00949497
2.435	0.786041	1.55661	2.10914	0.205922	0.0107212
2.44	0.7886	1.5609	2.10811	0.208152	0.0119273
2.445	0.791155	1.5652	2.10707	0.210351	0.0131132
2.45	0.793705	1.5695	2.10602	0.21252	0.0142791
2.455	0.796251	1.5738	2.10496	0.214659	0.0154252
2.46	0.798792	1.57811	2.10389	0.216768	0.0165516
2.465	0.801328	1.58242	2.1028	0.218848	0.0176585
2.47	0.80386	1.58673	2.10171	0.2209	0.0187459
2.475	0.806386	1.59105	2.1006	0.222924	0.0198141
2.48	0.808908	1.59536	2.09949	0.22492	0.0208633
2.485	0.811426	1.59968	2.09836	0.226889	0.0218934
2.49	0.813938	1.60401	2.09723	0.228831	0.0229046
2.495	0.816445	1.60833	2.09609	0.230747	0.0238972
2.5	0.818948	1.61266	2.09493	0.232637	0.0248712
2.505	0.821445	1.61699	2.09377	0.234502	0.0258267
2.51	0.823937	1.62133	2.0926	0.236342	0.0267639
2.515	0.826424	1.62567	2.09141	0.238157	0.0276829
2.52	0.828906	1.63001	2.09022	0.239948	0.0285838
2.525	0.831383	1.63435	2.08902	0.241715	0.0294668
2.53	0.833854	1.6387	2.08782	0.24346	0.030332
2.535	0.83632	1.64305	2.0866	0.245181	0.0311794
2.54	0.838781	1.6474	2.08537	0.246879	0.0320093
2.545	0.841237	1.65175	2.08414	0.248555	0.0328217
2.55	0.843687	1.65611	2.0829	0.25021	0.0336168
2.555	0.846131	1.66047	2.08164	0.251843	0.0343946
2.56	0.84857	1.66484	2.08039	0.253455	0.0351553
2.565	0.851004	1.66921	2.07912	0.255046	0.035899
2.57	0.853432	1.67358	2.07784	0.256617	0.0366258
2.575	0.855854	1.67795	2.07656	0.258167	0.0373358
2.58	0.858271	1.68233	2.07527	0.259698	0.0380292
2.585	0.860682	1.68671	2.07397	0.26121	0.038706
2.59	0.863087	1.69109	2.07266	0.262702	0.0393663
2.595	0.865487	1.69548	2.07135	0.264176	0.0400103
2.6	0.867881	1.69987	2.07003	0.265631	0.0406381
2.605	0.870269	1.70426	2.0687	0.267068	0.0412497
2.61	0.872651	1.70866	2.06737	0.268487	0.0418452
2.615	0.875027	1.71306	2.06602	0.269888	0.0424249
2.62	0.877397	1.71746	2.06467	0.271272	0.0429886
2.625	0.879761	1.72186	2.06332	0.272639	0.0435367
2.63	0.88212	1.72627	2.06195	0.27399	0.0440691
2.635	0.884472	1.73069	2.06058	0.275324	0.044586
2.64	0.886818	1.7351	2.05921	0.276641	0.0450875
2.645	0.889158	1.73952	2.05783	0.277943	0.0455736
2.65	0.891492	1.74394	2.05644	0.27923	0.0460444
2.655	0.893819	1.74837	2.05504	0.280501	0.0465001
2.66	0.896141	1.7528	2.05364	0.281756	0.0469407
2.665	0.898456	1.75723	2.05223	0.282997	0.0473664
2.67	0.900765	1.76166	2.05081	0.284223	0.0477772
2.675	0.903068	1.7661	2.04939	0.285435	0.0481731
2.68	0.905364	1.77054	2.04796	0.286633	0.0485544
2.685	0.907654	1.77499	2.04653	0.287817	0.0489211
2.69	0.909938	1.77943	2.04509	0.288987	0.0492732
2.695	0.912215	1.78389	2.04365	0.290144	0.0496109
2.7	0.914485	1.78834	2.0422	0.291287	0.0499343
2.705	0.91675	1.7928	2.04074	0.292417	0.0502434
2.71	0.919007	1.79726	2.03928	0.293535	0.0505383
2.715	0.921258	1.80172	2.03781	0.29464	0.0508191
2.72	0.923503	1.80619	2.03634	0.295733	0.0510859
2.725	0.925741	1.81066	2.03486	0.296813	0.0513388
2.73	0.927972	1.81514	2.03337	0.297882	0.0515779
2.735	0.930197	1.81962	2.03189	0.298939	0.0518031
2.74	0.932415	1.8241	2.03039	0.299984	0.0520147
2.745	0.934626	1.82858	2.02889	0.301018	0.0522127
2.75	0.93683	1.83307	2.02739	0.302041	0.0523971
2.755	0.939028	1.83756	2.02588	0.303052	0.0525681
2.76	0.941219	1.84206	2.02436	0.304053	0.0527257
2.765	0.943403	1.84655	2.02284	0.305043	0.0528701
2.77	0.94558	1.85105	2.02131	0.306023	0.0530012
2.775	0.94775	1.85556	2.01978	0.306993	0.0531192
2.78	0.949914	1.86007	2.01825	0.307952	0.0532241
2.785	0.95207	1.86458	2.01671	0.308902	0.053316
2.79	0.95422	1.86909	2.01517	0.309842	0.053395
2.795	0.956362	1.87361	2.01362	0.310772	0.0534612
2.8	0.958497	1.87813	2.01206	0.311693	0.0535146
2.805	0.960626	1.88265	2.0105	0.312605	0.0535553
2.81	0.962747	1.88718	2.00894	0.313507	0.0535834
2.815	0.964861	1.89171	2.00737	0.314401	0.053599
2.82	0.966968	1.89625	2.0058	0.315285	0.053602
2.825	0.969068	1.90079	2.00422	0.316162	0.0535927
2.83	0.971161	1.90533	2.00264	0.317029	0.053571
2.835	0.973247	1.90987	2.00106	0.317888	0.053537
2.84	0.975325	1.91442	1.99947	0.31874	0.0534909
2.845	0.977396	1.91897	1.99788	0.319583	0.0534326
2.85	0.97946	1.92352	1.99628	0.320418	0.0533622
2.855	0.981516	1.92808	1.99468	0.321245	0.0532799
2.86	0.983565	1.93264	1.99307	0.322065	0.0531856
2.865	0.985607	1.93721	1.99146	0.322877	0.0530795
2.87	0.987642	1.94177	1.98984	0.323682	0.0529616
2.875	0.989669	1.94634	1.98823	0.32448	0.052832
2.88	0.991688	1.95092	1.9866	0.32527	0.0526907
2.885	0.993701	1.9555	1.98498	0.326054	0.0525378
2.89	0.995705	1.96008	1.98335	0.32683	0.0523734
2.895	0.997703	1.96466	1.98171	0.3276	0.0521975
2.9	0.999692	1.96925	1.98008	0.328364	0.0520102
2.905	1.00167	1.97384	1.97843	0.329121	0.0518116
2.91	1.00365	1.97843	1.97679	0.329871	0.0516017
2.915	1.00562	1.98303	1.97514	0.330615	0.0513806
2.92	1.00758	1.98763	1.97349	0.331353	0.0511483
2.925	1.00953	1.99223	1.97183	0.332085	0.050905
2.93	1.01147	1.99684	1.97017	0.332811	0.0506506
2.935	1.01341	2.00145	1.9685	0.333532	0.0503853
2.94	1.01534	2.00606	1.96684	0.334246	0.0501091
2.945	1.01726	2.01068	1.96517	0.334955	0.0498221
2.95	1.01917	2.0153	1.96349	0.335659	0.0495243
2.955	1.02108	2.01992	1.96181	0.336357	0.0492158
2.96	1.02298	2.02454	1.96013	0.33705	0.0488966
2.965	1.02487	2.02917	1.95844	0.337737	0.0485668
2.97	1.02675	2.0338	1.95676	0.33842	0.0482265
2.975	1.02862	2.03844	1.95506	0.339098	0.0478757
2.98	1.03049	2.04308	1.95337	0.33977	0.0475145
2.985	1.03235	2.04772	1.95167	0.340438	0.047143
2.99	1.0342	2.05237	1.94997	0.341101	0.0467612
2.995	1.03604	2.05701	1.94826	0.34176	0.0463691
3	1.03788	2.06166	1.94655	0.342414	0.0459668
3.005	1.0397	2.06632	1.94484	0.343064	0.0455545
3.01	1.04152	2.07098	1.94313	0.343709	0.045132
3.015	1.04333	2.07564	1.94141	0.34435	0.0446996
3.02	1.04514	2.0803	1.93969	0.344987	0.0442572
3.025	1.04693	2.08497	1.93796	0.345619	0.0438049
3.03	1.04872	2.08964	1.93623	0.346248	0.0433428
3.035	1.0505	2.09431	1.9345	0.346873	0.0428709
3.04	1.05227	2.09899	1.93277	0.347494	0.0423893
3.045	1.05403	2.10366	1.93103	0.348111	0.0418981
3.05	1.05578	2.10835	1.92929	0.348725	0.0413972
3.055	1.05753	2.11303	1.92755	0.349335	0.0408868
3.06	1.05927	2.11772	1.9258	0.349941	0.0403669
3.065	1.061	2.12241	1.92405	0.350544	0.0398375
3.07	1.06272	2.12711	1.9223	0.351144	0.0392988
3.075	1.06443	2.1318	1.92054	0.35174	0.0387507
3.08	1.06614	2.1365	1.91878	0.352333	0.0381934
3.085	1.06783	2.14121	1.91702	0.352923	0.0376268
3.09	1.06952	2.14591	1.91526	0.35351	0.0370511
3.095	1.0712	2.15062	1.91349	0.354094	0.0364663
3.1	1.07287	2.15533	1.91172	0.354674	0.0358724
3.105	1.07454	2.16005	1.90994	0.355252	0.0352695
3.11	1.07619	2.16477	1.90817	0.355828	0.0346577
3.115	1.07784	2.16949	1.90639	0.3564	0.034037
3.12	1.07948	2.17421	1.90461	0.35697	0.0334074
3.125	1.08111	2.17894	1.90282	0.357537	0.0327691
3.13	1.08273	2.18367	1.90103	0.358102	0.032122
3.135	1.08434	2.1884	1.89924	0.358664	0.0314663
3.14	1.08595	2.19314	1.89745	0.359223	0.0308019
3.145	1.08754	2.19788	1.89565	0.359781	0.030129
3.15	1.08913	2.20262	1.89386	0.360336	0.0294476
3.155	1.09071	2.20736	1.89205	0.360889	0.0287576
3.16	1.09228	2.21211	1.89025	0.361439	0.0280593
3.165	1.09384	2.21686	1.88844	0.361988	0.0273526
3.17	1.09539	2.22161	1.88663	0.362534	0.0266377
3.175	1.09694	2.22637	1.88482	0.363078	0.0259144
3.18	1.09847	2.23113	1.883	0.363621	0.025183
3.185	1.1	2.23589	1.88119	0.364161	0.0244434
3.19	1.10152	2.24065	1.87937	0.3647	0.0236957
3.195	1.10303	2.24542	1.87754	0.365237	0.02294
3.2	1.10453	2.25019	1.87572	0.365772	0.0221763
3.205	1.10602	2.25496	1.87389	0.366306	0.0214047
3.21	1.10751	2.25973	1.87206	0.366838	0.0206252
3.215	1.10898	2.26451	1.87022	0.367368	0.0198378
3.22	1.11045	2.26929	1.86838	0.367897	0.0190426
3.225	1.1119	2.27407	1.86654	0.368424	0.0182398
3.23	1.11335	2.27886	1.8647	0.36895	0.0174292
3.235	1.11479	2.28365	1.86286	0.369474	0.016611
3.24	1.11622	2.28844	1.86101	0.369997	0.0157853
3.245	1.11764	2.29323	1.85916	0.370519	0.014952
3.25	1.11906	2.29803	1.85731	0.371039	0.0141112
3.255	1.12046	2.30283	1.85545	0.371559	0.0132631
3.26	1.12186	2.30763	1.85359	0.372077	0.0124075
3.265	1.12324	2.31243	1.85173	0.372594	0.0115446
3.27	1.12462	2.31724	1.84987	0.37311	0.0106745
3.275	1.12599	2.32205	1.84801	0.373625	0.00979715
3.28	1.12735	2.32686	1.84614	0.374139	0.00891263
3.285	1.1287	2.33167	1.84427	0.374652	0.00802099
3.29	1.13004	2.33649	1.84239	0.375164	0.0071223
3.295	1.13137	2.34131	1.84052	0.375676	0.00621658
3.3	1.1327	2.34613	1.83864	0.376186	0.00530391
3.305	1.13401	2.35096	1.83676	0.376696	0.00438433
3.31	1.13531	2.35578	1.83488	0.377205	0.00345788
3.315	1.13661	2.36061	1.83299	0.377713	0.00252463
3.32	1.1379	2.36544	1.8311	0.378221	0.00158461
3.325	1.13918	2.37028	1.82921	0.378728	0.000637888
3.33	1.14044	2.37511	1.82732	0.379234	-0.000315493
3.335	1.1417	2.37995	1.82542	0.37974	-0.00127548
3.34	1.14295	2.38479	1.82352	0.380246	-0.00224203
3.345	1.14419	2.38964	1.82162	0.380751	-0.00321508
3.35	1.14543	2.39448	1.81972	0.381255	-0.00419458
3.355	1.14665	2.39933	1.81781	0.381759	-0.00518049
3.36	1.14786	2.40418	1.8159	0.382263	-0.00617276
3.365	1.14907	2.40903	1.81399	0.382767	-0.00717133
3.37	1.15026	2.41389	1.81208	0.38327	-0.00817615
3.375	1.15145	2.41875	1.81016	0.383773	-0.00918718
3.38	1.15262	2.42361	1.80824	0.384276	-0.0102044
3.385	1.15379	2.42847	1.80632	0.384778	-0.0112276
3.39	1.15495	2.43333	1.8044	0.385281	-0.012257
3.395	1.15609	2.4382	1.80247	0.385783	-0.0132923
3.4	1.15723	2.44307	1.80054	0.386285	-0.0143336
3.405	1.15836	2.44794	1.79861	0.386787	-0.0153808
3.41	1.15948	2.45281	1.79667	0.387289	-0.0164338
3.415	1.16059	2.45769	1.79474	0.387791	-0.0174927
3.42	1.16169	2.46256	1.7928	0.388294	-0.0185572
3.425	1.16278	2.46744	1.79086	0.388796	-0.0196275
3.43	1.16387	2.47233	1.78891	0.389298	-0.0207035
3.435	1.16494	2.47721	1.78697	0.389801	-0.021785
3.44	1.166	2.4821	1.78502	0.390303	-0.0228721
3.445	1.16706	2.48698	1.78307	0.390806	-0.0239647
3.45	1.1681	2.49187	1.78111	0.391309	-0.0250627
3.455	1.16913	2.49676	1.77916	0.391812	-0.0261661
3.46	1.17016	2.50166	1.7772	0.392316	-0.0272749
3.465	1.17117	2.50655	1.77524	0.39282	-0.0283889
3.47	1.17218	2.51145	1.77327	0.393324	-0.0295082
3.475	1.17317	2.51635	1.7713	0.393828	-0.0306328
3.48	1.17416	2.52125	1.76934	0.394333	-0.0317624
3.485	1.17514	2.52616	1.76736	0.394838	-0.0328972
3.49	1.1761	2.53106	1.76539	0.395344	-0.0340369
3.495	1.17706	2.53597	1.76341	0.39585	-0.0351817
3.5	1.17801	2.54088	1.76143	0.396357	-0.0363315
3.505	1.17895	2.54579	1.75945	0.396864	-0.0374861
3.51	1.17987	2.5507	1.75747	0.397372	-0.0386455
3.515	1.18079	2.55562	1.75548	0.39788	-0.0398098
3.52	1.1817	2.56054	1.75349	0.398389	-0.0409788
3.525	1.1826	2.56545	1.7515	0.398898	-0.0421525
3.53	1.18349	2.57038	1.74951	0.399408	-0.0433308
3.535	1.18437	2.5753	1.74751	0.399919	-0.0445137
3.54	1.18524	2.58022	1.74551	0.400431	-0.0457012
3.545	1.1861	2.58515	1.74351	0.400943	-0.0468931
3.55	1.18695	2.59007	1.7415	0.401455	-0.0480895
3.555	1.18778	2.595	1.73949	0.401969	-0.0492902
3.56	1.18861	2.59993	1.73748	0.402483	-0.0504953
3.565	1.18943	2.60487	1.73547	0.402998	-0.0517047
3.57	1.19024	2.6098	1.73346	0.403514	-0.0529183
3.575	1.19104	2.61474	1.73144	0.404031	-0.0541361
3.58	1.19183	2.61967	1.72942	0.404549	-0.055358
3.585	1.19261	2.62461	1.7274	0.405067	-0.0565841
3.59	1.19338	2.62955	1.72537	0.405586	-0.0578141
3.595	1.19414	2.63449	1.72334	0.406107	-0.0590481
3.6	1.19489	2.63944	1.72131	0.406628	-0.0602861
3.605	1.19563	2.64438	1.71928	0.40715	-0.0615279
3.61	1.19636	2.64933	1.71724	0.407673	-0.0627735
3.615	1.19708	2.65428	1.71521	0.408197	-0.064023
3.62	1.19779	2.65923	1.71316	0.408722	-0.0652761
3.625	1.19849	2.66418	1.71112	0.409248	-0.0665329
3.63	1.19918	2.66913	1.70907	0.409776	-0.0677934
3.635	1.19986	2.67408	1.70703	0.410304	-0.0690574
3.64	1.20053	2.67904	1.70497	0.410833	-0.0703249
3.645	1.20119	2.68399	1.70292	0.411364	-0.0715959
3.65	1.20183	2.68895	1.70086	0.411895	-0.0728703
3.655	1.20247	2.69391	1.6988	0.412428	-0.0741481
3.66	1.2031	2.69887	1.69674	0.412962	-0.0754292
3.665	1.20372	2.70383	1.69468	0.413497	-0.0767136
3.67	1.20433	2.7088	1.69261	0.414033	-0.0780011
3.675	1.20492	2.71376	1.69054	0.414571	-0.0792919
3.68	1.20551	2.71873	1.68847	0.415109	-0.0805857
3.685	1.20609	2.72369	1.68639	0.415649	-0.0818826
3.69	1.20665	2.72866	1.68431	0.41619	-0.0831825
3.695	1.20721	2.73363	1.68223	0.416733	-0.0844853
3.7	1.20776	2.7386	1.68015	0.417277	-0.085791
3.705	1.20829	2.74357	1.67806	0.417822	-0.0870996
3.71	1.20882	2.74854	1.67597	0.418368	-0.088411
3.715	1.20933	2.75352	1.67388	0.418916	-0.0897251
3.72	1.20983	2.75849	1.67179	0.419465	-0.0910419
3.725	1.21033	2.76347	1.66969	0.420015	-0.0923614
3.73	1.21081	2.76844	1.66759	0.420567	-0.0936834
3.735	1.21128	2.77342	1.66549	0.42112	-0.095008
3.74	1.21175	2.7784	1.66338	0.421675	-0.0963351
3.745	1.2122	2.78338	1.66127	0.422231	-0.0976646
3.75	1.21264	2.78836	1.65916	0.422789	-0.0989964
3.755	1.21307	2.79334	1.65705	0.423348	-0.100331
3.76	1.21349	2.79832	1.65493	0.423908	-0.101667
3.765	1.2139	2.80331	1.65281	0.42447	-0.103006
3.77	1.2143	2.80829	1.65069	0.425033	-0.104347
3.775	1.21469	2.81328	1.64856	0.425598	-0.10569
3.78	1.21506	2.81826	1.64643	0.426165	-0.107035
3.785	1.21543	2.82325	1.6443	0.426733	-0.108382
3.79	1.21579	2.82824	1.64217	0.427303	-0.109731
3.795	1.21613	2.83322	1.64003	0.427874	-0.111082
3.8	1.21647	2.83821	1.63789	0.428446	-0.112434
3.805	1.21679	2.8432	1.63575	0.429021	-0.113789
3.81	1.21711	2.84819	1.63361	0.429597	-0.115145
3.815	1.21741	2.85318	1.63146	0.430174	-0.116503
3.82	1.2177	2.85817	1.62931	0.430754	-0.117863
3.825	1.21798	2.86317	1.62715	0.431334	-0.119224
3.83	1.21826	2.86816	1.625	0.431917	-0.120587
3.835	1.21852	2.87315	1.62284	0.432501	-0.121951
3.84	1.21877	2.87815	1.62068	0.433087	-0.123317
3.845	1.219	2.88314	1.61851	0.433675	-0.124684
3.85	1.21923	2.88813	1.61634	0.434264	-0.126052
3.855	1.21945	2.89313	1.61417	0.434855	-0.127422
3.86	1.21965	2.89813	1.612	0.435448	-0.128793
3.865	1.21985	2.90312	1.60982	0.436042	-0.130165
3.87	1.22003	2.90812	1.60764	0.436638	-0.131538
3.875	1.22021	2.91312	1.60546	0.437236	-0.132912
3.88	1.22037	2.91811	1.60327	0.437836	-0.134287
3.885	1.22052	2.92311	1.60108	0.438437	-0.135663
3.89	1.22066	2.92811	1.59889	0.439041	-0.13704
3.895	1.22079	2.93311	1.59669	0.439646	-0.138418
3.9	1.22091	2.93811	1.59449	0.440253	-0.139797
3.905	1.22102	2.9431	1.59229	0.440862	-0.141176
3.91	1.22111	2.9481	1.59009	0.441472	-0.142556
3.915	1.2212	2.9531	1.58788	0.442085	-0.143937
3.92	1.22127	2.9581	1.58567	0.442699	-0.145318
3.925	1.22134	2.9631	1.58346	0.443315	-0.1467
3.93	1.22139	2.9681	1.58124	0.443933	-0.148082
3.935	1.22143	2.9731	1.57902	0.444553	-0.149465
3.94	1.22146	2.9781	1.5768	0.445175	-0.150848
3.945	1.22148	2.9831	1.57457	0.445799	-0.152231
3.95	1.22149	2.9881	1.57234	0.446425	-0.153614
3.955	1.22148	2.9931	1.57011	0.447053	-0.154998
3.96	1.22147	2.9981	1.56788	0.447682	-0.156382
3.965	1.22144	3.0031	1.56564	0.448314	-0.157766
3.97	1.2214	3.0081	1.5634	0.448947	-0.15915
3.975	1.22136	3.0131	1.56115	0.449583	-0.160533
3.98	1.2213	3.0181	1.5589	0.45022	-0.161917
3.985	1.22123	3.0231	1.55665	0.45086	-0.163301
3.99	1.22114	3.0281	1.5544	0.451501	-0.164684
3.995	1.22105	3.0331	1.55214	0.452144	-0.166068
4	1.22095	3.0381	1.54988	0.45279	-0.16745
4.005	1.22083	3.0431	1.54762	0.453437	-0.168833
4.01	1.2207	3.04809	1.54535	0.454087	-0.170215
4.015	1.22057	3.05309	1.54308	0.454739	-0.171597
4.02	1.22042	3.05809	1.54081	0.455392	-0.172978
4.025	1.22025	3.06309	1.53853	0.456048	-0.174358
4.03	1.22008	3.06808	1.53625	0.456706	-0.175738
4.035	1.2199	3.07308	1.53396	0.457365	-0.177118
4.04	1.2197	3.07808	1.53168	0.458027	-0.178496
4.045	1.21949	3.08307	1.52939	0.458691	-0.179874
4.05	1.21928	3.08807	1.52709	0.459357	-0.18125
4.055	1.21905	3.09306	1.5248	0.460026	-0.182626
4.06	1.2188	3.09806	1.5225	0.460696	-0.184001
4.065	1.21855	3.10305	1.52019	0.461368	-0.185375
4.07	1.21829	3.10804	1.51789	0.462043	-0.186748
4.075	1.21801	3.11304	1.51558	0.46272	-0.18812
4.08	1.21772	3.11803	1.51326	0.463398	-0.18949
4.085	1.21742	3.12302	1.51095	0.464079	-0.190859
4.09	1.21711	3.12801	1.50863	0.464763	-0.192227
4.095	1.21679	3.133	1.5063	0.465448	-0.193594
4.1	1.21646	3.13799	1.50397	0.466136	-0.194959
4.105	1.21611	3.14298	1.50164	0.466825	-0.196322
4.11	1.21576	3.14796	1.49931	0.467517	-0.197685
4.115	1.21539	3.15295	1.49697	0.468211	-0.199045
4.12	1.21501	3.15793	1.49463	0.468908	-0.200404
4.125	1.21461	3.16292	1.49229	0.469606	-0.201761
4.13	1.21421	3.1679	1.48994	0.470307	-0.203117
4.135	1.21379	3.17289	1.48759	0.47101	-0.20447
4.14	1.21337	3.17787	1.48523	0.471715	-0.205822
4.145	1.21293	3.18285	1.48287	0.472423	-0.207172
4.15	1.21248	3.18783	1.48051	0.473132	-0.20852
4.155	1.21201	3.19281	1.47815	0.473844	-0.209866
4.16	1.21154	3.19778	1.47578	0.474559	-0.211209
4.165	1.21105	3.20276	1.4734	0.475275	-0.212551
4.17	1.21056	3.20774	1.47103	0.475994	-0.21389
4.175	1.21005	3.21271	1.46865	0.476715	-0.215227
4.18	1.20952	3.21768	1.46626	0.477439	-0.216562
4.185	1.20899	3.22265	1.46388	0.478164	-0.217895
4.19	1.20845	3.22762	1.46149	0.478892	-0.219224
4.195	1.20789	3.23259	1.45909	0.479623	-0.220552
4.2	1.20732	3.23756	1.45669	0.480355	-0.221877
4.205	1.20674	3.24253	1.45429	0.48109	-0.223199
4.21	1.20614	3.24749	1.45189	0.481828	-0.224519
4.215	1.20554	3.25245	1.44948	0.482567	-0.225836
4.22	1.20492	3.25742	1.44706	0.483309	-0.22715
4.225	1.20429	3.26238	1.44465	0.484054	-0.228461
4.23	1.20365	3.26733	1.44223	0.4848	-0.22977
4.235	1.203	3.27229	1.4398	0.48555	-0.231075
4.24	1.20233	3.27725	1.43738	0.486301	-0.232378
4.245	1.20166	3.2822	1.43494	0.487055	-0.233677
4.25	1.20097	3.28715	1.43251	0.487811	-0.234974
4.255	1.20027	3.2921	1.43007	0.48857	-0.236267
4.26	1.19955	3.29705	1.42763	0.489331	-0.237557
4.265	1.19883	3.302	1.42518	0.490094	-0.238843
4.27	1.19809	3.30695	1.42273	0.49086	-0.240126
4.275	1.19734	3.31189	1.42028	0.491628	-0.241406
4.28	1.19658	3.31683	1.41782	0.492399	-0.242683
4.285	1.1958	3.32177	1.41536	0.493172	-0.243956
4.29	1.19502	3.32671	1.41289	0.493948	-0.245225
4.295	1.19422	3.33164	1.41042	0.494726	-0.246491
4.3	1.19341	3.33658	1.40795	0.495507	-0.247752
4.305	1.19259	3.34151	1.40547	0.496289	-0.249011
4.31	1.19175	3.34644	1.40299	0.497075	-0.250265
4.315	1.1909	3.35137	1.4005	0.497863	-0.251516
4.32	1.19004	3.35629	1.39801	0.498653	-0.252762
4.325	1.18917	3.36122	1.39552	0.499446	-0.254005
4.33	1.18829	3.36614	1.39302	0.500241	-0.255244
4.335	1.18739	3.37106	1.39052	0.501039	-0.256478
4.34	1.18648	3.37597	1.38802	0.501839	-0.257708
4.345	1.18556	3.38089	1.38551	0.502642	-0.258935
4.35	1.18463	3.3858	1.38299	0.503448	-0.260156
4.355	1.18368	3.39071	1.38048	0.504256	-0.261374
4.36	1.18272	3.39562	1.37795	0.505066	-0.262587
4.365	1.18175	3.40052	1.37543	0.505879	-0.263796
4.37	1.18077	3.40542	1.3729	0.506694	-0.265
4.375	1.17977	3.41032	1.37037	0.507512	-0.2662
4.38	1.17877	3.41522	1.36783	0.508333	-0.267395
4.385	1.17775	3.42012	1.36529	0.509156	-0.268585
4.39	1.17671	3.42501	1.36274	0.509982	-0.269771
4.395	1.17567	3.4299	1.36019	0.51081	-0.270952
4.4	1.17461	3.43478	1.35764	0.511641	-0.272128
4.405	1.17354	3.43967	1.35508	0.512474	-0.273299
4.41	1.17246	3.44455	1.35252	0.51331	-0.274465
4.415	1.17136	3.44943	1.34995	0.514149	-0.275626
4.42	1.17025	3.4543	1.34738	0.51499	-0.276782
4.425	1.16913	3.45918	1.3448	0.515834	-0.277933
4.43	1.168	3.46405	1.34223	0.51668	-0.279079
4.435	1.16686	3.46891	1.33964	0.517529	-0.28022
4.44	1.1657	3.47378	1.33705	0.518381	-0.281355
4.445	1.16453	3.47864	1.33446	0.519235	-0.282485
4.45	1.16334	3.4835	1.33187	0.520092	-0.283609
4.455	1.16215	3.48835	1.32927	0.520952	-0.284728
4.46	1.16094	3.4932	1.32666	0.521814	-0.285842
4.465	1.15972	3.49805	1.32405	0.522679	-0.286949
4.47	1.15848	3.5029	1.32144	0.523546	-0.288052
4.475	1.15724	3.50774	1.31882	0.524417	-0.289148
4.48	1.15598	3.51258	1.3162	0.525289	-0.290239
4.485	1.15471	3.51741	1.31357	0.526165	-0.291324
4.49	1.15342	3.52225	1.31094	0.527043	-0.292403
4.495	1.15212	3.52707	1.30831	0.527924	-0.293476
4.5	1.15081	3.5319	1.30567	0.528808	-0.294543
4.505	1.14949	3.53672	1.30302	0.529694	-0.295604
4.51	1.14815	3.54154	1.30037	0.530583	-0.296659
4.515	1.14681	3.54635	1.29772	0.531475	-0.297707
4.52	1.14545	3.55117	1.29506	0.532369	-0.29875
4.525	1.14407	3.55597	1.2924	0.533267	-0.299786
4.53	1.14268	3.56078	1.28974	0.534167	-0.300816
4.535	1.14128	3.56558	1.28706	0.535069	-0.30184
4.54	1.13987	3.57037	1.28439	0.535975	-0.302857
4.545	1.13845	3.57517	1.28171	0.536883	-0.303867
4.55	1.13701	3.57995	1.27902	0.537794	-0.304871
4.555	1.13556	3.58474	1.27634	0.538708	-0.305868
4.56	1.13409	3.58952	1.27364	0.539624	-0.306859
4.565	1.13262	3.5943	1.27094	0.540544	-0.307843
4.57	1.13113	3.59907	1.26824	0.541466	-0.30882
4.575	1.12962	3.60384	1.26553	0.542391	-0.309791
4.58	1.12811	3.6086	1.26282	0.543318	-0.310754
4.585	1.12658	3.61336	1.26011	0.544249	-0.31171
4.59	1.12504	3.61812	1.25738	0.545182	-0.31266
4.595	1.12348	3.62287	1.25466	0.546118	-0.313602
4.6	1.12192	3.62762	1.25193	0.547057	-0.314537
4.605	1.12034	3.63236	1.24919	0.547999	-0.315465
4.61	1.11874	3.6371	1.24645	0.548944	-0.316386
4.615	1.11714	3.64184	1.24371	0.549892	-0.317299
4.62	1.11552	3.64657	1.24096	0.550842	-0.318206
4.625	1.11388	3.6513	1.2382	0.551795	-0.319104
4.63	1.11224	3.65602	1.23545	0.552751	-0.319995
4.635	1.11058	3.66073	1.23268	0.55371	-0.320879
4.64	1.10891	3.66545	1.22991	0.554672	-0.321755
4.645	1.10722	3.67015	1.22714	0.555637	-0.322624
4.65	1.10553	3.67486	1.22436	0.556605	-0.323485
4.655	1.10382	3.67955	1.22158	0.557576	-0.324338
4.66	1.10209	3.68425	1.21879	0.558549	-0.325183
4.665	1.10035	3.68894	1.216	0.559526	-0.32602
4.67	1.0986	3.69362	1.2132	0.560505	-0.32685
4.675	1.09684	3.6983	1.2104	0.561488	-0.327671
4.68	1.09506	3.70297	1.20759	0.562473	-0.328485
4.685	1.09327	3.70764	1.20478	0.563461	-0.32929
4.69	1.09147	3.71231	1.20196	0.564453	-0.330087
4.695	1.08966	3.71696	1.19914	0.565447	-0.330876
4.7	1.08783	3.72162	1.19631	0.566444	-0.331657
4.705	1.08599	3.72627	1.19348	0.567444	-0.33243
4.71	1.08413	3.73091	1.19064	0.568448	-0.333194
4.715	1.08226	3.73555	1.1878	0.569454	-0.33395
4.72	1.08038	3.74018	1.18495	0.570463	-0.334697
4.725	1.07848	3.74481	1.1821	0.571476	-0.335436
4.73	1.07658	3.74943	1.17924	0.572491	-0.336166
4.735	1.07466	3.75404	1.17638	0.573509	-0.336887
4.74	1.07272	3.75865	1.17351	0.574531	-0.3376
4.745	1.07077	3.76326	1.17064	0.575555	-0.338304
4.75	1.06881	3.76786	1.16776	0.576583	-0.339
4.755	1.06684	3.77245	1.16488	0.577614	-0.339686
4.76	1.06485	3.77704	1.16199	0.578647	-0.340364
4.765	1.06285	3.78162	1.1591	0.579684	-0.341033
4.77	1.06084	3.7862	1.1562	0.580724	-0.341692
4.775	1.05881	3.79077	1.1533	0.581768	-0.342343
4.78	1.05677	3.79533	1.15039	0.582814	-0.342984
4.785	1.05471	3.79989	1.14747	0.583863	-0.343617
4.79	1.05265	3.80445	1.14455	0.584916	-0.34424
4.795	1.05057	3.80899	1.14163	0.585972	-0.344854
4.8	1.04847	3.81353	1.1387	0.58703	-0.345458
4.805	1.04636	3.81807	1.13576	0.588093	-0.346054
4.81	1.04424	3.82259	1.13282	0.589158	-0.346639
4.815	1.04211	3.82712	1.12988	0.590226	-0.347216
4.82	1.03996	3.83163	1.12693	0.591298	-0.347783
4.825	1.0378	3.83614	1.12397	0.592373	-0.34834
4.83	1.03563	3.84064	1.12101	0.593451	-0.348887
4.835	1.03344	3.84514	1.11804	0.594533	-0.349425
4.84	1.03124	3.84963	1.11507	0.595617	-0.349953
4.845	1.02903	3.85411	1.11209	0.596705	-0.350472
4.85	1.0268	3.85859	1.10911	0.597797	-0.35098
4.855	1.02456	3.86306	1.10612	0.598891	-0.351479
4.86	1.0223	3.86752	1.10312	0.599989	-0.351968
4.865	1.02004	3.87198	1.10012	0.60109	-0.352447
4.87	1.01776	3.87643	1.09712	0.602195	-0.352915
4.875	1.01546	3.88087	1.09411	0.603303	-0.353374
4.88	1.01315	3.88531	1.09109	0.604414	-0.353823
4.885	1.01083	3.88974	1.08807	0.605528	-0.354261
4.89	1.0085	3.89416	1.08504	0.606646	-0.354689
4.895	1.00615	3.89857	1.08201	0.607768	-0.355107
4.9	1.00379	3.90298	1.07897	0.608893	-0.355515
4.905	1.00142	3.90738	1.07592	0.610021	-0.355912
4.91	0.999028	3.91177	1.07287	0.611152	-0.356298
4.915	0.996626	3.91616	1.06982	0.612288	-0.356675
4.92	0.994211	3.92054	1.06676	0.613426	-0.35704
4.925	0.991783	3.92491	1.06369	0.614568	-0.357396
4.93	0.989341	3.92927	1.06062	0.615714	-0.35774
4.935	0.986886	3.93363	1.05754	0.616863	-0.358074
4.94	0.984418	3.93797	1.05445	0.618015	-0.358397
4.945	0.981936	3.94231	1.05136	0.619172	-0.35871
4.95	0.97944	3.94665	1.04827	0.620331	-0.359011
4.955	0.976932	3.95097	1.04517	0.621495	-0.359302
4.96	0.974409	3.95529	1.04206	0.622661	-0.359582
4.965	0.971874	3.9596	1.03895	0.623832	-0.359851
4.97	0.969325	3.9639	1.03583	0.625006	-0.360109
4.975	0.966762	3.96819	1.0327	0.626184	-0.360356
4.98	0.964186	3.97248	1.02957	0.627365	-0.360591
4.985	0.961597	3.97676	1.02643	0.62855	-0.360816
4.99	0.958994	3.98102	1.02329	0.629739	-0.36103
4.995	0.956378	3.98529	1.02014	0.630931	-0.361232
5	0.953748	3.98954	1.01699	0.632127	-0.361423
5.005	0.951105	3.99378	1.01383	0.633327	-0.361603
5.01	0.948449	3.99802	1.01066	0.634531	-0.361771
5.015	0.945779	4.00225	1.00749	0.635738	-0.361928
5.02	0.943095	4.00647	1.00431	0.636949	-0.362074
5.025	0.940399	4.01068	1.00112	0.638164	-0.362208
5.03	0.937688	4.01488	0.997933	0.639383	-0.36233
5.035	0.934965	4.01907	0.994736	0.640606	-0.362441
5.04	0.932228	4.02325	0.991533	0.641832	-0.362541
5.045	0.929477	4.02743	0.988324	0.643063	-0.362628
5.05	0.926713	4.0316	0.985109	0.644297	-0.362704
5.055	0.923936	4.03575	0.981887	0.645536	-0.362769
5.06	0.921145	4.0399	0.97866	0.646778	-0.362821
5.065	0.918341	4.04404	0.975426	0.648024	-0.362862
5.07	0.915524	4.04817	0.972186	0.649274	-0.362891
5.075	0.912693	4.0523	0.968939	0.650529	-0.362908
5.08	0.909849	4.05641	0.965687	0.651787	-0.362913
5.085	0.906991	4.06051	0.962428	0.653049	-0.362906
5.09	0.90412	4.0646	0.959163	0.654316	-0.362887
5.095	0.901236	4.06869	0.955891	0.655586	-0.362856
5.1	0.898338	4.07276	0.952613	0.656861	-0.362813
5.105	0.895427	4.07683	0.949329	0.65814	-0.362758
5.11	0.892502	4.08088	0.946038	0.659423	-0.362691
5.115	0.889564	4.08493	0.942741	0.66071	-0.362611
5.12	0.886613	4.08897	0.939437	0.662002	-0.362519
5.125	0.883649	4.09299	0.936127	0.663298	-0.362415
5.13	0.880671	4.09701	0.932811	0.664598	-0.362299
5.135	0.87768	4.10101	0.929488	0.665902	-0.36217
5.14	0.874675	4.10501	0.926158	0.667211	-0.362029
5.145	0.871657	4.109	0.922822	0.668524	-0.361875
5.15	0.868626	4.11297	0.91948	0.669842	-0.361709
5.155	0.865581	4.11694	0.91613	0.671164	-0.361531
5.16	0.862524	4.1209	0.912775	0.67249	-0.36134
5.165	0.859453	4.12484	0.909412	0.673821	-0.361136
5.17	0.856368	4.12878	0.906043	0.675156	-0.36092
5.175	0.853271	4.1327	0.902667	0.676496	-0.360691
5.18	0.85016	4.13662	0.899285	0.677841	-0.360449
5.185	0.847036	4.14052	0.895896	0.67919	-0.360195
5.19	0.843898	4.14441	0.8925	0.680544	-0.359928
5.195	0.840748	4.1483	0.889097	0.681903	-0.359648
5.2	0.837584	4.15217	0.885687	0.683266	-0.359356
5.205	0.834407	4.15603	0.882271	0.684634	-0.359051
5.21	0.831217	4.15988	0.878848	0.686007	-0.358732
5.215	0.828014	4.16372	0.875418	0.687384	-0.358401
5.22	0.824797	4.16755	0.871981	0.688767	-0.358057
5.225	0.821567	4.17136	0.868537	0.690154	-0.3577
5.23	0.818324	4.17517	0.865086	0.691546	-0.35733
5.235	0.815068	4.17896	0.861629	0.692944	-0.356947
5.24	0.811799	4.18275	0.858164	0.694346	-0.356551
5.245	0.808517	4.18652	0.854692	0.695753	-0.356142
5.25	0.805222	4.19028	0.851213	0.697166	-0.35572
5.255	0.801913	4.19403	0.847728	0.698583	-0.355284
5.26	0.798592	4.19777	0.844235	0.700006	-0.354836
5.265	0.795257	4.20149	0.840735	0.701434	-0.354374
5.27	0.791909	4.2052	0.837228	0.702867	-0.353899
5.275	0.788549	4.20891	0.833713	0.704306	-0.353411
5.28	0.785175	4.2126	0.830192	0.70575	-0.35291
5.285	0.781788	4.21628	0.826663	0.707199	-0.352395
5.29	0.778389	4.21994	0.823127	0.708653	-0.351867
5.295	0.774976	4.2236	0.819584	0.710114	-0.351326
5.3	0.771551	4.22724	0.816033	0.711579	-0.350771
5.305	0.768112	4.23087	0.812475	0.713051	-0.350203
5.31	0.764661	4.23449	0.80891	0.714528	-0.349621
5.315	0.761196	4.23809	0.805337	0.71601	-0.349026
5.32	0.757719	4.24168	0.801757	0.717499	-0.348418
5.325	0.754229	4.24526	0.79817	0.718993	-0.347796
5.33	0.750726	4.24883	0.794575	0.720493	-0.34716
5.335	0.74721	4.25239	0.790972	0.721999	-0.346511
5.34	0.743682	4.25593	0.787362	0.723511	-0.345849
5.345	0.74014	4.25946	0.783745	0.725029	-0.345173
5.35	0.736586	4.26298	0.78012	0.726553	-0.344483
5.355	0.733019	4.26648	0.776487	0.728083	-0.34378
5.36	0.72944	4.26997	0.772846	0.729619	-0.343063
5.365	0.725847	4.27345	0.769198	0.731162	-0.342332
5.37	0.722242	4.27691	0.765543	0.732711	-0.341588
5.375	0.718625	4.28037	0.761879	0.734266	-0.34083
5.38	0.714994	4.2838	0.758208	0.735828	-0.340059
5.385	0.711351	4.28723	0.754529	0.737397	-0.339273
5.39	0.707696	4.29064	0.750842	0.738972	-0.338474
5.395	0.704028	4.29404	0.747147	0.740553	-0.337661
5.4	0.700347	4.29742	0.743444	0.742142	-0.336835
5.405	0.696654	4.30079	0.739733	0.743737	-0.335994
5.41	0.692948	4.30415	0.736015	0.745339	-0.33514
5.415	0.68923	4.30749	0.732288	0.746948	-0.334272
5.42	0.685499	4.31082	0.728553	0.748564	-0.33339
5.425	0.681756	4.31414	0.72481	0.750188	-0.332494
5.43	0.678	4.31744	0.721059	0.751818	-0.331585
5.435	0.674232	4.32072	0.7173	0.753456	-0.330661
5.44	0.670452	4.324	0.713533	0.755101	-0.329724
5.445	0.666659	4.32725	0.709757	0.756754	-0.328772
5.45	0.662855	4.3305	0.705974	0.758414	-0.327807
5.455	0.659037	4.33373	0.702182	0.760082	-0.326828
5.46	0.655208	4.33694	0.698381	0.761758	-0.325835
5.465	0.651366	4.34014	0.694572	0.763441	-0.324828
5.47	0.647512	4.34333	0.690755	0.765133	-0.323807
5.475	0.643646	4.3465	0.68693	0.766832	-0.322772
5.48	0.639768	4.34965	0.683095	0.76854	-0.321723
5.485	0.635878	4.3528	0.679253	0.770256	-0.32066
5.49	0.631976	4.35592	0.675401	0.77198	-0.319583
5.495	0.628062	4.35903	0.671541	0.773713	-0.318492
5.5	0.624135	4.36213	0.667673	0.775455	-0.317387
5.505	0.620197	4.36521	0.663796	0.777205	-0.316268
5.51	0.616247	4.36827	0.65991	0.778964	-0.315134
5.515	0.612285	4.37132	0.656015	0.780732	-0.313987
5.52	0.608311	4.37436	0.652111	0.782509	-0.312826
5.525	0.604325	4.37738	0.648199	0.784295	-0.311651
5.53	0.600327	4.38038	0.644277	0.78609	-0.310461
5.535	0.596318	4.38337	0.640347	0.787895	-0.309258
5.54	0.592296	4.38634	0.636407	0.78971	-0.308041
5.545	0.588264	4.38929	0.632459	0.791535	-0.306809
5.55	0.584219	4.39223	0.628501	0.793369	-0.305563
5.555	0.580163	4.39516	0.624534	0.795213	-0.304303
5.56	0.576095	4.39807	0.620558	0.797068	-0.30303
5.565	0.572016	4.40096	0.616573	0.798933	-0.301742
5.57	0.567925	4.40383	0.612578	0.800808	-0.300439
5.575	0.563823	4.40669	0.608574	0.802694	-0.299123
5.58	0.559709	4.40953	0.604561	0.804591	-0.297793
5.585	0.555584	4.41236	0.600538	0.806499	-0.296448
5.59	0.551447	4.41517	0.596505	0.808419	-0.29509
5.595	0.547299	4.41796	0.592463	0.810349	-0.293717
5.6	0.54314	4.42073	0.588411	0.812291	-0.29233
5.605	0.53897	4.42349	0.58435	0.814245	-0.290929
5.61	0.534788	4.42623	0.580279	0.816211	-0.289514
5.615	0.530596	4.42896	0.576198	0.81819	-0.288085
5.62	0.526392	4.43166	0.572107	0.82018	-0.286642
5.625	0.522177	4.43435	0.568006	0.822183	-0.285184
5.63	0.517951	4.43703	0.563895	0.824199	-0.283713
5.635	0.513714	4.43968	0.559774	0.826228	-0.282227
5.64	0.509466	4.44232	0.555643	0.828271	-0.280727
5.645	0.505208	4.44494	0.551501	0.830326	-0.279213
5.65	0.500938	4.44754	0.54735	0.832396	-0.277685
5.655	0.496658	4.45013	0.543188	0.83448	-0.276142
5.66	0.492367	4.45269	0.539015	0.836578	-0.274586
5.665	0.488065	4.45524	0.534832	0.83869	-0.273015
5.67	0.483752	4.45777	0.530639	0.840818	-0.271431
5.675	0.479429	4.46028	0.526435	0.84296	-0.269832
5.68	0.475096	4.46278	0.52222	0.845119	-0.268219
5.685	0.470752	4.46525	0.517994	0.847292	-0.266592
5.69	0.466397	4.46771	0.513758	0.849482	-0.264951
5.695	0.462032	4.47015	0.509511	0.851689	-0.263295
5.7	0.457657	4.47257	0.505252	0.853912	-0.261626
5.705	0.453272	4.47497	0.500983	0.856152	-0.259942
5.71	0.448876	4.47735	0.496702	0.85841	-0.258244
5.715	0.44447	4.47972	0.49241	0.860685	-0.256532
5.72	0.440054	4.48206	0.488106	0.862979	-0.254806
5.725	0.435627	4.48439	0.483791	0.865291	-0.253066
5.73	0.431191	4.48669	0.479465	0.867623	-0.251312
5.735	0.426745	4.48898	0.475127	0.869974	-0.249543
5.74	0.422289	4.49125	0.470777	0.872345	-0.247761
5.745	0.417823	4.4935	0.466415	0.874736	-0.245964
5.75	0.413347	4.49573	0.462042	0.877148	-0.244153
5.755	0.408862	4.49794	0.457656	0.879582	-0.242328
5.76	0.404367	4.50012	0.453258	0.882037	-0.240489
5.765	0.399862	4.50229	0.448848	0.884515	-0.238636
5.77	0.395348	4.50444	0.444425	0.887016	-0.236768
5.775	0.390824	4.50657	0.43999	0.88954	-0.234886
5.78	0.386291	4.50868	0.435542	0.892088	-0.232991
5.785	0.381748	4.51077	0.431082	0.894662	-0.231081
5.79	0.377196	4.51284	0.426609	0.89726	-0.229156
5.795	0.372635	4.51489	0.422122	0.899885	-0.227218
5.8	0.368065	4.51692	0.417623	0.902536	-0.225266
5.805	0.363486	4.51893	0.41311	0.905215	-0.223299
5.81	0.358897	4.52091	0.408584	0.907922	-0.221318
5.815	0.3543	4.52288	0.404045	0.910658	-0.219323
5.82	0.349693	4.52482	0.399491	0.913425	-0.217313
5.825	0.345078	4.52675	0.394924	0.916221	-0.21529
5.83	0.340454	4.52865	0.390343	0.91905	-0.213252
5.835	0.335822	4.53053	0.385748	0.921911	-0.2112
5.84	0.331181	4.53239	0.381138	0.924805	-0.209133
5.845	0.326531	4.53423	0.376514	0.927734	-0.207053
5.85	0.321873	4.53604	0.371876	0.930699	-0.204957
5.855	0.317206	4.53784	0.367222	0.9337	-0.202848
5.86	0.312531	4.53961	0.362554	0.936739	-0.200724
5.865	0.307848	4.54136	0.35787	0.939818	-0.198586
5.87	0.303156	4.54309	0.353171	0.942937	-0.196433
5.875	0.298457	4.5448	0.348456	0.946097	-0.194266
5.88	0.293749	4.54649	0.343726	0.949301	-0.192085
5.885	0.289034	4.54815	0.338979	0.95255	-0.189889
5.89	0.284311	4.54979	0.334216	0.955845	-0.187678
5.895	0.279579	4.55141	0.329437	0.959188	-0.185453
5.9	0.274841	4.553	0.324641	0.962581	-0.183213
5.905	0.270094	4.55457	0.319828	0.966025	-0.180958
5.91	0.26534	4.55612	0.314998	0.969523	-0.178689
5.915	0.260579	4.55765	0.310151	0.973077	-0.176405
5.92	0.25581	4.55915	0.305285	0.976688	-0.174106
5.925	0.251034	4.56063	0.300402	0.98036	-0.171792
5.93	0.246251	4.56209	0.2955	0.984094	-0.169464
5.935	0.24146	4.56352	0.290579	0.987894	-0.16712
5.94	0.236663	4.56493	0.28564	0.991762	-0.164761
5.945	0.231858	4.56631	0.280681	0.995701	-0.162387
5.95	0.227047	4.56767	0.275703	0.999714	-0.159998
5.955	0.222229	4.56901	0.270704	1.00381	-0.157593
5.96	0.217405	4.57032	0.265685	1.00798	-0.155173
5.965	0.212574	4.57161	0.260645	1.01224	-0.152737
5.97	0.207736	4.57288	0.255584	1.01658	-0.150286
5.975	0.202892	4.57412	0.250501	1.02102	-0.147819
5.98	0.198042	4.57533	0.245396	1.02556	-0.145336
5.985	0.193186	4.57652	0.240268	1.03021	-0.142838
5.99	0.188323	4.57769	0.235117	1.03496	-0.140323
5.995	0.183455	4.57883	0.229942	1.03983	-0.137792
6	0.17858	4.57994	0.224743	1.04483	-0.135244
6.005	0.1737	4.58103	0.219519	1.04995	-0.13268
6.01	0.168815	4.58209	0.214269	1.05521	-0.130099
6.015	0.163924	4.58313	0.208993	1.06062	-0.127502
6.02	0.159027	4.58414	0.20369	1.06618	-0.124887
6.025	0.154125	4.58513	0.198359	1.07192	-0.122255
6.03	0.149218	4.58608	0.193	1.07783	-0.119606
6.035	0.144306	4.58702	0.18761	1.08393	-0.116939
6.04	0.139388	4.58792	0.182191	1.09024	-0.114255
6.045	0.134466	4.5888	0.17674	1.09677	-0.111552
6.05	0.129539	4.58965	0.171256	1.10354	-0.108831
6.055	0.124608	4.59048	0.165738	1.11057	-0.106092
6.06	0.119672	4.59128	0.160185	1.11789	-0.103334
6.065	0.114731	4.59205	0.154596	1.12552	-0.100557
6.07	0.109787	4.59279	0.148968	1.13349	-0.0977609
6.075	0.104838	4.5935	0.143301	1.14184	-0.0949457
6.08	0.0998853	4.59419	0.137591	1.15061	-0.0921112
6.085	0.0949287	4.59485	0.131838	1.15985	-0.0892573
6.09	0.0899684	4.59547	0.126039	1.16961	-0.0863841
6.095	0.0850045	4.59607	0.120191	1.17997	-0.0834916
6.1	0.0800371	4.59664	0.114291	1.19101	-0.0805803
6.105	0.0750664	4.59718	0.108336	1.20283	-0.0776508
6.11	0.0700926	4.5977	0.102322	1.21558	-0.0747041
6.115	0.0651157	4.59818	0.0962441	1.2294	-0.0717417
6.12	0.060136	4.59863	0.0900971	1.24453	-0.0687662
6.125	0.0551536	4.59904	0.0838744	1.26125	-0.0657812
6.13	0.0501686	4.59943	0.0775682	1.27997	-0.0627928
6.135	0.0451812	4.59979	0.0711683	1.30127	-0.05981
6.14	0.0401917	4.60011	0.064662	1.32599	-0.0568474
6.145	0.0352001	4.6004	0.058032	1.3555	-0.0539296
6.15	0.0302067	4.60066	0.0512545	1.39205	-0.0510986
6.155	0.0252116	4.60088	0.0442943	1.43979	-0.0484327
6.16	0.020215	4.60106	0.0370954	1.50723	-0.0460901
6.165	0.0152172	4.60121	0.0295592	1.61486	-0.0444375
6.17	0.0102184	4.60132	0.0214849	1.82534	-0.0445346
6.175	0.00521874	4.60138	0.0123582	2.42706	-0.0511508
6.18	0.000218742	4.60138	0.000222919	6.77826	-0.152852
