descriptor s_test R_test Z_test
0	1.51313	9.99999e-006	0.002	-0.402034	-0.00161573
0.005	1.50813	3.00508e-005	0.00401017	-0.404074	-0.00324722
0.01	1.50313	6.02033e-005	0.00603054	-0.406119	-0.00489449
0.015	1.49813	0.000100509	0.00806113	-0.408169	-0.00655755
0.02	1.49313	0.000151018	0.010102	-0.410225	-0.00823643
0.025	1.48813	0.000211782	0.0121531	-0.412287	-0.00993116
0.03	1.48313	0.000282852	0.0142145	-0.414355	-0.0116417
0.035	1.47813	0.00036428	0.0162863	-0.416429	-0.0133682
0.04	1.47313	0.000456117	0.0183685	-0.418508	-0.0151106
0.045	1.46813	0.000558415	0.020461	-0.420595	-0.0168689
0.05	1.46314	0.000671225	0.022564	-0.422687	-0.0186432
0.055	1.45814	0.0007946	0.0246774	-0.424786	-0.0204334
0.06	1.45314	0.00092859	0.0268013	-0.426892	-0.0222396
0.065	1.44814	0.00107325	0.0289358	-0.429005	-0.0240618
0.07	1.44314	0.00122863	0.0310808	-0.431124	-0.0259001
0.075	1.43815	0.00139478	0.0332364	-0.433251	-0.0277544
0.08	1.43315	0.00157176	0.0354027	-0.435385	-0.0296249
0.085	1.42815	0.00175961	0.0375796	-0.437526	-0.0315114
0.09	1.42316	0.00195839	0.0397673	-0.439675	-0.033414
0.095	1.41816	0.00216816	0.0419656	-0.441831	-0.0353328
0.1	1.41317	0.00238896	0.0441748	-0.443995	-0.0372678
0.105	1.40817	0.00262085	0.0463948	-0.446167	-0.0392189
0.11	1.40318	0.00286389	0.0486256	-0.448347	-0.0411863
0.115	1.39818	0.00311811	0.0508673	-0.450536	-0.0431699
0.12	1.39319	0.00338359	0.05312	-0.452732	-0.0451698
0.125	1.3882	0.00366036	0.0553837	-0.454938	-0.0471859
0.13	1.38321	0.0039485	0.0576584	-0.457152	-0.0492184
0.135	1.37822	0.00424804	0.0599441	-0.459375	-0.0512672
0.14	1.37323	0.00455904	0.062241	-0.461606	-0.0533323
0.145	1.36824	0.00488156	0.064549	-0.463848	-0.0554138
0.15	1.36325	0.00521565	0.0668683	-0.466098	-0.0575117
0.155	1.35826	0.00556137	0.0691987	-0.468358	-0.0596261
0.16	1.35327	0.00591877	0.0715405	-0.470628	-0.0617568
0.165	1.34829	0.0062879	0.0738937	-0.472908	-0.0639041
0.17	1.3433	0.00666882	0.0762582	-0.475198	-0.0660678
0.175	1.33832	0.00706159	0.0786342	-0.477498	-0.0682481
0.18	1.33333	0.00746626	0.0810217	-0.479808	-0.0704449
0.185	1.32835	0.00788288	0.0834207	-0.482129	-0.0726582
0.19	1.32337	0.00831151	0.0858314	-0.484461	-0.0748882
0.195	1.31839	0.0087522	0.0882537	-0.486804	-0.0771348
0.2	1.31341	0.00920502	0.0906877	-0.489159	-0.079398
0.205	1.30843	0.00967001	0.0931335	-0.491524	-0.0816778
0.21	1.30345	0.0101472	0.0955911	-0.493901	-0.0839744
0.215	1.29848	0.0106368	0.0980606	-0.49629	-0.0862877
0.22	1.2935	0.0111386	0.100542	-0.498692	-0.0886177
0.225	1.28853	0.0116529	0.103036	-0.501105	-0.0909644
0.23	1.28356	0.0121796	0.105541	-0.503531	-0.093328
0.235	1.27858	0.0127189	0.108059	-0.505969	-0.0957084
0.24	1.27362	0.0132707	0.110589	-0.50842	-0.0981056
0.245	1.26865	0.0138351	0.113131	-0.510885	-0.10052
0.25	1.26368	0.0144123	0.115685	-0.513363	-0.102951
0.255	1.25872	0.0150021	0.118252	-0.515854	-0.105399
0.26	1.25375	0.0156048	0.120831	-0.518359	-0.107863
0.265	1.24879	0.0162204	0.123423	-0.520878	-0.110345
0.27	1.24383	0.0168488	0.126027	-0.523412	-0.112844
0.275	1.23887	0.0174903	0.128644	-0.52596	-0.11536
0.28	1.23391	0.0181448	0.131274	-0.528522	-0.117893
0.285	1.22896	0.0188124	0.133917	-0.5311	-0.120443
0.29	1.22401	0.0194931	0.136572	-0.533693	-0.12301
0.295	1.21905	0.0201871	0.139241	-0.536302	-0.125594
0.3	1.2141	0.0208943	0.141922	-0.538926	-0.128195
0.305	1.20916	0.0216149	0.144617	-0.541566	-0.130814
0.31	1.20421	0.0223488	0.147325	-0.544223	-0.13345
0.315	1.19927	0.0230962	0.150046	-0.546897	-0.136103
0.32	1.19432	0.0238572	0.15278	-0.549587	-0.138773
0.325	1.18939	0.0246317	0.155528	-0.552294	-0.141461
0.33	1.18445	0.0254198	0.15829	-0.555019	-0.144166
0.335	1.17951	0.0262217	0.161065	-0.557762	-0.146888
0.34	1.17458	0.0270373	0.163854	-0.560522	-0.149628
0.345	1.16965	0.0278667	0.166656	-0.563301	-0.152385
0.35	1.16472	0.02871	0.169473	-0.566099	-0.155159
0.355	1.15979	0.0295673	0.172303	-0.568915	-0.157951
0.36	1.15487	0.0304386	0.175148	-0.571751	-0.160761
0.365	1.14995	0.0313239	0.178007	-0.574607	-0.163588
0.37	1.14503	0.0322234	0.18088	-0.577482	-0.166433
0.375	1.14012	0.033137	0.183767	-0.580378	-0.169295
0.38	1.1352	0.034065	0.186669	-0.583294	-0.172175
0.385	1.13029	0.0350072	0.189585	-0.586231	-0.175072
0.39	1.12538	0.0359639	0.192517	-0.58919	-0.177988
0.395	1.12048	0.036935	0.195463	-0.59217	-0.180921
0.4	1.11558	0.0379206	0.198423	-0.595172	-0.183871
0.405	1.11068	0.0389208	0.201399	-0.598196	-0.18684
0.41	1.10578	0.0399357	0.20439	-0.601243	-0.189826
0.415	1.10089	0.0409652	0.207396	-0.604313	-0.19283
0.42	1.096	0.0420096	0.210418	-0.607407	-0.195852
0.425	1.09111	0.0430688	0.213455	-0.610524	-0.198892
0.43	1.08623	0.0441429	0.216508	-0.613666	-0.20195
0.435	1.08135	0.0452319	0.219576	-0.616833	-0.205026
0.44	1.07647	0.0463361	0.22266	-0.620024	-0.20812
0.445	1.0716	0.0474553	0.22576	-0.623241	-0.211232
0.45	1.06673	0.0485897	0.228876	-0.626483	-0.214362
0.455	1.06187	0.0497394	0.232009	-0.629752	-0.21751
0.46	1.057	0.0509044	0.235158	-0.633048	-0.220676
0.465	1.05214	0.0520847	0.238323	-0.636371	-0.22386
0.47	1.04729	0.0532806	0.241505	-0.639721	-0.227063
0.475	1.04244	0.0544919	0.244703	-0.6431	-0.230283
0.48	1.03759	0.0557188	0.247919	-0.646506	-0.233522
0.485	1.03275	0.0569614	0.251151	-0.649942	-0.236779
0.49	1.02791	0.0582198	0.254401	-0.653408	-0.240055
0.495	1.02307	0.0594939	0.257668	-0.656903	-0.243349
0.5	1.01824	0.0607839	0.260953	-0.660428	-0.246661
0.505	1.01342	0.0620898	0.264255	-0.663985	-0.249991
0.51	1.00859	0.0634118	0.267575	-0.667572	-0.25334
0.515	1.00378	0.0647499	0.270913	-0.671192	-0.256708
0.52	0.998964	0.0661041	0.274269	-0.674844	-0.260094
0.525	0.994155	0.0674745	0.277643	-0.678529	-0.263498
0.53	0.989351	0.0688613	0.281035	-0.682247	-0.266921
0.535	0.984552	0.0702644	0.284447	-0.686	-0.270362
0.54	0.979758	0.071684	0.287877	-0.689786	-0.273822
0.545	0.974969	0.0731201	0.291326	-0.693608	-0.277301
0.55	0.970185	0.0745728	0.294794	-0.697466	-0.280798
0.555	0.965405	0.0760422	0.298281	-0.701359	-0.284314
0.56	0.960631	0.0775283	0.301788	-0.70529	-0.287849
0.565	0.955863	0.0790313	0.305314	-0.709258	-0.291402
0.57	0.951099	0.0805512	0.30886	-0.713263	-0.294974
0.575	0.946341	0.082088	0.312427	-0.717308	-0.298565
0.58	0.941589	0.0836419	0.316013	-0.721391	-0.302174
0.585	0.936842	0.0852129	0.31962	-0.725514	-0.305802
0.59	0.932101	0.0868012	0.323248	-0.729678	-0.309449
0.595	0.927366	0.0884067	0.326896	-0.733883	-0.313115
0.6	0.922636	0.0900296	0.330566	-0.738129	-0.3168
0.605	0.917913	0.0916699	0.334256	-0.742418	-0.320503
0.61	0.913196	0.0933278	0.337968	-0.74675	-0.324225
0.615	0.908485	0.0950032	0.341702	-0.751125	-0.327966
0.62	0.90378	0.0966964	0.345458	-0.755545	-0.331726
0.625	0.899082	0.0984073	0.349235	-0.76001	-0.335505
0.63	0.894391	0.100136	0.353036	-0.764521	-0.339303
0.635	0.889706	0.101883	0.356858	-0.769078	-0.343119
0.64	0.885027	0.103647	0.360704	-0.773682	-0.346955
0.645	0.880356	0.10543	0.364572	-0.778334	-0.350809
0.65	0.875692	0.107231	0.368464	-0.783035	-0.354682
0.655	0.871034	0.10905	0.372379	-0.787786	-0.358574
0.66	0.866384	0.110888	0.376318	-0.792586	-0.362485
0.665	0.861741	0.112744	0.380281	-0.797438	-0.366415
0.67	0.857106	0.114618	0.384268	-0.802341	-0.370364
0.675	0.852478	0.116511	0.38828	-0.807296	-0.374331
0.68	0.847858	0.118423	0.392316	-0.812305	-0.378317
0.685	0.843246	0.120353	0.396378	-0.817368	-0.382322
0.69	0.838641	0.122302	0.400464	-0.822486	-0.386346
0.695	0.834045	0.12427	0.404577	-0.827659	-0.390388
0.7	0.829457	0.126258	0.408715	-0.83289	-0.394449
0.705	0.824877	0.128264	0.41288	-0.838177	-0.398529
0.71	0.820306	0.130289	0.41707	-0.843523	-0.402627
0.715	0.815743	0.132334	0.421288	-0.848927	-0.406744
0.72	0.811189	0.134398	0.425533	-0.854392	-0.41088
0.725	0.806643	0.136481	0.429805	-0.859917	-0.415033
0.73	0.802107	0.138584	0.434104	-0.865504	-0.419206
0.735	0.79758	0.140707	0.438432	-0.871154	-0.423396
0.74	0.793062	0.142849	0.442788	-0.876867	-0.427605
0.745	0.788554	0.145011	0.447172	-0.882644	-0.431832
0.75	0.784055	0.147193	0.451585	-0.888487	-0.436077
0.755	0.779566	0.149395	0.456028	-0.894396	-0.44034
0.76	0.775087	0.151617	0.4605	-0.900372	-0.444621
0.765	0.770618	0.153859	0.465001	-0.906415	-0.44892
0.77	0.766159	0.156122	0.469533	-0.912528	-0.453237
0.775	0.76171	0.158404	0.474096	-0.91871	-0.457571
0.78	0.757272	0.160707	0.47869	-0.924964	-0.461923
0.785	0.752845	0.163031	0.483314	-0.931289	-0.466292
0.79	0.748429	0.165375	0.487971	-0.937686	-0.470679
0.795	0.744023	0.16774	0.492659	-0.944157	-0.475082
0.8	0.739629	0.170126	0.49738	-0.950703	-0.479502
0.805	0.735246	0.172532	0.502134	-0.957324	-0.48394
0.81	0.730875	0.17496	0.50692	-0.964021	-0.488393
0.815	0.726516	0.177408	0.51174	-0.970796	-0.492864
0.82	0.722168	0.179878	0.516594	-0.977648	-0.49735
0.825	0.717833	0.182368	0.521483	-0.98458	-0.501852
0.83	0.71351	0.184881	0.526405	-0.991592	-0.506371
0.835	0.709199	0.187414	0.531363	-0.998685	-0.510904
0.84	0.704901	0.189969	0.536357	-1.00586	-0.515454
0.845	0.700616	0.192546	0.541386	-1.01312	-0.520018
0.85	0.696344	0.195144	0.546452	-1.02046	-0.524597
0.855	0.692086	0.197764	0.551554	-1.02789	-0.529191
0.86	0.687841	0.200406	0.556693	-1.0354	-0.533799
0.865	0.683609	0.20307	0.56187	-1.04299	-0.53842
0.87	0.679392	0.205756	0.567085	-1.05068	-0.543056
0.875	0.675189	0.208464	0.572339	-1.05845	-0.547705
0.88	0.671	0.211194	0.577631	-1.06631	-0.552367
0.885	0.666826	0.213947	0.582963	-1.07427	-0.557041
0.89	0.662667	0.216721	0.588334	-1.08231	-0.561728
0.895	0.658522	0.219519	0.593746	-1.09044	-0.566426
0.9	0.654393	0.222339	0.599198	-1.09866	-0.571136
0.905	0.65028	0.225181	0.604691	-1.10698	-0.575857
0.91	0.646182	0.228046	0.610226	-1.11539	-0.580588
0.915	0.642101	0.230935	0.615803	-1.12389	-0.585329
0.92	0.638036	0.233846	0.621422	-1.13249	-0.590079
0.925	0.633987	0.236779	0.627085	-1.14118	-0.594839
0.93	0.629955	0.239736	0.632791	-1.14997	-0.599607
0.935	0.62594	0.242717	0.638541	-1.15885	-0.604383
0.94	0.621943	0.24572	0.644335	-1.16783	-0.609166
0.945	0.617963	0.248747	0.650174	-1.17691	-0.613955
0.95	0.614001	0.251796	0.656059	-1.18608	-0.618751
0.955	0.610057	0.25487	0.661989	-1.19535	-0.623552
0.96	0.606131	0.257967	0.667966	-1.20471	-0.628357
0.965	0.602225	0.261087	0.673989	-1.21418	-0.633166
0.97	0.598337	0.264232	0.68006	-1.22374	-0.637978
0.975	0.594469	0.2674	0.686179	-1.23339	-0.642793
0.98	0.59062	0.270591	0.692346	-1.24315	-0.647609
0.985	0.586791	0.273807	0.698561	-1.253	-0.652425
0.99	0.582983	0.277046	0.704826	-1.26294	-0.657241
0.995	0.579194	0.28031	0.711141	-1.27298	-0.662056
1	0.575427	0.283597	0.717506	-1.28312	-0.666868
1.005	0.571681	0.286909	0.723922	-1.29335	-0.671678
1.01	0.567957	0.290245	0.730388	-1.30368	-0.676483
1.015	0.564254	0.293605	0.736907	-1.31409	-0.681282
1.02	0.560573	0.296989	0.743477	-1.3246	-0.686075
1.025	0.556915	0.300398	0.7501	-1.3352	-0.690861
1.03	0.55328	0.303831	0.756776	-1.34589	-0.695638
1.035	0.549668	0.307288	0.763506	-1.35667	-0.700404
1.04	0.546079	0.31077	0.770289	-1.36753	-0.705159
1.045	0.542515	0.314276	0.777127	-1.37848	-0.709902
1.05	0.538974	0.317806	0.784019	-1.38951	-0.71463
1.055	0.535458	0.321362	0.790967	-1.40063	-0.719343
1.06	0.531968	0.324941	0.79797	-1.41182	-0.724038
1.065	0.528502	0.328546	0.805029	-1.42308	-0.728716
1.07	0.525062	0.332174	0.812144	-1.43442	-0.733373
1.075	0.521649	0.335828	0.819316	-1.44583	-0.738008
1.08	0.518262	0.339506	0.826546	-1.45731	-0.74262
1.085	0.514901	0.343208	0.833832	-1.46885	-0.747207
1.09	0.511569	0.346935	0.841176	-1.48045	-0.751767
1.095	0.508263	0.350687	0.848579	-1.4921	-0.756299
1.1	0.504986	0.354463	0.856039	-1.50381	-0.760799
1.105	0.501737	0.358264	0.863558	-1.51557	-0.765268
1.11	0.498518	0.362089	0.871136	-1.52737	-0.769702
1.115	0.495327	0.365939	0.878773	-1.53922	-0.774099
1.12	0.492166	0.369813	0.886469	-1.55109	-0.778458
1.125	0.489036	0.373712	0.894224	-1.563	-0.782776
1.13	0.485936	0.377635	0.902039	-1.57492	-0.787051
1.135	0.482867	0.381582	0.909914	-1.58687	-0.791281
1.14	0.479829	0.385554	0.917848	-1.59883	-0.795463
1.145	0.476823	0.389549	0.925843	-1.61079	-0.799596
1.15	0.47385	0.393569	0.933896	-1.62275	-0.803676
1.155	0.470909	0.397613	0.94201	-1.6347	-0.807701
1.16	0.468001	0.40168	0.950184	-1.64663	-0.81167
1.165	0.465127	0.405772	0.958417	-1.65854	-0.815578
1.17	0.462287	0.409887	0.96671	-1.67042	-0.819425
1.175	0.459481	0.414026	0.975062	-1.68226	-0.823206
1.18	0.456711	0.418188	0.983473	-1.69405	-0.826919
1.185	0.453975	0.422373	0.991943	-1.70578	-0.830562
1.19	0.451276	0.426582	1.00047	-1.71745	-0.834132
1.195	0.448613	0.430814	1.00906	-1.72903	-0.837626
1.2	0.445986	0.435068	1.0177	-1.74053	-0.841041
1.205	0.443397	0.439345	1.02641	-1.75194	-0.844374
1.21	0.440845	0.443645	1.03517	-1.76323	-0.847623
1.215	0.438331	0.447967	1.04398	-1.77441	-0.850783
1.22	0.435855	0.452311	1.05286	-1.78546	-0.853854
1.225	0.433419	0.456677	1.06178	-1.79636	-0.85683
1.23	0.431021	0.461065	1.07076	-1.80712	-0.859711
1.235	0.428664	0.465475	1.0798	-1.81771	-0.862491
1.24	0.426347	0.469905	1.08889	-1.82812	-0.865169
1.245	0.42407	0.474357	1.09803	-1.83834	-0.867742
1.25	0.421834	0.478829	1.10722	-1.84836	-0.870206
1.255	0.41964	0.483322	1.11646	-1.85817	-0.872559
1.26	0.417487	0.487835	1.12575	-1.86775	-0.874797
1.265	0.415377	0.492368	1.13509	-1.87709	-0.876917
1.27	0.413309	0.49692	1.14448	-1.88617	-0.878917
1.275	0.411285	0.501492	1.15391	-1.89499	-0.880794
1.28	0.409304	0.506083	1.16338	-1.90353	-0.882545
1.285	0.407366	0.510692	1.1729	-1.91177	-0.884167
1.29	0.405473	0.51532	1.18246	-1.9197	-0.885657
1.295	0.403624	0.519965	1.19206	-1.92732	-0.887012
1.3	0.40182	0.524629	1.20169	-1.93459	-0.888231
1.305	0.400062	0.529309	1.21137	-1.94152	-0.88931
1.31	0.398348	0.534006	1.22108	-1.94809	-0.890247
1.315	0.396681	0.53872	1.23082	-1.95429	-0.89104
1.32	0.39506	0.54345	1.24059	-1.96009	-0.891686
1.325	0.393485	0.548196	1.25039	-1.9655	-0.892183
1.33	0.391957	0.552956	1.26022	-1.97049	-0.892529
1.335	0.390476	0.557732	1.27007	-1.97506	-0.892722
1.34	0.389042	0.562522	1.27994	-1.97919	-0.892761
1.345	0.387656	0.567326	1.28984	-1.98288	-0.892643
1.35	0.386317	0.572143	1.29975	-1.98611	-0.892367
1.355	0.385026	0.576974	1.30968	-1.98886	-0.891931
1.36	0.383784	0.581817	1.31963	-1.99114	-0.891335
1.365	0.382589	0.586672	1.32958	-1.99293	-0.890578
1.37	0.381443	0.591539	1.33955	-1.99422	-0.889657
1.375	0.380346	0.596417	1.34952	-1.99501	-0.888573
1.38	0.379297	0.601306	1.35949	-1.99528	-0.887325
1.385	0.378297	0.606205	1.36947	-1.99503	-0.885912
1.39	0.377347	0.611114	1.37945	-1.99426	-0.884334
1.395	0.376445	0.616032	1.38942	-1.99295	-0.882591
1.4	0.375592	0.620959	1.39938	-1.9911	-0.880684
1.405	0.374788	0.625894	1.40934	-1.98872	-0.878612
1.41	0.374033	0.630836	1.41928	-1.98579	-0.876376
1.415	0.373328	0.635786	1.42921	-1.98231	-0.873976
1.42	0.372671	0.640743	1.43912	-1.97828	-0.871413
1.425	0.372064	0.645706	1.44901	-1.97371	-0.868689
1.43	0.371505	0.650675	1.45888	-1.96859	-0.865805
1.435	0.370996	0.655649	1.46872	-1.96291	-0.862762
1.44	0.370535	0.660627	1.47854	-1.9567	-0.859561
1.445	0.370123	0.66561	1.48832	-1.94993	-0.856204
1.45	0.36976	0.670597	1.49807	-1.94263	-0.852694
1.455	0.369445	0.675587	1.50779	-1.9348	-0.849032
1.46	0.369179	0.68058	1.51746	-1.92643	-0.845221
1.465	0.36896	0.685575	1.52709	-1.91754	-0.841262
1.47	0.36879	0.690572	1.53668	-1.90813	-0.83716
1.475	0.368667	0.695571	1.54622	-1.89821	-0.832915
1.48	0.368591	0.70057	1.55571	-1.88779	-0.828532
1.485	0.368563	0.70557	1.56515	-1.87688	-0.824013
1.49	0.368582	0.71057	1.57453	-1.86549	-0.819362
1.495	0.368647	0.71557	1.58386	-1.85362	-0.814581
1.5	0.368759	0.720569	1.59313	-1.84129	-0.809674
1.505	0.368917	0.725566	1.60234	-1.82851	-0.804645
1.51	0.36912	0.730562	1.61148	-1.8153	-0.799497
1.515	0.369369	0.735556	1.62056	-1.80166	-0.794234
1.52	0.369662	0.740547	1.62956	-1.78761	-0.788859
1.525	0.37	0.745536	1.6385	-1.77317	-0.783376
1.53	0.370383	0.750521	1.64737	-1.75834	-0.77779
1.535	0.370809	0.755503	1.65616	-1.74314	-0.772104
1.54	0.371279	0.760481	1.66488	-1.72759	-0.766322
1.545	0.371792	0.765454	1.67351	-1.7117	-0.760449
1.55	0.372347	0.770423	1.68207	-1.69549	-0.754487
1.555	0.372944	0.775388	1.69055	-1.67897	-0.748442
1.56	0.373583	0.780347	1.69894	-1.66216	-0.742317
1.565	0.374263	0.7853	1.70725	-1.64507	-0.736117
1.57	0.374984	0.790248	1.71548	-1.62772	-0.729845
1.575	0.375745	0.79519	1.72362	-1.61013	-0.723506
1.58	0.376546	0.800125	1.73167	-1.59231	-0.717103
1.585	0.377386	0.805054	1.73963	-1.57427	-0.710642
1.59	0.378265	0.809976	1.7475	-1.55604	-0.704124
1.595	0.379183	0.814891	1.75528	-1.53763	-0.697556
1.6	0.380138	0.819799	1.76297	-1.51905	-0.69094
1.605	0.38113	0.8247	1.77057	-1.50032	-0.68428
1.61	0.382159	0.829593	1.77807	-1.48145	-0.67758
1.615	0.383224	0.834478	1.78547	-1.46247	-0.670845
1.62	0.384325	0.839355	1.79279	-1.44338	-0.664077
1.625	0.385461	0.844224	1.8	-1.42419	-0.65728
1.63	0.386632	0.849085	1.80713	-1.40493	-0.650457
1.635	0.387836	0.853938	1.81415	-1.3856	-0.643613
1.64	0.389075	0.858782	1.82108	-1.36623	-0.636751
1.645	0.390346	0.863618	1.82791	-1.34681	-0.629873
1.65	0.39165	0.868445	1.83464	-1.32737	-0.622983
1.655	0.392986	0.873263	1.84128	-1.30792	-0.616084
1.66	0.394354	0.878073	1.84782	-1.28847	-0.60918
1.665	0.395752	0.882873	1.85426	-1.26903	-0.602272
1.67	0.397181	0.887665	1.86061	-1.24961	-0.595365
1.675	0.39864	0.892447	1.86685	-1.23022	-0.58846
1.68	0.400128	0.89722	1.87301	-1.21088	-0.58156
1.685	0.401645	0.901985	1.87906	-1.19159	-0.574669
1.69	0.40319	0.90674	1.88502	-1.17236	-0.567788
1.695	0.404763	0.911486	1.89088	-1.1532	-0.560919
1.7	0.406364	0.916223	1.89665	-1.13412	-0.554066
1.705	0.407991	0.920951	1.90232	-1.11513	-0.54723
1.71	0.409645	0.925669	1.90789	-1.09624	-0.540414
1.715	0.411325	0.930379	1.91337	-1.07745	-0.533619
1.72	0.41303	0.935079	1.91876	-1.05878	-0.526847
1.725	0.414759	0.93977	1.92405	-1.04022	-0.520101
1.73	0.416514	0.944452	1.92926	-1.02178	-0.513381
1.735	0.418292	0.949126	1.93436	-1.00347	-0.506691
1.74	0.420093	0.95379	1.93938	-0.985301	-0.50003
1.745	0.421918	0.958445	1.94431	-0.967271	-0.493402
1.75	0.423764	0.963091	1.94915	-0.949386	-0.486806
1.755	0.425633	0.967729	1.95389	-0.931651	-0.480246
1.76	0.427524	0.972358	1.95855	-0.91407	-0.473721
1.765	0.429436	0.976978	1.96312	-0.896647	-0.467233
1.77	0.431368	0.981589	1.9676	-0.879386	-0.460784
1.775	0.433321	0.986192	1.972	-0.86229	-0.454374
1.78	0.435293	0.990787	1.97631	-0.845362	-0.448005
1.785	0.437285	0.995373	1.98054	-0.828604	-0.441676
1.79	0.439296	0.999951	1.98468	-0.81202	-0.43539
1.795	0.441325	1.00452	1.98874	-0.795611	-0.429147
1.8	0.443373	1.00908	1.99272	-0.779379	-0.422948
1.805	0.445438	1.01364	1.99662	-0.763326	-0.416793
1.81	0.447521	1.01818	2.00043	-0.747454	-0.410683
1.815	0.449621	1.02272	2.00417	-0.731763	-0.40462
1.82	0.451737	1.02725	2.00783	-0.716255	-0.398602
1.825	0.453869	1.03177	2.01141	-0.70093	-0.392631
1.83	0.456018	1.03629	2.01492	-0.68579	-0.386707
1.835	0.458181	1.04079	2.01834	-0.670834	-0.380831
1.84	0.46036	1.04529	2.0217	-0.656063	-0.375003
1.845	0.462554	1.04979	2.02498	-0.641478	-0.369223
1.85	0.464762	1.05427	2.02819	-0.627077	-0.363492
1.855	0.466984	1.05875	2.03132	-0.612862	-0.35781
1.86	0.46922	1.06322	2.03439	-0.598831	-0.352176
1.865	0.471469	1.06769	2.03738	-0.584984	-0.346592
1.87	0.473731	1.07215	2.04031	-0.571321	-0.341058
1.875	0.476006	1.0766	2.04316	-0.557841	-0.335572
1.88	0.478294	1.08105	2.04595	-0.544543	-0.330136
1.885	0.480593	1.08549	2.04867	-0.531426	-0.32475
1.89	0.482904	1.08992	2.05133	-0.51849	-0.319414
1.895	0.485227	1.09435	2.05392	-0.505733	-0.314127
1.9	0.487561	1.09877	2.05645	-0.493154	-0.308889
1.905	0.489906	1.10319	2.05892	-0.480752	-0.303701
1.91	0.492261	1.1076	2.06132	-0.468526	-0.298563
1.915	0.494627	1.112	2.06366	-0.456474	-0.293474
1.92	0.497003	1.1164	2.06595	-0.444594	-0.288434
1.925	0.499389	1.1208	2.06817	-0.432887	-0.283443
1.93	0.501784	1.12518	2.07033	-0.421348	-0.278501
1.935	0.504188	1.12957	2.07244	-0.409979	-0.273608
1.94	0.506601	1.13395	2.07449	-0.398775	-0.268764
1.945	0.509023	1.13832	2.07648	-0.387737	-0.263968
1.95	0.511454	1.14269	2.07842	-0.376862	-0.25922
1.955	0.513893	1.14706	2.08031	-0.366148	-0.25452
1.96	0.516339	1.15142	2.08214	-0.355595	-0.249868
1.965	0.518794	1.15577	2.08392	-0.345199	-0.245263
1.97	0.521256	1.16012	2.08564	-0.334959	-0.240706
1.975	0.523725	1.16447	2.08732	-0.324874	-0.236196
1.98	0.526202	1.16882	2.08894	-0.314941	-0.231733
1.985	0.528685	1.17316	2.09052	-0.305159	-0.227316
1.99	0.531175	1.17749	2.09204	-0.295526	-0.222945
1.995	0.533671	1.18182	2.09352	-0.28604	-0.21862
2	0.536173	1.18615	2.09495	-0.276699	-0.21434
2.005	0.538682	1.19048	2.09633	-0.267501	-0.210106
2.01	0.541196	1.1948	2.09767	-0.258445	-0.205917
2.015	0.543715	1.19912	2.09896	-0.249527	-0.201773
2.02	0.546241	1.20343	2.10021	-0.240748	-0.197672
2.025	0.548771	1.20775	2.10141	-0.232104	-0.193616
2.03	0.551306	1.21206	2.10257	-0.223594	-0.189604
2.035	0.553846	1.21636	2.10369	-0.215216	-0.185635
2.04	0.556391	1.22067	2.10477	-0.206968	-0.181709
2.045	0.55894	1.22497	2.1058	-0.198849	-0.177826
2.05	0.561494	1.22927	2.1068	-0.190856	-0.173985
2.055	0.564052	1.23356	2.10775	-0.182987	-0.170186
2.06	0.566613	1.23786	2.10867	-0.175241	-0.166429
2.065	0.569178	1.24215	2.10954	-0.167616	-0.162713
2.07	0.571747	1.24644	2.11038	-0.160111	-0.159038
2.075	0.57432	1.25073	2.11118	-0.152723	-0.155404
2.08	0.576895	1.25501	2.11195	-0.14545	-0.15181
2.085	0.579474	1.2593	2.11267	-0.138292	-0.148256
2.09	0.582056	1.26358	2.11336	-0.131245	-0.144742
2.095	0.58464	1.26786	2.11402	-0.124309	-0.141268
2.1	0.587227	1.27214	2.11464	-0.117482	-0.137832
2.105	0.589817	1.27641	2.11523	-0.110762	-0.134435
2.11	0.592409	1.28069	2.11578	-0.104148	-0.131076
2.115	0.595003	1.28496	2.1163	-0.0976372	-0.127756
2.12	0.5976	1.28924	2.11679	-0.0912287	-0.124473
2.125	0.600198	1.29351	2.11725	-0.0849209	-0.121227
2.13	0.602798	1.29778	2.11767	-0.078712	-0.118018
2.135	0.6054	1.30205	2.11807	-0.0726005	-0.114847
2.14	0.608003	1.30632	2.11843	-0.066585	-0.111711
2.145	0.610608	1.31059	2.11876	-0.0606638	-0.108612
2.15	0.613214	1.31485	2.11907	-0.0548356	-0.105548
2.155	0.615821	1.31912	2.11934	-0.0490987	-0.10252
2.16	0.618429	1.32339	2.11959	-0.0434517	-0.0995263
2.165	0.621039	1.32765	2.1198	-0.0378932	-0.0965679
2.17	0.623649	1.33192	2.11999	-0.0324217	-0.093644
2.175	0.626259	1.33618	2.12015	-0.0270359	-0.0907542
2.18	0.628871	1.34044	2.12029	-0.0217344	-0.0878984
2.185	0.631482	1.34471	2.1204	-0.0165157	-0.0850761
2.19	0.634094	1.34897	2.12048	-0.0113786	-0.082287
2.195	0.636707	1.35323	2.12054	-0.0063217	-0.079531
2.2	0.639319	1.3575	2.12057	-0.00134371	-0.0768076
2.205	0.641932	1.36176	2.12058	0.00355667	-0.0741166
2.21	0.644544	1.36602	2.12056	0.00838071	-0.0714577
2.215	0.647156	1.37029	2.12052	0.0131296	-0.0688307
2.22	0.649768	1.37455	2.12045	0.0178047	-0.0662351
2.225	0.65238	1.37881	2.12036	0.0224071	-0.0636709
2.23	0.654991	1.38308	2.12025	0.0269381	-0.0611376
2.235	0.657602	1.38734	2.12011	0.0313988	-0.058635
2.24	0.660211	1.39161	2.11996	0.0357903	-0.0561628
2.245	0.662821	1.39587	2.11978	0.0401139	-0.0537208
2.25	0.665429	1.40014	2.11958	0.0443706	-0.0513088
2.255	0.668036	1.4044	2.11936	0.0485615	-0.0489263
2.26	0.670642	1.40867	2.11911	0.0526878	-0.0465733
2.265	0.673248	1.41294	2.11885	0.0567505	-0.0442493
2.27	0.675851	1.41721	2.11857	0.0607506	-0.0419542
2.275	0.678454	1.42148	2.11826	0.0646892	-0.0396878
2.28	0.681055	1.42575	2.11794	0.0685673	-0.0374497
2.285	0.683655	1.43002	2.1176	0.0723859	-0.0352398
2.29	0.686253	1.43429	2.11723	0.076146	-0.0330577
2.295	0.68885	1.43856	2.11685	0.0798485	-0.0309033
2.3	0.691445	1.44284	2.11645	0.0834945	-0.0287762
2.305	0.694038	1.44711	2.11604	0.0870847	-0.0266764
2.31	0.696629	1.45139	2.1156	0.0906203	-0.0246035
2.315	0.699219	1.45567	2.11515	0.0941021	-0.0225573
2.32	0.701806	1.45994	2.11468	0.0975309	-0.0205376
2.325	0.704391	1.46422	2.11419	0.100908	-0.0185441
2.33	0.706974	1.4685	2.11369	0.104233	-0.0165767
2.335	0.709555	1.47279	2.11316	0.107508	-0.0146352
2.34	0.712134	1.47707	2.11263	0.110734	-0.0127192
2.345	0.71471	1.48136	2.11207	0.113911	-0.0108286
2.35	0.717283	1.48564	2.1115	0.11704	-0.00896325
2.355	0.719855	1.48993	2.11092	0.120122	-0.00712286
2.36	0.722423	1.49422	2.11032	0.123158	-0.00530723
2.365	0.724989	1.49851	2.1097	0.126148	-0.00351619
2.37	0.727552	1.50281	2.10907	0.129094	-0.00174951
2.375	0.730113	1.5071	2.10843	0.131995	-7.00919e-006
2.38	0.732671	1.5114	2.10777	0.134853	0.00171151
2.385	0.735225	1.51569	2.10709	0.137669	0.00340625
2.39	0.737777	1.51999	2.1064	0.140442	0.00507738
2.395	0.740326	1.5243	2.1057	0.143175	0.00672511
2.4	0.742872	1.5286	2.10499	0.145866	0.00834962
2.405	0.745414	1.5329	2.10426	0.148518	0.00995109
2.41	0.747954	1.53721	2.10351	0.151131	0.0115297
2.415	0.75049	1.54152	2.10276	0.153706	0.0130856
2.42	0.753023	1.54583	2.10199	0.156242	0.0146191
2.425	0.755552	1.55014	2.10121	0.158741	0.0161302
2.43	0.758078	1.55446	2.10041	0.161203	0.0176191
2.435	0.760601	1.55878	2.09961	0.16363	0.0190861
2.44	0.76312	1.5631	2.09879	0.16602	0.0205313
2.445	0.765635	1.56742	2.09796	0.168376	0.0219548
2.45	0.768147	1.57174	2.09712	0.170698	0.0233568
2.455	0.770655	1.57607	2.09626	0.172986	0.0247375
2.46	0.773159	1.58039	2.0954	0.175241	0.026097
2.465	0.77566	1.58472	2.09452	0.177463	0.0274356
2.47	0.778157	1.58906	2.09364	0.179653	0.0287533
2.475	0.780649	1.59339	2.09274	0.181811	0.0300503
2.48	0.783138	1.59773	2.09183	0.183938	0.0313268
2.485	0.785623	1.60206	2.09091	0.186035	0.0325828
2.49	0.788104	1.60641	2.08998	0.188102	0.0338187
2.495	0.790581	1.61075	2.08904	0.190139	0.0350344
2.5	0.793053	1.6151	2.08809	0.192147	0.0362303
2.505	0.795522	1.61944	2.08713	0.194127	0.0374063
2.51	0.797986	1.62379	2.08616	0.196078	0.0385626
2.515	0.800446	1.62815	2.08518	0.198002	0.0396995
2.52	0.802902	1.6325	2.08419	0.199898	0.040817
2.525	0.805353	1.63686	2.08319	0.201768	0.0419152
2.53	0.8078	1.64122	2.08218	0.203612	0.0429943
2.535	0.810242	1.64558	2.08116	0.205429	0.0440545
2.54	0.81268	1.64995	2.08013	0.207221	0.0450958
2.545	0.815114	1.65432	2.0791	0.208988	0.0461184
2.55	0.817543	1.65869	2.07805	0.210731	0.0471225
2.555	0.819967	1.66306	2.077	0.212449	0.0481081
2.56	0.822387	1.66744	2.07594	0.214143	0.0490754
2.565	0.824802	1.67181	2.07486	0.215814	0.0500245
2.57	0.827212	1.67619	2.07379	0.217462	0.0509555
2.575	0.829617	1.68058	2.0727	0.219087	0.0518686
2.58	0.832018	1.68496	2.0716	0.220689	0.0527638
2.585	0.834414	1.68935	2.0705	0.22227	0.0536413
2.59	0.836805	1.69374	2.06939	0.223829	0.0545013
2.595	0.839191	1.69814	2.06827	0.225367	0.0553438
2.6	0.841572	1.70253	2.06714	0.226885	0.0561689
2.605	0.843948	1.70693	2.06601	0.228381	0.0569768
2.61	0.846319	1.71134	2.06487	0.229858	0.0577676
2.615	0.848685	1.71574	2.06372	0.231314	0.0585413
2.62	0.851046	1.72015	2.06256	0.232751	0.0592982
2.625	0.853402	1.72456	2.0614	0.234169	0.0600382
2.63	0.855752	1.72897	2.06023	0.235567	0.0607616
2.635	0.858098	1.73339	2.05905	0.236947	0.0614684
2.64	0.860438	1.73781	2.05786	0.238309	0.0621587
2.645	0.862773	1.74223	2.05667	0.239653	0.0628327
2.65	0.865103	1.74665	2.05547	0.240979	0.0634904
2.655	0.867427	1.75108	2.05427	0.242288	0.064132
2.66	0.869746	1.75551	2.05306	0.24358	0.0647575
2.665	0.872059	1.75994	2.05184	0.244854	0.065367
2.67	0.874367	1.76438	2.05061	0.246112	0.0659607
2.675	0.87667	1.76881	2.04938	0.247354	0.0665386
2.68	0.878967	1.77325	2.04815	0.24858	0.0671009
2.685	0.881259	1.7777	2.0469	0.24979	0.0676476
2.69	0.883545	1.78215	2.04566	0.250985	0.0681789
2.695	0.885825	1.7866	2.0444	0.252164	0.0686948
2.7	0.8881	1.79105	2.04314	0.253328	0.0691954
2.705	0.890369	1.7955	2.04187	0.254478	0.0696808
2.71	0.892633	1.79996	2.0406	0.255613	0.0701512
2.715	0.894891	1.80442	2.03932	0.256734	0.0706066
2.72	0.897143	1.80889	2.03804	0.25784	0.071047
2.725	0.899389	1.81335	2.03675	0.258933	0.0714727
2.73	0.90163	1.81782	2.03546	0.260013	0.0718836
2.735	0.903865	1.8223	2.03416	0.261079	0.0722799
2.74	0.906094	1.82677	2.03285	0.262132	0.0726616
2.745	0.908317	1.83125	2.03154	0.263172	0.0730289
2.75	0.910534	1.83573	2.03022	0.264199	0.0733818
2.755	0.912745	1.84022	2.0289	0.265214	0.0737204
2.76	0.91495	1.8447	2.02758	0.266216	0.0740448
2.765	0.91715	1.84919	2.02625	0.267207	0.074355
2.77	0.919343	1.85369	2.02491	0.268186	0.0746513
2.775	0.92153	1.85818	2.02357	0.269152	0.0749336
2.78	0.923712	1.86268	2.02222	0.270108	0.075202
2.785	0.925887	1.86719	2.02087	0.271052	0.0754566
2.79	0.928056	1.87169	2.01952	0.271985	0.0756975
2.795	0.930219	1.8762	2.01816	0.272908	0.0759247
2.8	0.932376	1.88071	2.01679	0.273819	0.0761384
2.805	0.934526	1.88522	2.01542	0.27472	0.0763386
2.81	0.936671	1.88974	2.01405	0.275611	0.0765255
2.815	0.938809	1.89426	2.01267	0.276491	0.076699
2.82	0.940941	1.89878	2.01129	0.277362	0.0768592
2.825	0.943066	1.90331	2.0099	0.278222	0.0770063
2.83	0.945186	1.90784	2.00851	0.279073	0.0771403
2.835	0.947299	1.91237	2.00712	0.279915	0.0772612
2.84	0.949405	1.9169	2.00572	0.280747	0.0773692
2.845	0.951506	1.92144	2.00431	0.28157	0.0774644
2.85	0.9536	1.92598	2.0029	0.282384	0.0775467
2.855	0.955687	1.93052	2.00149	0.283189	0.0776163
2.86	0.957768	1.93507	2.00008	0.283986	0.0776732
2.865	0.959843	1.93962	1.99866	0.284773	0.0777176
2.87	0.961911	1.94417	1.99723	0.285553	0.0777495
2.875	0.963973	1.94873	1.9958	0.286324	0.0777689
2.88	0.966028	1.95328	1.99437	0.287087	0.0777759
2.885	0.968076	1.95785	1.99294	0.287842	0.0777706
2.89	0.970118	1.96241	1.9915	0.28859	0.0777531
2.895	0.972154	1.96698	1.99006	0.289329	0.0777234
2.9	0.974183	1.97155	1.98861	0.290061	0.0776816
2.905	0.976205	1.97612	1.98716	0.290786	0.0776278
2.91	0.97822	1.9807	1.9857	0.291503	0.077562
2.915	0.980229	1.98527	1.98425	0.292213	0.0774843
2.92	0.982231	1.98986	1.98279	0.292917	0.0773948
2.925	0.984227	1.99444	1.98132	0.293613	0.0772935
2.93	0.986216	1.99903	1.97985	0.294302	0.0771805
2.935	0.988197	2.00362	1.97838	0.294985	0.0770558
2.94	0.990173	2.00821	1.97691	0.295662	0.0769196
2.945	0.992141	2.01281	1.97543	0.296332	0.0767719
2.95	0.994103	2.01741	1.97395	0.296995	0.0766127
2.955	0.996057	2.02201	1.97246	0.297653	0.0764422
2.96	0.998005	2.02661	1.97097	0.298304	0.0762603
2.965	0.999946	2.03122	1.96948	0.29895	0.0760672
2.97	1.00188	2.03583	1.96799	0.299589	0.0758628
2.975	1.00381	2.04045	1.96649	0.300223	0.0756474
2.98	1.00573	2.04506	1.96499	0.300851	0.0754209
2.985	1.00764	2.04968	1.96348	0.301474	0.0751833
2.99	1.00955	2.0543	1.96198	0.302092	0.0749348
2.995	1.01145	2.05893	1.96047	0.302704	0.0746754
3	1.01334	2.06356	1.95895	0.303311	0.0744052
3.005	1.01523	2.06819	1.95744	0.303912	0.0741242
3.01	1.0171	2.07282	1.95592	0.304509	0.0738325
3.015	1.01897	2.07746	1.95439	0.305101	0.0735302
3.02	1.02084	2.0821	1.95287	0.305688	0.0732173
3.025	1.0227	2.08674	1.95134	0.306271	0.0728938
3.03	1.02455	2.09139	1.94981	0.306849	0.0725598
3.035	1.02639	2.09603	1.94827	0.307422	0.0722155
3.04	1.02822	2.10068	1.94674	0.307991	0.0718608
3.045	1.03005	2.10534	1.9452	0.308555	0.0714957
3.05	1.03187	2.10999	1.94365	0.309116	0.0711205
3.055	1.03369	2.11465	1.94211	0.309672	0.070735
3.06	1.0355	2.11932	1.94056	0.310224	0.0703394
3.065	1.0373	2.12398	1.93901	0.310772	0.0699337
3.07	1.03909	2.12865	1.93746	0.311316	0.0695181
3.075	1.04087	2.13332	1.9359	0.311857	0.0690924
3.08	1.04265	2.13799	1.93434	0.312393	0.0686569
3.085	1.04442	2.14267	1.93278	0.312926	0.0682114
3.09	1.04619	2.14735	1.93121	0.313456	0.0677562
3.095	1.04794	2.15203	1.92965	0.313982	0.0672913
3.1	1.04969	2.15671	1.92808	0.314504	0.0668167
3.105	1.05143	2.1614	1.9265	0.315023	0.0663324
3.11	1.05317	2.16609	1.92493	0.315539	0.0658386
3.115	1.05489	2.17078	1.92335	0.316052	0.0653352
3.12	1.05661	2.17548	1.92177	0.316562	0.0648224
3.125	1.05832	2.18017	1.92019	0.317068	0.0643001
3.13	1.06003	2.18488	1.9186	0.317572	0.0637685
3.135	1.06172	2.18958	1.91701	0.318073	0.0632276
3.14	1.06341	2.19428	1.91542	0.318571	0.0626774
3.145	1.06509	2.19899	1.91383	0.319066	0.062118
3.15	1.06677	2.2037	1.91224	0.319558	0.0615495
3.155	1.06843	2.20842	1.91064	0.320048	0.0609719
3.16	1.07009	2.21314	1.90904	0.320535	0.0603852
3.165	1.07175	2.21785	1.90744	0.32102	0.0597895
3.17	1.07339	2.22258	1.90583	0.321503	0.0591849
3.175	1.07503	2.2273	1.90422	0.321983	0.0585714
3.18	1.07665	2.23203	1.90261	0.32246	0.0579491
3.185	1.07828	2.23676	1.901	0.322936	0.057318
3.19	1.07989	2.24149	1.89939	0.323409	0.0566781
3.195	1.0815	2.24623	1.89777	0.32388	0.0560296
3.2	1.08309	2.25096	1.89615	0.324349	0.0553724
3.205	1.08468	2.2557	1.89453	0.324817	0.0547067
3.21	1.08627	2.26045	1.8929	0.325282	0.0540324
3.215	1.08784	2.26519	1.89128	0.325745	0.0533497
3.22	1.08941	2.26994	1.88965	0.326207	0.0526585
3.225	1.09097	2.27469	1.88802	0.326666	0.0519589
3.23	1.09252	2.27944	1.88638	0.327124	0.051251
3.235	1.09407	2.2842	1.88475	0.327581	0.0505349
3.24	1.0956	2.28896	1.88311	0.328036	0.0498105
3.245	1.09713	2.29372	1.88147	0.328489	0.0490779
3.25	1.09865	2.29848	1.87983	0.32894	0.0483372
3.255	1.10016	2.30325	1.87818	0.329391	0.0475885
3.26	1.10167	2.30802	1.87654	0.32984	0.0468317
3.265	1.10317	2.31279	1.87489	0.330287	0.0460669
3.27	1.10465	2.31756	1.87324	0.330733	0.0452942
3.275	1.10614	2.32233	1.87158	0.331178	0.0445136
3.28	1.10761	2.32711	1.86993	0.331622	0.0437252
3.285	1.10908	2.33189	1.86827	0.332065	0.042929
3.29	1.11053	2.33668	1.86661	0.332506	0.0421251
3.295	1.11198	2.34146	1.86495	0.332947	0.0413135
3.3	1.11342	2.34625	1.86328	0.333386	0.0404942
3.305	1.11486	2.35104	1.86161	0.333825	0.0396674
3.31	1.11628	2.35583	1.85994	0.334262	0.038833
3.315	1.1177	2.36063	1.85827	0.334699	0.0379912
3.32	1.11911	2.36542	1.8566	0.335135	0.0371419
3.325	1.12051	2.37022	1.85492	0.33557	0.0362852
3.33	1.12191	2.37502	1.85325	0.336005	0.0354211
3.335	1.12329	2.37983	1.85157	0.336438	0.0345498
3.34	1.12467	2.38464	1.84988	0.336871	0.0336713
3.345	1.12604	2.38944	1.8482	0.337304	0.0327855
3.35	1.1274	2.39426	1.84651	0.337735	0.0318926
3.355	1.12875	2.39907	1.84482	0.338167	0.0309925
3.36	1.1301	2.40388	1.84313	0.338598	0.0300855
3.365	1.13143	2.4087	1.84144	0.339028	0.0291714
3.37	1.13276	2.41352	1.83975	0.339458	0.0282503
3.375	1.13408	2.41835	1.83805	0.339887	0.0273224
3.38	1.1354	2.42317	1.83635	0.340317	0.0263876
3.385	1.1367	2.428	1.83465	0.340746	0.0254459
3.39	1.138	2.43283	1.83294	0.341174	0.0244975
3.395	1.13928	2.43766	1.83124	0.341603	0.0235424
3.4	1.14056	2.44249	1.82953	0.342031	0.0225806
3.405	1.14183	2.44733	1.82782	0.342459	0.0216122
3.41	1.1431	2.45216	1.82611	0.342887	0.0206372
3.415	1.14435	2.457	1.82439	0.343315	0.0196556
3.42	1.1456	2.46185	1.82268	0.343743	0.0186676
3.425	1.14683	2.46669	1.82096	0.34417	0.0176732
3.43	1.14806	2.47154	1.81924	0.344598	0.0166723
3.435	1.14928	2.47639	1.81751	0.345026	0.0156651
3.44	1.1505	2.48124	1.81579	0.345454	0.0146516
3.445	1.1517	2.48609	1.81406	0.345882	0.0136319
3.45	1.1529	2.49094	1.81233	0.34631	0.012606
3.455	1.15409	2.4958	1.8106	0.346739	0.0115739
3.46	1.15526	2.50066	1.80887	0.347167	0.0105357
3.465	1.15644	2.50552	1.80713	0.347596	0.00949139
3.47	1.1576	2.51038	1.80539	0.348025	0.00844111
3.475	1.15875	2.51525	1.80365	0.348455	0.00738487
3.48	1.1599	2.52012	1.80191	0.348885	0.0063227
3.485	1.16103	2.52499	1.80017	0.349315	0.00525466
3.49	1.16216	2.52986	1.79842	0.349745	0.0041808
3.495	1.16328	2.53473	1.79667	0.350176	0.00310115
3.5	1.16439	2.5396	1.79492	0.350607	0.00201577
3.505	1.1655	2.54448	1.79317	0.351039	0.000924699
3.51	1.16659	2.54936	1.79141	0.351472	-0.00017201
3.515	1.16767	2.55424	1.78965	0.351905	-0.00127431
3.52	1.16875	2.55912	1.78789	0.352338	-0.00238216
3.525	1.16982	2.56401	1.78613	0.352772	-0.00349551
3.53	1.17088	2.56889	1.78437	0.353207	-0.00461431
3.535	1.17193	2.57378	1.7826	0.353642	-0.00573852
3.54	1.17297	2.57867	1.78083	0.354078	-0.00686809
3.545	1.17401	2.58357	1.77906	0.354515	-0.00800298
3.55	1.17503	2.58846	1.77729	0.354952	-0.00914313
3.555	1.17605	2.59335	1.77552	0.35539	-0.0102885
3.56	1.17706	2.59825	1.77374	0.355829	-0.011439
3.565	1.17806	2.60315	1.77196	0.356268	-0.0125947
3.57	1.17905	2.60805	1.77018	0.356709	-0.0137555
3.575	1.18003	2.61295	1.7684	0.35715	-0.0149213
3.58	1.181	2.61786	1.76661	0.357592	-0.016092
3.585	1.18196	2.62277	1.76482	0.358035	-0.0172678
3.59	1.18292	2.62767	1.76303	0.358479	-0.0184484
3.595	1.18387	2.63258	1.76124	0.358924	-0.0196338
3.6	1.1848	2.63749	1.75945	0.35937	-0.0208241
3.605	1.18573	2.64241	1.75765	0.359817	-0.0220191
3.61	1.18665	2.64732	1.75585	0.360265	-0.0232189
3.615	1.18756	2.65224	1.75405	0.360714	-0.0244232
3.62	1.18847	2.65716	1.75224	0.361163	-0.0256322
3.625	1.18936	2.66208	1.75044	0.361614	-0.0268458
3.63	1.19024	2.667	1.74863	0.362066	-0.0280639
3.635	1.19112	2.67192	1.74682	0.362519	-0.0292865
3.64	1.19199	2.67684	1.74501	0.362974	-0.0305135
3.645	1.19284	2.68177	1.74319	0.363429	-0.0317449
3.65	1.19369	2.6867	1.74138	0.363886	-0.0329806
3.655	1.19453	2.69163	1.73956	0.364343	-0.0342206
3.66	1.19536	2.69656	1.73773	0.364802	-0.0354648
3.665	1.19619	2.70149	1.73591	0.365263	-0.0367133
3.67	1.197	2.70642	1.73408	0.365724	-0.0379659
3.675	1.1978	2.71136	1.73226	0.366187	-0.0392226
3.68	1.1986	2.71629	1.73042	0.366651	-0.0404833
3.685	1.19938	2.72123	1.72859	0.367116	-0.0417481
3.69	1.20016	2.72617	1.72676	0.367582	-0.0430168
3.695	1.20093	2.73111	1.72492	0.36805	-0.0442894
3.7	1.20169	2.73605	1.72308	0.36852	-0.0455659
3.705	1.20243	2.741	1.72123	0.36899	-0.0468463
3.71	1.20317	2.74594	1.71939	0.369462	-0.0481304
3.715	1.20391	2.75089	1.71754	0.369936	-0.0494182
3.72	1.20463	2.75584	1.71569	0.370411	-0.0507097
3.725	1.20534	2.76078	1.71384	0.370887	-0.0520049
3.73	1.20604	2.76574	1.71199	0.371365	-0.0533036
3.735	1.20674	2.77069	1.71013	0.371844	-0.0546059
3.74	1.20742	2.77564	1.70827	0.372325	-0.0559116
3.745	1.2081	2.78059	1.70641	0.372807	-0.0572208
3.75	1.20877	2.78555	1.70454	0.373291	-0.0585334
3.755	1.20942	2.79051	1.70268	0.373776	-0.0598494
3.76	1.21007	2.79546	1.70081	0.374263	-0.0611687
3.765	1.21071	2.80042	1.69894	0.374751	-0.0624912
3.77	1.21134	2.80538	1.69706	0.375241	-0.0638169
3.775	1.21196	2.81034	1.69519	0.375733	-0.0651458
3.78	1.21257	2.81531	1.69331	0.376226	-0.0664778
3.785	1.21317	2.82027	1.69143	0.376721	-0.0678129
3.79	1.21377	2.82523	1.68954	0.377218	-0.069151
3.795	1.21435	2.8302	1.68766	0.377716	-0.0704921
3.8	1.21492	2.83517	1.68577	0.378216	-0.0718361
3.805	1.21549	2.84014	1.68388	0.378717	-0.073183
3.81	1.21604	2.8451	1.68199	0.379221	-0.0745327
3.815	1.21659	2.85007	1.68009	0.379726	-0.0758852
3.82	1.21712	2.85505	1.67819	0.380232	-0.0772404
3.825	1.21765	2.86002	1.67629	0.380741	-0.0785984
3.83	1.21817	2.86499	1.67439	0.381251	-0.0799589
3.835	1.21867	2.86997	1.67248	0.381763	-0.0813221
3.84	1.21917	2.87494	1.67057	0.382277	-0.0826878
3.845	1.21966	2.87992	1.66866	0.382793	-0.084056
3.85	1.22014	2.88489	1.66675	0.38331	-0.0854267
3.855	1.22061	2.88987	1.66483	0.383829	-0.0867997
3.86	1.22107	2.89485	1.66291	0.38435	-0.0881752
3.865	1.22152	2.89983	1.66099	0.384873	-0.0895529
3.87	1.22196	2.90481	1.65906	0.385398	-0.0909329
3.875	1.22239	2.90979	1.65714	0.385925	-0.0923151
3.88	1.22281	2.91477	1.65521	0.386453	-0.0936994
3.885	1.22323	2.91976	1.65327	0.386984	-0.0950859
3.89	1.22363	2.92474	1.65134	0.387516	-0.0964744
3.895	1.22402	2.92973	1.6494	0.38805	-0.097865
3.9	1.2244	2.93471	1.64746	0.388587	-0.0992575
3.905	1.22478	2.9397	1.64552	0.389125	-0.100652
3.91	1.22514	2.94468	1.64357	0.389665	-0.102048
3.915	1.22549	2.94967	1.64163	0.390207	-0.103446
3.92	1.22584	2.95466	1.63967	0.390751	-0.104846
3.925	1.22617	2.95965	1.63772	0.391297	-0.106248
3.93	1.2265	2.96464	1.63576	0.391845	-0.107651
3.935	1.22681	2.96963	1.6338	0.392395	-0.109056
3.94	1.22712	2.97462	1.63184	0.392948	-0.110463
3.945	1.22741	2.97961	1.62988	0.393502	-0.111871
3.95	1.2277	2.9846	1.62791	0.394058	-0.113281
3.955	1.22797	2.98959	1.62594	0.394616	-0.114692
3.96	1.22824	2.99459	1.62397	0.395177	-0.116104
3.965	1.22849	2.99958	1.62199	0.395739	-0.117518
3.97	1.22874	3.00457	1.62001	0.396303	-0.118933
3.975	1.22898	3.00957	1.61803	0.39687	-0.120349
3.98	1.2292	3.01456	1.61605	0.397439	-0.121767
3.985	1.22942	3.01956	1.61406	0.39801	-0.123185
3.99	1.22963	3.02455	1.61207	0.398583	-0.124605
3.995	1.22982	3.02955	1.61008	0.399158	-0.126026
4	1.23001	3.03455	1.60808	0.399735	-0.127448
4.005	1.23018	3.03954	1.60608	0.400314	-0.12887
4.01	1.23035	3.04454	1.60408	0.400896	-0.130294
4.015	1.23051	3.04954	1.60208	0.40148	-0.131718
4.02	1.23065	3.05454	1.60007	0.402066	-0.133144
4.025	1.23079	3.05954	1.59806	0.402654	-0.13457
4.03	1.23092	3.06453	1.59604	0.403244	-0.135997
4.035	1.23103	3.06953	1.59403	0.403836	-0.137424
4.04	1.23114	3.07453	1.59201	0.404431	-0.138852
4.045	1.23123	3.07953	1.58999	0.405028	-0.14028
4.05	1.23132	3.08453	1.58796	0.405627	-0.14171
4.055	1.2314	3.08953	1.58593	0.406229	-0.143139
4.06	1.23146	3.09453	1.5839	0.406833	-0.144569
4.065	1.23152	3.09953	1.58187	0.407438	-0.145999
4.07	1.23156	3.10453	1.57983	0.408047	-0.14743
4.075	1.2316	3.10953	1.57779	0.408657	-0.148861
4.08	1.23162	3.11453	1.57575	0.40927	-0.150292
4.085	1.23164	3.11953	1.5737	0.409885	-0.151723
4.09	1.23164	3.12453	1.57165	0.410503	-0.153154
4.095	1.23163	3.12953	1.5696	0.411122	-0.154585
4.1	1.23162	3.13453	1.56754	0.411744	-0.156017
4.105	1.23159	3.13953	1.56549	0.412369	-0.157448
4.11	1.23155	3.14453	1.56342	0.412995	-0.158879
4.115	1.23151	3.14953	1.56136	0.413624	-0.16031
4.12	1.23145	3.15453	1.55929	0.414256	-0.161741
4.125	1.23138	3.15953	1.55722	0.414889	-0.163172
4.13	1.2313	3.16453	1.55514	0.415526	-0.164602
4.135	1.23122	3.16953	1.55307	0.416164	-0.166032
4.14	1.23112	3.17452	1.55099	0.416805	-0.167462
4.145	1.23101	3.17952	1.5489	0.417448	-0.168891
4.15	1.23089	3.18452	1.54681	0.418094	-0.17032
4.155	1.23076	3.18952	1.54472	0.418742	-0.171748
4.16	1.23062	3.19452	1.54263	0.419392	-0.173175
4.165	1.23046	3.19952	1.54053	0.420045	-0.174602
4.17	1.2303	3.20451	1.53843	0.4207	-0.176028
4.175	1.23013	3.20951	1.53633	0.421358	-0.177454
4.18	1.22995	3.21451	1.53422	0.422018	-0.178878
4.185	1.22975	3.2195	1.53211	0.422681	-0.180302
4.19	1.22955	3.2245	1.53	0.423346	-0.181725
4.195	1.22934	3.22949	1.52788	0.424013	-0.183147
4.2	1.22911	3.23449	1.52576	0.424683	-0.184567
4.205	1.22887	3.23948	1.52364	0.425356	-0.185987
4.21	1.22863	3.24448	1.52151	0.426031	-0.187406
4.215	1.22837	3.24947	1.51938	0.426708	-0.188823
4.22	1.2281	3.25446	1.51725	0.427388	-0.19024
4.225	1.22783	3.25946	1.51511	0.42807	-0.191655
4.23	1.22754	3.26445	1.51297	0.428755	-0.193069
4.235	1.22724	3.26944	1.51083	0.429442	-0.194481
4.24	1.22693	3.27443	1.50868	0.430132	-0.195892
4.245	1.22661	3.27942	1.50653	0.430825	-0.197301
4.25	1.22627	3.28441	1.50438	0.43152	-0.198709
4.255	1.22593	3.2894	1.50222	0.432217	-0.200116
4.26	1.22558	3.29438	1.50006	0.432917	-0.20152
4.265	1.22521	3.29937	1.49789	0.43362	-0.202923
4.27	1.22484	3.30436	1.49572	0.434325	-0.204325
4.275	1.22445	3.30934	1.49355	0.435032	-0.205724
4.28	1.22406	3.31433	1.49138	0.435743	-0.207122
4.285	1.22365	3.31931	1.4892	0.436455	-0.208518
4.29	1.22323	3.32429	1.48702	0.437171	-0.209912
4.295	1.2228	3.32927	1.48483	0.437889	-0.211304
4.3	1.22236	3.33425	1.48264	0.438609	-0.212693
4.305	1.22191	3.33923	1.48045	0.439332	-0.214081
4.31	1.22145	3.34421	1.47825	0.440058	-0.215467
4.315	1.22097	3.34919	1.47605	0.440786	-0.21685
4.32	1.22049	3.35417	1.47385	0.441517	-0.218231
4.325	1.22	3.35914	1.47164	0.442251	-0.21961
4.33	1.21949	3.36412	1.46943	0.442987	-0.220987
4.335	1.21897	3.36909	1.46721	0.443726	-0.222361
4.34	1.21844	3.37406	1.465	0.444467	-0.223732
4.345	1.21791	3.37903	1.46277	0.445211	-0.225101
4.35	1.21736	3.384	1.46055	0.445958	-0.226468
4.355	1.21679	3.38897	1.45832	0.446707	-0.227832
4.36	1.21622	3.39394	1.45608	0.447459	-0.229193
4.365	1.21564	3.3989	1.45385	0.448214	-0.230552
4.37	1.21504	3.40387	1.45161	0.448971	-0.231907
4.375	1.21444	3.40883	1.44936	0.449731	-0.23326
4.38	1.21382	3.41379	1.44711	0.450493	-0.23461
4.385	1.21319	3.41875	1.44486	0.451259	-0.235957
4.39	1.21255	3.42371	1.4426	0.452027	-0.237301
4.395	1.2119	3.42867	1.44034	0.452797	-0.238642
4.4	1.21124	3.43362	1.43808	0.453571	-0.23998
4.405	1.21057	3.43858	1.43581	0.454347	-0.241315
4.41	1.20988	3.44353	1.43354	0.455126	-0.242647
4.415	1.20919	3.44848	1.43126	0.455907	-0.243975
4.42	1.20848	3.45343	1.42898	0.456691	-0.2453
4.425	1.20776	3.45838	1.4267	0.457478	-0.246622
4.43	1.20704	3.46333	1.42441	0.458268	-0.24794
4.435	1.20629	3.46827	1.42212	0.45906	-0.249254
4.44	1.20554	3.47322	1.41983	0.459855	-0.250566
4.445	1.20478	3.47816	1.41753	0.460653	-0.251873
4.45	1.204	3.4831	1.41522	0.461454	-0.253177
4.455	1.20322	3.48803	1.41292	0.462257	-0.254478
4.46	1.20242	3.49297	1.41061	0.463063	-0.255774
4.465	1.20161	3.49791	1.40829	0.463872	-0.257067
4.47	1.20079	3.50284	1.40597	0.464684	-0.258356
4.475	1.19996	3.50777	1.40365	0.465498	-0.259641
4.48	1.19912	3.5127	1.40132	0.466315	-0.260922
4.485	1.19826	3.51762	1.39899	0.467135	-0.262199
4.49	1.1974	3.52255	1.39665	0.467958	-0.263472
4.495	1.19652	3.52747	1.39431	0.468783	-0.264741
4.5	1.19563	3.53239	1.39197	0.469612	-0.266006
4.505	1.19473	3.53731	1.38962	0.470443	-0.267266
4.51	1.19381	3.54222	1.38727	0.471277	-0.268522
4.515	1.19289	3.54714	1.38491	0.472113	-0.269774
4.52	1.19195	3.55205	1.38255	0.472953	-0.271022
4.525	1.19101	3.55696	1.38019	0.473795	-0.272265
4.53	1.19005	3.56187	1.37782	0.47464	-0.273503
4.535	1.18908	3.56677	1.37544	0.475488	-0.274738
4.54	1.1881	3.57167	1.37307	0.476339	-0.275967
4.545	1.1871	3.57657	1.37069	0.477193	-0.277192
4.55	1.1861	3.58147	1.3683	0.478049	-0.278412
4.555	1.18508	3.58637	1.36591	0.478909	-0.279627
4.56	1.18405	3.59126	1.36351	0.479771	-0.280838
4.565	1.18301	3.59615	1.36112	0.480636	-0.282043
4.57	1.18196	3.60104	1.35871	0.481504	-0.283244
4.575	1.18089	3.60592	1.35631	0.482375	-0.28444
4.58	1.17982	3.61081	1.35389	0.483248	-0.28563
4.585	1.17873	3.61569	1.35148	0.484125	-0.286816
4.59	1.17763	3.62056	1.34906	0.485004	-0.287996
4.595	1.17652	3.62544	1.34663	0.485887	-0.289171
4.6	1.17539	3.63031	1.3442	0.486772	-0.290341
4.605	1.17426	3.63518	1.34177	0.48766	-0.291506
4.61	1.17311	3.64005	1.33933	0.488551	-0.292665
4.615	1.17195	3.64491	1.33689	0.489445	-0.293819
4.62	1.17078	3.64977	1.33444	0.490342	-0.294968
4.625	1.1696	3.65463	1.33199	0.491242	-0.296111
4.63	1.16841	3.65949	1.32953	0.492145	-0.297248
4.635	1.1672	3.66434	1.32707	0.49305	-0.29838
4.64	1.16598	3.66919	1.32461	0.493959	-0.299506
4.645	1.16475	3.67403	1.32214	0.49487	-0.300626
4.65	1.16351	3.67888	1.31966	0.495785	-0.30174
4.655	1.16225	3.68372	1.31718	0.496702	-0.302849
4.66	1.16099	3.68855	1.3147	0.497622	-0.303952
4.665	1.15971	3.69339	1.31221	0.498546	-0.305049
4.67	1.15842	3.69822	1.30972	0.499472	-0.306139
4.675	1.15711	3.70304	1.30722	0.500401	-0.307224
4.68	1.1558	3.70787	1.30472	0.501334	-0.308303
4.685	1.15447	3.71269	1.30221	0.502269	-0.309375
4.69	1.15313	3.71751	1.2997	0.503207	-0.310441
4.695	1.15178	3.72232	1.29719	0.504148	-0.311501
4.7	1.15042	3.72713	1.29466	0.505093	-0.312555
4.705	1.14904	3.73194	1.29214	0.50604	-0.313602
4.71	1.14766	3.73674	1.28961	0.50699	-0.314643
4.715	1.14626	3.74154	1.28707	0.507943	-0.315677
4.72	1.14485	3.74634	1.28453	0.508899	-0.316704
4.725	1.14342	3.75113	1.28199	0.509859	-0.317725
4.73	1.14198	3.75592	1.27944	0.510821	-0.31874
4.735	1.14054	3.76071	1.27689	0.511787	-0.319747
4.74	1.13908	3.76549	1.27433	0.512755	-0.320748
4.745	1.1376	3.77027	1.27176	0.513726	-0.321742
4.75	1.13612	3.77504	1.26919	0.514701	-0.32273
4.755	1.13462	3.77981	1.26662	0.515679	-0.32371
4.76	1.13311	3.78458	1.26404	0.516659	-0.324683
4.765	1.13159	3.78934	1.26146	0.517643	-0.325649
4.77	1.13005	3.7941	1.25887	0.51863	-0.326609
4.775	1.12851	3.79885	1.25628	0.51962	-0.327561
4.78	1.12695	3.80361	1.25368	0.520613	-0.328505
4.785	1.12538	3.80835	1.25108	0.521609	-0.329443
4.79	1.12379	3.81309	1.24847	0.522608	-0.330373
4.795	1.1222	3.81783	1.24586	0.52361	-0.331296
4.8	1.12059	3.82257	1.24324	0.524616	-0.332211
4.805	1.11897	3.8273	1.24062	0.525624	-0.333119
4.81	1.11733	3.83202	1.23799	0.526636	-0.33402
4.815	1.11569	3.83674	1.23535	0.527651	-0.334913
4.82	1.11403	3.84146	1.23272	0.528669	-0.335798
4.825	1.11236	3.84617	1.23007	0.52969	-0.336676
4.83	1.11067	3.85088	1.22742	0.530715	-0.337545
4.835	1.10898	3.85558	1.22477	0.531742	-0.338407
4.84	1.10727	3.86028	1.22211	0.532773	-0.339262
4.845	1.10555	3.86498	1.21945	0.533807	-0.340108
4.85	1.10382	3.86967	1.21678	0.534844	-0.340946
4.855	1.10207	3.87435	1.2141	0.535884	-0.341776
4.86	1.10031	3.87903	1.21142	0.536927	-0.342599
4.865	1.09854	3.88371	1.20874	0.537974	-0.343413
4.87	1.09676	3.88838	1.20605	0.539024	-0.344219
4.875	1.09496	3.89305	1.20336	0.540077	-0.345017
4.88	1.09315	3.89771	1.20065	0.541133	-0.345806
4.885	1.09133	3.90237	1.19795	0.542193	-0.346587
4.89	1.0895	3.90702	1.19524	0.543256	-0.34736
4.895	1.08765	3.91166	1.19252	0.544322	-0.348125
4.9	1.08579	3.9163	1.1898	0.545391	-0.34888
4.905	1.08392	3.92094	1.18707	0.546464	-0.349628
4.91	1.08203	3.92557	1.18434	0.54754	-0.350367
4.915	1.08014	3.9302	1.1816	0.548619	-0.351097
4.92	1.07823	3.93482	1.17886	0.549702	-0.351818
4.925	1.0763	3.93944	1.17611	0.550787	-0.352531
4.93	1.07437	3.94405	1.17336	0.551877	-0.353235
4.935	1.07242	3.94865	1.1706	0.552969	-0.35393
4.94	1.07046	3.95325	1.16783	0.554065	-0.354616
4.945	1.06849	3.95784	1.16506	0.555164	-0.355293
4.95	1.0665	3.96243	1.16229	0.556266	-0.355962
4.955	1.0645	3.96702	1.15951	0.557372	-0.356621
4.96	1.06249	3.97159	1.15672	0.558482	-0.357271
4.965	1.06047	3.97616	1.15393	0.559594	-0.357912
4.97	1.05843	3.98073	1.15113	0.56071	-0.358543
4.975	1.05638	3.98529	1.14833	0.56183	-0.359166
4.98	1.05432	3.98985	1.14552	0.562952	-0.359779
4.985	1.05224	3.99439	1.1427	0.564079	-0.360383
4.99	1.05015	3.99894	1.13988	0.565208	-0.360977
4.995	1.04805	4.00347	1.13705	0.566341	-0.361562
5	1.04594	4.00801	1.13422	0.567478	-0.362137
5.005	1.04381	4.01253	1.13139	0.568618	-0.362703
5.01	1.04167	4.01705	1.12854	0.569761	-0.36326
5.015	1.03952	4.02156	1.12569	0.570908	-0.363806
5.02	1.03735	4.02607	1.12284	0.572059	-0.364343
5.025	1.03517	4.03057	1.11998	0.573213	-0.36487
5.03	1.03298	4.03506	1.11711	0.57437	-0.365387
5.035	1.03078	4.03955	1.11424	0.575531	-0.365895
5.04	1.02856	4.04403	1.11136	0.576696	-0.366392
5.045	1.02633	4.04851	1.10848	0.577864	-0.36688
5.05	1.02409	4.05298	1.10559	0.579036	-0.367357
5.055	1.02183	4.05744	1.1027	0.580211	-0.367825
5.06	1.01956	4.06189	1.09979	0.58139	-0.368282
5.065	1.01728	4.06634	1.09689	0.582572	-0.36873
5.07	1.01498	4.07079	1.09397	0.583758	-0.369167
5.075	1.01268	4.07522	1.09106	0.584948	-0.369593
5.08	1.01036	4.07965	1.08813	0.586141	-0.37001
5.085	1.00802	4.08407	1.0852	0.587338	-0.370416
5.09	1.00568	4.08849	1.08226	0.588538	-0.370812
5.095	1.00332	4.0929	1.07932	0.589743	-0.371197
5.1	1.00094	4.0973	1.07637	0.59095	-0.371572
5.105	0.998558	4.10169	1.07342	0.592162	-0.371936
5.11	0.996159	4.10608	1.07046	0.593377	-0.37229
5.115	0.993748	4.11046	1.06749	0.594597	-0.372633
5.12	0.991323	4.11483	1.06452	0.595819	-0.372965
5.125	0.988886	4.1192	1.06154	0.597046	-0.373286
5.13	0.986435	4.12355	1.05855	0.598276	-0.373597
5.135	0.983971	4.12791	1.05556	0.59951	-0.373897
5.14	0.981494	4.13225	1.05256	0.600748	-0.374186
5.145	0.979005	4.13658	1.04956	0.60199	-0.374465
5.15	0.976502	4.14091	1.04655	0.603236	-0.374732
5.155	0.973986	4.14523	1.04353	0.604485	-0.374988
5.16	0.971457	4.14955	1.04051	0.605739	-0.375233
5.165	0.968915	4.15385	1.03748	0.606996	-0.375467
5.17	0.96636	4.15815	1.03445	0.608257	-0.37569
5.175	0.963792	4.16244	1.03141	0.609522	-0.375902
5.18	0.961211	4.16672	1.02836	0.610791	-0.376103
5.185	0.958617	4.171	1.0253	0.612064	-0.376292
5.19	0.95601	4.17526	1.02224	0.613341	-0.37647
5.195	0.953389	4.17952	1.01918	0.614622	-0.376636
5.2	0.950756	4.18377	1.0161	0.615906	-0.376792
5.205	0.948109	4.18802	1.01303	0.617195	-0.376935
5.21	0.94545	4.19225	1.00994	0.618488	-0.377068
5.215	0.942777	4.19647	1.00685	0.619785	-0.377188
5.22	0.940091	4.20069	1.00375	0.621086	-0.377297
5.225	0.937393	4.2049	1.00064	0.622392	-0.377395
5.23	0.934681	4.2091	0.99753	0.623701	-0.377481
5.235	0.931956	4.21329	0.994412	0.625014	-0.377555
5.24	0.929218	4.21748	0.991287	0.626332	-0.377617
5.245	0.926466	4.22165	0.988155	0.627654	-0.377668
5.25	0.923702	4.22582	0.985017	0.62898	-0.377706
5.255	0.920925	4.22998	0.981872	0.63031	-0.377733
5.26	0.918134	4.23413	0.978721	0.631645	-0.377748
5.265	0.915331	4.23827	0.975562	0.632983	-0.377751
5.27	0.912514	4.2424	0.972397	0.634327	-0.377742
5.275	0.909685	4.24652	0.969226	0.635674	-0.377721
5.28	0.906842	4.25063	0.966047	0.637026	-0.377688
5.285	0.903986	4.25474	0.962862	0.638382	-0.377642
5.29	0.901117	4.25883	0.95967	0.639742	-0.377585
5.295	0.898235	4.26292	0.956472	0.641107	-0.377515
5.3	0.89534	4.26699	0.953266	0.642477	-0.377434
5.305	0.892432	4.27106	0.950054	0.64385	-0.377339
5.31	0.88951	4.27512	0.946834	0.645229	-0.377233
5.315	0.886576	4.27917	0.943608	0.646612	-0.377114
5.32	0.883629	4.28321	0.940375	0.647999	-0.376983
5.325	0.880668	4.28724	0.937135	0.649391	-0.376839
5.33	0.877695	4.29126	0.933888	0.650788	-0.376683
5.335	0.874708	4.29527	0.930634	0.652189	-0.376515
5.34	0.871708	4.29927	0.927373	0.653595	-0.376333
5.345	0.868696	4.30326	0.924105	0.655005	-0.37614
5.35	0.86567	4.30724	0.92083	0.65642	-0.375933
5.355	0.862631	4.31121	0.917548	0.65784	-0.375714
5.36	0.859579	4.31517	0.914259	0.659265	-0.375483
5.365	0.856514	4.31912	0.910963	0.660695	-0.375238
5.37	0.853436	4.32306	0.907659	0.662129	-0.374981
5.375	0.850345	4.32699	0.904349	0.663569	-0.374711
5.38	0.847241	4.33091	0.901031	0.665013	-0.374429
5.385	0.844124	4.33482	0.897706	0.666462	-0.374133
5.39	0.840994	4.33872	0.894373	0.667916	-0.373824
5.395	0.837851	4.34261	0.891034	0.669376	-0.373503
5.4	0.834695	4.34648	0.887687	0.67084	-0.373169
5.405	0.831526	4.35035	0.884333	0.672309	-0.372821
5.41	0.828344	4.35421	0.880971	0.673784	-0.372461
5.415	0.825149	4.35805	0.877602	0.675263	-0.372087
5.42	0.821941	4.36189	0.874226	0.676748	-0.371701
5.425	0.81872	4.36571	0.870842	0.678238	-0.371301
5.43	0.815486	4.36953	0.867451	0.679733	-0.370888
5.435	0.812239	4.37333	0.864052	0.681234	-0.370462
5.44	0.80898	4.37712	0.860646	0.68274	-0.370023
5.445	0.805707	4.3809	0.857233	0.684252	-0.369571
5.45	0.802421	4.38467	0.853811	0.685768	-0.369105
5.455	0.799123	4.38843	0.850382	0.687291	-0.368626
5.46	0.795812	4.39217	0.846946	0.688819	-0.368134
5.465	0.792487	4.39591	0.843502	0.690352	-0.367628
5.47	0.78915	4.39963	0.84005	0.691891	-0.367109
5.475	0.7858	4.40334	0.836591	0.693436	-0.366577
5.48	0.782437	4.40704	0.833124	0.694987	-0.366031
5.485	0.779062	4.41073	0.829649	0.696543	-0.365471
5.49	0.775673	4.41441	0.826166	0.698105	-0.364898
5.495	0.772272	4.41807	0.822675	0.699673	-0.364312
5.5	0.768858	4.42173	0.819177	0.701247	-0.363712
5.505	0.765431	4.42537	0.815671	0.702827	-0.363098
5.51	0.761991	4.429	0.812157	0.704413	-0.362471
5.515	0.758539	4.43261	0.808635	0.706005	-0.36183
5.52	0.755074	4.43622	0.805105	0.707603	-0.361176
5.525	0.751596	4.43981	0.801567	0.709207	-0.360508
5.53	0.748105	4.44339	0.79802	0.710818	-0.359826
5.535	0.744602	4.44696	0.794466	0.712434	-0.35913
5.54	0.741086	4.45051	0.790904	0.714058	-0.358421
5.545	0.737557	4.45406	0.787334	0.715687	-0.357698
5.55	0.734016	4.45758	0.783755	0.717324	-0.356961
5.555	0.730462	4.4611	0.780169	0.718966	-0.356211
5.56	0.726895	4.46461	0.776574	0.720616	-0.355446
5.565	0.723316	4.4681	0.772971	0.722272	-0.354668
5.57	0.719724	4.47158	0.76936	0.723935	-0.353875
5.575	0.71612	4.47504	0.76574	0.725604	-0.353069
5.58	0.712503	4.47849	0.762112	0.727281	-0.352249
5.585	0.708874	4.48193	0.758476	0.728965	-0.351415
5.59	0.705232	4.48536	0.754831	0.730655	-0.350567
5.595	0.701577	4.48877	0.751177	0.732353	-0.349705
5.6	0.69791	4.49217	0.747516	0.734058	-0.348829
5.605	0.694231	4.49556	0.743845	0.73577	-0.347939
5.61	0.690539	4.49893	0.740166	0.73749	-0.347035
5.615	0.686835	4.50229	0.736479	0.739217	-0.346117
5.62	0.683118	4.50563	0.732783	0.740952	-0.345185
5.625	0.679389	4.50896	0.729078	0.742694	-0.344238
5.63	0.675648	4.51228	0.725365	0.744444	-0.343278
5.635	0.671895	4.51558	0.721643	0.746202	-0.342304
5.64	0.668129	4.51887	0.717912	0.747967	-0.341315
5.645	0.66435	4.52215	0.714172	0.749741	-0.340312
5.65	0.66056	4.52541	0.710423	0.751523	-0.339295
5.655	0.656757	4.52865	0.706665	0.753313	-0.338264
5.66	0.652942	4.53189	0.702899	0.755111	-0.337219
5.665	0.649115	4.5351	0.699123	0.756918	-0.336159
5.67	0.645276	4.53831	0.695339	0.758733	-0.335085
5.675	0.641425	4.54149	0.691545	0.760556	-0.333997
5.68	0.637562	4.54467	0.687742	0.762389	-0.332895
5.685	0.633686	4.54783	0.68393	0.76423	-0.331778
5.69	0.629799	4.55097	0.680109	0.76608	-0.330647
5.695	0.625899	4.5541	0.676279	0.767939	-0.329502
5.7	0.621987	4.55722	0.672439	0.769808	-0.328343
5.705	0.618064	4.56032	0.66859	0.771686	-0.327169
5.71	0.614129	4.5634	0.664732	0.773573	-0.325981
5.715	0.610181	4.56647	0.660864	0.775469	-0.324778
5.72	0.606222	4.56952	0.656986	0.777376	-0.323561
5.725	0.602251	4.57256	0.653099	0.779292	-0.32233
5.73	0.598268	4.57558	0.649203	0.781218	-0.321084
5.735	0.594274	4.57859	0.645297	0.783155	-0.319824
5.74	0.590267	4.58158	0.641381	0.785101	-0.31855
5.745	0.586249	4.58456	0.637456	0.787058	-0.317261
5.75	0.582219	4.58752	0.63352	0.789026	-0.315958
5.755	0.578178	4.59046	0.629575	0.791004	-0.314641
5.76	0.574125	4.59339	0.62562	0.792994	-0.313308
5.765	0.570061	4.5963	0.621655	0.794994	-0.311962
5.77	0.565984	4.5992	0.61768	0.797005	-0.310601
5.775	0.561897	4.60208	0.613695	0.799028	-0.309226
5.78	0.557798	4.60494	0.6097	0.801063	-0.307836
5.785	0.553687	4.60779	0.605695	0.803109	-0.306432
5.79	0.549565	4.61062	0.601679	0.805167	-0.305013
5.795	0.545432	4.61343	0.597653	0.807238	-0.30358
5.8	0.541287	4.61623	0.593617	0.809321	-0.302132
5.805	0.537131	4.61901	0.589571	0.811416	-0.30067
5.81	0.532964	4.62177	0.585513	0.813524	-0.299193
5.815	0.528786	4.62452	0.581446	0.815646	-0.297702
5.82	0.524596	4.62725	0.577368	0.81778	-0.296196
5.825	0.520396	4.62996	0.573279	0.819928	-0.294676
5.83	0.516184	4.63265	0.569179	0.822089	-0.293141
5.835	0.511961	4.63533	0.565069	0.824265	-0.291591
5.84	0.507728	4.63799	0.560947	0.826455	-0.290028
5.845	0.503483	4.64063	0.556815	0.828659	-0.288449
5.85	0.499227	4.64326	0.552672	0.830878	-0.286856
5.855	0.494961	4.64586	0.548517	0.833112	-0.285249
5.86	0.490683	4.64845	0.544352	0.835361	-0.283627
5.865	0.486395	4.65102	0.540175	0.837626	-0.28199
5.87	0.482096	4.65358	0.535987	0.839906	-0.280339
5.875	0.477787	4.65611	0.531787	0.842203	-0.278673
5.88	0.473467	4.65863	0.527576	0.844517	-0.276993
5.885	0.469136	4.66113	0.523354	0.846847	-0.275298
5.89	0.464795	4.66361	0.51912	0.849194	-0.273588
5.895	0.460443	4.66607	0.514874	0.851559	-0.271864
5.9	0.456081	4.66852	0.510616	0.853942	-0.270125
5.905	0.451708	4.67094	0.506346	0.856343	-0.268372
5.91	0.447325	4.67335	0.502064	0.858763	-0.266604
5.915	0.442932	4.67573	0.497771	0.861202	-0.264822
5.92	0.438528	4.6781	0.493464	0.86366	-0.263025
5.925	0.434115	4.68045	0.489146	0.866139	-0.261213
5.93	0.429691	4.68278	0.484816	0.868637	-0.259386
5.935	0.425257	4.68509	0.480472	0.871157	-0.257545
5.94	0.420813	4.68739	0.476117	0.873697	-0.255689
5.945	0.416359	4.68966	0.471748	0.87626	-0.253819
5.95	0.411896	4.69191	0.467367	0.878845	-0.251934
5.955	0.407422	4.69414	0.462973	0.881452	-0.250034
5.96	0.402938	4.69636	0.458565	0.884083	-0.24812
5.965	0.398445	4.69855	0.454145	0.886738	-0.246191
5.97	0.393942	4.70072	0.449711	0.889418	-0.244247
5.975	0.38943	4.70288	0.445264	0.892122	-0.242288
5.98	0.384908	4.70501	0.440803	0.894853	-0.240315
5.985	0.380376	4.70712	0.436329	0.897609	-0.238327
5.99	0.375835	4.70922	0.431841	0.900393	-0.236324
5.995	0.371285	4.71129	0.427339	0.903205	-0.234306
6	0.366725	4.71334	0.422823	0.906046	-0.232274
6.005	0.362156	4.71537	0.418293	0.908915	-0.230226
6.01	0.357578	4.71738	0.413748	0.911815	-0.228164
6.015	0.352991	4.71937	0.409189	0.914746	-0.226087
6.02	0.348395	4.72134	0.404616	0.917709	-0.223995
6.025	0.34379	4.72329	0.400027	0.920705	-0.221888
6.03	0.339175	4.72521	0.395423	0.923734	-0.219767
6.035	0.334552	4.72712	0.390805	0.926799	-0.21763
6.04	0.329921	4.729	0.386171	0.929899	-0.215478
6.045	0.32528	4.73086	0.381521	0.933035	-0.213312
6.05	0.320631	4.7327	0.376856	0.93621	-0.21113
6.055	0.315973	4.73452	0.372175	0.939425	-0.208933
6.06	0.311307	4.73632	0.367478	0.942679	-0.206721
6.065	0.306633	4.73809	0.362765	0.945976	-0.204494
6.07	0.30195	4.73984	0.358035	0.949316	-0.202252
6.075	0.297258	4.74157	0.353288	0.9527	-0.199995
6.08	0.292559	4.74328	0.348525	0.956131	-0.197722
6.085	0.287851	4.74497	0.343744	0.959609	-0.195434
6.09	0.283136	4.74663	0.338946	0.963137	-0.19313
6.095	0.278412	4.74827	0.33413	0.966716	-0.190811
6.1	0.273681	4.74988	0.329297	0.970348	-0.188477
6.105	0.268942	4.75148	0.324445	0.974035	-0.186127
6.11	0.264195	4.75305	0.319575	0.97778	-0.183761
6.115	0.259441	4.7546	0.314686	0.981583	-0.18138
6.12	0.254679	4.75612	0.309778	0.985449	-0.178983
6.125	0.249909	4.75762	0.304851	0.989379	-0.17657
6.13	0.245132	4.7591	0.299904	0.993376	-0.174141
6.135	0.240348	4.76055	0.294937	0.997442	-0.171696
6.14	0.235557	4.76198	0.28995	1.00158	-0.169235
6.145	0.230759	4.76339	0.284942	1.0058	-0.166758
6.15	0.225953	4.76477	0.279913	1.01009	-0.164265
6.155	0.221141	4.76613	0.274862	1.01447	-0.161755
6.16	0.216322	4.76746	0.26979	1.01893	-0.159228
6.165	0.211496	4.76877	0.264695	1.02349	-0.156685
6.17	0.206663	4.77005	0.259578	1.02814	-0.154125
6.175	0.201824	4.77131	0.254437	1.03289	-0.151548
6.18	0.196979	4.77254	0.249273	1.03774	-0.148954
6.185	0.192127	4.77375	0.244084	1.04271	-0.146343
6.19	0.187269	4.77493	0.238871	1.04779	-0.143714
6.195	0.182405	4.77609	0.233632	1.053	-0.141068
6.2	0.177535	4.77722	0.228367	1.05833	-0.138403
6.205	0.172659	4.77833	0.223075	1.06381	-0.135721
6.21	0.167777	4.77941	0.217756	1.06943	-0.133021
6.215	0.162889	4.78046	0.212409	1.07521	-0.130302
6.22	0.157996	4.78149	0.207033	1.08115	-0.127564
6.225	0.153097	4.78249	0.201627	1.08727	-0.124807
6.23	0.148193	4.78347	0.196191	1.09358	-0.122032
6.235	0.143284	4.78441	0.190723	1.10009	-0.119236
6.24	0.138369	4.78534	0.185222	1.10682	-0.116421
6.245	0.13345	4.78623	0.179688	1.11378	-0.113586
6.25	0.128525	4.7871	0.174119	1.121	-0.11073
6.255	0.123596	4.78793	0.168514	1.12849	-0.107854
6.26	0.118662	4.78874	0.162872	1.13629	-0.104956
6.265	0.113724	4.78953	0.15719	1.1444	-0.102037
6.27	0.108781	4.79028	0.151468	1.15288	-0.0990957
6.275	0.103834	4.79101	0.145704	1.16175	-0.0961323
6.28	0.0988831	4.7917	0.139895	1.17106	-0.0931464
6.285	0.0939279	4.79237	0.13404	1.18085	-0.0901375
6.29	0.0889689	4.79301	0.128136	1.19119	-0.0871053
6.295	0.0840062	4.79362	0.12218	1.20214	-0.0840496
6.3	0.0790399	4.7942	0.116169	1.21379	-0.0809703
6.305	0.0740702	4.79475	0.1101	1.22625	-0.0778673
6.31	0.0690972	4.79527	0.103969	1.23963	-0.0747411
6.315	0.064121	4.79576	0.0977707	1.25411	-0.0715923
6.32	0.059142	4.79621	0.0915002	1.2699	-0.0684222
6.325	0.0541601	4.79664	0.0851506	1.28728	-0.0652331
6.33	0.0491756	4.79703	0.0787143	1.30663	-0.0620289
6.335	0.0441886	4.79739	0.0721811	1.32849	-0.0588161
6.34	0.0391993	4.79772	0.0655387	1.35367	-0.0556055
6.345	0.0342079	4.79801	0.0587704	1.38341	-0.0524159
6.35	0.0292147	4.79827	0.0518533	1.4198	-0.0492812
6.355	0.0242197	4.7985	0.0447543	1.46666	-0.0462658
6.36	0.0192232	4.79868	0.037421	1.53182	-0.0435053
6.365	0.0142254	4.79883	0.0297619	1.63452	-0.0413261
6.37	0.00922655	4.79894	0.0215893	1.83605	-0.0407251
6.375	0.00422693	4.799	0.0124091	2.44884	-0.0466979
6.38	-0.000773067	4.799	0.000164851	8.6551	-0.217061
