descriptor s_test R_test Z_test
0	1.52971	9.99999e-006	0.002	-0.402018	-0.00161575
0.005	1.52471	3.00504e-005	0.00401009	-0.40404	-0.00324727
0.01	1.51971	6.02017e-005	0.00603029	-0.406068	-0.00489458
0.015	1.51471	0.000100504	0.00806063	-0.408101	-0.0065577
0.02	1.50971	0.000151009	0.0101011	-0.410139	-0.00823666
0.025	1.50471	0.000211767	0.0121518	-0.412183	-0.00993146
0.03	1.49971	0.000282828	0.0142127	-0.414232	-0.0116421
0.035	1.49471	0.000364244	0.0162839	-0.416287	-0.0133687
0.04	1.48971	0.000456066	0.0183653	-0.418347	-0.0151112
0.045	1.48471	0.000558344	0.0204571	-0.420414	-0.0168696
0.05	1.47972	0.00067113	0.0225591	-0.422486	-0.0186439
0.055	1.47472	0.000794475	0.0246716	-0.424564	-0.0204343
0.06	1.46972	0.000928431	0.0267944	-0.426649	-0.0222406
0.065	1.46472	0.00107305	0.0289276	-0.42874	-0.0240629
0.07	1.45972	0.00122838	0.0310713	-0.430838	-0.0259013
0.075	1.45473	0.00139448	0.0332255	-0.432942	-0.0277557
0.08	1.44973	0.00157139	0.0353902	-0.435053	-0.0296262
0.085	1.44473	0.00175918	0.0375655	-0.437171	-0.0315128
0.09	1.43974	0.00195788	0.0397514	-0.439296	-0.0334155
0.095	1.43474	0.00216756	0.0419478	-0.441428	-0.0353343
0.1	1.42975	0.00238826	0.044155	-0.443567	-0.0372693
0.105	1.42475	0.00262004	0.0463728	-0.445714	-0.0392204
0.11	1.41976	0.00286295	0.0486014	-0.447869	-0.0411877
0.115	1.41476	0.00311705	0.0508407	-0.450031	-0.0431713
0.12	1.40977	0.00338238	0.0530909	-0.452201	-0.0451711
0.125	1.40478	0.003659	0.0553519	-0.454379	-0.0471871
0.13	1.39979	0.00394696	0.0576238	-0.456565	-0.0492194
0.135	1.3948	0.00424631	0.0599066	-0.45876	-0.0512681
0.14	1.38981	0.00455711	0.0622004	-0.460963	-0.053333
0.145	1.38482	0.00487941	0.0645052	-0.463175	-0.0554143
0.15	1.37983	0.00521327	0.0668211	-0.465396	-0.0575119
0.155	1.37484	0.00555874	0.0691481	-0.467625	-0.0596259
0.16	1.36985	0.00591586	0.0714862	-0.469864	-0.0617563
0.165	1.36486	0.0062847	0.0738355	-0.472112	-0.0639031
0.17	1.35988	0.00666532	0.0761961	-0.474369	-0.0660664
0.175	1.35489	0.00705775	0.0785679	-0.476636	-0.0682461
0.18	1.34991	0.00746207	0.0809511	-0.478913	-0.0704423
0.185	1.34493	0.00787831	0.0833457	-0.4812	-0.0726551
0.19	1.33995	0.00830654	0.0857517	-0.483497	-0.0748843
0.195	1.33497	0.00874682	0.0881692	-0.485805	-0.0771301
0.2	1.32999	0.00919919	0.0905982	-0.488123	-0.0793925
0.205	1.32501	0.00966371	0.0930388	-0.490452	-0.0816715
0.21	1.32003	0.0101404	0.0954911	-0.492791	-0.083967
0.215	1.31506	0.0106294	0.097955	-0.495142	-0.0862793
0.22	1.31008	0.0111307	0.100431	-0.497504	-0.0886081
0.225	1.30511	0.0116444	0.102918	-0.499878	-0.0909537
0.23	1.30013	0.0121705	0.105418	-0.502263	-0.093316
0.235	1.29516	0.0127091	0.107929	-0.50466	-0.095695
0.24	1.29019	0.0132603	0.110452	-0.507069	-0.0980907
0.245	1.28523	0.013824	0.112988	-0.509491	-0.100503
0.25	1.28026	0.0144004	0.115535	-0.511925	-0.102932
0.255	1.27529	0.0149895	0.118095	-0.514372	-0.105379
0.26	1.27033	0.0155914	0.120667	-0.516831	-0.107842
0.265	1.26537	0.0162061	0.123251	-0.519304	-0.110321
0.27	1.26041	0.0168336	0.125847	-0.521791	-0.112818
0.275	1.25545	0.0174742	0.128456	-0.524291	-0.115332
0.28	1.25049	0.0181277	0.131078	-0.526805	-0.117862
0.285	1.24554	0.0187942	0.133712	-0.529333	-0.12041
0.29	1.24058	0.0194739	0.136358	-0.531875	-0.122974
0.295	1.23563	0.0201668	0.139018	-0.534432	-0.125556
0.3	1.23068	0.0208729	0.14169	-0.537003	-0.128154
0.305	1.22573	0.0215922	0.144375	-0.53959	-0.13077
0.31	1.22079	0.0223249	0.147073	-0.542192	-0.133402
0.315	1.21584	0.0230711	0.149784	-0.54481	-0.136052
0.32	1.2109	0.0238307	0.152508	-0.547443	-0.138719
0.325	1.20596	0.0246038	0.155245	-0.550093	-0.141403
0.33	1.20102	0.0253905	0.157996	-0.552759	-0.144104
0.335	1.19609	0.0261908	0.160759	-0.555442	-0.146823
0.34	1.19116	0.0270048	0.163537	-0.558141	-0.149558
0.345	1.18622	0.0278326	0.166327	-0.560858	-0.152311
0.35	1.1813	0.0286743	0.169132	-0.563592	-0.155081
0.355	1.17637	0.0295298	0.171949	-0.566344	-0.157869
0.36	1.17145	0.0303993	0.174781	-0.569114	-0.160673
0.365	1.16652	0.0312827	0.177627	-0.571903	-0.163495
0.37	1.16161	0.0321803	0.180486	-0.57471	-0.166335
0.375	1.15669	0.0330919	0.18336	-0.577536	-0.169192
0.38	1.15178	0.0340178	0.186248	-0.580381	-0.172066
0.385	1.14686	0.0349579	0.189149	-0.583246	-0.174958
0.39	1.14196	0.0359124	0.192066	-0.586131	-0.177867
0.395	1.13705	0.0368812	0.194996	-0.589036	-0.180794
0.4	1.13215	0.0378644	0.197941	-0.591962	-0.183738
0.405	1.12725	0.0388622	0.200901	-0.594909	-0.186699
0.41	1.12235	0.0398745	0.203876	-0.597877	-0.189679
0.415	1.11746	0.0409015	0.206865	-0.600866	-0.192676
0.42	1.11257	0.0419432	0.20987	-0.603877	-0.19569
0.425	1.10768	0.0429996	0.212889	-0.606911	-0.198722
0.43	1.1028	0.0440708	0.215923	-0.609967	-0.201772
0.435	1.09792	0.045157	0.218973	-0.613047	-0.20484
0.44	1.09304	0.0462581	0.222039	-0.61615	-0.207925
0.445	1.08817	0.0473742	0.225119	-0.619276	-0.211028
0.45	1.0833	0.0485054	0.228216	-0.622427	-0.214149
0.455	1.07843	0.0496517	0.231328	-0.625602	-0.217288
0.46	1.07357	0.0508133	0.234456	-0.628802	-0.220444
0.465	1.06871	0.0519901	0.2376	-0.632028	-0.223618
0.47	1.06385	0.0531823	0.24076	-0.635279	-0.22681
0.475	1.059	0.05439	0.243936	-0.638556	-0.23002
0.48	1.05415	0.0556131	0.247129	-0.64186	-0.233248
0.485	1.04931	0.0568517	0.250338	-0.645191	-0.236494
0.49	1.04447	0.058106	0.253564	-0.64855	-0.239758
0.495	1.03963	0.059376	0.256807	-0.651936	-0.24304
0.5	1.0348	0.0606617	0.260067	-0.655351	-0.24634
0.505	1.02997	0.0619633	0.263344	-0.658794	-0.249657
0.51	1.02515	0.0632807	0.266638	-0.662267	-0.252993
0.515	1.02033	0.0646141	0.269949	-0.665769	-0.256347
0.52	1.01551	0.0659636	0.273278	-0.669302	-0.259719
0.525	1.0107	0.0673291	0.276624	-0.672865	-0.263109
0.53	1.0059	0.0687108	0.279989	-0.676459	-0.266518
0.535	1.0011	0.0701088	0.283371	-0.680085	-0.269944
0.54	0.996303	0.0715231	0.286771	-0.683743	-0.273389
0.545	0.991512	0.0729538	0.29019	-0.687433	-0.276851
0.55	0.986726	0.0744009	0.293627	-0.691157	-0.280332
0.555	0.981945	0.0758645	0.297083	-0.694915	-0.283832
0.56	0.977169	0.0773448	0.300558	-0.698706	-0.287349
0.565	0.972399	0.0788417	0.304051	-0.702532	-0.290885
0.57	0.967633	0.0803554	0.307564	-0.706394	-0.294439
0.575	0.962873	0.0818859	0.311096	-0.710291	-0.298011
0.58	0.958119	0.0834334	0.314647	-0.714225	-0.301601
0.585	0.95337	0.0849977	0.318218	-0.718195	-0.30521
0.59	0.948626	0.0865791	0.321809	-0.722204	-0.308837
0.595	0.943889	0.0881777	0.32542	-0.72625	-0.312482
0.6	0.939157	0.0897934	0.329052	-0.730335	-0.316146
0.605	0.934431	0.0914264	0.332703	-0.734459	-0.319828
0.61	0.929712	0.0930767	0.336376	-0.738623	-0.323528
0.615	0.924998	0.0947445	0.340069	-0.742827	-0.327247
0.62	0.92029	0.0964298	0.343783	-0.747073	-0.330984
0.625	0.915589	0.0981326	0.347518	-0.75136	-0.334739
0.63	0.910895	0.0998531	0.351275	-0.75569	-0.338513
0.635	0.906207	0.101591	0.355053	-0.760063	-0.342304
0.64	0.901525	0.103347	0.358854	-0.764479	-0.346115
0.645	0.89685	0.105121	0.362676	-0.76894	-0.349943
0.65	0.892182	0.106913	0.366521	-0.773446	-0.35379
0.655	0.887521	0.108723	0.370388	-0.777998	-0.357655
0.66	0.882868	0.110551	0.374278	-0.782595	-0.361538
0.665	0.878221	0.112397	0.378191	-0.78724	-0.36544
0.67	0.873582	0.114262	0.382127	-0.791933	-0.36936
0.675	0.86895	0.116144	0.386087	-0.796674	-0.373298
0.68	0.864325	0.118046	0.39007	-0.801465	-0.377254
0.685	0.859708	0.119965	0.394078	-0.806305	-0.381228
0.69	0.855099	0.121904	0.398109	-0.811196	-0.38522
0.695	0.850498	0.123861	0.402165	-0.816138	-0.389231
0.7	0.845905	0.125837	0.406246	-0.821133	-0.393259
0.705	0.84132	0.127831	0.410351	-0.82618	-0.397305
0.71	0.836744	0.129845	0.414482	-0.831281	-0.40137
0.715	0.832176	0.131878	0.418639	-0.836437	-0.405452
0.72	0.827616	0.133929	0.422821	-0.841647	-0.409552
0.725	0.823065	0.136	0.427029	-0.846914	-0.41367
0.73	0.818523	0.13809	0.431264	-0.852238	-0.417805
0.735	0.813989	0.1402	0.435525	-0.857619	-0.421959
0.74	0.809465	0.142328	0.439813	-0.863058	-0.426129
0.745	0.80495	0.144477	0.444128	-0.868557	-0.430318
0.75	0.800445	0.146645	0.448471	-0.874115	-0.434523
0.755	0.795949	0.148832	0.452842	-0.879735	-0.438746
0.76	0.791462	0.15104	0.45724	-0.885416	-0.442986
0.765	0.786986	0.153267	0.461667	-0.89116	-0.447243
0.77	0.782519	0.155514	0.466123	-0.896967	-0.451518
0.775	0.778063	0.157781	0.470608	-0.902838	-0.455809
0.78	0.773617	0.160068	0.475122	-0.908774	-0.460117
0.785	0.769181	0.162376	0.479666	-0.914775	-0.464441
0.79	0.764756	0.164704	0.48424	-0.920844	-0.468782
0.795	0.760341	0.167052	0.488844	-0.92698	-0.473139
0.8	0.755938	0.16942	0.493479	-0.933184	-0.477513
0.805	0.751546	0.171809	0.498145	-0.939458	-0.481903
0.81	0.747164	0.174219	0.502842	-0.945801	-0.486308
0.815	0.742795	0.176649	0.507571	-0.952216	-0.490729
0.82	0.738437	0.1791	0.512332	-0.958702	-0.495166
0.825	0.734091	0.181572	0.517126	-0.965261	-0.499618
0.83	0.729756	0.184065	0.521952	-0.971893	-0.504085
0.835	0.725434	0.186579	0.526812	-0.978599	-0.508567
0.84	0.721125	0.189114	0.531705	-0.985381	-0.513063
0.845	0.716827	0.19167	0.536632	-0.992238	-0.517574
0.85	0.712543	0.194247	0.541593	-0.999172	-0.522099
0.855	0.708271	0.196846	0.546589	-1.00618	-0.526638
0.86	0.704013	0.199467	0.55162	-1.01327	-0.531191
0.865	0.699768	0.202108	0.556686	-1.02044	-0.535757
0.87	0.695536	0.204772	0.561788	-1.02769	-0.540336
0.875	0.691319	0.207457	0.566927	-1.03502	-0.544927
0.88	0.687115	0.210164	0.572102	-1.04243	-0.549531
0.885	0.682925	0.212893	0.577314	-1.04992	-0.554147
0.89	0.67875	0.215644	0.582563	-1.0575	-0.558775
0.895	0.674589	0.218417	0.587851	-1.06515	-0.563414
0.9	0.670443	0.221212	0.593177	-1.0729	-0.568063
0.905	0.666313	0.224029	0.598541	-1.08072	-0.572723
0.91	0.662197	0.226868	0.603945	-1.08864	-0.577393
0.915	0.658097	0.22973	0.609388	-1.09663	-0.582073
0.92	0.654013	0.232614	0.614871	-1.10472	-0.586762
0.925	0.649945	0.235521	0.620395	-1.11289	-0.591459
0.93	0.645893	0.238451	0.625959	-1.12115	-0.596164
0.935	0.641857	0.241403	0.631565	-1.12949	-0.600877
0.94	0.637838	0.244377	0.637212	-1.13793	-0.605597
0.945	0.633836	0.247375	0.642902	-1.14645	-0.610323
0.95	0.629852	0.250396	0.648634	-1.15506	-0.615055
0.955	0.625885	0.253439	0.65441	-1.16376	-0.619792
0.96	0.621936	0.256505	0.660228	-1.17255	-0.624533
0.965	0.618004	0.259595	0.666091	-1.18143	-0.629278
0.97	0.614092	0.262708	0.671998	-1.1904	-0.634027
0.975	0.610197	0.265844	0.67795	-1.19945	-0.638777
0.98	0.606322	0.269003	0.683947	-1.2086	-0.64353
0.985	0.602466	0.272186	0.68999	-1.21783	-0.648283
0.99	0.598629	0.275392	0.69608	-1.22716	-0.653035
0.995	0.594812	0.278621	0.702215	-1.23657	-0.657788
1	0.591015	0.281874	0.708398	-1.24607	-0.662538
1.005	0.587238	0.285151	0.714629	-1.25566	-0.667285
1.01	0.583482	0.288451	0.720907	-1.26533	-0.672029
1.015	0.579747	0.291776	0.727234	-1.27509	-0.676768
1.02	0.576033	0.295123	0.733609	-1.28494	-0.681502
1.025	0.572341	0.298495	0.740034	-1.29487	-0.686228
1.03	0.56867	0.30189	0.746508	-1.30488	-0.690947
1.035	0.565022	0.30531	0.753032	-1.31498	-0.695657
1.04	0.561397	0.308753	0.759607	-1.32516	-0.700356
1.045	0.557794	0.31222	0.766233	-1.33541	-0.705045
1.05	0.554215	0.315711	0.77291	-1.34575	-0.70972
1.055	0.550659	0.319226	0.779639	-1.35616	-0.714382
1.06	0.547127	0.322765	0.78642	-1.36665	-0.719028
1.065	0.543619	0.326328	0.793253	-1.37721	-0.723658
1.07	0.540136	0.329916	0.800139	-1.38784	-0.728269
1.075	0.536678	0.333527	0.807078	-1.39854	-0.732861
1.08	0.533246	0.337162	0.814071	-1.4093	-0.737432
1.085	0.529839	0.340822	0.821117	-1.42013	-0.74198
1.09	0.526458	0.344506	0.828218	-1.43101	-0.746504
1.095	0.523103	0.348213	0.835373	-1.44195	-0.751002
1.1	0.519775	0.351945	0.842583	-1.45295	-0.755472
1.105	0.516475	0.355701	0.849848	-1.464	-0.759913
1.11	0.513202	0.359481	0.857168	-1.47509	-0.764322
1.115	0.509957	0.363285	0.864543	-1.48623	-0.768699
1.12	0.506741	0.367113	0.871974	-1.4974	-0.77304
1.125	0.503553	0.370965	0.879461	-1.50861	-0.777345
1.13	0.500394	0.374841	0.887004	-1.51984	-0.781611
1.135	0.497265	0.378741	0.894603	-1.53111	-0.785836
1.14	0.494166	0.382664	0.902259	-1.54239	-0.790017
1.145	0.491097	0.386612	0.909971	-1.55368	-0.794154
1.15	0.488059	0.390583	0.917739	-1.56498	-0.798243
1.155	0.485052	0.394578	0.925564	-1.57629	-0.802283
1.16	0.482076	0.398596	0.933446	-1.58759	-0.80627
1.165	0.479133	0.402638	0.941384	-1.59888	-0.810204
1.17	0.476222	0.406703	0.949378	-1.61015	-0.814081
1.175	0.473344	0.410792	0.957429	-1.6214	-0.817898
1.18	0.470499	0.414904	0.965536	-1.63262	-0.821655
1.185	0.467688	0.419038	0.973699	-1.6438	-0.825347
1.19	0.464911	0.423196	0.981918	-1.65493	-0.828972
1.195	0.462168	0.427377	0.990192	-1.666	-0.832529
1.2	0.45946	0.43158	0.998522	-1.67702	-0.836013
1.205	0.456788	0.435806	1.00691	-1.68796	-0.839424
1.21	0.454151	0.440055	1.01535	-1.69881	-0.842757
1.215	0.451551	0.444325	1.02384	-1.70958	-0.84601
1.22	0.448987	0.448618	1.03239	-1.72025	-0.849181
1.225	0.44646	0.452932	1.04099	-1.73081	-0.852266
1.23	0.443971	0.457268	1.04964	-1.74125	-0.855263
1.235	0.441519	0.461626	1.05835	-1.75155	-0.858169
1.24	0.439106	0.466005	1.06711	-1.76172	-0.860981
1.245	0.436731	0.470405	1.07592	-1.77173	-0.863697
1.25	0.434396	0.474826	1.08478	-1.78159	-0.866314
1.255	0.4321	0.479268	1.09368	-1.79126	-0.868828
1.26	0.429844	0.48373	1.10264	-1.80076	-0.871237
1.265	0.427628	0.488212	1.11164	-1.81005	-0.873538
1.27	0.425452	0.492714	1.12069	-1.81914	-0.875728
1.275	0.423318	0.497236	1.12979	-1.828	-0.877805
1.28	0.421225	0.501777	1.13893	-1.83663	-0.879766
1.285	0.419174	0.506337	1.14811	-1.84502	-0.881607
1.29	0.417165	0.510915	1.15734	-1.85315	-0.883327
1.295	0.415199	0.515512	1.1666	-1.86101	-0.884923
1.3	0.413275	0.520128	1.17591	-1.86859	-0.886392
1.305	0.411395	0.524761	1.18525	-1.87588	-0.887731
1.31	0.409558	0.529411	1.19463	-1.88286	-0.888938
1.315	0.407765	0.534079	1.20405	-1.88952	-0.890011
1.32	0.406017	0.538763	1.21349	-1.89585	-0.890947
1.325	0.404312	0.543463	1.22297	-1.90183	-0.891744
1.33	0.402653	0.54818	1.23248	-1.90747	-0.892399
1.335	0.401038	0.552912	1.24202	-1.91273	-0.892912
1.34	0.399469	0.557659	1.25158	-1.91762	-0.893279
1.345	0.397946	0.562422	1.26117	-1.92212	-0.893498
1.35	0.396468	0.567198	1.27078	-1.92622	-0.893569
1.355	0.395037	0.571989	1.28041	-1.92991	-0.893489
1.36	0.393651	0.576793	1.29006	-1.93318	-0.893257
1.365	0.392312	0.581611	1.29973	-1.93602	-0.892872
1.37	0.39102	0.586441	1.30941	-1.93842	-0.892331
1.375	0.389775	0.591283	1.3191	-1.94037	-0.891634
1.38	0.388577	0.596138	1.3288	-1.94187	-0.890781
1.385	0.387426	0.601003	1.33851	-1.94289	-0.889769
1.39	0.386322	0.60588	1.34823	-1.94345	-0.888599
1.395	0.385266	0.610767	1.35794	-1.94352	-0.88727
1.4	0.384257	0.615664	1.36766	-1.94311	-0.885781
1.405	0.383296	0.620571	1.37738	-1.94221	-0.884133
1.41	0.382383	0.625487	1.38709	-1.94081	-0.882325
1.415	0.381517	0.630412	1.39679	-1.93891	-0.880357
1.42	0.380699	0.635344	1.40649	-1.93651	-0.87823
1.425	0.379929	0.640285	1.41617	-1.9336	-0.875945
1.43	0.379207	0.645232	1.42584	-1.93018	-0.873501
1.435	0.378532	0.650186	1.43549	-1.92624	-0.870899
1.44	0.377906	0.655147	1.44512	-1.9218	-0.868142
1.445	0.377327	0.660113	1.45473	-1.91684	-0.865229
1.45	0.376795	0.665085	1.46431	-1.91138	-0.862162
1.455	0.376311	0.670062	1.47387	-1.9054	-0.858943
1.46	0.375875	0.675042	1.4834	-1.89892	-0.855573
1.465	0.375486	0.680027	1.49289	-1.89193	-0.852055
1.47	0.375144	0.685016	1.50235	-1.88445	-0.848389
1.475	0.374849	0.690007	1.51177	-1.87646	-0.844579
1.48	0.374601	0.695001	1.52115	-1.86799	-0.840626
1.485	0.374399	0.699997	1.53049	-1.85904	-0.836533
1.49	0.374244	0.704994	1.53979	-1.8496	-0.832302
1.495	0.374136	0.709993	1.54904	-1.8397	-0.827937
1.5	0.374073	0.714993	1.55824	-1.82934	-0.82344
1.505	0.374056	0.719993	1.56738	-1.81852	-0.818814
1.51	0.374084	0.724993	1.57648	-1.80726	-0.814062
1.515	0.374158	0.729992	1.58551	-1.79557	-0.809187
1.52	0.374276	0.734991	1.59449	-1.78345	-0.804193
1.525	0.374439	0.739988	1.60341	-1.77092	-0.799083
1.53	0.374646	0.744984	1.61226	-1.75799	-0.79386
1.535	0.374898	0.749977	1.62105	-1.74468	-0.788528
1.54	0.375192	0.754969	1.62977	-1.73098	-0.783091
1.545	0.37553	0.759957	1.63843	-1.71693	-0.777552
1.55	0.375911	0.764943	1.64701	-1.70252	-0.771915
1.555	0.376334	0.769925	1.65553	-1.68778	-0.766183
1.56	0.376799	0.774903	1.66397	-1.67271	-0.760361
1.565	0.377306	0.779877	1.67233	-1.65733	-0.754452
1.57	0.377854	0.784847	1.68062	-1.64166	-0.748461
1.575	0.378443	0.789812	1.68882	-1.62571	-0.74239
1.58	0.379072	0.794773	1.69695	-1.60949	-0.736244
1.585	0.379741	0.799728	1.705	-1.59302	-0.730027
1.59	0.380449	0.804677	1.71297	-1.57631	-0.723743
1.595	0.381197	0.809621	1.72085	-1.55938	-0.717395
1.6	0.381983	0.814559	1.72864	-1.54224	-0.710988
1.605	0.382807	0.819491	1.73636	-1.52491	-0.704525
1.61	0.383668	0.824416	1.74398	-1.50739	-0.698009
1.615	0.384567	0.829334	1.75152	-1.48971	-0.691445
1.62	0.385502	0.834246	1.75897	-1.47188	-0.684837
1.625	0.386474	0.839151	1.76632	-1.45391	-0.678188
1.63	0.387481	0.844048	1.77359	-1.43582	-0.671501
1.635	0.388523	0.848939	1.78077	-1.41762	-0.66478
1.64	0.3896	0.853821	1.78786	-1.39932	-0.658029
1.645	0.390711	0.858696	1.79486	-1.38094	-0.651251
1.65	0.391855	0.863563	1.80176	-1.36249	-0.644449
1.655	0.393033	0.868423	1.80858	-1.34398	-0.637626
1.66	0.394243	0.873274	1.81529	-1.32542	-0.630787
1.665	0.395486	0.878117	1.82192	-1.30683	-0.623933
1.67	0.39676	0.882952	1.82846	-1.28822	-0.617069
1.675	0.398065	0.887779	1.8349	-1.26959	-0.610196
1.68	0.399401	0.892597	1.84125	-1.25097	-0.603318
1.685	0.400767	0.897407	1.8475	-1.23236	-0.596438
1.69	0.402163	0.902208	1.85366	-1.21376	-0.589558
1.695	0.403587	0.907001	1.85973	-1.1952	-0.582681
1.7	0.40504	0.911785	1.86571	-1.17668	-0.575809
1.705	0.406522	0.916561	1.87159	-1.1582	-0.568945
1.71	0.408031	0.921327	1.87738	-1.13979	-0.562092
1.715	0.409567	0.926086	1.88308	-1.12144	-0.555251
1.72	0.41113	0.930835	1.88869	-1.10317	-0.548425
1.725	0.412719	0.935576	1.8942	-1.08497	-0.541616
1.73	0.414334	0.940308	1.89963	-1.06687	-0.534825
1.735	0.415973	0.945031	1.90496	-1.04887	-0.528056
1.74	0.417638	0.949746	1.91021	-1.03096	-0.521309
1.745	0.419327	0.954452	1.91536	-1.01317	-0.514587
1.75	0.42104	0.95915	1.92043	-0.995489	-0.50789
1.755	0.422776	0.963839	1.9254	-0.977931	-0.501222
1.76	0.424535	0.968519	1.93029	-0.960498	-0.494583
1.765	0.426316	0.973191	1.9351	-0.943197	-0.487975
1.77	0.42812	0.977854	1.93981	-0.926031	-0.481399
1.775	0.429945	0.982509	1.94444	-0.909004	-0.474857
1.78	0.431791	0.987156	1.94899	-0.892122	-0.468349
1.785	0.433658	0.991794	1.95345	-0.875387	-0.461878
1.79	0.435545	0.996425	1.95783	-0.858803	-0.455443
1.795	0.437452	1.00105	1.96212	-0.842372	-0.449047
1.8	0.439379	1.00566	1.96633	-0.826099	-0.44269
1.805	0.441324	1.01027	1.97046	-0.809985	-0.436373
1.81	0.443289	1.01486	1.97451	-0.794033	-0.430097
1.815	0.445271	1.01945	1.97848	-0.778246	-0.423862
1.82	0.447271	1.02404	1.98237	-0.762624	-0.417671
1.825	0.449289	1.02861	1.98619	-0.74717	-0.411522
1.83	0.451324	1.03318	1.98992	-0.731885	-0.405417
1.835	0.453375	1.03774	1.99358	-0.71677	-0.399357
1.84	0.455443	1.04229	1.99717	-0.701828	-0.393342
1.845	0.457527	1.04684	2.00067	-0.687057	-0.387372
1.85	0.459626	1.05137	2.00411	-0.67246	-0.381448
1.855	0.461741	1.05591	2.00747	-0.658036	-0.375571
1.86	0.463871	1.06043	2.01076	-0.643786	-0.36974
1.865	0.466015	1.06495	2.01398	-0.629711	-0.363957
1.87	0.468173	1.06946	2.01713	-0.61581	-0.358221
1.875	0.470345	1.07396	2.02021	-0.602084	-0.352532
1.88	0.472531	1.07846	2.02322	-0.588532	-0.346891
1.885	0.47473	1.08295	2.02616	-0.575153	-0.341299
1.89	0.476942	1.08743	2.02904	-0.561949	-0.335754
1.895	0.479166	1.09191	2.03185	-0.548917	-0.330258
1.9	0.481403	1.09638	2.03459	-0.536057	-0.324811
1.905	0.483652	1.10085	2.03727	-0.52337	-0.319412
1.91	0.485912	1.10531	2.03989	-0.510853	-0.314061
1.915	0.488184	1.10976	2.04244	-0.498506	-0.308759
1.92	0.490467	1.11421	2.04494	-0.486327	-0.303505
1.925	0.49276	1.11865	2.04737	-0.474317	-0.298301
1.93	0.495065	1.12309	2.04974	-0.462474	-0.293144
1.935	0.497379	1.12752	2.05205	-0.450795	-0.288036
1.94	0.499703	1.13195	2.05431	-0.439282	-0.282976
1.945	0.502038	1.13637	2.0565	-0.427931	-0.277965
1.95	0.504381	1.14079	2.05864	-0.416742	-0.273001
1.955	0.506734	1.1452	2.06073	-0.405713	-0.268086
1.96	0.509096	1.14961	2.06275	-0.394843	-0.263218
1.965	0.511466	1.15401	2.06473	-0.38413	-0.258398
1.97	0.513845	1.15841	2.06665	-0.373572	-0.253626
1.975	0.516232	1.1628	2.06852	-0.363169	-0.2489
1.98	0.518627	1.16719	2.07033	-0.352919	-0.244222
1.985	0.52103	1.17157	2.0721	-0.342819	-0.23959
1.99	0.523441	1.17595	2.07381	-0.332869	-0.235005
1.995	0.525858	1.18033	2.07548	-0.323067	-0.230467
2	0.528283	1.1847	2.07709	-0.31341	-0.225974
2.005	0.530714	1.18907	2.07866	-0.303898	-0.221527
2.01	0.533153	1.19344	2.08018	-0.294529	-0.217126
2.015	0.535597	1.1978	2.08165	-0.2853	-0.212771
2.02	0.538048	1.20216	2.08308	-0.27621	-0.20846
2.025	0.540505	1.20651	2.08446	-0.267258	-0.204194
2.03	0.542968	1.21086	2.08579	-0.258442	-0.199972
2.035	0.545436	1.21521	2.08709	-0.249759	-0.195795
2.04	0.54791	1.21956	2.08833	-0.241209	-0.191661
2.045	0.550389	1.2239	2.08954	-0.23279	-0.187571
2.05	0.552873	1.22824	2.0907	-0.224499	-0.183524
2.055	0.555361	1.23257	2.09183	-0.216335	-0.17952
2.06	0.557855	1.23691	2.09291	-0.208296	-0.175559
2.065	0.560353	1.24124	2.09395	-0.200381	-0.17164
2.07	0.562855	1.24557	2.09495	-0.192588	-0.167764
2.075	0.565362	1.24989	2.09592	-0.184915	-0.163928
2.08	0.567873	1.25422	2.09684	-0.177361	-0.160135
2.085	0.570387	1.25854	2.09773	-0.169923	-0.156382
2.09	0.572905	1.26286	2.09858	-0.162601	-0.15267
2.095	0.575427	1.26718	2.09939	-0.155392	-0.148998
2.1	0.577952	1.27149	2.10017	-0.148294	-0.145366
2.105	0.58048	1.27581	2.10091	-0.141307	-0.141775
2.11	0.583011	1.28012	2.10161	-0.134429	-0.138222
2.115	0.585545	1.28443	2.10229	-0.127657	-0.134709
2.12	0.588082	1.28874	2.10292	-0.120991	-0.131234
2.125	0.590621	1.29305	2.10353	-0.114429	-0.127798
2.13	0.593163	1.29735	2.1041	-0.107968	-0.124401
2.135	0.595708	1.30166	2.10464	-0.101609	-0.12104
2.14	0.598254	1.30596	2.10515	-0.0953482	-0.117718
2.145	0.600802	1.31026	2.10563	-0.0891853	-0.114433
2.15	0.603353	1.31456	2.10607	-0.0831185	-0.111184
2.155	0.605905	1.31886	2.10649	-0.0771464	-0.107972
2.16	0.608459	1.32316	2.10687	-0.0712675	-0.104796
2.165	0.611014	1.32746	2.10723	-0.0654802	-0.101657
2.17	0.613571	1.33175	2.10756	-0.0597833	-0.0985525
2.175	0.616129	1.33605	2.10786	-0.0541752	-0.0954837
2.18	0.618688	1.34034	2.10813	-0.0486546	-0.0924499
2.185	0.621249	1.34464	2.10837	-0.0432202	-0.0894508
2.19	0.62381	1.34893	2.10859	-0.0378705	-0.0864862
2.195	0.626372	1.35323	2.10878	-0.0326042	-0.0835556
2.2	0.628934	1.35752	2.10894	-0.02742	-0.0806588
2.205	0.631498	1.36181	2.10908	-0.0223167	-0.0777956
2.21	0.634062	1.36611	2.10919	-0.0172928	-0.0749656
2.215	0.636626	1.3704	2.10927	-0.0123472	-0.0721685
2.22	0.63919	1.37469	2.10934	-0.00747852	-0.0694041
2.225	0.641755	1.37898	2.10937	-0.00268565	-0.0666721
2.23	0.644319	1.38328	2.10939	0.00203268	-0.0639721
2.235	0.646884	1.38757	2.10938	0.00667766	-0.061304
2.24	0.649448	1.39186	2.10934	0.0112505	-0.0586674
2.245	0.652013	1.39615	2.10929	0.0157523	-0.056062
2.25	0.654576	1.40045	2.10921	0.0201842	-0.0534876
2.255	0.65714	1.40474	2.10911	0.0245474	-0.050944
2.26	0.659703	1.40903	2.10898	0.028843	-0.0484308
2.265	0.662265	1.41332	2.10884	0.0330721	-0.0459478
2.27	0.664827	1.41762	2.10868	0.0372357	-0.0434947
2.275	0.667387	1.42191	2.10849	0.0413349	-0.0410713
2.28	0.669947	1.42621	2.10828	0.0453708	-0.0386773
2.285	0.672506	1.4305	2.10806	0.0493443	-0.0363125
2.29	0.675064	1.4348	2.10781	0.0532566	-0.0339766
2.295	0.677621	1.4391	2.10754	0.0571085	-0.0316693
2.3	0.680176	1.44339	2.10726	0.0609012	-0.0293905
2.305	0.68273	1.44769	2.10695	0.0646354	-0.0271399
2.31	0.685283	1.45199	2.10663	0.0683123	-0.0249172
2.315	0.687835	1.45629	2.10629	0.0719327	-0.0227222
2.32	0.690384	1.46059	2.10593	0.0754975	-0.0205547
2.325	0.692932	1.4649	2.10555	0.0790077	-0.0184144
2.33	0.695479	1.4692	2.10516	0.0824641	-0.0163011
2.335	0.698024	1.4735	2.10474	0.0858677	-0.0142146
2.34	0.700566	1.47781	2.10431	0.0892193	-0.0121547
2.345	0.703107	1.48211	2.10387	0.0925196	-0.0101212
2.35	0.705646	1.48642	2.1034	0.0957697	-0.00811373
2.355	0.708183	1.49073	2.10293	0.0989703	-0.0061322
2.36	0.710718	1.49504	2.10243	0.102122	-0.00417637
2.365	0.71325	1.49935	2.10192	0.105226	-0.00224602
2.37	0.715781	1.50366	2.10139	0.108283	-0.000340956
2.375	0.718308	1.50798	2.10085	0.111293	0.00153904
2.38	0.720834	1.51229	2.1003	0.114258	0.00339417
2.385	0.723357	1.51661	2.09973	0.117178	0.00522463
2.39	0.725878	1.52093	2.09914	0.120054	0.00703062
2.395	0.728395	1.52525	2.09854	0.122887	0.00881233
2.4	0.730911	1.52957	2.09792	0.125677	0.01057
2.405	0.733423	1.53389	2.0973	0.128425	0.0123037
2.41	0.735933	1.53822	2.09665	0.131131	0.0140138
2.415	0.73844	1.54254	2.096	0.133797	0.0157003
2.42	0.740944	1.54687	2.09533	0.136423	0.0173635
2.425	0.743445	1.5512	2.09465	0.13901	0.0190036
2.43	0.745943	1.55553	2.09395	0.141558	0.0206207
2.435	0.748438	1.55986	2.09324	0.144068	0.022215
2.44	0.75093	1.5642	2.09252	0.14654	0.0237867
2.445	0.753419	1.56853	2.09179	0.148976	0.025336
2.45	0.755904	1.57287	2.09105	0.151375	0.026863
2.455	0.758387	1.57721	2.09029	0.153739	0.028368
2.46	0.760865	1.58156	2.08952	0.156068	0.029851
2.465	0.763341	1.5859	2.08874	0.158363	0.0313122
2.47	0.765813	1.59025	2.08795	0.160623	0.0327519
2.475	0.768281	1.59459	2.08715	0.16285	0.0341701
2.48	0.770746	1.59894	2.08633	0.165045	0.035567
2.485	0.773208	1.6033	2.08551	0.167207	0.0369429
2.49	0.775666	1.60765	2.08467	0.169337	0.0382977
2.495	0.77812	1.61201	2.08382	0.171436	0.0396318
2.5	0.78057	1.61637	2.08297	0.173505	0.0409452
2.505	0.783017	1.62073	2.0821	0.175543	0.0422382
2.51	0.785459	1.62509	2.08122	0.177551	0.0435107
2.515	0.787898	1.62945	2.08033	0.17953	0.0447631
2.52	0.790333	1.63382	2.07944	0.181481	0.0459954
2.525	0.792764	1.63819	2.07853	0.183403	0.0472078
2.53	0.795191	1.64256	2.07761	0.185297	0.0484005
2.535	0.797614	1.64694	2.07668	0.187164	0.0495735
2.54	0.800033	1.65131	2.07575	0.189004	0.050727
2.545	0.802448	1.65569	2.0748	0.190817	0.0518612
2.55	0.804858	1.66007	2.07385	0.192605	0.0529762
2.555	0.807264	1.66445	2.07289	0.194366	0.054072
2.56	0.809666	1.66884	2.07192	0.196103	0.055149
2.565	0.812064	1.67323	2.07093	0.197815	0.0562071
2.57	0.814458	1.67762	2.06995	0.199502	0.0572465
2.575	0.816847	1.68201	2.06895	0.201165	0.0582674
2.58	0.819231	1.6864	2.06794	0.202805	0.0592698
2.585	0.821611	1.6908	2.06693	0.204421	0.060254
2.59	0.823987	1.6952	2.06591	0.206014	0.06122
2.595	0.826358	1.6996	2.06488	0.207585	0.0621679
2.6	0.828725	1.70401	2.06384	0.209134	0.0630978
2.605	0.831087	1.70841	2.06279	0.210661	0.06401
2.61	0.833444	1.71282	2.06174	0.212167	0.0649044
2.615	0.835796	1.71723	2.06068	0.213652	0.0657813
2.62	0.838144	1.72165	2.05961	0.215115	0.0666408
2.625	0.840487	1.72607	2.05853	0.216559	0.0674828
2.63	0.842826	1.73049	2.05745	0.217982	0.0683077
2.635	0.845159	1.73491	2.05636	0.219386	0.0691154
2.64	0.847488	1.73933	2.05526	0.22077	0.0699061
2.645	0.849812	1.74376	2.05416	0.222135	0.0706799
2.65	0.852131	1.74819	2.05305	0.223482	0.071437
2.655	0.854445	1.75262	2.05193	0.22481	0.0721773
2.66	0.856754	1.75706	2.05081	0.226119	0.0729011
2.665	0.859058	1.76149	2.04968	0.227411	0.0736084
2.67	0.861356	1.76593	2.04854	0.228686	0.0742993
2.675	0.86365	1.77038	2.0474	0.229943	0.074974
2.68	0.865939	1.77482	2.04625	0.231183	0.0756325
2.685	0.868223	1.77927	2.04509	0.232406	0.076275
2.69	0.870501	1.78372	2.04393	0.233613	0.0769015
2.695	0.872774	1.78817	2.04276	0.234803	0.0775122
2.7	0.875042	1.79263	2.04159	0.235978	0.0781071
2.705	0.877305	1.79709	2.04041	0.237137	0.0786864
2.71	0.879562	1.80155	2.03922	0.238281	0.0792501
2.715	0.881814	1.80601	2.03803	0.239409	0.0797983
2.72	0.884061	1.81048	2.03683	0.240523	0.0803311
2.725	0.886302	1.81495	2.03563	0.241621	0.0808487
2.73	0.888538	1.81942	2.03442	0.242706	0.0813511
2.735	0.890769	1.8239	2.03321	0.243776	0.0818384
2.74	0.892994	1.82838	2.03199	0.244833	0.0823107
2.745	0.895214	1.83286	2.03077	0.245875	0.0827681
2.75	0.897428	1.83734	2.02954	0.246904	0.0832106
2.755	0.899636	1.84182	2.0283	0.24792	0.0836385
2.76	0.901839	1.84631	2.02706	0.248923	0.0840517
2.765	0.904037	1.8508	2.02582	0.249913	0.0844503
2.77	0.906229	1.8553	2.02457	0.250891	0.0848345
2.775	0.908415	1.8598	2.02331	0.251856	0.0852043
2.78	0.910595	1.86429	2.02206	0.252808	0.0855597
2.785	0.91277	1.8688	2.02079	0.253749	0.085901
2.79	0.914939	1.8733	2.01952	0.254678	0.0862281
2.795	0.917102	1.87781	2.01825	0.255596	0.0865412
2.8	0.91926	1.88232	2.01697	0.256502	0.0868403
2.805	0.921412	1.88683	2.01569	0.257397	0.0871256
2.81	0.923558	1.89135	2.0144	0.25828	0.087397
2.815	0.925698	1.89587	2.01311	0.259153	0.0876547
2.82	0.927832	1.90039	2.01181	0.260016	0.0878987
2.825	0.929961	1.90491	2.01051	0.260868	0.0881292
2.83	0.932083	1.90944	2.00921	0.261709	0.0883462
2.835	0.9342	1.91397	2.0079	0.262541	0.0885498
2.84	0.93631	1.9185	2.00659	0.263362	0.08874
2.845	0.938415	1.92304	2.00527	0.264174	0.088917
2.85	0.940514	1.92758	2.00395	0.264976	0.0890808
2.855	0.942606	1.93212	2.00263	0.265769	0.0892315
2.86	0.944693	1.93666	2.0013	0.266553	0.0893691
2.865	0.946774	1.94121	1.99996	0.267327	0.0894938
2.87	0.948848	1.94576	1.99863	0.268092	0.0896056
2.875	0.950917	1.95031	1.99729	0.268849	0.0897046
2.88	0.952979	1.95487	1.99594	0.269597	0.0897908
2.885	0.955035	1.95942	1.9946	0.270336	0.0898644
2.89	0.957085	1.96398	1.99324	0.271068	0.0899254
2.895	0.959129	1.96855	1.99189	0.27179	0.0899738
2.9	0.961166	1.97311	1.99053	0.272505	0.0900098
2.905	0.963198	1.97768	1.98917	0.273212	0.0900333
2.91	0.965223	1.98225	1.9878	0.273911	0.0900446
2.915	0.967242	1.98683	1.98643	0.274603	0.0900436
2.92	0.969254	1.9914	1.98506	0.275287	0.0900304
2.925	0.97126	1.99598	1.98368	0.275964	0.0900051
2.93	0.97326	2.00057	1.9823	0.276633	0.0899677
2.935	0.975254	2.00515	1.98092	0.277296	0.0899184
2.94	0.977241	2.00974	1.97953	0.277951	0.0898571
2.945	0.979222	2.01433	1.97814	0.2786	0.089784
2.95	0.981197	2.01892	1.97675	0.279241	0.0896991
2.955	0.983165	2.02352	1.97535	0.279877	0.0896025
2.96	0.985126	2.02812	1.97395	0.280505	0.0894942
2.965	0.987081	2.03272	1.97255	0.281128	0.0893743
2.97	0.98903	2.03733	1.97115	0.281744	0.0892429
2.975	0.990972	2.04193	1.96974	0.282354	0.0891
2.98	0.992908	2.04654	1.96833	0.282958	0.0889457
2.985	0.994837	2.05116	1.96691	0.283556	0.0887801
2.99	0.99676	2.05577	1.96549	0.284149	0.0886032
2.995	0.998676	2.06039	1.96407	0.284735	0.0884151
3	1.00059	2.06501	1.96265	0.285317	0.0882158
3.005	1.00249	2.06964	1.96122	0.285892	0.0880054
3.01	1.00438	2.07426	1.95979	0.286463	0.087784
3.015	1.00627	2.07889	1.95836	0.287028	0.0875516
3.02	1.00816	2.08352	1.95692	0.287588	0.0873083
3.025	1.01003	2.08816	1.95549	0.288143	0.0870541
3.03	1.0119	2.09279	1.95405	0.288693	0.0867892
3.035	1.01377	2.09743	1.9526	0.289238	0.0865135
3.04	1.01562	2.10208	1.95116	0.289778	0.0862271
3.045	1.01747	2.10672	1.94971	0.290314	0.0859301
3.05	1.01932	2.11137	1.94826	0.290845	0.0856226
3.055	1.02115	2.11602	1.9468	0.291372	0.0853045
3.06	1.02298	2.12067	1.94534	0.291895	0.084976
3.065	1.0248	2.12533	1.94389	0.292413	0.0846371
3.07	1.02662	2.12999	1.94242	0.292927	0.0842879
3.075	1.02843	2.13465	1.94096	0.293436	0.0839284
3.08	1.03023	2.13932	1.93949	0.293942	0.0835586
3.085	1.03202	2.14398	1.93802	0.294444	0.0831788
3.09	1.03381	2.14865	1.93655	0.294942	0.0827888
3.095	1.03559	2.15332	1.93507	0.295437	0.0823887
3.1	1.03737	2.158	1.9336	0.295927	0.0819787
3.105	1.03914	2.16267	1.93212	0.296414	0.0815587
3.11	1.0409	2.16735	1.93064	0.296898	0.0811288
3.115	1.04265	2.17204	1.92915	0.297378	0.0806891
3.12	1.0444	2.17672	1.92766	0.297855	0.0802397
3.125	1.04614	2.18141	1.92618	0.298328	0.0797805
3.13	1.04787	2.1861	1.92468	0.298798	0.0793116
3.135	1.0496	2.19079	1.92319	0.299266	0.0788331
3.14	1.05131	2.19549	1.92169	0.29973	0.0783451
3.145	1.05303	2.20019	1.92019	0.300191	0.0778475
3.15	1.05473	2.20489	1.91869	0.300649	0.0773405
3.155	1.05643	2.20959	1.91719	0.301104	0.0768241
3.16	1.05812	2.21429	1.91569	0.301557	0.0762983
3.165	1.0598	2.219	1.91418	0.302007	0.0757633
3.17	1.06148	2.22371	1.91267	0.302454	0.075219
3.175	1.06315	2.22843	1.91116	0.302899	0.0746655
3.18	1.06481	2.23314	1.90964	0.303341	0.0741028
3.185	1.06646	2.23786	1.90812	0.303781	0.0735311
3.19	1.06811	2.24258	1.9066	0.304218	0.0729503
3.195	1.06975	2.2473	1.90508	0.304654	0.0723606
3.2	1.07139	2.25203	1.90356	0.305087	0.0717619
3.205	1.07301	2.25676	1.90204	0.305517	0.0711543
3.21	1.07463	2.26149	1.90051	0.305946	0.0705379
3.215	1.07624	2.26622	1.89898	0.306373	0.0699127
3.22	1.07785	2.27096	1.89745	0.306797	0.0692788
3.225	1.07944	2.2757	1.89591	0.30722	0.0686362
3.23	1.08103	2.28044	1.89438	0.307641	0.0679849
3.235	1.08262	2.28518	1.89284	0.30806	0.0673251
3.24	1.08419	2.28992	1.8913	0.308477	0.0666567
3.245	1.08576	2.29467	1.88975	0.308892	0.0659799
3.25	1.08732	2.29942	1.88821	0.309306	0.0652946
3.255	1.08887	2.30418	1.88666	0.309719	0.064601
3.26	1.09042	2.30893	1.88512	0.310129	0.063899
3.265	1.09196	2.31369	1.88356	0.310539	0.0631887
3.27	1.09349	2.31845	1.88201	0.310946	0.0624702
3.275	1.09501	2.32321	1.88046	0.311353	0.0617435
3.28	1.09653	2.32797	1.8789	0.311758	0.0610086
3.285	1.09804	2.33274	1.87734	0.312162	0.0602657
3.29	1.09954	2.33751	1.87578	0.312565	0.0595147
3.295	1.10103	2.34228	1.87422	0.312966	0.0587558
3.3	1.10252	2.34706	1.87265	0.313366	0.0579888
3.305	1.104	2.35183	1.87109	0.313766	0.057214
3.31	1.10547	2.35661	1.86952	0.314164	0.0564314
3.315	1.10693	2.36139	1.86795	0.314561	0.0556409
3.32	1.10839	2.36617	1.86637	0.314958	0.0548427
3.325	1.10984	2.37096	1.8648	0.315353	0.0540368
3.33	1.11128	2.37575	1.86322	0.315748	0.0532232
3.335	1.11271	2.38054	1.86164	0.316142	0.052402
3.34	1.11414	2.38533	1.86006	0.316535	0.0515733
3.345	1.11556	2.39012	1.85848	0.316927	0.050737
3.35	1.11697	2.39492	1.8569	0.317319	0.0498933
3.355	1.11837	2.39972	1.85531	0.31771	0.0490421
3.36	1.11977	2.40452	1.85372	0.3181	0.0481836
3.365	1.12116	2.40933	1.85213	0.31849	0.0473178
3.37	1.12254	2.41413	1.85054	0.31888	0.0464446
3.375	1.12391	2.41894	1.84894	0.319269	0.0455642
3.38	1.12528	2.42375	1.84735	0.319657	0.0446767
3.385	1.12663	2.42856	1.84575	0.320046	0.043782
3.39	1.12798	2.43338	1.84415	0.320433	0.0428802
3.395	1.12932	2.43819	1.84255	0.320821	0.0419714
3.4	1.13066	2.44301	1.84094	0.321208	0.0410555
3.405	1.13199	2.44783	1.83934	0.321595	0.0401327
3.41	1.1333	2.45265	1.83773	0.321982	0.0392031
3.415	1.13462	2.45748	1.83612	0.322369	0.0382665
3.42	1.13592	2.46231	1.83451	0.322756	0.0373231
3.425	1.13721	2.46714	1.83289	0.323142	0.036373
3.43	1.1385	2.47197	1.83128	0.323529	0.0354161
3.435	1.13978	2.4768	1.82966	0.323915	0.0344526
3.44	1.14105	2.48164	1.82804	0.324302	0.0334824
3.445	1.14232	2.48647	1.82642	0.324689	0.0325056
3.45	1.14358	2.49131	1.82479	0.325075	0.0315223
3.455	1.14482	2.49615	1.82317	0.325462	0.0305325
3.46	1.14606	2.501	1.82154	0.325849	0.0295363
3.465	1.1473	2.50584	1.81991	0.326237	0.0285336
3.47	1.14852	2.51069	1.81828	0.326624	0.0275246
3.475	1.14974	2.51554	1.81665	0.327012	0.0265093
3.48	1.15095	2.52039	1.81501	0.3274	0.0254877
3.485	1.15215	2.52525	1.81338	0.327788	0.0244599
3.49	1.15334	2.5301	1.81174	0.328177	0.0234259
3.495	1.15453	2.53496	1.8101	0.328566	0.0223858
3.5	1.1557	2.53982	1.80845	0.328956	0.0213396
3.505	1.15687	2.54468	1.80681	0.329346	0.0202874
3.51	1.15803	2.54954	1.80516	0.329736	0.0192291
3.515	1.15919	2.55441	1.80351	0.330127	0.018165
3.52	1.16033	2.55928	1.80186	0.330518	0.0170949
3.525	1.16147	2.56414	1.80021	0.33091	0.0160189
3.53	1.1626	2.56902	1.79856	0.331303	0.0149372
3.535	1.16372	2.57389	1.7969	0.331696	0.0138496
3.54	1.16483	2.57876	1.79524	0.33209	0.0127564
3.545	1.16594	2.58364	1.79358	0.332485	0.0116575
3.55	1.16703	2.58852	1.79192	0.33288	0.0105529
3.555	1.16812	2.5934	1.79025	0.333276	0.00944275
3.56	1.1692	2.59828	1.78859	0.333673	0.00832705
3.565	1.17027	2.60316	1.78692	0.334071	0.00720586
3.57	1.17134	2.60805	1.78525	0.334469	0.00607921
3.575	1.17239	2.61294	1.78358	0.334868	0.00494715
3.58	1.17344	2.61783	1.7819	0.335268	0.00380973
3.585	1.17448	2.62272	1.78023	0.335669	0.00266698
3.59	1.17551	2.62761	1.77855	0.336071	0.00151897
3.595	1.17654	2.6325	1.77687	0.336474	0.000365721
3.6	1.17755	2.6374	1.77518	0.336878	-0.000792711
3.605	1.17856	2.6423	1.7735	0.337282	-0.00195628
3.61	1.17956	2.6472	1.77181	0.337688	-0.00312495
3.615	1.18055	2.6521	1.77012	0.338095	-0.00429867
3.62	1.18153	2.657	1.76843	0.338502	-0.0054774
3.625	1.1825	2.6619	1.76674	0.338911	-0.00666108
3.63	1.18347	2.66681	1.76505	0.339321	-0.00784968
3.635	1.18442	2.67172	1.76335	0.339732	-0.00904316
3.64	1.18537	2.67663	1.76165	0.340144	-0.0102415
3.645	1.18631	2.68154	1.75995	0.340558	-0.0114445
3.65	1.18724	2.68645	1.75825	0.340972	-0.0126524
3.655	1.18817	2.69136	1.75654	0.341388	-0.0138649
3.66	1.18908	2.69628	1.75484	0.341805	-0.015082
3.665	1.18999	2.7012	1.75313	0.342223	-0.0163038
3.67	1.19089	2.70611	1.75142	0.342643	-0.0175301
3.675	1.19178	2.71103	1.7497	0.343063	-0.018761
3.68	1.19266	2.71596	1.74799	0.343485	-0.0199963
3.685	1.19353	2.72088	1.74627	0.343909	-0.021236
3.69	1.1944	2.7258	1.74455	0.344334	-0.0224801
3.695	1.19525	2.73073	1.74283	0.34476	-0.0237286
3.7	1.1961	2.73566	1.74111	0.345187	-0.0249813
3.705	1.19694	2.74059	1.73938	0.345616	-0.0262383
3.71	1.19777	2.74552	1.73765	0.346046	-0.0274995
3.715	1.19859	2.75045	1.73592	0.346478	-0.0287649
3.72	1.1994	2.75538	1.73419	0.346911	-0.0300343
3.725	1.20021	2.76032	1.73245	0.347346	-0.0313079
3.73	1.201	2.76525	1.73072	0.347782	-0.0325854
3.735	1.20179	2.77019	1.72898	0.348219	-0.0338669
3.74	1.20257	2.77513	1.72724	0.348658	-0.0351524
3.745	1.20334	2.78007	1.72549	0.349099	-0.0364417
3.75	1.2041	2.78501	1.72375	0.349541	-0.0377349
3.755	1.20486	2.78996	1.722	0.349985	-0.0390319
3.76	1.2056	2.7949	1.72025	0.350431	-0.0403327
3.765	1.20634	2.79985	1.7185	0.350878	-0.0416371
3.77	1.20706	2.80479	1.71674	0.351326	-0.0429452
3.775	1.20778	2.80974	1.71499	0.351777	-0.044257
3.78	1.20849	2.81469	1.71323	0.352228	-0.0455723
3.785	1.20919	2.81964	1.71147	0.352682	-0.0468911
3.79	1.20989	2.82459	1.7097	0.353137	-0.0482134
3.795	1.21057	2.82955	1.70794	0.353594	-0.0495392
3.8	1.21124	2.8345	1.70617	0.354053	-0.0508683
3.805	1.21191	2.83946	1.7044	0.354514	-0.0522008
3.81	1.21257	2.84441	1.70263	0.354976	-0.0535366
3.815	1.21322	2.84937	1.70085	0.35544	-0.0548757
3.82	1.21385	2.85433	1.69908	0.355906	-0.056218
3.825	1.21449	2.85929	1.6973	0.356373	-0.0575634
3.83	1.21511	2.86425	1.69551	0.356842	-0.058912
3.835	1.21572	2.86921	1.69373	0.357314	-0.0602637
3.84	1.21633	2.87418	1.69194	0.357787	-0.0616183
3.845	1.21692	2.87914	1.69016	0.358261	-0.062976
3.85	1.21751	2.88411	1.68836	0.358738	-0.0643366
3.855	1.21808	2.88907	1.68657	0.359217	-0.0657001
3.86	1.21865	2.89404	1.68477	0.359697	-0.0670665
3.865	1.21921	2.89901	1.68298	0.36018	-0.0684357
3.87	1.21976	2.90398	1.68117	0.360664	-0.0698076
3.875	1.22031	2.90895	1.67937	0.36115	-0.0711823
3.88	1.22084	2.91392	1.67757	0.361638	-0.0725596
3.885	1.22136	2.91889	1.67576	0.362128	-0.0739395
3.89	1.22188	2.92387	1.67395	0.362621	-0.0753221
3.895	1.22238	2.92884	1.67213	0.363115	-0.0767071
3.9	1.22288	2.93382	1.67032	0.363611	-0.0780947
3.905	1.22337	2.93879	1.6685	0.364109	-0.0794847
3.91	1.22385	2.94377	1.66668	0.364609	-0.0808771
3.915	1.22432	2.94875	1.66486	0.365111	-0.0822718
3.92	1.22478	2.95372	1.66303	0.365615	-0.0836688
3.925	1.22523	2.9587	1.6612	0.366121	-0.0850682
3.93	1.22567	2.96368	1.65937	0.36663	-0.0864697
3.935	1.2261	2.96867	1.65754	0.36714	-0.0878734
3.94	1.22653	2.97365	1.6557	0.367652	-0.0892792
3.945	1.22694	2.97863	1.65387	0.368167	-0.0906871
3.95	1.22735	2.98361	1.65202	0.368683	-0.092097
3.955	1.22774	2.9886	1.65018	0.369202	-0.0935089
3.96	1.22813	2.99358	1.64833	0.369723	-0.0949228
3.965	1.22851	2.99857	1.64649	0.370246	-0.0963385
3.97	1.22888	3.00356	1.64463	0.370771	-0.0977561
3.975	1.22924	3.00854	1.64278	0.371299	-0.0991755
3.98	1.22959	3.01353	1.64092	0.371828	-0.100597
3.985	1.22993	3.01852	1.63907	0.37236	-0.102019
3.99	1.23026	3.02351	1.6372	0.372894	-0.103444
3.995	1.23058	3.0285	1.63534	0.37343	-0.10487
4	1.2309	3.03349	1.63347	0.373968	-0.106298
4.005	1.2312	3.03848	1.6316	0.374508	-0.107727
4.01	1.2315	3.04347	1.62973	0.375051	-0.109158
4.015	1.23178	3.04846	1.62785	0.375596	-0.11059
4.02	1.23206	3.05345	1.62598	0.376143	-0.112023
4.025	1.23232	3.05845	1.6241	0.376693	-0.113458
4.03	1.23258	3.06344	1.62221	0.377245	-0.114894
4.035	1.23283	3.06843	1.62033	0.377799	-0.116332
4.04	1.23307	3.07343	1.61844	0.378355	-0.11777
4.045	1.23329	3.07842	1.61655	0.378914	-0.11921
4.05	1.23351	3.08342	1.61465	0.379475	-0.120651
4.055	1.23372	3.08841	1.61275	0.380038	-0.122093
4.06	1.23392	3.09341	1.61085	0.380603	-0.123536
4.065	1.23411	3.09841	1.60895	0.381171	-0.12498
4.07	1.23429	3.1034	1.60704	0.381741	-0.126424
4.075	1.23447	3.1084	1.60514	0.382314	-0.12787
4.08	1.23463	3.1134	1.60322	0.382889	-0.129317
4.085	1.23478	3.1184	1.60131	0.383466	-0.130764
4.09	1.23492	3.12339	1.59939	0.384046	-0.132212
4.095	1.23506	3.12839	1.59747	0.384628	-0.13366
4.1	1.23518	3.13339	1.59555	0.385212	-0.13511
4.105	1.2353	3.13839	1.59362	0.385799	-0.13656
4.11	1.2354	3.14339	1.59169	0.386388	-0.13801
4.115	1.23549	3.14839	1.58976	0.38698	-0.139461
4.12	1.23558	3.15339	1.58783	0.387574	-0.140912
4.125	1.23566	3.15839	1.58589	0.388171	-0.142364
4.13	1.23572	3.16338	1.58395	0.38877	-0.143816
4.135	1.23578	3.16838	1.582	0.389371	-0.145269
4.14	1.23582	3.17338	1.58006	0.389975	-0.146721
4.145	1.23586	3.17838	1.57811	0.390581	-0.148174
4.15	1.23589	3.18338	1.57615	0.39119	-0.149627
4.155	1.2359	3.18838	1.5742	0.391801	-0.15108
4.16	1.23591	3.19338	1.57224	0.392415	-0.152534
4.165	1.23591	3.19838	1.57028	0.393031	-0.153987
4.17	1.2359	3.20338	1.56831	0.39365	-0.15544
4.175	1.23587	3.20838	1.56634	0.394271	-0.156893
4.18	1.23584	3.21338	1.56437	0.394894	-0.158346
4.185	1.2358	3.21838	1.5624	0.395521	-0.159799
4.19	1.23575	3.22338	1.56042	0.396149	-0.161251
4.195	1.23569	3.22838	1.55844	0.396781	-0.162704
4.2	1.23561	3.23338	1.55646	0.397414	-0.164156
4.205	1.23553	3.23838	1.55447	0.398051	-0.165607
4.21	1.23544	3.24338	1.55248	0.39869	-0.167058
4.215	1.23534	3.24838	1.55049	0.399331	-0.168509
4.22	1.23523	3.25338	1.54849	0.399975	-0.169959
4.225	1.23511	3.25838	1.54649	0.400622	-0.171409
4.23	1.23497	3.26338	1.54449	0.401271	-0.172858
4.235	1.23483	3.26837	1.54248	0.401923	-0.174306
4.24	1.23468	3.27337	1.54047	0.402577	-0.175754
4.245	1.23452	3.27837	1.53846	0.403234	-0.177201
4.25	1.23435	3.28337	1.53644	0.403893	-0.178647
4.255	1.23417	3.28836	1.53442	0.404555	-0.180092
4.26	1.23397	3.29336	1.5324	0.40522	-0.181536
4.265	1.23377	3.29835	1.53037	0.405888	-0.18298
4.27	1.23356	3.30335	1.52834	0.406558	-0.184422
4.275	1.23334	3.30834	1.52631	0.40723	-0.185863
4.28	1.23311	3.31334	1.52427	0.407905	-0.187304
4.285	1.23286	3.31833	1.52223	0.408583	-0.188743
4.29	1.23261	3.32333	1.52019	0.409264	-0.19018
4.295	1.23235	3.32832	1.51815	0.409947	-0.191617
4.3	1.23207	3.33331	1.5161	0.410633	-0.193052
4.305	1.23179	3.3383	1.51404	0.411321	-0.194486
4.31	1.2315	3.3433	1.51199	0.412012	-0.195919
4.315	1.23119	3.34829	1.50993	0.412706	-0.19735
4.32	1.23088	3.35328	1.50786	0.413403	-0.19878
4.325	1.23055	3.35827	1.5058	0.414102	-0.200208
4.33	1.23022	3.36326	1.50372	0.414804	-0.201634
4.335	1.22987	3.36824	1.50165	0.415508	-0.203059
4.34	1.22952	3.37323	1.49957	0.416216	-0.204482
4.345	1.22915	3.37822	1.49749	0.416926	-0.205903
4.35	1.22877	3.3832	1.49541	0.417638	-0.207323
4.355	1.22839	3.38819	1.49332	0.418354	-0.208741
4.36	1.22799	3.39317	1.49123	0.419072	-0.210156
4.365	1.22758	3.39816	1.48913	0.419793	-0.21157
4.37	1.22716	3.40314	1.48703	0.420516	-0.212982
4.375	1.22673	3.40812	1.48493	0.421243	-0.214392
4.38	1.22629	3.4131	1.48282	0.421972	-0.2158
4.385	1.22584	3.41808	1.48071	0.422704	-0.217205
4.39	1.22538	3.42306	1.4786	0.423438	-0.218609
4.395	1.22491	3.42804	1.47648	0.424175	-0.22001
4.4	1.22443	3.43301	1.47436	0.424916	-0.221409
4.405	1.22394	3.43799	1.47224	0.425658	-0.222805
4.41	1.22344	3.44296	1.47011	0.426404	-0.224199
4.415	1.22292	3.44794	1.46798	0.427152	-0.225591
4.42	1.2224	3.45291	1.46584	0.427904	-0.22698
4.425	1.22187	3.45788	1.4637	0.428658	-0.228367
4.43	1.22132	3.46285	1.46156	0.429414	-0.229751
4.435	1.22077	3.46782	1.45941	0.430174	-0.231132
4.44	1.2202	3.47279	1.45726	0.430936	-0.232511
4.445	1.21962	3.47775	1.45511	0.431701	-0.233887
4.45	1.21903	3.48272	1.45295	0.432469	-0.23526
4.455	1.21844	3.48768	1.45079	0.43324	-0.23663
4.46	1.21783	3.49265	1.44862	0.434014	-0.237997
4.465	1.21721	3.49761	1.44645	0.43479	-0.239362
4.47	1.21657	3.50257	1.44428	0.435569	-0.240723
4.475	1.21593	3.50753	1.4421	0.436352	-0.242081
4.48	1.21528	3.51248	1.43992	0.437136	-0.243436
4.485	1.21462	3.51744	1.43773	0.437924	-0.244788
4.49	1.21394	3.52239	1.43554	0.438715	-0.246137
4.495	1.21326	3.52735	1.43335	0.439508	-0.247483
4.5	1.21256	3.5323	1.43115	0.440305	-0.248825
4.505	1.21185	3.53725	1.42895	0.441104	-0.250164
4.51	1.21114	3.5422	1.42674	0.441906	-0.251499
4.515	1.21041	3.54714	1.42453	0.442711	-0.252831
4.52	1.20967	3.55209	1.42232	0.443519	-0.25416
4.525	1.20892	3.55703	1.4201	0.444329	-0.255484
4.53	1.20816	3.56197	1.41788	0.445143	-0.256806
4.535	1.20738	3.56691	1.41565	0.445959	-0.258123
4.54	1.2066	3.57185	1.41342	0.446779	-0.259437
4.545	1.20581	3.57679	1.41119	0.447601	-0.260747
4.55	1.205	3.58172	1.40895	0.448426	-0.262053
4.555	1.20418	3.58666	1.40671	0.449254	-0.263356
4.56	1.20336	3.59159	1.40446	0.450085	-0.264654
4.565	1.20252	3.59652	1.40221	0.450919	-0.265948
4.57	1.20167	3.60144	1.39996	0.451755	-0.267239
4.575	1.20081	3.60637	1.3977	0.452595	-0.268525
4.58	1.19993	3.61129	1.39544	0.453438	-0.269807
4.585	1.19905	3.61621	1.39317	0.454283	-0.271085
4.59	1.19815	3.62113	1.3909	0.455132	-0.272359
4.595	1.19725	3.62605	1.38862	0.455983	-0.273628
4.6	1.19633	3.63096	1.38634	0.456837	-0.274893
4.605	1.1954	3.63588	1.38406	0.457695	-0.276153
4.61	1.19446	3.64079	1.38177	0.458555	-0.27741
4.615	1.19351	3.6457	1.37948	0.459418	-0.278661
4.62	1.19255	3.6506	1.37718	0.460284	-0.279908
4.625	1.19158	3.65551	1.37488	0.461153	-0.281151
4.63	1.19059	3.66041	1.37257	0.462026	-0.282388
4.635	1.1896	3.66531	1.37026	0.462901	-0.283622
4.64	1.18859	3.67021	1.36795	0.463779	-0.28485
4.645	1.18757	3.6751	1.36563	0.46466	-0.286073
4.65	1.18654	3.68	1.36331	0.465544	-0.287292
4.655	1.1855	3.68489	1.36098	0.466431	-0.288505
4.66	1.18445	3.68977	1.35865	0.467321	-0.289714
4.665	1.18338	3.69466	1.35631	0.468214	-0.290918
4.67	1.18231	3.69954	1.35397	0.46911	-0.292116
4.675	1.18122	3.70442	1.35162	0.470009	-0.29331
4.68	1.18012	3.7093	1.34927	0.470911	-0.294498
4.685	1.17901	3.71418	1.34692	0.471816	-0.295681
4.69	1.17789	3.71905	1.34456	0.472724	-0.296859
4.695	1.17676	3.72392	1.3422	0.473635	-0.298031
4.7	1.17561	3.72878	1.33983	0.474549	-0.299198
4.705	1.17446	3.73365	1.33746	0.475466	-0.300359
4.71	1.17329	3.73851	1.33508	0.476387	-0.301515
4.715	1.17211	3.74337	1.3327	0.47731	-0.302666
4.72	1.17092	3.74823	1.33031	0.478236	-0.30381
4.725	1.16972	3.75308	1.32792	0.479166	-0.304949
4.73	1.1685	3.75793	1.32552	0.480098	-0.306083
4.735	1.16728	3.76278	1.32312	0.481034	-0.30721
4.74	1.16604	3.76762	1.32072	0.481972	-0.308332
4.745	1.16479	3.77246	1.31831	0.482914	-0.309448
4.75	1.16353	3.7773	1.31589	0.483859	-0.310558
4.755	1.16226	3.78214	1.31347	0.484806	-0.311662
4.76	1.16097	3.78697	1.31105	0.485757	-0.31276
4.765	1.15968	3.7918	1.30862	0.486711	-0.313852
4.77	1.15837	3.79662	1.30619	0.487668	-0.314937
4.775	1.15705	3.80145	1.30375	0.488629	-0.316017
4.78	1.15572	3.80627	1.30131	0.489592	-0.31709
4.785	1.15438	3.81108	1.29886	0.490558	-0.318157
4.79	1.15302	3.8159	1.2964	0.491528	-0.319218
4.795	1.15165	3.82071	1.29395	0.4925	-0.320272
4.8	1.15028	3.82551	1.29148	0.493476	-0.32132
4.805	1.14888	3.83031	1.28902	0.494455	-0.322361
4.81	1.14748	3.83511	1.28655	0.495437	-0.323396
4.815	1.14607	3.83991	1.28407	0.496423	-0.324424
4.82	1.14464	3.8447	1.28159	0.497411	-0.325445
4.825	1.1432	3.84949	1.2791	0.498402	-0.32646
4.83	1.14175	3.85428	1.27661	0.499397	-0.327467
4.835	1.14029	3.85906	1.27411	0.500395	-0.328468
4.84	1.13882	3.86384	1.27161	0.501396	-0.329463
4.845	1.13733	3.86861	1.2691	0.5024	-0.33045
4.85	1.13584	3.87338	1.26659	0.503408	-0.33143
4.855	1.13433	3.87815	1.26407	0.504418	-0.332403
4.86	1.1328	3.88291	1.26155	0.505432	-0.333369
4.865	1.13127	3.88767	1.25902	0.506449	-0.334328
4.87	1.12973	3.89242	1.25649	0.507469	-0.33528
4.875	1.12817	3.89717	1.25395	0.508493	-0.336224
4.88	1.1266	3.90192	1.25141	0.509519	-0.337162
4.885	1.12502	3.90666	1.24886	0.510549	-0.338092
4.89	1.12342	3.9114	1.24631	0.511582	-0.339014
4.895	1.12182	3.91614	1.24375	0.512619	-0.339929
4.9	1.1202	3.92087	1.24119	0.513658	-0.340836
4.905	1.11857	3.9256	1.23862	0.514701	-0.341736
4.91	1.11692	3.93032	1.23605	0.515747	-0.342628
4.915	1.11527	3.93504	1.23347	0.516796	-0.343513
4.92	1.1136	3.93975	1.23088	0.517849	-0.34439
4.925	1.11192	3.94446	1.2283	0.518905	-0.345259
4.93	1.11023	3.94917	1.2257	0.519964	-0.34612
4.935	1.10853	3.95387	1.2231	0.521026	-0.346974
4.94	1.10681	3.95856	1.2205	0.522092	-0.347819
4.945	1.10508	3.96325	1.21789	0.523161	-0.348656
4.95	1.10334	3.96794	1.21527	0.524234	-0.349486
4.955	1.10159	3.97262	1.21265	0.525309	-0.350307
4.96	1.09983	3.9773	1.21002	0.526388	-0.35112
4.965	1.09805	3.98198	1.20739	0.527471	-0.351925
4.97	1.09626	3.98665	1.20475	0.528556	-0.352722
4.975	1.09446	3.99131	1.20211	0.529645	-0.353511
4.98	1.09264	3.99597	1.19946	0.530738	-0.354291
4.985	1.09082	4.00062	1.19681	0.531834	-0.355062
4.99	1.08898	4.00527	1.19415	0.532933	-0.355826
4.995	1.08712	4.00992	1.19148	0.534035	-0.35658
5	1.08526	4.01456	1.18881	0.535141	-0.357326
5.005	1.08338	4.01919	1.18614	0.53625	-0.358064
5.01	1.0815	4.02382	1.18346	0.537363	-0.358793
5.015	1.0796	4.02845	1.18077	0.538479	-0.359513
5.02	1.07768	4.03306	1.17808	0.539599	-0.360225
5.025	1.07576	4.03768	1.17538	0.540721	-0.360927
5.03	1.07382	4.04229	1.17268	0.541848	-0.361621
5.035	1.07187	4.04689	1.16997	0.542978	-0.362306
5.04	1.0699	4.05149	1.16725	0.544111	-0.362982
5.045	1.06793	4.05608	1.16453	0.545248	-0.363649
5.05	1.06594	4.06067	1.16181	0.546388	-0.364306
5.055	1.06394	4.06525	1.15907	0.547531	-0.364955
5.06	1.06192	4.06983	1.15634	0.548679	-0.365594
5.065	1.0599	4.0744	1.15359	0.549829	-0.366225
5.07	1.05786	4.07897	1.15084	0.550983	-0.366846
5.075	1.05581	4.08353	1.14809	0.552141	-0.367457
5.08	1.05374	4.08808	1.14533	0.553302	-0.36806
5.085	1.05167	4.09263	1.14256	0.554467	-0.368653
5.09	1.04958	4.09717	1.13979	0.555635	-0.369236
5.095	1.04748	4.10171	1.13701	0.556807	-0.36981
5.1	1.04536	4.10624	1.13423	0.557982	-0.370374
5.105	1.04324	4.11076	1.13144	0.559161	-0.370929
5.11	1.0411	4.11528	1.12864	0.560344	-0.371474
5.115	1.03895	4.1198	1.12584	0.56153	-0.372009
5.12	1.03678	4.1243	1.12303	0.56272	-0.372535
5.125	1.0346	4.1288	1.12022	0.563913	-0.373051
5.13	1.03241	4.1333	1.1174	0.56511	-0.373557
5.135	1.03021	4.13779	1.11457	0.566311	-0.374053
5.14	1.02799	4.14227	1.11174	0.567515	-0.374539
5.145	1.02577	4.14675	1.1089	0.568723	-0.375015
5.15	1.02353	4.15122	1.10606	0.569935	-0.375481
5.155	1.02127	4.15568	1.10321	0.57115	-0.375936
5.16	1.01901	4.16014	1.10035	0.572369	-0.376382
5.165	1.01673	4.16459	1.09749	0.573592	-0.376817
5.17	1.01443	4.16903	1.09462	0.574818	-0.377243
5.175	1.01213	4.17347	1.09175	0.576048	-0.377657
5.18	1.00981	4.1779	1.08887	0.577282	-0.378062
5.185	1.00748	4.18232	1.08598	0.57852	-0.378456
5.19	1.00514	4.18674	1.08309	0.579761	-0.37884
5.195	1.00278	4.19115	1.08019	0.581007	-0.379213
5.2	1.00041	4.19555	1.07729	0.582256	-0.379576
5.205	0.998033	4.19995	1.07438	0.583509	-0.379928
5.21	0.995639	4.20434	1.07146	0.584765	-0.380269
5.215	0.993232	4.20872	1.06853	0.586026	-0.3806
5.22	0.990812	4.2131	1.0656	0.58729	-0.38092
5.225	0.98838	4.21746	1.06267	0.588559	-0.381229
5.23	0.985934	4.22183	1.05973	0.589831	-0.381527
5.235	0.983476	4.22618	1.05678	0.591107	-0.381815
5.24	0.981004	4.23053	1.05382	0.592387	-0.382091
5.245	0.97852	4.23487	1.05086	0.593671	-0.382357
5.25	0.976023	4.2392	1.04789	0.594959	-0.382612
5.255	0.973513	4.24352	1.04492	0.59625	-0.382855
5.26	0.970991	4.24784	1.04193	0.597546	-0.383088
5.265	0.968455	4.25215	1.03895	0.598846	-0.383309
5.27	0.965906	4.25645	1.03595	0.60015	-0.383519
5.275	0.963345	4.26074	1.03295	0.601458	-0.383718
5.28	0.960771	4.26503	1.02994	0.60277	-0.383906
5.285	0.958183	4.26931	1.02693	0.604086	-0.384082
5.29	0.955583	4.27358	1.02391	0.605406	-0.384247
5.295	0.95297	4.27784	1.02088	0.60673	-0.384401
5.3	0.950344	4.2821	1.01785	0.608058	-0.384543
5.305	0.947705	4.28634	1.01481	0.609391	-0.384673
5.31	0.945054	4.29058	1.01176	0.610728	-0.384793
5.315	0.942389	4.29481	1.00871	0.612068	-0.3849
5.32	0.939711	4.29904	1.00565	0.613413	-0.384996
5.325	0.93702	4.30325	1.00258	0.614763	-0.38508
5.33	0.934317	4.30746	0.999507	0.616116	-0.385153
5.335	0.9316	4.31165	0.996427	0.617474	-0.385213
5.34	0.928871	4.31584	0.993339	0.618836	-0.385262
5.345	0.926128	4.32002	0.990245	0.620202	-0.385299
5.35	0.923373	4.3242	0.987144	0.621573	-0.385324
5.355	0.920605	4.32836	0.984036	0.622948	-0.385338
5.36	0.917823	4.33252	0.980922	0.624327	-0.385339
5.365	0.915029	4.33666	0.9778	0.625711	-0.385328
5.37	0.912222	4.3408	0.974671	0.627099	-0.385306
5.375	0.909402	4.34493	0.971536	0.628492	-0.385271
5.38	0.906569	4.34905	0.968394	0.629889	-0.385224
5.385	0.903723	4.35316	0.965244	0.63129	-0.385165
5.39	0.900864	4.35726	0.962088	0.632697	-0.385093
5.395	0.897992	4.36135	0.958924	0.634107	-0.38501
5.4	0.895107	4.36544	0.955754	0.635522	-0.384914
5.405	0.892209	4.36951	0.952576	0.636942	-0.384806
5.41	0.889298	4.37358	0.949391	0.638367	-0.384685
5.415	0.886374	4.37763	0.946199	0.639796	-0.384552
5.42	0.883437	4.38168	0.943	0.641229	-0.384407
5.425	0.880487	4.38572	0.939794	0.642668	-0.384249
5.43	0.877525	4.38975	0.936581	0.644111	-0.384079
5.435	0.874549	4.39376	0.93336	0.645559	-0.383896
5.44	0.87156	4.39777	0.930133	0.647012	-0.3837
5.445	0.868559	4.40177	0.926898	0.648469	-0.383492
5.45	0.865544	4.40576	0.923655	0.649931	-0.383271
5.455	0.862517	4.40974	0.920406	0.651399	-0.383038
5.46	0.859476	4.41371	0.917149	0.652871	-0.382792
5.465	0.856423	4.41767	0.913884	0.654348	-0.382533
5.47	0.853357	4.42162	0.910612	0.65583	-0.382261
5.475	0.850277	4.42556	0.907333	0.657317	-0.381976
5.48	0.847185	4.42949	0.904047	0.658809	-0.381679
5.485	0.84408	4.4334	0.900753	0.660307	-0.381368
5.49	0.840962	4.43731	0.897451	0.661809	-0.381045
5.495	0.837831	4.44121	0.894142	0.663316	-0.380709
5.5	0.834687	4.4451	0.890826	0.664829	-0.380359
5.505	0.83153	4.44898	0.887501	0.666347	-0.379997
5.51	0.828361	4.45284	0.88417	0.66787	-0.379621
5.515	0.825178	4.4567	0.88083	0.669398	-0.379233
5.52	0.821983	4.46055	0.877483	0.670932	-0.378831
5.525	0.818774	4.46438	0.874129	0.672471	-0.378416
5.53	0.815553	4.4682	0.870766	0.674016	-0.377988
5.535	0.812319	4.47202	0.867396	0.675566	-0.377547
5.54	0.809072	4.47582	0.864018	0.677122	-0.377092
5.545	0.805812	4.47961	0.860633	0.678683	-0.376624
5.55	0.80254	4.48339	0.857239	0.680249	-0.376143
5.555	0.799254	4.48716	0.853838	0.681822	-0.375648
5.56	0.795956	4.49092	0.850429	0.6834	-0.37514
5.565	0.792645	4.49467	0.847012	0.684983	-0.374619
5.57	0.789321	4.4984	0.843587	0.686573	-0.374084
5.575	0.785984	4.50212	0.840154	0.688168	-0.373535
5.58	0.782635	4.50584	0.836713	0.689769	-0.372973
5.585	0.779272	4.50954	0.833265	0.691376	-0.372398
5.59	0.775897	4.51323	0.829808	0.692989	-0.371809
5.595	0.772509	4.5169	0.826343	0.694609	-0.371206
5.6	0.769109	4.52057	0.82287	0.696234	-0.37059
5.605	0.765696	4.52422	0.819389	0.697865	-0.36996
5.61	0.762269	4.52786	0.815899	0.699503	-0.369317
5.615	0.758831	4.53149	0.812402	0.701146	-0.368659
5.62	0.755379	4.53511	0.808896	0.702796	-0.367988
5.625	0.751915	4.53872	0.805382	0.704453	-0.367304
5.63	0.748438	4.54231	0.80186	0.706115	-0.366605
5.635	0.744949	4.54589	0.798329	0.707785	-0.365893
5.64	0.741446	4.54946	0.79479	0.709461	-0.365167
5.645	0.737932	4.55302	0.791243	0.711143	-0.364427
5.65	0.734404	4.55656	0.787687	0.712832	-0.363673
5.655	0.730864	4.56009	0.784123	0.714528	-0.362905
5.66	0.727312	4.56361	0.78055	0.716231	-0.362123
5.665	0.723746	4.56711	0.776969	0.71794	-0.361328
5.67	0.720169	4.57061	0.77338	0.719656	-0.360518
5.675	0.716578	4.57409	0.769781	0.72138	-0.359694
5.68	0.712975	4.57755	0.766174	0.72311	-0.358857
5.685	0.70936	4.58101	0.762559	0.724848	-0.358005
5.69	0.705732	4.58445	0.758935	0.726593	-0.357139
5.695	0.702092	4.58788	0.755302	0.728345	-0.35626
5.7	0.698439	4.59129	0.75166	0.730105	-0.355366
5.705	0.694774	4.59469	0.748009	0.731872	-0.354458
5.71	0.691096	4.59808	0.74435	0.733647	-0.353536
5.715	0.687406	4.60145	0.740682	0.735429	-0.352599
5.72	0.683704	4.60481	0.737005	0.737219	-0.351649
5.725	0.679989	4.60816	0.733318	0.739017	-0.350684
5.73	0.676262	4.61149	0.729623	0.740823	-0.349705
5.735	0.672522	4.61481	0.725919	0.742636	-0.348712
5.74	0.668771	4.61812	0.722206	0.744458	-0.347705
5.745	0.665007	4.62141	0.718484	0.746288	-0.346683
5.75	0.66123	4.62469	0.714752	0.748127	-0.345648
5.755	0.657442	4.62795	0.711012	0.749973	-0.344597
5.76	0.653641	4.6312	0.707262	0.751829	-0.343533
5.765	0.649828	4.63443	0.703503	0.753692	-0.342454
5.77	0.646003	4.63765	0.699734	0.755565	-0.341361
5.775	0.642166	4.64086	0.695956	0.757446	-0.340253
5.78	0.638317	4.64405	0.692169	0.759336	-0.339132
5.785	0.634455	4.64722	0.688373	0.761236	-0.337995
5.79	0.630582	4.65039	0.684566	0.763144	-0.336845
5.795	0.626696	4.65353	0.680751	0.765062	-0.33568
5.8	0.622799	4.65667	0.676925	0.766989	-0.3345
5.805	0.618889	4.65978	0.67309	0.768926	-0.333306
5.81	0.614968	4.66288	0.669246	0.770872	-0.332098
5.815	0.611034	4.66597	0.665391	0.772829	-0.330875
5.82	0.607089	4.66904	0.661527	0.774795	-0.329637
5.825	0.603132	4.6721	0.657653	0.776771	-0.328385
5.83	0.599163	4.67514	0.653769	0.778758	-0.327119
5.835	0.595182	4.67817	0.649876	0.780754	-0.325838
5.84	0.59119	4.68118	0.645972	0.782762	-0.324543
5.845	0.587185	4.68417	0.642058	0.78478	-0.323233
5.85	0.583169	4.68715	0.638134	0.786809	-0.321908
5.855	0.579142	4.69011	0.6342	0.788849	-0.320569
5.86	0.575102	4.69306	0.630256	0.7909	-0.319216
5.865	0.571051	4.69599	0.626301	0.792962	-0.317847
5.87	0.566989	4.6989	0.622337	0.795036	-0.316465
5.875	0.562914	4.7018	0.618361	0.797122	-0.315067
5.88	0.558829	4.70468	0.614376	0.799219	-0.313655
5.885	0.554732	4.70755	0.61038	0.801329	-0.312229
5.89	0.550623	4.7104	0.606373	0.803451	-0.310787
5.895	0.546503	4.71323	0.602356	0.805585	-0.309332
5.9	0.542372	4.71605	0.598328	0.807732	-0.307861
5.905	0.538229	4.71885	0.594289	0.809892	-0.306376
5.91	0.534075	4.72163	0.59024	0.812066	-0.304876
5.915	0.52991	4.7244	0.586179	0.814252	-0.303362
5.92	0.525733	4.72715	0.582108	0.816452	-0.301833
5.925	0.521545	4.72988	0.578026	0.818666	-0.300289
5.93	0.517346	4.73259	0.573933	0.820894	-0.29873
5.935	0.513136	4.73529	0.569828	0.823136	-0.297157
5.94	0.508915	4.73797	0.565712	0.825393	-0.295569
5.945	0.504683	4.74063	0.561585	0.827664	-0.293967
5.95	0.50044	4.74328	0.557447	0.829951	-0.292349
5.955	0.496186	4.7459	0.553297	0.832253	-0.290717
5.96	0.491921	4.74851	0.549136	0.834571	-0.28907
5.965	0.487646	4.75111	0.544963	0.836904	-0.287409
5.97	0.483359	4.75368	0.540779	0.839254	-0.285733
5.975	0.479062	4.75624	0.536582	0.841621	-0.284042
5.98	0.474754	4.75877	0.532374	0.844005	-0.282336
5.985	0.470435	4.76129	0.528154	0.846406	-0.280615
5.99	0.466106	4.7638	0.523922	0.848824	-0.27888
5.995	0.461766	4.76628	0.519678	0.851261	-0.27713
6	0.457416	4.76874	0.515422	0.853715	-0.275365
6.005	0.453055	4.77119	0.511153	0.856189	-0.273586
6.01	0.448683	4.77362	0.506872	0.858682	-0.271791
6.015	0.444302	4.77602	0.502579	0.861194	-0.269982
6.02	0.43991	4.77841	0.498273	0.863727	-0.268158
6.025	0.435507	4.78078	0.493954	0.866279	-0.266319
6.03	0.431095	4.78314	0.489623	0.868853	-0.264465
6.035	0.426672	4.78547	0.485279	0.871448	-0.262597
6.04	0.422239	4.78778	0.480921	0.874065	-0.260713
6.045	0.417796	4.79008	0.476551	0.876704	-0.258815
6.05	0.413343	4.79235	0.472168	0.879367	-0.256902
6.055	0.40888	4.7946	0.467771	0.882052	-0.254974
6.06	0.404408	4.79684	0.46336	0.884762	-0.253031
6.065	0.399925	4.79905	0.458937	0.887496	-0.251073
6.07	0.395433	4.80125	0.454499	0.890256	-0.2491
6.075	0.39093	4.80342	0.450048	0.893041	-0.247112
6.08	0.386419	4.80558	0.445583	0.895853	-0.24511
6.085	0.381897	4.80771	0.441103	0.898692	-0.243092
6.09	0.377366	4.80983	0.43661	0.901558	-0.24106
6.095	0.372826	4.81192	0.432102	0.904454	-0.239012
6.1	0.368276	4.81399	0.42758	0.907379	-0.236949
6.105	0.363717	4.81605	0.423043	0.910334	-0.234872
6.11	0.359148	4.81808	0.418491	0.91332	-0.232779
6.115	0.35457	4.82009	0.413925	0.916338	-0.230671
6.12	0.349984	4.82208	0.409343	0.919389	-0.228549
6.125	0.345388	4.82405	0.404746	0.922473	-0.226411
6.13	0.340783	4.826	0.400134	0.925592	-0.224258
6.135	0.336169	4.82792	0.395506	0.928747	-0.222089
6.14	0.331546	4.82983	0.390862	0.931939	-0.219906
6.145	0.326914	4.83171	0.386202	0.935169	-0.217707
6.15	0.322273	4.83357	0.381527	0.938438	-0.215493
6.155	0.317624	4.83541	0.376834	0.941748	-0.213264
6.16	0.312966	4.83723	0.372126	0.945099	-0.21102
6.165	0.3083	4.83903	0.3674	0.948493	-0.20876
6.17	0.303625	4.8408	0.362658	0.951932	-0.206485
6.175	0.298942	4.84255	0.357898	0.955417	-0.204194
6.18	0.294251	4.84428	0.353121	0.958949	-0.201888
6.185	0.289551	4.84599	0.348326	0.96253	-0.199566
6.19	0.284843	4.84767	0.343513	0.966163	-0.197229
6.195	0.280127	4.84933	0.338683	0.969849	-0.194876
6.2	0.275403	4.85097	0.333833	0.973589	-0.192507
6.205	0.270671	4.85259	0.328965	0.977386	-0.190123
6.21	0.265931	4.85418	0.324079	0.981242	-0.187723
6.215	0.261184	4.85575	0.319172	0.98516	-0.185307
6.22	0.256429	4.85729	0.314247	0.989141	-0.182875
6.225	0.251666	4.85882	0.309301	0.993189	-0.180427
6.23	0.246896	4.86031	0.304335	0.997306	-0.177963
6.235	0.242118	4.86179	0.299348	1.00149	-0.175483
6.24	0.237333	4.86324	0.294341	1.00576	-0.172987
6.245	0.232541	4.86467	0.289312	1.0101	-0.170474
6.25	0.227742	4.86607	0.284262	1.01453	-0.167945
6.255	0.222935	4.86745	0.279189	1.01904	-0.1654
6.26	0.218122	4.8688	0.274094	1.02364	-0.162837
6.265	0.213302	4.87013	0.268976	1.02833	-0.160259
6.27	0.208475	4.87143	0.263834	1.03313	-0.157663
6.275	0.203641	4.87271	0.258668	1.03803	-0.15505
6.28	0.198801	4.87396	0.253478	1.04303	-0.15242
6.285	0.193954	4.87519	0.248263	1.04816	-0.149774
6.29	0.189101	4.8764	0.243022	1.0534	-0.147109
6.295	0.184242	4.87757	0.237755	1.05878	-0.144428
6.3	0.179376	4.87873	0.232461	1.06429	-0.141728
6.305	0.174505	4.87985	0.22714	1.06994	-0.139011
6.31	0.169627	4.88095	0.22179	1.07575	-0.136276
6.315	0.164744	4.88203	0.216411	1.08172	-0.133523
6.32	0.159855	4.88307	0.211003	1.08787	-0.130751
6.325	0.15496	4.88409	0.205563	1.0942	-0.127962
6.33	0.15006	4.88509	0.200092	1.10074	-0.125153
6.335	0.145154	4.88605	0.194589	1.10748	-0.122326
6.34	0.140243	4.88699	0.189051	1.11446	-0.11948
6.345	0.135327	4.88791	0.183479	1.12169	-0.116615
6.35	0.130406	4.88879	0.177871	1.12918	-0.11373
6.355	0.12548	4.88965	0.172225	1.13697	-0.110826
6.36	0.120549	4.89048	0.16654	1.14509	-0.107903
6.365	0.115614	4.89128	0.160814	1.15355	-0.10496
6.37	0.110674	4.89205	0.155047	1.1624	-0.101998
6.375	0.105729	4.89279	0.149235	1.17168	-0.0990155
6.38	0.100781	4.89351	0.143376	1.18143	-0.0960139
6.385	0.0958277	4.89419	0.137469	1.19172	-0.0929932
6.39	0.0908708	4.89485	0.13151	1.20261	-0.0899537
6.395	0.0859102	4.89547	0.125497	1.21418	-0.0868961
6.4	0.0809458	4.89607	0.119426	1.22654	-0.0838214
6.405	0.0759778	4.89663	0.113294	1.23981	-0.080731
6.41	0.0710065	4.89717	0.107095	1.25415	-0.0776271
6.415	0.0660319	4.89767	0.100824	1.26976	-0.0745127
6.42	0.0610542	4.89814	0.0944752	1.2869	-0.0713924
6.425	0.0560735	4.89858	0.0880407	1.30593	-0.0682725
6.43	0.0510901	4.89899	0.081511	1.32735	-0.0651629
6.435	0.0461041	4.89936	0.0748742	1.35188	-0.0620782
6.44	0.0411157	4.8997	0.0681148	1.38058	-0.0590414
6.445	0.0361251	4.90001	0.0612119	1.41513	-0.0560898
6.45	0.0311324	4.90028	0.0541363	1.45838	-0.0532862
6.455	0.0261379	4.90052	0.0468444	1.51552	-0.0507448
6.46	0.0211418	4.90071	0.0392668	1.59709	-0.0486907
6.465	0.0161442	4.90087	0.0312813	1.72801	-0.0476301
6.47	0.0111455	4.90098	0.0226413	1.9815	-0.0489676
6.475	0.0061459	4.90104	0.0127338	2.66707	-0.0585538
6.48	0.0011459	4.90104	-0.000601531	6.59574	-0.154498
