descriptor s_test R_test Z_test
0	1.54121	9.99999e-006	0.002	-0.402007	-0.00161577
0.005	1.53621	3.00501e-005	0.00401004	-0.404019	-0.00324732
0.01	1.53121	6.02006e-005	0.00603013	-0.406036	-0.00489467
0.015	1.52621	0.000100502	0.00806031	-0.408057	-0.00655785
0.02	1.52121	0.000151004	0.0101006	-0.410084	-0.00823687
0.025	1.51621	0.000211757	0.012151	-0.412116	-0.00993175
0.03	1.51121	0.000282813	0.0142116	-0.414153	-0.0116425
0.035	1.50621	0.000364221	0.0162824	-0.416196	-0.0133692
0.04	1.50121	0.000456033	0.0183633	-0.418244	-0.0151117
0.045	1.49621	0.000558298	0.0204546	-0.420297	-0.0168703
0.05	1.49122	0.000671069	0.022556	-0.422357	-0.0186447
0.055	1.48622	0.000794396	0.0246678	-0.424422	-0.0204352
0.06	1.48122	0.000928329	0.0267899	-0.426493	-0.0222416
0.065	1.47622	0.00107292	0.0289224	-0.42857	-0.0240641
0.07	1.47122	0.00122822	0.0310653	-0.430654	-0.0259026
0.075	1.46623	0.00139428	0.0332185	-0.432743	-0.0277571
0.08	1.46123	0.00157116	0.0353822	-0.43484	-0.0296277
0.085	1.45623	0.0017589	0.0375564	-0.436942	-0.0315144
0.09	1.45124	0.00195755	0.0397411	-0.439052	-0.0334172
0.095	1.44624	0.00216717	0.0419364	-0.441169	-0.0353361
0.1	1.44125	0.00238781	0.0441422	-0.443292	-0.0372712
0.105	1.43625	0.00261952	0.0463587	-0.445423	-0.0392225
0.11	1.43126	0.00286235	0.0485858	-0.44756	-0.0411899
0.115	1.42626	0.00311636	0.0508236	-0.449706	-0.0431735
0.12	1.42127	0.0033816	0.0530722	-0.451858	-0.0451733
0.125	1.41628	0.00365812	0.0553314	-0.454019	-0.0471894
0.13	1.41129	0.00394596	0.0576015	-0.456187	-0.0492218
0.135	1.4063	0.0042452	0.0598825	-0.458363	-0.0512704
0.14	1.40131	0.00455587	0.0621743	-0.460548	-0.0533353
0.145	1.39632	0.00487803	0.064477	-0.462741	-0.0554166
0.15	1.39133	0.00521174	0.0667907	-0.464942	-0.0575141
0.155	1.38634	0.00555704	0.0691154	-0.467151	-0.0596281
0.16	1.38135	0.00591399	0.0714512	-0.46937	-0.0617584
0.165	1.37636	0.00628265	0.073798	-0.471597	-0.0639051
0.17	1.37138	0.00666306	0.076156	-0.473834	-0.0660682
0.175	1.36639	0.00705528	0.0785252	-0.476079	-0.0682478
0.18	1.36141	0.00745937	0.0809056	-0.478334	-0.0704438
0.185	1.35643	0.00787537	0.0832973	-0.480599	-0.0726562
0.19	1.35145	0.00830335	0.0857003	-0.482874	-0.0748852
0.195	1.34647	0.00874335	0.0881146	-0.485158	-0.0771307
0.2	1.34149	0.00919544	0.0905404	-0.487452	-0.0793927
0.205	1.33651	0.00965966	0.0929777	-0.489757	-0.0816713
0.21	1.33153	0.0101361	0.0954265	-0.492072	-0.0839664
0.215	1.32655	0.0106247	0.0978868	-0.494398	-0.0862781
0.22	1.32158	0.0111257	0.100359	-0.496734	-0.0886065
0.225	1.31661	0.011639	0.102842	-0.499082	-0.0909515
0.23	1.31163	0.0121647	0.105338	-0.501441	-0.0933131
0.235	1.30666	0.0127029	0.107845	-0.503811	-0.0956914
0.24	1.30169	0.0132536	0.110364	-0.506193	-0.0980864
0.245	1.29673	0.0138169	0.112895	-0.508586	-0.100498
0.25	1.29176	0.0143928	0.115438	-0.510992	-0.102927
0.255	1.28679	0.0149814	0.117993	-0.51341	-0.105372
0.26	1.28183	0.0155827	0.12056	-0.51584	-0.107834
0.265	1.27687	0.0161968	0.123139	-0.518283	-0.110312
0.27	1.27191	0.0168238	0.125731	-0.520738	-0.112808
0.275	1.26695	0.0174637	0.128334	-0.523207	-0.11532
0.28	1.26199	0.0181166	0.13095	-0.525689	-0.11785
0.285	1.25704	0.0187825	0.133579	-0.528184	-0.120396
0.29	1.25208	0.0194615	0.13622	-0.530693	-0.122959
0.295	1.24713	0.0201537	0.138873	-0.533216	-0.125539
0.3	1.24218	0.020859	0.141539	-0.535754	-0.128136
0.305	1.23723	0.0215776	0.144218	-0.538305	-0.13075
0.31	1.23229	0.0223095	0.14691	-0.540872	-0.133381
0.315	1.22734	0.0230548	0.149614	-0.543453	-0.136028
0.32	1.2224	0.0238135	0.152331	-0.546049	-0.138693
0.325	1.21746	0.0245857	0.155061	-0.548661	-0.141375
0.33	1.21252	0.0253715	0.157805	-0.551289	-0.144074
0.335	1.20759	0.0261708	0.160561	-0.553932	-0.146791
0.34	1.20265	0.0269839	0.163331	-0.556592	-0.149524
0.345	1.19772	0.0278106	0.166114	-0.559268	-0.152274
0.35	1.19279	0.0286511	0.16891	-0.561961	-0.155042
0.355	1.18787	0.0295055	0.17172	-0.56467	-0.157826
0.36	1.18294	0.0303738	0.174543	-0.567397	-0.160628
0.365	1.17802	0.0312561	0.17738	-0.570142	-0.163447
0.37	1.1731	0.0321524	0.180231	-0.572904	-0.166284
0.375	1.16819	0.0330627	0.183096	-0.575685	-0.169138
0.38	1.16327	0.0339873	0.185974	-0.578484	-0.172008
0.385	1.15836	0.034926	0.188866	-0.581302	-0.174897
0.39	1.15345	0.035879	0.191773	-0.584138	-0.177802
0.395	1.14855	0.0368463	0.194694	-0.586995	-0.180725
0.4	1.14364	0.037828	0.197629	-0.58987	-0.183666
0.405	1.13874	0.0388242	0.200578	-0.592766	-0.186623
0.41	1.13385	0.0398349	0.203542	-0.595682	-0.189598
0.415	1.12895	0.0408602	0.20652	-0.598619	-0.192591
0.42	1.12406	0.0419001	0.209513	-0.601576	-0.195601
0.425	1.11918	0.0429547	0.212521	-0.604555	-0.198629
0.43	1.11429	0.0440241	0.215544	-0.607556	-0.201674
0.435	1.10941	0.0451084	0.218582	-0.610578	-0.204736
0.44	1.10453	0.0462075	0.221635	-0.613623	-0.207816
0.445	1.09966	0.0473216	0.224703	-0.61669	-0.210914
0.45	1.09479	0.0484507	0.227786	-0.619781	-0.214029
0.455	1.08992	0.0495949	0.230885	-0.622895	-0.217162
0.46	1.08506	0.0507542	0.234	-0.626032	-0.220313
0.465	1.0802	0.0519288	0.23713	-0.629194	-0.223481
0.47	1.07534	0.0531186	0.240276	-0.632381	-0.226667
0.475	1.07049	0.0543238	0.243438	-0.635592	-0.22987
0.48	1.06564	0.0555445	0.246616	-0.638829	-0.233091
0.485	1.06079	0.0567805	0.24981	-0.642091	-0.23633
0.49	1.05595	0.0580322	0.25302	-0.64538	-0.239587
0.495	1.05112	0.0592995	0.256247	-0.648695	-0.242861
0.5	1.04628	0.0605824	0.259491	-0.652037	-0.246154
0.505	1.04145	0.0618811	0.262751	-0.655407	-0.249464
0.51	1.03663	0.0631956	0.266028	-0.658804	-0.252792
0.515	1.03181	0.064526	0.269322	-0.662229	-0.256137
0.52	1.027	0.0658723	0.272633	-0.665684	-0.259501
0.525	1.02218	0.0672347	0.275961	-0.669167	-0.262882
0.53	1.01738	0.0686131	0.279307	-0.67268	-0.266282
0.535	1.01258	0.0700077	0.282671	-0.676224	-0.269699
0.54	1.00778	0.0714186	0.286052	-0.679797	-0.273134
0.545	1.00299	0.0728457	0.289451	-0.683402	-0.276587
0.55	0.998201	0.0742892	0.292868	-0.687038	-0.280058
0.555	0.993419	0.0757491	0.296303	-0.690707	-0.283546
0.56	0.988642	0.0772256	0.299756	-0.694407	-0.287053
0.565	0.98387	0.0787186	0.303228	-0.698141	-0.290578
0.57	0.979104	0.0802282	0.306719	-0.701908	-0.294121
0.575	0.974342	0.0817546	0.310229	-0.70571	-0.297681
0.58	0.969586	0.0832978	0.313757	-0.709545	-0.30126
0.585	0.964836	0.0848578	0.317305	-0.713416	-0.304857
0.59	0.960091	0.0864348	0.320872	-0.717323	-0.308471
0.595	0.955352	0.0880288	0.324459	-0.721266	-0.312104
0.6	0.950619	0.0896398	0.328065	-0.725245	-0.315755
0.605	0.945891	0.091268	0.331691	-0.729262	-0.319423
0.61	0.94117	0.0929135	0.335337	-0.733316	-0.32311
0.615	0.936454	0.0945762	0.339004	-0.737409	-0.326814
0.62	0.931745	0.0962563	0.342691	-0.741541	-0.330537
0.625	0.927042	0.0979539	0.346399	-0.745713	-0.334278
0.63	0.922345	0.099669	0.350127	-0.749924	-0.338036
0.635	0.917655	0.101402	0.353877	-0.754177	-0.341813
0.64	0.912972	0.103152	0.357648	-0.758471	-0.345607
0.645	0.908295	0.10492	0.36144	-0.762807	-0.349419
0.65	0.903624	0.106706	0.365254	-0.767185	-0.35325
0.655	0.898961	0.10851	0.36909	-0.771607	-0.357098
0.66	0.894305	0.110332	0.372948	-0.776073	-0.360964
0.665	0.889656	0.112172	0.376829	-0.780583	-0.364848
0.67	0.885014	0.11403	0.380732	-0.785139	-0.368749
0.675	0.880379	0.115906	0.384657	-0.78974	-0.372669
0.68	0.875752	0.1178	0.388606	-0.794388	-0.376606
0.685	0.871132	0.119713	0.392578	-0.799084	-0.380561
0.69	0.86652	0.121644	0.396573	-0.803827	-0.384534
0.695	0.861916	0.123594	0.400592	-0.808619	-0.388524
0.7	0.85732	0.125563	0.404636	-0.81346	-0.392532
0.705	0.852732	0.12755	0.408703	-0.818351	-0.396558
0.71	0.848152	0.129556	0.412795	-0.823293	-0.400601
0.715	0.84358	0.13158	0.416911	-0.828286	-0.404661
0.72	0.839017	0.133624	0.421052	-0.833331	-0.408739
0.725	0.834462	0.135687	0.425219	-0.83843	-0.412834
0.73	0.829916	0.137768	0.429411	-0.843582	-0.416947
0.735	0.825379	0.139869	0.433629	-0.848788	-0.421076
0.74	0.82085	0.141989	0.437873	-0.85405	-0.425223
0.745	0.816331	0.144129	0.442143	-0.859367	-0.429387
0.75	0.811821	0.146287	0.44644	-0.864741	-0.433568
0.755	0.807321	0.148466	0.450764	-0.870172	-0.437765
0.76	0.80283	0.150663	0.455115	-0.875662	-0.44198
0.765	0.798348	0.152881	0.459493	-0.88121	-0.446211
0.77	0.793877	0.155118	0.463899	-0.886819	-0.450458
0.775	0.789415	0.157375	0.468333	-0.892487	-0.454722
0.78	0.784964	0.159652	0.472796	-0.898217	-0.459002
0.785	0.780522	0.161949	0.477287	-0.904009	-0.463299
0.79	0.776092	0.164266	0.481807	-0.909864	-0.467611
0.795	0.771671	0.166603	0.486356	-0.915782	-0.471939
0.8	0.767262	0.16896	0.490935	-0.921765	-0.476283
0.805	0.762863	0.171338	0.495544	-0.927813	-0.480643
0.81	0.758476	0.173735	0.500183	-0.933927	-0.485018
0.815	0.7541	0.176154	0.504853	-0.940108	-0.489408
0.82	0.749735	0.178593	0.509553	-0.946356	-0.493813
0.825	0.745382	0.181052	0.514285	-0.952672	-0.498234
0.83	0.74104	0.183533	0.519048	-0.959058	-0.502668
0.835	0.736711	0.186034	0.523844	-0.965513	-0.507117
0.84	0.732393	0.188556	0.528671	-0.972039	-0.511581
0.845	0.728088	0.191099	0.533531	-0.978637	-0.516058
0.85	0.723796	0.193662	0.538424	-0.985307	-0.520549
0.855	0.719516	0.196247	0.543351	-0.992049	-0.525054
0.86	0.715249	0.198854	0.548311	-0.998865	-0.529571
0.865	0.710995	0.201481	0.553306	-1.00576	-0.534102
0.87	0.706754	0.20413	0.558334	-1.01272	-0.538645
0.875	0.702527	0.2068	0.563398	-1.01976	-0.5432
0.88	0.698313	0.209492	0.568497	-1.02688	-0.547768
0.885	0.694114	0.212206	0.573631	-1.03407	-0.552347
0.89	0.689928	0.214941	0.578802	-1.04135	-0.556937
0.895	0.685757	0.217698	0.584008	-1.0487	-0.561538
0.9	0.6816	0.220476	0.589252	-1.05613	-0.56615
0.905	0.677458	0.223277	0.594532	-1.06364	-0.570771
0.91	0.673331	0.2261	0.599851	-1.07123	-0.575403
0.915	0.669219	0.228944	0.605207	-1.0789	-0.580043
0.92	0.665122	0.231811	0.610601	-1.08665	-0.584693
0.925	0.661041	0.2347	0.616034	-1.09448	-0.589351
0.93	0.656976	0.237611	0.621507	-1.1024	-0.594016
0.935	0.652927	0.240545	0.627019	-1.11039	-0.598689
0.94	0.648895	0.243501	0.632571	-1.11847	-0.603369
0.945	0.644879	0.24648	0.638163	-1.12664	-0.608055
0.95	0.64088	0.249481	0.643796	-1.13488	-0.612746
0.955	0.636898	0.252505	0.649471	-1.14322	-0.617443
0.96	0.632933	0.255551	0.655187	-1.15163	-0.622144
0.965	0.628986	0.258621	0.660945	-1.16013	-0.626849
0.97	0.625057	0.261713	0.666746	-1.16871	-0.631556
0.975	0.621146	0.264828	0.672589	-1.17738	-0.636267
0.98	0.617253	0.267966	0.678476	-1.18613	-0.640978
0.985	0.613379	0.271127	0.684407	-1.19497	-0.645691
0.99	0.609524	0.274311	0.690382	-1.20388	-0.650404
0.995	0.605688	0.277518	0.696401	-1.21289	-0.655116
1	0.601872	0.280749	0.702465	-1.22197	-0.659827
1.005	0.598076	0.284003	0.708575	-1.23114	-0.664535
1.01	0.594299	0.28728	0.714731	-1.24039	-0.66924
1.015	0.590543	0.29058	0.720933	-1.24972	-0.67394
1.02	0.586808	0.293904	0.727182	-1.25914	-0.678636
1.025	0.583094	0.297251	0.733477	-1.26863	-0.683325
1.03	0.579401	0.300622	0.73982	-1.27821	-0.688007
1.035	0.57573	0.304016	0.746211	-1.28786	-0.69268
1.04	0.57208	0.307434	0.752651	-1.29759	-0.697344
1.045	0.568453	0.310876	0.759139	-1.30739	-0.701998
1.05	0.564849	0.314341	0.765676	-1.31727	-0.706639
1.055	0.561267	0.31783	0.772262	-1.32723	-0.711268
1.06	0.557708	0.321342	0.778898	-1.33725	-0.715882
1.065	0.554174	0.324878	0.785584	-1.34735	-0.720481
1.07	0.550663	0.328438	0.792321	-1.35751	-0.725063
1.075	0.547176	0.332022	0.799109	-1.36774	-0.729627
1.08	0.543714	0.335629	0.805947	-1.37803	-0.734171
1.085	0.540276	0.33926	0.812837	-1.38838	-0.738693
1.09	0.536865	0.342915	0.819779	-1.3988	-0.743193
1.095	0.533478	0.346594	0.826773	-1.40927	-0.747669
1.1	0.530118	0.350297	0.83382	-1.41979	-0.752119
1.105	0.526784	0.354023	0.840919	-1.43036	-0.756541
1.11	0.523477	0.357773	0.84807	-1.44098	-0.760934
1.115	0.520197	0.361547	0.855275	-1.45165	-0.765297
1.12	0.516944	0.365344	0.862534	-1.46235	-0.769626
1.125	0.51372	0.369165	0.869845	-1.47309	-0.773921
1.13	0.510523	0.37301	0.877211	-1.48386	-0.77818
1.135	0.507355	0.376879	0.88463	-1.49466	-0.7824
1.14	0.504216	0.380771	0.892103	-1.50548	-0.78658
1.145	0.501107	0.384686	0.899631	-1.51632	-0.790717
1.15	0.498027	0.388625	0.907213	-1.52718	-0.794811
1.155	0.494978	0.392587	0.914848	-1.53804	-0.798857
1.16	0.491959	0.396573	0.922539	-1.5489	-0.802855
1.165	0.488971	0.400582	0.930283	-1.55976	-0.806803
1.17	0.486014	0.404614	0.938082	-1.57062	-0.810697
1.175	0.483089	0.408669	0.945935	-1.58145	-0.814536
1.18	0.480196	0.412748	0.953842	-1.59227	-0.818317
1.185	0.477336	0.416849	0.961804	-1.60305	-0.822038
1.19	0.474509	0.420973	0.969819	-1.6138	-0.825697
1.195	0.471715	0.425119	0.977888	-1.62451	-0.829291
1.2	0.468955	0.429288	0.98601	-1.63516	-0.832817
1.205	0.466229	0.43348	0.994186	-1.64576	-0.836274
1.21	0.463538	0.437694	1.00242	-1.65629	-0.839658
1.215	0.460881	0.44193	1.0107	-1.66675	-0.842968
1.22	0.45826	0.446188	1.01903	-1.67712	-0.846199
1.225	0.455675	0.450468	1.02742	-1.6874	-0.849351
1.23	0.453126	0.454769	1.03585	-1.69758	-0.85242
1.235	0.450614	0.459092	1.04434	-1.70765	-0.855403
1.24	0.448138	0.463436	1.05288	-1.7176	-0.858298
1.245	0.4457	0.467802	1.06147	-1.72742	-0.861102
1.25	0.4433	0.472188	1.0701	-1.7371	-0.863812
1.255	0.440938	0.476595	1.07879	-1.74663	-0.866426
1.26	0.438615	0.481022	1.08752	-1.75599	-0.868941
1.265	0.43633	0.48547	1.0963	-1.76519	-0.871354
1.27	0.434085	0.489938	1.10513	-1.7742	-0.873663
1.275	0.43188	0.494425	1.114	-1.78302	-0.875865
1.28	0.429715	0.498932	1.12291	-1.79164	-0.877956
1.285	0.42759	0.503458	1.13187	-1.80004	-0.879936
1.29	0.425506	0.508003	1.14087	-1.80822	-0.8818
1.295	0.423463	0.512566	1.14991	-1.81616	-0.883546
1.3	0.421462	0.517148	1.159	-1.82384	-0.885172
1.305	0.419502	0.521748	1.16811	-1.83127	-0.886675
1.31	0.417585	0.526366	1.17727	-1.83843	-0.888053
1.315	0.41571	0.531001	1.18646	-1.8453	-0.889302
1.32	0.413878	0.535654	1.19569	-1.85187	-0.890422
1.325	0.41209	0.540323	1.20495	-1.85814	-0.89141
1.33	0.410345	0.545008	1.21424	-1.86409	-0.892262
1.335	0.408643	0.54971	1.22356	-1.86971	-0.892978
1.34	0.406986	0.554427	1.23291	-1.87499	-0.893555
1.345	0.405372	0.55916	1.24228	-1.87992	-0.893991
1.35	0.403804	0.563908	1.25168	-1.88449	-0.894285
1.355	0.40228	0.56867	1.26111	-1.88869	-0.894433
1.36	0.400801	0.573446	1.27055	-1.8925	-0.894436
1.365	0.399368	0.578236	1.28001	-1.89592	-0.894291
1.37	0.39798	0.58304	1.28949	-1.89894	-0.893996
1.375	0.396637	0.587856	1.29899	-1.90155	-0.893551
1.38	0.395341	0.592685	1.30849	-1.90374	-0.892954
1.385	0.39409	0.597526	1.31801	-1.9055	-0.892205
1.39	0.392886	0.602379	1.32754	-1.90683	-0.891301
1.395	0.391728	0.607243	1.33707	-1.90771	-0.890243
1.4	0.390616	0.612118	1.34661	-1.90814	-0.88903
1.405	0.389551	0.617003	1.35615	-1.90811	-0.887661
1.41	0.388533	0.621898	1.36569	-1.90762	-0.886136
1.415	0.387561	0.626803	1.37523	-1.90666	-0.884455
1.42	0.386637	0.631717	1.38477	-1.90523	-0.882618
1.425	0.385759	0.636639	1.39429	-1.90333	-0.880625
1.43	0.384928	0.641569	1.40381	-1.90094	-0.878476
1.435	0.384143	0.646508	1.41331	-1.89807	-0.876171
1.44	0.383406	0.651453	1.4228	-1.89471	-0.873712
1.445	0.382716	0.656405	1.43228	-1.89087	-0.871099
1.45	0.382072	0.661363	1.44173	-1.88654	-0.868333
1.455	0.381475	0.666328	1.45116	-1.88172	-0.865416
1.46	0.380925	0.671297	1.46057	-1.87642	-0.862347
1.465	0.380422	0.676272	1.46995	-1.87063	-0.85913
1.47	0.379965	0.681251	1.47931	-1.86436	-0.855765
1.475	0.379555	0.686234	1.48863	-1.85761	-0.852254
1.48	0.379191	0.691221	1.49792	-1.85038	-0.848599
1.485	0.378873	0.696211	1.50717	-1.84268	-0.844803
1.49	0.378601	0.701203	1.51638	-1.83452	-0.840866
1.495	0.378375	0.706198	1.52556	-1.82589	-0.836793
1.5	0.378194	0.711195	1.53468	-1.8168	-0.832584
1.505	0.378059	0.716193	1.54377	-1.80727	-0.828244
1.51	0.377969	0.721192	1.55281	-1.79729	-0.823773
1.515	0.377924	0.726192	1.56179	-1.78688	-0.819176
1.52	0.377924	0.731192	1.57073	-1.77605	-0.814455
1.525	0.377968	0.736192	1.57961	-1.7648	-0.809614
1.53	0.378056	0.741191	1.58843	-1.75314	-0.804654
1.535	0.378188	0.746189	1.5972	-1.74109	-0.79958
1.54	0.378364	0.751186	1.6059	-1.72866	-0.794395
1.545	0.378582	0.756182	1.61454	-1.71585	-0.789103
1.55	0.378844	0.761175	1.62312	-1.70267	-0.783706
1.555	0.379148	0.766165	1.63164	-1.68915	-0.778208
1.56	0.379494	0.771153	1.64008	-1.67529	-0.772613
1.565	0.379882	0.776138	1.64846	-1.6611	-0.766924
1.57	0.380311	0.78112	1.65676	-1.64659	-0.761146
1.575	0.380781	0.786098	1.665	-1.63179	-0.755281
1.58	0.381292	0.791072	1.67316	-1.6167	-0.749334
1.585	0.381843	0.796041	1.68124	-1.60134	-0.743308
1.59	0.382434	0.801006	1.68925	-1.58571	-0.737206
1.595	0.383065	0.805966	1.69718	-1.56984	-0.731034
1.6	0.383734	0.810921	1.70502	-1.55374	-0.724794
1.605	0.384441	0.815871	1.71279	-1.53741	-0.718489
1.61	0.385187	0.820815	1.72048	-1.52088	-0.712125
1.615	0.38597	0.825753	1.72808	-1.50416	-0.705704
1.62	0.38679	0.830686	1.73561	-1.48726	-0.699231
1.625	0.387647	0.835612	1.74304	-1.47019	-0.692708
1.63	0.388541	0.840531	1.75039	-1.45297	-0.686139
1.635	0.389469	0.845444	1.75766	-1.43561	-0.679529
1.64	0.390434	0.85035	1.76484	-1.41813	-0.67288
1.645	0.391432	0.855249	1.77193	-1.40053	-0.666195
1.65	0.392466	0.860142	1.77893	-1.38284	-0.659479
1.655	0.393533	0.865026	1.78584	-1.36505	-0.652735
1.66	0.394633	0.869904	1.79267	-1.34719	-0.645965
1.665	0.395766	0.874774	1.7994	-1.32927	-0.639173
1.67	0.396931	0.879636	1.80605	-1.31129	-0.632363
1.675	0.398129	0.884491	1.81261	-1.29328	-0.625537
1.68	0.399357	0.889337	1.81907	-1.27523	-0.618698
1.685	0.400617	0.894176	1.82545	-1.25717	-0.611849
1.69	0.401907	0.899007	1.83174	-1.2391	-0.604993
1.695	0.403227	0.903829	1.83793	-1.22103	-0.598133
1.7	0.404576	0.908644	1.84404	-1.20298	-0.591271
1.705	0.405954	0.91345	1.85005	-1.18495	-0.58441
1.71	0.407361	0.918248	1.85598	-1.16695	-0.577553
1.715	0.408795	0.923038	1.86181	-1.14898	-0.570702
1.72	0.410258	0.927819	1.86756	-1.13107	-0.563859
1.725	0.411747	0.932593	1.87321	-1.11322	-0.557027
1.73	0.413262	0.937357	1.87878	-1.09543	-0.550207
1.735	0.414804	0.942114	1.88425	-1.07771	-0.543403
1.74	0.416372	0.946862	1.88964	-1.06007	-0.536615
1.745	0.417964	0.951601	1.89494	-1.04252	-0.529847
1.75	0.419581	0.956333	1.90016	-1.02506	-0.523099
1.755	0.421223	0.961055	1.90528	-1.0077	-0.516373
1.76	0.422888	0.96577	1.91032	-0.990446	-0.509672
1.765	0.424576	0.970476	1.91527	-0.973303	-0.502997
1.77	0.426288	0.975174	1.92014	-0.956275	-0.496349
1.775	0.428022	0.979864	1.92492	-0.939368	-0.489731
1.78	0.429777	0.984546	1.92962	-0.922587	-0.483142
1.785	0.431555	0.989219	1.93423	-0.905935	-0.476586
1.79	0.433353	0.993884	1.93876	-0.889418	-0.470062
1.795	0.435173	0.998542	1.94321	-0.873038	-0.463573
1.8	0.437012	1.00319	1.94757	-0.856799	-0.457119
1.805	0.438872	1.00783	1.95186	-0.840705	-0.450702
1.81	0.440751	1.01247	1.95606	-0.824759	-0.444322
1.815	0.442649	1.01709	1.96018	-0.808963	-0.437981
1.82	0.444566	1.02171	1.96423	-0.793319	-0.431679
1.825	0.446501	1.02632	1.96819	-0.777831	-0.425418
1.83	0.448454	1.03092	1.97208	-0.7625	-0.419197
1.835	0.450424	1.03552	1.9759	-0.747327	-0.413018
1.84	0.452412	1.04011	1.97963	-0.732316	-0.406882
1.845	0.454417	1.04469	1.98329	-0.717466	-0.400788
1.85	0.456438	1.04926	1.98688	-0.70278	-0.394739
1.855	0.458475	1.05383	1.9904	-0.688258	-0.388733
1.86	0.460527	1.05839	1.99384	-0.673901	-0.382773
1.865	0.462595	1.06294	1.99721	-0.659711	-0.376857
1.87	0.464678	1.06748	2.0005	-0.645687	-0.370987
1.875	0.466776	1.07202	2.00373	-0.63183	-0.365163
1.88	0.468888	1.07655	2.00689	-0.61814	-0.359386
1.885	0.471014	1.08108	2.00998	-0.604617	-0.353655
1.89	0.473154	1.0856	2.01301	-0.591262	-0.34797
1.895	0.475307	1.09011	2.01596	-0.578074	-0.342333
1.9	0.477473	1.09462	2.01885	-0.565053	-0.336743
1.905	0.479652	1.09912	2.02168	-0.552199	-0.331201
1.91	0.481843	1.10361	2.02444	-0.539511	-0.325706
1.915	0.484046	1.1081	2.02714	-0.526989	-0.320259
1.92	0.486261	1.11258	2.02977	-0.514632	-0.314859
1.925	0.488488	1.11706	2.03234	-0.502438	-0.309507
1.93	0.490726	1.12153	2.03486	-0.490409	-0.304203
1.935	0.492975	1.126	2.03731	-0.478542	-0.298947
1.94	0.495234	1.13046	2.0397	-0.466836	-0.293739
1.945	0.497504	1.13491	2.04204	-0.455291	-0.288578
1.95	0.499784	1.13936	2.04431	-0.443906	-0.283466
1.955	0.502074	1.14381	2.04653	-0.432679	-0.278401
1.96	0.504374	1.14825	2.0487	-0.421609	-0.273383
1.965	0.506683	1.15268	2.0508	-0.410694	-0.268413
1.97	0.509001	1.15711	2.05286	-0.399935	-0.26349
1.975	0.511328	1.16154	2.05486	-0.389328	-0.258614
1.98	0.513663	1.16596	2.0568	-0.378873	-0.253785
1.985	0.516007	1.17037	2.0587	-0.368569	-0.249004
1.99	0.518359	1.17479	2.06054	-0.358413	-0.244268
1.995	0.520719	1.1792	2.06233	-0.348405	-0.23958
2	0.523087	1.1836	2.06407	-0.338543	-0.234937
2.005	0.525462	1.188	2.06577	-0.328825	-0.23034
2.01	0.527844	1.19239	2.06741	-0.31925	-0.22579
2.015	0.530233	1.19679	2.06901	-0.309816	-0.221285
2.02	0.532629	1.20118	2.07056	-0.300521	-0.216825
2.025	0.535032	1.20556	2.07206	-0.291365	-0.21241
2.03	0.537441	1.20994	2.07352	-0.282345	-0.20804
2.035	0.539856	1.21432	2.07493	-0.27346	-0.203715
2.04	0.542277	1.21869	2.07629	-0.264708	-0.199434
2.045	0.544704	1.22307	2.07762	-0.256088	-0.195197
2.05	0.547137	1.22743	2.0789	-0.247597	-0.191003
2.055	0.549575	1.2318	2.08014	-0.239235	-0.186854
2.06	0.552018	1.23616	2.08133	-0.230999	-0.182747
2.065	0.554466	1.24052	2.08249	-0.222888	-0.178683
2.07	0.55692	1.24488	2.0836	-0.214901	-0.174662
2.075	0.559377	1.24923	2.08468	-0.207035	-0.170683
2.08	0.56184	1.25358	2.08571	-0.199289	-0.166746
2.085	0.564306	1.25793	2.08671	-0.191662	-0.16285
2.09	0.566777	1.26228	2.08767	-0.184152	-0.158996
2.095	0.569252	1.26663	2.08859	-0.176756	-0.155183
2.1	0.571731	1.27097	2.08947	-0.169474	-0.151411
2.105	0.574213	1.27531	2.09032	-0.162305	-0.147679
2.11	0.576699	1.27965	2.09113	-0.155245	-0.143987
2.115	0.579188	1.28398	2.09191	-0.148295	-0.140335
2.12	0.58168	1.28832	2.09265	-0.141451	-0.136723
2.125	0.584176	1.29265	2.09336	-0.134714	-0.13315
2.13	0.586674	1.29698	2.09403	-0.12808	-0.129615
2.135	0.589176	1.30131	2.09467	-0.121549	-0.126119
2.14	0.591679	1.30564	2.09528	-0.11512	-0.122662
2.145	0.594186	1.30996	2.09585	-0.10879	-0.119242
2.15	0.596694	1.31429	2.0964	-0.102558	-0.11586
2.155	0.599205	1.31861	2.09691	-0.0964225	-0.112515
2.16	0.601718	1.32294	2.09739	-0.0903826	-0.109207
2.165	0.604233	1.32726	2.09784	-0.0844364	-0.105936
2.17	0.60675	1.33158	2.09827	-0.0785827	-0.102701
2.175	0.609268	1.3359	2.09866	-0.0728199	-0.0995027
2.18	0.611788	1.34022	2.09902	-0.0671467	-0.0963398
2.185	0.61431	1.34453	2.09936	-0.0615617	-0.0932124
2.19	0.616833	1.34885	2.09967	-0.0560636	-0.0901202
2.195	0.619357	1.35317	2.09995	-0.050651	-0.0870628
2.2	0.621882	1.35748	2.1002	-0.0453226	-0.08404
2.205	0.624408	1.3618	2.10043	-0.0400771	-0.0810515
2.21	0.626935	1.36611	2.10063	-0.0349132	-0.078097
2.215	0.629462	1.37043	2.1008	-0.0298296	-0.0751762
2.22	0.631991	1.37474	2.10095	-0.0248251	-0.0722888
2.225	0.63452	1.37905	2.10107	-0.0198985	-0.0694345
2.23	0.637049	1.38337	2.10117	-0.0150484	-0.066613
2.235	0.639578	1.38768	2.10125	-0.0102738	-0.0638242
2.24	0.642108	1.39199	2.1013	-0.00557337	-0.0610676
2.245	0.644638	1.3963	2.10133	-0.000945983	-0.058343
2.25	0.647168	1.40062	2.10133	0.00360951	-0.0556502
2.255	0.649698	1.40493	2.10132	0.00809427	-0.0529888
2.26	0.652228	1.40924	2.10127	0.0125094	-0.0503586
2.265	0.654757	1.41356	2.10121	0.016856	-0.0477594
2.27	0.657286	1.41787	2.10113	0.0211352	-0.0451908
2.275	0.659815	1.42218	2.10102	0.025348	-0.0426526
2.28	0.662343	1.4265	2.1009	0.0294956	-0.0401446
2.285	0.664871	1.43081	2.10075	0.0335789	-0.0376664
2.29	0.667397	1.43512	2.10058	0.037599	-0.0352179
2.295	0.669923	1.43944	2.10039	0.0415569	-0.0327988
2.3	0.672448	1.44375	2.10018	0.0454536	-0.0304088
2.305	0.674972	1.44807	2.09996	0.0492901	-0.0280477
2.31	0.677495	1.45239	2.09971	0.0530673	-0.0257152
2.315	0.680017	1.45671	2.09945	0.0567862	-0.0234111
2.32	0.682538	1.46102	2.09916	0.0604478	-0.0211352
2.325	0.685057	1.46534	2.09886	0.0640529	-0.0188873
2.33	0.687575	1.46966	2.09854	0.0676025	-0.016667
2.335	0.690091	1.47398	2.0982	0.0710974	-0.0144742
2.34	0.692606	1.4783	2.09785	0.0745386	-0.0123086
2.345	0.69512	1.48263	2.09747	0.0779269	-0.0101701
2.35	0.697631	1.48695	2.09708	0.0812632	-0.00805829
2.355	0.700141	1.49127	2.09668	0.0845483	-0.00597309
2.36	0.702649	1.4956	2.09625	0.087783	-0.00391424
2.365	0.705155	1.49993	2.09582	0.0909682	-0.00188153
2.37	0.70766	1.50425	2.09536	0.0941046	0.000125267
2.375	0.710162	1.50858	2.09489	0.097193	0.00210635
2.38	0.712662	1.51291	2.0944	0.100234	0.00406194
2.385	0.71516	1.51724	2.0939	0.103229	0.00599222
2.39	0.717655	1.52158	2.09339	0.106178	0.00789742
2.395	0.720149	1.52591	2.09286	0.109083	0.00977773
2.4	0.72264	1.53025	2.09231	0.111943	0.0116333
2.405	0.725128	1.53458	2.09175	0.114759	0.0134645
2.41	0.727614	1.53892	2.09118	0.117533	0.0152713
2.415	0.730098	1.54326	2.09059	0.120265	0.017054
2.42	0.732579	1.5476	2.08999	0.122955	0.0188128
2.425	0.735057	1.55194	2.08937	0.125604	0.0205479
2.43	0.737532	1.55629	2.08874	0.128214	0.0222594
2.435	0.740005	1.56063	2.0881	0.130784	0.0239476
2.44	0.742475	1.56498	2.08745	0.133315	0.0256126
2.445	0.744942	1.56933	2.08678	0.135808	0.0272545
2.45	0.747406	1.57368	2.0861	0.138263	0.0288737
2.455	0.749867	1.57803	2.08541	0.140682	0.0304702
2.46	0.752325	1.58239	2.08471	0.143064	0.0320443
2.465	0.75478	1.58674	2.08399	0.14541	0.033596
2.47	0.757231	1.5911	2.08327	0.147722	0.0351256
2.475	0.75968	1.59546	2.08253	0.149998	0.0366333
2.48	0.762125	1.59982	2.08178	0.152241	0.0381191
2.485	0.764567	1.60419	2.08102	0.15445	0.0395833
2.49	0.767005	1.60855	2.08025	0.156626	0.0410261
2.495	0.76944	1.61292	2.07946	0.15877	0.0424475
2.5	0.771872	1.61729	2.07867	0.160881	0.0438477
2.505	0.7743	1.62166	2.07786	0.162962	0.045227
2.51	0.776724	1.62603	2.07705	0.165011	0.0465854
2.515	0.779145	1.63041	2.07622	0.16703	0.0479231
2.52	0.781563	1.63478	2.07539	0.16902	0.0492403
2.525	0.783976	1.63916	2.07454	0.170979	0.050537
2.53	0.786386	1.64354	2.07369	0.17291	0.0518135
2.535	0.788792	1.64793	2.07282	0.174813	0.05307
2.54	0.791194	1.65231	2.07195	0.176687	0.0543064
2.545	0.793592	1.6567	2.07107	0.178534	0.055523
2.55	0.795987	1.66109	2.07017	0.180354	0.05672
2.555	0.798377	1.66548	2.06927	0.182147	0.0578974
2.56	0.800764	1.66987	2.06836	0.183914	0.0590554
2.565	0.803146	1.67427	2.06744	0.185655	0.0601941
2.57	0.805524	1.67867	2.06651	0.187371	0.0613137
2.575	0.807899	1.68307	2.06558	0.189061	0.0624143
2.58	0.810269	1.68747	2.06463	0.190727	0.0634961
2.585	0.812634	1.69187	2.06368	0.192369	0.0645591
2.59	0.814996	1.69628	2.06272	0.193988	0.0656035
2.595	0.817353	1.70069	2.06175	0.195582	0.0666294
2.6	0.819706	1.7051	2.06077	0.197154	0.0676369
2.605	0.822055	1.70952	2.05978	0.198703	0.0686262
2.61	0.824399	1.71393	2.05879	0.20023	0.0695974
2.615	0.826739	1.71835	2.05779	0.201735	0.0705507
2.62	0.829075	1.72277	2.05678	0.203218	0.071486
2.625	0.831405	1.7272	2.05576	0.20468	0.0724036
2.63	0.833732	1.73162	2.05474	0.206121	0.0733036
2.635	0.836054	1.73605	2.05371	0.207542	0.074186
2.64	0.838371	1.74048	2.05267	0.208942	0.0750511
2.645	0.840683	1.74491	2.05163	0.210322	0.0758988
2.65	0.842991	1.74935	2.05057	0.211683	0.0767294
2.655	0.845295	1.75379	2.04952	0.213025	0.077543
2.66	0.847593	1.75823	2.04845	0.214348	0.0783395
2.665	0.849887	1.76267	2.04738	0.215652	0.0791193
2.67	0.852176	1.76712	2.0463	0.216938	0.0798823
2.675	0.85446	1.77156	2.04522	0.218206	0.0806286
2.68	0.856739	1.77601	2.04413	0.219456	0.0813585
2.685	0.859013	1.78047	2.04303	0.220688	0.0820719
2.69	0.861283	1.78492	2.04192	0.221904	0.082769
2.695	0.863547	1.78938	2.04082	0.223103	0.08345
2.7	0.865807	1.79384	2.0397	0.224285	0.0841148
2.705	0.868062	1.7983	2.03858	0.22545	0.0847636
2.71	0.870311	1.80277	2.03745	0.2266	0.0853964
2.715	0.872555	1.80724	2.03632	0.227734	0.0860135
2.72	0.874795	1.81171	2.03518	0.228852	0.0866149
2.725	0.877029	1.81618	2.03404	0.229955	0.0872006
2.73	0.879258	1.82066	2.03289	0.231043	0.0877709
2.735	0.881482	1.82513	2.03173	0.232116	0.0883257
2.74	0.883701	1.82961	2.03057	0.233175	0.0888651
2.745	0.885914	1.8341	2.0294	0.234219	0.0893894
2.75	0.888123	1.83858	2.02823	0.235249	0.0898985
2.755	0.890326	1.84307	2.02706	0.236266	0.0903925
2.76	0.892523	1.84756	2.02588	0.237269	0.0908716
2.765	0.894716	1.85206	2.02469	0.238258	0.0913358
2.77	0.896902	1.85655	2.0235	0.239234	0.0917852
2.775	0.899084	1.86105	2.0223	0.240198	0.09222
2.78	0.90126	1.86555	2.0211	0.241148	0.0926401
2.785	0.903431	1.87006	2.01989	0.242086	0.0930457
2.79	0.905596	1.87456	2.01868	0.243012	0.0934368
2.795	0.907756	1.87907	2.01747	0.243926	0.0938136
2.8	0.909911	1.88359	2.01625	0.244828	0.0941762
2.805	0.912059	1.8881	2.01503	0.245718	0.0945245
2.81	0.914203	1.89262	2.0138	0.246596	0.0948588
2.815	0.91634	1.89714	2.01256	0.247463	0.095179
2.82	0.918472	1.90166	2.01133	0.24832	0.0954853
2.825	0.920599	1.90619	2.01008	0.249165	0.0957778
2.83	0.92272	1.91071	2.00884	0.249999	0.0960564
2.835	0.924835	1.91524	2.00759	0.250823	0.0963214
2.84	0.926944	1.91978	2.00633	0.251637	0.0965727
2.845	0.929048	1.92431	2.00508	0.25244	0.0968105
2.85	0.931146	1.92885	2.00381	0.253233	0.0970349
2.855	0.933239	1.93339	2.00255	0.254017	0.0972458
2.86	0.935325	1.93794	2.00128	0.25479	0.0974435
2.865	0.937406	1.94248	2	0.255554	0.0976279
2.87	0.939481	1.94703	1.99873	0.256309	0.0977992
2.875	0.94155	1.95158	1.99745	0.257055	0.0979573
2.88	0.943613	1.95614	1.99616	0.257791	0.0981025
2.885	0.945671	1.9607	1.99487	0.258519	0.0982347
2.89	0.947722	1.96526	1.99358	0.259238	0.098354
2.895	0.949768	1.96982	1.99228	0.259948	0.0984606
2.9	0.951807	1.97438	1.99098	0.26065	0.0985544
2.905	0.953841	1.97895	1.98968	0.261344	0.0986356
2.91	0.955869	1.98352	1.98837	0.26203	0.0987042
2.915	0.95789	1.98809	1.98706	0.262707	0.0987603
2.92	0.959906	1.99267	1.98575	0.263377	0.0988039
2.925	0.961916	1.99725	1.98443	0.264039	0.0988352
2.93	0.96392	2.00183	1.98311	0.264693	0.0988542
2.935	0.965917	2.00641	1.98179	0.26534	0.0988609
2.94	0.967909	2.011	1.98046	0.26598	0.0988555
2.945	0.969894	2.01559	1.97913	0.266612	0.0988379
2.95	0.971873	2.02018	1.9778	0.267238	0.0988083
2.955	0.973846	2.02477	1.97646	0.267856	0.0987668
2.96	0.975813	2.02937	1.97512	0.268468	0.0987134
2.965	0.977774	2.03397	1.97378	0.269073	0.0986481
2.97	0.979729	2.03857	1.97244	0.269672	0.098571
2.975	0.981677	2.04318	1.97109	0.270264	0.0984823
2.98	0.98362	2.04778	1.96974	0.27085	0.0983818
2.985	0.985556	2.05239	1.96838	0.27143	0.0982699
2.99	0.987485	2.05701	1.96702	0.272003	0.0981464
2.995	0.989409	2.06162	1.96566	0.272571	0.0980114
3	0.991326	2.06624	1.9643	0.273133	0.097865
3.005	0.993237	2.07086	1.96294	0.273689	0.0977073
3.01	0.995141	2.07548	1.96157	0.27424	0.0975384
3.015	0.997039	2.08011	1.9602	0.274785	0.0973582
3.02	0.998931	2.08474	1.95882	0.275324	0.0971669
3.025	1.00082	2.08937	1.95745	0.275859	0.0969645
3.03	1.0027	2.094	1.95607	0.276388	0.0967511
3.035	1.00457	2.09864	1.95468	0.276912	0.0965267
3.04	1.00643	2.10328	1.9533	0.277431	0.0962914
3.045	1.00829	2.10792	1.95191	0.277945	0.0960453
3.05	1.01015	2.11256	1.95052	0.278454	0.0957884
3.055	1.01199	2.11721	1.94913	0.278959	0.0955207
3.06	1.01383	2.12186	1.94774	0.279459	0.0952424
3.065	1.01567	2.12651	1.94634	0.279955	0.0949535
3.07	1.0175	2.13116	1.94494	0.280446	0.094654
3.075	1.01932	2.13582	1.94354	0.280933	0.094344
3.08	1.02113	2.14048	1.94213	0.281416	0.0940236
3.085	1.02294	2.14514	1.94072	0.281894	0.0936927
3.09	1.02474	2.14981	1.93932	0.282369	0.0933516
3.095	1.02653	2.15447	1.9379	0.28284	0.0930002
3.1	1.02832	2.15914	1.93649	0.283306	0.0926385
3.105	1.0301	2.16381	1.93507	0.283769	0.0922667
3.11	1.03188	2.16849	1.93365	0.284228	0.0918848
3.115	1.03365	2.17316	1.93223	0.284684	0.0914929
3.12	1.03541	2.17784	1.93081	0.285136	0.091091
3.125	1.03716	2.18253	1.92938	0.285585	0.0906791
3.13	1.03891	2.18721	1.92796	0.28603	0.0902573
3.135	1.04065	2.1919	1.92653	0.286472	0.0898257
3.14	1.04239	2.19659	1.92509	0.28691	0.0893843
3.145	1.04412	2.20128	1.92366	0.287346	0.0889332
3.15	1.04584	2.20597	1.92222	0.287778	0.0884724
3.155	1.04755	2.21067	1.92078	0.288208	0.0880021
3.16	1.04926	2.21537	1.91934	0.288634	0.0875221
3.165	1.05096	2.22007	1.9179	0.289058	0.0870326
3.17	1.05265	2.22478	1.91645	0.289479	0.0865337
3.175	1.05434	2.22948	1.91501	0.289897	0.0860254
3.18	1.05602	2.23419	1.91356	0.290313	0.0855077
3.185	1.05769	2.2389	1.9121	0.290726	0.0849807
3.19	1.05936	2.24362	1.91065	0.291136	0.0844444
3.195	1.06102	2.24833	1.9092	0.291544	0.083899
3.2	1.06267	2.25305	1.90774	0.29195	0.0833444
3.205	1.06432	2.25777	1.90628	0.292353	0.0827807
3.21	1.06596	2.2625	1.90482	0.292755	0.082208
3.215	1.06759	2.26722	1.90335	0.293154	0.0816262
3.22	1.06922	2.27195	1.90189	0.29355	0.0810355
3.225	1.07084	2.27668	1.90042	0.293945	0.0804359
3.23	1.07245	2.28142	1.89895	0.294338	0.0798275
3.235	1.07405	2.28615	1.89748	0.294729	0.0792103
3.24	1.07565	2.29089	1.896	0.295118	0.0785843
3.245	1.07724	2.29563	1.89453	0.295505	0.0779497
3.25	1.07882	2.30037	1.89305	0.29589	0.0773064
3.255	1.0804	2.30512	1.89157	0.296274	0.0766545
3.26	1.08197	2.30986	1.89009	0.296656	0.075994
3.265	1.08353	2.31461	1.88861	0.297037	0.0753251
3.27	1.08509	2.31937	1.88712	0.297416	0.0746477
3.275	1.08664	2.32412	1.88563	0.297793	0.0739619
3.28	1.08818	2.32888	1.88415	0.298169	0.0732677
3.285	1.08971	2.33364	1.88265	0.298544	0.0725652
3.29	1.09124	2.3384	1.88116	0.298917	0.0718545
3.295	1.09276	2.34316	1.87967	0.299289	0.0711356
3.3	1.09427	2.34793	1.87817	0.29966	0.0704085
3.305	1.09578	2.35269	1.87667	0.30003	0.0696733
3.31	1.09727	2.35746	1.87517	0.300398	0.0689301
3.315	1.09877	2.36224	1.87367	0.300766	0.0681788
3.32	1.10025	2.36701	1.87217	0.301132	0.0674196
3.325	1.10173	2.37179	1.87066	0.301498	0.0666524
3.33	1.1032	2.37657	1.86915	0.301863	0.0658774
3.335	1.10466	2.38135	1.86764	0.302226	0.0650945
3.34	1.10611	2.38613	1.86613	0.302589	0.0643039
3.345	1.10756	2.39092	1.86462	0.302951	0.0635055
3.35	1.109	2.39571	1.86311	0.303313	0.0626994
3.355	1.11044	2.4005	1.86159	0.303673	0.0618857
3.36	1.11186	2.40529	1.86007	0.304034	0.0610644
3.365	1.11328	2.41008	1.85855	0.304393	0.0602356
3.37	1.11469	2.41488	1.85703	0.304752	0.0593993
3.375	1.1161	2.41968	1.8555	0.30511	0.0585555
3.38	1.1175	2.42448	1.85398	0.305468	0.0577043
3.385	1.11889	2.42928	1.85245	0.305826	0.0568457
3.39	1.12027	2.43409	1.85092	0.306183	0.0559799
3.395	1.12164	2.43889	1.84939	0.306539	0.0551067
3.4	1.12301	2.4437	1.84786	0.306896	0.0542263
3.405	1.12437	2.44851	1.84632	0.307252	0.0533388
3.41	1.12572	2.45333	1.84479	0.307608	0.0524441
3.415	1.12707	2.45814	1.84325	0.307963	0.0515424
3.42	1.12841	2.46296	1.84171	0.308319	0.0506336
3.425	1.12974	2.46778	1.84017	0.308674	0.0497178
3.43	1.13106	2.4726	1.83863	0.30903	0.048795
3.435	1.13238	2.47743	1.83708	0.309385	0.0478654
3.44	1.13368	2.48225	1.83553	0.30974	0.0469289
3.445	1.13499	2.48708	1.83398	0.310095	0.0459856
3.45	1.13628	2.49191	1.83243	0.310451	0.0450355
3.455	1.13756	2.49674	1.83088	0.310806	0.0440787
3.46	1.13884	2.50158	1.82933	0.311162	0.0431152
3.465	1.14011	2.50641	1.82777	0.311518	0.042145
3.47	1.14138	2.51125	1.82621	0.311873	0.0411683
3.475	1.14263	2.51609	1.82466	0.31223	0.0401851
3.48	1.14388	2.52093	1.82309	0.312586	0.0391953
3.485	1.14512	2.52577	1.82153	0.312943	0.0381991
3.49	1.14635	2.53062	1.81997	0.3133	0.0371965
3.495	1.14758	2.53547	1.8184	0.313657	0.0361875
3.5	1.1488	2.54032	1.81683	0.314015	0.0351722
3.505	1.15001	2.54517	1.81526	0.314373	0.0341506
3.51	1.15121	2.55002	1.81369	0.314732	0.0331228
3.515	1.15241	2.55488	1.81212	0.315091	0.0320888
3.52	1.15359	2.55973	1.81054	0.315451	0.0310486
3.525	1.15477	2.56459	1.80896	0.315811	0.0300024
3.53	1.15594	2.56945	1.80738	0.316172	0.0289501
3.535	1.15711	2.57432	1.8058	0.316533	0.0278917
3.54	1.15827	2.57918	1.80422	0.316895	0.0268275
3.545	1.15941	2.58405	1.80264	0.317258	0.0257572
3.55	1.16056	2.58891	1.80105	0.317621	0.0246812
3.555	1.16169	2.59378	1.79946	0.317985	0.0235992
3.56	1.16281	2.59866	1.79787	0.31835	0.0225115
3.565	1.16393	2.60353	1.79628	0.318716	0.0214181
3.57	1.16504	2.6084	1.79469	0.319082	0.0203189
3.575	1.16614	2.61328	1.79309	0.319449	0.0192141
3.58	1.16724	2.61816	1.79149	0.319817	0.0181036
3.585	1.16833	2.62304	1.78989	0.320186	0.0169876
3.59	1.1694	2.62792	1.78829	0.320556	0.0158661
3.595	1.17048	2.63281	1.78669	0.320927	0.0147391
3.6	1.17154	2.63769	1.78509	0.321299	0.0136066
3.605	1.17259	2.64258	1.78348	0.321671	0.0124687
3.61	1.17364	2.64747	1.78187	0.322045	0.0113255
3.615	1.17468	2.65236	1.78026	0.32242	0.010177
3.62	1.17571	2.65725	1.77865	0.322796	0.00902318
3.625	1.17674	2.66215	1.77704	0.323172	0.00786417
3.63	1.17775	2.66704	1.77542	0.32355	0.00669997
3.635	1.17876	2.67194	1.7738	0.323929	0.00553064
3.64	1.17976	2.67684	1.77218	0.324309	0.00435622
3.645	1.18075	2.68174	1.77056	0.324691	0.00317675
3.65	1.18174	2.68664	1.76894	0.325073	0.00199227
3.655	1.18271	2.69154	1.76731	0.325457	0.000802828
3.66	1.18368	2.69645	1.76568	0.325842	-0.000391529
3.665	1.18464	2.70136	1.76406	0.326228	-0.00159076
3.67	1.1856	2.70626	1.76242	0.326616	-0.00279483
3.675	1.18654	2.71117	1.76079	0.327004	-0.00400368
3.68	1.18748	2.71609	1.75916	0.327395	-0.00521727
3.685	1.1884	2.721	1.75752	0.327786	-0.00643557
3.69	1.18932	2.72591	1.75588	0.328179	-0.00765853
3.695	1.19024	2.73083	1.75424	0.328573	-0.00888609
3.7	1.19114	2.73575	1.7526	0.328968	-0.0101182
3.705	1.19204	2.74067	1.75095	0.329365	-0.0113549
3.71	1.19292	2.74559	1.7493	0.329764	-0.0125961
3.715	1.1938	2.75051	1.74766	0.330164	-0.0138416
3.72	1.19468	2.75543	1.746	0.330565	-0.0150916
3.725	1.19554	2.76036	1.74435	0.330968	-0.016346
3.73	1.19639	2.76528	1.7427	0.331372	-0.0176046
3.735	1.19724	2.77021	1.74104	0.331778	-0.0188676
3.74	1.19808	2.77514	1.73938	0.332185	-0.0201347
3.745	1.19891	2.78007	1.73772	0.332594	-0.021406
3.75	1.19973	2.785	1.73606	0.333005	-0.0226815
3.755	1.20055	2.78994	1.73439	0.333417	-0.0239611
3.76	1.20135	2.79487	1.73273	0.33383	-0.0252447
3.765	1.20215	2.79981	1.73106	0.334246	-0.0265323
3.77	1.20294	2.80474	1.72939	0.334663	-0.0278239
3.775	1.20372	2.80968	1.72771	0.335081	-0.0291194
3.78	1.2045	2.81462	1.72604	0.335502	-0.0304187
3.785	1.20526	2.81956	1.72436	0.335924	-0.0317219
3.79	1.20602	2.82451	1.72268	0.336348	-0.0330289
3.795	1.20677	2.82945	1.721	0.336773	-0.0343397
3.8	1.2075	2.8344	1.71931	0.3372	-0.0356541
3.805	1.20824	2.83934	1.71763	0.337629	-0.0369722
3.81	1.20896	2.84429	1.71594	0.33806	-0.038294
3.815	1.20967	2.84924	1.71425	0.338493	-0.0396193
3.82	1.21038	2.85419	1.71256	0.338927	-0.0409481
3.825	1.21108	2.85914	1.71086	0.339363	-0.0422804
3.83	1.21177	2.86409	1.70917	0.339801	-0.0436162
3.835	1.21245	2.86904	1.70747	0.340241	-0.0449553
3.84	1.21312	2.874	1.70577	0.340683	-0.0462978
3.845	1.21379	2.87895	1.70406	0.341127	-0.0476436
3.85	1.21444	2.88391	1.70236	0.341572	-0.0489927
3.855	1.21509	2.88887	1.70065	0.342019	-0.050345
3.86	1.21573	2.89383	1.69894	0.342469	-0.0517005
3.865	1.21636	2.89879	1.69723	0.34292	-0.0530591
3.87	1.21698	2.90375	1.69551	0.343373	-0.0544209
3.875	1.2176	2.90871	1.69379	0.343829	-0.0557856
3.88	1.2182	2.91367	1.69208	0.344286	-0.0571534
3.885	1.2188	2.91864	1.69035	0.344745	-0.0585241
3.89	1.21938	2.9236	1.68863	0.345206	-0.0598978
3.895	1.21996	2.92857	1.6869	0.345669	-0.0612743
3.9	1.22053	2.93354	1.68518	0.346135	-0.0626537
3.905	1.2211	2.93851	1.68344	0.346602	-0.0640358
3.91	1.22165	2.94348	1.68171	0.347071	-0.0654207
3.915	1.22219	2.94845	1.67998	0.347543	-0.0668083
3.92	1.22273	2.95342	1.67824	0.348016	-0.0681985
3.925	1.22326	2.95839	1.6765	0.348492	-0.0695914
3.93	1.22378	2.96336	1.67476	0.348969	-0.0709868
3.935	1.22429	2.96834	1.67301	0.349449	-0.0723847
3.94	1.22479	2.97331	1.67126	0.349931	-0.0737851
3.945	1.22528	2.97829	1.66951	0.350415	-0.075188
3.95	1.22577	2.98326	1.66776	0.350901	-0.0765932
3.955	1.22624	2.98824	1.66601	0.35139	-0.0780008
3.96	1.22671	2.99322	1.66425	0.35188	-0.0794107
3.965	1.22717	2.9982	1.66249	0.352373	-0.0808228
3.97	1.22761	3.00318	1.66073	0.352868	-0.0822372
3.975	1.22805	3.00816	1.65897	0.353365	-0.0836537
3.98	1.22849	3.01314	1.6572	0.353864	-0.0850724
3.985	1.22891	3.01812	1.65543	0.354366	-0.0864931
3.99	1.22932	3.0231	1.65366	0.35487	-0.0879159
3.995	1.22973	3.02809	1.65188	0.355376	-0.0893407
4	1.23012	3.03307	1.65011	0.355884	-0.0907674
4.005	1.23051	3.03806	1.64833	0.356394	-0.092196
4.01	1.23089	3.04304	1.64654	0.356907	-0.0936265
4.015	1.23126	3.04803	1.64476	0.357422	-0.0950587
4.02	1.23162	3.05302	1.64297	0.35794	-0.0964928
4.025	1.23197	3.058	1.64118	0.35846	-0.0979286
4.03	1.23231	3.06299	1.63939	0.358982	-0.099366
4.035	1.23265	3.06798	1.6376	0.359506	-0.100805
4.04	1.23297	3.07297	1.6358	0.360033	-0.102246
4.045	1.23329	3.07796	1.634	0.360562	-0.103688
4.05	1.23359	3.08295	1.6322	0.361093	-0.105132
4.055	1.23389	3.08794	1.63039	0.361627	-0.106577
4.06	1.23418	3.09293	1.62858	0.362163	-0.108024
4.065	1.23446	3.09793	1.62677	0.362701	-0.109471
4.07	1.23473	3.10292	1.62496	0.363242	-0.110921
4.075	1.23499	3.10791	1.62314	0.363786	-0.112371
4.08	1.23525	3.1129	1.62132	0.364331	-0.113823
4.085	1.23549	3.1179	1.6195	0.364879	-0.115276
4.09	1.23572	3.12289	1.61768	0.36543	-0.11673
4.095	1.23595	3.12789	1.61585	0.365983	-0.118185
4.1	1.23616	3.13288	1.61402	0.366538	-0.119642
4.105	1.23637	3.13788	1.61219	0.367096	-0.121099
4.11	1.23657	3.14288	1.61035	0.367656	-0.122557
4.115	1.23676	3.14787	1.60851	0.368219	-0.124016
4.12	1.23694	3.15287	1.60667	0.368784	-0.125476
4.125	1.23711	3.15787	1.60483	0.369352	-0.126937
4.13	1.23727	3.16286	1.60298	0.369922	-0.128399
4.135	1.23742	3.16786	1.60113	0.370495	-0.129861
4.14	1.23756	3.17286	1.59928	0.37107	-0.131324
4.145	1.2377	3.17786	1.59742	0.371648	-0.132788
4.15	1.23782	3.18286	1.59557	0.372228	-0.134252
4.155	1.23793	3.18785	1.5937	0.372811	-0.135717
4.16	1.23804	3.19285	1.59184	0.373396	-0.137182
4.165	1.23814	3.19785	1.58997	0.373984	-0.138648
4.17	1.23822	3.20285	1.5881	0.374575	-0.140114
4.175	1.2383	3.20785	1.58623	0.375167	-0.14158
4.18	1.23837	3.21285	1.58435	0.375763	-0.143047
4.185	1.23842	3.21785	1.58248	0.376361	-0.144514
4.19	1.23847	3.22285	1.58059	0.376962	-0.145982
4.195	1.23851	3.22785	1.57871	0.377565	-0.147449
4.2	1.23854	3.23285	1.57682	0.378171	-0.148917
4.205	1.23856	3.23785	1.57493	0.378779	-0.150385
4.21	1.23858	3.24285	1.57304	0.37939	-0.151853
4.215	1.23858	3.24785	1.57114	0.380004	-0.15332
4.22	1.23857	3.25285	1.56924	0.38062	-0.154788
4.225	1.23855	3.25785	1.56734	0.381239	-0.156256
4.23	1.23853	3.26285	1.56543	0.38186	-0.157723
4.235	1.23849	3.26785	1.56352	0.382484	-0.15919
4.24	1.23844	3.27285	1.56161	0.383111	-0.160658
4.245	1.23839	3.27785	1.55969	0.38374	-0.162124
4.25	1.23832	3.28285	1.55777	0.384373	-0.163591
4.255	1.23825	3.28785	1.55585	0.385007	-0.165057
4.26	1.23816	3.29285	1.55393	0.385645	-0.166522
4.265	1.23807	3.29785	1.552	0.386285	-0.167988
4.27	1.23797	3.30285	1.55007	0.386927	-0.169452
4.275	1.23785	3.30784	1.54813	0.387573	-0.170916
4.28	1.23773	3.31284	1.5462	0.388221	-0.17238
4.285	1.2376	3.31784	1.54425	0.388872	-0.173843
4.29	1.23745	3.32284	1.54231	0.389525	-0.175305
4.295	1.2373	3.32784	1.54036	0.390181	-0.176766
4.3	1.23714	3.33283	1.53841	0.39084	-0.178227
4.305	1.23697	3.33783	1.53646	0.391502	-0.179686
4.31	1.23679	3.34283	1.5345	0.392166	-0.181145
4.315	1.2366	3.34782	1.53254	0.392833	-0.182603
4.32	1.23639	3.35282	1.53057	0.393503	-0.18406
4.325	1.23618	3.35782	1.52861	0.394176	-0.185516
4.33	1.23596	3.36281	1.52664	0.394851	-0.18697
4.335	1.23573	3.36781	1.52466	0.395529	-0.188424
4.34	1.23549	3.3728	1.52268	0.39621	-0.189876
4.345	1.23524	3.37779	1.5207	0.396893	-0.191328
4.35	1.23498	3.38279	1.51872	0.397579	-0.192778
4.355	1.23471	3.38778	1.51673	0.398269	-0.194226
4.36	1.23443	3.39277	1.51474	0.39896	-0.195673
4.365	1.23414	3.39776	1.51275	0.399655	-0.197119
4.37	1.23384	3.40275	1.51075	0.400352	-0.198563
4.375	1.23353	3.40774	1.50875	0.401053	-0.200006
4.38	1.23321	3.41273	1.50674	0.401756	-0.201447
4.385	1.23288	3.41772	1.50473	0.402461	-0.202887
4.39	1.23254	3.42271	1.50272	0.40317	-0.204325
4.395	1.23219	3.4277	1.5007	0.403881	-0.205761
4.4	1.23183	3.43269	1.49868	0.404596	-0.207196
4.405	1.23146	3.43767	1.49666	0.405313	-0.208628
4.41	1.23108	3.44266	1.49463	0.406032	-0.210059
4.415	1.23069	3.44764	1.4926	0.406755	-0.211488
4.42	1.23029	3.45263	1.49057	0.407481	-0.212915
4.425	1.22988	3.45761	1.48853	0.408209	-0.21434
4.43	1.22946	3.46259	1.48649	0.40894	-0.215763
4.435	1.22903	3.46757	1.48445	0.409674	-0.217184
4.44	1.22858	3.47255	1.4824	0.410411	-0.218603
4.445	1.22813	3.47753	1.48035	0.411151	-0.220019
4.45	1.22767	3.48251	1.47829	0.411894	-0.221433
4.455	1.2272	3.48749	1.47623	0.412639	-0.222845
4.46	1.22672	3.49247	1.47417	0.413387	-0.224255
4.465	1.22622	3.49744	1.4721	0.414139	-0.225662
4.47	1.22572	3.50242	1.47003	0.414893	-0.227067
4.475	1.22521	3.50739	1.46796	0.41565	-0.228469
4.48	1.22468	3.51236	1.46588	0.416409	-0.229869
4.485	1.22415	3.51733	1.4638	0.417172	-0.231266
4.49	1.2236	3.5223	1.46171	0.417938	-0.23266
4.495	1.22305	3.52727	1.45962	0.418706	-0.234052
4.5	1.22248	3.53224	1.45753	0.419478	-0.235441
4.505	1.22191	3.53721	1.45543	0.420252	-0.236827
4.51	1.22132	3.54217	1.45333	0.421029	-0.238211
4.515	1.22073	3.54714	1.45122	0.42181	-0.239591
4.52	1.22012	3.5521	1.44911	0.422593	-0.240969
4.525	1.2195	3.55706	1.447	0.423379	-0.242343
4.53	1.21887	3.56202	1.44488	0.424168	-0.243715
4.535	1.21824	3.56698	1.44276	0.424959	-0.245083
4.54	1.21759	3.57194	1.44064	0.425754	-0.246449
4.545	1.21693	3.5769	1.43851	0.426552	-0.247811
4.55	1.21626	3.58185	1.43638	0.427353	-0.24917
4.555	1.21558	3.5868	1.43424	0.428156	-0.250525
4.56	1.21489	3.59176	1.4321	0.428963	-0.251878
4.565	1.21418	3.59671	1.42995	0.429772	-0.253227
4.57	1.21347	3.60166	1.42781	0.430585	-0.254572
4.575	1.21275	3.6066	1.42565	0.4314	-0.255914
4.58	1.21201	3.61155	1.4235	0.432219	-0.257253
4.585	1.21127	3.61649	1.42133	0.43304	-0.258587
4.59	1.21051	3.62144	1.41917	0.433865	-0.259919
4.595	1.20975	3.62638	1.417	0.434692	-0.261246
4.6	1.20897	3.63132	1.41483	0.435522	-0.26257
4.605	1.20818	3.63625	1.41265	0.436356	-0.26389
4.61	1.20739	3.64119	1.41047	0.437192	-0.265206
4.615	1.20658	3.64612	1.40828	0.438031	-0.266518
4.62	1.20576	3.65106	1.40609	0.438874	-0.267827
4.625	1.20493	3.65599	1.4039	0.439719	-0.269131
4.63	1.20409	3.66092	1.4017	0.440567	-0.270431
4.635	1.20323	3.66584	1.3995	0.441418	-0.271728
4.64	1.20237	3.67077	1.39729	0.442273	-0.27302
4.645	1.2015	3.67569	1.39508	0.44313	-0.274307
4.65	1.20061	3.68061	1.39286	0.443991	-0.275591
4.655	1.19972	3.68553	1.39064	0.444854	-0.27687
4.66	1.19881	3.69045	1.38842	0.44572	-0.278145
4.665	1.19789	3.69536	1.38619	0.44659	-0.279416
4.67	1.19696	3.70028	1.38396	0.447462	-0.280682
4.675	1.19602	3.70519	1.38172	0.448338	-0.281944
4.68	1.19507	3.7101	1.37948	0.449217	-0.283201
4.685	1.19411	3.715	1.37723	0.450098	-0.284453
4.69	1.19314	3.71991	1.37498	0.450983	-0.285701
4.695	1.19215	3.72481	1.37272	0.451871	-0.286944
4.7	1.19116	3.72971	1.37047	0.452762	-0.288182
4.705	1.19015	3.73461	1.3682	0.453656	-0.289416
4.71	1.18913	3.7395	1.36593	0.454553	-0.290645
4.715	1.18811	3.74439	1.36366	0.455453	-0.291868
4.72	1.18707	3.74929	1.36138	0.456356	-0.293087
4.725	1.18602	3.75417	1.3591	0.457262	-0.294301
4.73	1.18495	3.75906	1.35682	0.458171	-0.29551
4.735	1.18388	3.76394	1.35452	0.459084	-0.296713
4.74	1.1828	3.76882	1.35223	0.459999	-0.297912
4.745	1.1817	3.7737	1.34993	0.460918	-0.299105
4.75	1.1806	3.77858	1.34762	0.461839	-0.300293
4.755	1.17948	3.78345	1.34532	0.462764	-0.301476
4.76	1.17835	3.78832	1.343	0.463692	-0.302653
4.765	1.17721	3.79319	1.34068	0.464623	-0.303825
4.77	1.17606	3.79806	1.33836	0.465557	-0.304991
4.775	1.17489	3.80292	1.33603	0.466495	-0.306152
4.78	1.17372	3.80778	1.3337	0.467435	-0.307307
4.785	1.17253	3.81264	1.33136	0.468379	-0.308457
4.79	1.17134	3.81749	1.32902	0.469325	-0.309601
4.795	1.17013	3.82234	1.32667	0.470275	-0.310739
4.8	1.16891	3.82719	1.32432	0.471228	-0.311871
4.805	1.16768	3.83204	1.32197	0.472184	-0.312998
4.81	1.16643	3.83688	1.31961	0.473143	-0.314118
4.815	1.16518	3.84172	1.31724	0.474106	-0.315233
4.82	1.16391	3.84656	1.31487	0.475071	-0.316342
4.825	1.16264	3.85139	1.31249	0.47604	-0.317445
4.83	1.16135	3.85622	1.31011	0.477012	-0.318541
4.835	1.16005	3.86105	1.30773	0.477987	-0.319632
4.84	1.15874	3.86588	1.30534	0.478966	-0.320716
4.845	1.15741	3.8707	1.30294	0.479947	-0.321794
4.85	1.15608	3.87552	1.30054	0.480932	-0.322866
4.855	1.15473	3.88033	1.29814	0.48192	-0.323931
4.86	1.15337	3.88514	1.29573	0.482911	-0.32499
4.865	1.152	3.88995	1.29332	0.483905	-0.326042
4.87	1.15062	3.89476	1.2909	0.484902	-0.327088
4.875	1.14923	3.89956	1.28847	0.485903	-0.328127
4.88	1.14782	3.90436	1.28604	0.486907	-0.32916
4.885	1.14641	3.90915	1.28361	0.487914	-0.330186
4.89	1.14498	3.91395	1.28117	0.488925	-0.331206
4.895	1.14354	3.91873	1.27872	0.489938	-0.332218
4.9	1.14209	3.92352	1.27627	0.490955	-0.333224
4.905	1.14063	3.9283	1.27382	0.491975	-0.334223
4.91	1.13915	3.93308	1.27136	0.492999	-0.335215
4.915	1.13766	3.93785	1.26889	0.494025	-0.3362
4.92	1.13617	3.94262	1.26642	0.495055	-0.337178
4.925	1.13465	3.94739	1.26395	0.496088	-0.338148
4.93	1.13313	3.95215	1.26147	0.497125	-0.339112
4.935	1.1316	3.95691	1.25898	0.498164	-0.340069
4.94	1.13005	3.96167	1.25649	0.499207	-0.341018
4.945	1.1285	3.96642	1.254	0.500254	-0.34196
4.95	1.12693	3.97116	1.25149	0.501303	-0.342895
4.955	1.12534	3.97591	1.24899	0.502356	-0.343822
4.96	1.12375	3.98065	1.24648	0.503412	-0.344742
4.965	1.12215	3.98538	1.24396	0.504472	-0.345654
4.97	1.12053	3.99011	1.24144	0.505535	-0.346559
4.975	1.1189	3.99484	1.23891	0.506601	-0.347456
4.98	1.11726	3.99956	1.23638	0.50767	-0.348345
4.985	1.11561	4.00428	1.23384	0.508743	-0.349227
4.99	1.11394	4.009	1.23129	0.509819	-0.350101
4.995	1.11226	4.01371	1.22874	0.510899	-0.350967
5	1.11057	4.01841	1.22619	0.511982	-0.351826
5.005	1.10887	4.02311	1.22363	0.513068	-0.352676
5.01	1.10716	4.02781	1.22106	0.514158	-0.353519
5.015	1.10543	4.0325	1.21849	0.515251	-0.354353
5.02	1.1037	4.03719	1.21592	0.516347	-0.355179
5.025	1.10195	4.04188	1.21334	0.517447	-0.355998
5.03	1.10019	4.04656	1.21075	0.51855	-0.356808
5.035	1.09841	4.05123	1.20816	0.519656	-0.35761
5.04	1.09663	4.0559	1.20556	0.520766	-0.358403
5.045	1.09483	4.06057	1.20295	0.52188	-0.359189
5.05	1.09302	4.06523	1.20034	0.522997	-0.359965
5.055	1.0912	4.06988	1.19773	0.524117	-0.360734
5.06	1.08936	4.07454	1.19511	0.525241	-0.361494
5.065	1.08751	4.07918	1.19248	0.526368	-0.362245
5.07	1.08566	4.08382	1.18985	0.527498	-0.362988
5.075	1.08378	4.08846	1.18721	0.528632	-0.363723
5.08	1.0819	4.09309	1.18457	0.52977	-0.364448
5.085	1.08001	4.09772	1.18192	0.530911	-0.365165
5.09	1.0781	4.10234	1.17927	0.532055	-0.365873
5.095	1.07618	4.10696	1.17661	0.533203	-0.366572
5.1	1.07424	4.11157	1.17394	0.534355	-0.367263
5.105	1.0723	4.11617	1.17127	0.53551	-0.367944
5.11	1.07034	4.12077	1.16859	0.536668	-0.368617
5.115	1.06837	4.12537	1.16591	0.53783	-0.36928
5.12	1.06639	4.12996	1.16322	0.538996	-0.369934
5.125	1.0644	4.13455	1.16052	0.540165	-0.37058
5.13	1.06239	4.13913	1.15782	0.541338	-0.371216
5.135	1.06037	4.1437	1.15512	0.542514	-0.371842
5.14	1.05834	4.14827	1.1524	0.543694	-0.37246
5.145	1.0563	4.15283	1.14969	0.544877	-0.373068
5.15	1.05424	4.15739	1.14696	0.546064	-0.373667
5.155	1.05217	4.16194	1.14423	0.547255	-0.374256
5.16	1.05009	4.16649	1.14149	0.548449	-0.374836
5.165	1.048	4.17103	1.13875	0.549647	-0.375406
5.17	1.04589	4.17556	1.136	0.550848	-0.375967
5.175	1.04377	4.18009	1.13325	0.552054	-0.376518
5.18	1.04164	4.18462	1.13049	0.553262	-0.377059
5.185	1.0395	4.18913	1.12772	0.554475	-0.377591
5.19	1.03734	4.19364	1.12495	0.555691	-0.378113
5.195	1.03517	4.19815	1.12217	0.556911	-0.378625
5.2	1.03299	4.20265	1.11939	0.558134	-0.379127
5.205	1.0308	4.20714	1.1166	0.559361	-0.379619
5.21	1.02859	4.21163	1.1138	0.560592	-0.380102
5.215	1.02637	4.21611	1.111	0.561827	-0.380574
5.22	1.02414	4.22058	1.10819	0.563065	-0.381036
5.225	1.0219	4.22505	1.10537	0.564307	-0.381488
5.23	1.01964	4.22951	1.10255	0.565553	-0.38193
5.235	1.01737	4.23397	1.09972	0.566803	-0.382362
5.24	1.01509	4.23842	1.09689	0.568056	-0.382783
5.245	1.01279	4.24286	1.09405	0.569313	-0.383194
5.25	1.01049	4.2473	1.0912	0.570575	-0.383595
5.255	1.00817	4.25173	1.08835	0.571839	-0.383985
5.26	1.00583	4.25615	1.08549	0.573108	-0.384365
5.265	1.00349	4.26056	1.08262	0.574381	-0.384735
5.27	1.00113	4.26497	1.07975	0.575657	-0.385093
5.275	0.998761	4.26938	1.07687	0.576937	-0.385442
5.28	0.996378	4.27377	1.07399	0.578222	-0.385779
5.285	0.993982	4.27816	1.0711	0.57951	-0.386106
5.29	0.991574	4.28254	1.0682	0.580802	-0.386422
5.295	0.989153	4.28692	1.0653	0.582098	-0.386728
5.3	0.986719	4.29128	1.06239	0.583398	-0.387022
5.305	0.984272	4.29564	1.05947	0.584702	-0.387306
5.31	0.981813	4.3	1.05655	0.58601	-0.387579
5.315	0.97934	4.30434	1.05362	0.587321	-0.38784
5.32	0.976855	4.30868	1.05068	0.588637	-0.388091
5.325	0.974358	4.31301	1.04774	0.589957	-0.388331
5.33	0.971847	4.31734	1.04479	0.591281	-0.388559
5.335	0.969324	4.32165	1.04183	0.592609	-0.388777
5.34	0.966788	4.32596	1.03887	0.593941	-0.388983
5.345	0.964239	4.33027	1.0359	0.595278	-0.389178
5.35	0.961678	4.33456	1.03292	0.596618	-0.389362
5.355	0.959103	4.33885	1.02994	0.597962	-0.389534
5.36	0.956516	4.34312	1.02695	0.599311	-0.389695
5.365	0.953916	4.34739	1.02395	0.600664	-0.389845
5.37	0.951304	4.35166	1.02095	0.602021	-0.389983
5.375	0.948678	4.35591	1.01794	0.603382	-0.39011
5.38	0.94604	4.36016	1.01492	0.604747	-0.390225
5.385	0.943388	4.3644	1.0119	0.606117	-0.390328
5.39	0.940724	4.36863	1.00887	0.607491	-0.39042
5.395	0.938047	4.37285	1.00583	0.608869	-0.3905
5.4	0.935357	4.37707	1.00279	0.610251	-0.390569
5.405	0.932655	4.38128	0.999734	0.611638	-0.390626
5.41	0.929939	4.38547	0.996676	0.613029	-0.39067
5.415	0.927211	4.38966	0.993611	0.614425	-0.390703
5.42	0.92447	4.39385	0.990538	0.615825	-0.390725
5.425	0.921716	4.39802	0.987459	0.617229	-0.390734
5.43	0.918949	4.40218	0.984373	0.618638	-0.390731
5.435	0.916169	4.40634	0.98128	0.620051	-0.390716
5.44	0.913376	4.41049	0.97818	0.621468	-0.39069
5.445	0.910571	4.41463	0.975072	0.622891	-0.390651
5.45	0.907752	4.41876	0.971958	0.624317	-0.3906
5.455	0.904921	4.42288	0.968836	0.625749	-0.390536
5.46	0.902077	4.42699	0.965708	0.627184	-0.390461
5.465	0.89922	4.43109	0.962572	0.628625	-0.390373
5.47	0.89635	4.43519	0.959429	0.63007	-0.390273
5.475	0.893467	4.43927	0.956278	0.631519	-0.390161
5.48	0.890571	4.44335	0.953121	0.632974	-0.390036
5.485	0.887663	4.44741	0.949956	0.634433	-0.389899
5.49	0.884741	4.45147	0.946784	0.635897	-0.38975
5.495	0.881807	4.45552	0.943604	0.637365	-0.389588
5.5	0.87886	4.45956	0.940417	0.638839	-0.389413
5.505	0.8759	4.46359	0.937223	0.640317	-0.389226
5.51	0.872926	4.46761	0.934021	0.6418	-0.389026
5.515	0.869941	4.47162	0.930812	0.643288	-0.388814
5.52	0.866942	4.47562	0.927596	0.64478	-0.388589
5.525	0.86393	4.47961	0.924372	0.646278	-0.388351
5.53	0.860906	4.48359	0.921141	0.647781	-0.3881
5.535	0.857868	4.48756	0.917902	0.649289	-0.387837
5.54	0.854818	4.49153	0.914655	0.650801	-0.387561
5.545	0.851755	4.49548	0.911401	0.652319	-0.387272
5.55	0.848679	4.49942	0.90814	0.653842	-0.38697
5.555	0.84559	4.50335	0.904871	0.65537	-0.386655
5.56	0.842488	4.50727	0.901594	0.656903	-0.386327
5.565	0.839373	4.51119	0.898309	0.658442	-0.385987
5.57	0.836246	4.51509	0.895017	0.659985	-0.385633
5.575	0.833105	4.51898	0.891717	0.661534	-0.385266
5.58	0.829952	4.52286	0.888409	0.663089	-0.384886
5.585	0.826786	4.52673	0.885094	0.664648	-0.384493
5.59	0.823607	4.53059	0.881771	0.666213	-0.384087
5.595	0.820415	4.53444	0.87844	0.667784	-0.383667
5.6	0.817211	4.53827	0.875101	0.66936	-0.383234
5.605	0.813993	4.5421	0.871754	0.670941	-0.382788
5.61	0.810763	4.54592	0.868399	0.672528	-0.382329
5.615	0.80752	4.54972	0.865037	0.674121	-0.381856
5.62	0.804264	4.55352	0.861666	0.675719	-0.38137
5.625	0.800995	4.5573	0.858287	0.677323	-0.380871
5.63	0.797714	4.56107	0.854901	0.678933	-0.380358
5.635	0.79442	4.56483	0.851506	0.680548	-0.379832
5.64	0.791113	4.56858	0.848103	0.682169	-0.379292
5.645	0.787793	4.57232	0.844693	0.683797	-0.378739
5.65	0.78446	4.57605	0.841274	0.68543	-0.378172
5.655	0.781115	4.57977	0.837846	0.687069	-0.377592
5.66	0.777757	4.58347	0.834411	0.688714	-0.376998
5.665	0.774386	4.58716	0.830967	0.690365	-0.37639
5.67	0.771002	4.59085	0.827516	0.692022	-0.375769
5.675	0.767606	4.59452	0.824056	0.693686	-0.375134
5.68	0.764197	4.59817	0.820587	0.695356	-0.374485
5.685	0.760776	4.60182	0.81711	0.697032	-0.373822
5.69	0.757341	4.60545	0.813625	0.698714	-0.373146
5.695	0.753894	4.60907	0.810132	0.700403	-0.372456
5.7	0.750435	4.61268	0.80663	0.702098	-0.371752
5.705	0.746962	4.61628	0.803119	0.7038	-0.371035
5.71	0.743477	4.61987	0.7996	0.705509	-0.370303
5.715	0.73998	4.62344	0.796073	0.707224	-0.369558
5.72	0.736469	4.627	0.792536	0.708946	-0.368798
5.725	0.732947	4.63055	0.788992	0.710674	-0.368025
5.73	0.729411	4.63409	0.785438	0.71241	-0.367238
5.735	0.725863	4.63761	0.781876	0.714152	-0.366437
5.74	0.722303	4.64112	0.778306	0.715902	-0.365621
5.745	0.71873	4.64462	0.774726	0.717658	-0.364792
5.75	0.715144	4.6481	0.771138	0.719422	-0.363948
5.755	0.711546	4.65157	0.767541	0.721193	-0.363091
5.76	0.707935	4.65503	0.763935	0.722971	-0.362219
5.765	0.704312	4.65848	0.76032	0.724756	-0.361334
5.77	0.700677	4.66191	0.756696	0.726549	-0.360434
5.775	0.697029	4.66533	0.753063	0.72835	-0.35952
5.78	0.693368	4.66874	0.749422	0.730158	-0.358591
5.785	0.689696	4.67213	0.745771	0.731973	-0.357649
5.79	0.68601	4.67551	0.742111	0.733797	-0.356692
5.795	0.682313	4.67887	0.738442	0.735628	-0.355721
5.8	0.678603	4.68223	0.734764	0.737468	-0.354736
5.805	0.674881	4.68556	0.731076	0.739315	-0.353736
5.81	0.671146	4.68889	0.72738	0.741171	-0.352722
5.815	0.667399	4.6922	0.723674	0.743035	-0.351694
5.82	0.66364	4.6955	0.719959	0.744907	-0.350652
5.825	0.659868	4.69878	0.716234	0.746788	-0.349595
5.83	0.656085	4.70205	0.7125	0.748677	-0.348523
5.835	0.652289	4.7053	0.708757	0.750575	-0.347438
5.84	0.648481	4.70854	0.705004	0.752481	-0.346338
5.845	0.644661	4.71177	0.701242	0.754397	-0.345223
5.85	0.640828	4.71498	0.69747	0.756321	-0.344094
5.855	0.636984	4.71818	0.693688	0.758255	-0.34295
5.86	0.633127	4.72136	0.689897	0.760198	-0.341792
5.865	0.629259	4.72453	0.686096	0.76215	-0.34062
5.87	0.625378	4.72768	0.682285	0.764111	-0.339433
5.875	0.621485	4.73082	0.678464	0.766083	-0.338231
5.88	0.617581	4.73394	0.674634	0.768064	-0.337015
5.885	0.613664	4.73705	0.670794	0.770054	-0.335785
5.89	0.609735	4.74014	0.666943	0.772055	-0.33454
5.895	0.605795	4.74322	0.663083	0.774066	-0.33328
5.9	0.601843	4.74628	0.659213	0.776087	-0.332005
5.905	0.597878	4.74933	0.655332	0.778119	-0.330716
5.91	0.593902	4.75236	0.651442	0.780161	-0.329413
5.915	0.589914	4.75538	0.647541	0.782214	-0.328095
5.92	0.585915	4.75838	0.64363	0.784278	-0.326762
5.925	0.581903	4.76136	0.639709	0.786353	-0.325414
5.93	0.57788	4.76433	0.635777	0.788439	-0.324052
5.935	0.573846	4.76728	0.631835	0.790536	-0.322675
5.94	0.569799	4.77022	0.627882	0.792645	-0.321283
5.945	0.565741	4.77314	0.623919	0.794766	-0.319877
5.95	0.561672	4.77605	0.619945	0.796899	-0.318456
5.955	0.557591	4.77894	0.61596	0.799043	-0.31702
5.96	0.553498	4.78181	0.611965	0.801201	-0.31557
5.965	0.549394	4.78466	0.607959	0.80337	-0.314104
5.97	0.545279	4.7875	0.603942	0.805553	-0.312624
5.975	0.541152	4.79033	0.599915	0.807748	-0.31113
5.98	0.537013	4.79313	0.595876	0.809956	-0.30962
5.985	0.532864	4.79592	0.591826	0.812178	-0.308096
5.99	0.528703	4.79869	0.587765	0.814414	-0.306557
5.995	0.524531	4.80145	0.583693	0.816663	-0.305003
6	0.520347	4.80419	0.57961	0.818926	-0.303434
6.005	0.516153	4.80691	0.575515	0.821204	-0.30185
6.01	0.511947	4.80961	0.571409	0.823496	-0.300252
6.015	0.50773	4.8123	0.567292	0.825803	-0.298639
6.02	0.503502	4.81497	0.563163	0.828125	-0.297011
6.025	0.499263	4.81762	0.559022	0.830463	-0.295368
6.03	0.495014	4.82026	0.55487	0.832816	-0.29371
6.035	0.490753	4.82287	0.550706	0.835186	-0.292037
6.04	0.486481	4.82547	0.54653	0.837571	-0.29035
6.045	0.482199	4.82805	0.542342	0.839974	-0.288647
6.05	0.477905	4.83061	0.538142	0.842393	-0.28693
6.055	0.473601	4.83316	0.53393	0.844829	-0.285197
6.06	0.469287	4.83568	0.529706	0.847283	-0.28345
6.065	0.464961	4.83819	0.525469	0.849755	-0.281688
6.07	0.460625	4.84068	0.521221	0.852246	-0.279911
6.075	0.456278	4.84315	0.516959	0.854755	-0.278119
6.08	0.451921	4.84561	0.512686	0.857283	-0.276312
6.085	0.447554	4.84804	0.508399	0.859831	-0.27449
6.09	0.443176	4.85046	0.5041	0.862399	-0.272653
6.095	0.438787	4.85285	0.499788	0.864987	-0.270801
6.1	0.434388	4.85523	0.495463	0.867596	-0.268934
6.105	0.429979	4.85759	0.491125	0.870227	-0.267052
6.11	0.42556	4.85993	0.486774	0.872879	-0.265155
6.115	0.421131	4.86225	0.48241	0.875553	-0.263243
6.12	0.416691	4.86455	0.478032	0.87825	-0.261316
6.125	0.412242	4.86683	0.473641	0.880971	-0.259374
6.13	0.407782	4.86909	0.469236	0.883716	-0.257417
6.135	0.403313	4.87133	0.464817	0.886485	-0.255444
6.14	0.398833	4.87355	0.460385	0.889279	-0.253457
6.145	0.394344	4.87575	0.455938	0.892099	-0.251455
6.15	0.389845	4.87793	0.451478	0.894945	-0.249437
6.155	0.385336	4.88009	0.447003	0.897818	-0.247404
6.16	0.380818	4.88224	0.442514	0.900719	-0.245356
6.165	0.37629	4.88436	0.43801	0.903648	-0.243293
6.17	0.371752	4.88646	0.433492	0.906607	-0.241214
6.175	0.367205	4.88854	0.428959	0.909595	-0.239121
6.18	0.362649	4.89059	0.424411	0.912614	-0.237012
6.185	0.358083	4.89263	0.419848	0.915665	-0.234888
6.19	0.353508	4.89465	0.41527	0.918749	-0.232748
6.195	0.348924	4.89665	0.410676	0.921866	-0.230593
6.2	0.34433	4.89862	0.406067	0.925017	-0.228423
6.205	0.339728	4.90057	0.401442	0.928204	-0.226238
6.21	0.335116	4.90251	0.396801	0.931427	-0.224037
6.215	0.330496	4.90442	0.392143	0.934688	-0.22182
6.22	0.325867	4.90631	0.38747	0.937988	-0.219588
6.225	0.321228	4.90817	0.38278	0.941327	-0.217341
6.23	0.316582	4.91002	0.378073	0.944708	-0.215078
6.235	0.311926	4.91184	0.37335	0.948131	-0.212799
6.24	0.307262	4.91365	0.368609	0.951599	-0.210505
6.245	0.302589	4.91543	0.363851	0.955111	-0.208195
6.25	0.297908	4.91718	0.359076	0.958671	-0.20587
6.255	0.293219	4.91892	0.354282	0.962279	-0.203528
6.26	0.288521	4.92063	0.349471	0.965937	-0.201171
6.265	0.283815	4.92232	0.344641	0.969647	-0.198798
6.27	0.279101	4.92398	0.339793	0.973411	-0.196409
6.275	0.274379	4.92563	0.334926	0.977231	-0.194003
6.28	0.269648	4.92725	0.33004	0.981109	-0.191582
6.285	0.26491	4.92885	0.325134	0.985047	-0.189145
6.29	0.260165	4.93042	0.320209	0.989048	-0.186691
6.295	0.255411	4.93197	0.315264	0.993114	-0.184221
6.3	0.25065	4.9335	0.310298	0.997247	-0.181735
6.305	0.245881	4.935	0.305312	1.00145	-0.179232
6.31	0.241105	4.93648	0.300305	1.00573	-0.176713
6.315	0.236321	4.93793	0.295276	1.01008	-0.174177
6.32	0.23153	4.93936	0.290226	1.01452	-0.171624
6.325	0.226732	4.94077	0.285153	1.01903	-0.169055
6.33	0.221927	4.94215	0.280058	1.02364	-0.166468
6.335	0.217115	4.94351	0.27494	1.02833	-0.163864
6.34	0.212296	4.94484	0.269798	1.03313	-0.161243
6.345	0.20747	4.94615	0.264632	1.03802	-0.158605
6.35	0.202637	4.94743	0.259442	1.04302	-0.155949
6.355	0.197798	4.94869	0.254227	1.04813	-0.153276
6.36	0.192952	4.94992	0.248987	1.05336	-0.150585
6.365	0.1881	4.95113	0.24372	1.05871	-0.147876
6.37	0.183241	4.95231	0.238426	1.06419	-0.145148
6.375	0.178376	4.95347	0.233105	1.06981	-0.142403
6.38	0.173505	4.95459	0.227756	1.07558	-0.139639
6.385	0.168629	4.9557	0.222378	1.0815	-0.136856
6.39	0.163746	4.95677	0.216971	1.08759	-0.134054
6.395	0.158857	4.95782	0.211533	1.09385	-0.131234
6.4	0.153963	4.95885	0.206064	1.10031	-0.128394
6.405	0.149063	4.95984	0.200562	1.10696	-0.125534
6.41	0.144158	4.96081	0.195027	1.11383	-0.122655
6.415	0.139248	4.96175	0.189458	1.12094	-0.119755
6.42	0.134332	4.96267	0.183854	1.1283	-0.116836
6.425	0.129411	4.96355	0.178212	1.13593	-0.113896
6.43	0.124485	4.96441	0.172532	1.14385	-0.110935
6.435	0.119555	4.96524	0.166813	1.1521	-0.107953
6.44	0.114619	4.96604	0.161053	1.1607	-0.10495
6.445	0.109679	4.96682	0.155249	1.16968	-0.101925
6.45	0.104735	4.96756	0.149401	1.1791	-0.0988793
6.455	0.0997866	4.96828	0.143505	1.18899	-0.0958117
6.46	0.0948338	4.96896	0.13756	1.19942	-0.0927225
6.465	0.089877	4.96962	0.131563	1.21044	-0.0896118
6.47	0.0849163	4.97024	0.125511	1.22214	-0.0864799
6.475	0.0799519	4.97084	0.1194	1.23462	-0.0833274
6.48	0.074984	4.9714	0.113227	1.24799	-0.0801551
6.485	0.0700126	4.97194	0.106987	1.26241	-0.0769645
6.49	0.0650379	4.97244	0.100675	1.27808	-0.0737578
6.495	0.0600601	4.97291	0.0942848	1.29524	-0.0705382
6.5	0.0550793	4.97335	0.0878086	1.31424	-0.067311
6.505	0.0500958	4.97376	0.0812374	1.33554	-0.0640838
6.51	0.0451097	4.97413	0.0745597	1.35982	-0.0608686
6.515	0.0401212	4.97447	0.0677606	1.38809	-0.0576847
6.52	0.0351304	4.97477	0.0608202	1.42193	-0.0545637
6.525	0.0301377	4.97504	0.0537105	1.46403	-0.0515607
6.53	0.025143	4.97527	0.0463903	1.51933	-0.0487772
6.535	0.0201468	4.97546	0.0387937	1.59799	-0.0464191
6.54	0.0151492	4.97562	0.0308038	1.72464	-0.0449648
6.545	0.0101504	4.97573	0.0221806	1.97514	-0.0458098
6.55	0.00515077	4.97579	0.0123049	2.70218	-0.0553865
6.555	0.000150776	4.97579	-0.00120599	8.11091	-0.203895
