descriptor s_test R_test Z_test
0	1.57241	9.99999e-006	0.002	-0.401982	-0.00161582
0.005	1.56741	3.00495e-005	0.00400991	-0.403969	-0.00324748
0.01	1.56241	6.01981e-005	0.00602976	-0.405959	-0.004895
0.015	1.55741	0.000100495	0.00805955	-0.407954	-0.00655839
0.02	1.55241	0.000150991	0.0100993	-0.409954	-0.00823767
0.025	1.54741	0.000211735	0.0121491	-0.411958	-0.00993285
0.03	1.54241	0.000282777	0.0142089	-0.413966	-0.011644
0.035	1.53741	0.000364167	0.0162787	-0.41598	-0.013371
0.04	1.53241	0.000455955	0.0183586	-0.417998	-0.015114
0.045	1.52741	0.000558191	0.0204486	-0.420021	-0.016873
0.05	1.52242	0.000670925	0.0225487	-0.422049	-0.018648
0.055	1.51742	0.000794207	0.024659	-0.424083	-0.0204389
0.06	1.51242	0.000928088	0.0267794	-0.426121	-0.0222459
0.065	1.50742	0.00107262	0.02891	-0.428165	-0.0240689
0.07	1.50242	0.00122785	0.0310508	-0.430215	-0.025908
0.075	1.49743	0.00139383	0.0332019	-0.43227	-0.0277632
0.08	1.49243	0.00157061	0.0353632	-0.434331	-0.0296344
0.085	1.48743	0.00175824	0.0375349	-0.436397	-0.0315217
0.09	1.48244	0.00195677	0.0397169	-0.43847	-0.0334252
0.095	1.47744	0.00216625	0.0419092	-0.440549	-0.0353448
0.1	1.47245	0.00238674	0.044112	-0.442633	-0.0372805
0.105	1.46745	0.00261828	0.0463251	-0.444725	-0.0392324
0.11	1.46246	0.00286093	0.0485487	-0.446822	-0.0412005
0.115	1.45746	0.00311474	0.0507829	-0.448926	-0.0431847
0.12	1.45247	0.00337975	0.0530275	-0.451037	-0.0451852
0.125	1.44748	0.00365602	0.0552827	-0.453155	-0.0472019
0.13	1.44249	0.00394361	0.0575484	-0.45528	-0.0492348
0.135	1.4375	0.00424255	0.0598248	-0.457411	-0.0512841
0.14	1.4325	0.00455291	0.0621119	-0.45955	-0.0533495
0.145	1.42752	0.00487474	0.0644097	-0.461697	-0.0554313
0.15	1.42253	0.00520808	0.0667181	-0.46385	-0.0575294
0.155	1.41754	0.00555299	0.0690374	-0.466012	-0.0596437
0.16	1.41255	0.00590953	0.0713675	-0.468181	-0.0617745
0.165	1.40756	0.00627774	0.0737084	-0.470358	-0.0639215
0.17	1.40258	0.00665767	0.0760601	-0.472543	-0.066085
0.175	1.39759	0.00704938	0.0784229	-0.474737	-0.0682648
0.18	1.39261	0.00745293	0.0807965	-0.476939	-0.070461
0.185	1.38763	0.00786835	0.0831812	-0.479149	-0.0726736
0.19	1.38265	0.00829572	0.085577	-0.481368	-0.0749027
0.195	1.37767	0.00873507	0.0879838	-0.483595	-0.0771482
0.2	1.37269	0.00918646	0.0904018	-0.485832	-0.0794101
0.205	1.36771	0.00964995	0.092831	-0.488078	-0.0816885
0.21	1.36273	0.0101256	0.0952714	-0.490333	-0.0839834
0.215	1.35775	0.0106134	0.097723	-0.492598	-0.0862948
0.22	1.35278	0.0111135	0.100186	-0.494872	-0.0886228
0.225	1.34781	0.0116259	0.10266	-0.497156	-0.0909672
0.23	1.34283	0.0121507	0.105146	-0.49945	-0.0933282
0.235	1.33786	0.0126879	0.107643	-0.501754	-0.0957058
0.24	1.33289	0.0132375	0.110152	-0.504068	-0.0980999
0.245	1.32792	0.0137997	0.112672	-0.506393	-0.100511
0.25	1.32296	0.0143744	0.115204	-0.508728	-0.102938
0.255	1.31799	0.0149618	0.117748	-0.511075	-0.105382
0.26	1.31303	0.0155619	0.120303	-0.513432	-0.107843
0.265	1.30807	0.0161747	0.122871	-0.515801	-0.11032
0.27	1.3031	0.0168003	0.12545	-0.51818	-0.112814
0.275	1.29815	0.0174387	0.128041	-0.520572	-0.115324
0.28	1.29319	0.0180901	0.130643	-0.522975	-0.117852
0.285	1.28823	0.0187544	0.133258	-0.525391	-0.120396
0.29	1.28328	0.0194318	0.135885	-0.527818	-0.122956
0.295	1.27833	0.0201222	0.138524	-0.530258	-0.125534
0.3	1.27338	0.0208257	0.141176	-0.53271	-0.128128
0.305	1.26843	0.0215424	0.143839	-0.535176	-0.130739
0.31	1.26348	0.0222724	0.146515	-0.537654	-0.133367
0.315	1.25854	0.0230156	0.149203	-0.540146	-0.136012
0.32	1.25359	0.0237722	0.151904	-0.54265	-0.138673
0.325	1.24865	0.0245422	0.154617	-0.545169	-0.141351
0.33	1.24372	0.0253257	0.157343	-0.547702	-0.144047
0.335	1.23878	0.0261227	0.160082	-0.550248	-0.146759
0.34	1.23385	0.0269333	0.162833	-0.552809	-0.149487
0.345	1.22891	0.0277575	0.165597	-0.555385	-0.152233
0.35	1.22399	0.0285954	0.168374	-0.557975	-0.154996
0.355	1.21906	0.029447	0.171164	-0.56058	-0.157775
0.36	1.21413	0.0303125	0.173967	-0.563201	-0.160572
0.365	1.20921	0.0311918	0.176783	-0.565837	-0.163385
0.37	1.20429	0.032085	0.179612	-0.568489	-0.166216
0.375	1.19938	0.0329923	0.182454	-0.571157	-0.169063
0.38	1.19446	0.0339135	0.18531	-0.573842	-0.171928
0.385	1.18955	0.0348489	0.188179	-0.576543	-0.174809
0.39	1.18464	0.0357984	0.191062	-0.57926	-0.177707
0.395	1.17973	0.0367621	0.193958	-0.581995	-0.180623
0.4	1.17483	0.0377401	0.196868	-0.584747	-0.183555
0.405	1.16993	0.0387324	0.199792	-0.587517	-0.186505
0.41	1.16503	0.0397391	0.20273	-0.590305	-0.189471
0.415	1.16014	0.0407603	0.205681	-0.593111	-0.192455
0.42	1.15525	0.041796	0.208647	-0.595935	-0.195456
0.425	1.15036	0.0428462	0.211626	-0.598778	-0.198474
0.43	1.14547	0.0439111	0.21462	-0.60164	-0.201509
0.435	1.14059	0.0449907	0.217628	-0.604522	-0.204561
0.44	1.13571	0.046085	0.220651	-0.607423	-0.20763
0.445	1.13084	0.0471942	0.223688	-0.610345	-0.210717
0.45	1.12596	0.0483182	0.22674	-0.613286	-0.21382
0.455	1.1211	0.0494571	0.229806	-0.616248	-0.216941
0.46	1.11623	0.0506111	0.232888	-0.619231	-0.220079
0.465	1.11137	0.05178	0.235984	-0.622236	-0.223234
0.47	1.10651	0.0529642	0.239095	-0.625262	-0.226407
0.475	1.10166	0.0541635	0.242221	-0.62831	-0.229596
0.48	1.09681	0.055378	0.245363	-0.63138	-0.232803
0.485	1.09196	0.0566079	0.24852	-0.634472	-0.236027
0.49	1.08712	0.0578531	0.251692	-0.637588	-0.239268
0.495	1.08228	0.0591137	0.25488	-0.640727	-0.242527
0.5	1.07745	0.0603899	0.258084	-0.643889	-0.245803
0.505	1.07262	0.0616816	0.261303	-0.647076	-0.249096
0.51	1.06779	0.0629889	0.264538	-0.650287	-0.252406
0.515	1.06297	0.0643119	0.26779	-0.653523	-0.255734
0.52	1.05815	0.0656506	0.271057	-0.656784	-0.259079
0.525	1.05334	0.0670052	0.274341	-0.66007	-0.262441
0.53	1.04853	0.0683756	0.277642	-0.663383	-0.26582
0.535	1.04372	0.069762	0.280959	-0.666721	-0.269217
0.54	1.03893	0.0711644	0.284292	-0.670086	-0.272631
0.545	1.03413	0.0725829	0.287643	-0.673479	-0.276062
0.55	1.02934	0.0740175	0.29101	-0.676899	-0.279511
0.555	1.02456	0.0754683	0.294395	-0.680347	-0.282977
0.56	1.01978	0.0769353	0.297796	-0.683823	-0.28646
0.565	1.015	0.0784187	0.301215	-0.687328	-0.28996
0.57	1.01023	0.0799186	0.304652	-0.690862	-0.293478
0.575	1.00547	0.0814348	0.308106	-0.694426	-0.297013
0.58	1.00071	0.0829676	0.311578	-0.69802	-0.300566
0.585	0.995954	0.084517	0.315069	-0.701644	-0.304135
0.59	0.991205	0.0860831	0.318577	-0.7053	-0.307722
0.595	0.986462	0.0876659	0.322103	-0.708986	-0.311326
0.6	0.981725	0.0892655	0.325648	-0.712705	-0.314947
0.605	0.976994	0.090882	0.329212	-0.716456	-0.318586
0.61	0.972268	0.0925155	0.332794	-0.72024	-0.322242
0.615	0.967548	0.0941659	0.336395	-0.724058	-0.325915
0.62	0.962834	0.0958334	0.340016	-0.727909	-0.329605
0.625	0.958127	0.0975181	0.343655	-0.731794	-0.333312
0.63	0.953425	0.0992199	0.347314	-0.735714	-0.337036
0.635	0.94873	0.100939	0.350993	-0.73967	-0.340778
0.64	0.944041	0.102676	0.354691	-0.743661	-0.344537
0.645	0.939359	0.104429	0.358409	-0.747689	-0.348312
0.65	0.934683	0.106201	0.362148	-0.751753	-0.352105
0.655	0.930014	0.10799	0.365906	-0.755855	-0.355915
0.66	0.925352	0.109797	0.369686	-0.759995	-0.359741
0.665	0.920697	0.111621	0.373486	-0.764174	-0.363585
0.67	0.916049	0.113463	0.377307	-0.768391	-0.367446
0.675	0.911407	0.115323	0.381149	-0.772648	-0.371323
0.68	0.906774	0.117201	0.385012	-0.776945	-0.375217
0.685	0.902147	0.119097	0.388897	-0.781282	-0.379128
0.69	0.897528	0.12101	0.392803	-0.785661	-0.383056
0.695	0.892916	0.122942	0.396731	-0.790082	-0.387
0.7	0.888312	0.124893	0.400682	-0.794545	-0.390961
0.705	0.883716	0.126861	0.404654	-0.799051	-0.394939
0.71	0.879128	0.128848	0.40865	-0.803601	-0.398933
0.715	0.874547	0.130853	0.412668	-0.808195	-0.402943
0.72	0.869975	0.132877	0.416709	-0.812833	-0.40697
0.725	0.865411	0.134919	0.420773	-0.817517	-0.411013
0.73	0.860856	0.13698	0.42486	-0.822247	-0.415073
0.735	0.856309	0.13906	0.428972	-0.827023	-0.419148
0.74	0.851771	0.141159	0.433107	-0.831847	-0.42324
0.745	0.847241	0.143276	0.437266	-0.836718	-0.427347
0.75	0.84272	0.145412	0.44145	-0.841638	-0.431471
0.755	0.838209	0.147567	0.445658	-0.846607	-0.43561
0.76	0.833706	0.149742	0.449891	-0.851625	-0.439765
0.765	0.829213	0.151935	0.454149	-0.856694	-0.443935
0.77	0.824729	0.154148	0.458432	-0.861814	-0.448121
0.775	0.820255	0.15638	0.462741	-0.866985	-0.452322
0.78	0.815791	0.158631	0.467076	-0.872208	-0.456538
0.785	0.811336	0.160902	0.471437	-0.877485	-0.460769
0.79	0.806892	0.163192	0.475825	-0.882815	-0.465016
0.795	0.802457	0.165502	0.480239	-0.888198	-0.469277
0.8	0.798033	0.167832	0.48468	-0.893637	-0.473552
0.805	0.793619	0.170181	0.489148	-0.899131	-0.477843
0.81	0.789216	0.172551	0.493644	-0.904681	-0.482147
0.815	0.784824	0.17494	0.498167	-0.910288	-0.486465
0.82	0.780443	0.177349	0.502719	-0.915952	-0.490798
0.825	0.776072	0.179778	0.507298	-0.921674	-0.495144
0.83	0.771713	0.182227	0.511907	-0.927455	-0.499504
0.835	0.767366	0.184696	0.516544	-0.933295	-0.503877
0.84	0.763029	0.187186	0.52121	-0.939195	-0.508263
0.845	0.758705	0.189696	0.525906	-0.945155	-0.512662
0.85	0.754393	0.192226	0.530632	-0.951176	-0.517074
0.855	0.750092	0.194777	0.535388	-0.957259	-0.521498
0.86	0.745804	0.197349	0.540174	-0.963405	-0.525935
0.865	0.741529	0.199941	0.544991	-0.969613	-0.530383
0.87	0.737266	0.202554	0.549839	-0.975885	-0.534843
0.875	0.733015	0.205187	0.554719	-0.98222	-0.539314
0.88	0.728778	0.207841	0.55963	-0.98862	-0.543796
0.885	0.724554	0.210517	0.564573	-0.995086	-0.548289
0.89	0.720343	0.213213	0.569549	-1.00162	-0.552793
0.895	0.716146	0.21593	0.574557	-1.00821	-0.557306
0.9	0.711963	0.218669	0.579598	-1.01488	-0.561829
0.905	0.707793	0.221428	0.584672	-1.02161	-0.566361
0.91	0.703638	0.224209	0.58978	-1.02841	-0.570903
0.915	0.699497	0.227011	0.594922	-1.03528	-0.575453
0.92	0.69537	0.229835	0.600099	-1.04221	-0.580011
0.925	0.691259	0.23268	0.60531	-1.04922	-0.584576
0.93	0.687162	0.235547	0.610556	-1.05629	-0.589149
0.935	0.683081	0.238435	0.615837	-1.06343	-0.593729
0.94	0.679015	0.241345	0.621154	-1.07065	-0.598315
0.945	0.674964	0.244276	0.626507	-1.07793	-0.602907
0.95	0.67093	0.24723	0.631897	-1.08528	-0.607505
0.955	0.666911	0.250205	0.637324	-1.09271	-0.612107
0.96	0.662909	0.253202	0.642787	-1.1002	-0.616713
0.965	0.658924	0.256221	0.648288	-1.10777	-0.621323
0.97	0.654955	0.259263	0.653827	-1.11541	-0.625936
0.975	0.651003	0.262326	0.659404	-1.12312	-0.630551
0.98	0.647068	0.265411	0.66502	-1.1309	-0.635169
0.985	0.643151	0.268519	0.670674	-1.13875	-0.639787
0.99	0.639252	0.271648	0.676368	-1.14668	-0.644406
0.995	0.635371	0.274801	0.682101	-1.15467	-0.649024
1	0.631508	0.277975	0.687875	-1.16274	-0.653642
1.005	0.627664	0.281172	0.693688	-1.17087	-0.658258
1.01	0.623838	0.284391	0.699543	-1.17908	-0.662871
1.015	0.620031	0.287633	0.705438	-1.18736	-0.667481
1.02	0.616244	0.290898	0.711375	-1.1957	-0.672087
1.025	0.612476	0.294185	0.717353	-1.20412	-0.676688
1.03	0.608728	0.297494	0.723374	-1.2126	-0.681282
1.035	0.605	0.300826	0.729437	-1.22115	-0.68587
1.04	0.601293	0.304181	0.735543	-1.22977	-0.690451
1.045	0.597607	0.307559	0.741692	-1.23846	-0.695022
1.05	0.593941	0.310959	0.747884	-1.24721	-0.699583
1.055	0.590296	0.314383	0.75412	-1.25602	-0.704134
1.06	0.586674	0.317829	0.7604	-1.2649	-0.708673
1.065	0.583073	0.321298	0.766725	-1.27384	-0.713199
1.07	0.579494	0.324789	0.773094	-1.28283	-0.71771
1.075	0.575938	0.328304	0.779508	-1.29189	-0.722206
1.08	0.572404	0.331842	0.785967	-1.30101	-0.726686
1.085	0.568894	0.335402	0.792472	-1.31018	-0.731148
1.09	0.565407	0.338985	0.799023	-1.31941	-0.73559
1.095	0.561943	0.342592	0.80562	-1.32869	-0.740013
1.1	0.558504	0.346221	0.812264	-1.33801	-0.744413
1.105	0.555089	0.349873	0.818954	-1.34739	-0.74879
1.11	0.551699	0.353548	0.825691	-1.35681	-0.753143
1.115	0.548334	0.357246	0.832475	-1.36628	-0.757469
1.12	0.544994	0.360967	0.839306	-1.37578	-0.761768
1.125	0.54168	0.364711	0.846185	-1.38533	-0.766038
1.13	0.538391	0.368478	0.853112	-1.3949	-0.770277
1.135	0.535129	0.372267	0.860086	-1.40451	-0.774484
1.14	0.531894	0.376079	0.867109	-1.41415	-0.778656
1.145	0.528686	0.379914	0.87418	-1.42381	-0.782793
1.15	0.525505	0.383772	0.881299	-1.4335	-0.786893
1.155	0.522352	0.387653	0.888466	-1.4432	-0.790953
1.16	0.519228	0.391556	0.895682	-1.45291	-0.794972
1.165	0.516131	0.395482	0.902947	-1.46264	-0.798948
1.17	0.513063	0.39943	0.91026	-1.47236	-0.802879
1.175	0.510025	0.403401	0.917622	-1.48209	-0.806764
1.18	0.507016	0.407394	0.925032	-1.49182	-0.810599
1.185	0.504037	0.41141	0.932491	-1.50153	-0.814384
1.19	0.501088	0.415447	0.939999	-1.51123	-0.818117
1.195	0.498169	0.419507	0.947555	-1.52091	-0.821794
1.2	0.495282	0.423589	0.95516	-1.53057	-0.825414
1.205	0.492426	0.427693	0.962812	-1.54019	-0.828975
1.21	0.489601	0.431819	0.970513	-1.54978	-0.832475
1.215	0.486809	0.435967	0.978262	-1.55932	-0.835911
1.22	0.484049	0.440136	0.986059	-1.56882	-0.839282
1.225	0.481322	0.444327	0.993903	-1.57825	-0.842584
1.23	0.478628	0.448539	1.00179	-1.58763	-0.845816
1.235	0.475968	0.452773	1.00973	-1.59693	-0.848975
1.24	0.473341	0.457027	1.01772	-1.60616	-0.852059
1.245	0.470749	0.461303	1.02575	-1.6153	-0.855065
1.25	0.468191	0.465599	1.03382	-1.62435	-0.857992
1.255	0.465668	0.469916	1.04195	-1.63329	-0.860837
1.26	0.463181	0.474253	1.05011	-1.64213	-0.863597
1.265	0.460729	0.478611	1.05832	-1.65085	-0.86627
1.27	0.458314	0.482989	1.06658	-1.65945	-0.868853
1.275	0.455935	0.487386	1.07487	-1.66791	-0.871344
1.28	0.453592	0.491804	1.08321	-1.67624	-0.873742
1.285	0.451287	0.496241	1.0916	-1.68441	-0.876042
1.29	0.449019	0.500697	1.10002	-1.69242	-0.878243
1.295	0.446789	0.505172	1.10848	-1.70026	-0.880342
1.3	0.444597	0.509666	1.11698	-1.70792	-0.882338
1.305	0.442443	0.514178	1.12552	-1.71539	-0.884227
1.31	0.440328	0.518709	1.1341	-1.72267	-0.886007
1.315	0.438253	0.523258	1.14271	-1.72974	-0.887676
1.32	0.436217	0.527824	1.15136	-1.7366	-0.889232
1.325	0.43422	0.532408	1.16004	-1.74323	-0.890672
1.33	0.432264	0.53701	1.16876	-1.74962	-0.891994
1.335	0.430347	0.541628	1.17751	-1.75577	-0.893196
1.34	0.428472	0.546263	1.18629	-1.76167	-0.894276
1.345	0.426637	0.550914	1.19509	-1.7673	-0.895231
1.35	0.424844	0.555581	1.20393	-1.77266	-0.89606
1.355	0.423092	0.560264	1.21279	-1.77774	-0.896761
1.36	0.421382	0.564963	1.22168	-1.78252	-0.897331
1.365	0.419713	0.569676	1.2306	-1.787	-0.89777
1.37	0.418087	0.574404	1.23953	-1.79118	-0.898075
1.375	0.416503	0.579147	1.24849	-1.79503	-0.898244
1.38	0.414962	0.583903	1.25746	-1.79856	-0.898277
1.385	0.413464	0.588674	1.26645	-1.80175	-0.898171
1.39	0.412008	0.593457	1.27546	-1.80459	-0.897926
1.395	0.410596	0.598254	1.28449	-1.80709	-0.897539
1.4	0.409228	0.603063	1.29352	-1.80922	-0.89701
1.405	0.407902	0.607884	1.30257	-1.81099	-0.896338
1.41	0.406621	0.612717	1.31162	-1.81238	-0.895522
1.415	0.405383	0.617561	1.32068	-1.81339	-0.89456
1.42	0.40419	0.622417	1.32975	-1.81402	-0.893453
1.425	0.40304	0.627283	1.33882	-1.81425	-0.8922
1.43	0.401935	0.632159	1.34789	-1.81408	-0.8908
1.435	0.400874	0.637045	1.35696	-1.81352	-0.889253
1.44	0.399857	0.641941	1.36603	-1.81254	-0.887559
1.445	0.398885	0.646845	1.37509	-1.81115	-0.885718
1.45	0.397957	0.651759	1.38415	-1.80935	-0.883729
1.455	0.397074	0.65668	1.3932	-1.80712	-0.881594
1.46	0.396235	0.661609	1.40223	-1.80448	-0.879312
1.465	0.395441	0.666546	1.41125	-1.80141	-0.876884
1.47	0.394691	0.671489	1.42026	-1.79792	-0.874311
1.475	0.393986	0.676439	1.42925	-1.79401	-0.871593
1.48	0.393325	0.681395	1.43822	-1.78966	-0.868732
1.485	0.392708	0.686357	1.44717	-1.7849	-0.865728
1.49	0.392136	0.691324	1.45609	-1.77971	-0.862582
1.495	0.391608	0.696296	1.46499	-1.77409	-0.859297
1.5	0.391124	0.701273	1.47386	-1.76805	-0.855874
1.505	0.390684	0.706253	1.4827	-1.7616	-0.852313
1.51	0.390288	0.711238	1.49151	-1.75473	-0.848618
1.515	0.389936	0.716225	1.50028	-1.74745	-0.844789
1.52	0.389627	0.721216	1.50902	-1.73975	-0.840829
1.525	0.389362	0.726209	1.51772	-1.73166	-0.83674
1.53	0.38914	0.731204	1.52638	-1.72317	-0.832524
1.535	0.388961	0.7362	1.53499	-1.71428	-0.828184
1.54	0.388825	0.741199	1.54357	-1.70501	-0.823721
1.545	0.388731	0.746198	1.55209	-1.69536	-0.819139
1.55	0.38868	0.751197	1.56057	-1.68534	-0.81444
1.555	0.388671	0.756197	1.56899	-1.67495	-0.809627
1.56	0.388704	0.761197	1.57737	-1.66421	-0.804703
1.565	0.388778	0.766197	1.58569	-1.65312	-0.79967
1.57	0.388894	0.771195	1.59396	-1.64169	-0.794532
1.575	0.389051	0.776193	1.60216	-1.62993	-0.789291
1.58	0.389248	0.781189	1.61031	-1.61785	-0.783951
1.585	0.389486	0.786183	1.6184	-1.60545	-0.778515
1.59	0.389764	0.791176	1.62643	-1.59276	-0.772986
1.595	0.390082	0.796166	1.63439	-1.57978	-0.767367
1.6	0.390439	0.801153	1.64229	-1.56652	-0.761662
1.605	0.390835	0.806137	1.65013	-1.55299	-0.755874
1.61	0.39127	0.811118	1.65789	-1.5392	-0.750006
1.615	0.391744	0.816096	1.66559	-1.52516	-0.744062
1.62	0.392255	0.821069	1.67321	-1.51089	-0.738044
1.625	0.392804	0.826039	1.68077	-1.4964	-0.731957
1.63	0.393389	0.831005	1.68825	-1.48169	-0.725804
1.635	0.394012	0.835966	1.69566	-1.46678	-0.719588
1.64	0.394671	0.840922	1.70299	-1.45168	-0.713313
1.645	0.395366	0.845874	1.71025	-1.4364	-0.706981
1.65	0.396097	0.85082	1.71743	-1.42096	-0.700597
1.655	0.396862	0.855761	1.72454	-1.40536	-0.694163
1.66	0.397663	0.860697	1.73156	-1.38962	-0.687683
1.665	0.398497	0.865626	1.73851	-1.37375	-0.68116
1.67	0.399366	0.87055	1.74538	-1.35775	-0.674597
1.675	0.400268	0.875468	1.75217	-1.34164	-0.667998
1.68	0.401203	0.88038	1.75888	-1.32544	-0.661365
1.685	0.40217	0.885286	1.7655	-1.30914	-0.654702
1.69	0.40317	0.890185	1.77205	-1.29277	-0.648011
1.695	0.404201	0.895077	1.77851	-1.27633	-0.641297
1.7	0.405263	0.899963	1.7849	-1.25983	-0.634561
1.705	0.406356	0.904842	1.79119	-1.24329	-0.627806
1.71	0.40748	0.909714	1.79741	-1.22671	-0.621036
1.715	0.408633	0.91458	1.80354	-1.2101	-0.614252
1.72	0.409816	0.919438	1.80959	-1.19347	-0.607459
1.725	0.411027	0.924289	1.81556	-1.17683	-0.600657
1.73	0.412267	0.929132	1.82145	-1.16019	-0.593851
1.735	0.413536	0.933969	1.82725	-1.14356	-0.587041
1.74	0.414831	0.938798	1.83297	-1.12694	-0.580232
1.745	0.416155	0.94362	1.8386	-1.11035	-0.573424
1.75	0.417504	0.948434	1.84415	-1.09379	-0.566621
1.755	0.41888	0.953241	1.84962	-1.07727	-0.559825
1.76	0.420282	0.958041	1.85501	-1.0608	-0.553037
1.765	0.42171	0.962832	1.86031	-1.04438	-0.54626
1.77	0.423162	0.967617	1.86553	-1.02802	-0.539495
1.775	0.424639	0.972394	1.87067	-1.01172	-0.532745
1.78	0.42614	0.977163	1.87573	-0.995502	-0.526012
1.785	0.427665	0.981925	1.88071	-0.979359	-0.519297
1.79	0.429214	0.986679	1.88561	-0.963299	-0.512601
1.795	0.430785	0.991426	1.89042	-0.947329	-0.505928
1.8	0.432378	0.996165	1.89516	-0.931453	-0.499277
1.805	0.433994	1.0009	1.89982	-0.915676	-0.492651
1.81	0.435631	1.00562	1.90439	-0.900003	-0.486051
1.815	0.437289	1.01034	1.90889	-0.884437	-0.479479
1.82	0.438969	1.01505	1.91332	-0.868983	-0.472935
1.825	0.440668	1.01975	1.91766	-0.853644	-0.466422
1.83	0.442388	1.02444	1.92193	-0.838424	-0.45994
1.835	0.444128	1.02913	1.92612	-0.823327	-0.45349
1.84	0.445887	1.03381	1.93024	-0.808355	-0.447073
1.845	0.447664	1.03849	1.93428	-0.793511	-0.440691
1.85	0.44946	1.04315	1.93825	-0.778799	-0.434345
1.855	0.451275	1.04781	1.94214	-0.764219	-0.428035
1.86	0.453107	1.05246	1.94596	-0.749775	-0.421762
1.865	0.454956	1.05711	1.94971	-0.735469	-0.415526
1.87	0.456823	1.06175	1.95339	-0.721302	-0.40933
1.875	0.458706	1.06638	1.957	-0.707277	-0.403173
1.88	0.460606	1.071	1.96053	-0.693394	-0.397057
1.885	0.462522	1.07562	1.964	-0.679656	-0.390981
1.89	0.464453	1.08023	1.9674	-0.666062	-0.384946
1.895	0.4664	1.08484	1.97073	-0.652615	-0.378953
1.9	0.468362	1.08944	1.97399	-0.639315	-0.373002
1.905	0.470338	1.09403	1.97719	-0.626163	-0.367095
1.91	0.472329	1.09862	1.98032	-0.61316	-0.36123
1.915	0.474334	1.1032	1.98338	-0.600305	-0.355409
1.92	0.476353	1.10777	1.98639	-0.5876	-0.349632
1.925	0.478385	1.11234	1.98932	-0.575044	-0.343899
1.93	0.48043	1.1169	1.9922	-0.562638	-0.338211
1.935	0.482488	1.12146	1.99501	-0.550382	-0.332567
1.94	0.484559	1.12601	1.99776	-0.538276	-0.326969
1.945	0.486641	1.13056	2.00046	-0.526319	-0.321415
1.95	0.488736	1.1351	2.00309	-0.514511	-0.315907
1.955	0.490843	1.13963	2.00566	-0.502851	-0.310445
1.96	0.49296	1.14416	2.00817	-0.49134	-0.305027
1.965	0.495089	1.14869	2.01063	-0.479977	-0.299656
1.97	0.497229	1.15321	2.01303	-0.468761	-0.29433
1.975	0.49938	1.15772	2.01537	-0.457692	-0.28905
1.98	0.50154	1.16223	2.01766	-0.446768	-0.283816
1.985	0.503711	1.16673	2.0199	-0.435989	-0.278627
1.99	0.505892	1.17123	2.02208	-0.425354	-0.273484
1.995	0.508082	1.17573	2.0242	-0.414863	-0.268387
2	0.510281	1.18022	2.02628	-0.404513	-0.263335
2.005	0.51249	1.1847	2.0283	-0.394305	-0.258329
2.01	0.514707	1.18918	2.03027	-0.384237	-0.253369
2.015	0.516933	1.19366	2.03219	-0.374308	-0.248453
2.02	0.519168	1.19813	2.03406	-0.364517	-0.243583
2.025	0.52141	1.2026	2.03589	-0.354862	-0.238759
2.03	0.523661	1.20707	2.03766	-0.345343	-0.233979
2.035	0.525919	1.21153	2.03939	-0.335959	-0.229244
2.04	0.528184	1.21599	2.04107	-0.326707	-0.224553
2.045	0.530457	1.22044	2.0427	-0.317587	-0.219907
2.05	0.532737	1.22489	2.04429	-0.308598	-0.215305
2.055	0.535024	1.22934	2.04583	-0.299737	-0.210748
2.06	0.537318	1.23378	2.04733	-0.291005	-0.206234
2.065	0.539618	1.23822	2.04879	-0.282399	-0.201764
2.07	0.541924	1.24266	2.0502	-0.273918	-0.197337
2.075	0.544236	1.24709	2.05157	-0.26556	-0.192954
2.08	0.546554	1.25152	2.0529	-0.257325	-0.188614
2.085	0.548878	1.25595	2.05418	-0.249211	-0.184316
2.09	0.551208	1.26037	2.05543	-0.241217	-0.180061
2.095	0.553542	1.26479	2.05663	-0.23334	-0.175848
2.1	0.555882	1.26921	2.0578	-0.22558	-0.171677
2.105	0.558227	1.27363	2.05893	-0.217936	-0.167548
2.11	0.560577	1.27804	2.06002	-0.210405	-0.163461
2.115	0.562931	1.28245	2.06107	-0.202987	-0.159414
2.12	0.56529	1.28686	2.06209	-0.195679	-0.155409
2.125	0.567653	1.29127	2.06306	-0.188482	-0.151444
2.13	0.57002	1.29567	2.06401	-0.181392	-0.14752
2.135	0.572392	1.30007	2.06491	-0.17441	-0.143636
2.14	0.574767	1.30447	2.06578	-0.167532	-0.139792
2.145	0.577146	1.30887	2.06662	-0.160759	-0.135987
2.15	0.579528	1.31327	2.06743	-0.154088	-0.132222
2.155	0.581914	1.31766	2.0682	-0.147519	-0.128495
2.16	0.584303	1.32205	2.06893	-0.14105	-0.124808
2.165	0.586695	1.32644	2.06964	-0.134678	-0.121159
2.17	0.58909	1.33083	2.07031	-0.128405	-0.117548
2.175	0.591487	1.33522	2.07096	-0.122226	-0.113974
2.18	0.593888	1.3396	2.07157	-0.116143	-0.110439
2.185	0.596291	1.34399	2.07215	-0.110152	-0.106941
2.19	0.598696	1.34837	2.0727	-0.104253	-0.103479
2.195	0.601104	1.35276	2.07322	-0.0984452	-0.100055
2.2	0.603514	1.35714	2.07371	-0.0927262	-0.096667
2.205	0.605926	1.36152	2.07417	-0.0870952	-0.0933152
2.21	0.60834	1.36589	2.07461	-0.0815508	-0.0899992
2.215	0.610756	1.37027	2.07502	-0.0760919	-0.0867189
2.22	0.613173	1.37465	2.0754	-0.0707171	-0.0834739
2.225	0.615592	1.37903	2.07575	-0.0654253	-0.0802639
2.23	0.618012	1.3834	2.07608	-0.0602152	-0.0770887
2.235	0.620434	1.38777	2.07638	-0.0550856	-0.073948
2.24	0.622856	1.39215	2.07666	-0.0500354	-0.0708415
2.245	0.62528	1.39652	2.07691	-0.0450633	-0.067769
2.25	0.627705	1.40089	2.07713	-0.0401682	-0.0647301
2.255	0.630131	1.40527	2.07733	-0.035349	-0.0617246
2.26	0.632557	1.40964	2.07751	-0.0306045	-0.0587522
2.265	0.634985	1.41401	2.07766	-0.0259335	-0.0558127
2.27	0.637412	1.41838	2.07779	-0.0213351	-0.0529057
2.275	0.639841	1.42275	2.0779	-0.0168081	-0.0500311
2.28	0.642269	1.42712	2.07798	-0.0123513	-0.0471886
2.285	0.644698	1.43149	2.07804	-0.00796382	-0.0443778
2.29	0.647127	1.43586	2.07808	-0.00364451	-0.0415986
2.295	0.649556	1.44023	2.0781	0.000607649	-0.0388506
2.3	0.651985	1.4446	2.0781	0.00479368	-0.0361337
2.305	0.654414	1.44897	2.07807	0.0089146	-0.0334476
2.31	0.656843	1.45334	2.07803	0.0129714	-0.030792
2.315	0.659272	1.45771	2.07797	0.0169651	-0.0281666
2.32	0.6617	1.46209	2.07788	0.0208966	-0.0255713
2.325	0.664128	1.46646	2.07778	0.0247669	-0.0230058
2.33	0.666555	1.47083	2.07765	0.028577	-0.0204698
2.335	0.668981	1.4752	2.07751	0.0323277	-0.0179631
2.34	0.671407	1.47957	2.07735	0.03602	-0.0154855
2.345	0.673832	1.48394	2.07717	0.0396548	-0.0130367
2.35	0.676256	1.48832	2.07697	0.043233	-0.0106165
2.355	0.678679	1.49269	2.07675	0.0467555	-0.0082247
2.36	0.681102	1.49707	2.07652	0.0502231	-0.00586101
2.365	0.683523	1.50144	2.07627	0.0536367	-0.00352523
2.37	0.685943	1.50582	2.076	0.0569971	-0.00121713
2.375	0.688361	1.51019	2.07572	0.0603052	0.00106351
2.38	0.690779	1.51457	2.07541	0.0635617	0.0033169
2.385	0.693195	1.51895	2.0751	0.0667675	0.00554327
2.39	0.695609	1.52332	2.07476	0.0699234	0.00774283
2.395	0.698022	1.5277	2.07441	0.0730302	0.00991579
2.4	0.700434	1.53208	2.07405	0.0760886	0.0120624
2.405	0.702843	1.53646	2.07367	0.0790993	0.0141828
2.41	0.705251	1.54085	2.07327	0.0820632	0.0162772
2.415	0.707657	1.54523	2.07286	0.0849809	0.0183459
2.42	0.710062	1.54961	2.07244	0.0878533	0.020389
2.425	0.712464	1.554	2.072	0.0906809	0.0224067
2.43	0.714865	1.55838	2.07154	0.0934645	0.0243993
2.435	0.717263	1.56277	2.07108	0.0962048	0.0263669
2.44	0.719659	1.56716	2.0706	0.0989025	0.0283097
2.445	0.722053	1.57155	2.0701	0.101558	0.030228
2.45	0.724445	1.57594	2.06959	0.104173	0.0321218
2.455	0.726835	1.58033	2.06907	0.106746	0.0339915
2.46	0.729222	1.58473	2.06854	0.10928	0.0358371
2.465	0.731607	1.58912	2.06799	0.111775	0.0376589
2.47	0.733989	1.59352	2.06743	0.11423	0.0394571
2.475	0.736369	1.59791	2.06686	0.116648	0.0412317
2.48	0.738746	1.60231	2.06628	0.119028	0.0429831
2.485	0.741121	1.60671	2.06568	0.121371	0.0447114
2.49	0.743493	1.61111	2.06508	0.123677	0.0464167
2.495	0.745862	1.61552	2.06446	0.125948	0.0480992
2.5	0.748229	1.61992	2.06383	0.128184	0.0497591
2.505	0.750592	1.62433	2.06319	0.130385	0.0513966
2.51	0.752953	1.62874	2.06254	0.132552	0.0530118
2.515	0.755311	1.63314	2.06187	0.134685	0.0546049
2.52	0.757666	1.63755	2.0612	0.136785	0.0561761
2.525	0.760018	1.64197	2.06052	0.138853	0.0577254
2.53	0.762367	1.64638	2.05982	0.140888	0.0592532
2.535	0.764712	1.6508	2.05912	0.142892	0.0607595
2.54	0.767055	1.65521	2.0584	0.144865	0.0622445
2.545	0.769394	1.65963	2.05768	0.146808	0.0637083
2.55	0.77173	1.66405	2.05694	0.14872	0.0651511
2.555	0.774063	1.66848	2.0562	0.150603	0.066573
2.56	0.776393	1.6729	2.05545	0.152457	0.0679743
2.565	0.778719	1.67733	2.05469	0.154282	0.069355
2.57	0.781041	1.68175	2.05391	0.156079	0.0707152
2.575	0.783361	1.68618	2.05313	0.157849	0.0720552
2.58	0.785676	1.69062	2.05234	0.15959	0.0733751
2.585	0.787989	1.69505	2.05155	0.161306	0.074675
2.59	0.790297	1.69948	2.05074	0.162994	0.075955
2.595	0.792602	1.70392	2.04992	0.164657	0.0772154
2.6	0.794904	1.70836	2.0491	0.166294	0.0784561
2.605	0.797201	1.7128	2.04827	0.167906	0.0796774
2.61	0.799495	1.71724	2.04743	0.169493	0.0808794
2.615	0.801786	1.72169	2.04658	0.171055	0.0820623
2.62	0.804072	1.72613	2.04573	0.172594	0.0832261
2.625	0.806354	1.73058	2.04486	0.174109	0.084371
2.63	0.808633	1.73503	2.04399	0.1756	0.0854971
2.635	0.810908	1.73949	2.04312	0.177069	0.0866045
2.64	0.813179	1.74394	2.04223	0.178515	0.0876934
2.645	0.815446	1.7484	2.04134	0.179939	0.0887639
2.65	0.817708	1.75286	2.04044	0.181342	0.0898161
2.655	0.819967	1.75732	2.03953	0.182722	0.0908501
2.66	0.822222	1.76178	2.03862	0.184082	0.0918661
2.665	0.824473	1.76624	2.0377	0.185421	0.0928642
2.67	0.826719	1.77071	2.03677	0.186739	0.0938444
2.675	0.828961	1.77518	2.03584	0.188038	0.094807
2.68	0.831199	1.77965	2.0349	0.189316	0.095752
2.685	0.833433	1.78412	2.03395	0.190575	0.0966795
2.69	0.835663	1.7886	2.033	0.191815	0.0975896
2.695	0.837888	1.79308	2.03204	0.193036	0.0984826
2.7	0.840109	1.79756	2.03107	0.194238	0.0993583
2.705	0.842326	1.80204	2.0301	0.195422	0.100217
2.71	0.844538	1.80652	2.02912	0.196588	0.101059
2.715	0.846746	1.81101	2.02814	0.197736	0.101884
2.72	0.848949	1.8155	2.02715	0.198867	0.102692
2.725	0.851148	1.81999	2.02616	0.199981	0.103484
2.73	0.853343	1.82448	2.02516	0.201078	0.104259
2.735	0.855533	1.82898	2.02415	0.202158	0.105018
2.74	0.857718	1.83347	2.02314	0.203222	0.105761
2.745	0.859899	1.83797	2.02213	0.20427	0.106487
2.75	0.862075	1.84247	2.02111	0.205303	0.107197
2.755	0.864247	1.84698	2.02008	0.206319	0.107892
2.76	0.866414	1.85148	2.01905	0.207321	0.10857
2.765	0.868576	1.85599	2.01801	0.208307	0.109233
2.77	0.870733	1.8605	2.01697	0.209279	0.10988
2.775	0.872886	1.86501	2.01592	0.210236	0.110511
2.78	0.875034	1.86953	2.01487	0.211178	0.111127
2.785	0.877178	1.87405	2.01382	0.212107	0.111727
2.79	0.879316	1.87857	2.01275	0.213022	0.112312
2.795	0.88145	1.88309	2.01169	0.213923	0.112882
2.8	0.883579	1.88761	2.01062	0.214811	0.113437
2.805	0.885703	1.89214	2.00955	0.215685	0.113977
2.81	0.887822	1.89667	2.00847	0.216547	0.114501
2.815	0.889936	1.9012	2.00739	0.217396	0.115011
2.82	0.892046	1.90573	2.0063	0.218232	0.115506
2.825	0.89415	1.91027	2.00521	0.219056	0.115987
2.83	0.896249	1.91481	2.00411	0.219868	0.116452
2.835	0.898344	1.91935	2.00301	0.220668	0.116904
2.84	0.900433	1.92389	2.00191	0.221456	0.11734
2.845	0.902518	1.92843	2.0008	0.222233	0.117763
2.85	0.904597	1.93298	1.99969	0.222998	0.118171
2.855	0.906671	1.93753	1.99858	0.223753	0.118565
2.86	0.90874	1.94208	1.99746	0.224496	0.118945
2.865	0.910804	1.94664	1.99633	0.225229	0.119311
2.87	0.912863	1.95119	1.99521	0.22595	0.119663
2.875	0.914917	1.95575	1.99408	0.226662	0.120001
2.88	0.916966	1.96031	1.99295	0.227363	0.120325
2.885	0.919009	1.96487	1.99181	0.228054	0.120635
2.89	0.921047	1.96944	1.99067	0.228736	0.120932
2.895	0.92308	1.97401	1.98952	0.229407	0.121216
2.9	0.925108	1.97858	1.98838	0.230069	0.121485
2.905	0.927131	1.98315	1.98723	0.230722	0.121742
2.91	0.929148	1.98773	1.98607	0.231366	0.121985
2.915	0.93116	1.9923	1.98492	0.232	0.122215
2.92	0.933166	1.99688	1.98376	0.232625	0.122432
2.925	0.935168	2.00147	1.98259	0.233242	0.122635
2.93	0.937164	2.00605	1.98143	0.23385	0.122826
2.935	0.939154	2.01064	1.98026	0.23445	0.123003
2.94	0.941139	2.01523	1.97909	0.235041	0.123168
2.945	0.943119	2.01982	1.97791	0.235624	0.12332
2.95	0.945094	2.02441	1.97673	0.2362	0.123459
2.955	0.947063	2.02901	1.97555	0.236767	0.123585
2.96	0.949026	2.03361	1.97437	0.237326	0.123699
2.965	0.950984	2.03821	1.97318	0.237878	0.123801
2.97	0.952937	2.04281	1.97199	0.238423	0.123889
2.975	0.954884	2.04741	1.9708	0.23896	0.123966
2.98	0.956825	2.05202	1.9696	0.23949	0.12403
2.985	0.958762	2.05663	1.96841	0.240013	0.124082
2.99	0.960692	2.06124	1.96721	0.240529	0.124121
2.995	0.962617	2.06586	1.966	0.241039	0.124149
3	0.964537	2.07048	1.9648	0.241541	0.124164
3.005	0.96645	2.07509	1.96359	0.242037	0.124168
3.01	0.968359	2.07972	1.96238	0.242527	0.124159
3.015	0.970261	2.08434	1.96117	0.24301	0.124139
3.02	0.972158	2.08897	1.95995	0.243487	0.124107
3.025	0.97405	2.09359	1.95874	0.243958	0.124063
3.03	0.975936	2.09823	1.95752	0.244423	0.124007
3.035	0.977816	2.10286	1.95629	0.244883	0.12394
3.04	0.97969	2.10749	1.95507	0.245336	0.123861
3.045	0.981559	2.11213	1.95384	0.245784	0.123771
3.05	0.983422	2.11677	1.95261	0.246227	0.123669
3.055	0.985279	2.12141	1.95138	0.246664	0.123556
3.06	0.987131	2.12606	1.95015	0.247095	0.123431
3.065	0.988977	2.1307	1.94891	0.247522	0.123296
3.07	0.990817	2.13535	1.94768	0.247943	0.123149
3.075	0.992651	2.14001	1.94644	0.24836	0.122991
3.08	0.99448	2.14466	1.9452	0.248772	0.122822
3.085	0.996302	2.14931	1.94395	0.249178	0.122642
3.09	0.998119	2.15397	1.94271	0.249581	0.122451
3.095	0.999931	2.15863	1.94146	0.249978	0.122249
3.1	1.00174	2.1633	1.94021	0.250371	0.122036
3.105	1.00354	2.16796	1.93896	0.25076	0.121812
3.11	1.00533	2.17263	1.9377	0.251144	0.121578
3.115	1.00712	2.1773	1.93645	0.251525	0.121333
3.12	1.0089	2.18197	1.93519	0.251901	0.121077
3.125	1.01067	2.18664	1.93393	0.252273	0.120811
3.13	1.01244	2.19132	1.93267	0.252641	0.120535
3.135	1.01421	2.196	1.9314	0.253005	0.120248
3.14	1.01597	2.20068	1.93014	0.253366	0.11995
3.145	1.01772	2.20536	1.92887	0.253722	0.119642
3.15	1.01947	2.21005	1.9276	0.254076	0.119324
3.155	1.02121	2.21473	1.92633	0.254425	0.118996
3.16	1.02294	2.21942	1.92506	0.254772	0.118658
3.165	1.02467	2.22412	1.92379	0.255115	0.118309
3.17	1.02639	2.22881	1.92251	0.255454	0.117951
3.175	1.02811	2.23351	1.92123	0.255791	0.117582
3.18	1.02982	2.2382	1.91996	0.256124	0.117203
3.185	1.03152	2.2429	1.91868	0.256455	0.116815
3.19	1.03322	2.24761	1.91739	0.256782	0.116416
3.195	1.03491	2.25231	1.91611	0.257106	0.116008
3.2	1.0366	2.25702	1.91482	0.257428	0.11559
3.205	1.03828	2.26173	1.91354	0.257747	0.115163
3.21	1.03996	2.26644	1.91225	0.258063	0.114726
3.215	1.04162	2.27115	1.91096	0.258377	0.114279
3.22	1.04329	2.27587	1.90967	0.258688	0.113823
3.225	1.04494	2.28059	1.90837	0.258997	0.113357
3.23	1.04659	2.28531	1.90708	0.259303	0.112882
3.235	1.04824	2.29003	1.90578	0.259607	0.112397
3.24	1.04987	2.29475	1.90448	0.259909	0.111903
3.245	1.0515	2.29948	1.90318	0.260208	0.1114
3.25	1.05313	2.30421	1.90188	0.260506	0.110887
3.255	1.05475	2.30894	1.90058	0.260801	0.110366
3.26	1.05636	2.31367	1.89928	0.261095	0.109835
3.265	1.05797	2.31841	1.89797	0.261386	0.109295
3.27	1.05957	2.32314	1.89666	0.261675	0.108746
3.275	1.06116	2.32788	1.89535	0.261963	0.108188
3.28	1.06275	2.33262	1.89404	0.262249	0.107621
3.285	1.06433	2.33737	1.89273	0.262534	0.107045
3.29	1.06591	2.34211	1.89142	0.262816	0.106461
3.295	1.06748	2.34686	1.89011	0.263097	0.105867
3.3	1.06904	2.35161	1.88879	0.263377	0.105265
3.305	1.0706	2.35636	1.88747	0.263655	0.104655
3.31	1.07215	2.36111	1.88616	0.263932	0.104035
3.315	1.0737	2.36587	1.88484	0.264207	0.103407
3.32	1.07523	2.37062	1.88352	0.264481	0.10277
3.325	1.07677	2.37538	1.88219	0.264754	0.102125
3.33	1.07829	2.38015	1.88087	0.265026	0.101472
3.335	1.07981	2.38491	1.87954	0.265296	0.10081
3.34	1.08132	2.38967	1.87822	0.265566	0.100139
3.345	1.08283	2.39444	1.87689	0.265834	0.0994605
3.35	1.08433	2.39921	1.87556	0.266101	0.0987736
3.355	1.08582	2.40398	1.87423	0.266368	0.0980784
3.36	1.08731	2.40876	1.8729	0.266633	0.097375
3.365	1.08879	2.41353	1.87157	0.266898	0.0966635
3.37	1.09027	2.41831	1.87023	0.267162	0.0959438
3.375	1.09174	2.42309	1.86889	0.267425	0.0952162
3.38	1.0932	2.42787	1.86756	0.267688	0.0944805
3.385	1.09466	2.43265	1.86622	0.26795	0.0937369
3.39	1.0961	2.43744	1.86488	0.268211	0.0929854
3.395	1.09755	2.44223	1.86354	0.268472	0.092226
3.4	1.09898	2.44702	1.8622	0.268732	0.0914588
3.405	1.10041	2.45181	1.86085	0.268992	0.0906838
3.41	1.10184	2.4566	1.85951	0.269251	0.0899011
3.415	1.10325	2.4614	1.85816	0.26951	0.0891107
3.42	1.10467	2.46619	1.85681	0.269769	0.0883127
3.425	1.10607	2.47099	1.85546	0.270027	0.087507
3.43	1.10747	2.47579	1.85411	0.270285	0.0866938
3.435	1.10886	2.48059	1.85276	0.270543	0.0858732
3.44	1.11024	2.4854	1.85141	0.270801	0.085045
3.445	1.11162	2.49021	1.85006	0.271059	0.0842094
3.45	1.11299	2.49501	1.8487	0.271316	0.0833665
3.455	1.11436	2.49982	1.84734	0.271574	0.0825162
3.46	1.11572	2.50464	1.84599	0.271831	0.0816586
3.465	1.11707	2.50945	1.84463	0.272089	0.0807938
3.47	1.11841	2.51426	1.84327	0.272346	0.0799218
3.475	1.11975	2.51908	1.84191	0.272604	0.0790426
3.48	1.12109	2.5239	1.84054	0.272862	0.0781563
3.485	1.12241	2.52872	1.83918	0.27312	0.0772629
3.49	1.12373	2.53354	1.83781	0.273378	0.0763625
3.495	1.12504	2.53837	1.83645	0.273637	0.0754551
3.5	1.12635	2.5432	1.83508	0.273895	0.0745408
3.505	1.12765	2.54802	1.83371	0.274154	0.0736196
3.51	1.12894	2.55285	1.83234	0.274414	0.0726915
3.515	1.13023	2.55769	1.83097	0.274674	0.0717566
3.52	1.13151	2.56252	1.82959	0.274934	0.0708149
3.525	1.13278	2.56735	1.82822	0.275195	0.0698665
3.53	1.13405	2.57219	1.82684	0.275456	0.0689114
3.535	1.13531	2.57703	1.82546	0.275718	0.0679496
3.54	1.13656	2.58187	1.82409	0.27598	0.0669813
3.545	1.13781	2.58671	1.82271	0.276243	0.0660064
3.55	1.13905	2.59156	1.82132	0.276506	0.0650249
3.555	1.14028	2.5964	1.81994	0.27677	0.064037
3.56	1.1415	2.60125	1.81856	0.277035	0.0630427
3.565	1.14272	2.6061	1.81717	0.277301	0.0620419
3.57	1.14394	2.61095	1.81579	0.277567	0.0610348
3.575	1.14514	2.6158	1.8144	0.277834	0.0600214
3.58	1.14634	2.62066	1.81301	0.278102	0.0590017
3.585	1.14753	2.62551	1.81162	0.278371	0.0579758
3.59	1.14872	2.63037	1.81023	0.27864	0.0569437
3.595	1.1499	2.63523	1.80883	0.27891	0.0559055
3.6	1.15107	2.64009	1.80744	0.279182	0.0548611
3.605	1.15224	2.64495	1.80604	0.279454	0.0538107
3.61	1.1534	2.64981	1.80465	0.279727	0.0527543
3.615	1.15455	2.65468	1.80325	0.280002	0.0516919
3.62	1.15569	2.65955	1.80185	0.280277	0.0506235
3.625	1.15683	2.66442	1.80045	0.280553	0.0495493
3.63	1.15796	2.66929	1.79904	0.280831	0.0484691
3.635	1.15909	2.67416	1.79764	0.281109	0.0473832
3.64	1.1602	2.67903	1.79623	0.281389	0.0462915
3.645	1.16131	2.68391	1.79483	0.28167	0.0451941
3.65	1.16242	2.68878	1.79342	0.281951	0.0440909
3.655	1.16352	2.69366	1.79201	0.282235	0.0429821
3.66	1.16461	2.69854	1.7906	0.282519	0.0418677
3.665	1.16569	2.70342	1.78918	0.282805	0.0407478
3.67	1.16677	2.70831	1.78777	0.283092	0.0396222
3.675	1.16784	2.71319	1.78636	0.28338	0.0384912
3.68	1.1689	2.71808	1.78494	0.283669	0.0373548
3.685	1.16995	2.72296	1.78352	0.28396	0.0362129
3.69	1.171	2.72785	1.7821	0.284253	0.0350657
3.695	1.17204	2.73274	1.78068	0.284546	0.0339131
3.7	1.17308	2.73763	1.77926	0.284841	0.0327553
3.705	1.17411	2.74253	1.77783	0.285138	0.0315922
3.71	1.17513	2.74742	1.77641	0.285436	0.0304238
3.715	1.17614	2.75232	1.77498	0.285735	0.0292504
3.72	1.17715	2.75722	1.77355	0.286036	0.0280718
3.725	1.17815	2.76211	1.77212	0.286339	0.0268881
3.73	1.17914	2.76701	1.77069	0.286643	0.0256993
3.735	1.18013	2.77192	1.76926	0.286948	0.0245056
3.74	1.1811	2.77682	1.76782	0.287255	0.0233068
3.745	1.18208	2.78172	1.76638	0.287564	0.0221032
3.75	1.18304	2.78663	1.76495	0.287874	0.0208946
3.755	1.184	2.79154	1.76351	0.288187	0.0196813
3.76	1.18495	2.79645	1.76207	0.2885	0.0184631
3.765	1.18589	2.80136	1.76062	0.288816	0.0172401
3.77	1.18683	2.80627	1.75918	0.289133	0.0160124
3.775	1.18776	2.81118	1.75773	0.289451	0.01478
3.78	1.18868	2.8161	1.75629	0.289772	0.013543
3.785	1.1896	2.82101	1.75484	0.290094	0.0123014
3.79	1.1905	2.82593	1.75339	0.290418	0.0110551
3.795	1.1914	2.83085	1.75194	0.290744	0.00980442
3.8	1.1923	2.83577	1.75048	0.291072	0.00854919
3.805	1.19318	2.84069	1.74903	0.291401	0.00728952
3.81	1.19406	2.84561	1.74757	0.291733	0.00602544
3.815	1.19494	2.85053	1.74611	0.292066	0.00475699
3.82	1.1958	2.85546	1.74465	0.292401	0.00348421
3.825	1.19666	2.86038	1.74319	0.292738	0.00220713
3.83	1.19751	2.86531	1.74172	0.293077	0.000925813
3.835	1.19835	2.87024	1.74026	0.293418	-0.000359719
3.84	1.19919	2.87517	1.73879	0.293761	-0.00164942
3.845	1.20002	2.8801	1.73732	0.294105	-0.00294326
3.85	1.20084	2.88503	1.73585	0.294452	-0.00424118
3.855	1.20165	2.88996	1.73438	0.294801	-0.00554316
3.86	1.20246	2.8949	1.73291	0.295152	-0.00684915
3.865	1.20326	2.89983	1.73143	0.295504	-0.00815911
3.87	1.20405	2.90477	1.72995	0.295859	-0.00947301
3.875	1.20484	2.90971	1.72847	0.296216	-0.0107908
3.88	1.20561	2.91465	1.72699	0.296575	-0.0121124
3.885	1.20639	2.91959	1.72551	0.296936	-0.0134379
3.89	1.20715	2.92453	1.72403	0.297299	-0.0147671
3.895	1.2079	2.92947	1.72254	0.297664	-0.0161001
3.9	1.20865	2.93442	1.72105	0.298032	-0.0174368
3.905	1.20939	2.93936	1.71956	0.298401	-0.0187771
3.91	1.21013	2.94431	1.71807	0.298773	-0.020121
3.915	1.21085	2.94925	1.71657	0.299147	-0.0214685
3.92	1.21157	2.9542	1.71508	0.299523	-0.0228196
3.925	1.21228	2.95915	1.71358	0.299901	-0.0241741
3.93	1.21299	2.9641	1.71208	0.300281	-0.0255321
3.935	1.21368	2.96905	1.71058	0.300664	-0.0268935
3.94	1.21437	2.974	1.70908	0.301049	-0.0282583
3.945	1.21506	2.97896	1.70757	0.301436	-0.0296264
3.95	1.21573	2.98391	1.70606	0.301825	-0.0309979
3.955	1.2164	2.98887	1.70456	0.302217	-0.0323725
3.96	1.21706	2.99382	1.70304	0.302611	-0.0337505
3.965	1.21771	2.99878	1.70153	0.303007	-0.0351315
3.97	1.21835	3.00374	1.70002	0.303406	-0.0365158
3.975	1.21899	3.0087	1.6985	0.303807	-0.0379031
3.98	1.21962	3.01366	1.69698	0.30421	-0.0392935
3.985	1.22024	3.01862	1.69546	0.304615	-0.0406869
3.99	1.22085	3.02358	1.69394	0.305023	-0.0420833
3.995	1.22146	3.02855	1.69241	0.305434	-0.0434826
4	1.22206	3.03351	1.69088	0.305846	-0.0448848
4.005	1.22265	3.03847	1.68935	0.306262	-0.0462899
4.01	1.22323	3.04344	1.68782	0.306679	-0.0476978
4.015	1.22381	3.04841	1.68629	0.307099	-0.0491085
4.02	1.22438	3.05337	1.68475	0.307521	-0.050522
4.025	1.22494	3.05834	1.68322	0.307946	-0.0519381
4.03	1.22549	3.06331	1.68168	0.308373	-0.0533569
4.035	1.22604	3.06828	1.68013	0.308803	-0.0547783
4.04	1.22658	3.07325	1.67859	0.309235	-0.0562023
4.045	1.22711	3.07822	1.67704	0.30967	-0.0576289
4.05	1.22763	3.0832	1.6755	0.310107	-0.0590579
4.055	1.22815	3.08817	1.67395	0.310546	-0.0604894
4.06	1.22865	3.09314	1.67239	0.310989	-0.0619234
4.065	1.22915	3.09812	1.67084	0.311433	-0.0633597
4.07	1.22964	3.1031	1.66928	0.31188	-0.0647984
4.075	1.23013	3.10807	1.66772	0.31233	-0.0662393
4.08	1.2306	3.11305	1.66616	0.312782	-0.0676825
4.085	1.23107	3.11803	1.6646	0.313237	-0.069128
4.09	1.23153	3.12301	1.66303	0.313695	-0.0705756
4.095	1.23198	3.12799	1.66146	0.314155	-0.0720254
4.1	1.23243	3.13297	1.65989	0.314617	-0.0734773
4.105	1.23287	3.13795	1.65832	0.315082	-0.0749312
4.11	1.2333	3.14293	1.65674	0.31555	-0.0763872
4.115	1.23372	3.14791	1.65516	0.31602	-0.0778451
4.12	1.23413	3.15289	1.65358	0.316493	-0.079305
4.125	1.23454	3.15788	1.652	0.316969	-0.0807668
4.13	1.23493	3.16286	1.65042	0.317447	-0.0822304
4.135	1.23532	3.16785	1.64883	0.317928	-0.0836959
4.14	1.23571	3.17283	1.64724	0.318411	-0.0851631
4.145	1.23608	3.17782	1.64565	0.318898	-0.0866321
4.15	1.23645	3.1828	1.64405	0.319387	-0.0881028
4.155	1.2368	3.18779	1.64246	0.319878	-0.0895751
4.16	1.23715	3.19278	1.64086	0.320372	-0.0910491
4.165	1.2375	3.19777	1.63926	0.320869	-0.0925246
4.17	1.23783	3.20276	1.63765	0.321369	-0.0940017
4.175	1.23816	3.20775	1.63604	0.321871	-0.0954803
4.18	1.23847	3.21274	1.63443	0.322376	-0.0969603
4.185	1.23878	3.21773	1.63282	0.322884	-0.0984417
4.19	1.23909	3.22272	1.63121	0.323394	-0.0999245
4.195	1.23938	3.22771	1.62959	0.323908	-0.101409
4.2	1.23966	3.2327	1.62797	0.324424	-0.102894
4.205	1.23994	3.23769	1.62635	0.324942	-0.104381
4.21	1.24021	3.24268	1.62473	0.325464	-0.105869
4.215	1.24047	3.24768	1.6231	0.325988	-0.107358
4.22	1.24073	3.25267	1.62147	0.326515	-0.108848
4.225	1.24097	3.25767	1.61984	0.327045	-0.110339
4.23	1.24121	3.26266	1.6182	0.327578	-0.111832
4.235	1.24144	3.26765	1.61656	0.328113	-0.113325
4.24	1.24166	3.27265	1.61492	0.328651	-0.114819
4.245	1.24187	3.27765	1.61328	0.329192	-0.116314
4.25	1.24207	3.28264	1.61163	0.329736	-0.117811
4.255	1.24227	3.28764	1.60998	0.330283	-0.119308
4.26	1.24246	3.29263	1.60833	0.330832	-0.120805
4.265	1.24264	3.29763	1.60668	0.331384	-0.122304
4.27	1.24281	3.30263	1.60502	0.331939	-0.123803
4.275	1.24297	3.30762	1.60336	0.332497	-0.125303
4.28	1.24313	3.31262	1.6017	0.333058	-0.126804
4.285	1.24327	3.31762	1.60003	0.333622	-0.128305
4.29	1.24341	3.32262	1.59837	0.334188	-0.129806
4.295	1.24354	3.32762	1.59669	0.334758	-0.131309
4.3	1.24366	3.33262	1.59502	0.33533	-0.132811
4.305	1.24377	3.33761	1.59334	0.335905	-0.134314
4.31	1.24388	3.34261	1.59166	0.336483	-0.135818
4.315	1.24397	3.34761	1.58998	0.337064	-0.137322
4.32	1.24406	3.35261	1.5883	0.337648	-0.138826
4.325	1.24414	3.35761	1.58661	0.338235	-0.14033
4.33	1.24421	3.36261	1.58492	0.338824	-0.141835
4.335	1.24427	3.36761	1.58322	0.339417	-0.14334
4.34	1.24433	3.37261	1.58153	0.340012	-0.144844
4.345	1.24437	3.37761	1.57983	0.340611	-0.146349
4.35	1.24441	3.38261	1.57812	0.341212	-0.147855
4.355	1.24444	3.38761	1.57642	0.341816	-0.14936
4.36	1.24446	3.39261	1.57471	0.342423	-0.150865
4.365	1.24447	3.39761	1.573	0.343034	-0.15237
4.37	1.24447	3.40261	1.57128	0.343647	-0.153874
4.375	1.24446	3.40761	1.56956	0.344263	-0.155379
4.38	1.24445	3.41261	1.56784	0.344882	-0.156884
4.385	1.24442	3.41761	1.56612	0.345503	-0.158388
4.39	1.24439	3.42261	1.56439	0.346128	-0.159892
4.395	1.24435	3.42761	1.56266	0.346756	-0.161395
4.4	1.2443	3.43261	1.56092	0.347387	-0.162899
4.405	1.24424	3.43761	1.55919	0.348021	-0.164401
4.41	1.24418	3.44261	1.55745	0.348658	-0.165904
4.415	1.2441	3.44761	1.5557	0.349298	-0.167406
4.42	1.24402	3.45261	1.55396	0.34994	-0.168907
4.425	1.24393	3.45761	1.55221	0.350586	-0.170408
4.43	1.24382	3.4626	1.55046	0.351235	-0.171908
4.435	1.24371	3.4676	1.5487	0.351887	-0.173407
4.44	1.24359	3.4726	1.54694	0.352541	-0.174906
4.445	1.24347	3.4776	1.54518	0.353199	-0.176404
4.45	1.24333	3.4826	1.54341	0.35386	-0.177901
4.455	1.24318	3.4876	1.54164	0.354524	-0.179398
4.46	1.24303	3.49259	1.53987	0.355191	-0.180893
4.465	1.24286	3.49759	1.53809	0.355861	-0.182388
4.47	1.24269	3.50259	1.53631	0.356534	-0.183881
4.475	1.24251	3.50758	1.53453	0.35721	-0.185374
4.48	1.24232	3.51258	1.53275	0.357889	-0.186865
4.485	1.24212	3.51758	1.53096	0.358571	-0.188355
4.49	1.24191	3.52257	1.52916	0.359256	-0.189845
4.495	1.2417	3.52757	1.52737	0.359944	-0.191333
4.5	1.24147	3.53256	1.52557	0.360635	-0.192819
4.505	1.24124	3.53756	1.52376	0.36133	-0.194305
4.51	1.24099	3.54255	1.52196	0.362027	-0.195789
4.515	1.24074	3.54755	1.52015	0.362727	-0.197272
4.52	1.24048	3.55254	1.51833	0.363431	-0.198753
4.525	1.2402	3.55753	1.51652	0.364138	-0.200233
4.53	1.23992	3.56252	1.5147	0.364847	-0.201712
4.535	1.23963	3.56751	1.51287	0.36556	-0.203189
4.54	1.23934	3.57251	1.51104	0.366276	-0.204664
4.545	1.23903	3.5775	1.50921	0.366995	-0.206138
4.55	1.23871	3.58249	1.50738	0.367717	-0.20761
4.555	1.23839	3.58748	1.50554	0.368442	-0.20908
4.56	1.23805	3.59246	1.5037	0.36917	-0.210549
4.565	1.23771	3.59745	1.50185	0.369901	-0.212015
4.57	1.23735	3.60244	1.5	0.370636	-0.21348
4.575	1.23699	3.60743	1.49815	0.371373	-0.214943
4.58	1.23662	3.61241	1.49629	0.372114	-0.216404
4.585	1.23624	3.6174	1.49443	0.372858	-0.217863
4.59	1.23584	3.62238	1.49257	0.373604	-0.21932
4.595	1.23544	3.62737	1.4907	0.374354	-0.220775
4.6	1.23504	3.63235	1.48883	0.375107	-0.222228
4.605	1.23462	3.63733	1.48695	0.375864	-0.223679
4.61	1.23419	3.64231	1.48507	0.376623	-0.225127
4.615	1.23375	3.64729	1.48319	0.377386	-0.226574
4.62	1.2333	3.65227	1.4813	0.378151	-0.228018
4.625	1.23285	3.65725	1.47941	0.37892	-0.229459
4.63	1.23238	3.66223	1.47752	0.379692	-0.230898
4.635	1.23191	3.66721	1.47562	0.380467	-0.232335
4.64	1.23142	3.67219	1.47372	0.381245	-0.233769
4.645	1.23093	3.67716	1.47181	0.382027	-0.235201
4.65	1.23042	3.68214	1.4699	0.382811	-0.23663
4.655	1.22991	3.68711	1.46798	0.383599	-0.238057
4.66	1.22939	3.69208	1.46607	0.38439	-0.239481
4.665	1.22886	3.69705	1.46414	0.385184	-0.240902
4.67	1.22831	3.70202	1.46222	0.385981	-0.24232
4.675	1.22776	3.70699	1.46029	0.386781	-0.243736
4.68	1.2272	3.71196	1.45836	0.387585	-0.245149
4.685	1.22663	3.71693	1.45642	0.388391	-0.246559
4.69	1.22605	3.7219	1.45448	0.389201	-0.247966
4.695	1.22546	3.72686	1.45253	0.390014	-0.24937
4.7	1.22486	3.73183	1.45058	0.390831	-0.250771
4.705	1.22425	3.73679	1.44862	0.39165	-0.252169
4.71	1.22363	3.74175	1.44667	0.392473	-0.253563
4.715	1.223	3.74671	1.4447	0.393298	-0.254955
4.72	1.22237	3.75167	1.44274	0.394127	-0.256344
4.725	1.22172	3.75663	1.44077	0.39496	-0.257729
4.73	1.22106	3.76158	1.43879	0.395795	-0.259111
4.735	1.22039	3.76654	1.43681	0.396634	-0.260489
4.74	1.21971	3.77149	1.43483	0.397475	-0.261864
4.745	1.21903	3.77644	1.43284	0.39832	-0.263236
4.75	1.21833	3.7814	1.43085	0.399169	-0.264604
4.755	1.21762	3.78635	1.42886	0.40002	-0.265969
4.76	1.2169	3.79129	1.42686	0.400875	-0.26733
4.765	1.21618	3.79624	1.42485	0.401733	-0.268687
4.77	1.21544	3.80119	1.42284	0.402594	-0.270041
4.775	1.21469	3.80613	1.42083	0.403458	-0.271391
4.78	1.21394	3.81107	1.41881	0.404326	-0.272737
4.785	1.21317	3.81601	1.41679	0.405196	-0.274079
4.79	1.21239	3.82095	1.41476	0.40607	-0.275418
4.795	1.21161	3.82589	1.41273	0.406948	-0.276753
4.8	1.21081	3.83083	1.4107	0.407828	-0.278083
4.805	1.21	3.83576	1.40866	0.408712	-0.27941
4.81	1.20918	3.84069	1.40662	0.409599	-0.280733
4.815	1.20836	3.84562	1.40457	0.410489	-0.282051
4.82	1.20752	3.85055	1.40252	0.411382	-0.283366
4.825	1.20667	3.85548	1.40046	0.412279	-0.284676
4.83	1.20581	3.86041	1.3984	0.413179	-0.285982
4.835	1.20495	3.86533	1.39633	0.414082	-0.287283
4.84	1.20407	3.87025	1.39426	0.414989	-0.288581
4.845	1.20318	3.87517	1.39219	0.415898	-0.289874
4.85	1.20228	3.88009	1.39011	0.416811	-0.291162
4.855	1.20137	3.88501	1.38802	0.417728	-0.292446
4.86	1.20045	3.88992	1.38593	0.418647	-0.293726
4.865	1.19952	3.89484	1.38384	0.41957	-0.295001
4.87	1.19858	3.89975	1.38174	0.420496	-0.296271
4.875	1.19763	3.90466	1.37964	0.421426	-0.297537
4.88	1.19667	3.90956	1.37753	0.422358	-0.298798
4.885	1.1957	3.91447	1.37542	0.423294	-0.300054
4.89	1.19472	3.91937	1.37331	0.424233	-0.301305
4.895	1.19373	3.92427	1.37118	0.425176	-0.302551
4.9	1.19273	3.92917	1.36906	0.426122	-0.303793
4.905	1.19172	3.93407	1.36693	0.427071	-0.30503
4.91	1.19069	3.93896	1.36479	0.428023	-0.306261
4.915	1.18966	3.94385	1.36265	0.428979	-0.307488
4.92	1.18862	3.94874	1.36051	0.429938	-0.308709
4.925	1.18756	3.95363	1.35836	0.4309	-0.309925
4.93	1.1865	3.95852	1.3562	0.431866	-0.311136
4.935	1.18542	3.9634	1.35404	0.432835	-0.312342
4.94	1.18434	3.96828	1.35188	0.433807	-0.313543
4.945	1.18324	3.97316	1.34971	0.434783	-0.314738
4.95	1.18213	3.97803	1.34754	0.435761	-0.315928
4.955	1.18102	3.98291	1.34536	0.436744	-0.317112
4.96	1.17989	3.98778	1.34317	0.437729	-0.318291
4.965	1.17875	3.99265	1.34099	0.438718	-0.319464
4.97	1.1776	3.99751	1.33879	0.43971	-0.320632
4.975	1.17644	4.00238	1.33659	0.440706	-0.321794
4.98	1.17527	4.00724	1.33439	0.441705	-0.32295
4.985	1.17409	4.0121	1.33218	0.442707	-0.324101
4.99	1.17289	4.01695	1.32997	0.443713	-0.325246
4.995	1.17169	4.0218	1.32775	0.444722	-0.326385
5	1.17048	4.02666	1.32553	0.445734	-0.327518
5.005	1.16925	4.0315	1.3233	0.446749	-0.328645
5.01	1.16801	4.03635	1.32106	0.447768	-0.329766
5.015	1.16677	4.04119	1.31882	0.448791	-0.330882
5.02	1.16551	4.04603	1.31658	0.449817	-0.331991
5.025	1.16424	4.05087	1.31433	0.450846	-0.333094
5.03	1.16296	4.0557	1.31208	0.451878	-0.334191
5.035	1.16167	4.06053	1.30982	0.452914	-0.335281
5.04	1.16037	4.06536	1.30755	0.453953	-0.336365
5.045	1.15906	4.07018	1.30528	0.454996	-0.337443
5.05	1.15774	4.075	1.30301	0.456042	-0.338515
5.055	1.1564	4.07982	1.30073	0.457092	-0.33958
5.06	1.15506	4.08464	1.29844	0.458144	-0.340639
5.065	1.1537	4.08945	1.29615	0.459201	-0.341691
5.07	1.15234	4.09426	1.29386	0.46026	-0.342737
5.075	1.15096	4.09907	1.29155	0.461323	-0.343776
5.08	1.14957	4.10387	1.28925	0.46239	-0.344808
5.085	1.14817	4.10867	1.28694	0.46346	-0.345833
5.09	1.14676	4.11347	1.28462	0.464533	-0.346852
5.095	1.14533	4.11826	1.2823	0.46561	-0.347864
5.1	1.1439	4.12305	1.27997	0.46669	-0.348869
5.105	1.14245	4.12784	1.27763	0.467773	-0.349868
5.11	1.141	4.13262	1.2753	0.468861	-0.350859
5.115	1.13953	4.1374	1.27295	0.469951	-0.351843
5.12	1.13805	4.14218	1.2706	0.471045	-0.35282
5.125	1.13656	4.14695	1.26825	0.472142	-0.35379
5.13	1.13506	4.15172	1.26589	0.473243	-0.354753
5.135	1.13355	4.15648	1.26352	0.474347	-0.355709
5.14	1.13203	4.16125	1.26115	0.475455	-0.356657
5.145	1.13049	4.16601	1.25877	0.476567	-0.357598
5.15	1.12894	4.17076	1.25639	0.477681	-0.358532
5.155	1.12739	4.17551	1.254	0.478799	-0.359458
5.16	1.12582	4.18026	1.25161	0.479921	-0.360377
5.165	1.12424	4.185	1.24921	0.481046	-0.361288
5.17	1.12265	4.18974	1.2468	0.482175	-0.362192
5.175	1.12104	4.19448	1.24439	0.483307	-0.363088
5.18	1.11943	4.19921	1.24197	0.484443	-0.363976
5.185	1.1178	4.20394	1.23955	0.485582	-0.364857
5.19	1.11616	4.20866	1.23712	0.486725	-0.36573
5.195	1.11452	4.21338	1.23469	0.487871	-0.366595
5.2	1.11285	4.2181	1.23225	0.489021	-0.367453
5.205	1.11118	4.22281	1.22981	0.490174	-0.368302
5.21	1.1095	4.22752	1.22735	0.491331	-0.369143
5.215	1.1078	4.23222	1.2249	0.492491	-0.369977
5.22	1.1061	4.23692	1.22244	0.493655	-0.370802
5.225	1.10438	4.24162	1.21997	0.494823	-0.371619
5.23	1.10265	4.24631	1.21749	0.495994	-0.372428
5.235	1.10091	4.251	1.21501	0.497169	-0.373229
5.24	1.09915	4.25568	1.21253	0.498347	-0.374022
5.245	1.09739	4.26036	1.21004	0.499529	-0.374806
5.25	1.09561	4.26503	1.20754	0.500714	-0.375582
5.255	1.09382	4.2697	1.20503	0.501903	-0.37635
5.26	1.09202	4.27436	1.20252	0.503096	-0.377109
5.265	1.09021	4.27902	1.20001	0.504292	-0.377859
5.27	1.08839	4.28368	1.19749	0.505492	-0.378601
5.275	1.08655	4.28833	1.19496	0.506695	-0.379335
5.28	1.08471	4.29298	1.19243	0.507902	-0.38006
5.285	1.08285	4.29762	1.18989	0.509113	-0.380776
5.29	1.08098	4.30226	1.18734	0.510327	-0.381483
5.295	1.07909	4.30689	1.18479	0.511545	-0.382181
5.3	1.0772	4.31152	1.18223	0.512767	-0.382871
5.305	1.07529	4.31614	1.17967	0.513992	-0.383552
5.31	1.07338	4.32076	1.1771	0.515221	-0.384224
5.315	1.07145	4.32537	1.17452	0.516454	-0.384886
5.32	1.0695	4.32998	1.17194	0.51769	-0.38554
5.325	1.06755	4.33458	1.16935	0.51893	-0.386185
5.33	1.06558	4.33918	1.16676	0.520174	-0.38682
5.335	1.06361	4.34377	1.16416	0.521421	-0.387446
5.34	1.06162	4.34835	1.16155	0.522673	-0.388064
5.345	1.05962	4.35294	1.15894	0.523928	-0.388671
5.35	1.0576	4.35751	1.15632	0.525186	-0.38927
5.355	1.05558	4.36208	1.15369	0.526449	-0.389859
5.36	1.05354	4.36665	1.15106	0.527715	-0.390438
5.365	1.05149	4.37121	1.14842	0.528985	-0.391008
5.37	1.04943	4.37577	1.14577	0.530259	-0.391569
5.375	1.04735	4.38032	1.14312	0.531536	-0.39212
5.38	1.04527	4.38486	1.14047	0.532818	-0.392661
5.385	1.04317	4.3894	1.1378	0.534103	-0.393193
5.39	1.04106	4.39393	1.13513	0.535392	-0.393715
5.395	1.03894	4.39846	1.13245	0.536684	-0.394227
5.4	1.0368	4.40298	1.12977	0.537981	-0.394729
5.405	1.03466	4.4075	1.12708	0.539282	-0.395222
5.41	1.0325	4.41201	1.12438	0.540586	-0.395704
5.415	1.03033	4.41651	1.12168	0.541894	-0.396177
5.42	1.02814	4.42101	1.11897	0.543206	-0.396639
5.425	1.02595	4.4255	1.11626	0.544522	-0.397092
5.43	1.02374	4.42999	1.11353	0.545842	-0.397534
5.435	1.02152	4.43447	1.1108	0.547166	-0.397967
5.44	1.01929	4.43894	1.10807	0.548493	-0.398389
5.445	1.01705	4.44341	1.10533	0.549825	-0.3988
5.45	1.01479	4.44787	1.10258	0.551161	-0.399202
5.455	1.01252	4.45233	1.09982	0.5525	-0.399593
5.46	1.01024	4.45678	1.09706	0.553844	-0.399973
5.465	1.00795	4.46122	1.09429	0.555191	-0.400344
5.47	1.00564	4.46566	1.09151	0.556543	-0.400703
5.475	1.00332	4.47009	1.08873	0.557898	-0.401053
5.48	1.00099	4.47451	1.08594	0.559258	-0.401391
5.485	0.998649	4.47893	1.08314	0.560622	-0.401719
5.49	0.996294	4.48334	1.08034	0.561989	-0.402037
5.495	0.993927	4.48774	1.07753	0.563361	-0.402343
5.5	0.991547	4.49214	1.07471	0.564737	-0.402639
5.505	0.989155	4.49653	1.07189	0.566117	-0.402924
5.51	0.98675	4.50091	1.06906	0.567501	-0.403198
5.515	0.984333	4.50529	1.06622	0.568889	-0.403461
5.52	0.981903	4.50966	1.06338	0.570281	-0.403714
5.525	0.979461	4.51402	1.06053	0.571677	-0.403955
5.53	0.977006	4.51838	1.05767	0.573078	-0.404185
5.535	0.974539	4.52273	1.0548	0.574483	-0.404404
5.54	0.97206	4.52707	1.05193	0.575892	-0.404612
5.545	0.969568	4.53141	1.04905	0.577305	-0.404809
5.55	0.967064	4.53573	1.04616	0.578722	-0.404995
5.555	0.964547	4.54005	1.04327	0.580144	-0.405169
5.56	0.962017	4.54437	1.04037	0.58157	-0.405332
5.565	0.959475	4.54867	1.03746	0.583	-0.405484
5.57	0.95692	4.55297	1.03455	0.584435	-0.405624
5.575	0.954353	4.55726	1.03163	0.585874	-0.405753
5.58	0.951774	4.56154	1.0287	0.587317	-0.40587
5.585	0.949181	4.56582	1.02576	0.588764	-0.405976
5.59	0.946577	4.57009	1.02282	0.590216	-0.40607
5.595	0.943959	4.57435	1.01986	0.591673	-0.406153
5.6	0.941329	4.5786	1.01691	0.593133	-0.406224
5.605	0.938687	4.58284	1.01394	0.594599	-0.406283
5.61	0.936031	4.58708	1.01097	0.596068	-0.40633
5.615	0.933364	4.59131	1.00799	0.597542	-0.406366
5.62	0.930683	4.59553	1.005	0.599021	-0.40639
5.625	0.92799	4.59974	1.002	0.600504	-0.406402
5.63	0.925284	4.60395	0.999002	0.601992	-0.406402
5.635	0.922566	4.60814	0.995992	0.603484	-0.40639
5.64	0.919835	4.61233	0.992974	0.604981	-0.406366
5.645	0.917091	4.61651	0.989949	0.606483	-0.40633
5.65	0.914335	4.62068	0.986917	0.607989	-0.406282
5.655	0.911566	4.62485	0.983877	0.609499	-0.406222
5.66	0.908784	4.629	0.98083	0.611015	-0.406149
5.665	0.90599	4.63315	0.977774	0.612535	-0.406065
5.67	0.903183	4.63729	0.974712	0.61406	-0.405968
5.675	0.900363	4.64142	0.971642	0.61559	-0.405858
5.68	0.897531	4.64554	0.968564	0.617124	-0.405737
5.685	0.894686	4.64965	0.965478	0.618663	-0.405603
5.69	0.891828	4.65375	0.962385	0.620207	-0.405457
5.695	0.888957	4.65784	0.959284	0.621756	-0.405298
5.7	0.886074	4.66193	0.956175	0.62331	-0.405127
5.705	0.883178	4.66601	0.953058	0.624869	-0.404943
5.71	0.880269	4.67007	0.949934	0.626433	-0.404747
5.715	0.877348	4.67413	0.946802	0.628002	-0.404538
5.72	0.874414	4.67818	0.943662	0.629575	-0.404316
5.725	0.871467	4.68222	0.940514	0.631154	-0.404082
5.73	0.868507	4.68625	0.937358	0.632738	-0.403835
5.735	0.865535	4.69027	0.934194	0.634327	-0.403575
5.74	0.86255	4.69428	0.931023	0.635921	-0.403302
5.745	0.859552	4.69828	0.927843	0.63752	-0.403017
5.75	0.856542	4.70227	0.924656	0.639124	-0.402718
5.755	0.853518	4.70626	0.92146	0.640734	-0.402407
5.76	0.850482	4.71023	0.918256	0.642349	-0.402083
5.765	0.847434	4.71419	0.915045	0.643969	-0.401745
5.77	0.844372	4.71814	0.911825	0.645595	-0.401395
5.775	0.841298	4.72209	0.908597	0.647226	-0.401032
5.78	0.838211	4.72602	0.905361	0.648862	-0.400656
5.785	0.835111	4.72994	0.902116	0.650504	-0.400266
5.79	0.831999	4.73386	0.898864	0.652151	-0.399863
5.795	0.828873	4.73776	0.895603	0.653804	-0.399447
5.8	0.825735	4.74165	0.892334	0.655462	-0.399018
5.805	0.822585	4.74554	0.889057	0.657126	-0.398576
5.81	0.819421	4.74941	0.885771	0.658796	-0.39812
5.815	0.816245	4.75327	0.882477	0.660471	-0.397651
5.82	0.813056	4.75712	0.879175	0.662153	-0.397168
5.825	0.809854	4.76096	0.875864	0.663839	-0.396673
5.83	0.80664	4.76479	0.872545	0.665532	-0.396163
5.835	0.803413	4.76861	0.869217	0.667231	-0.39564
5.84	0.800173	4.77242	0.865881	0.668935	-0.395104
5.845	0.79692	4.77622	0.862536	0.670646	-0.394554
5.85	0.793655	4.78	0.859183	0.672362	-0.393991
5.855	0.790377	4.78378	0.855821	0.674084	-0.393414
5.86	0.787086	4.78754	0.852451	0.675813	-0.392823
5.865	0.783783	4.7913	0.849072	0.677548	-0.392219
5.87	0.780467	4.79504	0.845684	0.679289	-0.391601
5.875	0.777138	4.79877	0.842288	0.681036	-0.390969
5.88	0.773797	4.80249	0.838882	0.68279	-0.390324
5.885	0.770442	4.8062	0.835468	0.684549	-0.389664
5.89	0.767076	4.80989	0.832046	0.686316	-0.388991
5.895	0.763696	4.81358	0.828614	0.688089	-0.388304
5.9	0.760304	4.81725	0.825174	0.689868	-0.387604
5.905	0.756899	4.82091	0.821724	0.691654	-0.386889
5.91	0.753482	4.82456	0.818266	0.693447	-0.38616
5.915	0.750052	4.8282	0.814799	0.695246	-0.385417
5.92	0.746609	4.83183	0.811323	0.697052	-0.384661
5.925	0.743154	4.83544	0.807837	0.698865	-0.38389
5.93	0.739686	4.83904	0.804343	0.700685	-0.383106
5.935	0.736205	4.84263	0.80084	0.702512	-0.382307
5.94	0.732712	4.84621	0.797327	0.704346	-0.381494
5.945	0.729206	4.84977	0.793805	0.706187	-0.380667
5.95	0.725688	4.85333	0.790274	0.708036	-0.379826
5.955	0.722157	4.85687	0.786734	0.709891	-0.37897
5.96	0.718614	4.86039	0.783185	0.711754	-0.378101
5.965	0.715058	4.86391	0.779626	0.713625	-0.377217
5.97	0.71149	4.86741	0.776058	0.715503	-0.376319
5.975	0.707909	4.8709	0.77248	0.717388	-0.375407
5.98	0.704315	4.87438	0.768893	0.719281	-0.37448
5.985	0.70071	4.87784	0.765297	0.721182	-0.373539
5.99	0.697091	4.88129	0.761691	0.723091	-0.372584
5.995	0.69346	4.88473	0.758076	0.725007	-0.371615
6	0.689817	4.88815	0.754451	0.726932	-0.370631
6.005	0.686162	4.89157	0.750816	0.728865	-0.369632
6.01	0.682493	4.89496	0.747172	0.730806	-0.368619
6.015	0.678813	4.89835	0.743518	0.732755	-0.367592
6.02	0.67512	4.90172	0.739854	0.734713	-0.36655
6.025	0.671415	4.90508	0.73618	0.736679	-0.365494
6.03	0.667697	4.90842	0.732497	0.738653	-0.364423
6.035	0.663968	4.91175	0.728804	0.740636	-0.363338
6.04	0.660225	4.91507	0.7251	0.742629	-0.362238
6.045	0.656471	4.91837	0.721387	0.74463	-0.361123
6.05	0.652704	4.92166	0.717664	0.74664	-0.359994
6.055	0.648925	4.92493	0.713931	0.748659	-0.35885
6.06	0.645134	4.92819	0.710188	0.750687	-0.357692
6.065	0.641331	4.93144	0.706434	0.752725	-0.356519
6.07	0.637515	4.93467	0.70267	0.754772	-0.355331
6.075	0.633687	4.93788	0.698897	0.756829	-0.354129
6.08	0.629847	4.94109	0.695112	0.758895	-0.352912
6.085	0.625995	4.94427	0.691318	0.760972	-0.35168
6.09	0.622131	4.94745	0.687513	0.763058	-0.350433
6.095	0.618255	4.95061	0.683698	0.765154	-0.349172
6.1	0.614367	4.95375	0.679872	0.767261	-0.347895
6.105	0.610466	4.95688	0.676036	0.769378	-0.346604
6.11	0.606554	4.95999	0.672189	0.771506	-0.345299
6.115	0.60263	4.96309	0.668331	0.773644	-0.343978
6.12	0.598694	4.96617	0.664463	0.775794	-0.342642
6.125	0.594745	4.96924	0.660584	0.777954	-0.341292
6.13	0.590785	4.97229	0.656694	0.780125	-0.339927
6.135	0.586813	4.97533	0.652794	0.782308	-0.338547
6.14	0.58283	4.97835	0.648882	0.784503	-0.337152
6.145	0.578834	4.98136	0.64496	0.786709	-0.335742
6.15	0.574827	4.98435	0.641026	0.788926	-0.334317
6.155	0.570807	4.98732	0.637082	0.791156	-0.332877
6.16	0.566776	4.99028	0.633126	0.793399	-0.331422
6.165	0.562734	4.99322	0.629159	0.795653	-0.329952
6.17	0.55868	4.99615	0.625181	0.79792	-0.328467
6.175	0.554614	4.99906	0.621191	0.800201	-0.326968
6.18	0.550536	5.00195	0.61719	0.802494	-0.325453
6.185	0.546447	5.00483	0.613177	0.8048	-0.323923
6.19	0.542346	5.00769	0.609153	0.80712	-0.322378
6.195	0.538234	5.01053	0.605118	0.809454	-0.320818
6.2	0.534111	5.01336	0.601071	0.811801	-0.319243
6.205	0.529975	5.01617	0.597012	0.814163	-0.317653
6.21	0.525829	5.01897	0.592941	0.816539	-0.316048
6.215	0.521671	5.02174	0.588858	0.81893	-0.314427
6.22	0.517502	5.0245	0.584763	0.821336	-0.312792
6.225	0.513321	5.02725	0.580657	0.823757	-0.311141
6.23	0.50913	5.02997	0.576538	0.826194	-0.309475
6.235	0.504927	5.03268	0.572407	0.828646	-0.307795
6.24	0.500712	5.03537	0.568264	0.831115	-0.306099
6.245	0.496487	5.03805	0.564108	0.8336	-0.304387
6.25	0.492251	5.0407	0.55994	0.836101	-0.302661
6.255	0.488003	5.04334	0.55576	0.83862	-0.300919
6.26	0.483745	5.04596	0.551567	0.841156	-0.299163
6.265	0.479475	5.04856	0.547361	0.84371	-0.297391
6.27	0.475195	5.05115	0.543142	0.846282	-0.295603
6.275	0.470903	5.05371	0.538911	0.848872	-0.293801
6.28	0.466601	5.05626	0.534666	0.851481	-0.291983
6.285	0.462288	5.05879	0.530409	0.854109	-0.29015
6.29	0.457964	5.0613	0.526138	0.856757	-0.288302
6.295	0.45363	5.06379	0.521855	0.859425	-0.286438
6.3	0.449285	5.06627	0.517558	0.862114	-0.284559
6.305	0.444929	5.06872	0.513247	0.864823	-0.282665
6.31	0.440563	5.07116	0.508923	0.867553	-0.280755
6.315	0.436186	5.07357	0.504585	0.870306	-0.27883
6.32	0.431798	5.07597	0.500234	0.873081	-0.27689
6.325	0.427401	5.07835	0.495868	0.875878	-0.274934
6.33	0.422992	5.08071	0.491489	0.878699	-0.272963
6.335	0.418574	5.08305	0.487095	0.881544	-0.270977
6.34	0.414145	5.08537	0.482688	0.884414	-0.268975
6.345	0.409706	5.08767	0.478266	0.887308	-0.266958
6.35	0.405257	5.08995	0.473829	0.890228	-0.264925
6.355	0.400798	5.09222	0.469378	0.893175	-0.262877
6.36	0.396329	5.09446	0.464912	0.896148	-0.260813
6.365	0.391849	5.09668	0.460431	0.89915	-0.258734
6.37	0.38736	5.09888	0.455935	0.902179	-0.256639
6.375	0.382861	5.10106	0.451425	0.905238	-0.254529
6.38	0.378352	5.10322	0.446898	0.908326	-0.252403
6.385	0.373833	5.10536	0.442357	0.911446	-0.250262
6.39	0.369305	5.10748	0.4378	0.914596	-0.248105
6.395	0.364767	5.10958	0.433227	0.917779	-0.245932
6.4	0.360219	5.11166	0.428638	0.920996	-0.243744
6.405	0.355662	5.11372	0.424033	0.924247	-0.24154
6.41	0.351095	5.11575	0.419411	0.927533	-0.239321
6.415	0.346519	5.11777	0.414774	0.930855	-0.237085
6.42	0.341934	5.11976	0.410119	0.934214	-0.234834
6.425	0.337339	5.12173	0.405448	0.937612	-0.232567
6.43	0.332735	5.12369	0.40076	0.94105	-0.230285
6.435	0.328122	5.12561	0.396055	0.944528	-0.227986
6.44	0.3235	5.12752	0.391332	0.948049	-0.225672
6.445	0.318869	5.12941	0.386592	0.951613	-0.223342
6.45	0.314229	5.13127	0.381834	0.955222	-0.220996
6.455	0.309581	5.13311	0.377058	0.958878	-0.218633
6.46	0.304923	5.13493	0.372264	0.962581	-0.216255
6.465	0.300257	5.13673	0.367451	0.966335	-0.213861
6.47	0.295582	5.1385	0.362619	0.970139	-0.211451
6.475	0.290899	5.14025	0.357768	0.973997	-0.209024
6.48	0.286207	5.14198	0.352898	0.97791	-0.206581
6.485	0.281506	5.14368	0.348009	0.98188	-0.204122
6.49	0.276798	5.14537	0.343099	0.985909	-0.201647
6.495	0.272081	5.14702	0.33817	0.990001	-0.199156
6.5	0.267356	5.14866	0.33322	0.994156	-0.196648
6.505	0.262623	5.15027	0.328249	0.998377	-0.194123
6.51	0.257882	5.15186	0.323257	1.00267	-0.191582
6.515	0.253133	5.15342	0.318244	1.00703	-0.189025
6.52	0.248376	5.15496	0.313209	1.01147	-0.18645
6.525	0.243612	5.15648	0.308151	1.01599	-0.183859
6.53	0.23884	5.15797	0.303071	1.02058	-0.181252
6.535	0.23406	5.15944	0.297969	1.02527	-0.178627
6.54	0.229273	5.16088	0.292842	1.03004	-0.175986
6.545	0.224478	5.1623	0.287692	1.03491	-0.173327
6.55	0.219677	5.1637	0.282517	1.03988	-0.170652
6.555	0.214868	5.16507	0.277318	1.04494	-0.167959
6.56	0.210052	5.16641	0.272093	1.05012	-0.165249
6.565	0.205229	5.16773	0.266843	1.05542	-0.162522
6.57	0.200399	5.16902	0.261566	1.06083	-0.159777
6.575	0.195562	5.17029	0.256262	1.06637	-0.157015
6.58	0.190719	5.17153	0.25093	1.07204	-0.154235
6.585	0.185869	5.17275	0.245569	1.07786	-0.151437
6.59	0.181012	5.17394	0.24018	1.08383	-0.148622
6.595	0.176149	5.1751	0.234761	1.08995	-0.145789
6.6	0.17128	5.17623	0.229311	1.09625	-0.142938
6.605	0.166405	5.17734	0.22383	1.10273	-0.140069
6.61	0.161524	5.17843	0.218316	1.10941	-0.137182
6.615	0.156636	5.17948	0.212769	1.11629	-0.134277
6.62	0.151743	5.18051	0.207188	1.1234	-0.131354
6.625	0.146844	5.18151	0.201571	1.13075	-0.128413
6.63	0.14194	5.18249	0.195917	1.13837	-0.125454
6.635	0.13703	5.18343	0.190225	1.14626	-0.122477
6.64	0.132115	5.18435	0.184494	1.15446	-0.119482
6.645	0.127195	5.18524	0.178722	1.163	-0.11647
6.65	0.122269	5.1861	0.172907	1.17191	-0.113441
6.655	0.117339	5.18693	0.167047	1.18122	-0.110394
6.66	0.112404	5.18773	0.161141	1.19099	-0.107331
6.665	0.107464	5.1885	0.155186	1.20125	-0.104252
6.67	0.102519	5.18925	0.14918	1.21208	-0.101159
6.675	0.0975704	5.18996	0.143119	1.22354	-0.098052
6.68	0.0926173	5.19064	0.137002	1.23572	-0.0949332
6.685	0.08766	5.1913	0.130823	1.24872	-0.0918047
6.69	0.0826988	5.19192	0.124579	1.26268	-0.0886692
6.695	0.0777337	5.19251	0.118266	1.27776	-0.0855307
6.7	0.0727649	5.19307	0.111877	1.29417	-0.0823943
6.705	0.0677927	5.19359	0.105406	1.31217	-0.079267
6.71	0.0628171	5.19408	0.0988455	1.33213	-0.0761583
6.715	0.0578383	5.19455	0.0921849	1.35454	-0.0730819
6.72	0.0528566	5.19497	0.0854122	1.38008	-0.070057
6.725	0.047872	5.19536	0.0785117	1.40975	-0.0671118
6.73	0.0428847	5.19572	0.071463	1.44504	-0.064289
6.735	0.037895	5.19604	0.0642378	1.48832	-0.0616553
6.74	0.0329031	5.19633	0.0567962	1.54357	-0.0593203
6.745	0.0279091	5.19657	0.0490784	1.61801	-0.0574754
6.75	0.0229133	5.19678	0.0409883	1.72599	-0.0564847
6.755	0.0179159	5.19694	0.0323584	1.90016	-0.0571286
6.76	0.0129172	5.19705	0.0228576	2.22987	-0.0614321
6.765	0.00791758	5.19711	0.0117082	3.04414	-0.0768574
6.77	0.00291762	5.19709	-0.00351246	6.46223	-0.168242
