descriptor s_test R_test Z_test
0	1.58546	9.99999e-006	0.002	-0.401974	-0.00161585
0.005	1.58046	3.00493e-005	0.00400987	-0.403951	-0.00324757
0.01	1.57546	6.01972e-005	0.00602962	-0.405933	-0.00489518
0.015	1.57046	0.000100493	0.00805929	-0.407919	-0.00655869
0.02	1.56546	0.000150987	0.0100989	-0.409908	-0.00823811
0.025	1.56046	0.000211727	0.0121484	-0.411903	-0.00993347
0.03	1.55546	0.000282765	0.0142079	-0.413901	-0.0116448
0.035	1.55046	0.000364148	0.0162774	-0.415904	-0.013372
0.04	1.54546	0.000455928	0.018357	-0.417912	-0.0151153
0.045	1.54046	0.000558153	0.0204465	-0.419924	-0.0168745
0.05	1.53547	0.000670875	0.0225461	-0.421941	-0.0186498
0.055	1.53047	0.000794141	0.0246558	-0.423963	-0.0204411
0.06	1.52547	0.000928004	0.0267757	-0.42599	-0.0222484
0.065	1.52047	0.00107251	0.0289056	-0.428022	-0.0240718
0.07	1.51547	0.00122772	0.0310457	-0.43006	-0.0259112
0.075	1.51048	0.00139367	0.033196	-0.432102	-0.0277668
0.08	1.50548	0.00157041	0.0353565	-0.43415	-0.0296384
0.085	1.50048	0.001758	0.0375273	-0.436204	-0.0315261
0.09	1.49549	0.00195649	0.0397083	-0.438263	-0.03343
0.095	1.49049	0.00216593	0.0418996	-0.440328	-0.03535
0.1	1.4855	0.00238636	0.0441013	-0.442399	-0.0372862
0.105	1.4805	0.00261785	0.0463133	-0.444476	-0.0392386
0.11	1.47551	0.00286043	0.0485357	-0.446559	-0.0412071
0.115	1.47051	0.00311416	0.0507684	-0.448649	-0.0431919
0.12	1.46552	0.0033791	0.0530117	-0.450744	-0.0451928
0.125	1.46053	0.00365528	0.0552654	-0.452847	-0.04721
0.13	1.45554	0.00394277	0.0575296	-0.454955	-0.0492435
0.135	1.45055	0.00424162	0.0598044	-0.457071	-0.0512932
0.14	1.44555	0.00455187	0.0620898	-0.459193	-0.0533591
0.145	1.44057	0.00487357	0.0643857	-0.461323	-0.0554414
0.15	1.43558	0.00520679	0.0666924	-0.463459	-0.05754
0.155	1.43059	0.00555156	0.0690097	-0.465603	-0.0596548
0.16	1.4256	0.00590795	0.0713377	-0.467754	-0.0617861
0.165	1.42061	0.006276	0.0736764	-0.469913	-0.0639336
0.17	1.41563	0.00665576	0.076026	-0.472079	-0.0660975
0.175	1.41064	0.00704729	0.0783864	-0.474253	-0.0682778
0.18	1.40566	0.00745064	0.0807577	-0.476436	-0.0704745
0.185	1.40068	0.00786586	0.0831398	-0.478626	-0.0726875
0.19	1.3957	0.00829301	0.085533	-0.480824	-0.074917
0.195	1.39072	0.00873213	0.0879371	-0.483031	-0.0771629
0.2	1.38574	0.00918327	0.0903523	-0.485247	-0.0794252
0.205	1.38076	0.0096465	0.0927785	-0.487471	-0.081704
0.21	1.37578	0.0101219	0.0952158	-0.489704	-0.0839993
0.215	1.3708	0.0106094	0.0976644	-0.491946	-0.086311
0.22	1.36583	0.0111092	0.100124	-0.494197	-0.0886392
0.225	1.36086	0.0116213	0.102595	-0.496457	-0.090984
0.23	1.35588	0.0121457	0.105077	-0.498727	-0.0933452
0.235	1.35091	0.0126825	0.107571	-0.501006	-0.095723
0.24	1.34594	0.0132318	0.110076	-0.503296	-0.0981174
0.245	1.34097	0.0137935	0.112593	-0.505595	-0.100528
0.25	1.33601	0.0143679	0.11512	-0.507905	-0.102956
0.255	1.33104	0.0149548	0.11766	-0.510224	-0.1054
0.26	1.32608	0.0155544	0.120211	-0.512555	-0.10786
0.265	1.32111	0.0161668	0.122774	-0.514896	-0.110338
0.27	1.31615	0.0167919	0.125348	-0.517247	-0.112832
0.275	1.3112	0.0174298	0.127935	-0.51961	-0.115342
0.28	1.30624	0.0180806	0.130533	-0.521984	-0.117869
0.285	1.30128	0.0187444	0.133143	-0.52437	-0.120413
0.29	1.29633	0.0194211	0.135764	-0.526767	-0.122974
0.295	1.29138	0.0201109	0.138398	-0.529175	-0.125551
0.3	1.28643	0.0208138	0.141044	-0.531596	-0.128145
0.305	1.28148	0.0215298	0.143702	-0.534029	-0.130755
0.31	1.27653	0.0222591	0.146372	-0.536475	-0.133383
0.315	1.27159	0.0230016	0.149055	-0.538933	-0.136027
0.32	1.26664	0.0237574	0.151749	-0.541403	-0.138688
0.325	1.2617	0.0245266	0.154456	-0.543887	-0.141365
0.33	1.25676	0.0253093	0.157176	-0.546384	-0.144059
0.335	1.25183	0.0261054	0.159908	-0.548894	-0.146771
0.34	1.24689	0.0269151	0.162652	-0.551418	-0.149499
0.345	1.24196	0.0277384	0.165409	-0.553956	-0.152243
0.35	1.23703	0.0285753	0.168179	-0.556508	-0.155005
0.355	1.23211	0.0294259	0.170962	-0.559074	-0.157783
0.36	1.22718	0.0302904	0.173757	-0.561655	-0.160579
0.365	1.22226	0.0311686	0.176565	-0.564251	-0.163391
0.37	1.21734	0.0320607	0.179386	-0.566861	-0.16622
0.375	1.21242	0.0329668	0.182221	-0.569487	-0.169066
0.38	1.20751	0.0338869	0.185068	-0.572128	-0.171928
0.385	1.2026	0.034821	0.187929	-0.574785	-0.174808
0.39	1.19769	0.0357692	0.190803	-0.577458	-0.177705
0.395	1.19278	0.0367316	0.19369	-0.580147	-0.180618
0.4	1.18788	0.0377083	0.196591	-0.582853	-0.183548
0.405	1.18298	0.0386992	0.199505	-0.585576	-0.186496
0.41	1.17808	0.0397045	0.202433	-0.588315	-0.18946
0.415	1.17318	0.0407241	0.205375	-0.591072	-0.192441
0.42	1.16829	0.0417583	0.20833	-0.593846	-0.19544
0.425	1.1634	0.0428069	0.211299	-0.596638	-0.198455
0.43	1.15852	0.0438702	0.214282	-0.599448	-0.201487
0.435	1.15363	0.044948	0.21728	-0.602277	-0.204536
0.44	1.14875	0.0460406	0.220291	-0.605124	-0.207602
0.445	1.14388	0.0471479	0.223317	-0.60799	-0.210686
0.45	1.13901	0.0482701	0.226356	-0.610876	-0.213786
0.455	1.13414	0.0494071	0.229411	-0.613781	-0.216903
0.46	1.12927	0.050559	0.23248	-0.616706	-0.220037
0.465	1.12441	0.051726	0.235563	-0.619651	-0.223189
0.47	1.11955	0.052908	0.238662	-0.622616	-0.226357
0.475	1.1147	0.0541051	0.241775	-0.625602	-0.229543
0.48	1.10985	0.0553174	0.244903	-0.62861	-0.232745
0.485	1.105	0.056545	0.248046	-0.631638	-0.235965
0.49	1.10016	0.0577878	0.251204	-0.634689	-0.239201
0.495	1.09532	0.0590461	0.254377	-0.637761	-0.242455
0.5	1.09048	0.0603197	0.257566	-0.640856	-0.245726
0.505	1.08565	0.0616088	0.26077	-0.643974	-0.249014
0.51	1.08082	0.0629135	0.26399	-0.647114	-0.252318
0.515	1.076	0.0642338	0.267226	-0.650279	-0.25564
0.52	1.07118	0.0655697	0.270477	-0.653466	-0.258979
0.525	1.06637	0.0669214	0.273745	-0.656679	-0.262336
0.53	1.06156	0.0682889	0.277028	-0.659915	-0.265709
0.535	1.05676	0.0696723	0.280328	-0.663177	-0.269099
0.54	1.05195	0.0710715	0.283643	-0.666463	-0.272507
0.545	1.04716	0.0724868	0.286976	-0.669776	-0.275931
0.55	1.04237	0.0739181	0.290325	-0.673114	-0.279372
0.555	1.03758	0.0753656	0.29369	-0.676479	-0.282831
0.56	1.0328	0.0768292	0.297073	-0.67987	-0.286307
0.565	1.02803	0.078309	0.300472	-0.683289	-0.289799
0.57	1.02325	0.0798052	0.303888	-0.686735	-0.293309
0.575	1.01849	0.0813177	0.307322	-0.690209	-0.296836
0.58	1.01373	0.0828467	0.310773	-0.693712	-0.30038
0.585	1.00897	0.0843922	0.314242	-0.697243	-0.30394
0.59	1.00422	0.0859542	0.317728	-0.700804	-0.307518
0.595	0.99948	0.0875329	0.321232	-0.704394	-0.311113
0.6	0.994741	0.0891283	0.324754	-0.708014	-0.314725
0.605	0.990008	0.0907404	0.328294	-0.711665	-0.318353
0.61	0.985281	0.0923694	0.331852	-0.715347	-0.321999
0.615	0.980559	0.0940153	0.335429	-0.719061	-0.325661
0.62	0.975844	0.0956781	0.339024	-0.722806	-0.329341
0.625	0.971135	0.097358	0.342638	-0.726583	-0.333037
0.63	0.966431	0.0990549	0.346271	-0.730393	-0.33675
0.635	0.961734	0.100769	0.349923	-0.734237	-0.34048
0.64	0.957044	0.1025	0.353594	-0.738114	-0.344227
0.645	0.952359	0.104249	0.357285	-0.742026	-0.34799
0.65	0.947682	0.106015	0.360995	-0.745972	-0.351771
0.655	0.943011	0.107799	0.364725	-0.749953	-0.355568
0.66	0.938346	0.1096	0.368475	-0.75397	-0.359381
0.665	0.933689	0.111418	0.372245	-0.758023	-0.363211
0.67	0.929038	0.113254	0.376035	-0.762113	-0.367058
0.675	0.924394	0.115108	0.379845	-0.76624	-0.370921
0.68	0.919758	0.11698	0.383676	-0.770405	-0.374801
0.685	0.915129	0.118869	0.387528	-0.774608	-0.378697
0.69	0.910507	0.120777	0.391402	-0.778849	-0.38261
0.695	0.905892	0.122702	0.395296	-0.78313	-0.386539
0.7	0.901286	0.124646	0.399211	-0.787451	-0.390484
0.705	0.896686	0.126607	0.403149	-0.791812	-0.394445
0.71	0.892095	0.128587	0.407108	-0.796214	-0.398422
0.715	0.887512	0.130585	0.411089	-0.800657	-0.402416
0.72	0.882936	0.132601	0.415092	-0.805143	-0.406426
0.725	0.878369	0.134636	0.419118	-0.80967	-0.410451
0.73	0.87381	0.136689	0.423166	-0.814241	-0.414492
0.735	0.86926	0.138761	0.427237	-0.818856	-0.418549
0.74	0.864717	0.140852	0.431332	-0.823515	-0.422622
0.745	0.860184	0.142961	0.435449	-0.828218	-0.42671
0.75	0.855659	0.145088	0.43959	-0.832967	-0.430814
0.755	0.851144	0.147235	0.443755	-0.837762	-0.434933
0.76	0.846637	0.149401	0.447944	-0.842603	-0.439068
0.765	0.842139	0.151585	0.452157	-0.847491	-0.443217
0.77	0.837651	0.153789	0.456394	-0.852427	-0.447382
0.775	0.833172	0.156012	0.460657	-0.857412	-0.451561
0.78	0.828703	0.158253	0.464944	-0.862445	-0.455756
0.785	0.824244	0.160514	0.469256	-0.867527	-0.459965
0.79	0.819794	0.162795	0.473593	-0.872659	-0.464188
0.795	0.815354	0.165095	0.477957	-0.877843	-0.468426
0.8	0.810925	0.167414	0.482346	-0.883077	-0.472678
0.805	0.806505	0.169753	0.486761	-0.888363	-0.476944
0.81	0.802097	0.172111	0.491203	-0.893701	-0.481224
0.815	0.797698	0.174489	0.495672	-0.899092	-0.485518
0.82	0.793311	0.176887	0.500167	-0.904537	-0.489826
0.825	0.788934	0.179305	0.50469	-0.910036	-0.494146
0.83	0.784569	0.181743	0.50924	-0.915589	-0.49848
0.835	0.780214	0.1842	0.513818	-0.921198	-0.502827
0.84	0.775871	0.186678	0.518424	-0.926863	-0.507186
0.845	0.77154	0.189175	0.523058	-0.932584	-0.511559
0.85	0.76722	0.191693	0.527721	-0.938362	-0.515943
0.855	0.762912	0.194231	0.532413	-0.944197	-0.520339
0.86	0.758616	0.19679	0.537134	-0.950091	-0.524748
0.865	0.754333	0.199368	0.541884	-0.956043	-0.529167
0.87	0.750061	0.201968	0.546665	-0.962054	-0.533598
0.875	0.745802	0.204587	0.551475	-0.968125	-0.53804
0.88	0.741556	0.207228	0.556316	-0.974256	-0.542493
0.885	0.737323	0.209889	0.561187	-0.980447	-0.546956
0.89	0.733103	0.21257	0.566089	-0.9867	-0.551429
0.895	0.728897	0.215273	0.571023	-0.993015	-0.555912
0.9	0.724703	0.217996	0.575988	-0.999391	-0.560404
0.905	0.720524	0.22074	0.580985	-1.00583	-0.564906
0.91	0.716358	0.223505	0.586014	-1.01233	-0.569416
0.915	0.712206	0.226292	0.591075	-1.0189	-0.573934
0.92	0.708069	0.229099	0.59617	-1.02553	-0.57846
0.925	0.703946	0.231928	0.601298	-1.03222	-0.582994
0.93	0.699837	0.234777	0.606459	-1.03898	-0.587535
0.935	0.695744	0.237649	0.611654	-1.0458	-0.592082
0.94	0.691665	0.240541	0.616883	-1.05269	-0.596636
0.945	0.687602	0.243455	0.622146	-1.05964	-0.601195
0.95	0.683555	0.24639	0.627444	-1.06666	-0.60576
0.955	0.679523	0.249347	0.632777	-1.07375	-0.610329
0.96	0.675507	0.252326	0.638146	-1.0809	-0.614902
0.965	0.671507	0.255326	0.643551	-1.08811	-0.619479
0.97	0.667523	0.258348	0.648991	-1.0954	-0.624059
0.975	0.663557	0.261392	0.654468	-1.10275	-0.628642
0.98	0.659607	0.264457	0.659982	-1.11016	-0.633226
0.985	0.655674	0.267544	0.665533	-1.11764	-0.637811
0.99	0.651758	0.270654	0.671121	-1.12519	-0.642397
0.995	0.64786	0.273785	0.676747	-1.13281	-0.646983
1	0.64398	0.276938	0.682411	-1.14049	-0.651568
1.005	0.640117	0.280114	0.688113	-1.14824	-0.656152
1.01	0.636273	0.283311	0.693855	-1.15605	-0.660733
1.015	0.632448	0.286531	0.699635	-1.16393	-0.665312
1.02	0.628641	0.289773	0.705454	-1.17187	-0.669886
1.025	0.624854	0.293037	0.711314	-1.17988	-0.674456
1.03	0.621086	0.296324	0.717213	-1.18795	-0.679021
1.035	0.617337	0.299632	0.723153	-1.19608	-0.683579
1.04	0.613608	0.302963	0.729133	-1.20428	-0.68813
1.045	0.6099	0.306317	0.735155	-1.21254	-0.692672
1.05	0.606211	0.309693	0.741217	-1.22086	-0.697206
1.055	0.602544	0.313091	0.747322	-1.22924	-0.701729
1.06	0.598897	0.316512	0.753468	-1.23768	-0.706242
1.065	0.595272	0.319955	0.759656	-1.24618	-0.710742
1.07	0.591668	0.323421	0.765887	-1.25473	-0.715229
1.075	0.588086	0.32691	0.772161	-1.26334	-0.719701
1.08	0.584526	0.330421	0.778477	-1.27201	-0.724159
1.085	0.580989	0.333954	0.784838	-1.28073	-0.728599
1.09	0.577474	0.33751	0.791241	-1.2895	-0.733022
1.095	0.573982	0.341089	0.797689	-1.29832	-0.737425
1.1	0.570514	0.34469	0.80418	-1.30718	-0.741808
1.105	0.567069	0.348314	0.810716	-1.3161	-0.74617
1.11	0.563648	0.351961	0.817297	-1.32506	-0.750508
1.115	0.560251	0.35563	0.823922	-1.33406	-0.754822
1.12	0.556879	0.359322	0.830592	-1.3431	-0.75911
1.125	0.553531	0.363036	0.837308	-1.35217	-0.763371
1.13	0.550209	0.366773	0.844069	-1.36128	-0.767603
1.135	0.546913	0.370532	0.850875	-1.37042	-0.771805
1.14	0.543642	0.374314	0.857727	-1.3796	-0.775975
1.145	0.540397	0.378118	0.864625	-1.38879	-0.780112
1.15	0.537179	0.381945	0.871569	-1.39801	-0.784214
1.155	0.533988	0.385794	0.878559	-1.40725	-0.788279
1.16	0.530824	0.389665	0.885595	-1.41651	-0.792305
1.165	0.527687	0.393559	0.892678	-1.42577	-0.796292
1.17	0.524578	0.397475	0.899807	-1.43505	-0.800236
1.175	0.521498	0.401413	0.906982	-1.44433	-0.804137
1.18	0.518445	0.405374	0.914204	-1.45361	-0.807992
1.185	0.515422	0.409356	0.921472	-1.46288	-0.811799
1.19	0.512428	0.413361	0.928786	-1.47215	-0.815557
1.195	0.509464	0.417387	0.936147	-1.4814	-0.819264
1.2	0.506529	0.421435	0.943554	-1.49064	-0.822918
1.205	0.503625	0.425505	0.951007	-1.49985	-0.826516
1.21	0.500751	0.429597	0.958506	-1.50903	-0.830056
1.215	0.497908	0.43371	0.966051	-1.51817	-0.833537
1.22	0.495097	0.437845	0.973642	-1.52728	-0.836957
1.225	0.492317	0.442001	0.981279	-1.53634	-0.840313
1.23	0.489569	0.446178	0.98896	-1.54535	-0.843603
1.235	0.486854	0.450376	0.996687	-1.5543	-0.846824
1.24	0.484171	0.454596	1.00446	-1.56319	-0.849976
1.245	0.481521	0.458836	1.01227	-1.572	-0.853055
1.25	0.478905	0.463097	1.02013	-1.58074	-0.856059
1.255	0.476323	0.467378	1.02804	-1.58939	-0.858986
1.26	0.473774	0.47168	1.03599	-1.59795	-0.861833
1.265	0.47126	0.476002	1.04397	-1.60641	-0.864599
1.27	0.468781	0.480344	1.05201	-1.61476	-0.867281
1.275	0.466337	0.484706	1.06008	-1.623	-0.869877
1.28	0.463929	0.489088	1.0682	-1.63112	-0.872383
1.285	0.461556	0.493489	1.07635	-1.6391	-0.874799
1.29	0.459219	0.49791	1.08455	-1.64695	-0.877122
1.295	0.456919	0.502349	1.09278	-1.65465	-0.879349
1.3	0.454656	0.506808	1.10105	-1.66219	-0.881478
1.305	0.45243	0.511285	1.10937	-1.66957	-0.883507
1.31	0.450241	0.51578	1.11771	-1.67678	-0.885433
1.315	0.44809	0.520294	1.1261	-1.68381	-0.887255
1.32	0.445977	0.524826	1.13452	-1.69065	-0.888969
1.325	0.443903	0.529375	1.14297	-1.69729	-0.890575
1.33	0.441867	0.533942	1.15146	-1.70372	-0.892069
1.335	0.43987	0.538526	1.15997	-1.70994	-0.893449
1.34	0.437913	0.543127	1.16852	-1.71593	-0.894713
1.345	0.435995	0.547744	1.1771	-1.72169	-0.89586
1.35	0.434117	0.552378	1.18571	-1.7272	-0.896887
1.355	0.432278	0.557028	1.19435	-1.73247	-0.897792
1.36	0.430481	0.561693	1.20301	-1.73747	-0.898573
1.365	0.428724	0.566374	1.2117	-1.74221	-0.899229
1.37	0.427007	0.571071	1.22041	-1.74667	-0.899757
1.375	0.425332	0.575782	1.22914	-1.75084	-0.900156
1.38	0.423698	0.580507	1.2379	-1.75472	-0.900425
1.385	0.422106	0.585247	1.24667	-1.7583	-0.900561
1.39	0.420555	0.59	1.25546	-1.76157	-0.900563
1.395	0.419046	0.594767	1.26427	-1.76451	-0.900431
1.4	0.41758	0.599547	1.27309	-1.76714	-0.900161
1.405	0.416155	0.60434	1.28193	-1.76943	-0.899755
1.41	0.414773	0.609145	1.29078	-1.77138	-0.899209
1.415	0.413434	0.613963	1.29963	-1.77298	-0.898523
1.42	0.412138	0.618792	1.3085	-1.77424	-0.897697
1.425	0.410884	0.623632	1.31737	-1.77513	-0.89673
1.43	0.409673	0.628483	1.32624	-1.77565	-0.89562
1.435	0.408506	0.633345	1.33512	-1.77581	-0.894367
1.44	0.407382	0.638217	1.344	-1.77559	-0.892972
1.445	0.406301	0.643099	1.35288	-1.77499	-0.891433
1.45	0.405263	0.64799	1.36175	-1.77401	-0.88975
1.455	0.404269	0.65289	1.37062	-1.77263	-0.887924
1.46	0.403318	0.657799	1.37949	-1.77087	-0.885954
1.465	0.402411	0.662716	1.38834	-1.76871	-0.883841
1.47	0.401547	0.667641	1.39719	-1.76615	-0.881585
1.475	0.400727	0.672573	1.40602	-1.7632	-0.879186
1.48	0.39995	0.677512	1.41483	-1.75984	-0.876645
1.485	0.399217	0.682458	1.42363	-1.75609	-0.873963
1.49	0.398528	0.68741	1.43241	-1.75193	-0.871141
1.495	0.397881	0.692368	1.44117	-1.74737	-0.868179
1.5	0.397278	0.697332	1.44991	-1.7424	-0.865079
1.505	0.396719	0.7023	1.45862	-1.73704	-0.861842
1.51	0.396202	0.707274	1.46731	-1.73128	-0.85847
1.515	0.395729	0.712251	1.47596	-1.72513	-0.854963
1.52	0.395298	0.717233	1.48459	-1.71858	-0.851324
1.525	0.39491	0.722218	1.49318	-1.71164	-0.847554
1.53	0.394565	0.727206	1.50174	-1.70431	-0.843655
1.535	0.394263	0.732197	1.51026	-1.6966	-0.839629
1.54	0.394003	0.73719	1.51874	-1.68851	-0.835479
1.545	0.393785	0.742185	1.52719	-1.68005	-0.831205
1.55	0.393609	0.747182	1.53559	-1.67122	-0.826812
1.555	0.393474	0.75218	1.54394	-1.66203	-0.822301
1.56	0.393382	0.757179	1.55225	-1.65248	-0.817674
1.565	0.39333	0.762179	1.56051	-1.64259	-0.812934
1.57	0.39332	0.767179	1.56873	-1.63236	-0.808085
1.575	0.39335	0.772179	1.57689	-1.62179	-0.803127
1.58	0.393421	0.777178	1.585	-1.6109	-0.798065
1.585	0.393533	0.782177	1.59305	-1.59969	-0.792902
1.59	0.393684	0.787175	1.60105	-1.58817	-0.787639
1.595	0.393875	0.792171	1.60899	-1.57636	-0.782281
1.6	0.394105	0.797166	1.61687	-1.56425	-0.776829
1.605	0.394375	0.802159	1.62469	-1.55186	-0.771289
1.61	0.394683	0.807149	1.63245	-1.53921	-0.765661
1.615	0.395029	0.812137	1.64015	-1.52629	-0.75995
1.62	0.395414	0.817122	1.64778	-1.51312	-0.754159
1.625	0.395836	0.822104	1.65535	-1.49971	-0.748291
1.63	0.396296	0.827083	1.66285	-1.48607	-0.742348
1.635	0.396792	0.832059	1.67028	-1.47221	-0.736336
1.64	0.397325	0.83703	1.67764	-1.45815	-0.730256
1.645	0.397895	0.841997	1.68493	-1.44388	-0.724112
1.65	0.3985	0.846961	1.69215	-1.42942	-0.717907
1.655	0.399141	0.851919	1.69929	-1.41479	-0.711644
1.66	0.399817	0.856874	1.70637	-1.4	-0.705327
1.665	0.400527	0.861823	1.71337	-1.38504	-0.698959
1.67	0.401272	0.866767	1.72029	-1.36995	-0.692543
1.675	0.40205	0.871706	1.72714	-1.35471	-0.686081
1.68	0.402862	0.87664	1.73392	-1.33936	-0.679578
1.685	0.403707	0.881568	1.74061	-1.32389	-0.673037
1.69	0.404585	0.88649	1.74723	-1.30831	-0.666459
1.695	0.405495	0.891407	1.75377	-1.29265	-0.659849
1.7	0.406436	0.896317	1.76024	-1.2769	-0.65321
1.705	0.407409	0.901222	1.76662	-1.26108	-0.646543
1.71	0.408413	0.90612	1.77293	-1.24519	-0.639853
1.715	0.409447	0.911012	1.77915	-1.22925	-0.633141
1.72	0.410511	0.915897	1.7853	-1.21327	-0.626412
1.725	0.411605	0.920776	1.79137	-1.19725	-0.619666
1.73	0.412728	0.925648	1.79735	-1.18121	-0.612908
1.735	0.41388	0.930514	1.80326	-1.16514	-0.606139
1.74	0.415061	0.935373	1.80908	-1.14907	-0.599362
1.745	0.416269	0.940224	1.81483	-1.133	-0.592579
1.75	0.417504	0.945069	1.82049	-1.11693	-0.585794
1.755	0.418767	0.949907	1.82608	-1.10088	-0.579008
1.76	0.420056	0.954738	1.83158	-1.08485	-0.572223
1.765	0.421371	0.959562	1.83701	-1.06885	-0.565442
1.77	0.422713	0.964379	1.84235	-1.05289	-0.558667
1.775	0.424079	0.969188	1.84762	-1.03697	-0.5519
1.78	0.42547	0.973991	1.8528	-1.0211	-0.545142
1.785	0.426886	0.978786	1.85791	-1.00528	-0.538397
1.79	0.428326	0.983574	1.86293	-0.989531	-0.531665
1.795	0.42979	0.988355	1.86788	-0.973847	-0.524948
1.8	0.431277	0.993129	1.87275	-0.958236	-0.518249
1.805	0.432787	0.997896	1.87754	-0.942704	-0.511569
1.81	0.434319	1.00266	1.88226	-0.927256	-0.504909
1.815	0.435873	1.00741	1.88689	-0.911896	-0.498271
1.82	0.437449	1.01215	1.89145	-0.896629	-0.491657
1.825	0.439046	1.01689	1.89593	-0.881459	-0.485067
1.83	0.440665	1.02162	1.90034	-0.866391	-0.478504
1.835	0.442303	1.02635	1.90467	-0.851428	-0.471968
1.84	0.443962	1.03106	1.90893	-0.836574	-0.465461
1.845	0.44564	1.03577	1.91311	-0.821831	-0.458984
1.85	0.447338	1.04048	1.91722	-0.807205	-0.452538
1.855	0.449054	1.04517	1.92126	-0.792696	-0.446125
1.86	0.45079	1.04986	1.92522	-0.778309	-0.439744
1.865	0.452543	1.05454	1.92911	-0.764046	-0.433398
1.87	0.454315	1.05922	1.93293	-0.749908	-0.427086
1.875	0.456103	1.06389	1.93668	-0.735899	-0.420811
1.88	0.457909	1.06855	1.94036	-0.722021	-0.414572
1.885	0.459732	1.07321	1.94397	-0.708274	-0.40837
1.89	0.461572	1.07786	1.94751	-0.694662	-0.402207
1.895	0.463427	1.0825	1.95099	-0.681184	-0.396082
1.9	0.465298	1.08714	1.95439	-0.667844	-0.389997
1.905	0.467185	1.09177	1.95773	-0.654641	-0.383952
1.91	0.469087	1.09639	1.96101	-0.641578	-0.377948
1.915	0.471004	1.10101	1.96421	-0.628654	-0.371985
1.92	0.472935	1.10562	1.96736	-0.615871	-0.366063
1.925	0.474881	1.11023	1.97044	-0.60323	-0.360183
1.93	0.47684	1.11483	1.97345	-0.59073	-0.354345
1.935	0.478813	1.11942	1.97641	-0.578373	-0.348551
1.94	0.480799	1.12401	1.9793	-0.566158	-0.342799
1.945	0.482798	1.12859	1.98213	-0.554086	-0.337091
1.95	0.48481	1.13317	1.9849	-0.542157	-0.331426
1.955	0.486834	1.13774	1.98761	-0.530371	-0.325805
1.96	0.488871	1.14231	1.99026	-0.518727	-0.320228
1.965	0.490919	1.14687	1.99286	-0.507226	-0.314696
1.97	0.492979	1.15142	1.99539	-0.495868	-0.309207
1.975	0.49505	1.15598	1.99787	-0.484651	-0.303764
1.98	0.497132	1.16052	2.00029	-0.473576	-0.298365
1.985	0.499224	1.16506	2.00266	-0.462642	-0.29301
1.99	0.501328	1.1696	2.00498	-0.451848	-0.287701
1.995	0.503441	1.17413	2.00723	-0.441194	-0.282436
2	0.505565	1.17866	2.00944	-0.430679	-0.277216
2.005	0.507698	1.18318	2.01159	-0.420303	-0.272041
2.01	0.509841	1.1877	2.0137	-0.410064	-0.26691
2.015	0.511993	1.19221	2.01575	-0.399962	-0.261825
2.02	0.514154	1.19672	2.01775	-0.389995	-0.256784
2.025	0.516324	1.20122	2.0197	-0.380163	-0.251787
2.03	0.518503	1.20572	2.0216	-0.370465	-0.246836
2.035	0.520689	1.21022	2.02345	-0.3609	-0.241929
2.04	0.522884	1.21471	2.02525	-0.351466	-0.237066
2.045	0.525087	1.2192	2.02701	-0.342163	-0.232247
2.05	0.527297	1.22369	2.02872	-0.33299	-0.227473
2.055	0.529515	1.22817	2.03039	-0.323945	-0.222742
2.06	0.53174	1.23264	2.03201	-0.315027	-0.218055
2.065	0.533973	1.23712	2.03358	-0.306235	-0.213412
2.07	0.536212	1.24159	2.03511	-0.297568	-0.208813
2.075	0.538457	1.24606	2.0366	-0.289024	-0.204256
2.08	0.54071	1.25052	2.03805	-0.280603	-0.199743
2.085	0.542968	1.25498	2.03945	-0.272303	-0.195273
2.09	0.545232	1.25944	2.04081	-0.264122	-0.190845
2.095	0.547503	1.26389	2.04213	-0.25606	-0.18646
2.1	0.549779	1.26835	2.04341	-0.248115	-0.182117
2.105	0.552061	1.27279	2.04465	-0.240285	-0.177816
2.11	0.554347	1.27724	2.04585	-0.232571	-0.173557
2.115	0.55664	1.28168	2.04702	-0.224969	-0.169339
2.12	0.558937	1.28613	2.04814	-0.217479	-0.165163
2.125	0.561239	1.29056	2.04923	-0.2101	-0.161028
2.13	0.563545	1.295	2.05028	-0.20283	-0.156933
2.135	0.565856	1.29943	2.05129	-0.195668	-0.15288
2.14	0.568172	1.30387	2.05227	-0.188612	-0.148866
2.145	0.570491	1.3083	2.05321	-0.181662	-0.144893
2.15	0.572815	1.31272	2.05412	-0.174815	-0.140959
2.155	0.575143	1.31715	2.055	-0.168072	-0.137065
2.16	0.577474	1.32157	2.05584	-0.161429	-0.133211
2.165	0.579809	1.32599	2.05664	-0.154886	-0.129395
2.17	0.582147	1.33041	2.05742	-0.148442	-0.125618
2.175	0.584488	1.33483	2.05816	-0.142095	-0.121879
2.18	0.586833	1.33925	2.05887	-0.135844	-0.118179
2.185	0.58918	1.34366	2.05955	-0.129688	-0.114516
2.19	0.591531	1.34807	2.0602	-0.123626	-0.110892
2.195	0.593884	1.35249	2.06082	-0.117655	-0.107304
2.2	0.59624	1.3569	2.06141	-0.111776	-0.103754
2.205	0.598598	1.3613	2.06196	-0.105986	-0.100241
2.21	0.600959	1.36571	2.06249	-0.100285	-0.0967636
2.215	0.603322	1.37012	2.063	-0.094671	-0.093323
2.22	0.605687	1.37452	2.06347	-0.0891429	-0.0899184
2.225	0.608054	1.37893	2.06391	-0.0836996	-0.0865495
2.23	0.610422	1.38333	2.06433	-0.0783399	-0.0832161
2.235	0.612793	1.38773	2.06472	-0.0730626	-0.0799179
2.24	0.615165	1.39214	2.06509	-0.0678665	-0.0766546
2.245	0.617538	1.39654	2.06543	-0.0627504	-0.073426
2.25	0.619913	1.40094	2.06574	-0.0577133	-0.0702317
2.255	0.622289	1.40534	2.06603	-0.0527539	-0.0670716
2.26	0.624667	1.40973	2.0663	-0.0478711	-0.0639453
2.265	0.627045	1.41413	2.06653	-0.0430639	-0.0608526
2.27	0.629425	1.41853	2.06675	-0.0383311	-0.0577932
2.275	0.631805	1.42293	2.06694	-0.0336716	-0.0547669
2.28	0.634186	1.42732	2.06711	-0.0290843	-0.0517733
2.285	0.636567	1.43172	2.06726	-0.0245682	-0.0488123
2.29	0.638949	1.43612	2.06738	-0.0201222	-0.0458836
2.295	0.641332	1.44051	2.06748	-0.0157453	-0.0429869
2.3	0.643715	1.44491	2.06756	-0.0114365	-0.040122
2.305	0.646098	1.4493	2.06761	-0.0071947	-0.0372886
2.31	0.648481	1.4537	2.06765	-0.00301894	-0.0344865
2.315	0.650865	1.45809	2.06767	0.00109179	-0.0317153
2.32	0.653248	1.46249	2.06766	0.00513844	-0.028975
2.325	0.655631	1.46689	2.06763	0.00912199	-0.0262652
2.33	0.658014	1.47128	2.06759	0.0130434	-0.0235856
2.335	0.660397	1.47568	2.06752	0.0169036	-0.0209361
2.34	0.662779	1.48007	2.06744	0.0207035	-0.0183164
2.345	0.665161	1.48447	2.06734	0.024444	-0.0157263
2.35	0.667543	1.48886	2.06721	0.0281261	-0.0131654
2.355	0.669924	1.49326	2.06707	0.0317505	-0.0106337
2.36	0.672304	1.49766	2.06691	0.0353183	-0.00813086
2.365	0.674683	1.50206	2.06674	0.0388302	-0.00565663
2.37	0.677061	1.50645	2.06654	0.0422872	-0.00321081
2.375	0.679439	1.51085	2.06633	0.04569	-0.00079317
2.38	0.681815	1.51525	2.0661	0.0490395	0.00159651
2.385	0.684191	1.51965	2.06586	0.0523365	0.00395846
2.39	0.686565	1.52405	2.0656	0.0555818	0.00629288
2.395	0.688938	1.52845	2.06532	0.0587762	0.00860001
2.4	0.69131	1.53285	2.06503	0.0619205	0.01088
2.405	0.69368	1.53726	2.06472	0.0650154	0.0131332
2.41	0.696049	1.54166	2.06439	0.0680618	0.0153597
2.415	0.698417	1.54606	2.06405	0.0710603	0.0175597
2.42	0.700783	1.55047	2.06369	0.0740117	0.0197335
2.425	0.703147	1.55488	2.06332	0.0769168	0.0218813
2.43	0.70551	1.55928	2.06294	0.0797762	0.0240032
2.435	0.70787	1.56369	2.06254	0.0825907	0.0260994
2.44	0.710229	1.5681	2.06213	0.0853609	0.0281703
2.445	0.712586	1.57251	2.0617	0.0880876	0.0302158
2.45	0.714942	1.57692	2.06126	0.0907714	0.0322363
2.455	0.717295	1.58133	2.06081	0.0934129	0.034232
2.46	0.719646	1.58574	2.06034	0.0960129	0.0362029
2.465	0.721995	1.59016	2.05986	0.098572	0.0381494
2.47	0.724342	1.59457	2.05937	0.101091	0.0400716
2.475	0.726686	1.59899	2.05886	0.10357	0.0419697
2.48	0.729029	1.6034	2.05834	0.10601	0.0438438
2.485	0.731369	1.60782	2.05781	0.108412	0.0456942
2.49	0.733706	1.61224	2.05727	0.110775	0.047521
2.495	0.736041	1.61666	2.05672	0.113102	0.0493244
2.5	0.738374	1.62109	2.05615	0.115392	0.0511046
2.505	0.740704	1.62551	2.05558	0.117646	0.0528617
2.51	0.743031	1.62994	2.05499	0.119864	0.054596
2.515	0.745356	1.63436	2.05439	0.122047	0.0563075
2.52	0.747678	1.63879	2.05378	0.124196	0.0579965
2.525	0.749998	1.64322	2.05316	0.126311	0.0596631
2.53	0.752314	1.64765	2.05253	0.128393	0.0613075
2.535	0.754628	1.65208	2.05188	0.130441	0.0629298
2.54	0.756939	1.65652	2.05123	0.132458	0.0645303
2.545	0.759247	1.66095	2.05057	0.134442	0.066109
2.55	0.761552	1.66539	2.0499	0.136396	0.0676661
2.555	0.763853	1.66983	2.04921	0.138318	0.0692018
2.56	0.766152	1.67427	2.04852	0.14021	0.0707162
2.565	0.768448	1.67871	2.04782	0.142072	0.0722095
2.57	0.770741	1.68315	2.04711	0.143905	0.0736819
2.575	0.77303	1.6876	2.04639	0.145709	0.0751334
2.58	0.775316	1.69205	2.04566	0.147484	0.0765643
2.585	0.777599	1.69649	2.04493	0.149231	0.0779746
2.59	0.779878	1.70095	2.04418	0.150951	0.0793645
2.595	0.782154	1.7054	2.04343	0.152643	0.0807342
2.6	0.784427	1.70985	2.04266	0.154309	0.0820838
2.605	0.786696	1.71431	2.04189	0.155948	0.0834134
2.61	0.788962	1.71876	2.04111	0.157562	0.0847232
2.615	0.791225	1.72322	2.04032	0.15915	0.0860133
2.62	0.793483	1.72768	2.03953	0.160713	0.0872838
2.625	0.795739	1.73215	2.03872	0.162251	0.0885349
2.63	0.79799	1.73661	2.03791	0.163764	0.0897668
2.635	0.800238	1.74108	2.03709	0.165254	0.0909794
2.64	0.802482	1.74554	2.03627	0.16672	0.0921731
2.645	0.804723	1.75001	2.03543	0.168163	0.0933478
2.65	0.806959	1.75449	2.03459	0.169584	0.0945038
2.655	0.809192	1.75896	2.03374	0.170981	0.0956411
2.66	0.811422	1.76343	2.03289	0.172357	0.0967598
2.665	0.813647	1.76791	2.03203	0.173711	0.0978602
2.67	0.815868	1.77239	2.03116	0.175043	0.0989423
2.675	0.818086	1.77687	2.03028	0.176355	0.100006
2.68	0.820299	1.78136	2.0294	0.177645	0.101052
2.685	0.822509	1.78584	2.02851	0.178915	0.10208
2.69	0.824714	1.79033	2.02762	0.180166	0.10309
2.695	0.826916	1.79482	2.02672	0.181396	0.104083
2.7	0.829113	1.79931	2.02581	0.182607	0.105057
2.705	0.831306	1.8038	2.0249	0.183798	0.106015
2.71	0.833495	1.8083	2.02398	0.184971	0.106955
2.715	0.83568	1.8128	2.02306	0.186125	0.107878
2.72	0.837861	1.81729	2.02212	0.187261	0.108783
2.725	0.840038	1.8218	2.02119	0.188379	0.109672
2.73	0.84221	1.8263	2.02025	0.18948	0.110544
2.735	0.844378	1.83081	2.0193	0.190563	0.111399
2.74	0.846542	1.83531	2.01835	0.191629	0.112237
2.745	0.848701	1.83982	2.01739	0.192677	0.113058
2.75	0.850857	1.84433	2.01642	0.19371	0.113863
2.755	0.853007	1.84885	2.01546	0.194726	0.114652
2.76	0.855154	1.85336	2.01448	0.195726	0.115424
2.765	0.857296	1.85788	2.0135	0.19671	0.11618
2.77	0.859433	1.8624	2.01252	0.197679	0.116921
2.775	0.861566	1.86692	2.01153	0.198632	0.117645
2.78	0.863695	1.87145	2.01054	0.199571	0.118353
2.785	0.865819	1.87597	2.00954	0.200495	0.119045
2.79	0.867938	1.8805	2.00854	0.201404	0.119722
2.795	0.870053	1.88503	2.00753	0.202298	0.120383
2.8	0.872163	1.88957	2.00652	0.203179	0.121028
2.805	0.874269	1.8941	2.0055	0.204046	0.121658
2.81	0.87637	1.89864	2.00448	0.204899	0.122273
2.815	0.878467	1.90318	2.00346	0.205739	0.122872
2.82	0.880558	1.90772	2.00243	0.206565	0.123457
2.825	0.882646	1.91226	2.0014	0.207379	0.124026
2.83	0.884728	1.91681	2.00036	0.20818	0.12458
2.835	0.886806	1.92136	1.99932	0.208968	0.12512
2.84	0.888878	1.92591	1.99827	0.209744	0.125644
2.845	0.890947	1.93046	1.99723	0.210508	0.126154
2.85	0.89301	1.93501	1.99617	0.211259	0.126649
2.855	0.895068	1.93957	1.99512	0.212	0.12713
2.86	0.897122	1.94413	1.99406	0.212728	0.127596
2.865	0.899171	1.94869	1.99299	0.213445	0.128048
2.87	0.901215	1.95325	1.99193	0.214151	0.128485
2.875	0.903254	1.95782	1.99086	0.214846	0.128909
2.88	0.905288	1.96239	1.98978	0.215531	0.129318
2.885	0.907317	1.96696	1.9887	0.216204	0.129713
2.89	0.909342	1.97153	1.98762	0.216868	0.130094
2.895	0.911361	1.9761	1.98654	0.217521	0.130461
2.9	0.913375	1.98068	1.98545	0.218164	0.130815
2.905	0.915385	1.98526	1.98436	0.218797	0.131154
2.91	0.917389	1.98984	1.98327	0.21942	0.131481
2.915	0.919388	1.99442	1.98217	0.220033	0.131793
2.92	0.921383	1.999	1.98107	0.220638	0.132092
2.925	0.923372	2.00359	1.97997	0.221233	0.132377
2.93	0.925356	2.00818	1.97886	0.221819	0.13265
2.935	0.927335	2.01277	1.97775	0.222396	0.132908
2.94	0.929309	2.01737	1.97664	0.222964	0.133154
2.945	0.931278	2.02196	1.97552	0.223523	0.133387
2.95	0.933242	2.02656	1.97441	0.224075	0.133606
2.955	0.9352	2.03116	1.97329	0.224617	0.133813
2.96	0.937154	2.03576	1.97216	0.225152	0.134006
2.965	0.939102	2.04037	1.97104	0.225679	0.134187
2.97	0.941045	2.04498	1.96991	0.226197	0.134355
2.975	0.942983	2.04959	1.96878	0.226708	0.13451
2.98	0.944915	2.0542	1.96764	0.227212	0.134652
2.985	0.946843	2.05881	1.96651	0.227707	0.134782
2.99	0.948765	2.06343	1.96537	0.228196	0.1349
2.995	0.950681	2.06804	1.96423	0.228677	0.135005
3	0.952593	2.07266	1.96308	0.229152	0.135098
3.005	0.954499	2.07729	1.96194	0.229619	0.135178
3.01	0.9564	2.08191	1.96079	0.230079	0.135246
3.015	0.958296	2.08654	1.95964	0.230533	0.135302
3.02	0.960186	2.09117	1.95849	0.23098	0.135346
3.025	0.962071	2.0958	1.95733	0.231421	0.135378
3.03	0.96395	2.10043	1.95618	0.231856	0.135398
3.035	0.965825	2.10507	1.95502	0.232284	0.135406
3.04	0.967693	2.1097	1.95386	0.232706	0.135402
3.045	0.969557	2.11434	1.95269	0.233123	0.135386
3.05	0.971415	2.11899	1.95153	0.233533	0.135359
3.055	0.973267	2.12363	1.95036	0.233938	0.13532
3.06	0.975114	2.12828	1.94919	0.234337	0.135269
3.065	0.976956	2.13293	1.94802	0.23473	0.135207
3.07	0.978792	2.13758	1.94684	0.235118	0.135134
3.075	0.980623	2.14223	1.94567	0.235501	0.135048
3.08	0.982448	2.14688	1.94449	0.235879	0.134952
3.085	0.984268	2.15154	1.94331	0.236251	0.134844
3.09	0.986083	2.1562	1.94213	0.236619	0.134725
3.095	0.987891	2.16086	1.94095	0.236981	0.134595
3.1	0.989695	2.16552	1.93976	0.237339	0.134454
3.105	0.991492	2.17019	1.93857	0.237692	0.134302
3.11	0.993284	2.17486	1.93739	0.238041	0.134139
3.115	0.995071	2.17953	1.9362	0.238385	0.133965
3.12	0.996852	2.1842	1.935	0.238725	0.133779
3.125	0.998628	2.18887	1.93381	0.23906	0.133584
3.13	1.0004	2.19355	1.93262	0.239391	0.133377
3.135	1.00216	2.19823	1.93142	0.239718	0.13316
3.14	1.00392	2.20291	1.93022	0.240041	0.132932
3.145	1.00567	2.20759	1.92902	0.24036	0.132693
3.15	1.00742	2.21228	1.92782	0.240675	0.132444
3.155	1.00916	2.21696	1.92661	0.240987	0.132184
3.16	1.0109	2.22165	1.92541	0.241295	0.131914
3.165	1.01263	2.22634	1.9242	0.241599	0.131634
3.17	1.01435	2.23104	1.923	0.2419	0.131343
3.175	1.01607	2.23573	1.92179	0.242197	0.131042
3.18	1.01779	2.24043	1.92057	0.242491	0.130731
3.185	1.01949	2.24513	1.91936	0.242781	0.130409
3.19	1.0212	2.24983	1.91815	0.243069	0.130078
3.195	1.02289	2.25453	1.91693	0.243353	0.129736
3.2	1.02458	2.25924	1.91572	0.243634	0.129385
3.205	1.02627	2.26395	1.9145	0.243913	0.129023
3.21	1.02795	2.26866	1.91328	0.244188	0.128652
3.215	1.02962	2.27337	1.91206	0.244461	0.12827
3.22	1.03129	2.27808	1.91084	0.244731	0.127879
3.225	1.03295	2.2828	1.90961	0.244998	0.127479
3.23	1.03461	2.28751	1.90839	0.245263	0.127068
3.235	1.03626	2.29223	1.90716	0.245525	0.126648
3.24	1.0379	2.29696	1.90593	0.245785	0.126218
3.245	1.03954	2.30168	1.9047	0.246042	0.125779
3.25	1.04117	2.30641	1.90347	0.246297	0.12533
3.255	1.0428	2.31113	1.90224	0.24655	0.124872
3.26	1.04442	2.31586	1.90101	0.2468	0.124405
3.265	1.04604	2.3206	1.89978	0.247049	0.123928
3.27	1.04765	2.32533	1.89854	0.247295	0.123442
3.275	1.04925	2.33007	1.8973	0.24754	0.122946
3.28	1.05085	2.3348	1.89607	0.247782	0.122442
3.285	1.05244	2.33954	1.89483	0.248023	0.121928
3.29	1.05403	2.34428	1.89359	0.248262	0.121405
3.295	1.05561	2.34903	1.89235	0.248499	0.120873
3.3	1.05718	2.35377	1.8911	0.248735	0.120333
3.305	1.05875	2.35852	1.88986	0.248968	0.119783
3.31	1.06031	2.36327	1.88861	0.249201	0.119224
3.315	1.06187	2.36802	1.88737	0.249432	0.118656
3.32	1.06342	2.37278	1.88612	0.249661	0.11808
3.325	1.06496	2.37753	1.88487	0.249889	0.117495
3.33	1.0665	2.38229	1.88362	0.250116	0.116901
3.335	1.06803	2.38705	1.88237	0.250341	0.116299
3.34	1.06956	2.39181	1.88112	0.250565	0.115688
3.345	1.07108	2.39657	1.87987	0.250788	0.115068
3.35	1.0726	2.40134	1.87861	0.25101	0.11444
3.355	1.07411	2.4061	1.87736	0.251231	0.113803
3.36	1.07561	2.41087	1.8761	0.251451	0.113158
3.365	1.07711	2.41564	1.87485	0.25167	0.112504
3.37	1.0786	2.42042	1.87359	0.251888	0.111843
3.375	1.08008	2.42519	1.87233	0.252105	0.111173
3.38	1.08156	2.42997	1.87107	0.252321	0.110494
3.385	1.08303	2.43475	1.86981	0.252537	0.109808
3.39	1.0845	2.43953	1.86854	0.252752	0.109113
3.395	1.08596	2.44431	1.86728	0.252966	0.10841
3.4	1.08742	2.44909	1.86601	0.253179	0.107699
3.405	1.08886	2.45388	1.86475	0.253392	0.10698
3.41	1.09031	2.45866	1.86348	0.253605	0.106253
3.415	1.09174	2.46345	1.86221	0.253817	0.105518
3.42	1.09317	2.46824	1.86094	0.254029	0.104776
3.425	1.0946	2.47304	1.85967	0.25424	0.104025
3.43	1.09602	2.47783	1.8584	0.254451	0.103267
3.435	1.09743	2.48263	1.85713	0.254661	0.102501
3.44	1.09883	2.48743	1.85586	0.254872	0.101727
3.445	1.10023	2.49223	1.85458	0.255082	0.100945
3.45	1.10163	2.49703	1.85331	0.255292	0.100156
3.455	1.10302	2.50183	1.85203	0.255502	0.0993593
3.46	1.1044	2.50664	1.85075	0.255711	0.098555
3.465	1.10577	2.51144	1.84948	0.255921	0.0977432
3.47	1.10714	2.51625	1.8482	0.256131	0.0969239
3.475	1.10851	2.52106	1.84692	0.25634	0.0960973
3.48	1.10986	2.52588	1.84563	0.25655	0.0952633
3.485	1.11121	2.53069	1.84435	0.25676	0.0944219
3.49	1.11256	2.53551	1.84307	0.25697	0.0935733
3.495	1.1139	2.54032	1.84178	0.25718	0.0927174
3.5	1.11523	2.54514	1.8405	0.257391	0.0918544
3.505	1.11655	2.54996	1.83921	0.257602	0.0909841
3.51	1.11787	2.55479	1.83792	0.257813	0.0901068
3.515	1.11919	2.55961	1.83663	0.258024	0.0892224
3.52	1.1205	2.56444	1.83534	0.258236	0.0883309
3.525	1.1218	2.56926	1.83405	0.258448	0.0874325
3.53	1.12309	2.57409	1.83276	0.25866	0.0865271
3.535	1.12438	2.57892	1.83147	0.258873	0.0856148
3.54	1.12566	2.58376	1.83017	0.259087	0.0846956
3.545	1.12694	2.58859	1.82888	0.259301	0.0837696
3.55	1.12821	2.59343	1.82758	0.259516	0.0828369
3.555	1.12947	2.59827	1.82628	0.259731	0.0818974
3.56	1.13073	2.6031	1.82498	0.259947	0.0809512
3.565	1.13198	2.60795	1.82368	0.260163	0.0799983
3.57	1.13323	2.61279	1.82238	0.260381	0.0790388
3.575	1.13446	2.61763	1.82108	0.260599	0.0780728
3.58	1.1357	2.62248	1.81978	0.260817	0.0771002
3.585	1.13692	2.62733	1.81847	0.261037	0.0761211
3.59	1.13814	2.63217	1.81717	0.261257	0.0751356
3.595	1.13935	2.63703	1.81586	0.261479	0.0741436
3.6	1.14056	2.64188	1.81455	0.261701	0.0731453
3.605	1.14176	2.64673	1.81325	0.261924	0.0721406
3.61	1.14296	2.65159	1.81194	0.262148	0.0711297
3.615	1.14414	2.65644	1.81063	0.262373	0.0701125
3.62	1.14532	2.6613	1.80931	0.262599	0.069089
3.625	1.1465	2.66616	1.808	0.262826	0.0680595
3.63	1.14767	2.67102	1.80669	0.263054	0.0670237
3.635	1.14883	2.67589	1.80537	0.263283	0.0659819
3.64	1.14999	2.68075	1.80406	0.263513	0.0649341
3.645	1.15113	2.68562	1.80274	0.263745	0.0638802
3.65	1.15228	2.69049	1.80142	0.263977	0.0628204
3.655	1.15341	2.69535	1.8001	0.264211	0.0617546
3.66	1.15454	2.70022	1.79878	0.264446	0.0606829
3.665	1.15567	2.7051	1.79746	0.264682	0.0596054
3.67	1.15678	2.70997	1.79613	0.26492	0.0585221
3.675	1.1579	2.71485	1.79481	0.265159	0.057433
3.68	1.159	2.71972	1.79348	0.265399	0.0563381
3.685	1.1601	2.7246	1.79215	0.26564	0.0552376
3.69	1.16119	2.72948	1.79083	0.265883	0.0541314
3.695	1.16227	2.73436	1.7895	0.266127	0.0530196
3.7	1.16335	2.73924	1.78817	0.266373	0.0519022
3.705	1.16442	2.74413	1.78683	0.26662	0.0507793
3.71	1.16549	2.74901	1.7855	0.266868	0.0496509
3.715	1.16655	2.7539	1.78417	0.267118	0.048517
3.72	1.1676	2.75879	1.78283	0.26737	0.0473777
3.725	1.16865	2.76368	1.78149	0.267623	0.0462331
3.73	1.16969	2.76857	1.78016	0.267877	0.0450831
3.735	1.17072	2.77346	1.77882	0.268133	0.0439278
3.74	1.17174	2.77835	1.77748	0.268391	0.0427672
3.745	1.17276	2.78325	1.77613	0.26865	0.0416014
3.75	1.17378	2.78814	1.77479	0.268911	0.0404304
3.755	1.17478	2.79304	1.77345	0.269174	0.0392543
3.76	1.17578	2.79794	1.7721	0.269438	0.038073
3.765	1.17678	2.80284	1.77075	0.269704	0.0368867
3.77	1.17776	2.80774	1.76941	0.269972	0.0356954
3.775	1.17874	2.81265	1.76806	0.270241	0.034499
3.78	1.17972	2.81755	1.7667	0.270513	0.0332977
3.785	1.18068	2.82246	1.76535	0.270786	0.0320916
3.79	1.18164	2.82736	1.764	0.27106	0.0308805
3.795	1.1826	2.83227	1.76264	0.271337	0.0296646
3.8	1.18354	2.83718	1.76129	0.271615	0.0284439
3.805	1.18448	2.84209	1.75993	0.271896	0.0272184
3.81	1.18542	2.847	1.75857	0.272178	0.0259882
3.815	1.18634	2.85192	1.75721	0.272462	0.0247533
3.82	1.18726	2.85683	1.75585	0.272748	0.0235138
3.825	1.18818	2.86175	1.75448	0.273036	0.0222697
3.83	1.18908	2.86666	1.75312	0.273325	0.021021
3.835	1.18998	2.87158	1.75175	0.273617	0.0197677
3.84	1.19087	2.8765	1.75038	0.273911	0.01851
3.845	1.19176	2.88142	1.74901	0.274207	0.0172478
3.85	1.19264	2.88635	1.74764	0.274504	0.0159813
3.855	1.19351	2.89127	1.74627	0.274804	0.0147103
3.86	1.19438	2.89619	1.74489	0.275106	0.013435
3.865	1.19524	2.90112	1.74352	0.27541	0.0121554
3.87	1.19609	2.90605	1.74214	0.275716	0.0108715
3.875	1.19694	2.91097	1.74076	0.276024	0.00958344
3.88	1.19778	2.9159	1.73938	0.276334	0.00829117
3.885	1.19861	2.92083	1.738	0.276646	0.00699475
3.89	1.19943	2.92576	1.73662	0.27696	0.00569422
3.895	1.20025	2.9307	1.73523	0.277277	0.00438961
3.9	1.20106	2.93563	1.73385	0.277596	0.00308098
3.905	1.20187	2.94056	1.73246	0.277917	0.00176835
3.91	1.20267	2.9455	1.73107	0.27824	0.000451758
3.915	1.20346	2.95044	1.72968	0.278565	-0.000868749
3.92	1.20424	2.95538	1.72829	0.278893	-0.00219314
3.925	1.20502	2.96032	1.72689	0.279222	-0.00352137
3.93	1.20579	2.96526	1.72549	0.279554	-0.0048534
3.935	1.20655	2.9702	1.7241	0.279889	-0.00618921
3.94	1.20731	2.97514	1.7227	0.280225	-0.00752874
3.945	1.20806	2.98008	1.7213	0.280564	-0.00887196
3.95	1.2088	2.98503	1.71989	0.280905	-0.0102188
3.955	1.20954	2.98997	1.71849	0.281249	-0.0115693
3.96	1.21027	2.99492	1.71708	0.281595	-0.0129234
3.965	1.21099	2.99987	1.71567	0.281943	-0.014281
3.97	1.2117	3.00482	1.71427	0.282293	-0.0156421
3.975	1.21241	3.00977	1.71285	0.282646	-0.0170067
3.98	1.21311	3.01472	1.71144	0.283002	-0.0183747
3.985	1.21381	3.01967	1.71003	0.283359	-0.019746
3.99	1.21449	3.02462	1.70861	0.28372	-0.0211208
3.995	1.21517	3.02957	1.70719	0.284082	-0.0224988
4	1.21585	3.03453	1.70577	0.284447	-0.0238801
4.005	1.21651	3.03948	1.70435	0.284814	-0.0252647
4.01	1.21717	3.04444	1.70292	0.285184	-0.0266524
4.015	1.21782	3.0494	1.7015	0.285557	-0.0280433
4.02	1.21847	3.05436	1.70007	0.285932	-0.0294373
4.025	1.2191	3.05932	1.69864	0.286309	-0.0308344
4.03	1.21973	3.06428	1.69721	0.286689	-0.0322346
4.035	1.22036	3.06924	1.69577	0.287071	-0.0336377
4.04	1.22097	3.0742	1.69434	0.287456	-0.0350439
4.045	1.22158	3.07916	1.6929	0.287843	-0.0364529
4.05	1.22218	3.08412	1.69146	0.288233	-0.0378649
4.055	1.22278	3.08909	1.69002	0.288626	-0.0392797
4.06	1.22337	3.09405	1.68858	0.289021	-0.0406973
4.065	1.22395	3.09902	1.68713	0.289419	-0.0421177
4.07	1.22452	3.10399	1.68569	0.289819	-0.0435408
4.075	1.22509	3.10896	1.68424	0.290222	-0.0449667
4.08	1.22565	3.11392	1.68279	0.290627	-0.0463952
4.085	1.2262	3.11889	1.68133	0.291035	-0.0478263
4.09	1.22674	3.12386	1.67988	0.291446	-0.04926
4.095	1.22728	3.12883	1.67842	0.291859	-0.0506963
4.1	1.22781	3.13381	1.67696	0.292275	-0.0521351
4.105	1.22833	3.13878	1.6755	0.292694	-0.0535763
4.11	1.22885	3.14375	1.67404	0.293115	-0.05502
4.115	1.22935	3.14873	1.67257	0.293539	-0.0564661
4.12	1.22985	3.1537	1.6711	0.293966	-0.0579145
4.125	1.23035	3.15868	1.66963	0.294395	-0.0593653
4.13	1.23083	3.16365	1.66816	0.294827	-0.0608183
4.135	1.23131	3.16863	1.66669	0.295262	-0.0622736
4.14	1.23178	3.17361	1.66521	0.2957	-0.0637311
4.145	1.23225	3.17859	1.66373	0.29614	-0.0651907
4.15	1.2327	3.18357	1.66225	0.296583	-0.0666525
4.155	1.23315	3.18855	1.66077	0.297029	-0.0681164
4.16	1.2336	3.19353	1.65928	0.297477	-0.0695823
4.165	1.23403	3.19851	1.6578	0.297928	-0.0710502
4.17	1.23446	3.20349	1.65631	0.298382	-0.0725202
4.175	1.23488	3.20847	1.65482	0.298839	-0.073992
4.18	1.23529	3.21345	1.65332	0.299299	-0.0754658
4.185	1.23569	3.21844	1.65182	0.299761	-0.0769414
4.19	1.23609	3.22342	1.65033	0.300226	-0.0784188
4.195	1.23648	3.22841	1.64882	0.300694	-0.079898
4.2	1.23686	3.23339	1.64732	0.301165	-0.081379
4.205	1.23724	3.23838	1.64582	0.301639	-0.0828616
4.21	1.2376	3.24336	1.64431	0.302115	-0.0843459
4.215	1.23796	3.24835	1.6428	0.302594	-0.0858319
4.22	1.23832	3.25334	1.64128	0.303077	-0.0873194
4.225	1.23866	3.25833	1.63977	0.303562	-0.0888085
4.23	1.239	3.26332	1.63825	0.304049	-0.0902991
4.235	1.23933	3.26831	1.63673	0.30454	-0.0917912
4.24	1.23965	3.27329	1.63521	0.305034	-0.0932847
4.245	1.23996	3.27828	1.63368	0.30553	-0.0947796
4.25	1.24027	3.28328	1.63215	0.306029	-0.0962759
4.255	1.24057	3.28827	1.63062	0.306532	-0.0977735
4.26	1.24086	3.29326	1.62909	0.307037	-0.0992723
4.265	1.24114	3.29825	1.62756	0.307545	-0.100772
4.27	1.24142	3.30324	1.62602	0.308056	-0.102274
4.275	1.24169	3.30824	1.62448	0.30857	-0.103776
4.28	1.24195	3.31323	1.62294	0.309087	-0.10528
4.285	1.2422	3.31822	1.62139	0.309606	-0.106784
4.29	1.24245	3.32322	1.61984	0.310129	-0.10829
4.295	1.24268	3.32821	1.61829	0.310655	-0.109797
4.3	1.24291	3.33321	1.61674	0.311183	-0.111304
4.305	1.24314	3.3382	1.61518	0.311715	-0.112813
4.31	1.24335	3.3432	1.61362	0.312249	-0.114323
4.315	1.24356	3.34819	1.61206	0.312787	-0.115833
4.32	1.24375	3.35319	1.6105	0.313327	-0.117344
4.325	1.24395	3.35818	1.60893	0.31387	-0.118856
4.33	1.24413	3.36318	1.60736	0.314417	-0.120369
4.335	1.2443	3.36818	1.60579	0.314966	-0.121882
4.34	1.24447	3.37317	1.60422	0.315518	-0.123396
4.345	1.24463	3.37817	1.60264	0.316074	-0.124911
4.35	1.24478	3.38317	1.60106	0.316632	-0.126426
4.355	1.24492	3.38817	1.59947	0.317193	-0.127941
4.36	1.24506	3.39317	1.59789	0.317758	-0.129458
4.365	1.24519	3.39816	1.5963	0.318325	-0.130974
4.37	1.24531	3.40316	1.59471	0.318896	-0.132491
4.375	1.24542	3.40816	1.59311	0.319469	-0.134009
4.38	1.24552	3.41316	1.59152	0.320046	-0.135526
4.385	1.24562	3.41816	1.58992	0.320625	-0.137044
4.39	1.2457	3.42316	1.58831	0.321208	-0.138563
4.395	1.24578	3.42816	1.58671	0.321793	-0.140081
4.4	1.24586	3.43316	1.5851	0.322382	-0.1416
4.405	1.24592	3.43816	1.58349	0.322974	-0.143119
4.41	1.24597	3.44316	1.58187	0.323568	-0.144638
4.415	1.24602	3.44816	1.58025	0.324166	-0.146157
4.42	1.24606	3.45316	1.57863	0.324767	-0.147676
4.425	1.24609	3.45816	1.57701	0.325371	-0.149195
4.43	1.24612	3.46316	1.57538	0.325978	-0.150713
4.435	1.24613	3.46816	1.57375	0.326588	-0.152232
4.44	1.24614	3.47316	1.57212	0.327202	-0.153751
4.445	1.24613	3.47816	1.57048	0.327818	-0.155269
4.45	1.24613	3.48316	1.56884	0.328437	-0.156787
4.455	1.24611	3.48816	1.5672	0.32906	-0.158305
4.46	1.24608	3.49316	1.56556	0.329686	-0.159823
4.465	1.24605	3.49816	1.56391	0.330314	-0.16134
4.47	1.246	3.50316	1.56226	0.330946	-0.162857
4.475	1.24595	3.50816	1.5606	0.331581	-0.164374
4.48	1.24589	3.51316	1.55894	0.332219	-0.16589
4.485	1.24583	3.51815	1.55728	0.332861	-0.167405
4.49	1.24575	3.52315	1.55562	0.333505	-0.16892
4.495	1.24567	3.52815	1.55395	0.334152	-0.170434
4.5	1.24557	3.53315	1.55228	0.334803	-0.171948
4.505	1.24547	3.53815	1.55061	0.335457	-0.173461
4.51	1.24536	3.54315	1.54893	0.336114	-0.174973
4.515	1.24525	3.54815	1.54725	0.336774	-0.176485
4.52	1.24512	3.55315	1.54556	0.337437	-0.177995
4.525	1.24498	3.55815	1.54388	0.338103	-0.179505
4.53	1.24484	3.56314	1.54219	0.338773	-0.181014
4.535	1.24469	3.56814	1.54049	0.339445	-0.182522
4.54	1.24453	3.57314	1.5388	0.340121	-0.184029
4.545	1.24436	3.57814	1.53709	0.3408	-0.185535
4.55	1.24418	3.58313	1.53539	0.341482	-0.18704
4.555	1.244	3.58813	1.53368	0.342167	-0.188544
4.56	1.24381	3.59313	1.53197	0.342856	-0.190047
4.565	1.2436	3.59812	1.53026	0.343548	-0.191549
4.57	1.24339	3.60312	1.52854	0.344242	-0.193049
4.575	1.24317	3.60811	1.52682	0.34494	-0.194548
4.58	1.24294	3.61311	1.52509	0.345642	-0.196046
4.585	1.24271	3.6181	1.52337	0.346346	-0.197542
4.59	1.24246	3.6231	1.52163	0.347054	-0.199037
4.595	1.24221	3.62809	1.5199	0.347764	-0.200531
4.6	1.24194	3.63308	1.51816	0.348478	-0.202023
4.605	1.24167	3.63807	1.51642	0.349195	-0.203514
4.61	1.24139	3.64307	1.51467	0.349916	-0.205003
4.615	1.2411	3.64806	1.51292	0.350639	-0.206491
4.62	1.2408	3.65305	1.51117	0.351366	-0.207977
4.625	1.2405	3.65804	1.50941	0.352096	-0.209461
4.63	1.24018	3.66303	1.50765	0.35283	-0.210943
4.635	1.23986	3.66802	1.50589	0.353566	-0.212424
4.64	1.23952	3.67301	1.50412	0.354306	-0.213903
4.645	1.23918	3.678	1.50235	0.355049	-0.21538
4.65	1.23883	3.68298	1.50057	0.355795	-0.216855
4.655	1.23847	3.68797	1.49879	0.356544	-0.218328
4.66	1.2381	3.69296	1.49701	0.357297	-0.2198
4.665	1.23773	3.69794	1.49523	0.358052	-0.221269
4.67	1.23734	3.70293	1.49344	0.358811	-0.222736
4.675	1.23694	3.70791	1.49164	0.359574	-0.224201
4.68	1.23654	3.7129	1.48984	0.360339	-0.225664
4.685	1.23613	3.71788	1.48804	0.361108	-0.227125
4.69	1.2357	3.72286	1.48624	0.36188	-0.228583
4.695	1.23527	3.72784	1.48443	0.362655	-0.230039
4.7	1.23483	3.73282	1.48261	0.363434	-0.231493
4.705	1.23438	3.7378	1.4808	0.364215	-0.232945
4.71	1.23392	3.74278	1.47897	0.365	-0.234394
4.715	1.23346	3.74776	1.47715	0.365789	-0.23584
4.72	1.23298	3.75274	1.47532	0.36658	-0.237284
4.725	1.23249	3.75771	1.47349	0.367375	-0.238726
4.73	1.232	3.76269	1.47165	0.368173	-0.240165
4.735	1.23149	3.76766	1.46981	0.368974	-0.241601
4.74	1.23098	3.77264	1.46797	0.369779	-0.243035
4.745	1.23046	3.77761	1.46612	0.370587	-0.244466
4.75	1.22993	3.78258	1.46426	0.371398	-0.245894
4.755	1.22939	3.78755	1.46241	0.372212	-0.247319
4.76	1.22884	3.79252	1.46055	0.37303	-0.248742
4.765	1.22828	3.79749	1.45868	0.373851	-0.250162
4.77	1.22771	3.80246	1.45681	0.374675	-0.251578
4.775	1.22713	3.80742	1.45494	0.375503	-0.252992
4.78	1.22654	3.81239	1.45306	0.376334	-0.254403
4.785	1.22595	3.81735	1.45118	0.377168	-0.25581
4.79	1.22534	3.82232	1.44929	0.378005	-0.257215
4.795	1.22473	3.82728	1.4474	0.378846	-0.258616
4.8	1.2241	3.83224	1.44551	0.37969	-0.260014
4.805	1.22347	3.8372	1.44361	0.380537	-0.261409
4.81	1.22282	3.84216	1.44171	0.381388	-0.262801
4.815	1.22217	3.84712	1.4398	0.382242	-0.264189
4.82	1.22151	3.85207	1.43789	0.383099	-0.265574
4.825	1.22083	3.85703	1.43597	0.383959	-0.266956
4.83	1.22015	3.86198	1.43405	0.384823	-0.268334
4.835	1.21946	3.86693	1.43213	0.38569	-0.269708
4.84	1.21876	3.87188	1.4302	0.386561	-0.271079
4.845	1.21805	3.87683	1.42827	0.387434	-0.272446
4.85	1.21733	3.88178	1.42633	0.388311	-0.27381
4.855	1.2166	3.88673	1.42439	0.389192	-0.27517
4.86	1.21586	3.89167	1.42244	0.390075	-0.276526
4.865	1.21511	3.89661	1.42049	0.390962	-0.277878
4.87	1.21436	3.90156	1.41854	0.391853	-0.279227
4.875	1.21359	3.9065	1.41658	0.392746	-0.280572
4.88	1.21281	3.91144	1.41462	0.393643	-0.281912
4.885	1.21202	3.91637	1.41265	0.394544	-0.283249
4.89	1.21123	3.92131	1.41067	0.395447	-0.284582
4.895	1.21042	3.92624	1.4087	0.396354	-0.285911
4.9	1.2096	3.93118	1.40672	0.397265	-0.287235
4.905	1.20878	3.93611	1.40473	0.398178	-0.288556
4.91	1.20794	3.94104	1.40274	0.399095	-0.289872
4.915	1.20709	3.94597	1.40074	0.400016	-0.291184
4.92	1.20624	3.95089	1.39874	0.400939	-0.292492
4.925	1.20537	3.95582	1.39674	0.401866	-0.293795
4.93	1.20449	3.96074	1.39473	0.402797	-0.295094
4.935	1.20361	3.96566	1.39272	0.403731	-0.296389
4.94	1.20271	3.97058	1.3907	0.404668	-0.297679
4.945	1.20181	3.9755	1.38867	0.405608	-0.298964
4.95	1.20089	3.98041	1.38664	0.406552	-0.300245
4.955	1.19997	3.98533	1.38461	0.407499	-0.301521
4.96	1.19903	3.99024	1.38257	0.40845	-0.302793
4.965	1.19809	3.99515	1.38053	0.409403	-0.30406
4.97	1.19713	4.00006	1.37849	0.410361	-0.305322
4.975	1.19616	4.00496	1.37643	0.411321	-0.30658
4.98	1.19519	4.00986	1.37438	0.412285	-0.307832
4.985	1.1942	4.01477	1.37232	0.413253	-0.30908
4.99	1.19321	4.01967	1.37025	0.414224	-0.310323
4.995	1.1922	4.02456	1.36818	0.415198	-0.311561
5	1.19118	4.02946	1.3661	0.416175	-0.312793
5.005	1.19016	4.03435	1.36402	0.417156	-0.314021
5.01	1.18912	4.03924	1.36194	0.41814	-0.315243
5.015	1.18807	4.04413	1.35984	0.419128	-0.316461
5.02	1.18702	4.04902	1.35775	0.420119	-0.317673
5.025	1.18595	4.05391	1.35565	0.421114	-0.31888
5.03	1.18487	4.05879	1.35354	0.422111	-0.320081
5.035	1.18378	4.06367	1.35143	0.423113	-0.321277
5.04	1.18269	4.06855	1.34932	0.424117	-0.322468
5.045	1.18158	4.07342	1.3472	0.425125	-0.323653
5.05	1.18046	4.07829	1.34507	0.426137	-0.324833
5.055	1.17933	4.08317	1.34294	0.427152	-0.326007
5.06	1.17819	4.08803	1.3408	0.42817	-0.327176
5.065	1.17704	4.0929	1.33866	0.429192	-0.328339
5.07	1.17588	4.09776	1.33652	0.430217	-0.329496
5.075	1.17471	4.10262	1.33437	0.431245	-0.330647
5.08	1.17352	4.10748	1.33221	0.432277	-0.331793
5.085	1.17233	4.11234	1.33005	0.433313	-0.332933
5.09	1.17113	4.11719	1.32788	0.434352	-0.334067
5.095	1.16992	4.12204	1.32571	0.435394	-0.335195
5.1	1.16869	4.12689	1.32353	0.43644	-0.336317
5.105	1.16746	4.13174	1.32135	0.437489	-0.337433
5.11	1.16621	4.13658	1.31916	0.438541	-0.338543
5.115	1.16496	4.14142	1.31697	0.439597	-0.339646
5.12	1.16369	4.14625	1.31477	0.440657	-0.340744
5.125	1.16241	4.15109	1.31257	0.44172	-0.341835
5.13	1.16113	4.15592	1.31036	0.442786	-0.342921
5.135	1.15983	4.16075	1.30815	0.443856	-0.343999
5.14	1.15852	4.16557	1.30593	0.444929	-0.345072
5.145	1.1572	4.1704	1.3037	0.446006	-0.346138
5.15	1.15587	4.17522	1.30147	0.447086	-0.347197
5.155	1.15453	4.18003	1.29924	0.44817	-0.34825
5.16	1.15318	4.18485	1.297	0.449257	-0.349297
5.165	1.15181	4.18966	1.29475	0.450347	-0.350336
5.17	1.15044	4.19447	1.2925	0.451442	-0.35137
5.175	1.14906	4.19927	1.29024	0.452539	-0.352396
5.18	1.14766	4.20407	1.28798	0.45364	-0.353416
5.185	1.14625	4.20887	1.28571	0.454745	-0.354429
5.19	1.14484	4.21366	1.28344	0.455853	-0.355435
5.195	1.14341	4.21846	1.28116	0.456964	-0.356434
5.2	1.14197	4.22324	1.27887	0.458079	-0.357426
5.205	1.14052	4.22803	1.27658	0.459198	-0.358411
5.21	1.13906	4.23281	1.27429	0.46032	-0.359389
5.215	1.13759	4.23759	1.27199	0.461446	-0.36036
5.22	1.1361	4.24237	1.26968	0.462575	-0.361324
5.225	1.13461	4.24714	1.26737	0.463707	-0.362281
5.23	1.13311	4.2519	1.26505	0.464844	-0.36323
5.235	1.13159	4.25667	1.26272	0.465983	-0.364173
5.24	1.13006	4.26143	1.26039	0.467126	-0.365107
5.245	1.12852	4.26619	1.25806	0.468273	-0.366035
5.25	1.12697	4.27094	1.25572	0.469424	-0.366955
5.255	1.12541	4.27569	1.25337	0.470577	-0.367867
5.26	1.12384	4.28044	1.25102	0.471735	-0.368772
5.265	1.12226	4.28518	1.24866	0.472896	-0.36967
5.27	1.12067	4.28992	1.24629	0.47406	-0.370559
5.275	1.11906	4.29466	1.24392	0.475228	-0.371442
5.28	1.11744	4.29939	1.24155	0.4764	-0.372316
5.285	1.11582	4.30411	1.23916	0.477575	-0.373182
5.29	1.11418	4.30884	1.23678	0.478754	-0.374041
5.295	1.11253	4.31356	1.23438	0.479937	-0.374892
5.3	1.11086	4.31827	1.23198	0.481123	-0.375735
5.305	1.10919	4.32299	1.22958	0.482312	-0.37657
5.31	1.10751	4.32769	1.22717	0.483506	-0.377397
5.315	1.10581	4.3324	1.22475	0.484702	-0.378216
5.32	1.1041	4.3371	1.22232	0.485903	-0.379026
5.325	1.10238	4.34179	1.21989	0.487107	-0.379829
5.33	1.10065	4.34648	1.21746	0.488315	-0.380623
5.335	1.09891	4.35117	1.21502	0.489526	-0.381409
5.34	1.09716	4.35585	1.21257	0.490741	-0.382187
5.345	1.09539	4.36053	1.21012	0.49196	-0.382956
5.35	1.09362	4.3652	1.20766	0.493182	-0.383717
5.355	1.09183	4.36987	1.20519	0.494408	-0.38447
5.36	1.09003	4.37454	1.20272	0.495637	-0.385214
5.365	1.08822	4.3792	1.20024	0.496871	-0.385949
5.37	1.0864	4.38386	1.19776	0.498108	-0.386676
5.375	1.08456	4.38851	1.19527	0.499348	-0.387394
5.38	1.08272	4.39315	1.19277	0.500593	-0.388104
5.385	1.08086	4.3978	1.19027	0.501841	-0.388805
5.39	1.07899	4.40243	1.18776	0.503092	-0.389496
5.395	1.07711	4.40707	1.18524	0.504348	-0.390179
5.4	1.07522	4.4117	1.18272	0.505607	-0.390854
5.405	1.07332	4.41632	1.18019	0.50687	-0.391519
5.41	1.0714	4.42094	1.17766	0.508136	-0.392175
5.415	1.06947	4.42555	1.17512	0.509407	-0.392822
5.42	1.06754	4.43016	1.17257	0.510681	-0.39346
5.425	1.06559	4.43476	1.17002	0.511959	-0.394089
5.43	1.06362	4.43936	1.16746	0.51324	-0.394709
5.435	1.06165	4.44396	1.16489	0.514526	-0.395319
5.44	1.05966	4.44854	1.16232	0.515815	-0.39592
5.445	1.05766	4.45313	1.15974	0.517108	-0.396512
5.45	1.05565	4.45771	1.15715	0.518405	-0.397095
5.455	1.05363	4.46228	1.15456	0.519705	-0.397668
5.46	1.0516	4.46685	1.15196	0.52101	-0.398231
5.465	1.04955	4.47141	1.14936	0.522318	-0.398785
5.47	1.0475	4.47597	1.14675	0.52363	-0.39933
5.475	1.04543	4.48052	1.14413	0.524946	-0.399864
5.48	1.04335	4.48507	1.1415	0.526266	-0.400389
5.485	1.04125	4.48961	1.13887	0.527589	-0.400905
5.49	1.03915	4.49414	1.13623	0.528917	-0.40141
5.495	1.03703	4.49867	1.13359	0.530248	-0.401906
5.5	1.0349	4.50319	1.13094	0.531584	-0.402392
5.505	1.03276	4.50771	1.12828	0.532923	-0.402868
5.51	1.03061	4.51223	1.12561	0.534266	-0.403334
5.515	1.02844	4.51673	1.12294	0.535613	-0.40379
5.52	1.02627	4.52123	1.12027	0.536964	-0.404236
5.525	1.02408	4.52573	1.11758	0.538319	-0.404672
5.53	1.02188	4.53022	1.11489	0.539678	-0.405098
5.535	1.01966	4.5347	1.11219	0.541041	-0.405514
5.54	1.01744	4.53918	1.10949	0.542407	-0.405919
5.545	1.0152	4.54365	1.10677	0.543778	-0.406314
5.55	1.01295	4.54812	1.10405	0.545153	-0.406698
5.555	1.01069	4.55257	1.10133	0.546532	-0.407073
5.56	1.00841	4.55703	1.0986	0.547915	-0.407437
5.565	1.00613	4.56147	1.09586	0.549302	-0.40779
5.57	1.00383	4.56591	1.09311	0.550693	-0.408133
5.575	1.00152	4.57035	1.09036	0.552088	-0.408465
5.58	0.999193	4.57478	1.0876	0.553487	-0.408787
5.585	0.996858	4.5792	1.08483	0.55489	-0.409098
5.59	0.99451	4.58361	1.08205	0.556297	-0.409398
5.595	0.992151	4.58802	1.07927	0.557709	-0.409687
5.6	0.989778	4.59242	1.07648	0.559124	-0.409966
5.605	0.987394	4.59682	1.07369	0.560544	-0.410234
5.61	0.984997	4.6012	1.07089	0.561968	-0.410491
5.615	0.982588	4.60559	1.06808	0.563396	-0.410737
5.62	0.980167	4.60996	1.06526	0.564828	-0.410972
5.625	0.977733	4.61433	1.06244	0.566265	-0.411196
5.63	0.975287	4.61869	1.0596	0.567705	-0.411409
5.635	0.972829	4.62304	1.05677	0.56915	-0.41161
5.64	0.970358	4.62739	1.05392	0.570599	-0.411801
5.645	0.967874	4.63173	1.05107	0.572053	-0.41198
5.65	0.965379	4.63606	1.04821	0.573511	-0.412149
5.655	0.962871	4.64039	1.04534	0.574973	-0.412305
5.66	0.96035	4.64471	1.04246	0.576439	-0.412451
5.665	0.957817	4.64902	1.03958	0.57791	-0.412585
5.67	0.955272	4.65332	1.03669	0.579385	-0.412708
5.675	0.952714	4.65762	1.0338	0.580864	-0.412819
5.68	0.950144	4.66191	1.03089	0.582348	-0.412918
5.685	0.947561	4.66619	1.02798	0.583836	-0.413006
5.69	0.944966	4.67046	1.02506	0.585329	-0.413083
5.695	0.942358	4.67473	1.02213	0.586826	-0.413148
5.7	0.939738	4.67898	1.0192	0.588328	-0.413201
5.705	0.937105	4.68324	1.01626	0.589834	-0.413242
5.71	0.93446	4.68748	1.01331	0.591345	-0.413272
5.715	0.931802	4.69171	1.01035	0.59286	-0.413289
5.72	0.929132	4.69594	1.00739	0.59438	-0.413295
5.725	0.926449	4.70016	1.00442	0.595904	-0.413289
5.73	0.923753	4.70437	1.00144	0.597433	-0.413271
5.735	0.921045	4.70857	0.998449	0.598967	-0.413241
5.74	0.918325	4.71277	0.995454	0.600505	-0.413199
5.745	0.915592	4.71696	0.992451	0.602048	-0.413145
5.75	0.912846	4.72113	0.989441	0.603595	-0.413079
5.755	0.910087	4.72531	0.986423	0.605147	-0.413
5.76	0.907316	4.72947	0.983397	0.606704	-0.41291
5.765	0.904533	4.73362	0.980364	0.608266	-0.412807
5.77	0.901737	4.73777	0.977322	0.609833	-0.412692
5.775	0.898928	4.7419	0.974273	0.611404	-0.412564
5.78	0.896106	4.74603	0.971216	0.61298	-0.412424
5.785	0.893272	4.75015	0.968151	0.614562	-0.412272
5.79	0.890425	4.75426	0.965079	0.616148	-0.412107
5.795	0.887566	4.75836	0.961998	0.617738	-0.41193
5.8	0.884694	4.76245	0.958909	0.619334	-0.41174
5.805	0.881809	4.76654	0.955812	0.620935	-0.411538
5.81	0.878912	4.77061	0.952708	0.622541	-0.411323
5.815	0.876002	4.77468	0.949595	0.624152	-0.411095
5.82	0.873079	4.77874	0.946474	0.625768	-0.410855
5.825	0.870144	4.78278	0.943345	0.627389	-0.410601
5.83	0.867195	4.78682	0.940209	0.629015	-0.410336
5.835	0.864235	4.79085	0.937063	0.630647	-0.410057
5.84	0.861261	4.79487	0.93391	0.632283	-0.409765
5.845	0.858275	4.79888	0.930749	0.633925	-0.409461
5.85	0.855276	4.80288	0.927579	0.635572	-0.409144
5.855	0.852265	4.80687	0.924401	0.637224	-0.408814
5.86	0.84924	4.81085	0.921215	0.638882	-0.40847
5.865	0.846203	4.81483	0.918021	0.640545	-0.408114
5.87	0.843154	4.81879	0.914818	0.642213	-0.407745
5.875	0.840091	4.82274	0.911607	0.643887	-0.407362
5.88	0.837016	4.82668	0.908388	0.645567	-0.406966
5.885	0.833928	4.83062	0.90516	0.647252	-0.406558
5.89	0.830828	4.83454	0.901923	0.648942	-0.406136
5.895	0.827715	4.83845	0.898679	0.650638	-0.4057
5.9	0.824589	4.84235	0.895426	0.65234	-0.405252
5.905	0.82145	4.84625	0.892164	0.654047	-0.40479
5.91	0.818299	4.85013	0.888894	0.65576	-0.404315
5.915	0.815135	4.854	0.885615	0.657479	-0.403826
5.92	0.811958	4.85786	0.882327	0.659203	-0.403324
5.925	0.808768	4.86171	0.879031	0.660934	-0.402808
5.93	0.805566	4.86555	0.875727	0.66267	-0.402279
5.935	0.802351	4.86938	0.872413	0.664412	-0.401737
5.94	0.799124	4.8732	0.869091	0.666161	-0.401181
5.945	0.795883	4.87701	0.865761	0.667915	-0.400611
5.95	0.79263	4.8808	0.862421	0.669675	-0.400028
5.955	0.789365	4.88459	0.859073	0.671442	-0.399431
5.96	0.786086	4.88837	0.855715	0.673215	-0.39882
5.965	0.782795	4.89213	0.852349	0.674994	-0.398196
5.97	0.779492	4.89588	0.848974	0.676779	-0.397557
5.975	0.776175	4.89962	0.84559	0.67857	-0.396905
5.98	0.772846	4.90336	0.842198	0.680368	-0.39624
5.985	0.769504	4.90707	0.838796	0.682173	-0.39556
5.99	0.76615	4.91078	0.835385	0.683983	-0.394867
5.995	0.762783	4.91448	0.831965	0.685801	-0.394159
6	0.759403	4.91816	0.828536	0.687625	-0.393438
6.005	0.75601	4.92184	0.825098	0.689456	-0.392702
6.01	0.752605	4.9255	0.821651	0.691293	-0.391953
6.015	0.749188	4.92915	0.818194	0.693138	-0.39119
6.02	0.745757	4.93279	0.814728	0.694989	-0.390412
6.025	0.742314	4.93641	0.811253	0.696847	-0.389621
6.03	0.738859	4.94002	0.807769	0.698712	-0.388815
6.035	0.735391	4.94363	0.804276	0.700584	-0.387996
6.04	0.73191	4.94722	0.800773	0.702464	-0.387162
6.045	0.728416	4.95079	0.79726	0.70435	-0.386314
6.05	0.724911	4.95436	0.793739	0.706244	-0.385451
6.055	0.721392	4.95791	0.790207	0.708145	-0.384575
6.06	0.717861	4.96145	0.786667	0.710054	-0.383684
6.065	0.714317	4.96498	0.783116	0.71197	-0.382779
6.07	0.710761	4.96849	0.779557	0.713894	-0.381859
6.075	0.707193	4.97199	0.775987	0.715825	-0.380925
6.08	0.703611	4.97548	0.772408	0.717764	-0.379977
6.085	0.700018	4.97896	0.768819	0.719711	-0.379014
6.09	0.696412	4.98242	0.765221	0.721666	-0.378037
6.095	0.692793	4.98587	0.761612	0.723629	-0.377046
6.1	0.689162	4.98931	0.757994	0.7256	-0.37604
6.105	0.685518	4.99274	0.754366	0.727579	-0.375019
6.11	0.681862	4.99615	0.750728	0.729567	-0.373984
6.115	0.678194	4.99954	0.74708	0.731563	-0.372935
6.12	0.674513	5.00293	0.743423	0.733567	-0.371871
6.125	0.67082	5.0063	0.739755	0.73558	-0.370792
6.13	0.667115	5.00966	0.736077	0.737602	-0.369699
6.135	0.663397	5.013	0.732389	0.739632	-0.368591
6.14	0.659666	5.01633	0.728691	0.741672	-0.367468
6.145	0.655924	5.01964	0.724982	0.74372	-0.366331
6.15	0.652169	5.02295	0.721264	0.745777	-0.365179
6.155	0.648402	5.02623	0.717535	0.747844	-0.364012
6.16	0.644623	5.02951	0.713796	0.74992	-0.362831
6.165	0.640831	5.03277	0.710046	0.752006	-0.361634
6.17	0.637027	5.03601	0.706286	0.754101	-0.360423
6.175	0.633211	5.03924	0.702516	0.756205	-0.359198
6.18	0.629383	5.04246	0.698735	0.75832	-0.357957
6.185	0.625542	5.04566	0.694943	0.760445	-0.356701
6.19	0.62169	5.04885	0.691141	0.762579	-0.355431
6.195	0.617825	5.05202	0.687328	0.764724	-0.354146
6.2	0.613948	5.05518	0.683504	0.76688	-0.352846
6.205	0.610059	5.05832	0.67967	0.769046	-0.351531
6.21	0.606158	5.06145	0.675825	0.771222	-0.350201
6.215	0.602245	5.06456	0.671968	0.77341	-0.348856
6.22	0.59832	5.06766	0.668101	0.775608	-0.347496
6.225	0.594383	5.07074	0.664223	0.777818	-0.346121
6.23	0.590434	5.07381	0.660334	0.780038	-0.344731
6.235	0.586473	5.07686	0.656434	0.782271	-0.343327
6.24	0.582501	5.07989	0.652523	0.784515	-0.341907
6.245	0.578516	5.08291	0.6486	0.786771	-0.340472
6.25	0.574519	5.08592	0.644666	0.789038	-0.339022
6.255	0.570511	5.08891	0.640721	0.791319	-0.337557
6.26	0.566491	5.09188	0.636764	0.793611	-0.336077
6.265	0.562459	5.09484	0.632796	0.795916	-0.334581
6.27	0.558416	5.09778	0.628817	0.798234	-0.333071
6.275	0.55436	5.1007	0.624826	0.800565	-0.331545
6.28	0.550293	5.10361	0.620823	0.802909	-0.330005
6.285	0.546215	5.1065	0.616808	0.805266	-0.328449
6.29	0.542124	5.10938	0.612782	0.807637	-0.326878
6.295	0.538022	5.11224	0.608744	0.810023	-0.325292
6.3	0.533909	5.11508	0.604694	0.812422	-0.32369
6.305	0.529784	5.11791	0.600632	0.814835	-0.322073
6.31	0.525648	5.12072	0.596557	0.817263	-0.320441
6.315	0.5215	5.12351	0.592471	0.819706	-0.318794
6.32	0.517341	5.12628	0.588373	0.822165	-0.317132
6.325	0.51317	5.12904	0.584262	0.824638	-0.315454
6.33	0.508988	5.13178	0.580139	0.827127	-0.313761
6.335	0.504795	5.13451	0.576003	0.829633	-0.312053
6.34	0.50059	5.13721	0.571855	0.832154	-0.310329
6.345	0.496375	5.1399	0.567694	0.834693	-0.30859
6.35	0.492148	5.14257	0.563521	0.837248	-0.306836
6.355	0.48791	5.14522	0.559334	0.83982	-0.305066
6.36	0.483661	5.14786	0.555135	0.84241	-0.303281
6.365	0.4794	5.15048	0.550923	0.845018	-0.301481
6.37	0.475129	5.15308	0.546698	0.847644	-0.299665
6.375	0.470847	5.15566	0.54246	0.850289	-0.297833
6.38	0.466554	5.15822	0.538208	0.852952	-0.295987
6.385	0.46225	5.16076	0.533944	0.855636	-0.294125
6.39	0.457935	5.16329	0.529665	0.858339	-0.292247
6.395	0.453609	5.1658	0.525374	0.861062	-0.290354
6.4	0.449273	5.16829	0.521068	0.863806	-0.288445
6.405	0.444926	5.17076	0.516749	0.866571	-0.286521
6.41	0.440568	5.17321	0.512417	0.869358	-0.284582
6.415	0.436199	5.17564	0.50807	0.872167	-0.282626
6.42	0.43182	5.17806	0.503709	0.874999	-0.280656
6.425	0.427431	5.18045	0.499334	0.877853	-0.278669
6.43	0.423031	5.18282	0.494945	0.880732	-0.276667
6.435	0.418621	5.18518	0.490541	0.883634	-0.27465
6.44	0.4142	5.18752	0.486123	0.886561	-0.272617
6.445	0.409769	5.18983	0.48169	0.889514	-0.270568
6.45	0.405327	5.19213	0.477242	0.892492	-0.268504
6.455	0.400876	5.19441	0.47278	0.895497	-0.266424
6.46	0.396414	5.19666	0.468303	0.89853	-0.264328
6.465	0.391942	5.1989	0.46381	0.90159	-0.262216
6.47	0.387461	5.20112	0.459302	0.904679	-0.260089
6.475	0.382969	5.20331	0.454779	0.907798	-0.257946
6.48	0.378467	5.20549	0.45024	0.910947	-0.255787
6.485	0.373956	5.20764	0.445685	0.914127	-0.253612
6.49	0.369434	5.20978	0.441114	0.917338	-0.251422
6.495	0.364903	5.21189	0.436527	0.920583	-0.249216
6.5	0.360362	5.21399	0.431925	0.923861	-0.246993
6.505	0.355812	5.21606	0.427305	0.927173	-0.244755
6.51	0.351252	5.21811	0.422669	0.930522	-0.242501
6.515	0.346682	5.22014	0.418017	0.933906	-0.240231
6.52	0.342103	5.22215	0.413347	0.937329	-0.237945
6.525	0.337515	5.22413	0.408661	0.94079	-0.235643
6.53	0.332918	5.2261	0.403957	0.944292	-0.233324
6.535	0.328311	5.22804	0.399235	0.947834	-0.23099
6.54	0.323695	5.22996	0.394496	0.95142	-0.22864
6.545	0.31907	5.23186	0.389739	0.955049	-0.226273
6.55	0.314436	5.23374	0.384964	0.958723	-0.22389
6.555	0.309793	5.2356	0.38017	0.962445	-0.221491
6.56	0.305141	5.23743	0.375358	0.966214	-0.219075
6.565	0.30048	5.23924	0.370527	0.970034	-0.216643
6.57	0.295811	5.24103	0.365677	0.973906	-0.214195
6.575	0.291133	5.24279	0.360807	0.977831	-0.21173
6.58	0.286446	5.24454	0.355918	0.981812	-0.209248
6.585	0.281751	5.24626	0.351009	0.98585	-0.20675
6.59	0.277047	5.24795	0.34608	0.989948	-0.204236
6.595	0.272336	5.24962	0.34113	0.994108	-0.201704
6.6	0.267615	5.25127	0.336159	0.998332	-0.199156
6.605	0.262887	5.2529	0.331168	1.00262	-0.196591
6.61	0.258151	5.2545	0.326155	1.00699	-0.194009
6.615	0.253406	5.25608	0.32112	1.01142	-0.19141
6.62	0.248654	5.25763	0.316063	1.01593	-0.188794
6.625	0.243894	5.25916	0.310983	1.02052	-0.186161
6.63	0.239126	5.26067	0.30588	1.02519	-0.183511
6.635	0.23435	5.26215	0.300754	1.02994	-0.180843
6.64	0.229567	5.26361	0.295605	1.03479	-0.178158
6.645	0.224777	5.26504	0.290431	1.03973	-0.175455
6.65	0.219979	5.26645	0.285232	1.04477	-0.172735
6.655	0.215173	5.26783	0.280008	1.04991	-0.169997
6.66	0.210361	5.26918	0.274759	1.05516	-0.167241
6.665	0.205541	5.27052	0.269483	1.06053	-0.164468
6.67	0.200715	5.27182	0.26418	1.06601	-0.161676
6.675	0.195881	5.2731	0.25885	1.07162	-0.158866
6.68	0.191041	5.27435	0.253492	1.07737	-0.156038
6.685	0.186194	5.27558	0.248105	1.08326	-0.153192
6.69	0.181341	5.27678	0.242689	1.0893	-0.150327
6.695	0.176481	5.27796	0.237242	1.0955	-0.147444
6.7	0.171615	5.27911	0.231765	1.10187	-0.144542
6.705	0.166742	5.28023	0.226256	1.10842	-0.141621
6.71	0.161863	5.28132	0.220713	1.11516	-0.138681
6.715	0.156978	5.28239	0.215138	1.12211	-0.135722
6.72	0.152088	5.28343	0.209527	1.12928	-0.132744
6.725	0.147191	5.28444	0.203881	1.13669	-0.129747
6.73	0.142289	5.28543	0.198197	1.14436	-0.126731
6.735	0.137382	5.28638	0.192475	1.15231	-0.123696
6.74	0.132469	5.28731	0.186714	1.16056	-0.120641
6.745	0.12755	5.28821	0.180911	1.16914	-0.117568
6.75	0.122627	5.28908	0.175065	1.17808	-0.114475
6.755	0.117698	5.28992	0.169175	1.18742	-0.111364
6.76	0.112764	5.29074	0.163238	1.19719	-0.108234
6.765	0.107826	5.29152	0.157252	1.20745	-0.105087
6.77	0.102883	5.29227	0.151215	1.21826	-0.101922
6.775	0.0979357	5.293	0.145123	1.22967	-0.0987403
6.78	0.0929839	5.29369	0.138975	1.24178	-0.0955438
6.785	0.0880279	5.29435	0.132766	1.25467	-0.0923338
6.79	0.0830679	5.29498	0.126493	1.26848	-0.0891125
6.795	0.0781039	5.29558	0.12015	1.28334	-0.085883
6.8	0.0731362	5.29615	0.113734	1.29946	-0.0826494
6.805	0.0681649	5.29668	0.107236	1.31707	-0.0794173
6.81	0.0631902	5.29719	0.100651	1.3365	-0.0761947
6.815	0.0582123	5.29766	0.0939685	1.35819	-0.0729926
6.82	0.0532313	5.29809	0.0871775	1.38275	-0.0698271
6.825	0.0482474	5.29849	0.0802638	1.41104	-0.0667216
6.83	0.0432608	5.29886	0.0732086	1.44438	-0.0637116
6.835	0.0382717	5.29919	0.0659867	1.48481	-0.0608527
6.84	0.0332802	5.29948	0.0585626	1.53573	-0.058236
6.845	0.0282867	5.29973	0.050884	1.60323	-0.0560205
6.85	0.0232913	5.29995	0.0428678	1.69927	-0.0545056
6.855	0.0182942	5.30012	0.0343715	1.8506	-0.054326
6.86	0.0132958	5.30025	0.0251184	2.12892	-0.057088
6.865	0.00829635	5.30032	0.0144739	2.78978	-0.0684037
6.87	0.00329635	5.30032	0.00052497	5.37874	-0.130363
