descriptor s_test R_test Z_test
0	1.59737	9.99999e-006	0.002	-0.401967	-0.00161588
0.005	1.59237	3.00491e-005	0.00400983	-0.403937	-0.00324767
0.01	1.58737	6.01965e-005	0.00602952	-0.405912	-0.00489537
0.015	1.58237	0.000100491	0.00805908	-0.40789	-0.006559
0.02	1.57737	0.000150983	0.0100985	-0.409872	-0.00823858
0.025	1.57237	0.000211721	0.0121479	-0.411858	-0.00993412
0.03	1.56737	0.000282755	0.0142072	-0.413849	-0.0116456
0.035	1.56237	0.000364133	0.0162764	-0.415843	-0.0133731
0.04	1.55737	0.000455906	0.0183556	-0.417843	-0.0151167
0.045	1.55237	0.000558123	0.0204449	-0.419846	-0.0168762
0.05	1.54738	0.000670834	0.0225441	-0.421854	-0.0186518
0.055	1.54238	0.000794089	0.0246534	-0.423867	-0.0204434
0.06	1.53738	0.000927936	0.0267727	-0.425885	-0.0222511
0.065	1.53238	0.00107243	0.0289021	-0.427907	-0.0240748
0.07	1.52738	0.00122761	0.0310416	-0.429934	-0.0259147
0.075	1.52239	0.00139354	0.0331913	-0.431967	-0.0277706
0.08	1.51739	0.00157025	0.0353512	-0.434005	-0.0296427
0.085	1.51239	0.00175782	0.0375212	-0.436047	-0.0315309
0.09	1.5074	0.00195627	0.0397014	-0.438096	-0.0334353
0.095	1.5024	0.00216567	0.0418919	-0.44015	-0.0353558
0.1	1.49741	0.00238606	0.0440926	-0.442209	-0.0372925
0.105	1.49241	0.0026175	0.0463037	-0.444274	-0.0392454
0.11	1.48742	0.00286003	0.0485251	-0.446345	-0.0412145
0.115	1.48242	0.0031137	0.0507568	-0.448422	-0.0431998
0.12	1.47743	0.00337857	0.0529989	-0.450506	-0.0452013
0.125	1.47244	0.00365469	0.0552514	-0.452595	-0.0472191
0.13	1.46745	0.0039421	0.0575144	-0.45469	-0.0492531
0.135	1.46246	0.00424086	0.0597879	-0.456793	-0.0513034
0.14	1.45746	0.00455102	0.0620718	-0.458901	-0.05337
0.145	1.45248	0.00487263	0.0643663	-0.461016	-0.0554529
0.15	1.44749	0.00520574	0.0666714	-0.463139	-0.057552
0.155	1.4425	0.00555041	0.0689871	-0.465268	-0.0596675
0.16	1.43751	0.00590667	0.0713134	-0.467404	-0.0617994
0.165	1.43252	0.00627459	0.0736505	-0.469547	-0.0639475
0.17	1.42754	0.00665422	0.0759982	-0.471698	-0.0661121
0.175	1.42255	0.0070456	0.0783567	-0.473856	-0.068293
0.18	1.41757	0.00744879	0.080726	-0.476022	-0.0704902
0.185	1.41259	0.00786384	0.0831061	-0.478195	-0.0727039
0.19	1.40761	0.00829081	0.085497	-0.480376	-0.074934
0.195	1.40263	0.00872973	0.0878989	-0.482566	-0.0771805
0.2	1.39765	0.00918068	0.0903118	-0.484763	-0.0794434
0.205	1.39267	0.00964369	0.0927356	-0.486969	-0.0817228
0.21	1.38769	0.0101188	0.0951704	-0.489184	-0.0840187
0.215	1.38271	0.0106061	0.0976163	-0.491407	-0.0863309
0.22	1.37774	0.0111057	0.100073	-0.493638	-0.0886597
0.225	1.37276	0.0116175	0.102542	-0.495879	-0.091005
0.23	1.36779	0.0121416	0.105021	-0.498128	-0.0933668
0.235	1.36282	0.0126781	0.107512	-0.500387	-0.095745
0.24	1.35785	0.0132271	0.110014	-0.502656	-0.0981399
0.245	1.35288	0.0137885	0.112527	-0.504933	-0.100551
0.25	1.34792	0.0143625	0.115051	-0.507221	-0.102979
0.255	1.34295	0.0149491	0.117588	-0.509518	-0.105424
0.26	1.33799	0.0155484	0.120135	-0.511826	-0.107885
0.265	1.33302	0.0161603	0.122694	-0.514143	-0.110362
0.27	1.32806	0.016785	0.125265	-0.516471	-0.112856
0.275	1.3231	0.0174225	0.127847	-0.51881	-0.115367
0.28	1.31815	0.0180728	0.130441	-0.521159	-0.117895
0.285	1.31319	0.0187361	0.133047	-0.523519	-0.120439
0.29	1.30824	0.0194123	0.135665	-0.52589	-0.122999
0.295	1.30328	0.0201016	0.138294	-0.528273	-0.125577
0.3	1.29833	0.020804	0.140936	-0.530667	-0.128171
0.305	1.29339	0.0215194	0.143589	-0.533072	-0.130781
0.31	1.28844	0.0222481	0.146254	-0.53549	-0.133409
0.315	1.28349	0.02299	0.148932	-0.537919	-0.136053
0.32	1.27855	0.0237452	0.151621	-0.540361	-0.138713
0.325	1.27361	0.0245138	0.154323	-0.542815	-0.141391
0.33	1.26867	0.0252957	0.157037	-0.545281	-0.144085
0.335	1.26374	0.0260912	0.159764	-0.547761	-0.146796
0.34	1.2588	0.0269001	0.162502	-0.550254	-0.149523
0.345	1.25387	0.0277226	0.165254	-0.552759	-0.152268
0.35	1.24894	0.0285588	0.168018	-0.555279	-0.155029
0.355	1.24401	0.0294086	0.170794	-0.557811	-0.157807
0.36	1.23909	0.0302722	0.173583	-0.560358	-0.160602
0.365	1.23417	0.0311495	0.176385	-0.562919	-0.163413
0.37	1.22925	0.0320407	0.179199	-0.565494	-0.166241
0.375	1.22433	0.0329458	0.182027	-0.568084	-0.169086
0.38	1.21941	0.0338649	0.184867	-0.570689	-0.171948
0.385	1.2145	0.034798	0.187721	-0.573308	-0.174827
0.39	1.20959	0.0357452	0.190587	-0.575943	-0.177722
0.395	1.20469	0.0367065	0.193467	-0.578593	-0.180635
0.4	1.19978	0.037682	0.19636	-0.581259	-0.183564
0.405	1.19488	0.0386718	0.199266	-0.583942	-0.18651
0.41	1.18998	0.0396758	0.202186	-0.58664	-0.189473
0.415	1.18509	0.0406942	0.205119	-0.589355	-0.192453
0.42	1.1802	0.0417271	0.208066	-0.592086	-0.195449
0.425	1.17531	0.0427744	0.211026	-0.594834	-0.198463
0.43	1.17042	0.0438362	0.214	-0.5976	-0.201493
0.435	1.16554	0.0449127	0.216988	-0.600383	-0.20454
0.44	1.16066	0.0460038	0.21999	-0.603184	-0.207605
0.445	1.15578	0.0471096	0.223006	-0.606004	-0.210686
0.45	1.15091	0.0482302	0.226036	-0.608841	-0.213784
0.455	1.14604	0.0493656	0.229081	-0.611697	-0.216899
0.46	1.14117	0.0505159	0.232139	-0.614572	-0.22003
0.465	1.13631	0.0516811	0.235212	-0.617466	-0.223179
0.47	1.13145	0.0528614	0.238299	-0.62038	-0.226345
0.475	1.1266	0.0540567	0.241401	-0.623313	-0.229527
0.48	1.12175	0.0552672	0.244518	-0.626267	-0.232727
0.485	1.1169	0.0564928	0.247649	-0.629241	-0.235943
0.49	1.11206	0.0577337	0.250795	-0.632235	-0.239176
0.495	1.10722	0.0589898	0.253956	-0.635251	-0.242427
0.5	1.10238	0.0602614	0.257133	-0.638288	-0.245694
0.505	1.09755	0.0615483	0.260324	-0.641346	-0.248978
0.51	1.09272	0.0628508	0.263531	-0.644427	-0.252279
0.515	1.0879	0.0641688	0.266753	-0.647529	-0.255597
0.52	1.08308	0.0655024	0.269991	-0.650655	-0.258932
0.525	1.07826	0.0668517	0.273244	-0.653803	-0.262283
0.53	1.07345	0.0682167	0.276513	-0.656975	-0.265652
0.535	1.06865	0.0695975	0.279798	-0.66017	-0.269038
0.54	1.06385	0.0709942	0.283099	-0.663389	-0.27244
0.545	1.05905	0.0724068	0.286416	-0.666633	-0.275859
0.55	1.05426	0.0738353	0.289749	-0.669901	-0.279296
0.555	1.04947	0.0752799	0.293098	-0.673195	-0.282749
0.56	1.04469	0.0767406	0.296464	-0.676514	-0.286219
0.565	1.03991	0.0782175	0.299847	-0.679858	-0.289705
0.57	1.03514	0.0797106	0.303246	-0.683229	-0.293209
0.575	1.03038	0.08122	0.306662	-0.686626	-0.29673
0.58	1.02561	0.0827457	0.310095	-0.690051	-0.300267
0.585	1.02086	0.0842879	0.313546	-0.693502	-0.303821
0.59	1.01611	0.0858465	0.317013	-0.696982	-0.307392
0.595	1.01136	0.0874217	0.320498	-0.700489	-0.31098
0.6	1.00662	0.0890135	0.324	-0.704025	-0.314584
0.605	1.00189	0.090622	0.327521	-0.70759	-0.318205
0.61	0.99716	0.0922472	0.331059	-0.711184	-0.321843
0.615	0.992437	0.0938893	0.334614	-0.714808	-0.325497
0.62	0.98772	0.0955482	0.338189	-0.718462	-0.329169
0.625	0.983009	0.097224	0.341781	-0.722147	-0.332856
0.63	0.978305	0.0989168	0.345392	-0.725863	-0.336561
0.635	0.973606	0.100627	0.349021	-0.729611	-0.340282
0.64	0.968914	0.102354	0.352669	-0.73339	-0.344019
0.645	0.964228	0.104098	0.356336	-0.737202	-0.347773
0.65	0.959548	0.105859	0.360022	-0.741046	-0.351544
0.655	0.954876	0.107638	0.363727	-0.744924	-0.355331
0.66	0.950209	0.109434	0.367452	-0.748835	-0.359134
0.665	0.94555	0.111248	0.371196	-0.752781	-0.362953
0.67	0.940897	0.113079	0.37496	-0.756762	-0.366789
0.675	0.936252	0.114928	0.378744	-0.760777	-0.370642
0.68	0.931613	0.116794	0.382548	-0.764828	-0.37451
0.685	0.926982	0.118679	0.386372	-0.768916	-0.378394
0.69	0.922357	0.120581	0.390216	-0.773039	-0.382295
0.695	0.917741	0.1225	0.394081	-0.7772	-0.386212
0.7	0.913131	0.124438	0.397967	-0.781399	-0.390144
0.705	0.90853	0.126394	0.401874	-0.785635	-0.394093
0.71	0.903936	0.128368	0.405803	-0.78991	-0.398057
0.715	0.89935	0.130359	0.409752	-0.794225	-0.402037
0.72	0.894772	0.13237	0.413723	-0.798578	-0.406033
0.725	0.890202	0.134398	0.417716	-0.802972	-0.410045
0.73	0.88564	0.136445	0.421731	-0.807407	-0.414072
0.735	0.881086	0.13851	0.425768	-0.811882	-0.418114
0.74	0.876541	0.140593	0.429827	-0.8164	-0.422172
0.745	0.872004	0.142695	0.433909	-0.820959	-0.426245
0.75	0.867476	0.144816	0.438014	-0.825561	-0.430333
0.755	0.862957	0.146956	0.442142	-0.830207	-0.434436
0.76	0.858447	0.149114	0.446293	-0.834896	-0.438554
0.765	0.853946	0.151291	0.450468	-0.83963	-0.442687
0.77	0.849453	0.153486	0.454666	-0.844408	-0.446835
0.775	0.844971	0.155701	0.458888	-0.849232	-0.450997
0.78	0.840497	0.157935	0.463134	-0.854101	-0.455174
0.785	0.836034	0.160188	0.467404	-0.859017	-0.459365
0.79	0.83158	0.16246	0.4717	-0.863981	-0.463571
0.795	0.827136	0.164751	0.476019	-0.868991	-0.46779
0.8	0.822702	0.167061	0.480364	-0.87405	-0.472023
0.805	0.818278	0.169391	0.484735	-0.879157	-0.47627
0.81	0.813864	0.171741	0.48913	-0.884314	-0.480531
0.815	0.809461	0.174109	0.493552	-0.88952	-0.484805
0.82	0.805068	0.176498	0.498	-0.894777	-0.489092
0.825	0.800686	0.178906	0.502473	-0.900084	-0.493392
0.83	0.796315	0.181333	0.506974	-0.905443	-0.497705
0.835	0.791955	0.183781	0.511501	-0.910853	-0.502031
0.84	0.787606	0.186248	0.516055	-0.916316	-0.506369
0.845	0.783268	0.188735	0.520637	-0.921832	-0.510719
0.85	0.778942	0.191242	0.525246	-0.927401	-0.515082
0.855	0.774628	0.19377	0.529883	-0.933024	-0.519456
0.86	0.770326	0.196317	0.534548	-0.938702	-0.523841
0.865	0.766035	0.198884	0.539242	-0.944434	-0.528238
0.87	0.761757	0.201472	0.543964	-0.950222	-0.532646
0.875	0.757491	0.20408	0.548715	-0.956065	-0.537064
0.88	0.753237	0.206708	0.553495	-0.961965	-0.541493
0.885	0.748997	0.209357	0.558305	-0.967922	-0.545932
0.89	0.744769	0.212026	0.563145	-0.973936	-0.550381
0.895	0.740554	0.214716	0.568014	-0.980008	-0.55484
0.9	0.736352	0.217426	0.572915	-0.986138	-0.559307
0.905	0.732164	0.220158	0.577845	-0.992327	-0.563783
0.91	0.727989	0.222909	0.582807	-0.998574	-0.568268
0.915	0.723829	0.225682	0.5878	-1.00488	-0.572761
0.92	0.719682	0.228476	0.592824	-1.01125	-0.577262
0.925	0.715549	0.23129	0.59788	-1.01767	-0.58177
0.93	0.711431	0.234125	0.602969	-1.02416	-0.586284
0.935	0.707327	0.236982	0.60809	-1.03071	-0.590806
0.94	0.703238	0.23986	0.613243	-1.03732	-0.595333
0.945	0.699164	0.242758	0.61843	-1.04399	-0.599866
0.95	0.695105	0.245678	0.62365	-1.05072	-0.604404
0.955	0.691062	0.24862	0.628903	-1.05751	-0.608946
0.96	0.687034	0.251582	0.634191	-1.06436	-0.613493
0.965	0.683022	0.254566	0.639513	-1.07128	-0.618043
0.97	0.679026	0.257572	0.644869	-1.07826	-0.622597
0.975	0.675047	0.260599	0.65026	-1.0853	-0.627152
0.98	0.671084	0.263647	0.655687	-1.0924	-0.63171
0.985	0.667137	0.266717	0.661149	-1.09956	-0.636269
0.99	0.663208	0.269809	0.666646	-1.10679	-0.640828
0.995	0.659295	0.272923	0.67218	-1.11408	-0.645388
1	0.6554	0.276058	0.677751	-1.12143	-0.649947
1.005	0.651523	0.279215	0.683358	-1.12884	-0.654505
1.01	0.647664	0.282394	0.689002	-1.13631	-0.65906
1.015	0.643823	0.285594	0.694684	-1.14385	-0.663613
1.02	0.64	0.288817	0.700403	-1.15144	-0.668163
1.025	0.636195	0.292062	0.70616	-1.1591	-0.672708
1.03	0.63241	0.295328	0.711956	-1.16681	-0.677248
1.035	0.628644	0.298617	0.71779	-1.17459	-0.681782
1.04	0.624897	0.301927	0.723663	-1.18242	-0.686309
1.045	0.621169	0.30526	0.729575	-1.19032	-0.690829
1.05	0.617462	0.308615	0.735526	-1.19827	-0.69534
1.055	0.613775	0.311992	0.741518	-1.20627	-0.699842
1.06	0.610108	0.315391	0.747549	-1.21433	-0.704333
1.065	0.606462	0.318813	0.753621	-1.22245	-0.708812
1.07	0.602837	0.322256	0.759733	-1.23062	-0.71328
1.075	0.599233	0.325722	0.765886	-1.23885	-0.717734
1.08	0.595651	0.32921	0.77208	-1.24712	-0.722173
1.085	0.59209	0.332721	0.778316	-1.25545	-0.726596
1.09	0.588552	0.336254	0.784593	-1.26382	-0.731003
1.095	0.585036	0.339808	0.790912	-1.27224	-0.735392
1.1	0.581542	0.343386	0.797273	-1.28071	-0.739761
1.105	0.578072	0.346985	0.803677	-1.28922	-0.74411
1.11	0.574625	0.350607	0.810123	-1.29778	-0.748438
1.115	0.571202	0.354251	0.816612	-1.30637	-0.752742
1.12	0.567802	0.357918	0.823144	-1.315	-0.757022
1.125	0.564427	0.361606	0.829719	-1.32367	-0.761277
1.13	0.561076	0.365317	0.836337	-1.33237	-0.765504
1.135	0.55775	0.369051	0.842999	-1.3411	-0.769703
1.14	0.554449	0.372806	0.849705	-1.34987	-0.773872
1.145	0.551173	0.376584	0.856454	-1.35865	-0.778009
1.15	0.547923	0.380383	0.863247	-1.36746	-0.782113
1.155	0.544699	0.384205	0.870085	-1.3763	-0.786183
1.16	0.541502	0.388049	0.876966	-1.38514	-0.790216
1.165	0.538331	0.391915	0.883892	-1.39401	-0.794212
1.17	0.535187	0.395804	0.890862	-1.40288	-0.798168
1.175	0.532071	0.399714	0.897876	-1.41176	-0.802083
1.18	0.528982	0.403645	0.904935	-1.42064	-0.805955
1.185	0.525922	0.407599	0.912038	-1.42952	-0.809782
1.19	0.522889	0.411575	0.919186	-1.4384	-0.813562
1.195	0.519886	0.415572	0.926378	-1.44726	-0.817294
1.2	0.516911	0.419591	0.933614	-1.45612	-0.820976
1.205	0.513966	0.423631	0.940895	-1.46495	-0.824606
1.21	0.51105	0.427693	0.948219	-1.47376	-0.828181
1.215	0.508164	0.431777	0.955588	-1.48255	-0.831701
1.22	0.505309	0.435881	0.963001	-1.4913	-0.835162
1.225	0.502484	0.440007	0.970457	-1.50001	-0.838563
1.23	0.499691	0.444154	0.977957	-1.50868	-0.841902
1.235	0.496929	0.448321	0.985501	-1.5173	-0.845177
1.24	0.494198	0.45251	0.993087	-1.52587	-0.848386
1.245	0.4915	0.456719	1.00072	-1.53437	-0.851525
1.25	0.488833	0.460949	1.00839	-1.54281	-0.854595
1.255	0.4862	0.465199	1.0161	-1.55117	-0.857591
1.26	0.4836	0.46947	1.02386	-1.55946	-0.860513
1.265	0.481033	0.473761	1.03166	-1.56765	-0.863358
1.27	0.478499	0.478071	1.03949	-1.57576	-0.866123
1.275	0.476	0.482402	1.04737	-1.58376	-0.868806
1.28	0.473535	0.486752	1.05529	-1.59166	-0.871406
1.285	0.471105	0.491122	1.06325	-1.59944	-0.87392
1.29	0.46871	0.495511	1.07125	-1.6071	-0.876345
1.295	0.46635	0.499919	1.07928	-1.61463	-0.87868
1.3	0.464026	0.504346	1.08736	-1.62203	-0.880923
1.305	0.461738	0.508792	1.09547	-1.62928	-0.88307
1.31	0.459486	0.513256	1.10361	-1.63638	-0.88512
1.315	0.457271	0.517738	1.11179	-1.64331	-0.887071
1.32	0.455092	0.522239	1.12001	-1.65008	-0.88892
1.325	0.452951	0.526757	1.12826	-1.65667	-0.890666
1.33	0.450848	0.531293	1.13654	-1.66308	-0.892306
1.335	0.448782	0.535846	1.14486	-1.6693	-0.893837
1.34	0.446754	0.540417	1.15321	-1.67531	-0.895259
1.345	0.444764	0.545004	1.16158	-1.68112	-0.896569
1.35	0.442814	0.549608	1.16999	-1.6867	-0.897764
1.355	0.440902	0.554228	1.17842	-1.69207	-0.898843
1.36	0.439029	0.558864	1.18688	-1.69719	-0.899805
1.365	0.437196	0.563516	1.19537	-1.70208	-0.900646
1.37	0.435402	0.568183	1.20388	-1.70672	-0.901366
1.375	0.433648	0.572865	1.21241	-1.71109	-0.901962
1.38	0.431934	0.577562	1.22097	-1.71521	-0.902433
1.385	0.430261	0.582274	1.22954	-1.71904	-0.902777
1.39	0.428628	0.587	1.23814	-1.7226	-0.902993
1.395	0.427036	0.59174	1.24675	-1.72587	-0.903079
1.4	0.425485	0.596493	1.25538	-1.72884	-0.903034
1.405	0.423975	0.601259	1.26403	-1.7315	-0.902856
1.41	0.422507	0.606039	1.27268	-1.73386	-0.902545
1.415	0.42108	0.610831	1.28135	-1.7359	-0.902099
1.42	0.419694	0.615635	1.29003	-1.73761	-0.901516
1.425	0.418351	0.620451	1.29872	-1.73899	-0.900797
1.43	0.417049	0.625279	1.30741	-1.74004	-0.89994
1.435	0.415789	0.630118	1.31612	-1.74075	-0.898945
1.44	0.414572	0.634967	1.32482	-1.74111	-0.897811
1.445	0.413396	0.639827	1.33352	-1.74111	-0.896537
1.45	0.412263	0.644697	1.34223	-1.74076	-0.895123
1.455	0.411173	0.649577	1.35093	-1.74005	-0.893569
1.46	0.410125	0.654465	1.35963	-1.73897	-0.891874
1.465	0.40912	0.659363	1.36833	-1.73753	-0.890039
1.47	0.408157	0.66427	1.37702	-1.73571	-0.888063
1.475	0.407236	0.669184	1.3857	-1.73352	-0.885948
1.48	0.406359	0.674107	1.39436	-1.73095	-0.883692
1.485	0.405524	0.679037	1.40302	-1.728	-0.881297
1.49	0.404732	0.683973	1.41166	-1.72467	-0.878763
1.495	0.403982	0.688917	1.42028	-1.72097	-0.876091
1.5	0.403275	0.693867	1.42889	-1.71688	-0.873282
1.505	0.40261	0.698822	1.43747	-1.71241	-0.870336
1.51	0.401988	0.703783	1.44603	-1.70756	-0.867255
1.515	0.401408	0.70875	1.45457	-1.70233	-0.86404
1.52	0.40087	0.713721	1.46308	-1.69672	-0.860692
1.525	0.400375	0.718696	1.47157	-1.69074	-0.857213
1.53	0.399922	0.723675	1.48002	-1.68438	-0.853604
1.535	0.399511	0.728658	1.48844	-1.67765	-0.849866
1.54	0.399141	0.733645	1.49683	-1.67055	-0.846002
1.545	0.398813	0.738634	1.50518	-1.6631	-0.842014
1.55	0.398527	0.743626	1.5135	-1.65528	-0.837903
1.555	0.398282	0.74862	1.52177	-1.6471	-0.833672
1.56	0.398078	0.753616	1.53001	-1.63858	-0.829323
1.565	0.397915	0.758613	1.5382	-1.62971	-0.824857
1.57	0.397793	0.763611	1.54635	-1.62051	-0.820278
1.575	0.397711	0.768611	1.55445	-1.61097	-0.815588
1.58	0.39767	0.773611	1.56251	-1.6011	-0.810789
1.585	0.397668	0.778611	1.57051	-1.59092	-0.805884
1.59	0.397707	0.783611	1.57847	-1.58043	-0.800875
1.595	0.397784	0.78861	1.58637	-1.56964	-0.795766
1.6	0.397902	0.793609	1.59422	-1.55855	-0.790559
1.605	0.398058	0.798606	1.60201	-1.54717	-0.785257
1.61	0.398252	0.803602	1.60975	-1.53552	-0.779863
1.615	0.398485	0.808597	1.61742	-1.52359	-0.77438
1.62	0.398756	0.81359	1.62504	-1.51141	-0.768811
1.625	0.399065	0.81858	1.6326	-1.49897	-0.763158
1.63	0.399411	0.823568	1.64009	-1.48629	-0.757426
1.635	0.399795	0.828553	1.64753	-1.47338	-0.751616
1.64	0.400215	0.833536	1.65489	-1.46025	-0.745733
1.645	0.400671	0.838515	1.66219	-1.4469	-0.739779
1.65	0.401163	0.84349	1.66943	-1.43335	-0.733757
1.655	0.401691	0.848462	1.6766	-1.41961	-0.72767
1.66	0.402255	0.853431	1.68369	-1.40568	-0.721522
1.665	0.402853	0.858395	1.69072	-1.39159	-0.715316
1.67	0.403486	0.863355	1.69768	-1.37732	-0.709054
1.675	0.404153	0.86831	1.70457	-1.36291	-0.702741
1.68	0.404853	0.873261	1.71138	-1.34835	-0.696378
1.685	0.405587	0.878206	1.71812	-1.33366	-0.689969
1.69	0.406354	0.883147	1.72479	-1.31884	-0.683517
1.695	0.407154	0.888083	1.73139	-1.30391	-0.677025
1.7	0.407985	0.893013	1.7379	-1.28888	-0.670496
1.705	0.408849	0.897938	1.74435	-1.27375	-0.663933
1.71	0.409743	0.902857	1.75072	-1.25854	-0.657338
1.715	0.410669	0.907771	1.75701	-1.24325	-0.650715
1.72	0.411625	0.912679	1.76323	-1.2279	-0.644067
1.725	0.412612	0.91758	1.76937	-1.21249	-0.637395
1.73	0.413628	0.922476	1.77543	-1.19703	-0.630703
1.735	0.414673	0.927366	1.78141	-1.18153	-0.623994
1.74	0.415747	0.932249	1.78732	-1.16601	-0.61727
1.745	0.41685	0.937126	1.79315	-1.15045	-0.610533
1.75	0.41798	0.941996	1.7989	-1.13489	-0.603786
1.755	0.419139	0.94686	1.80458	-1.11931	-0.597032
1.76	0.420324	0.951718	1.81017	-1.10374	-0.590272
1.765	0.421537	0.956568	1.81569	-1.08818	-0.58351
1.77	0.422775	0.961413	1.82113	-1.07263	-0.576746
1.775	0.42404	0.96625	1.8265	-1.0571	-0.569985
1.78	0.42533	0.971081	1.83178	-1.04161	-0.563227
1.785	0.426645	0.975905	1.83699	-1.02615	-0.556474
1.79	0.427985	0.980722	1.84212	-1.01073	-0.549729
1.795	0.42935	0.985532	1.84718	-0.995361	-0.542994
1.8	0.430738	0.990335	1.85215	-0.980047	-0.53627
1.805	0.43215	0.995132	1.85705	-0.964793	-0.52956
1.81	0.433585	0.999922	1.86188	-0.949604	-0.522864
1.815	0.435042	1.0047	1.86662	-0.934485	-0.516185
1.82	0.436522	1.00948	1.8713	-0.919443	-0.509525
1.825	0.438024	1.01425	1.87589	-0.90448	-0.502884
1.83	0.439548	1.01901	1.88042	-0.889602	-0.496264
1.835	0.441092	1.02377	1.88486	-0.874814	-0.489667
1.84	0.442658	1.02852	1.88924	-0.860118	-0.483095
1.845	0.444244	1.03326	1.89354	-0.84552	-0.476547
1.85	0.44585	1.03799	1.89777	-0.831021	-0.470027
1.855	0.447475	1.04272	1.90192	-0.816627	-0.463534
1.86	0.44912	1.04744	1.90601	-0.802341	-0.45707
1.865	0.450784	1.05216	1.91002	-0.788164	-0.450636
1.87	0.452466	1.05687	1.91396	-0.7741	-0.444234
1.875	0.454167	1.06157	1.91783	-0.760153	-0.437864
1.88	0.455885	1.06626	1.92163	-0.746323	-0.431526
1.885	0.457621	1.07095	1.92536	-0.732614	-0.425223
1.89	0.459374	1.07564	1.92902	-0.719027	-0.418955
1.895	0.461144	1.08031	1.93262	-0.705565	-0.412722
1.9	0.46293	1.08498	1.93615	-0.692229	-0.406526
1.905	0.464733	1.08965	1.93961	-0.679021	-0.400366
1.91	0.466551	1.0943	1.943	-0.665943	-0.394245
1.915	0.468385	1.09895	1.94633	-0.652995	-0.388162
1.92	0.470234	1.1036	1.9496	-0.640179	-0.382117
1.925	0.472098	1.10824	1.9528	-0.627495	-0.376113
1.93	0.473976	1.11287	1.95594	-0.614946	-0.370148
1.935	0.475869	1.1175	1.95901	-0.602531	-0.364224
1.94	0.477776	1.12212	1.96202	-0.590252	-0.35834
1.945	0.479696	1.12674	1.96497	-0.578108	-0.352498
1.95	0.48163	1.13135	1.96787	-0.566101	-0.346698
1.955	0.483576	1.13596	1.9707	-0.55423	-0.34094
1.96	0.485536	1.14056	1.97347	-0.542496	-0.335224
1.965	0.487507	1.14515	1.97618	-0.530899	-0.32955
1.97	0.489491	1.14974	1.97883	-0.519439	-0.32392
1.975	0.491487	1.15433	1.98143	-0.508116	-0.318332
1.98	0.493495	1.1589	1.98397	-0.496929	-0.312788
1.985	0.495514	1.16348	1.98646	-0.485879	-0.307287
1.99	0.497544	1.16805	1.98889	-0.474966	-0.301829
1.995	0.499585	1.17261	1.99126	-0.464188	-0.296415
2	0.501636	1.17717	1.99358	-0.453545	-0.291045
2.005	0.503698	1.18173	1.99585	-0.443037	-0.285719
2.01	0.50577	1.18628	1.99806	-0.432664	-0.280437
2.015	0.507852	1.19082	2.00023	-0.422425	-0.275199
2.02	0.509943	1.19537	2.00234	-0.412318	-0.270004
2.025	0.512044	1.1999	2.0044	-0.402344	-0.264854
2.03	0.514154	1.20444	2.00641	-0.392501	-0.259747
2.035	0.516273	1.20896	2.00838	-0.382789	-0.254684
2.04	0.5184	1.21349	2.01029	-0.373207	-0.249665
2.045	0.520536	1.21801	2.01216	-0.363754	-0.24469
2.05	0.52268	1.22253	2.01397	-0.354428	-0.239759
2.055	0.524832	1.22704	2.01575	-0.34523	-0.234871
2.06	0.526992	1.23155	2.01747	-0.336158	-0.230027
2.065	0.529159	1.23606	2.01915	-0.32721	-0.225226
2.07	0.531334	1.24056	2.02079	-0.318387	-0.220468
2.075	0.533516	1.24506	2.02238	-0.309686	-0.215753
2.08	0.535705	1.24955	2.02393	-0.301107	-0.211082
2.085	0.537901	1.25404	2.02544	-0.292648	-0.206453
2.09	0.540103	1.25853	2.0269	-0.284309	-0.201867
2.095	0.542312	1.26302	2.02832	-0.276088	-0.197323
2.1	0.544526	1.2675	2.0297	-0.267984	-0.192821
2.105	0.546747	1.27198	2.03104	-0.259996	-0.188362
2.11	0.548974	1.27646	2.03234	-0.252123	-0.183944
2.115	0.551206	1.28093	2.0336	-0.244363	-0.179569
2.12	0.553444	1.2854	2.03482	-0.236715	-0.175234
2.125	0.555687	1.28987	2.03601	-0.229178	-0.170941
2.13	0.557935	1.29434	2.03715	-0.22175	-0.166689
2.135	0.560188	1.2988	2.03826	-0.214432	-0.162478
2.14	0.562446	1.30326	2.03933	-0.20722	-0.158307
2.145	0.564709	1.30772	2.04037	-0.200114	-0.154177
2.15	0.566976	1.31218	2.04137	-0.193113	-0.150087
2.155	0.569247	1.31663	2.04234	-0.186216	-0.146036
2.16	0.571522	1.32108	2.04327	-0.179421	-0.142026
2.165	0.573802	1.32554	2.04416	-0.172726	-0.138054
2.17	0.576085	1.32998	2.04503	-0.166131	-0.134122
2.175	0.578372	1.33443	2.04586	-0.159635	-0.130229
2.18	0.580663	1.33887	2.04666	-0.153236	-0.126374
2.185	0.582957	1.34332	2.04742	-0.146933	-0.122558
2.19	0.585254	1.34776	2.04816	-0.140724	-0.11878
2.195	0.587554	1.3522	2.04886	-0.134609	-0.115039
2.2	0.589857	1.35664	2.04953	-0.128586	-0.111337
2.205	0.592163	1.36107	2.05018	-0.122655	-0.107671
2.21	0.594472	1.36551	2.05079	-0.116813	-0.104043
2.215	0.596784	1.36994	2.05137	-0.11106	-0.100451
2.22	0.599098	1.37437	2.05193	-0.105394	-0.0968962
2.225	0.601414	1.3788	2.05246	-0.0998143	-0.0933775
2.23	0.603732	1.38323	2.05296	-0.0943199	-0.0898948
2.235	0.606053	1.38766	2.05343	-0.0889093	-0.0864478
2.24	0.608376	1.39209	2.05387	-0.0835815	-0.0830364
2.245	0.6107	1.39652	2.05429	-0.0783354	-0.0796602
2.25	0.613026	1.40094	2.05468	-0.0731697	-0.0763189
2.255	0.615354	1.40537	2.05505	-0.0680833	-0.0730124
2.26	0.617683	1.40979	2.05539	-0.0630752	-0.0697403
2.265	0.620014	1.41422	2.0557	-0.0581442	-0.0665024
2.27	0.622346	1.41864	2.05599	-0.0532893	-0.0632984
2.275	0.624679	1.42306	2.05626	-0.0485093	-0.0601281
2.28	0.627013	1.42748	2.0565	-0.0438031	-0.0569912
2.285	0.629348	1.4319	2.05672	-0.0391698	-0.0538874
2.29	0.631684	1.43633	2.05692	-0.0346083	-0.0508166
2.295	0.634021	1.44075	2.05709	-0.0301176	-0.0477784
2.3	0.636358	1.44517	2.05724	-0.0256965	-0.0447726
2.305	0.638696	1.44959	2.05737	-0.0213441	-0.041799
2.31	0.641035	1.454	2.05748	-0.0170595	-0.0388572
2.315	0.643373	1.45842	2.05756	-0.0128415	-0.0359471
2.32	0.645713	1.46284	2.05763	-0.00868928	-0.0330684
2.325	0.648052	1.46726	2.05767	-0.00460182	-0.0302209
2.33	0.650391	1.47168	2.05769	-0.000578174	-0.0274043
2.335	0.652731	1.4761	2.05769	0.0033826	-0.0246183
2.34	0.65507	1.48052	2.05768	0.00728144	-0.0218628
2.345	0.657409	1.48494	2.05764	0.0111193	-0.0191375
2.35	0.659748	1.48936	2.05759	0.014897	-0.0164422
2.355	0.662087	1.49378	2.05751	0.0186154	-0.0137766
2.36	0.664425	1.4982	2.05742	0.0222756	-0.0111404
2.365	0.666763	1.50262	2.05731	0.0258783	-0.00853359
2.37	0.6691	1.50704	2.05718	0.0294244	-0.00595578
2.375	0.671436	1.51146	2.05703	0.0329147	-0.00340678
2.38	0.673772	1.51588	2.05687	0.0363501	-0.000886366
2.385	0.676107	1.5203	2.05668	0.0397314	0.00160568
2.39	0.678441	1.52472	2.05649	0.0430595	0.00406958
2.395	0.680774	1.52914	2.05627	0.0463351	0.00650556
2.4	0.683106	1.53357	2.05604	0.049559	0.00891382
2.405	0.685438	1.53799	2.05579	0.052732	0.0112946
2.41	0.687767	1.54241	2.05553	0.0558549	0.0136481
2.415	0.690096	1.54684	2.05525	0.0589284	0.0159745
2.42	0.692423	1.55126	2.05495	0.0619533	0.0182741
2.425	0.694749	1.55569	2.05464	0.0649303	0.020547
2.43	0.697074	1.56012	2.05432	0.0678602	0.0227934
2.435	0.699397	1.56454	2.05398	0.0707436	0.0250136
2.44	0.701718	1.56897	2.05363	0.0735813	0.0272078
2.445	0.704038	1.5734	2.05326	0.076374	0.0293761
2.45	0.706356	1.57783	2.05288	0.0791223	0.0315187
2.455	0.708672	1.58226	2.05248	0.081827	0.0336359
2.46	0.710987	1.58669	2.05207	0.0844887	0.0357279
2.465	0.7133	1.59113	2.05165	0.0871081	0.0377947
2.47	0.71561	1.59556	2.05121	0.0896857	0.0398367
2.475	0.717919	1.6	2.05076	0.0922223	0.041854
2.48	0.720226	1.60443	2.0503	0.0947185	0.0438468
2.485	0.72253	1.60887	2.04983	0.0971749	0.0458152
2.49	0.724833	1.61331	2.04934	0.0995921	0.0477595
2.495	0.727133	1.61775	2.04885	0.101971	0.0496799
2.5	0.729431	1.62219	2.04834	0.104311	0.0515765
2.505	0.731727	1.62663	2.04781	0.106615	0.0534494
2.51	0.73402	1.63107	2.04728	0.108881	0.0552989
2.515	0.736311	1.63552	2.04674	0.111111	0.0571252
2.52	0.738599	1.63996	2.04618	0.113305	0.0589283
2.525	0.740885	1.64441	2.04562	0.115465	0.0607086
2.53	0.743169	1.64886	2.04504	0.117589	0.0624661
2.535	0.745449	1.65331	2.04445	0.11968	0.064201
2.54	0.747727	1.65776	2.04385	0.121737	0.0659134
2.545	0.750003	1.66221	2.04324	0.123761	0.0676036
2.55	0.752275	1.66666	2.04262	0.125752	0.0692717
2.555	0.754545	1.67112	2.042	0.127711	0.0709179
2.56	0.756812	1.67558	2.04136	0.129639	0.0725422
2.565	0.759076	1.68003	2.04071	0.131536	0.074145
2.57	0.761337	1.68449	2.04005	0.133402	0.0757262
2.575	0.763595	1.68896	2.03938	0.135238	0.0772861
2.58	0.76585	1.69342	2.03871	0.137045	0.0788249
2.585	0.768102	1.69788	2.03802	0.138822	0.0803426
2.59	0.770351	1.70235	2.03733	0.140571	0.0818394
2.595	0.772597	1.70681	2.03663	0.142291	0.0833155
2.6	0.77484	1.71128	2.03591	0.143984	0.084771
2.605	0.777079	1.71575	2.03519	0.145649	0.0862061
2.61	0.779315	1.72023	2.03447	0.147287	0.0876209
2.615	0.781548	1.7247	2.03373	0.148899	0.0890154
2.62	0.783778	1.72918	2.03298	0.150484	0.09039
2.625	0.786004	1.73365	2.03223	0.152044	0.0917447
2.63	0.788227	1.73813	2.03147	0.153578	0.0930796
2.635	0.790446	1.74261	2.0307	0.155088	0.0943949
2.64	0.792662	1.74709	2.02993	0.156572	0.0956907
2.645	0.794874	1.75158	2.02915	0.158033	0.0969671
2.65	0.797083	1.75606	2.02836	0.15947	0.0982243
2.655	0.799288	1.76055	2.02756	0.160884	0.0994624
2.66	0.80149	1.76504	2.02675	0.162274	0.100682
2.665	0.803688	1.76953	2.02594	0.163642	0.101882
2.67	0.805882	1.77402	2.02512	0.164987	0.103063
2.675	0.808073	1.77852	2.0243	0.166311	0.104226
2.68	0.81026	1.78301	2.02347	0.167612	0.105371
2.685	0.812443	1.78751	2.02263	0.168893	0.106497
2.69	0.814622	1.79201	2.02179	0.170152	0.107605
2.695	0.816797	1.79651	2.02093	0.171391	0.108695
2.7	0.818969	1.80102	2.02008	0.17261	0.109766
2.705	0.821137	1.80552	2.01921	0.173808	0.11082
2.71	0.823301	1.81003	2.01835	0.174987	0.111856
2.715	0.82546	1.81454	2.01747	0.176147	0.112875
2.72	0.827616	1.81905	2.01659	0.177287	0.113876
2.725	0.829768	1.82357	2.0157	0.178409	0.114859
2.73	0.831916	1.82808	2.01481	0.179512	0.115825
2.735	0.83406	1.8326	2.01391	0.180597	0.116774
2.74	0.836199	1.83712	2.01301	0.181664	0.117706
2.745	0.838335	1.84164	2.0121	0.182714	0.118621
2.75	0.840467	1.84616	2.01119	0.183746	0.119519
2.755	0.842594	1.85069	2.01027	0.184761	0.1204
2.76	0.844717	1.85521	2.00935	0.185759	0.121265
2.765	0.846836	1.85974	2.00842	0.186741	0.122113
2.77	0.848951	1.86427	2.00748	0.187706	0.122944
2.775	0.851061	1.86881	2.00655	0.188656	0.123759
2.78	0.853167	1.87334	2.0056	0.18959	0.124558
2.785	0.855269	1.87788	2.00465	0.190508	0.125341
2.79	0.857367	1.88242	2.0037	0.191411	0.126107
2.795	0.85946	1.88696	2.00274	0.192299	0.126858
2.8	0.861549	1.8915	2.00178	0.193173	0.127592
2.805	0.863633	1.89604	2.00082	0.194032	0.128311
2.81	0.865713	1.90059	1.99985	0.194876	0.129014
2.815	0.867789	1.90514	1.99887	0.195707	0.129702
2.82	0.86986	1.90969	1.99789	0.196523	0.130374
2.825	0.871927	1.91424	1.99691	0.197326	0.131031
2.83	0.873989	1.9188	1.99593	0.198116	0.131672
2.835	0.876047	1.92336	1.99493	0.198893	0.132298
2.84	0.8781	1.92791	1.99394	0.199656	0.132909
2.845	0.880148	1.93248	1.99294	0.200407	0.133505
2.85	0.882192	1.93704	1.99194	0.201145	0.134086
2.855	0.884232	1.9416	1.99093	0.201871	0.134652
2.86	0.886267	1.94617	1.98992	0.202585	0.135203
2.865	0.888297	1.95074	1.98891	0.203287	0.13574
2.87	0.890322	1.95531	1.9879	0.203977	0.136261
2.875	0.892343	1.95988	1.98688	0.204656	0.136769
2.88	0.894359	1.96446	1.98585	0.205324	0.137262
2.885	0.896371	1.96904	1.98483	0.20598	0.13774
2.89	0.898378	1.97362	1.9838	0.206625	0.138205
2.895	0.90038	1.9782	1.98276	0.20726	0.138655
2.9	0.902377	1.98278	1.98173	0.207883	0.13909
2.905	0.90437	1.98737	1.98069	0.208497	0.139512
2.91	0.906357	1.99196	1.97964	0.2091	0.13992
2.915	0.90834	1.99655	1.9786	0.209693	0.140314
2.92	0.910318	2.00114	1.97755	0.210277	0.140694
2.925	0.912292	2.00573	1.9765	0.21085	0.141061
2.93	0.91426	2.01033	1.97544	0.211414	0.141414
2.935	0.916224	2.01493	1.97439	0.211969	0.141753
2.94	0.918183	2.01953	1.97333	0.212514	0.142078
2.945	0.920136	2.02413	1.97227	0.21305	0.142391
2.95	0.922085	2.02873	1.9712	0.213577	0.14269
2.955	0.924029	2.03334	1.97013	0.214096	0.142975
2.96	0.925969	2.03795	1.96906	0.214606	0.143248
2.965	0.927903	2.04256	1.96799	0.215107	0.143507
2.97	0.929832	2.04717	1.96691	0.2156	0.143753
2.975	0.931756	2.05179	1.96583	0.216085	0.143986
2.98	0.933675	2.05641	1.96475	0.216562	0.144207
2.985	0.93559	2.06102	1.96367	0.217031	0.144414
2.99	0.937499	2.06565	1.96259	0.217493	0.144609
2.995	0.939403	2.07027	1.9615	0.217946	0.144791
3	0.941302	2.07489	1.96041	0.218393	0.14496
3.005	0.943196	2.07952	1.95932	0.218832	0.145116
3.01	0.945085	2.08415	1.95822	0.219263	0.145261
3.015	0.946969	2.08878	1.95713	0.219688	0.145392
3.02	0.948848	2.09342	1.95603	0.220106	0.145512
3.025	0.950722	2.09805	1.95493	0.220516	0.145619
3.03	0.952591	2.10269	1.95383	0.220921	0.145714
3.035	0.954454	2.10733	1.95272	0.221318	0.145796
3.04	0.956312	2.11197	1.95161	0.221709	0.145867
3.045	0.958166	2.11661	1.95051	0.222094	0.145925
3.05	0.960014	2.12126	1.9494	0.222473	0.145972
3.055	0.961857	2.12591	1.94828	0.222845	0.146006
3.06	0.963694	2.13056	1.94717	0.223212	0.146029
3.065	0.965527	2.13521	1.94605	0.223573	0.14604
3.07	0.967354	2.13986	1.94493	0.223928	0.146039
3.075	0.969177	2.14452	1.94382	0.224277	0.146027
3.08	0.970993	2.14918	1.94269	0.224621	0.146002
3.085	0.972805	2.15384	1.94157	0.22496	0.145967
3.09	0.974612	2.1585	1.94045	0.225293	0.14592
3.095	0.976413	2.16317	1.93932	0.225621	0.145861
3.1	0.978209	2.16783	1.93819	0.225944	0.145791
3.105	0.979999	2.1725	1.93706	0.226262	0.14571
3.11	0.981785	2.17717	1.93593	0.226575	0.145617
3.115	0.983565	2.18184	1.9348	0.226883	0.145514
3.12	0.98534	2.18652	1.93366	0.227187	0.145399
3.125	0.987109	2.19119	1.93253	0.227486	0.145273
3.13	0.988873	2.19587	1.93139	0.22778	0.145136
3.135	0.990632	2.20055	1.93025	0.22807	0.144988
3.14	0.992385	2.20524	1.92911	0.228356	0.14483
3.145	0.994134	2.20992	1.92797	0.228638	0.14466
3.15	0.995876	2.21461	1.92683	0.228915	0.14448
3.155	0.997614	2.21929	1.92568	0.229189	0.144288
3.16	0.999346	2.22398	1.92453	0.229458	0.144087
3.165	1.00107	2.22868	1.92339	0.229724	0.143874
3.17	1.00279	2.23337	1.92224	0.229986	0.143651
3.175	1.00451	2.23807	1.92109	0.230244	0.143418
3.18	1.00622	2.24277	1.91994	0.230499	0.143174
3.185	1.00793	2.24747	1.91879	0.23075	0.14292
3.19	1.00962	2.25217	1.91763	0.230998	0.142655
3.195	1.01132	2.25687	1.91648	0.231242	0.14238
3.2	1.01301	2.26158	1.91532	0.231483	0.142095
3.205	1.01469	2.26629	1.91416	0.231721	0.141799
3.21	1.01637	2.271	1.913	0.231956	0.141494
3.215	1.01804	2.27571	1.91184	0.232188	0.141178
3.22	1.01971	2.28042	1.91068	0.232417	0.140853
3.225	1.02137	2.28514	1.90952	0.232643	0.140517
3.23	1.02303	2.28986	1.90836	0.232866	0.140171
3.235	1.02468	2.29458	1.90719	0.233087	0.139816
3.24	1.02632	2.2993	1.90603	0.233305	0.139451
3.245	1.02796	2.30402	1.90486	0.23352	0.139076
3.25	1.02959	2.30875	1.90369	0.233733	0.138691
3.255	1.03122	2.31348	1.90253	0.233943	0.138297
3.26	1.03285	2.3182	1.90136	0.234151	0.137893
3.265	1.03446	2.32294	1.90019	0.234357	0.137479
3.27	1.03607	2.32767	1.89901	0.23456	0.137056
3.275	1.03768	2.3324	1.89784	0.234762	0.136623
3.28	1.03928	2.33714	1.89667	0.234961	0.136181
3.285	1.04088	2.34188	1.89549	0.235158	0.13573
3.29	1.04247	2.34662	1.89432	0.235354	0.135269
3.295	1.04405	2.35136	1.89314	0.235547	0.1348
3.3	1.04563	2.35611	1.89196	0.235738	0.13432
3.305	1.0472	2.36085	1.89078	0.235928	0.133832
3.31	1.04877	2.3656	1.8896	0.236116	0.133335
3.315	1.05033	2.37035	1.88842	0.236303	0.132828
3.32	1.05189	2.3751	1.88724	0.236487	0.132312
3.325	1.05344	2.37986	1.88606	0.236671	0.131788
3.33	1.05498	2.38461	1.88488	0.236852	0.131254
3.335	1.05652	2.38937	1.88369	0.237033	0.130712
3.34	1.05805	2.39413	1.88251	0.237212	0.130161
3.345	1.05958	2.39889	1.88132	0.237389	0.129601
3.35	1.0611	2.40365	1.88013	0.237566	0.129032
3.355	1.06262	2.40842	1.87895	0.237741	0.128454
3.36	1.06413	2.41318	1.87776	0.237915	0.127868
3.365	1.06564	2.41795	1.87657	0.238088	0.127273
3.37	1.06714	2.42272	1.87538	0.23826	0.12667
3.375	1.06863	2.42749	1.87419	0.238431	0.126058
3.38	1.07012	2.43227	1.87299	0.238602	0.125438
3.385	1.0716	2.43704	1.8718	0.238771	0.124809
3.39	1.07308	2.44182	1.87061	0.238939	0.124172
3.395	1.07455	2.4466	1.86941	0.239107	0.123526
3.4	1.07601	2.45138	1.86822	0.239274	0.122873
3.405	1.07747	2.45616	1.86702	0.23944	0.122211
3.41	1.07893	2.46094	1.86582	0.239606	0.12154
3.415	1.08037	2.46573	1.86462	0.239771	0.120862
3.42	1.08182	2.47052	1.86343	0.239935	0.120175
3.425	1.08325	2.47531	1.86223	0.240099	0.119481
3.43	1.08468	2.4801	1.86103	0.240263	0.118778
3.435	1.08611	2.48489	1.85982	0.240426	0.118067
3.44	1.08753	2.48968	1.85862	0.240589	0.117349
3.445	1.08894	2.49448	1.85742	0.240751	0.116622
3.45	1.09035	2.49928	1.85622	0.240914	0.115888
3.455	1.09175	2.50408	1.85501	0.241076	0.115146
3.46	1.09315	2.50888	1.85381	0.241237	0.114396
3.465	1.09454	2.51368	1.8526	0.241399	0.113638
3.47	1.09592	2.51848	1.85139	0.241561	0.112873
3.475	1.0973	2.52329	1.85018	0.241723	0.1121
3.48	1.09867	2.5281	1.84898	0.241884	0.111319
3.485	1.10004	2.53291	1.84777	0.242046	0.110531
3.49	1.1014	2.53772	1.84656	0.242207	0.109736
3.495	1.10276	2.54253	1.84534	0.242369	0.108933
3.5	1.10411	2.54735	1.84413	0.242531	0.108122
3.505	1.10545	2.55216	1.84292	0.242693	0.107304
3.51	1.10679	2.55698	1.84171	0.242856	0.106479
3.515	1.10812	2.5618	1.84049	0.243019	0.105646
3.52	1.10945	2.56662	1.83928	0.243181	0.104806
3.525	1.11077	2.57144	1.83806	0.243345	0.103959
3.53	1.11208	2.57627	1.83684	0.243509	0.103105
3.535	1.11339	2.58109	1.83563	0.243673	0.102243
3.54	1.1147	2.58592	1.83441	0.243837	0.101375
3.545	1.11599	2.59075	1.83319	0.244002	0.100499
3.55	1.11728	2.59558	1.83197	0.244168	0.0996168
3.555	1.11857	2.60041	1.83075	0.244334	0.0987272
3.56	1.11985	2.60524	1.82953	0.244501	0.0978307
3.565	1.12112	2.61008	1.8283	0.244668	0.0969273
3.57	1.12239	2.61492	1.82708	0.244836	0.0960171
3.575	1.12365	2.61975	1.82586	0.245005	0.0951
3.58	1.12491	2.62459	1.82463	0.245174	0.0941762
3.585	1.12616	2.62944	1.82341	0.245344	0.0932456
3.59	1.1274	2.63428	1.82218	0.245515	0.0923083
3.595	1.12864	2.63912	1.82095	0.245687	0.0913644
3.6	1.12987	2.64397	1.81972	0.24586	0.0904138
3.605	1.13109	2.64882	1.81849	0.246033	0.0894567
3.61	1.13231	2.65366	1.81726	0.246207	0.0884931
3.615	1.13353	2.65852	1.81603	0.246383	0.0875229
3.62	1.13474	2.66337	1.8148	0.246559	0.0865463
3.625	1.13594	2.66822	1.81357	0.246736	0.0855633
3.63	1.13713	2.67308	1.81233	0.246915	0.0845739
3.635	1.13832	2.67793	1.8111	0.247094	0.0835781
3.64	1.13951	2.68279	1.80986	0.247275	0.0825761
3.645	1.14069	2.68765	1.80863	0.247456	0.0815678
3.65	1.14186	2.69251	1.80739	0.247639	0.0805533
3.655	1.14302	2.69737	1.80615	0.247823	0.0795326
3.66	1.14418	2.70224	1.80491	0.248008	0.0785058
3.665	1.14534	2.7071	1.80367	0.248194	0.0774728
3.67	1.14649	2.71197	1.80243	0.248382	0.0764338
3.675	1.14763	2.71683	1.80119	0.248571	0.0753888
3.68	1.14876	2.7217	1.79995	0.248761	0.0743378
3.685	1.14989	2.72657	1.7987	0.248952	0.0732808
3.69	1.15102	2.73145	1.79746	0.249145	0.0722179
3.695	1.15213	2.73632	1.79621	0.249339	0.0711492
3.7	1.15325	2.7412	1.79497	0.249535	0.0700746
3.705	1.15435	2.74607	1.79372	0.249732	0.0689943
3.71	1.15545	2.75095	1.79247	0.249931	0.0679081
3.715	1.15654	2.75583	1.79122	0.250131	0.0668163
3.72	1.15763	2.76071	1.78997	0.250332	0.0657188
3.725	1.15871	2.76559	1.78872	0.250535	0.0646156
3.73	1.15979	2.77047	1.78747	0.25074	0.0635069
3.735	1.16086	2.77536	1.78621	0.250946	0.0623925
3.74	1.16192	2.78024	1.78496	0.251153	0.0612727
3.745	1.16298	2.78513	1.7837	0.251363	0.0601473
3.75	1.16403	2.79002	1.78245	0.251574	0.0590165
3.755	1.16507	2.79491	1.78119	0.251786	0.0578803
3.76	1.16611	2.7998	1.77993	0.252001	0.0567387
3.765	1.16714	2.80469	1.77867	0.252217	0.0555918
3.77	1.16817	2.80959	1.77741	0.252434	0.0544396
3.775	1.16918	2.81448	1.77615	0.252654	0.0532821
3.78	1.1702	2.81938	1.77488	0.252875	0.0521194
3.785	1.17121	2.82427	1.77362	0.253098	0.0509515
3.79	1.17221	2.82917	1.77235	0.253323	0.0497785
3.795	1.1732	2.83407	1.77109	0.25355	0.0486003
3.8	1.17419	2.83897	1.76982	0.253778	0.0474171
3.805	1.17517	2.84388	1.76855	0.254008	0.0462288
3.81	1.17615	2.84878	1.76728	0.254241	0.0450356
3.815	1.17712	2.85369	1.76601	0.254475	0.0438374
3.82	1.17808	2.85859	1.76474	0.254711	0.0426342
3.825	1.17904	2.8635	1.76346	0.254949	0.0414262
3.83	1.17999	2.86841	1.76219	0.255189	0.0402133
3.835	1.18093	2.87332	1.76091	0.255431	0.0389956
3.84	1.18187	2.87823	1.75963	0.255675	0.0377731
3.845	1.18281	2.88314	1.75836	0.255921	0.0365459
3.85	1.18373	2.88806	1.75708	0.256169	0.035314
3.855	1.18465	2.89297	1.75579	0.256419	0.0340774
3.86	1.18556	2.89789	1.75451	0.256671	0.0328362
3.865	1.18647	2.9028	1.75323	0.256925	0.0315904
3.87	1.18737	2.90772	1.75194	0.257182	0.03034
3.875	1.18827	2.91264	1.75066	0.25744	0.0290852
3.88	1.18916	2.91756	1.74937	0.257701	0.0278258
3.885	1.19004	2.92248	1.74808	0.257963	0.026562
3.89	1.19091	2.92741	1.74679	0.258228	0.0252938
3.895	1.19178	2.93233	1.7455	0.258495	0.0240212
3.9	1.19264	2.93725	1.74421	0.258765	0.0227443
3.905	1.1935	2.94218	1.74292	0.259036	0.0214631
3.91	1.19435	2.94711	1.74162	0.25931	0.0201777
3.915	1.19519	2.95204	1.74032	0.259586	0.018888
3.92	1.19603	2.95697	1.73903	0.259864	0.0175941
3.925	1.19686	2.9619	1.73773	0.260145	0.0162961
3.93	1.19769	2.96683	1.73643	0.260428	0.014994
3.935	1.1985	2.97176	1.73512	0.260713	0.0136878
3.94	1.19932	2.97669	1.73382	0.261	0.0123776
3.945	1.20012	2.98163	1.73252	0.26129	0.0110633
3.95	1.20092	2.98656	1.73121	0.261582	0.00974512
3.955	1.20171	2.9915	1.7299	0.261877	0.00842299
3.96	1.2025	2.99644	1.72859	0.262173	0.00709696
3.965	1.20328	3.00138	1.72728	0.262473	0.00576708
3.97	1.20405	3.00632	1.72597	0.262774	0.00443338
3.975	1.20482	3.01126	1.72465	0.263078	0.00309589
3.98	1.20558	3.0162	1.72334	0.263385	0.00175466
3.985	1.20633	3.02114	1.72202	0.263694	0.000409724
3.99	1.20708	3.02609	1.7207	0.264005	-0.000938889
3.995	1.20782	3.03103	1.71938	0.264319	-0.00229114
4	1.20855	3.03598	1.71806	0.264636	-0.00364699
4.005	1.20928	3.04093	1.71674	0.264954	-0.0050064
4.01	1.21	3.04587	1.71541	0.265276	-0.00636934
4.015	1.21071	3.05082	1.71409	0.2656	-0.00773577
4.02	1.21142	3.05577	1.71276	0.265926	-0.00910565
4.025	1.21212	3.06072	1.71143	0.266255	-0.010479
4.03	1.21281	3.06567	1.7101	0.266587	-0.0118556
4.035	1.2135	3.07063	1.70877	0.266921	-0.0132357
4.04	1.21418	3.07558	1.70743	0.267257	-0.014619
4.045	1.21486	3.08053	1.7061	0.267597	-0.0160056
4.05	1.21552	3.08549	1.70476	0.267938	-0.0173954
4.055	1.21619	3.09045	1.70342	0.268283	-0.0187885
4.06	1.21684	3.0954	1.70208	0.26863	-0.0201847
4.065	1.21749	3.10036	1.70073	0.26898	-0.021584
4.07	1.21813	3.10532	1.69939	0.269332	-0.0229864
4.075	1.21876	3.11028	1.69804	0.269687	-0.0243919
4.08	1.21939	3.11524	1.69669	0.270045	-0.0258004
4.085	1.22001	3.1202	1.69534	0.270405	-0.0272119
4.09	1.22063	3.12516	1.69399	0.270768	-0.0286263
4.095	1.22124	3.13012	1.69264	0.271134	-0.0300436
4.1	1.22184	3.13509	1.69128	0.271503	-0.0314638
4.105	1.22243	3.14005	1.68992	0.271874	-0.0328868
4.11	1.22302	3.14502	1.68856	0.272248	-0.0343126
4.115	1.2236	3.14998	1.6872	0.272624	-0.0357412
4.12	1.22417	3.15495	1.68584	0.273004	-0.0371725
4.125	1.22474	3.15992	1.68447	0.273386	-0.0386065
4.13	1.2253	3.16489	1.68311	0.273771	-0.0400432
4.135	1.22585	3.16986	1.68174	0.274158	-0.0414824
4.14	1.2264	3.17483	1.68037	0.274549	-0.0429243
4.145	1.22694	3.1798	1.679	0.274942	-0.0443687
4.15	1.22747	3.18477	1.67762	0.275338	-0.0458155
4.155	1.228	3.18974	1.67624	0.275737	-0.0472649
4.16	1.22852	3.19471	1.67487	0.276139	-0.0487167
4.165	1.22903	3.19969	1.67348	0.276543	-0.0501709
4.17	1.22954	3.20466	1.6721	0.276951	-0.0516274
4.175	1.23004	3.20964	1.67072	0.277361	-0.0530863
4.18	1.23053	3.21461	1.66933	0.277774	-0.0545475
4.185	1.23101	3.21959	1.66794	0.27819	-0.0560109
4.19	1.23149	3.22457	1.66655	0.278609	-0.0574765
4.195	1.23196	3.22954	1.66516	0.27903	-0.0589443
4.2	1.23243	3.23452	1.66376	0.279455	-0.0604142
4.205	1.23288	3.2395	1.66237	0.279882	-0.0618862
4.21	1.23333	3.24448	1.66097	0.280312	-0.0633603
4.215	1.23378	3.24946	1.65956	0.280746	-0.0648365
4.22	1.23421	3.25444	1.65816	0.281182	-0.0663146
4.225	1.23464	3.25942	1.65675	0.281621	-0.0677947
4.23	1.23506	3.26441	1.65535	0.282063	-0.0692767
4.235	1.23548	3.26939	1.65394	0.282508	-0.0707605
4.24	1.23589	3.27437	1.65252	0.282956	-0.0722463
4.245	1.23629	3.27936	1.65111	0.283407	-0.0737338
4.25	1.23668	3.28434	1.64969	0.28386	-0.0752231
4.255	1.23707	3.28933	1.64827	0.284317	-0.0767141
4.26	1.23745	3.29431	1.64685	0.284777	-0.0782069
4.265	1.23782	3.2993	1.64543	0.28524	-0.0797013
4.27	1.23819	3.30428	1.644	0.285705	-0.0811973
4.275	1.23855	3.30927	1.64257	0.286174	-0.0826949
4.28	1.2389	3.31426	1.64114	0.286646	-0.0841941
4.285	1.23924	3.31925	1.63971	0.28712	-0.0856947
4.29	1.23958	3.32424	1.63827	0.287598	-0.0871969
4.295	1.23991	3.32923	1.63683	0.288079	-0.0887005
4.3	1.24023	3.33421	1.63539	0.288562	-0.0902055
4.305	1.24055	3.3392	1.63395	0.289049	-0.0917118
4.31	1.24086	3.3442	1.63251	0.289539	-0.0932195
4.315	1.24116	3.34919	1.63106	0.290032	-0.0947285
4.32	1.24145	3.35418	1.62961	0.290528	-0.0962387
4.325	1.24174	3.35917	1.62816	0.291026	-0.0977501
4.33	1.24202	3.36416	1.6267	0.291528	-0.0992627
4.335	1.24229	3.36915	1.62524	0.292034	-0.100776
4.34	1.24255	3.37415	1.62378	0.292542	-0.102291
4.345	1.24281	3.37914	1.62232	0.293053	-0.103807
4.35	1.24306	3.38413	1.62085	0.293567	-0.105324
4.355	1.24331	3.38913	1.61939	0.294084	-0.106842
4.36	1.24354	3.39412	1.61792	0.294605	-0.108361
4.365	1.24377	3.39912	1.61644	0.295128	-0.109881
4.37	1.24399	3.40411	1.61497	0.295655	-0.111402
4.375	1.2442	3.40911	1.61349	0.296185	-0.112923
4.38	1.24441	3.4141	1.61201	0.296718	-0.114445
4.385	1.24461	3.4191	1.61053	0.297254	-0.115968
4.39	1.2448	3.4241	1.60904	0.297793	-0.117492
4.395	1.24498	3.42909	1.60755	0.298335	-0.119017
4.4	1.24516	3.43409	1.60606	0.29888	-0.120542
4.405	1.24533	3.43909	1.60456	0.299429	-0.122068
4.41	1.24549	3.44408	1.60307	0.29998	-0.123594
4.415	1.24564	3.44908	1.60157	0.300535	-0.125121
4.42	1.24579	3.45408	1.60006	0.301093	-0.126648
4.425	1.24593	3.45908	1.59856	0.301654	-0.128176
4.43	1.24606	3.46408	1.59705	0.302218	-0.129705
4.435	1.24618	3.46907	1.59554	0.302786	-0.131233
4.44	1.2463	3.47407	1.59403	0.303356	-0.132762
4.445	1.24641	3.47907	1.59251	0.30393	-0.134292
4.45	1.24651	3.48407	1.59099	0.304507	-0.135821
4.455	1.2466	3.48907	1.58947	0.305087	-0.137351
4.46	1.24669	3.49407	1.58794	0.30567	-0.138881
4.465	1.24677	3.49907	1.58641	0.306256	-0.140411
4.47	1.24684	3.50407	1.58488	0.306846	-0.141942
4.475	1.2469	3.50907	1.58335	0.307439	-0.143472
4.48	1.24695	3.51407	1.58181	0.308035	-0.145002
4.485	1.247	3.51907	1.58027	0.308634	-0.146533
4.49	1.24704	3.52407	1.57873	0.309236	-0.148063
4.495	1.24707	3.52907	1.57718	0.309842	-0.149594
4.5	1.2471	3.53407	1.57563	0.310451	-0.151124
4.505	1.24711	3.53907	1.57408	0.311063	-0.152654
4.51	1.24712	3.54407	1.57252	0.311678	-0.154184
4.515	1.24712	3.54907	1.57097	0.312297	-0.155713
4.52	1.24712	3.55407	1.5694	0.312918	-0.157243
4.525	1.2471	3.55907	1.56784	0.313543	-0.158772
4.53	1.24708	3.56407	1.56627	0.314171	-0.1603
4.535	1.24705	3.56907	1.5647	0.314803	-0.161829
4.54	1.24701	3.57407	1.56313	0.315437	-0.163357
4.545	1.24696	3.57907	1.56155	0.316075	-0.164884
4.55	1.24691	3.58407	1.55997	0.316716	-0.166411
4.555	1.24685	3.58907	1.55839	0.317361	-0.167938
4.56	1.24678	3.59407	1.5568	0.318008	-0.169463
4.565	1.2467	3.59906	1.55521	0.318659	-0.170989
4.57	1.24661	3.60406	1.55362	0.319313	-0.172513
4.575	1.24652	3.60906	1.55202	0.319971	-0.174037
4.58	1.24642	3.61406	1.55042	0.320631	-0.17556
4.585	1.24631	3.61906	1.54882	0.321295	-0.177082
4.59	1.24619	3.62406	1.54721	0.321962	-0.178604
4.595	1.24606	3.62906	1.5456	0.322633	-0.180125
4.6	1.24593	3.63406	1.54399	0.323307	-0.181644
4.605	1.24579	3.63905	1.54237	0.323984	-0.183163
4.61	1.24564	3.64405	1.54075	0.324664	-0.184681
4.615	1.24548	3.64905	1.53913	0.325347	-0.186198
4.62	1.24531	3.65405	1.5375	0.326034	-0.187714
4.625	1.24514	3.65904	1.53587	0.326724	-0.189229
4.63	1.24496	3.66404	1.53424	0.327418	-0.190742
4.635	1.24476	3.66904	1.5326	0.328115	-0.192255
4.64	1.24457	3.67403	1.53096	0.328815	-0.193766
4.645	1.24436	3.67903	1.52931	0.329518	-0.195276
4.65	1.24414	3.68402	1.52767	0.330224	-0.196784
4.655	1.24392	3.68902	1.52602	0.330934	-0.198292
4.66	1.24369	3.69401	1.52436	0.331648	-0.199797
4.665	1.24345	3.69901	1.5227	0.332364	-0.201302
4.67	1.2432	3.704	1.52104	0.333084	-0.202805
4.675	1.24294	3.70899	1.51938	0.333807	-0.204307
4.68	1.24268	3.71399	1.51771	0.334533	-0.205807
4.685	1.2424	3.71898	1.51603	0.335263	-0.207305
4.69	1.24212	3.72397	1.51436	0.335996	-0.208802
4.695	1.24183	3.72896	1.51268	0.336733	-0.210297
4.7	1.24153	3.73395	1.51099	0.337472	-0.21179
4.705	1.24122	3.73895	1.50931	0.338215	-0.213282
4.71	1.24091	3.74394	1.50762	0.338962	-0.214772
4.715	1.24058	3.74892	1.50592	0.339711	-0.21626
4.72	1.24025	3.75391	1.50422	0.340464	-0.217747
4.725	1.23991	3.7589	1.50252	0.341221	-0.219231
4.73	1.23956	3.76389	1.50081	0.34198	-0.220713
4.735	1.2392	3.76888	1.4991	0.342743	-0.222194
4.74	1.23883	3.77386	1.49739	0.34351	-0.223672
4.745	1.23846	3.77885	1.49567	0.344279	-0.225148
4.75	1.23808	3.78383	1.49395	0.345052	-0.226623
4.755	1.23768	3.78882	1.49223	0.345829	-0.228095
4.76	1.23728	3.7938	1.4905	0.346608	-0.229565
4.765	1.23687	3.79879	1.48876	0.347392	-0.231032
4.77	1.23645	3.80377	1.48703	0.348178	-0.232498
4.775	1.23603	3.80875	1.48529	0.348968	-0.233961
4.78	1.23559	3.81373	1.48354	0.349761	-0.235421
4.785	1.23515	3.81871	1.48179	0.350557	-0.236879
4.79	1.23469	3.82369	1.48004	0.351357	-0.238335
4.795	1.23423	3.82867	1.47828	0.35216	-0.239789
4.8	1.23376	3.83365	1.47652	0.352967	-0.241239
4.805	1.23328	3.83862	1.47476	0.353777	-0.242688
4.81	1.23279	3.8436	1.47299	0.35459	-0.244133
4.815	1.2323	3.84858	1.47121	0.355406	-0.245576
4.82	1.23179	3.85355	1.46944	0.356226	-0.247017
4.825	1.23128	3.85852	1.46766	0.35705	-0.248454
4.83	1.23075	3.8635	1.46587	0.357876	-0.249889
4.835	1.23022	3.86847	1.46408	0.358707	-0.251321
4.84	1.22968	3.87344	1.46229	0.35954	-0.25275
4.845	1.22913	3.87841	1.46049	0.360377	-0.254176
4.85	1.22857	3.88338	1.45869	0.361217	-0.255599
4.855	1.228	3.88834	1.45688	0.362061	-0.257019
4.86	1.22742	3.89331	1.45507	0.362907	-0.258437
4.865	1.22684	3.89828	1.45326	0.363758	-0.259851
4.87	1.22624	3.90324	1.45144	0.364611	-0.261262
4.875	1.22564	3.9082	1.44962	0.365469	-0.262669
4.88	1.22502	3.91317	1.44779	0.366329	-0.264074
4.885	1.2244	3.91813	1.44596	0.367193	-0.265475
4.89	1.22377	3.92309	1.44412	0.36806	-0.266873
4.895	1.22313	3.92805	1.44228	0.368931	-0.268268
4.9	1.22248	3.933	1.44044	0.369805	-0.269659
4.905	1.22182	3.93796	1.43859	0.370682	-0.271047
4.91	1.22115	3.94291	1.43673	0.371563	-0.272432
4.915	1.22047	3.94787	1.43488	0.372447	-0.273813
4.92	1.21979	3.95282	1.43301	0.373335	-0.27519
4.925	1.21909	3.95777	1.43115	0.374226	-0.276564
4.93	1.21839	3.96272	1.42928	0.37512	-0.277934
4.935	1.21767	3.96767	1.4274	0.376018	-0.2793
4.94	1.21695	3.97262	1.42552	0.376919	-0.280663
4.945	1.21621	3.97756	1.42364	0.377824	-0.282022
4.95	1.21547	3.98251	1.42175	0.378732	-0.283377
4.955	1.21472	3.98745	1.41985	0.379643	-0.284728
4.96	1.21396	3.99239	1.41795	0.380558	-0.286075
4.965	1.21319	3.99733	1.41605	0.381476	-0.287419
4.97	1.21241	4.00227	1.41414	0.382398	-0.288758
4.975	1.21162	4.00721	1.41223	0.383323	-0.290094
4.98	1.21082	4.01215	1.41032	0.384251	-0.291425
4.985	1.21001	4.01708	1.40839	0.385183	-0.292752
4.99	1.20919	4.02201	1.40647	0.386118	-0.294075
4.995	1.20836	4.02694	1.40454	0.387057	-0.295394
5	1.20753	4.03187	1.4026	0.387999	-0.296708
5.005	1.20668	4.0368	1.40066	0.388945	-0.298018
5.01	1.20583	4.04173	1.39872	0.389894	-0.299324
5.015	1.20496	4.04665	1.39677	0.390846	-0.300625
5.02	1.20408	4.05157	1.39481	0.391802	-0.301922
5.025	1.2032	4.0565	1.39286	0.392761	-0.303215
5.03	1.2023	4.06142	1.39089	0.393724	-0.304503
5.035	1.2014	4.06633	1.38892	0.39469	-0.305786
5.04	1.20049	4.07125	1.38695	0.395659	-0.307065
5.045	1.19956	4.07616	1.38497	0.396632	-0.308339
5.05	1.19863	4.08107	1.38299	0.397609	-0.309608
5.055	1.19769	4.08598	1.381	0.398589	-0.310873
5.06	1.19673	4.09089	1.37901	0.399572	-0.312133
5.065	1.19577	4.0958	1.37701	0.400559	-0.313388
5.07	1.1948	4.1007	1.37501	0.401549	-0.314638
5.075	1.19381	4.10561	1.373	0.402542	-0.315883
5.08	1.19282	4.11051	1.37099	0.403539	-0.317123
5.085	1.19182	4.11541	1.36897	0.40454	-0.318358
5.09	1.19081	4.1203	1.36695	0.405544	-0.319588
5.095	1.18979	4.1252	1.36492	0.406551	-0.320813
5.1	1.18875	4.13009	1.36289	0.407562	-0.322033
5.105	1.18771	4.13498	1.36085	0.408577	-0.323247
5.11	1.18666	4.13987	1.3588	0.409594	-0.324457
5.115	1.1856	4.14475	1.35676	0.410616	-0.325661
5.12	1.18452	4.14964	1.3547	0.41164	-0.326859
5.125	1.18344	4.15452	1.35265	0.412668	-0.328053
5.13	1.18235	4.1594	1.35058	0.4137	-0.32924
5.135	1.18125	4.16427	1.34851	0.414735	-0.330423
5.14	1.18014	4.16915	1.34644	0.415774	-0.331599
5.145	1.17901	4.17402	1.34436	0.416816	-0.33277
5.15	1.17788	4.17889	1.34228	0.417861	-0.333936
5.155	1.17674	4.18376	1.34019	0.41891	-0.335096
5.16	1.17558	4.18862	1.33809	0.419963	-0.33625
5.165	1.17442	4.19349	1.33599	0.421019	-0.337398
5.17	1.17325	4.19835	1.33389	0.422078	-0.338541
5.175	1.17206	4.20321	1.33178	0.423141	-0.339678
5.18	1.17087	4.20806	1.32966	0.424208	-0.340808
5.185	1.16967	4.21291	1.32754	0.425277	-0.341933
5.19	1.16845	4.21776	1.32541	0.426351	-0.343052
5.195	1.16723	4.22261	1.32328	0.427428	-0.344165
5.2	1.16599	4.22746	1.32115	0.428508	-0.345271
5.205	1.16475	4.2323	1.319	0.429592	-0.346372
5.21	1.16349	4.23714	1.31686	0.430679	-0.347466
5.215	1.16222	4.24198	1.3147	0.43177	-0.348554
5.22	1.16095	4.24681	1.31254	0.432865	-0.349636
5.225	1.15966	4.25164	1.31038	0.433963	-0.350712
5.23	1.15836	4.25647	1.30821	0.435064	-0.351781
5.235	1.15705	4.2613	1.30603	0.436169	-0.352843
5.24	1.15573	4.26612	1.30385	0.437278	-0.3539
5.245	1.1544	4.27094	1.30167	0.43839	-0.354949
5.25	1.15306	4.27576	1.29947	0.439505	-0.355992
5.255	1.15171	4.28057	1.29728	0.440624	-0.357029
5.26	1.15035	4.28538	1.29507	0.441747	-0.358059
5.265	1.14898	4.29019	1.29286	0.442873	-0.359082
5.27	1.1476	4.29499	1.29065	0.444003	-0.360098
5.275	1.1462	4.2998	1.28843	0.445136	-0.361108
5.28	1.1448	4.30459	1.2862	0.446273	-0.362111
5.285	1.14339	4.30939	1.28397	0.447413	-0.363106
5.29	1.14196	4.31418	1.28174	0.448557	-0.364095
5.295	1.14052	4.31897	1.27949	0.449704	-0.365077
5.3	1.13908	4.32376	1.27724	0.450855	-0.366052
5.305	1.13762	4.32854	1.27499	0.45201	-0.36702
5.31	1.13615	4.33332	1.27273	0.453168	-0.36798
5.315	1.13467	4.3381	1.27046	0.45433	-0.368934
5.32	1.13318	4.34287	1.26819	0.455495	-0.36988
5.325	1.13168	4.34764	1.26592	0.456664	-0.370819
5.33	1.13017	4.3524	1.26363	0.457836	-0.37175
5.335	1.12865	4.35717	1.26134	0.459012	-0.372674
5.34	1.12711	4.36193	1.25905	0.460192	-0.373591
5.345	1.12557	4.36668	1.25675	0.461375	-0.3745
5.35	1.12401	4.37143	1.25444	0.462562	-0.375402
5.355	1.12245	4.37618	1.25213	0.463752	-0.376296
5.36	1.12087	4.38093	1.24981	0.464946	-0.377183
5.365	1.11928	4.38567	1.24748	0.466144	-0.378062
5.37	1.11768	4.3904	1.24515	0.467345	-0.378933
5.375	1.11607	4.39514	1.24282	0.46855	-0.379796
5.38	1.11445	4.39987	1.24047	0.469758	-0.380652
5.385	1.11282	4.40459	1.23813	0.47097	-0.3815
5.39	1.11117	4.40932	1.23577	0.472186	-0.382339
5.395	1.10952	4.41403	1.23341	0.473405	-0.383171
5.4	1.10785	4.41875	1.23104	0.474629	-0.383995
5.405	1.10617	4.42346	1.22867	0.475855	-0.384811
5.41	1.10448	4.42816	1.22629	0.477086	-0.385619
5.415	1.10278	4.43287	1.2239	0.47832	-0.386418
5.42	1.10107	4.43756	1.22151	0.479557	-0.38721
5.425	1.09935	4.44226	1.21911	0.480798	-0.387993
5.43	1.09762	4.44695	1.21671	0.482043	-0.388768
5.435	1.09587	4.45163	1.2143	0.483292	-0.389534
5.44	1.09412	4.45632	1.21188	0.484545	-0.390292
5.445	1.09235	4.46099	1.20946	0.485801	-0.391042
5.45	1.09057	4.46567	1.20703	0.48706	-0.391783
5.455	1.08878	4.47033	1.2046	0.488324	-0.392516
5.46	1.08698	4.475	1.20216	0.489591	-0.39324
5.465	1.08516	4.47966	1.19971	0.490862	-0.393955
5.47	1.08334	4.48431	1.19725	0.492137	-0.394662
5.475	1.0815	4.48896	1.19479	0.493415	-0.39536
5.48	1.07966	4.49361	1.19233	0.494697	-0.396049
5.485	1.0778	4.49825	1.18985	0.495983	-0.39673
5.49	1.07593	4.50289	1.18737	0.497273	-0.397401
5.495	1.07404	4.50752	1.18489	0.498566	-0.398064
5.5	1.07215	4.51215	1.18239	0.499863	-0.398718
5.505	1.07025	4.51677	1.17989	0.501164	-0.399362
5.51	1.06833	4.52139	1.17739	0.502469	-0.399998
5.515	1.0664	4.526	1.17488	0.503777	-0.400625
5.52	1.06446	4.53061	1.17236	0.505089	-0.401242
5.525	1.06251	4.53521	1.16983	0.506405	-0.40185
5.53	1.06055	4.53981	1.1673	0.507725	-0.402449
5.535	1.05857	4.54441	1.16476	0.509049	-0.403038
5.54	1.05659	4.54899	1.16222	0.510377	-0.403619
5.545	1.05459	4.55358	1.15966	0.511708	-0.404189
5.55	1.05258	4.55816	1.1571	0.513043	-0.404751
5.555	1.05056	4.56273	1.15454	0.514382	-0.405303
5.56	1.04852	4.5673	1.15197	0.515725	-0.405845
5.565	1.04648	4.57186	1.14939	0.517072	-0.406378
5.57	1.04442	4.57642	1.1468	0.518423	-0.406901
5.575	1.04235	4.58097	1.14421	0.519777	-0.407414
5.58	1.04027	4.58552	1.14161	0.521136	-0.407918
5.585	1.03818	4.59006	1.13901	0.522498	-0.408412
5.59	1.03607	4.59459	1.13639	0.523864	-0.408896
5.595	1.03396	4.59912	1.13378	0.525235	-0.40937
5.6	1.03183	4.60365	1.13115	0.526609	-0.409835
5.605	1.02969	4.60817	1.12852	0.527987	-0.410289
5.61	1.02754	4.61268	1.12588	0.529369	-0.410733
5.615	1.02537	4.61719	1.12323	0.530755	-0.411167
5.62	1.0232	4.62169	1.12058	0.532145	-0.411591
5.625	1.02101	4.62618	1.11791	0.533539	-0.412005
5.63	1.01881	4.63067	1.11525	0.534937	-0.412409
5.635	1.0166	4.63516	1.11257	0.536339	-0.412803
5.64	1.01437	4.63964	1.10989	0.537745	-0.413186
5.645	1.01214	4.64411	1.1072	0.539155	-0.413559
5.65	1.00989	4.64857	1.10451	0.540569	-0.413921
5.655	1.00763	4.65303	1.1018	0.541988	-0.414273
5.66	1.00536	4.65749	1.09909	0.54341	-0.414615
5.665	1.00307	4.66194	1.09638	0.544836	-0.414946
5.67	1.00078	4.66638	1.09365	0.546267	-0.415266
5.675	0.99847	4.67081	1.09092	0.547701	-0.415576
5.68	0.99615	4.67524	1.08818	0.54914	-0.415875
5.685	0.993817	4.67966	1.08544	0.550583	-0.416164
5.69	0.991472	4.68408	1.08268	0.55203	-0.416441
5.695	0.989115	4.68849	1.07992	0.553481	-0.416708
5.7	0.986746	4.69289	1.07716	0.554936	-0.416964
5.705	0.984365	4.69729	1.07438	0.556396	-0.417209
5.71	0.981971	4.70168	1.0716	0.557859	-0.417443
5.715	0.979565	4.70606	1.06881	0.559327	-0.417666
5.72	0.977147	4.71044	1.06601	0.560799	-0.417878
5.725	0.974717	4.71481	1.06321	0.562276	-0.418079
5.73	0.972274	4.71917	1.0604	0.563757	-0.418269
5.735	0.969819	4.72353	1.05758	0.565242	-0.418448
5.74	0.967352	4.72788	1.05475	0.566731	-0.418616
5.745	0.964872	4.73222	1.05192	0.568225	-0.418772
5.75	0.962381	4.73655	1.04908	0.569722	-0.418917
5.755	0.959876	4.74088	1.04623	0.571225	-0.41905
5.76	0.95736	4.7452	1.04337	0.572731	-0.419172
5.765	0.954831	4.74951	1.04051	0.574242	-0.419283
5.77	0.95229	4.75382	1.03764	0.575758	-0.419382
5.775	0.949736	4.75812	1.03476	0.577278	-0.41947
5.78	0.94717	4.76241	1.03187	0.578802	-0.419546
5.785	0.944591	4.76669	1.02898	0.580331	-0.419611
5.79	0.942001	4.77097	1.02608	0.581864	-0.419663
5.795	0.939397	4.77524	1.02317	0.583402	-0.419705
5.8	0.936782	4.7795	1.02025	0.584944	-0.419734
5.805	0.934153	4.78375	1.01733	0.586491	-0.419752
5.81	0.931513	4.788	1.01439	0.588042	-0.419757
5.815	0.928859	4.79224	1.01145	0.589598	-0.419751
5.82	0.926194	4.79647	1.00851	0.591159	-0.419733
5.825	0.923516	4.80069	1.00555	0.592724	-0.419703
5.83	0.920825	4.80491	1.00259	0.594294	-0.419661
5.835	0.918122	4.80911	0.999615	0.595869	-0.419607
5.84	0.915406	4.81331	0.996636	0.597448	-0.419541
5.845	0.912678	4.8175	0.993649	0.599032	-0.419462
5.85	0.909937	4.82168	0.990654	0.60062	-0.419372
5.855	0.907184	4.82586	0.987651	0.602214	-0.419269
5.86	0.904418	4.83002	0.98464	0.603812	-0.419154
5.865	0.90164	4.83418	0.98162	0.605415	-0.419027
5.87	0.898849	4.83833	0.978593	0.607023	-0.418887
5.875	0.896046	4.84247	0.975558	0.608636	-0.418735
5.88	0.893229	4.8466	0.972515	0.610253	-0.418571
5.885	0.890401	4.85072	0.969464	0.611876	-0.418394
5.89	0.887559	4.85484	0.966404	0.613503	-0.418204
5.895	0.884705	4.85894	0.963337	0.615136	-0.418002
5.9	0.881839	4.86304	0.960261	0.616773	-0.417788
5.905	0.87896	4.86713	0.957177	0.618416	-0.417561
5.91	0.876068	4.8712	0.954085	0.620063	-0.417321
5.915	0.873164	4.87527	0.950985	0.621716	-0.417068
5.92	0.870247	4.87934	0.947876	0.623374	-0.416803
5.925	0.867317	4.88339	0.94476	0.625036	-0.416525
5.93	0.864375	4.88743	0.941634	0.626705	-0.416234
5.935	0.86142	4.89146	0.938501	0.628378	-0.41593
5.94	0.858452	4.89549	0.935359	0.630056	-0.415613
5.945	0.855472	4.8995	0.932209	0.63174	-0.415284
5.95	0.852479	4.90351	0.92905	0.633429	-0.414941
5.955	0.849473	4.9075	0.925883	0.635124	-0.414585
5.96	0.846455	4.91149	0.922707	0.636824	-0.414217
5.965	0.843424	4.91547	0.919523	0.638529	-0.413835
5.97	0.84038	4.91943	0.91633	0.64024	-0.41344
5.975	0.837324	4.92339	0.913129	0.641956	-0.413032
5.98	0.834255	4.92734	0.909919	0.643678	-0.412611
5.985	0.831173	4.93127	0.906701	0.645405	-0.412176
5.99	0.828078	4.9352	0.903474	0.647138	-0.411728
5.995	0.824971	4.93912	0.900238	0.648877	-0.411267
6	0.821851	4.94303	0.896994	0.650621	-0.410793
6.005	0.818719	4.94692	0.893741	0.652371	-0.410305
6.01	0.815574	4.95081	0.890479	0.654127	-0.409803
6.015	0.812416	4.95469	0.887208	0.655889	-0.409289
6.02	0.809245	4.95855	0.883929	0.657656	-0.40876
6.025	0.806062	4.96241	0.880641	0.65943	-0.408219
6.03	0.802866	4.96625	0.877343	0.661209	-0.407663
6.035	0.799657	4.97009	0.874037	0.662995	-0.407094
6.04	0.796436	4.97391	0.870722	0.664786	-0.406512
6.045	0.793202	4.97773	0.867399	0.666584	-0.405916
6.05	0.789955	4.98153	0.864066	0.668387	-0.405306
6.055	0.786696	4.98532	0.860724	0.670197	-0.404682
6.06	0.783424	4.9891	0.857373	0.672013	-0.404045
6.065	0.780139	4.99287	0.854013	0.673836	-0.403393
6.07	0.776841	4.99663	0.850643	0.675664	-0.402728
6.075	0.773531	5.00038	0.847265	0.6775	-0.40205
6.08	0.770208	5.00411	0.843878	0.679341	-0.401357
6.085	0.766873	5.00784	0.840481	0.681189	-0.40065
6.09	0.763525	5.01155	0.837075	0.683044	-0.399929
6.095	0.760164	5.01525	0.83366	0.684905	-0.399195
6.1	0.75679	5.01894	0.830235	0.686774	-0.398446
6.105	0.753404	5.02262	0.826801	0.688648	-0.397683
6.11	0.750005	5.02629	0.823358	0.69053	-0.396907
6.115	0.746594	5.02994	0.819905	0.692419	-0.396116
6.12	0.74317	5.03359	0.816443	0.694314	-0.395311
6.125	0.739733	5.03722	0.812972	0.696217	-0.394492
6.13	0.736284	5.04084	0.809491	0.698126	-0.393658
6.135	0.732822	5.04445	0.806	0.700043	-0.392811
6.14	0.729347	5.04804	0.8025	0.701967	-0.391949
6.145	0.72586	5.05163	0.79899	0.703898	-0.391073
6.15	0.72236	5.0552	0.795471	0.705837	-0.390182
6.155	0.718848	5.05875	0.791941	0.707783	-0.389277
6.16	0.715323	5.0623	0.788402	0.709736	-0.388358
6.165	0.711786	5.06583	0.784854	0.711698	-0.387425
6.17	0.708235	5.06936	0.781295	0.713666	-0.386477
6.175	0.704673	5.07286	0.777727	0.715643	-0.385515
6.18	0.701098	5.07636	0.774149	0.717628	-0.384538
6.185	0.69751	5.07984	0.770561	0.71962	-0.383546
6.19	0.69391	5.08331	0.766963	0.72162	-0.38254
6.195	0.690298	5.08677	0.763354	0.723629	-0.38152
6.2	0.686672	5.09021	0.759736	0.725646	-0.380485
6.205	0.683035	5.09364	0.756108	0.727671	-0.379436
6.21	0.679385	5.09706	0.75247	0.729704	-0.378371
6.215	0.675722	5.10046	0.748821	0.731746	-0.377292
6.22	0.672048	5.10385	0.745162	0.733796	-0.376199
6.225	0.66836	5.10723	0.741493	0.735856	-0.375091
6.23	0.664661	5.11059	0.737814	0.737923	-0.373968
6.235	0.660948	5.11394	0.734125	0.74	-0.37283
6.24	0.657224	5.11728	0.730425	0.742086	-0.371678
6.245	0.653487	5.1206	0.726714	0.744181	-0.370511
6.25	0.649738	5.12391	0.722993	0.746285	-0.369329
6.255	0.645977	5.1272	0.719262	0.748399	-0.368132
6.26	0.642203	5.13048	0.71552	0.750522	-0.36692
6.265	0.638417	5.13375	0.711767	0.752654	-0.365694
6.27	0.634618	5.137	0.708004	0.754796	-0.364452
6.275	0.630808	5.14024	0.70423	0.756949	-0.363196
6.28	0.626985	5.14346	0.700445	0.759111	-0.361924
6.285	0.62315	5.14667	0.69665	0.761283	-0.360638
6.29	0.619303	5.14986	0.692843	0.763465	-0.359337
6.295	0.615444	5.15304	0.689026	0.765658	-0.358021
6.3	0.611572	5.15621	0.685198	0.767861	-0.35669
6.305	0.607689	5.15936	0.681358	0.770075	-0.355343
6.31	0.603793	5.16249	0.677508	0.7723	-0.353982
6.315	0.599885	5.16561	0.673646	0.774536	-0.352606
6.32	0.595965	5.16871	0.669774	0.776783	-0.351214
6.325	0.592034	5.1718	0.66589	0.779041	-0.349807
6.33	0.58809	5.17488	0.661995	0.78131	-0.348386
6.335	0.584134	5.17793	0.658088	0.783592	-0.346949
6.34	0.580166	5.18098	0.65417	0.785885	-0.345497
6.345	0.576186	5.184	0.650241	0.78819	-0.34403
6.35	0.572195	5.18701	0.6463	0.790507	-0.342547
6.355	0.568191	5.19001	0.642347	0.792837	-0.341049
6.36	0.564176	5.19299	0.638383	0.795179	-0.339537
6.365	0.560149	5.19595	0.634407	0.797534	-0.338008
6.37	0.55611	5.1989	0.630419	0.799902	-0.336465
6.375	0.552059	5.20183	0.62642	0.802283	-0.334906
6.38	0.547997	5.20475	0.622409	0.804677	-0.333332
6.385	0.543923	5.20765	0.618385	0.807085	-0.331743
6.39	0.539837	5.21053	0.61435	0.809507	-0.330138
6.395	0.53574	5.21339	0.610302	0.811943	-0.328518
6.4	0.531631	5.21624	0.606242	0.814393	-0.326883
6.405	0.52751	5.21907	0.602171	0.816858	-0.325232
6.41	0.523378	5.22189	0.598086	0.819337	-0.323566
6.415	0.519235	5.22469	0.59399	0.821832	-0.321885
6.42	0.51508	5.22747	0.58988	0.824342	-0.320187
6.425	0.510913	5.23023	0.585759	0.826868	-0.318475
6.43	0.506735	5.23298	0.581624	0.829409	-0.316747
6.435	0.502546	5.23571	0.577477	0.831967	-0.315004
6.44	0.498346	5.23842	0.573317	0.834541	-0.313245
6.445	0.494134	5.24112	0.569145	0.837132	-0.31147
6.45	0.489911	5.24379	0.564959	0.83974	-0.30968
6.455	0.485676	5.24645	0.56076	0.842366	-0.307875
6.46	0.481431	5.24909	0.556549	0.845009	-0.306054
6.465	0.477174	5.25172	0.552324	0.847671	-0.304217
6.47	0.472907	5.25432	0.548085	0.850351	-0.302365
6.475	0.468628	5.25691	0.543833	0.85305	-0.300497
6.48	0.464339	5.25948	0.539568	0.855768	-0.298613
6.485	0.460038	5.26203	0.535289	0.858506	-0.296714
6.49	0.455726	5.26456	0.530997	0.861264	-0.294799
6.495	0.451404	5.26707	0.52669	0.864043	-0.292868
6.5	0.447071	5.26957	0.52237	0.866842	-0.290922
6.505	0.442727	5.27204	0.518036	0.869663	-0.28896
6.51	0.438372	5.2745	0.513688	0.872506	-0.286982
6.515	0.434007	5.27694	0.509325	0.875371	-0.284989
6.52	0.429631	5.27936	0.504948	0.878259	-0.282979
6.525	0.425244	5.28176	0.500557	0.881171	-0.280954
6.53	0.420847	5.28414	0.496151	0.884106	-0.278913
6.535	0.41644	5.2865	0.491731	0.887066	-0.276856
6.54	0.412022	5.28884	0.487295	0.890051	-0.274784
6.545	0.407593	5.29116	0.482845	0.893061	-0.272695
6.55	0.403154	5.29346	0.47838	0.896098	-0.27059
6.555	0.398705	5.29575	0.473899	0.899162	-0.26847
6.56	0.394246	5.29801	0.469403	0.902253	-0.266333
6.565	0.389777	5.30025	0.464892	0.905373	-0.264181
6.57	0.385297	5.30247	0.460365	0.908521	-0.262012
6.575	0.380808	5.30467	0.455823	0.9117	-0.259828
6.58	0.376308	5.30685	0.451264	0.914909	-0.257627
6.585	0.371799	5.30901	0.44669	0.918149	-0.25541
6.59	0.36728	5.31115	0.442099	0.921421	-0.253177
6.595	0.362751	5.31327	0.437492	0.924727	-0.250928
6.6	0.358212	5.31537	0.432868	0.928066	-0.248662
6.605	0.353663	5.31744	0.428228	0.931441	-0.246381
6.61	0.349105	5.3195	0.423571	0.934851	-0.244083
6.615	0.344538	5.32153	0.418896	0.938299	-0.241768
6.62	0.33996	5.32354	0.414205	0.941784	-0.239437
6.625	0.335374	5.32553	0.409496	0.945308	-0.23709
6.63	0.330778	5.3275	0.404769	0.948873	-0.234726
6.635	0.326173	5.32945	0.400025	0.95248	-0.232346
6.64	0.321558	5.33138	0.395263	0.956129	-0.229949
6.645	0.316934	5.33328	0.390482	0.959823	-0.227536
6.65	0.312302	5.33516	0.385683	0.963562	-0.225106
6.655	0.30766	5.33702	0.380865	0.967349	-0.222659
6.66	0.303009	5.33885	0.376028	0.971184	-0.220195
6.665	0.29835	5.34067	0.371172	0.975069	-0.217714
6.67	0.293682	5.34246	0.366297	0.979007	-0.215217
6.675	0.289005	5.34423	0.361402	0.982998	-0.212702
6.68	0.284319	5.34597	0.356487	0.987046	-0.210171
6.685	0.279625	5.34769	0.351552	0.991151	-0.207622
6.69	0.274922	5.34939	0.346596	0.995316	-0.205056
6.695	0.270211	5.35107	0.34162	0.999543	-0.202472
6.7	0.265492	5.35272	0.336622	1.00383	-0.199871
6.705	0.260764	5.35435	0.331603	1.00819	-0.197253
6.71	0.256028	5.35595	0.326562	1.01262	-0.194617
6.715	0.251284	5.35753	0.321499	1.01712	-0.191963
6.72	0.246533	5.35909	0.316413	1.0217	-0.189292
6.725	0.241773	5.36062	0.311304	1.02635	-0.186602
6.73	0.237005	5.36212	0.306173	1.03109	-0.183894
6.735	0.23223	5.36361	0.301017	1.03592	-0.181169
6.74	0.227447	5.36507	0.295838	1.04083	-0.178425
6.745	0.222657	5.3665	0.290633	1.04583	-0.175662
6.75	0.217859	5.36791	0.285404	1.05094	-0.172881
6.755	0.213054	5.36929	0.28015	1.05614	-0.170081
6.76	0.208242	5.37065	0.274869	1.06146	-0.167262
6.765	0.203423	5.37198	0.269562	1.06689	-0.164423
6.77	0.198596	5.37328	0.264227	1.07243	-0.161566
6.775	0.193763	5.37456	0.258865	1.0781	-0.158689
6.78	0.188922	5.37582	0.253475	1.08391	-0.155793
6.785	0.184076	5.37704	0.248055	1.08985	-0.152876
6.79	0.179222	5.37825	0.242606	1.09594	-0.149939
6.795	0.174362	5.37942	0.237126	1.10219	-0.146982
6.8	0.169495	5.38057	0.231615	1.1086	-0.144005
6.805	0.164623	5.38169	0.226072	1.11519	-0.141006
6.81	0.159744	5.38278	0.220496	1.12197	-0.137986
6.815	0.154859	5.38385	0.214886	1.12894	-0.134945
6.82	0.149968	5.38489	0.209242	1.13613	-0.131882
6.825	0.145071	5.3859	0.203561	1.14355	-0.128798
6.83	0.140168	5.38688	0.197843	1.15122	-0.12569
6.835	0.13526	5.38783	0.192087	1.15915	-0.12256
6.84	0.130347	5.38876	0.186291	1.16737	-0.119408
6.845	0.125428	5.38966	0.180454	1.1759	-0.116231
6.85	0.120504	5.39053	0.174575	1.18477	-0.113032
6.855	0.115575	5.39137	0.168651	1.19401	-0.109808
6.86	0.110641	5.39218	0.162681	1.20365	-0.106559
6.865	0.105702	5.39296	0.156663	1.21375	-0.103287
6.87	0.100759	5.39371	0.150594	1.22433	-0.099989
6.875	0.095811	5.39443	0.144472	1.23547	-0.0966662
6.88	0.0908588	5.39511	0.138295	1.24723	-0.0933182
6.885	0.0859023	5.39577	0.132059	1.25969	-0.0899451
6.89	0.0809418	5.3964	0.12576	1.27294	-0.0865471
6.895	0.0759774	5.397	0.119396	1.2871	-0.0831247
6.9	0.0710092	5.39756	0.11296	1.30233	-0.0796789
6.905	0.0660375	5.39809	0.106449	1.3188	-0.0762113
6.91	0.0610625	5.39859	0.0998546	1.33676	-0.0727245
6.915	0.0560841	5.39905	0.0931708	1.35654	-0.0692226
6.92	0.0511028	5.39949	0.0863881	1.37857	-0.0657119
6.925	0.0461186	5.39988	0.0794952	1.40347	-0.0622025
6.93	0.0411317	5.40024	0.0724779	1.43214	-0.0587105
6.935	0.0361424	5.40057	0.0653171	1.466	-0.0552626
6.94	0.0311508	5.40086	0.0579872	1.50735	-0.0519053
6.945	0.0261571	5.40111	0.0504504	1.56032	-0.0487232
6.95	0.0211617	5.40133	0.0426488	1.63314	-0.0458854
6.955	0.0161646	5.4015	0.0344831	1.74481	-0.0437729
6.96	0.0111663	5.40163	0.0257591	1.95	-0.0434331
6.965	0.00616695	5.40171	0.0160091	2.47554	-0.0490649
6.97	0.00116698	5.40173	0.00363141	5.34281	-0.109277
