descriptor s_test R_test Z_test
0	1.60787	9.99999e-006	0.002	-0.401962	-0.00161592
0.005	1.60287	3.0049e-005	0.00400981	-0.403927	-0.00324776
0.01	1.59787	6.0196e-005	0.00602944	-0.405895	-0.00489556
0.015	1.59287	0.00010049	0.00805892	-0.407868	-0.00655931
0.02	1.58787	0.000150981	0.0100983	-0.409844	-0.00823904
0.025	1.58287	0.000211716	0.0121475	-0.411824	-0.00993476
0.03	1.57787	0.000282747	0.0142066	-0.413808	-0.0116465
0.035	1.57287	0.000364122	0.0162756	-0.415797	-0.0133742
0.04	1.56787	0.00045589	0.0183546	-0.417789	-0.015118
0.045	1.56287	0.0005581	0.0204436	-0.419786	-0.0168778
0.05	1.55788	0.000670803	0.0225425	-0.421787	-0.0186537
0.055	1.55288	0.000794048	0.0246514	-0.423793	-0.0204457
0.06	1.54788	0.000927884	0.0267704	-0.425803	-0.0222537
0.065	1.54288	0.00107236	0.0288994	-0.427818	-0.0240779
0.07	1.53788	0.00122753	0.0310385	-0.429837	-0.0259181
0.075	1.53289	0.00139344	0.0331877	-0.431862	-0.0277745
0.08	1.52789	0.00157013	0.035347	-0.433891	-0.0296471
0.085	1.52289	0.00175767	0.0375164	-0.435926	-0.0315358
0.09	1.5179	0.0019561	0.0396961	-0.437965	-0.0334406
0.095	1.5129	0.00216547	0.0418859	-0.44001	-0.0353617
0.1	1.50791	0.00238583	0.044086	-0.442061	-0.0372989
0.105	1.50291	0.00261723	0.0462963	-0.444116	-0.0392523
0.11	1.49792	0.00285972	0.0485168	-0.446178	-0.041222
0.115	1.49292	0.00311335	0.0507477	-0.448245	-0.0432079
0.12	1.48793	0.00337817	0.052989	-0.450318	-0.04521
0.125	1.48294	0.00365423	0.0552405	-0.452397	-0.0472284
0.13	1.47795	0.00394158	0.0575025	-0.454482	-0.0492631
0.135	1.47296	0.00424028	0.0597749	-0.456574	-0.051314
0.14	1.46796	0.00455037	0.0620578	-0.458671	-0.0533812
0.145	1.46298	0.0048719	0.0643512	-0.460775	-0.0554648
0.15	1.45799	0.00520493	0.066655	-0.462886	-0.0575646
0.155	1.453	0.00554951	0.0689695	-0.465003	-0.0596808
0.16	1.44801	0.00590568	0.0712945	-0.467127	-0.0618133
0.165	1.44302	0.00627349	0.0736301	-0.469258	-0.0639622
0.17	1.43804	0.00665301	0.0759764	-0.471396	-0.0661275
0.175	1.43305	0.00704428	0.0783334	-0.473541	-0.0683091
0.18	1.42807	0.00744735	0.0807011	-0.475694	-0.0705071
0.185	1.42309	0.00786227	0.0830796	-0.477854	-0.0727215
0.19	1.41811	0.00828909	0.0854688	-0.480021	-0.0749523
0.195	1.41313	0.00872787	0.0878689	-0.482196	-0.0771995
0.2	1.40815	0.00917866	0.0902799	-0.484379	-0.0794631
0.205	1.40317	0.0096415	0.0927018	-0.48657	-0.0817432
0.21	1.39819	0.0101165	0.0951347	-0.48877	-0.0840398
0.215	1.39321	0.0106036	0.0975785	-0.490977	-0.0863528
0.22	1.38824	0.0111029	0.100033	-0.493193	-0.0886822
0.225	1.38326	0.0116145	0.102499	-0.495417	-0.0910282
0.23	1.37829	0.0121384	0.104976	-0.497651	-0.0933907
0.235	1.37332	0.0126747	0.107465	-0.499893	-0.0957696
0.24	1.36835	0.0132234	0.109964	-0.502144	-0.0981651
0.245	1.36338	0.0137846	0.112475	-0.504404	-0.100577
0.25	1.35842	0.0143583	0.114997	-0.506674	-0.103006
0.255	1.35345	0.0149446	0.11753	-0.508953	-0.105451
0.26	1.34849	0.0155436	0.120075	-0.511241	-0.107912
0.265	1.34352	0.0161552	0.122631	-0.51354	-0.110391
0.27	1.33856	0.0167796	0.125199	-0.515848	-0.112885
0.275	1.3336	0.0174167	0.127778	-0.518167	-0.115397
0.28	1.32865	0.0180667	0.130369	-0.520496	-0.117925
0.285	1.32369	0.0187296	0.132972	-0.522835	-0.120469
0.29	1.31874	0.0194055	0.135586	-0.525185	-0.12303
0.295	1.31378	0.0200943	0.138212	-0.527546	-0.125608
0.3	1.30883	0.0207962	0.140849	-0.529918	-0.128203
0.305	1.30388	0.0215113	0.143499	-0.532301	-0.130814
0.31	1.29894	0.0222395	0.14616	-0.534696	-0.133441
0.315	1.29399	0.0229809	0.148834	-0.537102	-0.136086
0.32	1.28905	0.0237356	0.151519	-0.539519	-0.138747
0.325	1.28411	0.0245036	0.154217	-0.541949	-0.141424
0.33	1.27917	0.0252851	0.156927	-0.544391	-0.144119
0.335	1.27424	0.0260799	0.159649	-0.546845	-0.14683
0.34	1.2693	0.0268883	0.162383	-0.549312	-0.149557
0.345	1.26437	0.0277102	0.165129	-0.551791	-0.152302
0.35	1.25944	0.0285457	0.167888	-0.554283	-0.155063
0.355	1.25451	0.0293948	0.17066	-0.556789	-0.157841
0.36	1.24959	0.0302577	0.173444	-0.559308	-0.160636
0.365	1.24466	0.0311344	0.17624	-0.56184	-0.163447
0.37	1.23974	0.0320248	0.17905	-0.564386	-0.166275
0.375	1.23483	0.0329292	0.181871	-0.566946	-0.16912
0.38	1.22991	0.0338475	0.184706	-0.56952	-0.171981
0.385	1.225	0.0347798	0.187554	-0.572109	-0.17486
0.39	1.22009	0.0357261	0.190414	-0.574712	-0.177755
0.395	1.21518	0.0366865	0.193288	-0.57733	-0.180667
0.4	1.21028	0.0376611	0.196175	-0.579964	-0.183595
0.405	1.20538	0.0386499	0.199074	-0.582612	-0.186541
0.41	1.20048	0.039653	0.201987	-0.585276	-0.189503
0.415	1.19558	0.0406704	0.204914	-0.587956	-0.192482
0.42	1.19069	0.0417022	0.207854	-0.590652	-0.195478
0.425	1.1858	0.0427485	0.210807	-0.593365	-0.198491
0.43	1.18092	0.0438092	0.213774	-0.596094	-0.20152
0.435	1.17603	0.0448845	0.216754	-0.598839	-0.204566
0.44	1.17115	0.0459744	0.219748	-0.601602	-0.207629
0.445	1.16628	0.047079	0.222756	-0.604382	-0.210709
0.45	1.1614	0.0481983	0.225778	-0.60718	-0.213806
0.455	1.15653	0.0493325	0.228814	-0.609995	-0.216919
0.46	1.15167	0.0504814	0.231864	-0.612829	-0.220049
0.465	1.14681	0.0516453	0.234928	-0.615681	-0.223196
0.47	1.14195	0.0528241	0.238007	-0.618552	-0.22636
0.475	1.13709	0.054018	0.241099	-0.621441	-0.229541
0.48	1.13224	0.0552269	0.244207	-0.62435	-0.232739
0.485	1.12739	0.056451	0.247328	-0.627279	-0.235953
0.49	1.12255	0.0576903	0.250465	-0.630227	-0.239184
0.495	1.11771	0.0589448	0.253616	-0.633195	-0.242432
0.5	1.11287	0.0602146	0.256782	-0.636184	-0.245697
0.505	1.10804	0.0614998	0.259963	-0.639194	-0.248978
0.51	1.10321	0.0628005	0.263159	-0.642224	-0.252277
0.515	1.09839	0.0641167	0.26637	-0.645276	-0.255592
0.52	1.09357	0.0654484	0.269596	-0.648349	-0.258924
0.525	1.08875	0.0667957	0.272838	-0.651445	-0.262273
0.53	1.08394	0.0681587	0.276095	-0.654562	-0.265638
0.535	1.07914	0.0695375	0.279368	-0.657703	-0.26902
0.54	1.07433	0.070932	0.282657	-0.660866	-0.272419
0.545	1.06954	0.0723424	0.285961	-0.664052	-0.275835
0.55	1.06475	0.0737687	0.289281	-0.667262	-0.279268
0.555	1.05996	0.075211	0.292618	-0.670497	-0.282717
0.56	1.05518	0.0766693	0.29597	-0.673755	-0.286183
0.565	1.0504	0.0781438	0.299339	-0.677038	-0.289666
0.57	1.04563	0.0796344	0.302724	-0.680346	-0.293165
0.575	1.04086	0.0811412	0.306126	-0.683679	-0.296681
0.58	1.0361	0.0826643	0.309544	-0.687039	-0.300214
0.585	1.03134	0.0842038	0.312979	-0.690424	-0.303763
0.59	1.02659	0.0857597	0.316431	-0.693835	-0.307329
0.595	1.02184	0.0873321	0.319901	-0.697274	-0.310911
0.6	1.0171	0.088921	0.323387	-0.70074	-0.314511
0.605	1.01236	0.0905265	0.326891	-0.704233	-0.318126
0.61	1.00763	0.0921486	0.330412	-0.707755	-0.321758
0.615	1.00291	0.0937875	0.333951	-0.711304	-0.325407
0.62	0.998193	0.0954432	0.337507	-0.714883	-0.329072
0.625	0.993481	0.0971157	0.341082	-0.718491	-0.332754
0.63	0.988775	0.0988052	0.344674	-0.722128	-0.336452
0.635	0.984075	0.100512	0.348285	-0.725795	-0.340166
0.64	0.979381	0.102235	0.351914	-0.729493	-0.343897
0.645	0.974694	0.103976	0.355561	-0.733222	-0.347644
0.65	0.970013	0.105733	0.359227	-0.736982	-0.351407
0.655	0.965339	0.107508	0.362912	-0.740773	-0.355186
0.66	0.960671	0.109301	0.366616	-0.744597	-0.358982
0.665	0.95601	0.11111	0.370339	-0.748453	-0.362794
0.67	0.951356	0.112937	0.374081	-0.752342	-0.366622
0.675	0.946709	0.114782	0.377843	-0.756265	-0.370465
0.68	0.942068	0.116644	0.381624	-0.760222	-0.374325
0.685	0.937435	0.118524	0.385425	-0.764213	-0.378201
0.69	0.932809	0.120421	0.389246	-0.768238	-0.382093
0.695	0.928191	0.122337	0.393088	-0.772299	-0.386
0.7	0.923579	0.12427	0.396949	-0.776396	-0.389923
0.705	0.918976	0.126221	0.400831	-0.780529	-0.393862
0.71	0.91438	0.128189	0.404734	-0.784698	-0.397817
0.715	0.909791	0.130176	0.408657	-0.788905	-0.401786
0.72	0.905211	0.132181	0.412602	-0.793149	-0.405772
0.725	0.900639	0.134204	0.416567	-0.797431	-0.409773
0.73	0.896074	0.136246	0.420555	-0.801752	-0.413789
0.735	0.891518	0.138305	0.424563	-0.806112	-0.41782
0.74	0.88697	0.140383	0.428594	-0.810512	-0.421866
0.745	0.882431	0.14248	0.432647	-0.814951	-0.425928
0.75	0.8779	0.144595	0.436721	-0.819431	-0.430004
0.755	0.873378	0.146728	0.440818	-0.823952	-0.434095
0.76	0.868865	0.14888	0.444938	-0.828515	-0.438201
0.765	0.864361	0.151051	0.449081	-0.833119	-0.442321
0.77	0.859866	0.15324	0.453246	-0.837766	-0.446456
0.775	0.85538	0.155448	0.457435	-0.842456	-0.450605
0.78	0.850903	0.157675	0.461647	-0.84719	-0.454768
0.785	0.846436	0.159921	0.465883	-0.851968	-0.458946
0.79	0.841979	0.162187	0.470143	-0.85679	-0.463137
0.795	0.837531	0.164471	0.474427	-0.861657	-0.467342
0.8	0.833093	0.166774	0.478735	-0.866569	-0.471561
0.805	0.828665	0.169096	0.483068	-0.871528	-0.475793
0.81	0.824247	0.171438	0.487426	-0.876533	-0.480038
0.815	0.81984	0.173799	0.491809	-0.881585	-0.484297
0.82	0.815443	0.17618	0.496217	-0.886685	-0.488569
0.825	0.811057	0.17858	0.50065	-0.891833	-0.492853
0.83	0.806681	0.180999	0.505109	-0.897029	-0.49715
0.835	0.802316	0.183438	0.509594	-0.902274	-0.501459
0.84	0.797963	0.185897	0.514106	-0.907569	-0.505781
0.845	0.79362	0.188376	0.518644	-0.912914	-0.510114
0.85	0.789289	0.190874	0.523208	-0.918309	-0.51446
0.855	0.78497	0.193392	0.5278	-0.923755	-0.518816
0.86	0.780662	0.19593	0.532418	-0.929253	-0.523184
0.865	0.776366	0.198488	0.537065	-0.934802	-0.527563
0.87	0.772081	0.201067	0.541739	-0.940404	-0.531953
0.875	0.76781	0.203665	0.546441	-0.946058	-0.536353
0.88	0.76355	0.206283	0.551171	-0.951766	-0.540764
0.885	0.759303	0.208922	0.55593	-0.957527	-0.545184
0.89	0.755069	0.211581	0.560717	-0.963342	-0.549614
0.895	0.750847	0.21426	0.565534	-0.969212	-0.554053
0.9	0.746639	0.21696	0.57038	-0.975136	-0.558501
0.905	0.742443	0.21968	0.575256	-0.981116	-0.562958
0.91	0.738261	0.222421	0.580161	-0.987151	-0.567423
0.915	0.734093	0.225182	0.585097	-0.993242	-0.571896
0.92	0.729939	0.227964	0.590063	-0.999389	-0.576377
0.925	0.725798	0.230767	0.59506	-1.00559	-0.580865
0.93	0.721672	0.233591	0.600088	-1.01185	-0.585359
0.935	0.71756	0.236435	0.605148	-1.01817	-0.58986
0.94	0.713462	0.239301	0.610238	-1.02455	-0.594367
0.945	0.709379	0.242187	0.615361	-1.03098	-0.598879
0.95	0.705311	0.245094	0.620516	-1.03747	-0.603397
0.955	0.701259	0.248022	0.625703	-1.04402	-0.607919
0.96	0.697221	0.250972	0.630924	-1.05063	-0.612445
0.965	0.693199	0.253943	0.636177	-1.05729	-0.616974
0.97	0.689193	0.256934	0.641463	-1.06401	-0.621507
0.975	0.685203	0.259947	0.646783	-1.0708	-0.626042
0.98	0.681229	0.262982	0.652137	-1.07764	-0.630579
0.985	0.677272	0.266038	0.657525	-1.08454	-0.635117
0.99	0.673331	0.269115	0.662948	-1.09149	-0.639656
0.995	0.669407	0.272214	0.668406	-1.09851	-0.644195
1	0.6655	0.275334	0.673898	-1.10558	-0.648734
1.005	0.66161	0.278476	0.679426	-1.11271	-0.653271
1.01	0.657738	0.281639	0.68499	-1.1199	-0.657807
1.015	0.653883	0.284824	0.690589	-1.12715	-0.66234
1.02	0.650047	0.28803	0.696225	-1.13446	-0.66687
1.025	0.646229	0.291259	0.701897	-1.14182	-0.671396
1.03	0.642429	0.294509	0.707606	-1.14924	-0.675917
1.035	0.638649	0.297781	0.713352	-1.15671	-0.680433
1.04	0.634887	0.301074	0.719136	-1.16424	-0.684942
1.045	0.631144	0.30439	0.724957	-1.17182	-0.689444
1.05	0.627421	0.307727	0.730816	-1.17946	-0.693937
1.055	0.623717	0.311087	0.736714	-1.18716	-0.698422
1.06	0.620034	0.314468	0.742649	-1.1949	-0.702897
1.065	0.616371	0.317871	0.748624	-1.2027	-0.707361
1.07	0.612728	0.321296	0.754637	-1.21055	-0.711814
1.075	0.609107	0.324743	0.76069	-1.21845	-0.716253
1.08	0.605506	0.328212	0.766782	-1.22639	-0.720679
1.085	0.601926	0.331703	0.772914	-1.23439	-0.72509
1.09	0.598369	0.335217	0.779086	-1.24243	-0.729484
1.095	0.594833	0.338752	0.785298	-1.25052	-0.733862
1.1	0.591319	0.342309	0.791551	-1.25865	-0.738221
1.105	0.587828	0.345888	0.797844	-1.26682	-0.742561
1.11	0.584359	0.34949	0.804178	-1.27503	-0.746881
1.115	0.580914	0.353113	0.810553	-1.28328	-0.751179
1.12	0.577492	0.356758	0.81697	-1.29157	-0.755453
1.125	0.574093	0.360426	0.823428	-1.29989	-0.759703
1.13	0.570718	0.364115	0.829927	-1.30825	-0.763927
1.135	0.567368	0.367826	0.836468	-1.31663	-0.768125
1.14	0.564042	0.37156	0.843051	-1.32505	-0.772293
1.145	0.560741	0.375315	0.849677	-1.33349	-0.776432
1.15	0.557465	0.379092	0.856344	-1.34195	-0.780539
1.155	0.554214	0.382892	0.863054	-1.35043	-0.784614
1.16	0.550989	0.386713	0.869806	-1.35893	-0.788654
1.165	0.547791	0.390555	0.876601	-1.36745	-0.792658
1.17	0.544618	0.39442	0.883438	-1.37597	-0.796624
1.175	0.541472	0.398306	0.890318	-1.38451	-0.800552
1.18	0.538353	0.402214	0.89724	-1.39305	-0.804438
1.185	0.535262	0.406144	0.904206	-1.40159	-0.808282
1.19	0.532198	0.410095	0.911214	-1.41013	-0.812082
1.195	0.529162	0.414068	0.918264	-1.41866	-0.815835
1.2	0.526154	0.418062	0.925357	-1.42718	-0.819541
1.205	0.523175	0.422078	0.932493	-1.43569	-0.823198
1.21	0.520225	0.426115	0.939672	-1.44418	-0.826802
1.215	0.517304	0.430173	0.946893	-1.45265	-0.830354
1.22	0.514412	0.434252	0.954156	-1.46108	-0.83385
1.225	0.511551	0.438352	0.961461	-1.46949	-0.837289
1.23	0.508719	0.442473	0.968809	-1.47786	-0.840669
1.235	0.505918	0.446615	0.976198	-1.48618	-0.843988
1.24	0.503148	0.450777	0.983629	-1.49446	-0.847244
1.245	0.500409	0.454961	0.991101	-1.50268	-0.850435
1.25	0.497702	0.459164	0.998615	-1.51085	-0.853558
1.255	0.495027	0.463388	1.00617	-1.51895	-0.856612
1.26	0.492383	0.467632	1.01376	-1.52698	-0.859595
1.265	0.489772	0.471897	1.0214	-1.53493	-0.862505
1.27	0.487194	0.476181	1.02907	-1.5428	-0.865339
1.275	0.484649	0.480484	1.03679	-1.55058	-0.868096
1.28	0.482138	0.484808	1.04454	-1.55827	-0.870772
1.285	0.47966	0.489151	1.05233	-1.56585	-0.873367
1.29	0.477216	0.493513	1.06016	-1.57333	-0.875877
1.295	0.474807	0.497894	1.06803	-1.58068	-0.878302
1.3	0.472433	0.502294	1.07593	-1.58792	-0.880638
1.305	0.470093	0.506713	1.08387	-1.59502	-0.882883
1.31	0.467789	0.511151	1.09185	-1.60199	-0.885036
1.315	0.46552	0.515606	1.09986	-1.60882	-0.887094
1.32	0.463288	0.52008	1.1079	-1.61549	-0.889055
1.325	0.461091	0.524572	1.11598	-1.622	-0.890917
1.33	0.458931	0.529081	1.12409	-1.62835	-0.892677
1.335	0.456808	0.533608	1.13223	-1.63452	-0.894335
1.34	0.454722	0.538152	1.1404	-1.64051	-0.895887
1.345	0.452673	0.542713	1.1486	-1.6463	-0.897332
1.35	0.450662	0.547291	1.15684	-1.6519	-0.898667
1.355	0.448688	0.551885	1.16509	-1.6573	-0.899891
1.36	0.446753	0.556495	1.17338	-1.66248	-0.901002
1.365	0.444856	0.561121	1.18169	-1.66744	-0.901999
1.37	0.442998	0.565763	1.19003	-1.67218	-0.902878
1.375	0.441179	0.570421	1.19839	-1.67667	-0.903638
1.38	0.439399	0.575093	1.20678	-1.68093	-0.904278
1.385	0.437658	0.57978	1.21518	-1.68493	-0.904797
1.39	0.435957	0.584482	1.2236	-1.68867	-0.905191
1.395	0.434295	0.589198	1.23205	-1.69215	-0.90546
1.4	0.432674	0.593927	1.24051	-1.69535	-0.905603
1.405	0.431092	0.598671	1.24899	-1.69828	-0.905618
1.41	0.429551	0.603427	1.25748	-1.70091	-0.905503
1.415	0.42805	0.608197	1.26598	-1.70326	-0.905258
1.42	0.426591	0.612979	1.2745	-1.7053	-0.904881
1.425	0.425171	0.617773	1.28302	-1.70704	-0.904372
1.43	0.423793	0.62258	1.29156	-1.70847	-0.903729
1.435	0.422456	0.627398	1.3001	-1.70957	-0.902951
1.44	0.421161	0.632227	1.30865	-1.71036	-0.902038
1.445	0.419906	0.637067	1.3172	-1.71082	-0.900989
1.45	0.418693	0.641918	1.32576	-1.71094	-0.899803
1.455	0.417522	0.646778	1.33431	-1.71072	-0.89848
1.46	0.416392	0.651649	1.34286	-1.71017	-0.89702
1.465	0.415304	0.656529	1.35141	-1.70926	-0.895423
1.47	0.414257	0.661418	1.35996	-1.70801	-0.893687
1.475	0.413253	0.666316	1.3685	-1.7064	-0.891814
1.48	0.41229	0.671223	1.37703	-1.70444	-0.889804
1.485	0.411369	0.676137	1.38556	-1.70212	-0.887656
1.49	0.41049	0.68106	1.39407	-1.69944	-0.88537
1.495	0.409653	0.685989	1.40256	-1.6964	-0.882949
1.5	0.408857	0.690925	1.41105	-1.693	-0.880391
1.505	0.408104	0.695868	1.41951	-1.68923	-0.877698
1.51	0.407392	0.700817	1.42796	-1.6851	-0.874871
1.515	0.406722	0.705772	1.43638	-1.68061	-0.87191
1.52	0.406094	0.710732	1.44478	-1.67575	-0.868816
1.525	0.405507	0.715698	1.45316	-1.67053	-0.865591
1.53	0.404962	0.720668	1.46152	-1.66495	-0.862236
1.535	0.404458	0.725643	1.46984	-1.65901	-0.858753
1.54	0.403995	0.730621	1.47814	-1.65272	-0.855142
1.545	0.403574	0.735603	1.4864	-1.64607	-0.851406
1.55	0.403193	0.740589	1.49463	-1.63907	-0.847546
1.555	0.402853	0.745577	1.50283	-1.63173	-0.843564
1.56	0.402555	0.750568	1.51098	-1.62404	-0.839462
1.565	0.402296	0.755562	1.5191	-1.61602	-0.835241
1.57	0.402078	0.760557	1.52718	-1.60766	-0.830905
1.575	0.4019	0.765554	1.53522	-1.59898	-0.826455
1.58	0.401763	0.770552	1.54322	-1.58997	-0.821894
1.585	0.401664	0.775551	1.55117	-1.58064	-0.817223
1.59	0.401606	0.780551	1.55907	-1.57101	-0.812446
1.595	0.401586	0.785551	1.56693	-1.56107	-0.807564
1.6	0.401606	0.790551	1.57473	-1.55084	-0.802581
1.605	0.401665	0.79555	1.58248	-1.54031	-0.797499
1.61	0.401761	0.800549	1.59019	-1.52951	-0.79232
1.615	0.401897	0.805547	1.59783	-1.51843	-0.787048
1.62	0.40207	0.810544	1.60543	-1.50708	-0.781685
1.625	0.402281	0.81554	1.61296	-1.49548	-0.776235
1.63	0.402529	0.820534	1.62044	-1.48363	-0.770699
1.635	0.402814	0.825526	1.62786	-1.47154	-0.765081
1.64	0.403136	0.830515	1.63521	-1.45921	-0.759384
1.645	0.403494	0.835502	1.64251	-1.44667	-0.753611
1.65	0.403888	0.840487	1.64974	-1.4339	-0.747765
1.655	0.404318	0.845468	1.65691	-1.42094	-0.741848
1.66	0.404784	0.850447	1.66402	-1.40778	-0.735864
1.665	0.405284	0.855422	1.67106	-1.39443	-0.729816
1.67	0.405819	0.860393	1.67803	-1.38091	-0.723706
1.675	0.406389	0.86536	1.68493	-1.36722	-0.717539
1.68	0.406992	0.870324	1.69177	-1.35337	-0.711316
1.685	0.407629	0.875283	1.69854	-1.33937	-0.705041
1.69	0.408299	0.880238	1.70523	-1.32524	-0.698717
1.695	0.409002	0.885188	1.71186	-1.31097	-0.692346
1.7	0.409738	0.890134	1.71841	-1.29659	-0.685932
1.705	0.410505	0.895075	1.7249	-1.28209	-0.679477
1.71	0.411304	0.90001	1.73131	-1.26749	-0.672985
1.715	0.412135	0.904941	1.73765	-1.2528	-0.666458
1.72	0.412996	0.909866	1.74391	-1.23803	-0.659899
1.725	0.413888	0.914786	1.7501	-1.22318	-0.653311
1.73	0.414809	0.9197	1.75622	-1.20827	-0.646696
1.735	0.415761	0.924609	1.76226	-1.1933	-0.640058
1.74	0.416742	0.929512	1.76822	-1.17828	-0.633398
1.745	0.417751	0.934409	1.77412	-1.16322	-0.62672
1.75	0.418789	0.9393	1.77993	-1.14812	-0.620025
1.755	0.419855	0.944185	1.78567	-1.13301	-0.613317
1.76	0.420949	0.949064	1.79134	-1.11787	-0.606598
1.765	0.42207	0.953936	1.79693	-1.10273	-0.59987
1.77	0.423218	0.958803	1.80244	-1.08758	-0.593135
1.775	0.424393	0.963663	1.80788	-1.07244	-0.586396
1.78	0.425593	0.968517	1.81324	-1.05731	-0.579655
1.785	0.426819	0.973364	1.81853	-1.0422	-0.572914
1.79	0.42807	0.978205	1.82374	-1.02712	-0.566175
1.795	0.429346	0.98304	1.82887	-1.01207	-0.55944
1.8	0.430647	0.987867	1.83393	-0.997054	-0.552711
1.805	0.431971	0.992689	1.83892	-0.982083	-0.545991
1.81	0.43332	0.997504	1.84383	-0.967163	-0.53928
1.815	0.434691	1.00231	1.84866	-0.952297	-0.532581
1.82	0.436086	1.00711	1.85343	-0.937491	-0.525895
1.825	0.437503	1.01191	1.85811	-0.922751	-0.519224
1.83	0.438942	1.0167	1.86273	-0.908081	-0.51257
1.835	0.440402	1.02148	1.86727	-0.893485	-0.505934
1.84	0.441884	1.02625	1.87174	-0.878968	-0.499318
1.845	0.443387	1.03102	1.87613	-0.864535	-0.492723
1.85	0.444911	1.03578	1.88045	-0.850189	-0.486151
1.855	0.446455	1.04054	1.8847	-0.835933	-0.479602
1.86	0.448019	1.04529	1.88888	-0.821773	-0.473078
1.865	0.449602	1.05003	1.89299	-0.80771	-0.466581
1.87	0.451204	1.05477	1.89703	-0.793748	-0.460111
1.875	0.452826	1.0595	1.901	-0.77989	-0.453669
1.88	0.454465	1.06422	1.9049	-0.766139	-0.447257
1.885	0.456123	1.06894	1.90873	-0.752498	-0.440876
1.89	0.457798	1.07365	1.91249	-0.738969	-0.434526
1.895	0.459491	1.07836	1.91619	-0.725554	-0.428209
1.9	0.461201	1.08305	1.91982	-0.712256	-0.421925
1.905	0.462928	1.08775	1.92338	-0.699076	-0.415675
1.91	0.464671	1.09243	1.92687	-0.686016	-0.409461
1.915	0.46643	1.09711	1.9303	-0.673078	-0.403281
1.92	0.468204	1.10179	1.93367	-0.660264	-0.397138
1.925	0.469995	1.10646	1.93697	-0.647574	-0.391033
1.93	0.4718	1.11112	1.94021	-0.635011	-0.384964
1.935	0.47362	1.11578	1.94338	-0.622574	-0.378934
1.94	0.475455	1.12043	1.94649	-0.610266	-0.372943
1.945	0.477304	1.12507	1.94955	-0.598086	-0.36699
1.95	0.479166	1.12971	1.95254	-0.586036	-0.361078
1.955	0.481042	1.13435	1.95547	-0.574117	-0.355205
1.96	0.482932	1.13898	1.95834	-0.562329	-0.349373
1.965	0.484835	1.1436	1.96115	-0.550671	-0.343582
1.97	0.48675	1.14822	1.9639	-0.539145	-0.337831
1.975	0.488678	1.15283	1.9666	-0.527751	-0.332123
1.98	0.490618	1.15744	1.96924	-0.516489	-0.326456
1.985	0.492569	1.16204	1.97182	-0.505359	-0.320831
1.99	0.494533	1.16664	1.97435	-0.494361	-0.315248
1.995	0.496508	1.17124	1.97682	-0.483494	-0.309707
2	0.498493	1.17582	1.97923	-0.472759	-0.304209
2.005	0.50049	1.18041	1.9816	-0.462155	-0.298754
2.01	0.502497	1.18499	1.98391	-0.451682	-0.293341
2.015	0.504515	1.18956	1.98617	-0.44134	-0.287972
2.02	0.506543	1.19413	1.98837	-0.431128	-0.282645
2.025	0.50858	1.1987	1.99053	-0.421045	-0.277362
2.03	0.510628	1.20326	1.99264	-0.411091	-0.272121
2.035	0.512684	1.20782	1.99469	-0.401265	-0.266924
2.04	0.51475	1.21237	1.9967	-0.391567	-0.26177
2.045	0.516825	1.21692	1.99865	-0.381996	-0.256659
2.05	0.518908	1.22147	2.00056	-0.372551	-0.251591
2.055	0.521	1.22601	2.00243	-0.363231	-0.246566
2.06	0.5231	1.23054	2.00424	-0.354036	-0.241584
2.065	0.525208	1.23508	2.00601	-0.344964	-0.236645
2.07	0.527323	1.23961	2.00774	-0.336014	-0.231749
2.075	0.529447	1.24414	2.00942	-0.327187	-0.226895
2.08	0.531578	1.24866	2.01105	-0.31848	-0.222084
2.085	0.533716	1.25318	2.01265	-0.309892	-0.217316
2.09	0.535861	1.2577	2.0142	-0.301424	-0.21259
2.095	0.538013	1.26221	2.0157	-0.293073	-0.207906
2.1	0.540171	1.26672	2.01717	-0.284838	-0.203265
2.105	0.542336	1.27123	2.01859	-0.276719	-0.198665
2.11	0.544507	1.27573	2.01998	-0.268714	-0.194108
2.115	0.546685	1.28023	2.02132	-0.260823	-0.189592
2.12	0.548868	1.28473	2.02262	-0.253044	-0.185117
2.125	0.551056	1.28922	2.02389	-0.245375	-0.180683
2.13	0.553251	1.29372	2.02512	-0.237816	-0.176291
2.135	0.55545	1.29821	2.02631	-0.230366	-0.17194
2.14	0.557655	1.3027	2.02746	-0.223024	-0.167629
2.145	0.559865	1.30718	2.02857	-0.215787	-0.163359
2.15	0.562079	1.31166	2.02965	-0.208656	-0.159129
2.155	0.564299	1.31614	2.03069	-0.201629	-0.154939
2.16	0.566522	1.32062	2.0317	-0.194704	-0.150788
2.165	0.568751	1.3251	2.03268	-0.187881	-0.146678
2.17	0.570983	1.32957	2.03362	-0.181158	-0.142606
2.175	0.573219	1.33404	2.03452	-0.174534	-0.138574
2.18	0.57546	1.33851	2.03539	-0.168009	-0.134581
2.185	0.577704	1.34298	2.03623	-0.16158	-0.130626
2.19	0.579951	1.34745	2.03704	-0.155246	-0.12671
2.195	0.582203	1.35191	2.03782	-0.149007	-0.122832
2.2	0.584457	1.35638	2.03856	-0.142861	-0.118992
2.205	0.586715	1.36084	2.03928	-0.136808	-0.11519
2.21	0.588975	1.3653	2.03996	-0.130845	-0.111425
2.215	0.591239	1.36976	2.04062	-0.124971	-0.107697
2.22	0.593505	1.37421	2.04124	-0.119187	-0.104006
2.225	0.595775	1.37867	2.04184	-0.113489	-0.100352
2.23	0.598046	1.38312	2.0424	-0.107878	-0.0967337
2.235	0.60032	1.38757	2.04294	-0.102352	-0.093152
2.24	0.602596	1.39203	2.04346	-0.0969102	-0.0896063
2.245	0.604875	1.39648	2.04394	-0.0915509	-0.0860962
2.25	0.607155	1.40093	2.0444	-0.0862734	-0.0826216
2.255	0.609438	1.40538	2.04483	-0.0810765	-0.0791821
2.26	0.611722	1.40982	2.04523	-0.075959	-0.0757775
2.265	0.614008	1.41427	2.04561	-0.07092	-0.0724076
2.27	0.616295	1.41872	2.04597	-0.0659584	-0.069072
2.275	0.618584	1.42316	2.0463	-0.061073	-0.0657706
2.28	0.620874	1.42761	2.0466	-0.0562629	-0.0625031
2.285	0.623166	1.43205	2.04689	-0.0515269	-0.0592693
2.29	0.625459	1.43649	2.04714	-0.046864	-0.0560688
2.295	0.627752	1.44094	2.04738	-0.0422733	-0.0529015
2.3	0.630047	1.44538	2.04759	-0.0377536	-0.0497671
2.305	0.632343	1.44982	2.04778	-0.033304	-0.0466653
2.31	0.634639	1.45426	2.04794	-0.0289235	-0.0435959
2.315	0.636936	1.4587	2.04809	-0.0246111	-0.0405587
2.32	0.639233	1.46314	2.04821	-0.0203658	-0.0375535
2.325	0.641531	1.46758	2.04831	-0.0161867	-0.0345799
2.33	0.643829	1.47203	2.04839	-0.0120727	-0.0316377
2.335	0.646128	1.47647	2.04846	-0.00802309	-0.0287267
2.34	0.648426	1.48091	2.0485	-0.00403676	-0.0258467
2.345	0.650725	1.48535	2.04852	-0.000112853	-0.0229974
2.35	0.653024	1.48979	2.04852	0.00374955	-0.0201786
2.355	0.655323	1.49423	2.0485	0.00755134	-0.0173901
2.36	0.657621	1.49867	2.04846	0.0112934	-0.0146315
2.365	0.659919	1.50311	2.0484	0.0149766	-0.0119028
2.37	0.662217	1.50755	2.04833	0.0186018	-0.00920362
2.375	0.664515	1.51199	2.04824	0.0221699	-0.00653379
2.38	0.666812	1.51643	2.04812	0.0256817	-0.00389307
2.385	0.669108	1.52087	2.048	0.0291381	-0.00128124
2.39	0.671404	1.52531	2.04785	0.0325398	0.00130191
2.395	0.673699	1.52976	2.04769	0.0358877	0.00385662
2.4	0.675994	1.5342	2.04751	0.0391825	0.00638309
2.405	0.678287	1.53864	2.04731	0.0424251	0.00888155
2.41	0.68058	1.54308	2.0471	0.0456162	0.0113522
2.415	0.682871	1.54753	2.04687	0.0487567	0.0137953
2.42	0.685161	1.55197	2.04663	0.0518471	0.0162109
2.425	0.687451	1.55642	2.04637	0.0548884	0.0185994
2.43	0.689739	1.56086	2.04609	0.0578813	0.020961
2.435	0.692025	1.56531	2.0458	0.0608264	0.0232958
2.44	0.694311	1.56976	2.0455	0.0637244	0.025604
2.445	0.696595	1.57421	2.04518	0.0665762	0.0278858
2.45	0.698877	1.57865	2.04485	0.0693823	0.0301415
2.455	0.701158	1.5831	2.0445	0.0721436	0.0323713
2.46	0.703438	1.58755	2.04414	0.0748605	0.0345753
2.465	0.705715	1.592	2.04377	0.0775339	0.0367537
2.47	0.707991	1.59646	2.04338	0.0801644	0.0389067
2.475	0.710265	1.60091	2.04298	0.0827525	0.0410345
2.48	0.712538	1.60536	2.04257	0.0852991	0.0431373
2.485	0.714808	1.60982	2.04214	0.0878046	0.0452153
2.49	0.717076	1.61427	2.0417	0.0902697	0.0472687
2.495	0.719343	1.61873	2.04125	0.0926951	0.0492976
2.5	0.721607	1.62319	2.04078	0.0950812	0.0513023
2.505	0.72387	1.62765	2.04031	0.0974288	0.0532828
2.51	0.72613	1.63211	2.03982	0.0997384	0.0552394
2.515	0.728387	1.63657	2.03932	0.102011	0.0571723
2.52	0.730643	1.64103	2.03881	0.104246	0.0590817
2.525	0.732896	1.64549	2.03829	0.106445	0.0609676
2.53	0.735147	1.64996	2.03776	0.108608	0.0628303
2.535	0.737396	1.65443	2.03722	0.110736	0.06467
2.54	0.739642	1.65889	2.03666	0.11283	0.0664868
2.545	0.741885	1.66336	2.0361	0.114889	0.0682808
2.55	0.744126	1.66783	2.03552	0.116915	0.0700523
2.555	0.746364	1.6723	2.03494	0.118908	0.0718014
2.56	0.7486	1.67677	2.03435	0.120868	0.0735282
2.565	0.750833	1.68125	2.03374	0.122796	0.075233
2.57	0.753063	1.68572	2.03313	0.124692	0.0769158
2.575	0.75529	1.6902	2.0325	0.126557	0.0785769
2.58	0.757515	1.69468	2.03187	0.128392	0.0802163
2.585	0.759737	1.69916	2.03123	0.130196	0.0818343
2.59	0.761955	1.70364	2.03058	0.131971	0.083431
2.595	0.764171	1.70812	2.02992	0.133716	0.0850065
2.6	0.766384	1.7126	2.02925	0.135433	0.086561
2.605	0.768594	1.71709	2.02857	0.137121	0.0880946
2.61	0.770801	1.72158	2.02789	0.138782	0.0896074
2.615	0.773004	1.72606	2.02719	0.140415	0.0910997
2.62	0.775205	1.73055	2.02649	0.14202	0.0925716
2.625	0.777402	1.73504	2.02578	0.1436	0.0940231
2.63	0.779596	1.73954	2.02506	0.145152	0.0954545
2.635	0.781787	1.74403	2.02434	0.146679	0.0968659
2.64	0.783974	1.74853	2.0236	0.148181	0.0982573
2.645	0.786158	1.75303	2.02286	0.149658	0.099629
2.65	0.788339	1.75753	2.02211	0.15111	0.100981
2.655	0.790516	1.76203	2.02136	0.152537	0.102314
2.66	0.79269	1.76653	2.0206	0.153941	0.103627
2.665	0.794861	1.77103	2.01983	0.155321	0.104921
2.67	0.797028	1.77554	2.01905	0.156678	0.106196
2.675	0.799191	1.78005	2.01827	0.158012	0.107452
2.68	0.801351	1.78456	2.01748	0.159324	0.108689
2.685	0.803507	1.78907	2.01668	0.160613	0.109907
2.69	0.80566	1.79358	2.01588	0.161881	0.111106
2.695	0.807809	1.79809	2.01507	0.163128	0.112288
2.7	0.809954	1.80261	2.01425	0.164353	0.11345
2.705	0.812096	1.80713	2.01343	0.165557	0.114595
2.71	0.814234	1.81165	2.0126	0.166741	0.115721
2.715	0.816368	1.81617	2.01177	0.167905	0.11683
2.72	0.818498	1.82069	2.01093	0.169049	0.11792
2.725	0.820624	1.82522	2.01008	0.170174	0.118993
2.73	0.822747	1.82975	2.00923	0.171279	0.120048
2.735	0.824866	1.83428	2.00838	0.172366	0.121085
2.74	0.826981	1.83881	2.00751	0.173434	0.122105
2.745	0.829092	1.84334	2.00665	0.174483	0.123108
2.75	0.831199	1.84787	2.00578	0.175515	0.124094
2.755	0.833302	1.85241	2.0049	0.176529	0.125062
2.76	0.835401	1.85695	2.00401	0.177525	0.126013
2.765	0.837495	1.86149	2.00313	0.178504	0.126947
2.77	0.839586	1.86603	2.00223	0.179466	0.127865
2.775	0.841673	1.87057	2.00134	0.180412	0.128766
2.78	0.843756	1.87512	2.00044	0.181341	0.12965
2.785	0.845834	1.87967	1.99953	0.182254	0.130518
2.79	0.847909	1.88422	1.99862	0.183151	0.131369
2.795	0.849979	1.88877	1.9977	0.184033	0.132204
2.8	0.852045	1.89332	1.99678	0.184899	0.133023
2.805	0.854107	1.89788	1.99586	0.18575	0.133826
2.81	0.856165	1.90243	1.99493	0.186586	0.134612
2.815	0.858218	1.90699	1.994	0.187408	0.135383
2.82	0.860267	1.91155	1.99306	0.188215	0.136138
2.825	0.862312	1.91611	1.99212	0.189008	0.136877
2.83	0.864353	1.92068	1.99117	0.189787	0.137601
2.835	0.866389	1.92525	1.99022	0.190552	0.138309
2.84	0.868421	1.92981	1.98927	0.191304	0.139001
2.845	0.870448	1.93438	1.98831	0.192042	0.139679
2.85	0.872471	1.93896	1.98735	0.192768	0.140341
2.855	0.87449	1.94353	1.98639	0.19348	0.140987
2.86	0.876504	1.94811	1.98542	0.19418	0.141619
2.865	0.878514	1.95269	1.98445	0.194867	0.142236
2.87	0.880519	1.95727	1.98348	0.195543	0.142838
2.875	0.88252	1.96185	1.9825	0.196206	0.143425
2.88	0.884516	1.96643	1.98152	0.196857	0.143997
2.885	0.886508	1.97102	1.98053	0.197497	0.144554
2.89	0.888496	1.97561	1.97955	0.198125	0.145097
2.895	0.890478	1.9802	1.97856	0.198742	0.145626
2.9	0.892457	1.98479	1.97756	0.199347	0.14614
2.905	0.89443	1.98938	1.97657	0.199942	0.14664
2.91	0.896399	1.99398	1.97557	0.200527	0.147125
2.915	0.898364	1.99858	1.97456	0.2011	0.147596
2.92	0.900323	2.00318	1.97356	0.201663	0.148054
2.925	0.902279	2.00778	1.97255	0.202217	0.148497
2.93	0.904229	2.01238	1.97154	0.20276	0.148926
2.935	0.906175	2.01699	1.97052	0.203293	0.149342
2.94	0.908116	2.0216	1.96951	0.203816	0.149743
2.945	0.910053	2.02621	1.96849	0.20433	0.150131
2.95	0.911984	2.03082	1.96747	0.204835	0.150506
2.955	0.913911	2.03543	1.96644	0.205331	0.150866
2.96	0.915834	2.04005	1.96542	0.205817	0.151214
2.965	0.917751	2.04467	1.96439	0.206295	0.151548
2.97	0.919664	2.04928	1.96336	0.206763	0.151868
2.975	0.921572	2.05391	1.96232	0.207224	0.152175
2.98	0.923475	2.05853	1.96129	0.207675	0.15247
2.985	0.925374	2.06316	1.96025	0.208119	0.152751
2.99	0.927267	2.06778	1.95921	0.208554	0.153019
2.995	0.929156	2.07241	1.95816	0.208982	0.153274
3	0.93104	2.07704	1.95712	0.209401	0.153516
3.005	0.932919	2.08168	1.95607	0.209813	0.153745
3.01	0.934793	2.08631	1.95502	0.210218	0.153962
3.015	0.936662	2.09095	1.95397	0.210614	0.154166
3.02	0.938527	2.09559	1.95292	0.211004	0.154357
3.025	0.940386	2.10023	1.95186	0.211386	0.154536
3.03	0.942241	2.10487	1.95081	0.211762	0.154702
3.035	0.944091	2.10952	1.94975	0.21213	0.154856
3.04	0.945936	2.11417	1.94869	0.212492	0.154997
3.045	0.947776	2.11882	1.94763	0.212847	0.155126
3.05	0.94961	2.12347	1.94656	0.213195	0.155243
3.055	0.95144	2.12812	1.9455	0.213538	0.155348
3.06	0.953265	2.13278	1.94443	0.213873	0.15544
3.065	0.955085	2.13743	1.94336	0.214203	0.155521
3.07	0.9569	2.14209	1.94229	0.214527	0.15559
3.075	0.95871	2.14675	1.94121	0.214844	0.155647
3.08	0.960516	2.15142	1.94014	0.215156	0.155692
3.085	0.962316	2.15608	1.93906	0.215462	0.155725
3.09	0.96411	2.16075	1.93799	0.215763	0.155746
3.095	0.9659	2.16542	1.93691	0.216058	0.155756
3.1	0.967685	2.17009	1.93583	0.216347	0.155754
3.105	0.969465	2.17476	1.93475	0.216632	0.155741
3.11	0.97124	2.17943	1.93366	0.216911	0.155716
3.115	0.97301	2.18411	1.93258	0.217185	0.15568
3.12	0.974774	2.18879	1.93149	0.217454	0.155632
3.125	0.976534	2.19347	1.93041	0.217719	0.155573
3.13	0.978288	2.19815	1.92932	0.217978	0.155503
3.135	0.980038	2.20283	1.92823	0.218233	0.155422
3.14	0.981782	2.20752	1.92714	0.218483	0.155329
3.145	0.983521	2.21221	1.92604	0.218729	0.155226
3.15	0.985255	2.2169	1.92495	0.218971	0.155111
3.155	0.986984	2.22159	1.92385	0.219208	0.154986
3.16	0.988707	2.22628	1.92276	0.219441	0.15485
3.165	0.990426	2.23098	1.92166	0.21967	0.154702
3.17	0.992139	2.23567	1.92056	0.219895	0.154544
3.175	0.993848	2.24037	1.91946	0.220116	0.154376
3.18	0.995551	2.24507	1.91836	0.220333	0.154196
3.185	0.997249	2.24978	1.91726	0.220547	0.154007
3.19	0.998941	2.25448	1.91616	0.220757	0.153806
3.195	1.00063	2.25919	1.91505	0.220963	0.153595
3.2	1.00231	2.2639	1.91395	0.221166	0.153374
3.205	1.00399	2.26861	1.91284	0.221366	0.153142
3.21	1.00566	2.27332	1.91174	0.221562	0.152899
3.215	1.00733	2.27803	1.91063	0.221755	0.152647
3.22	1.00899	2.28275	1.90952	0.221944	0.152384
3.225	1.01064	2.28747	1.90841	0.222131	0.152111
3.23	1.0123	2.29219	1.9073	0.222315	0.151828
3.235	1.01394	2.29691	1.90619	0.222495	0.151535
3.24	1.01558	2.30163	1.90508	0.222673	0.151232
3.245	1.01722	2.30636	1.90396	0.222848	0.150919
3.25	1.01885	2.31108	1.90285	0.223021	0.150596
3.255	1.02047	2.31581	1.90173	0.223191	0.150263
3.26	1.02209	2.32054	1.90062	0.223358	0.14992
3.265	1.0237	2.32528	1.8995	0.223523	0.149567
3.27	1.02531	2.33001	1.89838	0.223685	0.149205
3.275	1.02692	2.33475	1.89726	0.223845	0.148833
3.28	1.02852	2.33948	1.89615	0.224003	0.148451
3.285	1.03011	2.34422	1.89503	0.224159	0.14806
3.29	1.0317	2.34896	1.8939	0.224312	0.147659
3.295	1.03328	2.35371	1.89278	0.224464	0.147249
3.3	1.03485	2.35845	1.89166	0.224613	0.14683
3.305	1.03643	2.3632	1.89054	0.224761	0.146401
3.31	1.03799	2.36795	1.88941	0.224906	0.145962
3.315	1.03955	2.3727	1.88829	0.22505	0.145515
3.32	1.04111	2.37745	1.88716	0.225192	0.145058
3.325	1.04266	2.3822	1.88604	0.225333	0.144592
3.33	1.0442	2.38696	1.88491	0.225471	0.144117
3.335	1.04574	2.39171	1.88378	0.225608	0.143632
3.34	1.04728	2.39647	1.88266	0.225744	0.143139
3.345	1.04881	2.40123	1.88153	0.225878	0.142637
3.35	1.05033	2.406	1.8804	0.226011	0.142126
3.355	1.05185	2.41076	1.87927	0.226143	0.141605
3.36	1.05336	2.41553	1.87814	0.226273	0.141076
3.365	1.05487	2.42029	1.87701	0.226402	0.140538
3.37	1.05637	2.42506	1.87587	0.22653	0.139992
3.375	1.05787	2.42983	1.87474	0.226657	0.139436
3.38	1.05936	2.43461	1.87361	0.226783	0.138872
3.385	1.06084	2.43938	1.87247	0.226907	0.1383
3.39	1.06232	2.44416	1.87134	0.227031	0.137719
3.395	1.0638	2.44893	1.8702	0.227154	0.137129
3.4	1.06527	2.45371	1.86907	0.227276	0.13653
3.405	1.06673	2.45849	1.86793	0.227397	0.135924
3.41	1.06819	2.46328	1.8668	0.227518	0.135309
3.415	1.06964	2.46806	1.86566	0.227638	0.134685
3.42	1.07109	2.47285	1.86452	0.227757	0.134053
3.425	1.07253	2.47763	1.86338	0.227876	0.133413
3.43	1.07397	2.48242	1.86224	0.227994	0.132765
3.435	1.0754	2.48721	1.8611	0.228111	0.132108
3.44	1.07683	2.49201	1.85996	0.228228	0.131443
3.445	1.07825	2.4968	1.85882	0.228345	0.130771
3.45	1.07966	2.5016	1.85768	0.228462	0.13009
3.455	1.08107	2.50639	1.85654	0.228578	0.129401
3.46	1.08247	2.51119	1.85539	0.228694	0.128704
3.465	1.08387	2.51599	1.85425	0.228809	0.127999
3.47	1.08527	2.52079	1.85311	0.228925	0.127287
3.475	1.08665	2.5256	1.85196	0.22904	0.126566
3.48	1.08803	2.5304	1.85082	0.229155	0.125838
3.485	1.08941	2.53521	1.84967	0.22927	0.125102
3.49	1.09078	2.54002	1.84852	0.229385	0.124358
3.495	1.09215	2.54483	1.84738	0.2295	0.123606
3.5	1.09351	2.54964	1.84623	0.229616	0.122847
3.505	1.09486	2.55445	1.84508	0.229731	0.122081
3.51	1.09621	2.55927	1.84393	0.229847	0.121306
3.515	1.09755	2.56408	1.84278	0.229962	0.120524
3.52	1.09889	2.5689	1.84163	0.230078	0.119735
3.525	1.10022	2.57372	1.84048	0.230195	0.118939
3.53	1.10155	2.57854	1.83933	0.230311	0.118134
3.535	1.10287	2.58336	1.83818	0.230428	0.117323
3.54	1.10419	2.58819	1.83703	0.230545	0.116504
3.545	1.1055	2.59301	1.83588	0.230663	0.115678
3.55	1.1068	2.59784	1.83472	0.230781	0.114845
3.555	1.1081	2.60267	1.83357	0.2309	0.114005
3.56	1.10939	2.6075	1.83241	0.231019	0.113157
3.565	1.11068	2.61233	1.83126	0.231139	0.112303
3.57	1.11196	2.61716	1.8301	0.231259	0.111441
3.575	1.11324	2.622	1.82895	0.23138	0.110572
3.58	1.11451	2.62683	1.82779	0.231502	0.109696
3.585	1.11577	2.63167	1.82663	0.231625	0.108814
3.59	1.11703	2.63651	1.82547	0.231748	0.107924
3.595	1.11829	2.64135	1.82432	0.231872	0.107028
3.6	1.11954	2.64619	1.82316	0.231996	0.106124
3.605	1.12078	2.65103	1.822	0.232122	0.105214
3.61	1.12202	2.65588	1.82084	0.232248	0.104297
3.615	1.12325	2.66072	1.81967	0.232376	0.103374
3.62	1.12447	2.66557	1.81851	0.232504	0.102444
3.625	1.1257	2.67042	1.81735	0.232633	0.101507
3.63	1.12691	2.67527	1.81619	0.232763	0.100563
3.635	1.12812	2.68012	1.81502	0.232895	0.0996135
3.64	1.12932	2.68498	1.81386	0.233027	0.098657
3.645	1.13052	2.68983	1.81269	0.23316	0.0976941
3.65	1.13171	2.69469	1.81153	0.233295	0.0967247
3.655	1.1329	2.69954	1.81036	0.233431	0.0957489
3.66	1.13408	2.7044	1.80919	0.233567	0.0947668
3.665	1.13525	2.70926	1.80803	0.233705	0.0937783
3.67	1.13642	2.71412	1.80686	0.233845	0.0927835
3.675	1.13759	2.71899	1.80569	0.233985	0.0917825
3.68	1.13875	2.72385	1.80452	0.234127	0.0907753
3.685	1.1399	2.72871	1.80335	0.23427	0.0897619
3.69	1.14104	2.73358	1.80218	0.234414	0.0887424
3.695	1.14218	2.73845	1.801	0.23456	0.0877168
3.7	1.14332	2.74332	1.79983	0.234707	0.0866851
3.705	1.14445	2.74819	1.79866	0.234856	0.0856475
3.71	1.14557	2.75306	1.79748	0.235006	0.0846038
3.715	1.14669	2.75794	1.79631	0.235158	0.0835542
3.72	1.1478	2.76281	1.79513	0.23531	0.0824987
3.725	1.14891	2.76769	1.79396	0.235465	0.0814373
3.73	1.15001	2.77256	1.79278	0.235621	0.0803701
3.735	1.15111	2.77744	1.7916	0.235779	0.0792971
3.74	1.1522	2.78232	1.79042	0.235938	0.0782184
3.745	1.15328	2.7872	1.78924	0.236099	0.0771339
3.75	1.15436	2.79209	1.78806	0.236261	0.0760437
3.755	1.15543	2.79697	1.78688	0.236425	0.0749479
3.76	1.1565	2.80185	1.7857	0.236591	0.0738465
3.765	1.15756	2.80674	1.78452	0.236758	0.0727395
3.77	1.15861	2.81163	1.78333	0.236928	0.071627
3.775	1.15966	2.81652	1.78215	0.237099	0.070509
3.78	1.1607	2.82141	1.78096	0.237271	0.0693856
3.785	1.16174	2.8263	1.77977	0.237446	0.0682567
3.79	1.16277	2.83119	1.77859	0.237622	0.0671224
3.795	1.1638	2.83608	1.7774	0.2378	0.0659828
3.8	1.16482	2.84098	1.77621	0.23798	0.0648378
3.805	1.16583	2.84588	1.77502	0.238162	0.0636876
3.81	1.16684	2.85077	1.77383	0.238346	0.0625322
3.815	1.16784	2.85567	1.77264	0.238532	0.0613715
3.82	1.16884	2.86057	1.77145	0.238719	0.0602057
3.825	1.16983	2.86547	1.77025	0.238909	0.0590347
3.83	1.17081	2.87037	1.76906	0.2391	0.0578586
3.835	1.17179	2.87528	1.76786	0.239294	0.0566775
3.84	1.17277	2.88018	1.76667	0.239489	0.0554914
3.845	1.17373	2.88509	1.76547	0.239687	0.0543003
3.85	1.17469	2.88999	1.76427	0.239887	0.0531042
3.855	1.17565	2.8949	1.76307	0.240088	0.0519032
3.86	1.1766	2.89981	1.76187	0.240292	0.0506974
3.865	1.17754	2.90472	1.76067	0.240498	0.0494867
3.87	1.17848	2.90963	1.75947	0.240706	0.0482711
3.875	1.17941	2.91454	1.75826	0.240916	0.0470509
3.88	1.18034	2.91946	1.75706	0.241129	0.0458258
3.885	1.18126	2.92437	1.75585	0.241343	0.0445961
3.89	1.18217	2.92929	1.75465	0.24156	0.0433618
3.895	1.18308	2.9342	1.75344	0.241779	0.0421228
3.9	1.18398	2.93912	1.75223	0.242	0.0408792
3.905	1.18488	2.94404	1.75102	0.242223	0.039631
3.91	1.18577	2.94896	1.74981	0.242449	0.0383783
3.915	1.18665	2.95388	1.7486	0.242677	0.0371212
3.92	1.18753	2.95881	1.74738	0.242907	0.0358596
3.925	1.1884	2.96373	1.74617	0.243139	0.0345936
3.93	1.18927	2.96865	1.74495	0.243374	0.0333232
3.935	1.19013	2.97358	1.74373	0.243611	0.0320485
3.94	1.19099	2.9785	1.74252	0.243851	0.0307694
3.945	1.19183	2.98343	1.7413	0.244093	0.0294861
3.95	1.19268	2.98836	1.74008	0.244337	0.0281986
3.955	1.19351	2.99329	1.73886	0.244584	0.0269068
3.96	1.19434	2.99822	1.73763	0.244833	0.0256109
3.965	1.19517	3.00315	1.73641	0.245084	0.0243109
3.97	1.19599	3.00809	1.73518	0.245338	0.0230068
3.975	1.1968	3.01302	1.73396	0.245595	0.0216986
3.98	1.1976	3.01795	1.73273	0.245854	0.0203864
3.985	1.1984	3.02289	1.7315	0.246115	0.0190702
3.99	1.1992	3.02783	1.73027	0.246379	0.01775
3.995	1.19999	3.03276	1.72904	0.246645	0.016426
4	1.20077	3.0377	1.7278	0.246914	0.015098
4.005	1.20154	3.04264	1.72657	0.247186	0.0137662
4.01	1.20231	3.04758	1.72533	0.24746	0.0124306
4.015	1.20308	3.05252	1.7241	0.247736	0.0110912
4.02	1.20383	3.05746	1.72286	0.248015	0.00974813
4.025	1.20458	3.06241	1.72162	0.248297	0.0084013
4.03	1.20533	3.06735	1.72038	0.248581	0.00705081
4.035	1.20607	3.0723	1.71913	0.248868	0.00569668
4.04	1.2068	3.07724	1.71789	0.249158	0.00433895
4.045	1.20753	3.08219	1.71664	0.24945	0.00297765
4.05	1.20825	3.08714	1.71539	0.249745	0.00161283
4.055	1.20896	3.09209	1.71415	0.250042	0.000244507
4.06	1.20967	3.09704	1.7129	0.250342	-0.00112727
4.065	1.21037	3.10199	1.71164	0.250645	-0.00250248
4.07	1.21107	3.10694	1.71039	0.250951	-0.00388107
4.075	1.21176	3.11189	1.70914	0.251259	-0.00526302
4.08	1.21244	3.11684	1.70788	0.25157	-0.00664829
4.085	1.21312	3.1218	1.70662	0.251884	-0.00803684
4.09	1.21379	3.12675	1.70536	0.2522	-0.00942864
4.095	1.21445	3.13171	1.7041	0.25252	-0.0108237
4.1	1.21511	3.13666	1.70284	0.252841	-0.0122218
4.105	1.21576	3.14162	1.70157	0.253166	-0.0136232
4.11	1.21641	3.14658	1.70031	0.253494	-0.0150276
4.115	1.21705	3.15154	1.69904	0.253824	-0.0164352
4.12	1.21768	3.1565	1.69777	0.254157	-0.0178457
4.125	1.21831	3.16146	1.6965	0.254493	-0.0192593
4.13	1.21893	3.16642	1.69523	0.254832	-0.0206758
4.135	1.21954	3.17138	1.69395	0.255173	-0.0220953
4.14	1.22015	3.17635	1.69268	0.255518	-0.0235176
4.145	1.22075	3.18131	1.6914	0.255865	-0.0249429
4.15	1.22135	3.18627	1.69012	0.256215	-0.0263709
4.155	1.22194	3.19124	1.68884	0.256568	-0.0278018
4.16	1.22252	3.1962	1.68756	0.256924	-0.0292354
4.165	1.2231	3.20117	1.68627	0.257283	-0.0306717
4.17	1.22367	3.20614	1.68499	0.257644	-0.0321108
4.175	1.22423	3.21111	1.6837	0.258009	-0.0335524
4.18	1.22479	3.21608	1.68241	0.258376	-0.0349967
4.185	1.22534	3.22105	1.68112	0.258747	-0.0364436
4.19	1.22588	3.22602	1.67982	0.25912	-0.037893
4.195	1.22642	3.23099	1.67853	0.259496	-0.039345
4.2	1.22695	3.23596	1.67723	0.259876	-0.0407994
4.205	1.22747	3.24093	1.67593	0.260258	-0.0422563
4.21	1.22799	3.2459	1.67463	0.260643	-0.0437155
4.215	1.2285	3.25088	1.67333	0.261031	-0.0451772
4.22	1.22901	3.25585	1.67202	0.261422	-0.0466412
4.225	1.22951	3.26083	1.67071	0.261816	-0.0481074
4.23	1.23	3.2658	1.66941	0.262213	-0.049576
4.235	1.23049	3.27078	1.66809	0.262613	-0.0510468
4.24	1.23097	3.27576	1.66678	0.263016	-0.0525198
4.245	1.23144	3.28073	1.66547	0.263422	-0.0539949
4.25	1.2319	3.28571	1.66415	0.263832	-0.0554722
4.255	1.23236	3.29069	1.66283	0.264244	-0.0569515
4.26	1.23282	3.29567	1.66151	0.264659	-0.058433
4.265	1.23326	3.30065	1.66019	0.265077	-0.0599164
4.27	1.2337	3.30563	1.65886	0.265498	-0.0614018
4.275	1.23414	3.31061	1.65753	0.265923	-0.0628892
4.28	1.23456	3.31559	1.6562	0.26635	-0.0643785
4.285	1.23498	3.32058	1.65487	0.266781	-0.0658697
4.29	1.2354	3.32556	1.65354	0.267214	-0.0673627
4.295	1.2358	3.33054	1.6522	0.267651	-0.0688575
4.3	1.2362	3.33553	1.65086	0.268091	-0.0703541
4.305	1.2366	3.34051	1.64952	0.268533	-0.0718525
4.31	1.23698	3.3455	1.64818	0.268979	-0.0733525
4.315	1.23736	3.35048	1.64683	0.269428	-0.0748542
4.32	1.23773	3.35547	1.64549	0.26988	-0.0763576
4.325	1.2381	3.36045	1.64414	0.270336	-0.0778625
4.33	1.23846	3.36544	1.64279	0.270794	-0.079369
4.335	1.23881	3.37043	1.64143	0.271256	-0.0808771
4.34	1.23916	3.37542	1.64008	0.27172	-0.0823866
4.345	1.2395	3.38041	1.63872	0.272188	-0.0838976
4.35	1.23983	3.38539	1.63736	0.272659	-0.08541
4.355	1.24016	3.39038	1.63599	0.273133	-0.0869238
4.36	1.24048	3.39537	1.63463	0.273611	-0.0884389
4.365	1.24079	3.40036	1.63326	0.274091	-0.0899553
4.37	1.24109	3.40535	1.63189	0.274575	-0.0914731
4.375	1.24139	3.41035	1.63052	0.275062	-0.092992
4.38	1.24168	3.41534	1.62914	0.275552	-0.0945122
4.385	1.24197	3.42033	1.62776	0.276045	-0.0960335
4.39	1.24225	3.42532	1.62638	0.276541	-0.097556
4.395	1.24252	3.43031	1.625	0.277041	-0.0990796
4.4	1.24278	3.43531	1.62361	0.277544	-0.100604
4.405	1.24304	3.4403	1.62223	0.27805	-0.10213
4.41	1.24329	3.44529	1.62084	0.278559	-0.103657
4.415	1.24353	3.45029	1.61944	0.279071	-0.105184
4.42	1.24377	3.45528	1.61805	0.279587	-0.106713
4.425	1.244	3.46028	1.61665	0.280106	-0.108242
4.43	1.24422	3.46527	1.61525	0.280628	-0.109772
4.435	1.24443	3.47027	1.61385	0.281153	-0.111303
4.44	1.24464	3.47526	1.61244	0.281682	-0.112835
4.445	1.24484	3.48026	1.61103	0.282214	-0.114368
4.45	1.24504	3.48526	1.60962	0.282749	-0.115901
4.455	1.24522	3.49025	1.60821	0.283287	-0.117435
4.46	1.2454	3.49525	1.60679	0.283829	-0.11897
4.465	1.24558	3.50025	1.60537	0.284373	-0.120505
4.47	1.24574	3.50524	1.60395	0.284922	-0.12204
4.475	1.2459	3.51024	1.60253	0.285473	-0.123577
4.48	1.24605	3.51524	1.6011	0.286028	-0.125113
4.485	1.2462	3.52024	1.59967	0.286586	-0.126651
4.49	1.24633	3.52523	1.59824	0.287147	-0.128188
4.495	1.24646	3.53023	1.5968	0.287711	-0.129726
4.5	1.24659	3.53523	1.59536	0.288279	-0.131265
4.505	1.2467	3.54023	1.59392	0.28885	-0.132803
4.51	1.24681	3.54523	1.59248	0.289424	-0.134342
4.515	1.24691	3.55023	1.59103	0.290002	-0.135881
4.52	1.24701	3.55523	1.58958	0.290583	-0.13742
4.525	1.24709	3.56023	1.58813	0.291167	-0.13896
4.53	1.24717	3.56523	1.58667	0.291755	-0.140499
4.535	1.24724	3.57023	1.58521	0.292346	-0.142039
4.54	1.24731	3.57522	1.58375	0.29294	-0.143579
4.545	1.24737	3.58022	1.58228	0.293537	-0.145118
4.55	1.24742	3.58522	1.58082	0.294138	-0.146658
4.555	1.24746	3.59022	1.57935	0.294742	-0.148198
4.56	1.24749	3.59522	1.57787	0.29535	-0.149737
4.565	1.24752	3.60022	1.5764	0.295961	-0.151277
4.57	1.24754	3.60522	1.57492	0.296575	-0.152816
4.575	1.24756	3.61022	1.57343	0.297192	-0.154355
4.58	1.24756	3.61522	1.57195	0.297813	-0.155894
4.585	1.24756	3.62022	1.57046	0.298437	-0.157432
4.59	1.24755	3.62522	1.56897	0.299065	-0.15897
4.595	1.24754	3.63022	1.56747	0.299696	-0.160508
4.6	1.24751	3.63522	1.56597	0.30033	-0.162045
4.605	1.24748	3.64022	1.56447	0.300967	-0.163582
4.61	1.24744	3.64522	1.56297	0.301608	-0.165119
4.615	1.24739	3.65022	1.56146	0.302252	-0.166654
4.62	1.24734	3.65522	1.55995	0.3029	-0.16819
4.625	1.24728	3.66022	1.55843	0.303551	-0.169725
4.63	1.24721	3.66522	1.55691	0.304205	-0.171259
4.635	1.24713	3.67022	1.55539	0.304863	-0.172792
4.64	1.24705	3.67522	1.55387	0.305524	-0.174325
4.645	1.24695	3.68022	1.55234	0.306189	-0.175857
4.65	1.24685	3.68522	1.55081	0.306856	-0.177388
4.655	1.24675	3.69022	1.54928	0.307528	-0.178919
4.66	1.24663	3.69522	1.54774	0.308202	-0.180448
4.665	1.24651	3.70021	1.5462	0.30888	-0.181977
4.67	1.24638	3.70521	1.54465	0.309561	-0.183505
4.675	1.24624	3.71021	1.54311	0.310246	-0.185032
4.68	1.24609	3.71521	1.54155	0.310934	-0.186557
4.685	1.24594	3.72021	1.54	0.311626	-0.188082
4.69	1.24578	3.7252	1.53844	0.312321	-0.189606
4.695	1.24561	3.7302	1.53688	0.313019	-0.191128
4.7	1.24543	3.7352	1.53531	0.31372	-0.19265
4.705	1.24525	3.74019	1.53375	0.314425	-0.19417
4.71	1.24505	3.74519	1.53217	0.315134	-0.195689
4.715	1.24485	3.75019	1.5306	0.315846	-0.197207
4.72	1.24464	3.75518	1.52902	0.316561	-0.198723
4.725	1.24443	3.76018	1.52744	0.31728	-0.200238
4.73	1.2442	3.76517	1.52585	0.318002	-0.201752
4.735	1.24397	3.77017	1.52426	0.318727	-0.203264
4.74	1.24373	3.77516	1.52267	0.319456	-0.204775
4.745	1.24348	3.78016	1.52107	0.320188	-0.206284
4.75	1.24322	3.78515	1.51947	0.320924	-0.207791
4.755	1.24296	3.79014	1.51786	0.321663	-0.209298
4.76	1.24269	3.79513	1.51625	0.322405	-0.210802
4.765	1.2424	3.80013	1.51464	0.323151	-0.212305
4.77	1.24212	3.80512	1.51303	0.323901	-0.213806
4.775	1.24182	3.81011	1.51141	0.324653	-0.215305
4.78	1.24151	3.8151	1.50978	0.32541	-0.216803
4.785	1.2412	3.82009	1.50816	0.326169	-0.218299
4.79	1.24088	3.82508	1.50653	0.326932	-0.219792
4.795	1.24055	3.83007	1.50489	0.327699	-0.221284
4.8	1.24021	3.83506	1.50325	0.328469	-0.222774
4.805	1.23987	3.84005	1.50161	0.329242	-0.224262
4.81	1.23951	3.84503	1.49996	0.330019	-0.225748
4.815	1.23915	3.85002	1.49831	0.330799	-0.227232
4.82	1.23878	3.85501	1.49666	0.331582	-0.228714
4.825	1.2384	3.85999	1.495	0.332369	-0.230194
4.83	1.23802	3.86498	1.49334	0.33316	-0.231672
4.835	1.23762	3.86996	1.49167	0.333954	-0.233147
4.84	1.23722	3.87494	1.49001	0.334751	-0.23462
4.845	1.23681	3.87993	1.48833	0.335552	-0.236091
4.85	1.23639	3.88491	1.48665	0.336356	-0.237559
4.855	1.23596	3.88989	1.48497	0.337163	-0.239025
4.86	1.23552	3.89487	1.48329	0.337974	-0.240489
4.865	1.23507	3.89985	1.4816	0.338789	-0.24195
4.87	1.23462	3.90483	1.4799	0.339607	-0.243409
4.875	1.23416	3.90981	1.4782	0.340428	-0.244865
4.88	1.23369	3.91479	1.4765	0.341253	-0.246318
4.885	1.23321	3.91977	1.4748	0.342081	-0.247769
4.89	1.23272	3.92474	1.47309	0.342913	-0.249217
4.895	1.23222	3.92972	1.47137	0.343748	-0.250663
4.9	1.23172	3.93469	1.46965	0.344587	-0.252106
4.905	1.23121	3.93966	1.46793	0.345429	-0.253546
4.91	1.23068	3.94464	1.4662	0.346274	-0.254983
4.915	1.23015	3.94961	1.46447	0.347123	-0.256417
4.92	1.22961	3.95458	1.46274	0.347976	-0.257849
4.925	1.22907	3.95955	1.461	0.348832	-0.259277
4.93	1.22851	3.96452	1.45925	0.349691	-0.260702
4.935	1.22794	3.96949	1.4575	0.350554	-0.262125
4.94	1.22737	3.97445	1.45575	0.35142	-0.263544
4.945	1.22679	3.97942	1.45399	0.35229	-0.26496
4.95	1.2262	3.98438	1.45223	0.353163	-0.266373
4.955	1.2256	3.98935	1.45047	0.354039	-0.267783
4.96	1.22499	3.99431	1.4487	0.354919	-0.26919
4.965	1.22437	3.99927	1.44692	0.355803	-0.270593
4.97	1.22374	4.00423	1.44514	0.35669	-0.271993
4.975	1.22311	4.00919	1.44336	0.35758	-0.27339
4.98	1.22246	4.01415	1.44157	0.358474	-0.274783
4.985	1.22181	4.01911	1.43978	0.359372	-0.276173
4.99	1.22115	4.02406	1.43798	0.360273	-0.277559
4.995	1.22048	4.02902	1.43618	0.361177	-0.278942
5	1.2198	4.03397	1.43437	0.362085	-0.280321
5.005	1.21911	4.03893	1.43256	0.362996	-0.281696
5.01	1.21841	4.04388	1.43075	0.363911	-0.283068
5.015	1.2177	4.04883	1.42893	0.364829	-0.284436
5.02	1.21699	4.05377	1.4271	0.36575	-0.285801
5.025	1.21626	4.05872	1.42528	0.366676	-0.287161
5.03	1.21553	4.06367	1.42344	0.367604	-0.288518
5.035	1.21478	4.06861	1.4216	0.368536	-0.289871
5.04	1.21403	4.07355	1.41976	0.369472	-0.29122
5.045	1.21327	4.0785	1.41791	0.370411	-0.292565
5.05	1.2125	4.08344	1.41606	0.371353	-0.293906
5.055	1.21172	4.08838	1.41421	0.372299	-0.295243
5.06	1.21093	4.09331	1.41234	0.373249	-0.296576
5.065	1.21013	4.09825	1.41048	0.374202	-0.297904
5.07	1.20933	4.10318	1.40861	0.375158	-0.299229
5.075	1.20851	4.10812	1.40673	0.376118	-0.300549
5.08	1.20768	4.11305	1.40485	0.377082	-0.301865
5.085	1.20685	4.11798	1.40297	0.378048	-0.303177
5.09	1.206	4.12291	1.40107	0.379019	-0.304484
5.095	1.20515	4.12783	1.39918	0.379993	-0.305787
5.1	1.20429	4.13276	1.39728	0.38097	-0.307086
5.105	1.20341	4.13768	1.39538	0.381951	-0.30838
5.11	1.20253	4.1426	1.39347	0.382935	-0.309669
5.115	1.20164	4.14752	1.39155	0.383923	-0.310954
5.12	1.20074	4.15244	1.38963	0.384914	-0.312235
5.125	1.19983	4.15736	1.38771	0.385909	-0.31351
5.13	1.19891	4.16227	1.38578	0.386907	-0.314781
5.135	1.19798	4.16718	1.38384	0.387909	-0.316048
5.14	1.19704	4.17209	1.3819	0.388915	-0.317309
5.145	1.19609	4.177	1.37996	0.389923	-0.318566
5.15	1.19513	4.18191	1.37801	0.390936	-0.319817
5.155	1.19417	4.18682	1.37605	0.391951	-0.321064
5.16	1.19319	4.19172	1.37409	0.392971	-0.322306
5.165	1.1922	4.19662	1.37213	0.393994	-0.323543
5.17	1.19121	4.20152	1.37016	0.39502	-0.324775
5.175	1.1902	4.20642	1.36818	0.39605	-0.326001
5.18	1.18918	4.21132	1.3662	0.397083	-0.327223
5.185	1.18816	4.21621	1.36422	0.39812	-0.328439
5.19	1.18712	4.2211	1.36223	0.39916	-0.32965
5.195	1.18608	4.22599	1.36023	0.400204	-0.330856
5.2	1.18502	4.23088	1.35823	0.401251	-0.332056
5.205	1.18396	4.23576	1.35622	0.402302	-0.333251
5.21	1.18288	4.24065	1.35421	0.403357	-0.334441
5.215	1.1818	4.24553	1.3522	0.404415	-0.335625
5.22	1.18071	4.25041	1.35017	0.405476	-0.336804
5.225	1.1796	4.25528	1.34815	0.406541	-0.337977
5.23	1.17849	4.26016	1.34611	0.40761	-0.339145
5.235	1.17736	4.26503	1.34408	0.408682	-0.340306
5.24	1.17623	4.2699	1.34203	0.409757	-0.341463
5.245	1.17509	4.27477	1.33998	0.410836	-0.342613
5.25	1.17393	4.27963	1.33793	0.411919	-0.343758
5.255	1.17277	4.28449	1.33587	0.413005	-0.344897
5.26	1.17159	4.28935	1.33381	0.414095	-0.34603
5.265	1.17041	4.29421	1.33173	0.415188	-0.347157
5.27	1.16922	4.29907	1.32966	0.416285	-0.348278
5.275	1.16801	4.30392	1.32758	0.417385	-0.349393
5.28	1.1668	4.30877	1.32549	0.418489	-0.350502
5.285	1.16557	4.31362	1.3234	0.419596	-0.351605
5.29	1.16434	4.31846	1.3213	0.420707	-0.352702
5.295	1.16309	4.32331	1.3192	0.421822	-0.353792
5.3	1.16184	4.32815	1.31709	0.42294	-0.354877
5.305	1.16057	4.33298	1.31497	0.424061	-0.355955
5.31	1.1593	4.33782	1.31285	0.425186	-0.357026
5.315	1.15801	4.34265	1.31073	0.426315	-0.358092
5.32	1.15672	4.34748	1.3086	0.427447	-0.359151
5.325	1.15541	4.3523	1.30646	0.428583	-0.360203
5.33	1.15409	4.35713	1.30431	0.429723	-0.361249
5.335	1.15277	4.36195	1.30217	0.430866	-0.362289
5.34	1.15143	4.36677	1.30001	0.432012	-0.363321
5.345	1.15008	4.37158	1.29785	0.433162	-0.364347
5.35	1.14872	4.37639	1.29569	0.434316	-0.365367
5.355	1.14735	4.3812	1.29351	0.435473	-0.36638
5.36	1.14598	4.38601	1.29134	0.436634	-0.367385
5.365	1.14459	4.39081	1.28915	0.437798	-0.368384
5.37	1.14319	4.39561	1.28696	0.438966	-0.369377
5.375	1.14178	4.40041	1.28477	0.440138	-0.370362
5.38	1.14035	4.4052	1.28257	0.441313	-0.37134
5.385	1.13892	4.40999	1.28036	0.442492	-0.372311
5.39	1.13748	4.41478	1.27815	0.443675	-0.373275
5.395	1.13603	4.41956	1.27593	0.444861	-0.374232
5.4	1.13456	4.42435	1.27371	0.44605	-0.375182
5.405	1.13309	4.42912	1.27148	0.447243	-0.376125
5.41	1.1316	4.4339	1.26924	0.44844	-0.37706
5.415	1.13011	4.43867	1.267	0.449641	-0.377988
5.42	1.1286	4.44344	1.26475	0.450845	-0.378909
5.425	1.12708	4.4482	1.2625	0.452053	-0.379822
5.43	1.12556	4.45296	1.26024	0.453264	-0.380728
5.435	1.12402	4.45772	1.25797	0.454479	-0.381626
5.44	1.12247	4.46247	1.2557	0.455698	-0.382517
5.445	1.12091	4.46722	1.25342	0.45692	-0.3834
5.45	1.11934	4.47197	1.25113	0.458146	-0.384275
5.455	1.11775	4.47671	1.24884	0.459375	-0.385143
5.46	1.11616	4.48145	1.24655	0.460609	-0.386003
5.465	1.11456	4.48619	1.24424	0.461845	-0.386855
5.47	1.11294	4.49092	1.24193	0.463086	-0.3877
5.475	1.11132	4.49565	1.23962	0.46433	-0.388536
5.48	1.10968	4.50037	1.2373	0.465578	-0.389365
5.485	1.10803	4.50509	1.23497	0.46683	-0.390186
5.49	1.10637	4.50981	1.23264	0.468085	-0.390998
5.495	1.1047	4.51452	1.2303	0.469344	-0.391803
5.5	1.10302	4.51923	1.22795	0.470606	-0.392599
5.505	1.10133	4.52394	1.2256	0.471873	-0.393388
5.51	1.09963	4.52864	1.22324	0.473143	-0.394168
5.515	1.09791	4.53334	1.22087	0.474416	-0.39494
5.52	1.09619	4.53803	1.2185	0.475694	-0.395703
5.525	1.09445	4.54272	1.21612	0.476975	-0.396458
5.53	1.0927	4.5474	1.21373	0.47826	-0.397205
5.535	1.09095	4.55208	1.21134	0.479548	-0.397943
5.54	1.08918	4.55676	1.20895	0.480841	-0.398673
5.545	1.08739	4.56143	1.20654	0.482137	-0.399394
5.55	1.0856	4.5661	1.20413	0.483436	-0.400107
5.555	1.0838	4.57076	1.20171	0.48474	-0.400811
5.56	1.08198	4.57542	1.19929	0.486047	-0.401506
5.565	1.08016	4.58007	1.19686	0.487358	-0.402193
5.57	1.07832	4.58472	1.19442	0.488673	-0.40287
5.575	1.07647	4.58937	1.19198	0.489992	-0.403539
5.58	1.07461	4.59401	1.18953	0.491314	-0.404199
5.585	1.07274	4.59865	1.18707	0.492641	-0.404851
5.59	1.07085	4.60328	1.18461	0.493971	-0.405493
5.595	1.06896	4.60791	1.18214	0.495304	-0.406126
5.6	1.06705	4.61253	1.17966	0.496642	-0.40675
5.605	1.06514	4.61715	1.17718	0.497983	-0.407365
5.61	1.06321	4.62176	1.17469	0.499329	-0.407971
5.615	1.06127	4.62637	1.17219	0.500678	-0.408567
5.62	1.05931	4.63097	1.16969	0.502031	-0.409154
5.625	1.05735	4.63557	1.16718	0.503387	-0.409732
5.63	1.05537	4.64016	1.16466	0.504748	-0.410301
5.635	1.05339	4.64475	1.16214	0.506113	-0.41086
5.64	1.05139	4.64933	1.15961	0.507481	-0.41141
5.645	1.04938	4.65391	1.15707	0.508853	-0.41195
5.65	1.04736	4.65848	1.15453	0.510229	-0.412481
5.655	1.04532	4.66305	1.15198	0.511609	-0.413002
5.66	1.04328	4.66762	1.14942	0.512993	-0.413514
5.665	1.04122	4.67217	1.14685	0.514381	-0.414015
5.67	1.03915	4.67672	1.14428	0.515773	-0.414507
5.675	1.03707	4.68127	1.1417	0.517169	-0.41499
5.68	1.03498	4.68581	1.13912	0.518569	-0.415462
5.685	1.03288	4.69035	1.13652	0.519972	-0.415925
5.69	1.03076	4.69488	1.13392	0.52138	-0.416377
5.695	1.02863	4.6994	1.13132	0.522791	-0.41682
5.7	1.0265	4.70392	1.1287	0.524207	-0.417253
5.705	1.02434	4.70844	1.12608	0.525626	-0.417675
5.71	1.02218	4.71294	1.12345	0.52705	-0.418088
5.715	1.02001	4.71745	1.12082	0.528478	-0.41849
5.72	1.01782	4.72194	1.11818	0.529909	-0.418882
5.725	1.01562	4.72643	1.11553	0.531345	-0.419264
5.73	1.01341	4.73092	1.11287	0.532785	-0.419636
5.735	1.01119	4.7354	1.11021	0.534228	-0.419997
5.74	1.00895	4.73987	1.10753	0.535676	-0.420348
5.745	1.00671	4.74434	1.10486	0.537128	-0.420688
5.75	1.00445	4.7488	1.10217	0.538584	-0.421018
5.755	1.00218	4.75325	1.09948	0.540044	-0.421337
5.76	0.999897	4.7577	1.09678	0.541509	-0.421646
5.765	0.997603	4.76214	1.09407	0.542977	-0.421944
5.77	0.995296	4.76658	1.09136	0.54445	-0.422231
5.775	0.992978	4.77101	1.08863	0.545926	-0.422508
5.78	0.990647	4.77543	1.0859	0.547407	-0.422774
5.785	0.988305	4.77985	1.08317	0.548892	-0.423029
5.79	0.98595	4.78426	1.08042	0.550382	-0.423274
5.795	0.983583	4.78867	1.07767	0.551875	-0.423507
5.8	0.981204	4.79306	1.07491	0.553373	-0.42373
5.805	0.978813	4.79746	1.07214	0.554875	-0.423941
5.81	0.976409	4.80184	1.06937	0.556381	-0.424141
5.815	0.973994	4.80622	1.06659	0.557892	-0.424331
5.82	0.971566	4.81059	1.0638	0.559406	-0.424509
5.825	0.969126	4.81495	1.061	0.560925	-0.424676
5.83	0.966674	4.81931	1.0582	0.562449	-0.424832
5.835	0.964209	4.82366	1.05538	0.563977	-0.424976
5.84	0.961733	4.828	1.05256	0.565509	-0.42511
5.845	0.959244	4.83234	1.04974	0.567045	-0.425232
5.85	0.956742	4.83667	1.0469	0.568586	-0.425342
5.855	0.954229	4.84099	1.04406	0.570132	-0.425441
5.86	0.951703	4.84531	1.04121	0.571681	-0.425529
5.865	0.949165	4.84962	1.03835	0.573236	-0.425605
5.87	0.946614	4.85392	1.03548	0.574794	-0.425669
5.875	0.944051	4.85821	1.03261	0.576358	-0.425722
5.88	0.941476	4.8625	1.02973	0.577925	-0.425763
5.885	0.938888	4.86677	1.02684	0.579497	-0.425793
5.89	0.936288	4.87104	1.02394	0.581074	-0.425811
5.895	0.933676	4.87531	1.02104	0.582655	-0.425816
5.9	0.931051	4.87956	1.01812	0.584241	-0.425811
5.905	0.928414	4.88381	1.0152	0.585832	-0.425793
5.91	0.925764	4.88805	1.01227	0.587427	-0.425763
5.915	0.923102	4.89228	1.00933	0.589027	-0.425721
5.92	0.920427	4.89651	1.00639	0.590631	-0.425668
5.925	0.91774	4.90073	1.00344	0.59224	-0.425602
5.93	0.915041	4.90493	1.00047	0.593854	-0.425524
5.935	0.912329	4.90913	0.997506	0.595473	-0.425434
5.94	0.909604	4.91333	0.994528	0.597096	-0.425332
5.945	0.906867	4.91751	0.991543	0.598724	-0.425217
5.95	0.904118	4.92169	0.988549	0.600357	-0.425091
5.955	0.901356	4.92586	0.985547	0.601995	-0.424952
5.96	0.898581	4.93001	0.982537	0.603638	-0.4248
5.965	0.895794	4.93417	0.979519	0.605285	-0.424637
5.97	0.892994	4.93831	0.976493	0.606938	-0.424461
5.975	0.890182	4.94244	0.973458	0.608595	-0.424272
5.98	0.887357	4.94657	0.970415	0.610258	-0.424071
5.985	0.88452	4.95069	0.967364	0.611925	-0.423857
5.99	0.88167	4.95479	0.964304	0.613597	-0.423631
5.995	0.878808	4.95889	0.961236	0.615275	-0.423392
6	0.875932	4.96298	0.95816	0.616957	-0.42314
6.005	0.873045	4.96707	0.955075	0.618645	-0.422876
6.01	0.870144	4.97114	0.951982	0.620338	-0.422599
6.015	0.867231	4.9752	0.94888	0.622036	-0.422309
6.02	0.864306	4.97926	0.94577	0.623739	-0.422007
6.025	0.861368	4.9833	0.942651	0.625448	-0.421691
6.03	0.858417	4.98734	0.939524	0.627161	-0.421363
6.035	0.855453	4.99137	0.936388	0.62888	-0.421021
6.04	0.852477	4.99538	0.933244	0.630605	-0.420667
6.045	0.849488	4.99939	0.930091	0.632335	-0.420299
6.05	0.846487	5.00339	0.926929	0.63407	-0.419919
6.055	0.843473	5.00738	0.923759	0.63581	-0.419525
6.06	0.840446	5.01136	0.92058	0.637556	-0.419118
6.065	0.837406	5.01533	0.917392	0.639308	-0.418698
6.07	0.834354	5.01929	0.914195	0.641065	-0.418265
6.075	0.831289	5.02324	0.91099	0.642828	-0.417819
6.08	0.828212	5.02718	0.907776	0.644596	-0.417359
6.085	0.825122	5.03111	0.904553	0.646371	-0.416886
6.09	0.822019	5.03503	0.901321	0.64815	-0.4164
6.095	0.818903	5.03894	0.89808	0.649936	-0.4159
6.1	0.815775	5.04284	0.894831	0.651727	-0.415387
6.105	0.812634	5.04673	0.891572	0.653525	-0.41486
6.11	0.80948	5.05061	0.888304	0.655328	-0.41432
6.115	0.806314	5.05448	0.885028	0.657137	-0.413766
6.12	0.803135	5.05834	0.881742	0.658952	-0.413199
6.125	0.799943	5.06219	0.878447	0.660773	-0.412618
6.13	0.796739	5.06603	0.875143	0.6626	-0.412023
6.135	0.793522	5.06986	0.87183	0.664434	-0.411415
6.14	0.790292	5.07367	0.868508	0.666273	-0.410793
6.145	0.787049	5.07748	0.865177	0.668119	-0.410157
6.15	0.783794	5.08128	0.861836	0.669971	-0.409508
6.155	0.780526	5.08506	0.858486	0.671829	-0.408845
6.16	0.777246	5.08883	0.855127	0.673694	-0.408167
6.165	0.773952	5.0926	0.851759	0.675565	-0.407476
6.17	0.770646	5.09635	0.848381	0.677443	-0.406771
6.175	0.767328	5.10009	0.844994	0.679327	-0.406052
6.18	0.763996	5.10382	0.841597	0.681218	-0.40532
6.185	0.760652	5.10753	0.838191	0.683115	-0.404573
6.19	0.757296	5.11124	0.834775	0.68502	-0.403812
6.195	0.753926	5.11493	0.83135	0.686931	-0.403037
6.2	0.750544	5.11862	0.827916	0.688849	-0.402248
6.205	0.747149	5.12229	0.824471	0.690774	-0.401444
6.21	0.743742	5.12595	0.821018	0.692705	-0.400627
6.215	0.740322	5.12959	0.817554	0.694644	-0.399795
6.22	0.736889	5.13323	0.814081	0.69659	-0.398949
6.225	0.733444	5.13685	0.810598	0.698544	-0.398089
6.23	0.729986	5.14046	0.807105	0.700504	-0.397215
6.235	0.726515	5.14406	0.803603	0.702472	-0.396326
6.24	0.723032	5.14765	0.80009	0.704447	-0.395423
6.245	0.719536	5.15122	0.796568	0.70643	-0.394506
6.25	0.716028	5.15479	0.793036	0.70842	-0.393574
6.255	0.712507	5.15834	0.789494	0.710418	-0.392628
6.26	0.708973	5.16187	0.785942	0.712424	-0.391667
6.265	0.705427	5.1654	0.78238	0.714437	-0.390692
6.27	0.701868	5.16891	0.778807	0.716458	-0.389702
6.275	0.698297	5.17241	0.775225	0.718488	-0.388698
6.28	0.694713	5.1759	0.771633	0.720525	-0.387679
6.285	0.691117	5.17937	0.76803	0.722571	-0.386646
6.29	0.687508	5.18283	0.764417	0.724625	-0.385598
6.295	0.683886	5.18628	0.760794	0.726687	-0.384536
6.3	0.680252	5.18971	0.757161	0.728757	-0.383458
6.305	0.676606	5.19313	0.753517	0.730836	-0.382366
6.31	0.672947	5.19654	0.749863	0.732924	-0.38126
6.315	0.669276	5.19994	0.746198	0.735021	-0.380138
6.32	0.665592	5.20332	0.742523	0.737126	-0.379002
6.325	0.661896	5.20668	0.738837	0.73924	-0.377851
6.33	0.658187	5.21004	0.735141	0.741364	-0.376685
6.335	0.654466	5.21338	0.731434	0.743496	-0.375505
6.34	0.650732	5.2167	0.727717	0.745638	-0.374309
6.345	0.646987	5.22001	0.723989	0.747789	-0.373099
6.35	0.643228	5.22331	0.72025	0.74995	-0.371874
6.355	0.639458	5.2266	0.7165	0.75212	-0.370634
6.36	0.635675	5.22987	0.712739	0.754301	-0.369379
6.365	0.63188	5.23312	0.708968	0.756491	-0.368109
6.37	0.628072	5.23636	0.705185	0.758691	-0.366824
6.375	0.624253	5.23959	0.701392	0.760901	-0.365524
6.38	0.620421	5.2428	0.697587	0.763122	-0.364209
6.385	0.616576	5.246	0.693772	0.765353	-0.362878
6.39	0.61272	5.24918	0.689945	0.767595	-0.361533
6.395	0.608851	5.25235	0.686107	0.769847	-0.360173
6.4	0.604971	5.2555	0.682258	0.77211	-0.358798
6.405	0.601078	5.25864	0.678397	0.774385	-0.357407
6.41	0.597173	5.26176	0.674525	0.77667	-0.356001
6.415	0.593256	5.26487	0.670642	0.778967	-0.35458
6.42	0.589326	5.26796	0.666747	0.781276	-0.353144
6.425	0.585385	5.27104	0.662841	0.783596	-0.351693
6.43	0.581432	5.2741	0.658923	0.785928	-0.350227
6.435	0.577467	5.27714	0.654993	0.788272	-0.348745
6.44	0.573489	5.28017	0.651052	0.790629	-0.347248
6.445	0.5695	5.28319	0.647099	0.792998	-0.345736
6.45	0.565499	5.28619	0.643134	0.795379	-0.344208
6.455	0.561486	5.28917	0.639157	0.797774	-0.342665
6.46	0.557461	5.29214	0.635168	0.800181	-0.341107
6.465	0.553425	5.29509	0.631167	0.802602	-0.339533
6.47	0.549376	5.29802	0.627154	0.805036	-0.337944
6.475	0.545316	5.30094	0.623129	0.807484	-0.33634
6.48	0.541244	5.30384	0.619091	0.809946	-0.33472
6.485	0.53716	5.30673	0.615042	0.812422	-0.333085
6.49	0.533065	5.30959	0.61098	0.814913	-0.331434
6.495	0.528958	5.31245	0.606905	0.817418	-0.329768
6.5	0.524839	5.31528	0.602818	0.819938	-0.328087
6.505	0.520709	5.3181	0.598718	0.822474	-0.32639
6.51	0.516567	5.3209	0.594606	0.825024	-0.324677
6.515	0.512413	5.32368	0.590481	0.827591	-0.322949
6.52	0.508248	5.32645	0.586343	0.830174	-0.321205
6.525	0.504072	5.3292	0.582192	0.832773	-0.319446
6.53	0.499884	5.33193	0.578028	0.835388	-0.317671
6.535	0.495685	5.33464	0.573851	0.838021	-0.315881
6.54	0.491475	5.33734	0.569661	0.840671	-0.314075
6.545	0.487253	5.34002	0.565458	0.843339	-0.312254
6.55	0.48302	5.34268	0.561241	0.846024	-0.310416
6.555	0.478776	5.34533	0.557011	0.848728	-0.308563
6.56	0.474521	5.34795	0.552767	0.85145	-0.306695
6.565	0.470254	5.35056	0.54851	0.854192	-0.304811
6.57	0.465977	5.35315	0.544239	0.856953	-0.302911
6.575	0.461688	5.35572	0.539954	0.859734	-0.300995
6.58	0.457388	5.35827	0.535656	0.862535	-0.299063
6.585	0.453078	5.3608	0.531343	0.865357	-0.297116
6.59	0.448756	5.36332	0.527016	0.868201	-0.295153
6.595	0.444424	5.36581	0.522675	0.871065	-0.293174
6.6	0.44008	5.36829	0.51832	0.873952	-0.29118
6.605	0.435726	5.37075	0.51395	0.876862	-0.289169
6.61	0.431362	5.37319	0.509566	0.879794	-0.287143
6.615	0.426986	5.37561	0.505167	0.882751	-0.285101
6.62	0.4226	5.37801	0.500753	0.885731	-0.283042
6.625	0.418203	5.38039	0.496324	0.888736	-0.280968
6.63	0.413796	5.38275	0.491881	0.891767	-0.278878
6.635	0.409378	5.38509	0.487422	0.894823	-0.276772
6.64	0.40495	5.38741	0.482948	0.897906	-0.27465
6.645	0.400512	5.38972	0.478458	0.901017	-0.272512
6.65	0.396063	5.392	0.473953	0.904155	-0.270358
6.655	0.391604	5.39426	0.469432	0.907322	-0.268188
6.66	0.387134	5.3965	0.464896	0.910518	-0.266002
6.665	0.382655	5.39872	0.460343	0.913744	-0.263799
6.67	0.378165	5.40092	0.455774	0.917001	-0.261581
6.675	0.373666	5.4031	0.451189	0.92029	-0.259346
6.68	0.369156	5.40526	0.446588	0.923612	-0.257095
6.685	0.364636	5.4074	0.44197	0.926967	-0.254828
6.69	0.360107	5.40952	0.437335	0.930357	-0.252545
6.695	0.355568	5.41162	0.432683	0.933782	-0.250245
6.7	0.351019	5.41369	0.428014	0.937243	-0.247929
6.705	0.34646	5.41574	0.423328	0.940742	-0.245596
6.71	0.341892	5.41778	0.418624	0.944279	-0.243247
6.715	0.337314	5.41979	0.413903	0.947856	-0.240882
6.72	0.332727	5.42178	0.409164	0.951474	-0.2385
6.725	0.32813	5.42374	0.404406	0.955135	-0.236102
6.73	0.323524	5.42569	0.399631	0.958838	-0.233687
6.735	0.318909	5.42761	0.394836	0.962587	-0.231255
6.74	0.314284	5.42951	0.390024	0.966382	-0.228806
6.745	0.309651	5.43139	0.385192	0.970225	-0.226341
6.75	0.305008	5.43325	0.38034	0.974118	-0.223859
6.755	0.300356	5.43508	0.37547	0.978061	-0.221361
6.76	0.295696	5.43689	0.37058	0.982058	-0.218845
6.765	0.291026	5.43868	0.365669	0.98611	-0.216312
6.77	0.286348	5.44045	0.360739	0.990218	-0.213763
6.775	0.281661	5.44219	0.355788	0.994385	-0.211196
6.78	0.276966	5.44391	0.350816	0.998613	-0.208612
6.785	0.272262	5.4456	0.345823	1.0029	-0.206011
6.79	0.267549	5.44727	0.340808	1.00726	-0.203392
6.795	0.262829	5.44892	0.335772	1.01169	-0.200756
6.8	0.2581	5.45054	0.330713	1.01618	-0.198103
6.805	0.253362	5.45214	0.325632	1.02076	-0.195432
6.81	0.248617	5.45372	0.320529	1.0254	-0.192743
6.815	0.243864	5.45527	0.315402	1.03013	-0.190037
6.82	0.239102	5.4568	0.310251	1.03494	-0.187312
6.825	0.234333	5.4583	0.305076	1.03985	-0.18457
6.83	0.229556	5.45977	0.299877	1.04484	-0.18181
6.835	0.224772	5.46123	0.294653	1.04992	-0.179032
6.84	0.21998	5.46265	0.289403	1.05511	-0.176235
6.845	0.21518	5.46406	0.284128	1.06041	-0.17342
6.85	0.210373	5.46543	0.278826	1.06581	-0.170586
6.855	0.205559	5.46678	0.273497	1.07133	-0.167734
6.86	0.200738	5.46811	0.26814	1.07698	-0.164863
6.865	0.195909	5.46941	0.262755	1.08275	-0.161973
6.87	0.191074	5.47068	0.257341	1.08866	-0.159064
6.875	0.186232	5.47192	0.251898	1.09471	-0.156136
6.88	0.181383	5.47314	0.246424	1.10092	-0.153188
6.885	0.176527	5.47434	0.24092	1.10729	-0.150221
6.89	0.171665	5.4755	0.235383	1.11383	-0.147234
6.895	0.166797	5.47664	0.229814	1.12055	-0.144228
6.9	0.161922	5.47775	0.224212	1.12747	-0.141202
6.905	0.157041	5.47884	0.218574	1.1346	-0.138155
6.91	0.152154	5.47989	0.212901	1.14195	-0.135088
6.915	0.147261	5.48092	0.207191	1.14955	-0.132001
6.92	0.142362	5.48192	0.201444	1.1574	-0.128894
6.925	0.137457	5.4829	0.195657	1.16554	-0.125766
6.93	0.132547	5.48384	0.189829	1.17397	-0.122618
6.935	0.127631	5.48475	0.183959	1.18275	-0.119448
6.94	0.12271	5.48564	0.178045	1.19188	-0.116259
6.945	0.117784	5.4865	0.172086	1.20141	-0.113049
6.95	0.112853	5.48732	0.166079	1.21138	-0.109818
6.955	0.107917	5.48812	0.160022	1.22183	-0.106568
6.96	0.102976	5.48889	0.153913	1.23283	-0.103298
6.965	0.0980305	5.48962	0.147749	1.24443	-0.100009
6.97	0.0930804	5.49033	0.141527	1.25671	-0.0967029
6.975	0.0881261	5.491	0.135243	1.26978	-0.0933798
6.98	0.0831676	5.49164	0.128894	1.28374	-0.0900421
6.985	0.078205	5.49225	0.122476	1.29873	-0.0866922
6.99	0.0732386	5.49283	0.115982	1.31496	-0.0833337
6.995	0.0682685	5.49338	0.109407	1.33263	-0.0799715
7	0.0632949	5.49389	0.102744	1.35207	-0.0766124
7.005	0.0583179	5.49437	0.0959837	1.37367	-0.0732662
7.01	0.0533377	5.49482	0.0891153	1.39802	-0.0699471
7.015	0.0483546	5.49523	0.0821252	1.42592	-0.0666758
7.02	0.0433687	5.4956	0.0749956	1.45858	-0.0634839
7.025	0.0383801	5.49594	0.0677027	1.49787	-0.0604213
7.03	0.0333892	5.49624	0.0602134	1.5469	-0.0575696
7.035	0.0283961	5.4965	0.0524789	1.61117	-0.0550711
7.04	0.023401	5.49672	0.044423	1.70143	-0.0531941
7.045	0.0184042	5.4969	0.0359159	1.84153	-0.0525047
7.05	0.013406	5.49704	0.0267082	2.09478	-0.0544229
7.055	0.00840665	5.49712	0.0162344	2.68428	-0.0638025
7.06	0.00340667	5.49713	0.00281293	4.93302	-0.114893
