descriptor s_test R_test Z_test
0	1.61861	9.99999e-006	0.002	-0.401957	-0.00161595
0.005	1.61361	3.00489e-005	0.00400979	-0.403918	-0.00324787
0.01	1.60861	6.01956e-005	0.00602937	-0.405882	-0.00489577
0.015	1.60361	0.000100489	0.00805878	-0.407849	-0.00655967
0.02	1.59861	0.000150978	0.010098	-0.40982	-0.00823957
0.025	1.59361	0.000211712	0.0121471	-0.411795	-0.0099355
0.03	1.58861	0.000282741	0.0142061	-0.413774	-0.0116475
0.035	1.58361	0.000364112	0.016275	-0.415757	-0.0133755
0.04	1.57861	0.000455875	0.0183538	-0.417743	-0.0151196
0.045	1.57361	0.000558081	0.0204425	-0.419734	-0.0168797
0.05	1.56862	0.000670777	0.0225411	-0.421729	-0.018656
0.055	1.56362	0.000794013	0.0246498	-0.423728	-0.0204483
0.06	1.55862	0.000927839	0.0267684	-0.425732	-0.0222568
0.065	1.55362	0.0010723	0.0288971	-0.42774	-0.0240814
0.07	1.54862	0.00122746	0.0310358	-0.429752	-0.0259222
0.075	1.54363	0.00139335	0.0331845	-0.43177	-0.0277791
0.08	1.53863	0.00157003	0.0353434	-0.433792	-0.0296522
0.085	1.53363	0.00175755	0.0375124	-0.435819	-0.0315414
0.09	1.52864	0.00195595	0.0396914	-0.437851	-0.0334469
0.095	1.52364	0.0021653	0.0418807	-0.439888	-0.0353685
0.1	1.51865	0.00238563	0.0440801	-0.44193	-0.0373064
0.105	1.51365	0.00261699	0.0462898	-0.443977	-0.0392605
0.11	1.50866	0.00285945	0.0485097	-0.44603	-0.0412308
0.115	1.50366	0.00311304	0.0507398	-0.448089	-0.0432175
0.12	1.49867	0.00337781	0.0529803	-0.450152	-0.0452203
0.125	1.49368	0.00365383	0.055231	-0.452222	-0.0472395
0.13	1.48869	0.00394113	0.0574921	-0.454298	-0.0492749
0.135	1.4837	0.00423977	0.0597636	-0.456379	-0.0513266
0.14	1.4787	0.0045498	0.0620455	-0.458467	-0.0533947
0.145	1.47372	0.00487127	0.0643379	-0.46056	-0.055479
0.15	1.46873	0.00520422	0.0666407	-0.46266	-0.0575797
0.155	1.46374	0.00554872	0.068954	-0.464767	-0.0596967
0.16	1.45875	0.00590481	0.0712778	-0.466879	-0.0618301
0.165	1.45376	0.00627254	0.0736122	-0.468999	-0.0639799
0.17	1.44878	0.00665196	0.0759572	-0.471125	-0.066146
0.175	1.44379	0.00704312	0.0783128	-0.473259	-0.0683285
0.18	1.43881	0.00744608	0.0806791	-0.475399	-0.0705275
0.185	1.43383	0.00786088	0.0830561	-0.477546	-0.0727428
0.19	1.42885	0.00828758	0.0854438	-0.479701	-0.0749745
0.195	1.42387	0.00872623	0.0878423	-0.481863	-0.0772227
0.2	1.41889	0.00917687	0.0902516	-0.484033	-0.0794873
0.205	1.41391	0.00963957	0.0926718	-0.48621	-0.0817683
0.21	1.40893	0.0101144	0.0951029	-0.488395	-0.0840658
0.215	1.40395	0.0106013	0.0975448	-0.490588	-0.0863798
0.22	1.39898	0.0111005	0.0999978	-0.492789	-0.0887102
0.225	1.394	0.0116119	0.102462	-0.494999	-0.0910571
0.23	1.38903	0.0121356	0.104937	-0.497217	-0.0934205
0.235	1.38406	0.0126717	0.107423	-0.499443	-0.0958005
0.24	1.37909	0.0132202	0.10992	-0.501678	-0.0981969
0.245	1.37412	0.0137811	0.112428	-0.503922	-0.10061
0.25	1.36916	0.0143546	0.114948	-0.506174	-0.103039
0.255	1.36419	0.0149407	0.117479	-0.508436	-0.105485
0.26	1.35923	0.0155393	0.120021	-0.510707	-0.107948
0.265	1.35426	0.0161507	0.122575	-0.512988	-0.110427
0.27	1.3493	0.0167747	0.12514	-0.515278	-0.112923
0.275	1.34434	0.0174116	0.127716	-0.517578	-0.115435
0.28	1.33939	0.0180613	0.130304	-0.519888	-0.117964
0.285	1.33443	0.0187238	0.132903	-0.522208	-0.120509
0.29	1.32948	0.0193993	0.135514	-0.524538	-0.123071
0.295	1.32452	0.0200878	0.138137	-0.526878	-0.12565
0.3	1.31957	0.0207893	0.140771	-0.52923	-0.128245
0.305	1.31462	0.021504	0.143418	-0.531591	-0.130857
0.31	1.30968	0.0222318	0.146075	-0.533964	-0.133485
0.315	1.30473	0.0229727	0.148745	-0.536348	-0.13613
0.32	1.29979	0.023727	0.151427	-0.538743	-0.138792
0.325	1.29485	0.0244945	0.154121	-0.54115	-0.14147
0.33	1.28991	0.0252755	0.156827	-0.543568	-0.144165
0.335	1.28497	0.0260698	0.159544	-0.545998	-0.146877
0.34	1.28004	0.0268776	0.162274	-0.54844	-0.149605
0.345	1.27511	0.027699	0.165017	-0.550895	-0.15235
0.35	1.27018	0.0285339	0.167771	-0.553361	-0.155112
0.355	1.26525	0.0293825	0.170538	-0.555841	-0.157891
0.36	1.26033	0.0302447	0.173317	-0.558333	-0.160686
0.365	1.2554	0.0311207	0.176109	-0.560838	-0.163497
0.37	1.25048	0.0320105	0.178913	-0.563356	-0.166326
0.375	1.24556	0.0329142	0.18173	-0.565888	-0.169171
0.38	1.24065	0.0338317	0.184559	-0.568434	-0.172033
0.385	1.23574	0.0347633	0.187401	-0.570993	-0.174911
0.39	1.23083	0.0357088	0.190256	-0.573566	-0.177806
0.395	1.22592	0.0366684	0.193124	-0.576154	-0.180718
0.4	1.22102	0.0376422	0.196005	-0.578756	-0.183647
0.405	1.21611	0.0386302	0.198899	-0.581372	-0.186593
0.41	1.21122	0.0396323	0.201805	-0.584004	-0.189555
0.415	1.20632	0.0406488	0.204726	-0.586651	-0.192534
0.42	1.20143	0.0416797	0.207659	-0.589313	-0.195529
0.425	1.19654	0.0427249	0.210605	-0.591991	-0.198541
0.43	1.19165	0.0437847	0.213565	-0.594685	-0.201571
0.435	1.18677	0.0448589	0.216539	-0.597394	-0.204616
0.44	1.18189	0.0459478	0.219526	-0.600121	-0.207679
0.445	1.17701	0.0470512	0.222526	-0.602863	-0.210758
0.45	1.17214	0.0481694	0.225541	-0.605623	-0.213854
0.455	1.16727	0.0493023	0.228569	-0.6084	-0.216967
0.46	1.1624	0.05045	0.231611	-0.611194	-0.220096
0.465	1.15754	0.0516126	0.234667	-0.614005	-0.223242
0.47	1.15268	0.0527902	0.237737	-0.616835	-0.226405
0.475	1.14782	0.0539827	0.240821	-0.619683	-0.229585
0.48	1.14297	0.0551902	0.243919	-0.622549	-0.232781
0.485	1.13812	0.0564128	0.247032	-0.625434	-0.235994
0.49	1.13328	0.0576506	0.250159	-0.628337	-0.239224
0.495	1.12844	0.0589036	0.253301	-0.63126	-0.242471
0.5	1.1236	0.0601719	0.256457	-0.634203	-0.245734
0.505	1.11877	0.0614555	0.259628	-0.637165	-0.249014
0.51	1.11394	0.0627545	0.262814	-0.640148	-0.25231
0.515	1.10912	0.0640689	0.266015	-0.643151	-0.255624
0.52	1.1043	0.0653989	0.269231	-0.646174	-0.258954
0.525	1.09948	0.0667444	0.272461	-0.649219	-0.2623
0.53	1.09467	0.0681055	0.275707	-0.652285	-0.265664
0.535	1.08986	0.0694824	0.278969	-0.655372	-0.269043
0.54	1.08506	0.0708749	0.282246	-0.658481	-0.27244
0.545	1.08026	0.0722833	0.285538	-0.661613	-0.275853
0.55	1.07547	0.0737075	0.288846	-0.664767	-0.279283
0.555	1.07068	0.0751477	0.29217	-0.667944	-0.282729
0.56	1.0659	0.0766038	0.29551	-0.671144	-0.286192
0.565	1.06112	0.078076	0.298866	-0.674368	-0.289672
0.57	1.05635	0.0795643	0.302237	-0.677616	-0.293168
0.575	1.05158	0.0810687	0.305625	-0.680888	-0.29668
0.58	1.04682	0.0825894	0.30903	-0.684184	-0.30021
0.585	1.04206	0.0841264	0.312451	-0.687505	-0.303755
0.59	1.03731	0.0856797	0.315888	-0.690852	-0.307317
0.595	1.03256	0.0872494	0.319343	-0.694224	-0.310896
0.6	1.02782	0.0888356	0.322814	-0.697622	-0.31449
0.605	1.02308	0.0904383	0.326302	-0.701047	-0.318102
0.61	1.01835	0.0920576	0.329807	-0.704498	-0.321729
0.615	1.01363	0.0936935	0.33333	-0.707976	-0.325373
0.62	1.00891	0.0953462	0.336869	-0.711482	-0.329033
0.625	1.00419	0.0970157	0.340427	-0.715015	-0.33271
0.63	0.999487	0.0987019	0.344002	-0.718577	-0.336403
0.635	0.994786	0.100405	0.347595	-0.722167	-0.340112
0.64	0.990091	0.102125	0.351206	-0.725786	-0.343837
0.645	0.985403	0.103862	0.354835	-0.729435	-0.347578
0.65	0.980721	0.105617	0.358482	-0.733113	-0.351335
0.655	0.976045	0.107388	0.362147	-0.736821	-0.355108
0.66	0.971376	0.109177	0.365831	-0.74056	-0.358898
0.665	0.966713	0.110983	0.369534	-0.74433	-0.362703
0.67	0.962058	0.112806	0.373256	-0.748131	-0.366524
0.675	0.957409	0.114647	0.376997	-0.751964	-0.370361
0.68	0.952767	0.116505	0.380756	-0.75583	-0.374214
0.685	0.948132	0.11838	0.384535	-0.759728	-0.378082
0.69	0.943504	0.120274	0.388334	-0.763659	-0.381966
0.695	0.938884	0.122184	0.392152	-0.767623	-0.385866
0.7	0.934271	0.124113	0.395991	-0.771622	-0.389781
0.705	0.929665	0.126059	0.399849	-0.775654	-0.393711
0.71	0.925067	0.128024	0.403727	-0.779722	-0.397657
0.715	0.920477	0.130006	0.407626	-0.783825	-0.401619
0.72	0.915894	0.132006	0.411545	-0.787963	-0.405595
0.725	0.91132	0.134024	0.415484	-0.792138	-0.409587
0.73	0.906753	0.13606	0.419445	-0.796349	-0.413594
0.735	0.902195	0.138115	0.423427	-0.800597	-0.417615
0.74	0.897645	0.140188	0.42743	-0.804883	-0.421652
0.745	0.893103	0.142278	0.431454	-0.809206	-0.425703
0.75	0.88857	0.144388	0.4355	-0.813568	-0.429769
0.755	0.884045	0.146516	0.439568	-0.817969	-0.43385
0.76	0.879529	0.148662	0.443658	-0.822409	-0.437945
0.765	0.875022	0.150827	0.44777	-0.826889	-0.442054
0.77	0.870524	0.15301	0.451904	-0.831409	-0.446178
0.775	0.866035	0.155212	0.456062	-0.83597	-0.450315
0.78	0.861555	0.157433	0.460241	-0.840572	-0.454467
0.785	0.857085	0.159672	0.464444	-0.845216	-0.458632
0.79	0.852624	0.161931	0.46867	-0.849901	-0.462811
0.795	0.848173	0.164208	0.47292	-0.85463	-0.467004
0.8	0.843731	0.166505	0.477193	-0.859401	-0.47121
0.805	0.8393	0.16882	0.48149	-0.864216	-0.475429
0.81	0.834878	0.171155	0.485811	-0.869075	-0.479662
0.815	0.830467	0.173509	0.490156	-0.873978	-0.483907
0.82	0.826066	0.175882	0.494526	-0.878926	-0.488165
0.825	0.821675	0.178274	0.498921	-0.883919	-0.492435
0.83	0.817296	0.180686	0.503341	-0.888959	-0.496718
0.835	0.812926	0.183117	0.507785	-0.894044	-0.501013
0.84	0.808568	0.185568	0.512256	-0.899176	-0.50532
0.845	0.804221	0.188038	0.516751	-0.904356	-0.509639
0.85	0.799885	0.190528	0.521273	-0.909583	-0.513969
0.855	0.795561	0.193038	0.525821	-0.914858	-0.518311
0.86	0.791248	0.195567	0.530395	-0.920181	-0.522663
0.865	0.786946	0.198116	0.534996	-0.925553	-0.527026
0.87	0.782657	0.200685	0.539624	-0.930975	-0.5314
0.875	0.778379	0.203274	0.544279	-0.936446	-0.535784
0.88	0.774114	0.205883	0.548961	-0.941968	-0.540178
0.885	0.769861	0.208513	0.553671	-0.947539	-0.544582
0.89	0.76562	0.211162	0.558409	-0.953162	-0.548995
0.895	0.761393	0.213831	0.563175	-0.958836	-0.553418
0.9	0.757178	0.216521	0.567969	-0.964562	-0.557849
0.905	0.752976	0.219231	0.572792	-0.970339	-0.562289
0.91	0.748787	0.221961	0.577643	-0.976169	-0.566736
0.915	0.744611	0.224712	0.582524	-0.982051	-0.571192
0.92	0.74045	0.227483	0.587434	-0.987986	-0.575655
0.925	0.736302	0.230274	0.592374	-0.993975	-0.580125
0.93	0.732167	0.233087	0.597344	-1.00002	-0.584601
0.935	0.728047	0.235919	0.602344	-1.00611	-0.589084
0.94	0.723942	0.238773	0.607375	-1.01226	-0.593573
0.945	0.71985	0.241647	0.612436	-1.01846	-0.598067
0.95	0.715774	0.244542	0.617528	-1.02472	-0.602566
0.955	0.711712	0.247458	0.622652	-1.03104	-0.60707
0.96	0.707666	0.250395	0.627807	-1.0374	-0.611578
0.965	0.703634	0.253353	0.632994	-1.04382	-0.616089
0.97	0.699618	0.256332	0.638213	-1.0503	-0.620603
0.975	0.695618	0.259332	0.643465	-1.05683	-0.62512
0.98	0.691634	0.262353	0.648749	-1.06342	-0.629638
0.985	0.687666	0.265395	0.654066	-1.07006	-0.634158
0.99	0.683714	0.268458	0.659416	-1.07676	-0.638679
0.995	0.679779	0.271543	0.6648	-1.08351	-0.643201
1	0.675861	0.274648	0.670218	-1.09031	-0.647721
1.005	0.671959	0.277775	0.675669	-1.09717	-0.652241
1.01	0.668075	0.280924	0.681155	-1.10409	-0.656759
1.015	0.664208	0.284094	0.686676	-1.11106	-0.661275
1.02	0.660359	0.287285	0.692231	-1.11808	-0.665788
1.025	0.656528	0.290498	0.697821	-1.12515	-0.670297
1.03	0.652715	0.293732	0.703447	-1.13228	-0.674802
1.035	0.64892	0.296988	0.709108	-1.13947	-0.679301
1.04	0.645144	0.300265	0.714806	-1.1467	-0.683794
1.045	0.641387	0.303564	0.720539	-1.15398	-0.688281
1.05	0.637649	0.306885	0.726309	-1.16132	-0.69276
1.055	0.63393	0.310227	0.732116	-1.16871	-0.69723
1.06	0.630231	0.313591	0.737959	-1.17614	-0.701691
1.065	0.626551	0.316976	0.74384	-1.18363	-0.706142
1.07	0.622892	0.320384	0.749758	-1.19116	-0.710581
1.075	0.619253	0.323813	0.755714	-1.19874	-0.715009
1.08	0.615635	0.327264	0.761708	-1.20637	-0.719423
1.085	0.612037	0.330736	0.76774	-1.21404	-0.723823
1.09	0.608461	0.33423	0.77381	-1.22176	-0.728208
1.095	0.604906	0.337747	0.779919	-1.22952	-0.732577
1.1	0.601373	0.341284	0.786066	-1.23732	-0.736928
1.105	0.597862	0.344844	0.792253	-1.24516	-0.741261
1.11	0.594373	0.348426	0.798479	-1.25303	-0.745574
1.115	0.590906	0.352029	0.804744	-1.26095	-0.749867
1.12	0.587463	0.355654	0.811048	-1.2689	-0.754137
1.125	0.584042	0.359301	0.817393	-1.27688	-0.758385
1.13	0.580645	0.362969	0.823777	-1.2849	-0.762608
1.135	0.577271	0.36666	0.830202	-1.29294	-0.766805
1.14	0.573921	0.370372	0.836667	-1.30101	-0.770975
1.145	0.570596	0.374105	0.843172	-1.30911	-0.775117
1.15	0.567295	0.377861	0.849717	-1.31722	-0.779228
1.155	0.564019	0.381638	0.856303	-1.32536	-0.783309
1.16	0.560768	0.385437	0.86293	-1.33352	-0.787357
1.165	0.557542	0.389257	0.869598	-1.34169	-0.79137
1.17	0.554342	0.393099	0.876306	-1.34987	-0.795348
1.175	0.551168	0.396962	0.883055	-1.35807	-0.799289
1.18	0.54802	0.400847	0.889846	-1.36626	-0.80319
1.185	0.544899	0.404754	0.896677	-1.37447	-0.807052
1.19	0.541805	0.408681	0.903549	-1.38267	-0.810871
1.195	0.538738	0.41263	0.910463	-1.39086	-0.814647
1.2	0.535699	0.4166	0.917417	-1.39905	-0.818377
1.205	0.532687	0.420592	0.924412	-1.40723	-0.82206
1.21	0.529704	0.424604	0.931448	-1.41539	-0.825694
1.215	0.526749	0.428638	0.938525	-1.42353	-0.829277
1.22	0.523823	0.432692	0.945643	-1.43165	-0.832808
1.225	0.520926	0.436767	0.952801	-1.43974	-0.836284
1.23	0.518058	0.440863	0.96	-1.4478	-0.839705
1.235	0.515221	0.44498	0.967239	-1.45582	-0.843067
1.24	0.512413	0.449117	0.974518	-1.4638	-0.846369
1.245	0.509635	0.453274	0.981837	-1.47174	-0.84961
1.25	0.506888	0.457452	0.989196	-1.47962	-0.852786
1.255	0.504173	0.461651	0.996594	-1.48744	-0.855897
1.26	0.501488	0.465869	1.00403	-1.4952	-0.85894
1.265	0.498835	0.470107	1.01151	-1.5029	-0.861913
1.27	0.496214	0.474365	1.01902	-1.51052	-0.864814
1.275	0.493625	0.478643	1.02657	-1.51805	-0.867641
1.28	0.491069	0.48294	1.03416	-1.52551	-0.870392
1.285	0.488546	0.487256	1.04179	-1.53287	-0.873066
1.29	0.486056	0.491592	1.04946	-1.54014	-0.875659
1.295	0.483599	0.495947	1.05716	-1.5473	-0.87817
1.3	0.481176	0.500321	1.06489	-1.55435	-0.880597
1.305	0.478787	0.504713	1.07267	-1.56128	-0.882937
1.31	0.476432	0.509124	1.08047	-1.56809	-0.885189
1.315	0.474113	0.513553	1.08831	-1.57477	-0.887351
1.32	0.471828	0.518	1.09619	-1.58131	-0.88942
1.325	0.469578	0.522466	1.10409	-1.58771	-0.891395
1.33	0.467364	0.526949	1.11203	-1.59396	-0.893273
1.335	0.465185	0.531449	1.12	-1.60005	-0.895052
1.34	0.463043	0.535967	1.128	-1.60597	-0.896731
1.345	0.460937	0.540502	1.13603	-1.61172	-0.898307
1.35	0.458868	0.545053	1.14409	-1.61729	-0.899778
1.355	0.456835	0.549622	1.15218	-1.62268	-0.901143
1.36	0.45484	0.554206	1.16029	-1.62787	-0.9024
1.365	0.452882	0.558807	1.16843	-1.63286	-0.903546
1.37	0.450961	0.563424	1.17659	-1.63764	-0.90458
1.375	0.449079	0.568056	1.18478	-1.6422	-0.905501
1.38	0.447234	0.572703	1.19299	-1.64655	-0.906306
1.385	0.445428	0.577365	1.20123	-1.65066	-0.906993
1.39	0.443661	0.582043	1.20948	-1.65453	-0.907562
1.395	0.441932	0.586734	1.21775	-1.65816	-0.90801
1.4	0.440242	0.59144	1.22604	-1.66154	-0.908336
1.405	0.438592	0.59616	1.23435	-1.66467	-0.908539
1.41	0.43698	0.600893	1.24267	-1.66752	-0.908617
1.415	0.435408	0.605639	1.25101	-1.67011	-0.908569
1.42	0.433876	0.610399	1.25936	-1.67242	-0.908394
1.425	0.432384	0.615171	1.26772	-1.67445	-0.90809
1.43	0.430932	0.619955	1.2761	-1.67619	-0.907657
1.435	0.42952	0.624752	1.28448	-1.67763	-0.907093
1.44	0.428148	0.62956	1.29286	-1.67878	-0.906398
1.445	0.426816	0.63438	1.30126	-1.67962	-0.905571
1.45	0.425525	0.63921	1.30966	-1.68014	-0.904611
1.455	0.424275	0.644051	1.31806	-1.68036	-0.903517
1.46	0.423066	0.648903	1.32646	-1.68025	-0.902289
1.465	0.421897	0.653764	1.33486	-1.67982	-0.900927
1.47	0.420769	0.658635	1.34326	-1.67906	-0.899431
1.475	0.419682	0.663516	1.35165	-1.67797	-0.897799
1.48	0.418636	0.668405	1.36004	-1.67655	-0.896033
1.485	0.417631	0.673303	1.36843	-1.67479	-0.894131
1.49	0.416667	0.678209	1.3768	-1.67269	-0.892095
1.495	0.415744	0.683123	1.38516	-1.67025	-0.889924
1.5	0.414863	0.688045	1.39352	-1.66746	-0.887619
1.505	0.414022	0.692974	1.40185	-1.66433	-0.88518
1.51	0.413222	0.697909	1.41018	-1.66086	-0.882608
1.515	0.412464	0.702852	1.41848	-1.65703	-0.879904
1.52	0.411746	0.7078	1.42676	-1.65287	-0.877068
1.525	0.411069	0.712754	1.43503	-1.64835	-0.874101
1.53	0.410433	0.717713	1.44327	-1.64349	-0.871004
1.535	0.409838	0.722678	1.45149	-1.63829	-0.867779
1.54	0.409284	0.727647	1.45968	-1.63274	-0.864427
1.545	0.40877	0.73262	1.46784	-1.62685	-0.860948
1.55	0.408296	0.737598	1.47598	-1.62062	-0.857345
1.555	0.407863	0.742579	1.48408	-1.61406	-0.853619
1.56	0.407471	0.747564	1.49215	-1.60716	-0.849772
1.565	0.407118	0.752551	1.50019	-1.59994	-0.845805
1.57	0.406805	0.757541	1.50819	-1.59238	-0.84172
1.575	0.406532	0.762534	1.51615	-1.58451	-0.83752
1.58	0.406298	0.767528	1.52407	-1.57632	-0.833206
1.585	0.406104	0.772525	1.53195	-1.56782	-0.82878
1.59	0.405949	0.777522	1.53979	-1.55901	-0.824245
1.595	0.405833	0.782521	1.54759	-1.5499	-0.819603
1.6	0.405756	0.78752	1.55534	-1.54049	-0.814855
1.605	0.405717	0.79252	1.56304	-1.53079	-0.810006
1.61	0.405716	0.79752	1.57069	-1.52082	-0.805056
1.615	0.405754	0.80252	1.5783	-1.51056	-0.800009
1.62	0.405829	0.807519	1.58585	-1.50004	-0.794867
1.625	0.405942	0.812518	1.59335	-1.48926	-0.789633
1.63	0.406092	0.817516	1.6008	-1.47822	-0.784309
1.635	0.406279	0.822512	1.60819	-1.46694	-0.778899
1.64	0.406502	0.827507	1.61552	-1.45541	-0.773405
1.645	0.406762	0.832501	1.6228	-1.44366	-0.767829
1.65	0.407058	0.837492	1.63002	-1.43169	-0.762175
1.655	0.40739	0.842481	1.63718	-1.4195	-0.756445
1.66	0.407757	0.847467	1.64427	-1.40711	-0.750643
1.665	0.408159	0.852451	1.65131	-1.39452	-0.744771
1.67	0.408596	0.857432	1.65828	-1.38175	-0.738832
1.675	0.409067	0.86241	1.66519	-1.36879	-0.732829
1.68	0.409573	0.867384	1.67203	-1.35567	-0.726765
1.685	0.410112	0.872355	1.67881	-1.34238	-0.720643
1.69	0.410684	0.877322	1.68552	-1.32894	-0.714465
1.695	0.411289	0.882285	1.69217	-1.31536	-0.708235
1.7	0.411927	0.887245	1.69875	-1.30165	-0.701956
1.705	0.412598	0.892199	1.70525	-1.28781	-0.69563
1.71	0.4133	0.89715	1.71169	-1.27385	-0.689259
1.715	0.414033	0.902096	1.71806	-1.25978	-0.682848
1.72	0.414798	0.907037	1.72436	-1.24562	-0.676399
1.725	0.415594	0.911973	1.73059	-1.23136	-0.669914
1.73	0.41642	0.916904	1.73675	-1.21703	-0.663396
1.735	0.417276	0.921831	1.74283	-1.20261	-0.656848
1.74	0.418161	0.926752	1.74884	-1.18814	-0.650272
1.745	0.419076	0.931667	1.75478	-1.1736	-0.643672
1.75	0.42002	0.936577	1.76065	-1.15902	-0.637049
1.755	0.420992	0.941482	1.76645	-1.14439	-0.630407
1.76	0.421992	0.946381	1.77217	-1.12973	-0.623747
1.765	0.423019	0.951274	1.77782	-1.11505	-0.617072
1.77	0.424074	0.956162	1.78339	-1.10034	-0.610384
1.775	0.425156	0.961043	1.7889	-1.08562	-0.603687
1.78	0.426265	0.965919	1.79432	-1.0709	-0.596981
1.785	0.427399	0.970788	1.79968	-1.05619	-0.59027
1.79	0.428559	0.975652	1.80496	-1.04148	-0.583554
1.795	0.429745	0.980509	1.81017	-1.02678	-0.576838
1.8	0.430955	0.985361	1.8153	-1.01211	-0.570122
1.805	0.43219	0.990206	1.82036	-0.997462	-0.563408
1.81	0.433449	0.995045	1.82535	-0.982851	-0.556699
1.815	0.434732	0.999877	1.83026	-0.968278	-0.549996
1.82	0.436038	1.0047	1.8351	-0.95375	-0.543302
1.825	0.437367	1.00952	1.83987	-0.939273	-0.536617
1.83	0.438719	1.01434	1.84457	-0.92485	-0.529944
1.835	0.440093	1.01915	1.84919	-0.910487	-0.523284
1.84	0.441489	1.02395	1.85375	-0.896189	-0.516639
1.845	0.442907	1.02874	1.85823	-0.88196	-0.510011
1.85	0.444345	1.03353	1.86264	-0.867805	-0.5034
1.855	0.445804	1.03831	1.86698	-0.853726	-0.496809
1.86	0.447284	1.04309	1.87124	-0.83973	-0.490238
1.865	0.448784	1.04786	1.87544	-0.825818	-0.48369
1.87	0.450303	1.05262	1.87957	-0.811995	-0.477165
1.875	0.451842	1.05738	1.88363	-0.798264	-0.470664
1.88	0.4534	1.06213	1.88762	-0.784627	-0.464189
1.885	0.454976	1.06687	1.89155	-0.771089	-0.457741
1.89	0.456571	1.07161	1.8954	-0.757652	-0.451321
1.895	0.458184	1.07635	1.89919	-0.744318	-0.44493
1.9	0.459814	1.08107	1.90291	-0.73109	-0.438568
1.905	0.461461	1.08579	1.90657	-0.717971	-0.432238
1.91	0.463126	1.09051	1.91016	-0.704961	-0.425939
1.915	0.464807	1.09522	1.91368	-0.692064	-0.419673
1.92	0.466504	1.09992	1.91714	-0.679282	-0.41344
1.925	0.468217	1.10462	1.92054	-0.666615	-0.407241
1.93	0.469946	1.10931	1.92387	-0.654066	-0.401076
1.935	0.471691	1.114	1.92714	-0.641636	-0.394948
1.94	0.47345	1.11868	1.93035	-0.629325	-0.388855
1.945	0.475224	1.12335	1.9335	-0.617137	-0.382799
1.95	0.477012	1.12802	1.93658	-0.60507	-0.37678
1.955	0.478815	1.13268	1.93961	-0.593127	-0.370799
1.96	0.480631	1.13734	1.94257	-0.581309	-0.364856
1.965	0.482461	1.142	1.94548	-0.569614	-0.358952
1.97	0.484304	1.14664	1.94833	-0.558046	-0.353087
1.975	0.48616	1.15129	1.95112	-0.546603	-0.347262
1.98	0.488029	1.15592	1.95385	-0.535287	-0.341476
1.985	0.48991	1.16056	1.95653	-0.524097	-0.335731
1.99	0.491804	1.16518	1.95915	-0.513034	-0.330026
1.995	0.493709	1.16981	1.96171	-0.502098	-0.324362
2	0.495626	1.17442	1.96422	-0.491289	-0.318738
2.005	0.497554	1.17904	1.96668	-0.480607	-0.313156
2.01	0.499493	1.18365	1.96908	-0.470051	-0.307616
2.015	0.501443	1.18825	1.97143	-0.459623	-0.302117
2.02	0.503403	1.19285	1.97373	-0.449321	-0.29666
2.025	0.505374	1.19745	1.97598	-0.439144	-0.291244
2.03	0.507355	1.20204	1.97817	-0.429094	-0.285871
2.035	0.509346	1.20662	1.98032	-0.419169	-0.28054
2.04	0.511347	1.2112	1.98242	-0.409368	-0.275251
2.045	0.513357	1.21578	1.98446	-0.399692	-0.270004
2.05	0.515376	1.22036	1.98646	-0.390139	-0.264799
2.055	0.517403	1.22493	1.98841	-0.38071	-0.259636
2.06	0.51944	1.22949	1.99031	-0.371402	-0.254516
2.065	0.521485	1.23406	1.99217	-0.362217	-0.249438
2.07	0.523539	1.23862	1.99398	-0.353152	-0.244402
2.075	0.5256	1.24317	1.99575	-0.344207	-0.239409
2.08	0.527669	1.24772	1.99747	-0.335381	-0.234457
2.085	0.529746	1.25227	1.99915	-0.326674	-0.229548
2.09	0.53183	1.25682	2.00078	-0.318084	-0.22468
2.095	0.533922	1.26136	2.00237	-0.309611	-0.219855
2.1	0.53602	1.2659	2.00392	-0.301253	-0.215071
2.105	0.538126	1.27043	2.00542	-0.29301	-0.210328
2.11	0.540238	1.27496	2.00689	-0.284881	-0.205627
2.115	0.542356	1.27949	2.00831	-0.276864	-0.200968
2.12	0.544481	1.28402	2.0097	-0.268959	-0.19635
2.125	0.546612	1.28854	2.01104	-0.261164	-0.191773
2.13	0.548748	1.29306	2.01235	-0.253479	-0.187237
2.135	0.550891	1.29758	2.01362	-0.245903	-0.182741
2.14	0.553039	1.30209	2.01485	-0.238433	-0.178287
2.145	0.555192	1.30661	2.01604	-0.23107	-0.173872
2.15	0.557351	1.31112	2.01719	-0.223812	-0.169498
2.155	0.559514	1.31562	2.01831	-0.216659	-0.165164
2.16	0.561683	1.32013	2.0194	-0.209608	-0.16087
2.165	0.563856	1.32463	2.02044	-0.202659	-0.156615
2.17	0.566034	1.32913	2.02146	-0.19581	-0.1524
2.175	0.568216	1.33363	2.02244	-0.189062	-0.148224
2.18	0.570403	1.33813	2.02338	-0.182411	-0.144087
2.185	0.572593	1.34262	2.02429	-0.175858	-0.139989
2.19	0.574788	1.34712	2.02517	-0.169402	-0.13593
2.195	0.576986	1.35161	2.02602	-0.16304	-0.131909
2.2	0.579188	1.3561	2.02684	-0.156772	-0.127926
2.205	0.581394	1.36058	2.02762	-0.150597	-0.123981
2.21	0.583602	1.36507	2.02837	-0.144514	-0.120073
2.215	0.585815	1.36955	2.02909	-0.138521	-0.116203
2.22	0.58803	1.37404	2.02979	-0.132618	-0.11237
2.225	0.590248	1.37852	2.03045	-0.126803	-0.108575
2.23	0.592469	1.383	2.03108	-0.121075	-0.104816
2.235	0.594693	1.38747	2.03169	-0.115434	-0.101093
2.24	0.596919	1.39195	2.03227	-0.109877	-0.0974068
2.245	0.599148	1.39643	2.03282	-0.104404	-0.0937565
2.25	0.601379	1.4009	2.03334	-0.0990145	-0.090142
2.255	0.603612	1.40538	2.03383	-0.0937063	-0.086563
2.26	0.605848	1.40985	2.0343	-0.0884788	-0.0830193
2.265	0.608085	1.41432	2.03474	-0.0833308	-0.0795106
2.27	0.610324	1.41879	2.03516	-0.0782615	-0.0760368
2.275	0.612565	1.42326	2.03555	-0.0732696	-0.0725975
2.28	0.614808	1.42773	2.03592	-0.0683542	-0.0691925
2.285	0.617052	1.4322	2.03626	-0.0635142	-0.0658216
2.29	0.619298	1.43666	2.03658	-0.0587486	-0.0624845
2.295	0.621545	1.44113	2.03687	-0.0540563	-0.059181
2.3	0.623793	1.4456	2.03714	-0.0494365	-0.0559108
2.305	0.626042	1.45006	2.03739	-0.044888	-0.0526737
2.31	0.628292	1.45453	2.03761	-0.04041	-0.0494695
2.315	0.630543	1.45899	2.03782	-0.0360013	-0.0462979
2.32	0.632795	1.46346	2.038	-0.0316612	-0.0431587
2.325	0.635048	1.46792	2.03815	-0.0273885	-0.0400517
2.33	0.637301	1.47238	2.03829	-0.0231823	-0.0369765
2.335	0.639555	1.47685	2.03841	-0.0190418	-0.0339331
2.34	0.641809	1.48131	2.0385	-0.014966	-0.030921
2.345	0.644064	1.48577	2.03858	-0.010954	-0.0279402
2.35	0.646319	1.49024	2.03863	-0.00700477	-0.0249903
2.355	0.648574	1.4947	2.03867	-0.00311756	-0.0220712
2.36	0.650829	1.49916	2.03868	0.00070856	-0.0191826
2.365	0.653084	1.50362	2.03868	0.00447446	-0.0163243
2.37	0.655338	1.50809	2.03866	0.00818102	-0.013496
2.375	0.657593	1.51255	2.03862	0.0118291	-0.0106976
2.38	0.659848	1.51701	2.03856	0.0154195	-0.00792875
2.385	0.662102	1.52147	2.03848	0.0189531	-0.00518932
2.39	0.664355	1.52594	2.03838	0.0224306	-0.00247906
2.395	0.666608	1.5304	2.03827	0.025853	0.000202258
2.4	0.668861	1.53487	2.03814	0.0292211	0.00285484
2.405	0.671113	1.53933	2.038	0.0325355	0.00547891
2.41	0.673364	1.54379	2.03783	0.0357971	0.00807468
2.415	0.675615	1.54826	2.03766	0.0390067	0.0106424
2.42	0.677864	1.55272	2.03746	0.042165	0.0131821
2.425	0.680113	1.55719	2.03725	0.0452728	0.0156943
2.43	0.68236	1.56166	2.03702	0.0483308	0.0181789
2.435	0.684607	1.56612	2.03678	0.0513397	0.0206363
2.44	0.686852	1.57059	2.03652	0.0543003	0.0230667
2.445	0.689096	1.57506	2.03625	0.0572133	0.0254702
2.45	0.691339	1.57953	2.03597	0.0600794	0.027847
2.455	0.693581	1.584	2.03567	0.0628993	0.0301974
2.46	0.695821	1.58847	2.03535	0.0656737	0.0325215
2.465	0.69806	1.59294	2.03502	0.0684032	0.0348196
2.47	0.700297	1.59741	2.03468	0.0710885	0.0370918
2.475	0.702532	1.60188	2.03433	0.0737302	0.0393383
2.48	0.704766	1.60635	2.03396	0.0763291	0.0415594
2.485	0.706998	1.61083	2.03358	0.0788857	0.0437551
2.49	0.709229	1.6153	2.03318	0.0814008	0.0459257
2.495	0.711457	1.61978	2.03277	0.0838748	0.0480714
2.5	0.713684	1.62426	2.03236	0.0863084	0.0501923
2.505	0.715909	1.62873	2.03192	0.0887022	0.0522887
2.51	0.718132	1.63321	2.03148	0.0910569	0.0543607
2.515	0.720352	1.63769	2.03102	0.0933729	0.0564085
2.52	0.722571	1.64217	2.03056	0.0956509	0.0584322
2.525	0.724788	1.64666	2.03008	0.0978915	0.0604321
2.53	0.727002	1.65114	2.02959	0.100095	0.0624083
2.535	0.729214	1.65562	2.02909	0.102263	0.0643609
2.54	0.731424	1.66011	2.02858	0.104394	0.0662903
2.545	0.733631	1.66459	2.02806	0.10649	0.0681964
2.55	0.735836	1.66908	2.02752	0.108552	0.0700795
2.555	0.738039	1.67357	2.02698	0.110579	0.0719398
2.56	0.740239	1.67806	2.02643	0.112573	0.0737774
2.565	0.742437	1.68255	2.02587	0.114533	0.0755925
2.57	0.744632	1.68704	2.02529	0.116461	0.0773851
2.575	0.746824	1.69154	2.02471	0.118357	0.0791556
2.58	0.749014	1.69603	2.02412	0.120221	0.080904
2.585	0.751201	1.70053	2.02352	0.122054	0.0826306
2.59	0.753385	1.70503	2.02291	0.123856	0.0843353
2.595	0.755567	1.70953	2.02229	0.125627	0.0860185
2.6	0.757746	1.71403	2.02166	0.127369	0.0876802
2.605	0.759922	1.71853	2.02102	0.129082	0.0893207
2.61	0.762095	1.72303	2.02038	0.130765	0.0909399
2.615	0.764265	1.72754	2.01972	0.13242	0.0925382
2.62	0.766432	1.73204	2.01906	0.134047	0.0941156
2.625	0.768596	1.73655	2.01839	0.135647	0.0956723
2.63	0.770756	1.74106	2.01771	0.137219	0.0972084
2.635	0.772914	1.74557	2.01703	0.138764	0.0987241
2.64	0.775069	1.75008	2.01633	0.140283	0.100219
2.645	0.777221	1.75459	2.01563	0.141776	0.101695
2.65	0.779369	1.75911	2.01492	0.143244	0.10315
2.655	0.781514	1.76362	2.01421	0.144686	0.104585
2.66	0.783656	1.76814	2.01348	0.146103	0.106001
2.665	0.785794	1.77266	2.01275	0.147496	0.107397
2.67	0.78793	1.77718	2.01202	0.148865	0.108773
2.675	0.790061	1.78171	2.01127	0.15021	0.11013
2.68	0.79219	1.78623	2.01052	0.151532	0.111468
2.685	0.794315	1.79076	2.00976	0.152831	0.112786
2.69	0.796437	1.79528	2.009	0.154107	0.114086
2.695	0.798555	1.79981	2.00823	0.155361	0.115367
2.7	0.800669	1.80434	2.00745	0.156593	0.116629
2.705	0.80278	1.80888	2.00667	0.157804	0.117872
2.71	0.804888	1.81341	2.00588	0.158993	0.119097
2.715	0.806991	1.81795	2.00508	0.160161	0.120304
2.72	0.809092	1.82248	2.00428	0.161309	0.121492
2.725	0.811188	1.82702	2.00348	0.162436	0.122662
2.73	0.813281	1.83156	2.00266	0.163544	0.123814
2.735	0.81537	1.83611	2.00185	0.164631	0.124948
2.74	0.817455	1.84065	2.00102	0.1657	0.126065
2.745	0.819537	1.8452	2.0002	0.166749	0.127163
2.75	0.821615	1.84975	1.99936	0.16778	0.128244
2.755	0.823689	1.85429	1.99852	0.168792	0.129308
2.76	0.825759	1.85885	1.99768	0.169785	0.130354
2.765	0.827825	1.8634	1.99683	0.170761	0.131383
2.77	0.829888	1.86795	1.99598	0.171719	0.132395
2.775	0.831946	1.87251	1.99512	0.17266	0.13339
2.78	0.834001	1.87707	1.99425	0.173584	0.134367
2.785	0.836052	1.88163	1.99339	0.174491	0.135328
2.79	0.838098	1.88619	1.99251	0.175382	0.136273
2.795	0.840141	1.89075	1.99164	0.176256	0.1372
2.8	0.842179	1.89532	1.99076	0.177114	0.138111
2.805	0.844214	1.89989	1.98987	0.177956	0.139006
2.81	0.846244	1.90446	1.98898	0.178783	0.139884
2.815	0.848271	1.90903	1.98809	0.179594	0.140746
2.82	0.850293	1.9136	1.98719	0.180391	0.141592
2.825	0.852311	1.91818	1.98629	0.181172	0.142422
2.83	0.854325	1.92275	1.98538	0.181939	0.143236
2.835	0.856335	1.92733	1.98447	0.182692	0.144034
2.84	0.858341	1.93191	1.98356	0.183431	0.144816
2.845	0.860343	1.93649	1.98264	0.184155	0.145583
2.85	0.86234	1.94108	1.98172	0.184866	0.146334
2.855	0.864333	1.94566	1.98079	0.185564	0.14707
2.86	0.866322	1.95025	1.97987	0.186248	0.14779
2.865	0.868306	1.95484	1.97894	0.186919	0.148495
2.87	0.870286	1.95943	1.978	0.187578	0.149184
2.875	0.872262	1.96402	1.97706	0.188224	0.149859
2.88	0.874234	1.96862	1.97612	0.188857	0.150518
2.885	0.876201	1.97321	1.97518	0.189478	0.151163
2.89	0.878164	1.97781	1.97423	0.190088	0.151793
2.895	0.880123	1.98241	1.97328	0.190685	0.152408
2.9	0.882077	1.98701	1.97233	0.191271	0.153008
2.905	0.884026	1.99162	1.97137	0.191845	0.153593
2.91	0.885972	1.99623	1.97041	0.192408	0.154164
2.915	0.887913	2.00083	1.96945	0.19296	0.154721
2.92	0.889849	2.00544	1.96848	0.193502	0.155263
2.925	0.891781	2.01005	1.96752	0.194032	0.155791
2.93	0.893709	2.01467	1.96655	0.194552	0.156305
2.935	0.895632	2.01928	1.96557	0.195062	0.156805
2.94	0.89755	2.0239	1.9646	0.195561	0.15729
2.945	0.899464	2.02852	1.96362	0.196051	0.157762
2.95	0.901374	2.03314	1.96264	0.196531	0.158219
2.955	0.903278	2.03776	1.96166	0.197001	0.158663
2.96	0.905179	2.04239	1.96067	0.197461	0.159094
2.965	0.907075	2.04702	1.95969	0.197912	0.15951
2.97	0.908966	2.05164	1.9587	0.198354	0.159913
2.975	0.910852	2.05627	1.9577	0.198787	0.160302
2.98	0.912735	2.06091	1.95671	0.199211	0.160678
2.985	0.914612	2.06554	1.95571	0.199627	0.161041
2.99	0.916485	2.07018	1.95472	0.200034	0.16139
2.995	0.918353	2.07481	1.95372	0.200432	0.161726
3	0.920216	2.07945	1.95271	0.200822	0.162049
3.005	0.922075	2.0841	1.95171	0.201204	0.162359
3.01	0.923929	2.08874	1.9507	0.201578	0.162656
3.015	0.925779	2.09338	1.9497	0.201945	0.162939
3.02	0.927624	2.09803	1.94869	0.202303	0.16321
3.025	0.929464	2.10268	1.94767	0.202654	0.163469
3.03	0.931299	2.10733	1.94666	0.202998	0.163714
3.035	0.93313	2.11198	1.94565	0.203334	0.163947
3.04	0.934956	2.11664	1.94463	0.203663	0.164167
3.045	0.936777	2.1213	1.94361	0.203985	0.164375
3.05	0.938593	2.12595	1.94259	0.2043	0.16457
3.055	0.940405	2.13061	1.94157	0.204608	0.164753
3.06	0.942212	2.13528	1.94055	0.20491	0.164923
3.065	0.944014	2.13994	1.93952	0.205205	0.165081
3.07	0.945811	2.14461	1.9385	0.205494	0.165227
3.075	0.947604	2.14927	1.93747	0.205777	0.165361
3.08	0.949392	2.15394	1.93644	0.206053	0.165483
3.085	0.951175	2.15861	1.93541	0.206323	0.165592
3.09	0.952953	2.16329	1.93438	0.206588	0.16569
3.095	0.954726	2.16796	1.93334	0.206846	0.165776
3.1	0.956495	2.17264	1.93231	0.207099	0.16585
3.105	0.958258	2.17732	1.93128	0.207346	0.165912
3.11	0.960017	2.182	1.93024	0.207588	0.165963
3.115	0.961771	2.18668	1.9292	0.207824	0.166002
3.12	0.96352	2.19137	1.92816	0.208055	0.166029
3.125	0.965264	2.19605	1.92712	0.208281	0.166045
3.13	0.967003	2.20074	1.92608	0.208502	0.166049
3.135	0.968738	2.20543	1.92504	0.208718	0.166042
3.14	0.970467	2.21012	1.92399	0.208929	0.166024
3.145	0.972192	2.21481	1.92295	0.209135	0.165994
3.15	0.973911	2.21951	1.9219	0.209337	0.165953
3.155	0.975626	2.2242	1.92086	0.209534	0.165901
3.16	0.977336	2.2289	1.91981	0.209727	0.165838
3.165	0.979041	2.2336	1.91876	0.209915	0.165764
3.17	0.980741	2.23831	1.91771	0.210099	0.165679
3.175	0.982436	2.24301	1.91666	0.210279	0.165582
3.18	0.984126	2.24772	1.91561	0.210454	0.165475
3.185	0.985811	2.25242	1.91456	0.210626	0.165357
3.19	0.987491	2.25713	1.9135	0.210794	0.165229
3.195	0.989167	2.26184	1.91245	0.210958	0.165089
3.2	0.990837	2.26656	1.91139	0.211118	0.164939
3.205	0.992502	2.27127	1.91034	0.211275	0.164778
3.21	0.994163	2.27599	1.90928	0.211428	0.164607
3.215	0.995818	2.2807	1.90823	0.211578	0.164425
3.22	0.997468	2.28542	1.90717	0.211724	0.164233
3.225	0.999114	2.29015	1.90611	0.211867	0.16403
3.23	1.00075	2.29487	1.90505	0.212006	0.163817
3.235	1.00239	2.29959	1.90399	0.212143	0.163594
3.24	1.00402	2.30432	1.90293	0.212276	0.16336
3.245	1.00564	2.30905	1.90187	0.212407	0.163117
3.25	1.00726	2.31378	1.90081	0.212534	0.162863
3.255	1.00888	2.31851	1.89974	0.212659	0.162599
3.26	1.01049	2.32325	1.89868	0.212781	0.162325
3.265	1.0121	2.32798	1.89762	0.2129	0.162041
3.27	1.0137	2.33272	1.89655	0.213017	0.161747
3.275	1.01529	2.33746	1.89549	0.213131	0.161443
3.28	1.01688	2.3422	1.89442	0.213242	0.16113
3.285	1.01847	2.34694	1.89335	0.213352	0.160806
3.29	1.02005	2.35168	1.89229	0.213459	0.160473
3.295	1.02162	2.35643	1.89122	0.213563	0.16013
3.3	1.02319	2.36118	1.89015	0.213666	0.159778
3.305	1.02475	2.36592	1.88908	0.213766	0.159415
3.31	1.02631	2.37068	1.88802	0.213864	0.159044
3.315	1.02787	2.37543	1.88695	0.213961	0.158663
3.32	1.02942	2.38018	1.88588	0.214055	0.158272
3.325	1.03096	2.38494	1.88481	0.214147	0.157872
3.33	1.0325	2.38969	1.88374	0.214238	0.157463
3.335	1.03404	2.39445	1.88266	0.214327	0.157044
3.34	1.03557	2.39921	1.88159	0.214414	0.156616
3.345	1.03709	2.40398	1.88052	0.2145	0.156179
3.35	1.03861	2.40874	1.87945	0.214584	0.155733
3.355	1.04012	2.4135	1.87837	0.214667	0.155277
3.36	1.04163	2.41827	1.8773	0.214748	0.154813
3.365	1.04313	2.42304	1.87623	0.214828	0.15434
3.37	1.04463	2.42781	1.87515	0.214907	0.153857
3.375	1.04613	2.43258	1.87408	0.214984	0.153366
3.38	1.04761	2.43736	1.873	0.21506	0.152865
3.385	1.0491	2.44213	1.87193	0.215135	0.152356
3.39	1.05058	2.44691	1.87085	0.215209	0.151839
3.395	1.05205	2.45169	1.86978	0.215282	0.151312
3.4	1.05352	2.45646	1.8687	0.215354	0.150777
3.405	1.05498	2.46125	1.86762	0.215424	0.150232
3.41	1.05644	2.46603	1.86655	0.215495	0.14968
3.415	1.05789	2.47081	1.86547	0.215564	0.149119
3.42	1.05933	2.4756	1.86439	0.215632	0.148549
3.425	1.06078	2.48039	1.86331	0.2157	0.147971
3.43	1.06221	2.48518	1.86223	0.215767	0.147384
3.435	1.06364	2.48997	1.86116	0.215834	0.146789
3.44	1.06507	2.49476	1.86008	0.215899	0.146186
3.445	1.06649	2.49955	1.859	0.215965	0.145574
3.45	1.06791	2.50435	1.85792	0.21603	0.144954
3.455	1.06932	2.50915	1.85684	0.216094	0.144326
3.46	1.07072	2.51394	1.85576	0.216158	0.143689
3.465	1.07212	2.51874	1.85468	0.216222	0.143045
3.47	1.07352	2.52354	1.85359	0.216286	0.142392
3.475	1.07491	2.52835	1.85251	0.216349	0.141732
3.48	1.07629	2.53315	1.85143	0.216412	0.141063
3.485	1.07767	2.53796	1.85035	0.216475	0.140386
3.49	1.07905	2.54277	1.84927	0.216538	0.139702
3.495	1.08042	2.54757	1.84818	0.216601	0.139009
3.5	1.08178	2.55238	1.8471	0.216663	0.138309
3.505	1.08314	2.5572	1.84602	0.216726	0.137601
3.51	1.08449	2.56201	1.84493	0.216789	0.136885
3.515	1.08584	2.56682	1.84385	0.216852	0.136161
3.52	1.08719	2.57164	1.84277	0.216915	0.13543
3.525	1.08852	2.57646	1.84168	0.216978	0.134691
3.53	1.08986	2.58128	1.8406	0.217042	0.133944
3.535	1.09118	2.5861	1.83951	0.217105	0.13319
3.54	1.09251	2.59092	1.83843	0.21717	0.132429
3.545	1.09382	2.59574	1.83734	0.217234	0.13166
3.55	1.09513	2.60057	1.83625	0.217299	0.130883
3.555	1.09644	2.60539	1.83517	0.217364	0.130099
3.56	1.09774	2.61022	1.83408	0.21743	0.129308
3.565	1.09904	2.61505	1.83299	0.217496	0.128509
3.57	1.10033	2.61988	1.83191	0.217563	0.127703
3.575	1.10161	2.62471	1.83082	0.21763	0.12689
3.58	1.10289	2.62955	1.82973	0.217698	0.12607
3.585	1.10417	2.63438	1.82864	0.217767	0.125243
3.59	1.10544	2.63922	1.82755	0.217836	0.124408
3.595	1.1067	2.64406	1.82646	0.217906	0.123566
3.6	1.10796	2.64889	1.82537	0.217976	0.122718
3.605	1.10922	2.65373	1.82428	0.218048	0.121862
3.61	1.11047	2.65858	1.82319	0.21812	0.120999
3.615	1.11171	2.66342	1.8221	0.218193	0.12013
3.62	1.11295	2.66826	1.82101	0.218267	0.119253
3.625	1.11418	2.67311	1.81992	0.218342	0.11837
3.63	1.11541	2.67796	1.81883	0.218418	0.11748
3.635	1.11663	2.6828	1.81774	0.218495	0.116583
3.64	1.11785	2.68765	1.81664	0.218573	0.115679
3.645	1.11906	2.69251	1.81555	0.218652	0.114769
3.65	1.12026	2.69736	1.81446	0.218732	0.113852
3.655	1.12147	2.70221	1.81337	0.218813	0.112928
3.66	1.12266	2.70707	1.81227	0.218895	0.111998
3.665	1.12385	2.71192	1.81118	0.218979	0.111061
3.67	1.12504	2.71678	1.81008	0.219063	0.110118
3.675	1.12622	2.72164	1.80899	0.219149	0.109168
3.68	1.12739	2.7265	1.80789	0.219236	0.108212
3.685	1.12856	2.73136	1.80679	0.219324	0.107249
3.69	1.12972	2.73622	1.8057	0.219414	0.10628
3.695	1.13088	2.74109	1.8046	0.219505	0.105305
3.7	1.13204	2.74595	1.8035	0.219597	0.104324
3.705	1.13318	2.75082	1.80241	0.219691	0.103336
3.71	1.13433	2.75569	1.80131	0.219786	0.102342
3.715	1.13546	2.76056	1.80021	0.219883	0.101342
3.72	1.13659	2.76543	1.79911	0.219981	0.100336
3.725	1.13772	2.7703	1.79801	0.22008	0.0993232
3.73	1.13884	2.77517	1.79691	0.220181	0.0983048
3.735	1.13996	2.78004	1.79581	0.220284	0.0972803
3.74	1.14107	2.78492	1.79471	0.220388	0.0962499
3.745	1.14217	2.7898	1.7936	0.220494	0.0952135
3.75	1.14327	2.79467	1.7925	0.220601	0.0941712
3.755	1.14437	2.79955	1.7914	0.22071	0.093123
3.76	1.14545	2.80443	1.79029	0.220821	0.092069
3.765	1.14654	2.80931	1.78919	0.220934	0.0910092
3.77	1.14762	2.8142	1.78809	0.221048	0.0899436
3.775	1.14869	2.81908	1.78698	0.221163	0.0888723
3.78	1.14975	2.82396	1.78588	0.221281	0.0877952
3.785	1.15082	2.82885	1.78477	0.221401	0.0867126
3.79	1.15187	2.83374	1.78366	0.221522	0.0856242
3.795	1.15292	2.83863	1.78255	0.221645	0.0845303
3.8	1.15397	2.84351	1.78145	0.22177	0.0834309
3.805	1.15501	2.84841	1.78034	0.221896	0.0823259
3.81	1.15604	2.8533	1.77923	0.222025	0.0812154
3.815	1.15707	2.85819	1.77812	0.222156	0.0800995
3.82	1.1581	2.86308	1.77701	0.222288	0.0789782
3.825	1.15912	2.86798	1.7759	0.222423	0.0778515
3.83	1.16013	2.87288	1.77478	0.222559	0.0767195
3.835	1.16114	2.87777	1.77367	0.222698	0.0755822
3.84	1.16214	2.88267	1.77256	0.222838	0.0744395
3.845	1.16313	2.88757	1.77144	0.222981	0.0732917
3.85	1.16413	2.89247	1.77033	0.223125	0.0721387
3.855	1.16511	2.89737	1.76921	0.223272	0.0709805
3.86	1.16609	2.90228	1.7681	0.223421	0.0698171
3.865	1.16707	2.90718	1.76698	0.223572	0.0686487
3.87	1.16803	2.91209	1.76586	0.223725	0.0674752
3.875	1.169	2.91699	1.76474	0.22388	0.0662967
3.88	1.16996	2.9219	1.76362	0.224037	0.0651132
3.885	1.17091	2.92681	1.7625	0.224197	0.0639247
3.89	1.17186	2.93172	1.76138	0.224358	0.0627313
3.895	1.1728	2.93663	1.76026	0.224522	0.0615331
3.9	1.17373	2.94154	1.75914	0.224689	0.0603299
3.905	1.17466	2.94645	1.75801	0.224857	0.059122
3.91	1.17559	2.95137	1.75689	0.225028	0.0579093
3.915	1.17651	2.95628	1.75576	0.225201	0.0566918
3.92	1.17742	2.9612	1.75464	0.225377	0.0554697
3.925	1.17833	2.96611	1.75351	0.225554	0.0542428
3.93	1.17923	2.97103	1.75238	0.225734	0.0530113
3.935	1.18013	2.97595	1.75125	0.225917	0.0517752
3.94	1.18102	2.98087	1.75013	0.226102	0.0505346
3.945	1.18191	2.98579	1.74899	0.226289	0.0492894
3.95	1.18279	2.99071	1.74786	0.226479	0.0480396
3.955	1.18367	2.99564	1.74673	0.226671	0.0467855
3.96	1.18454	3.00056	1.7456	0.226865	0.0455268
3.965	1.1854	3.00548	1.74446	0.227062	0.0442638
3.97	1.18626	3.01041	1.74333	0.227262	0.0429964
3.975	1.18711	3.01534	1.74219	0.227464	0.0417247
3.98	1.18796	3.02026	1.74105	0.227668	0.0404487
3.985	1.1888	3.02519	1.73992	0.227875	0.0391684
3.99	1.18964	3.03012	1.73878	0.228085	0.0378839
3.995	1.19047	3.03505	1.73764	0.228297	0.0365951
4	1.19129	3.03998	1.73649	0.228511	0.0353022
4.005	1.19211	3.04492	1.73535	0.228729	0.0340052
4.01	1.19292	3.04985	1.73421	0.228949	0.0327041
4.015	1.19373	3.05478	1.73306	0.229171	0.031399
4.02	1.19453	3.05972	1.73192	0.229396	0.0300898
4.025	1.19533	3.06466	1.73077	0.229624	0.0287766
4.03	1.19612	3.06959	1.72962	0.229854	0.0274594
4.035	1.19691	3.07453	1.72847	0.230087	0.0261383
4.04	1.19768	3.07947	1.72732	0.230323	0.0248134
4.045	1.19846	3.08441	1.72617	0.230561	0.0234846
4.05	1.19923	3.08935	1.72502	0.230802	0.0221519
4.055	1.19999	3.09429	1.72386	0.231046	0.0208155
4.06	1.20075	3.09923	1.72271	0.231292	0.0194753
4.065	1.2015	3.10418	1.72155	0.231541	0.0181314
4.07	1.20224	3.10912	1.7204	0.231793	0.0167838
4.075	1.20298	3.11407	1.71924	0.232048	0.0154325
4.08	1.20372	3.11901	1.71808	0.232306	0.0140776
4.085	1.20444	3.12396	1.71691	0.232566	0.0127191
4.09	1.20517	3.12891	1.71575	0.232829	0.0113571
4.095	1.20588	3.13386	1.71459	0.233095	0.00999157
4.1	1.20659	3.1388	1.71342	0.233363	0.00862253
4.105	1.2073	3.14375	1.71226	0.233635	0.00725005
4.11	1.208	3.14871	1.71109	0.233909	0.00587414
4.115	1.20869	3.15366	1.70992	0.234186	0.00449485
4.12	1.20938	3.15861	1.70875	0.234466	0.00311221
4.125	1.21006	3.16356	1.70757	0.234749	0.00172624
4.13	1.21074	3.16852	1.7064	0.235035	0.000336996
4.135	1.21141	3.17347	1.70523	0.235324	-0.0010555
4.14	1.21207	3.17843	1.70405	0.235615	-0.00245122
4.145	1.21273	3.18338	1.70287	0.23591	-0.00385012
4.15	1.21338	3.18834	1.70169	0.236207	-0.00525218
4.155	1.21403	3.1933	1.70051	0.236508	-0.00665735
4.16	1.21467	3.19826	1.69933	0.236811	-0.0080656
4.165	1.2153	3.20322	1.69814	0.237117	-0.00947691
4.17	1.21593	3.20818	1.69696	0.237426	-0.0108912
4.175	1.21656	3.21314	1.69577	0.237738	-0.0123085
4.18	1.21717	3.2181	1.69458	0.238054	-0.0137288
4.185	1.21778	3.22306	1.69339	0.238372	-0.015152
4.19	1.21839	3.22803	1.6922	0.238693	-0.016578
4.195	1.21899	3.23299	1.69101	0.239017	-0.0180069
4.2	1.21958	3.23795	1.68981	0.239344	-0.0194386
4.205	1.22017	3.24292	1.68861	0.239674	-0.0208731
4.21	1.22075	3.24789	1.68742	0.240007	-0.0223104
4.215	1.22133	3.25285	1.68622	0.240344	-0.0237504
4.22	1.2219	3.25782	1.68501	0.240683	-0.025193
4.225	1.22246	3.26279	1.68381	0.241025	-0.0266383
4.23	1.22302	3.26776	1.68261	0.241371	-0.0280862
4.235	1.22357	3.27273	1.6814	0.241719	-0.0295367
4.24	1.22412	3.2777	1.68019	0.242071	-0.0309897
4.245	1.22466	3.28267	1.67898	0.242425	-0.0324453
4.25	1.22519	3.28764	1.67777	0.242783	-0.0339033
4.255	1.22572	3.29261	1.67655	0.243144	-0.0353638
4.26	1.22624	3.29758	1.67534	0.243508	-0.0368267
4.265	1.22676	3.30256	1.67412	0.243875	-0.038292
4.27	1.22727	3.30753	1.6729	0.244245	-0.0397596
4.275	1.22777	3.31251	1.67168	0.244618	-0.0412296
4.28	1.22827	3.31748	1.67046	0.244995	-0.0427018
4.285	1.22876	3.32246	1.66923	0.245374	-0.0441762
4.29	1.22924	3.32743	1.66801	0.245757	-0.0456529
4.295	1.22972	3.33241	1.66678	0.246143	-0.0471318
4.3	1.2302	3.33739	1.66555	0.246532	-0.0486128
4.305	1.23066	3.34237	1.66431	0.246924	-0.0500959
4.31	1.23112	3.34734	1.66308	0.24732	-0.0515811
4.315	1.23158	3.35232	1.66184	0.247719	-0.0530683
4.32	1.23203	3.3573	1.6606	0.24812	-0.0545575
4.325	1.23247	3.36228	1.65936	0.248525	-0.0560488
4.33	1.23291	3.36726	1.65812	0.248934	-0.0575419
4.335	1.23334	3.37225	1.65688	0.249345	-0.059037
4.34	1.23376	3.37723	1.65563	0.24976	-0.0605339
4.345	1.23418	3.38221	1.65438	0.250178	-0.0620327
4.35	1.23459	3.38719	1.65313	0.250599	-0.0635333
4.355	1.23499	3.39218	1.65188	0.251023	-0.0650357
4.36	1.23539	3.39716	1.65062	0.251451	-0.0665398
4.365	1.23578	3.40215	1.64936	0.251881	-0.0680457
4.37	1.23617	3.40713	1.6481	0.252316	-0.0695532
4.375	1.23655	3.41212	1.64684	0.252753	-0.0710623
4.38	1.23692	3.4171	1.64558	0.253194	-0.072573
4.385	1.23729	3.42209	1.64431	0.253637	-0.0740854
4.39	1.23765	3.42708	1.64304	0.254085	-0.0755992
4.395	1.23801	3.43206	1.64177	0.254535	-0.0771146
4.4	1.23835	3.43705	1.6405	0.254989	-0.0786314
4.405	1.2387	3.44204	1.63923	0.255446	-0.0801497
4.41	1.23903	3.44703	1.63795	0.255906	-0.0816693
4.415	1.23936	3.45202	1.63667	0.25637	-0.0831904
4.42	1.23968	3.45701	1.63539	0.256837	-0.0847128
4.425	1.24	3.462	1.6341	0.257307	-0.0862364
4.43	1.24031	3.46699	1.63282	0.25778	-0.0877614
4.435	1.24061	3.47198	1.63153	0.258257	-0.0892875
4.44	1.24091	3.47697	1.63024	0.258737	-0.0908149
4.445	1.2412	3.48196	1.62894	0.259221	-0.0923435
4.45	1.24149	3.48695	1.62765	0.259708	-0.0938731
4.455	1.24176	3.49195	1.62635	0.260198	-0.0954039
4.46	1.24203	3.49694	1.62505	0.260691	-0.0969357
4.465	1.2423	3.50193	1.62374	0.261188	-0.0984686
4.47	1.24256	3.50692	1.62244	0.261688	-0.100002
4.475	1.24281	3.51192	1.62113	0.262192	-0.101537
4.48	1.24305	3.51691	1.61982	0.262699	-0.103073
4.485	1.24329	3.52191	1.61851	0.263209	-0.10461
4.49	1.24352	3.5269	1.61719	0.263723	-0.106147
4.495	1.24375	3.5319	1.61587	0.26424	-0.107685
4.5	1.24397	3.53689	1.61455	0.26476	-0.109224
4.505	1.24418	3.54189	1.61323	0.265284	-0.110764
4.51	1.24439	3.54688	1.6119	0.265811	-0.112305
4.515	1.24458	3.55188	1.61057	0.266341	-0.113846
4.52	1.24478	3.55687	1.60924	0.266875	-0.115388
4.525	1.24496	3.56187	1.6079	0.267413	-0.11693
4.53	1.24514	3.56687	1.60657	0.267953	-0.118474
4.535	1.24531	3.57187	1.60523	0.268497	-0.120017
4.54	1.24548	3.57686	1.60389	0.269045	-0.121561
4.545	1.24564	3.58186	1.60254	0.269596	-0.123106
4.55	1.24579	3.58686	1.60119	0.27015	-0.124651
4.555	1.24593	3.59186	1.59984	0.270708	-0.126197
4.56	1.24607	3.59685	1.59849	0.271269	-0.127742
4.565	1.2462	3.60185	1.59713	0.271833	-0.129289
4.57	1.24633	3.60685	1.59577	0.272401	-0.130835
4.575	1.24645	3.61185	1.59441	0.272972	-0.132382
4.58	1.24656	3.61685	1.59305	0.273547	-0.133929
4.585	1.24666	3.62185	1.59168	0.274125	-0.135476
4.59	1.24676	3.62685	1.59031	0.274707	-0.137023
4.595	1.24685	3.63184	1.58893	0.275292	-0.138571
4.6	1.24693	3.63684	1.58756	0.275881	-0.140118
4.605	1.24701	3.64184	1.58618	0.276473	-0.141666
4.61	1.24708	3.64684	1.5848	0.277068	-0.143214
4.615	1.24714	3.65184	1.58341	0.277667	-0.144761
4.62	1.2472	3.65684	1.58202	0.278269	-0.146309
4.625	1.24725	3.66184	1.58063	0.278875	-0.147856
4.63	1.24729	3.66684	1.57924	0.279484	-0.149404
4.635	1.24733	3.67184	1.57784	0.280096	-0.150951
4.64	1.24736	3.67684	1.57644	0.280712	-0.152498
4.645	1.24738	3.68184	1.57503	0.281332	-0.154045
4.65	1.24739	3.68684	1.57363	0.281955	-0.155591
4.655	1.2474	3.69184	1.57222	0.282581	-0.157137
4.66	1.2474	3.69684	1.57081	0.283211	-0.158683
4.665	1.24739	3.70184	1.56939	0.283844	-0.160229
4.67	1.24738	3.70684	1.56797	0.284481	-0.161774
4.675	1.24736	3.71184	1.56655	0.285122	-0.163319
4.68	1.24733	3.71684	1.56512	0.285765	-0.164863
4.685	1.24729	3.72184	1.56369	0.286413	-0.166407
4.69	1.24725	3.72684	1.56226	0.287063	-0.16795
4.695	1.2472	3.73184	1.56083	0.287717	-0.169492
4.7	1.24714	3.73684	1.55939	0.288375	-0.171034
4.705	1.24708	3.74184	1.55795	0.289036	-0.172576
4.71	1.24701	3.74684	1.5565	0.289701	-0.174116
4.715	1.24693	3.75184	1.55505	0.290369	-0.175656
4.72	1.24684	3.75684	1.5536	0.29104	-0.177195
4.725	1.24675	3.76184	1.55214	0.291715	-0.178734
4.73	1.24665	3.76684	1.55069	0.292394	-0.180271
4.735	1.24654	3.77184	1.54922	0.293076	-0.181808
4.74	1.24642	3.77683	1.54776	0.293761	-0.183343
4.745	1.2463	3.78183	1.54629	0.29445	-0.184878
4.75	1.24617	3.78683	1.54482	0.295143	-0.186412
4.755	1.24603	3.79183	1.54334	0.295839	-0.187945
4.76	1.24589	3.79683	1.54186	0.296538	-0.189476
4.765	1.24574	3.80182	1.54038	0.297241	-0.191007
4.77	1.24558	3.80682	1.53889	0.297948	-0.192536
4.775	1.24541	3.81182	1.5374	0.298658	-0.194065
4.78	1.24524	3.81682	1.53591	0.299371	-0.195592
4.785	1.24506	3.82181	1.53441	0.300088	-0.197118
4.79	1.24487	3.82681	1.53291	0.300809	-0.198642
4.795	1.24467	3.83181	1.53141	0.301533	-0.200166
4.8	1.24446	3.8368	1.5299	0.30226	-0.201687
4.805	1.24425	3.8418	1.52839	0.302991	-0.203208
4.81	1.24403	3.84679	1.52688	0.303726	-0.204727
4.815	1.24381	3.85179	1.52536	0.304464	-0.206245
4.82	1.24357	3.85678	1.52383	0.305205	-0.207761
4.825	1.24333	3.86178	1.52231	0.30595	-0.209276
4.83	1.24308	3.86677	1.52078	0.306699	-0.210789
4.835	1.24282	3.87176	1.51925	0.307451	-0.2123
4.84	1.24256	3.87676	1.51771	0.308206	-0.21381
4.845	1.24228	3.88175	1.51617	0.308965	-0.215318
4.85	1.242	3.88674	1.51462	0.309728	-0.216824
4.855	1.24171	3.89173	1.51307	0.310494	-0.218329
4.86	1.24142	3.89672	1.51152	0.311263	-0.219831
4.865	1.24111	3.90171	1.50996	0.312037	-0.221332
4.87	1.2408	3.9067	1.5084	0.312813	-0.222832
4.875	1.24048	3.91169	1.50684	0.313593	-0.224329
4.88	1.24016	3.91668	1.50527	0.314377	-0.225824
4.885	1.23982	3.92167	1.5037	0.315164	-0.227317
4.89	1.23948	3.92666	1.50212	0.315955	-0.228808
4.895	1.23913	3.93165	1.50054	0.316749	-0.230297
4.9	1.23877	3.93663	1.49896	0.317547	-0.231784
4.905	1.2384	3.94162	1.49737	0.318348	-0.233269
4.91	1.23803	3.94661	1.49578	0.319153	-0.234752
4.915	1.23764	3.95159	1.49419	0.319961	-0.236232
4.92	1.23725	3.95658	1.49259	0.320773	-0.237711
4.925	1.23685	3.96156	1.49098	0.321588	-0.239186
4.93	1.23645	3.96654	1.48937	0.322407	-0.24066
4.935	1.23603	3.97153	1.48776	0.323229	-0.242131
4.94	1.23561	3.97651	1.48615	0.324055	-0.2436
4.945	1.23518	3.98149	1.48453	0.324885	-0.245066
4.95	1.23474	3.98647	1.4829	0.325718	-0.24653
4.955	1.23429	3.99145	1.48127	0.326554	-0.247991
4.96	1.23384	3.99643	1.47964	0.327394	-0.24945
4.965	1.23337	4.00141	1.478	0.328238	-0.250906
4.97	1.2329	4.00639	1.47636	0.329085	-0.25236
4.975	1.23242	4.01136	1.47472	0.329936	-0.25381
4.98	1.23194	4.01634	1.47307	0.33079	-0.255258
4.985	1.23144	4.02132	1.47141	0.331647	-0.256704
4.99	1.23093	4.02629	1.46975	0.332508	-0.258146
4.995	1.23042	4.03126	1.46809	0.333373	-0.259586
5	1.2299	4.03624	1.46643	0.334241	-0.261023
5.005	1.22937	4.04121	1.46475	0.335113	-0.262456
5.01	1.22883	4.04618	1.46308	0.335989	-0.263887
5.015	1.22829	4.05115	1.4614	0.336867	-0.265315
5.02	1.22773	4.05612	1.45971	0.33775	-0.26674
5.025	1.22717	4.06109	1.45803	0.338636	-0.268161
5.03	1.2266	4.06605	1.45633	0.339525	-0.26958
5.035	1.22602	4.07102	1.45463	0.340418	-0.270995
5.04	1.22543	4.07599	1.45293	0.341314	-0.272408
5.045	1.22484	4.08095	1.45123	0.342215	-0.273817
5.05	1.22423	4.08591	1.44951	0.343118	-0.275222
5.055	1.22362	4.09088	1.4478	0.344025	-0.276625
5.06	1.223	4.09584	1.44608	0.344936	-0.278024
5.065	1.22237	4.1008	1.44435	0.34585	-0.279419
5.07	1.22173	4.10576	1.44263	0.346768	-0.280811
5.075	1.22108	4.11071	1.44089	0.347689	-0.2822
5.08	1.22042	4.11567	1.43915	0.348614	-0.283585
5.085	1.21976	4.12063	1.43741	0.349542	-0.284966
5.09	1.21908	4.12558	1.43566	0.350474	-0.286344
5.095	1.2184	4.13053	1.43391	0.351409	-0.287719
5.1	1.21771	4.13549	1.43215	0.352348	-0.289089
5.105	1.21701	4.14044	1.43039	0.353291	-0.290456
5.11	1.2163	4.14539	1.42862	0.354236	-0.291819
5.115	1.21559	4.15033	1.42685	0.355186	-0.293178
5.12	1.21486	4.15528	1.42508	0.356139	-0.294534
5.125	1.21412	4.16023	1.4233	0.357096	-0.295885
5.13	1.21338	4.16517	1.42151	0.358056	-0.297233
5.135	1.21263	4.17011	1.41972	0.35902	-0.298576
5.14	1.21187	4.17506	1.41793	0.359987	-0.299916
5.145	1.2111	4.18	1.41613	0.360957	-0.301251
5.15	1.21032	4.18494	1.41432	0.361932	-0.302582
5.155	1.20953	4.18987	1.41251	0.36291	-0.30391
5.16	1.20873	4.19481	1.4107	0.363891	-0.305232
5.165	1.20793	4.19974	1.40888	0.364876	-0.306551
5.17	1.20711	4.20468	1.40705	0.365864	-0.307866
5.175	1.20629	4.20961	1.40522	0.366856	-0.309176
5.18	1.20545	4.21454	1.40339	0.367852	-0.310482
5.185	1.20461	4.21947	1.40155	0.368851	-0.311783
5.19	1.20376	4.22439	1.39971	0.369854	-0.31308
5.195	1.2029	4.22932	1.39786	0.37086	-0.314372
5.2	1.20203	4.23424	1.396	0.37187	-0.31566
5.205	1.20115	4.23917	1.39414	0.372883	-0.316944
5.21	1.20026	4.24409	1.39228	0.3739	-0.318222
5.215	1.19937	4.249	1.39041	0.37492	-0.319496
5.22	1.19846	4.25392	1.38853	0.375944	-0.320766
5.225	1.19755	4.25884	1.38665	0.376972	-0.32203
5.23	1.19662	4.26375	1.38477	0.378003	-0.32329
5.235	1.19569	4.26866	1.38288	0.379037	-0.324545
5.24	1.19474	4.27357	1.38098	0.380075	-0.325795
5.245	1.19379	4.27848	1.37908	0.381117	-0.32704
5.25	1.19283	4.28339	1.37718	0.382162	-0.328281
5.255	1.19186	4.28829	1.37527	0.383211	-0.329516
5.26	1.19088	4.2932	1.37335	0.384263	-0.330746
5.265	1.18989	4.2981	1.37143	0.385319	-0.331971
5.27	1.18889	4.303	1.3695	0.386379	-0.333191
5.275	1.18788	4.30789	1.36757	0.387442	-0.334406
5.28	1.18686	4.31279	1.36563	0.388508	-0.335615
5.285	1.18583	4.31768	1.36369	0.389578	-0.33682
5.29	1.18479	4.32257	1.36174	0.390652	-0.338019
5.295	1.18375	4.32746	1.35979	0.391729	-0.339212
5.3	1.18269	4.33235	1.35783	0.39281	-0.340401
5.305	1.18162	4.33723	1.35587	0.393895	-0.341583
5.31	1.18055	4.34212	1.3539	0.394982	-0.342761
5.315	1.17946	4.347	1.35192	0.396074	-0.343932
5.32	1.17837	4.35188	1.34994	0.397169	-0.345099
5.325	1.17726	4.35675	1.34796	0.398268	-0.346259
5.33	1.17615	4.36163	1.34597	0.39937	-0.347414
5.335	1.17502	4.3665	1.34397	0.400476	-0.348563
5.34	1.17389	4.37137	1.34197	0.401585	-0.349707
5.345	1.17274	4.37624	1.33996	0.402698	-0.350844
5.35	1.17159	4.3811	1.33795	0.403814	-0.351976
5.355	1.17043	4.38596	1.33593	0.404935	-0.353102
5.36	1.16925	4.39082	1.3339	0.406058	-0.354222
5.365	1.16807	4.39568	1.33187	0.407185	-0.355336
5.37	1.16688	4.40054	1.32984	0.408316	-0.356444
5.375	1.16567	4.40539	1.32779	0.409451	-0.357546
5.38	1.16446	4.41024	1.32575	0.410589	-0.358642
5.385	1.16324	4.41509	1.32369	0.41173	-0.359731
5.39	1.162	4.41993	1.32164	0.412875	-0.360815
5.395	1.16076	4.42478	1.31957	0.414024	-0.361892
5.4	1.15951	4.42962	1.3175	0.415176	-0.362963
5.405	1.15824	4.43446	1.31543	0.416332	-0.364028
5.41	1.15697	4.43929	1.31334	0.417492	-0.365086
5.415	1.15569	4.44412	1.31126	0.418655	-0.366138
5.42	1.1544	4.44895	1.30916	0.419822	-0.367183
5.425	1.15309	4.45378	1.30706	0.420992	-0.368222
5.43	1.15178	4.4586	1.30496	0.422166	-0.369254
5.435	1.15045	4.46343	1.30285	0.423343	-0.37028
5.44	1.14912	4.46825	1.30073	0.424524	-0.371299
5.445	1.14778	4.47306	1.29861	0.425709	-0.372311
5.45	1.14642	4.47787	1.29648	0.426898	-0.373316
5.455	1.14506	4.48268	1.29435	0.42809	-0.374315
5.46	1.14368	4.48749	1.29221	0.429285	-0.375307
5.465	1.1423	4.4923	1.29006	0.430484	-0.376292
5.47	1.1409	4.4971	1.28791	0.431687	-0.37727
5.475	1.1395	4.5019	1.28575	0.432894	-0.378241
5.48	1.13808	4.50669	1.28358	0.434104	-0.379205
5.485	1.13665	4.51148	1.28141	0.435317	-0.380162
5.49	1.13521	4.51627	1.27924	0.436535	-0.381112
5.495	1.13377	4.52106	1.27705	0.437756	-0.382055
5.5	1.13231	4.52584	1.27486	0.43898	-0.382991
5.505	1.13084	4.53062	1.27267	0.440209	-0.383919
5.51	1.12936	4.5354	1.27047	0.44144	-0.38484
5.515	1.12787	4.54017	1.26826	0.442676	-0.385753
5.52	1.12637	4.54494	1.26605	0.443915	-0.38666
5.525	1.12486	4.5497	1.26383	0.445158	-0.387559
5.53	1.12334	4.55447	1.2616	0.446405	-0.38845
5.535	1.12181	4.55923	1.25937	0.447655	-0.389334
5.54	1.12026	4.56398	1.25713	0.448909	-0.39021
5.545	1.11871	4.56874	1.25489	0.450166	-0.391078
5.55	1.11715	4.57348	1.25264	0.451427	-0.391939
5.555	1.11557	4.57823	1.25038	0.452692	-0.392793
5.56	1.11399	4.58297	1.24812	0.453961	-0.393638
5.565	1.11239	4.58771	1.24585	0.455233	-0.394476
5.57	1.11078	4.59244	1.24357	0.456509	-0.395305
5.575	1.10916	4.59718	1.24129	0.457788	-0.396127
5.58	1.10754	4.6019	1.239	0.459072	-0.396941
5.585	1.1059	4.60663	1.2367	0.460359	-0.397747
5.59	1.10425	4.61135	1.2344	0.461649	-0.398545
5.595	1.10258	4.61606	1.23209	0.462944	-0.399335
5.6	1.10091	4.62077	1.22978	0.464242	-0.400116
5.605	1.09923	4.62548	1.22746	0.465544	-0.40089
5.61	1.09754	4.63019	1.22513	0.466849	-0.401655
5.615	1.09583	4.63489	1.2228	0.468159	-0.402412
5.62	1.09411	4.63958	1.22046	0.469472	-0.40316
5.625	1.09239	4.64428	1.21811	0.470788	-0.403901
5.63	1.09065	4.64896	1.21575	0.472109	-0.404633
5.635	1.0889	4.65365	1.21339	0.473433	-0.405356
5.64	1.08714	4.65833	1.21103	0.474761	-0.406071
5.645	1.08537	4.663	1.20865	0.476093	-0.406777
5.65	1.08359	4.66768	1.20627	0.477429	-0.407475
5.655	1.08179	4.67234	1.20388	0.478768	-0.408164
5.66	1.07999	4.67701	1.20149	0.480111	-0.408844
5.665	1.07817	4.68166	1.19909	0.481458	-0.409515
5.67	1.07634	4.68632	1.19668	0.482809	-0.410178
5.675	1.07451	4.69097	1.19427	0.484163	-0.410832
5.68	1.07266	4.69561	1.19185	0.485521	-0.411477
5.685	1.07079	4.70025	1.18942	0.486884	-0.412113
5.69	1.06892	4.70489	1.18699	0.488249	-0.41274
5.695	1.06704	4.70952	1.18454	0.489619	-0.413358
5.7	1.06514	4.71415	1.1821	0.490993	-0.413967
5.705	1.06324	4.71877	1.17964	0.49237	-0.414567
5.71	1.06132	4.72339	1.17718	0.493751	-0.415157
5.715	1.05939	4.728	1.17471	0.495137	-0.415739
5.72	1.05745	4.73261	1.17224	0.496525	-0.416311
5.725	1.0555	4.73721	1.16975	0.497918	-0.416874
5.73	1.05353	4.74181	1.16726	0.499315	-0.417427
5.735	1.05156	4.7464	1.16477	0.500716	-0.417971
5.74	1.04957	4.75099	1.16226	0.50212	-0.418506
5.745	1.04758	4.75558	1.15975	0.503528	-0.419031
5.75	1.04557	4.76016	1.15723	0.504941	-0.419546
5.755	1.04355	4.76473	1.15471	0.506357	-0.420052
5.76	1.04151	4.7693	1.15218	0.507777	-0.420549
5.765	1.03947	4.77386	1.14964	0.509201	-0.421035
5.77	1.03741	4.77842	1.14709	0.510629	-0.421512
5.775	1.03535	4.78297	1.14454	0.512061	-0.421979
5.78	1.03327	4.78752	1.14198	0.513497	-0.422436
5.785	1.03118	4.79206	1.13941	0.514937	-0.422884
5.79	1.02907	4.7966	1.13684	0.516381	-0.423321
5.795	1.02696	4.80113	1.13426	0.517829	-0.423748
5.8	1.02483	4.80565	1.13167	0.51928	-0.424166
5.805	1.0227	4.81017	1.12907	0.520736	-0.424573
5.81	1.02055	4.81469	1.12647	0.522196	-0.42497
5.815	1.01839	4.8192	1.12386	0.52366	-0.425357
5.82	1.01621	4.8237	1.12124	0.525128	-0.425734
5.825	1.01403	4.8282	1.11861	0.5266	-0.426101
5.83	1.01183	4.83269	1.11598	0.528076	-0.426457
5.835	1.00962	4.83717	1.11334	0.529556	-0.426803
5.84	1.0074	4.84165	1.11069	0.53104	-0.427138
5.845	1.00517	4.84613	1.10804	0.532529	-0.427464
5.85	1.00293	4.8506	1.10537	0.534021	-0.427778
5.855	1.00067	4.85506	1.1027	0.535518	-0.428082
5.86	0.998404	4.85952	1.10003	0.537018	-0.428376
5.865	0.996124	4.86397	1.09734	0.538523	-0.428658
5.87	0.993832	4.86841	1.09465	0.540032	-0.428931
5.875	0.991529	4.87285	1.09195	0.541546	-0.429192
5.88	0.989213	4.87728	1.08924	0.543063	-0.429443
5.885	0.986885	4.8817	1.08652	0.544584	-0.429683
5.89	0.984545	4.88612	1.0838	0.54611	-0.429912
5.895	0.982193	4.89053	1.08107	0.54764	-0.43013
5.9	0.979829	4.89494	1.07833	0.549175	-0.430337
5.905	0.977453	4.89934	1.07559	0.550713	-0.430533
5.91	0.975065	4.90373	1.07283	0.552256	-0.430718
5.915	0.972665	4.90812	1.07007	0.553803	-0.430892
5.92	0.970252	4.9125	1.0673	0.555354	-0.431055
5.925	0.967828	4.91687	1.06453	0.55691	-0.431207
5.93	0.965391	4.92124	1.06174	0.55847	-0.431347
5.935	0.962942	4.9256	1.05895	0.560035	-0.431477
5.94	0.960481	4.92995	1.05615	0.561603	-0.431594
5.945	0.958007	4.93429	1.05334	0.563176	-0.431701
5.95	0.955522	4.93863	1.05052	0.564754	-0.431796
5.955	0.953024	4.94296	1.0477	0.566336	-0.43188
5.96	0.950514	4.94729	1.04487	0.567922	-0.431952
5.965	0.947992	4.9516	1.04203	0.569513	-0.432013
5.97	0.945457	4.95591	1.03918	0.571109	-0.432062
5.975	0.94291	4.96022	1.03633	0.572709	-0.432099
5.98	0.940351	4.96451	1.03346	0.574313	-0.432125
5.985	0.937779	4.9688	1.03059	0.575922	-0.432139
5.99	0.935195	4.97308	1.02771	0.577535	-0.432142
5.995	0.932599	4.97735	1.02482	0.579153	-0.432132
6	0.929991	4.98162	1.02193	0.580776	-0.432111
6.005	0.92737	4.98588	1.01902	0.582403	-0.432078
6.01	0.924736	4.99013	1.01611	0.584035	-0.432033
6.015	0.92209	4.99437	1.01319	0.585672	-0.431976
6.02	0.919432	4.99861	1.01026	0.587313	-0.431907
6.025	0.916762	5.00283	1.00733	0.588959	-0.431825
6.03	0.914079	5.00705	1.00438	0.590609	-0.431732
6.035	0.911383	5.01126	1.00143	0.592265	-0.431627
6.04	0.908675	5.01547	0.998469	0.593925	-0.431509
6.045	0.905955	5.01966	0.995499	0.59559	-0.431379
6.05	0.903222	5.02385	0.992521	0.59726	-0.431237
6.055	0.900476	5.02803	0.989535	0.598934	-0.431083
6.06	0.897718	5.0322	0.98654	0.600614	-0.430916
6.065	0.894948	5.03636	0.983537	0.602298	-0.430737
6.07	0.892165	5.04051	0.980525	0.603988	-0.430545
6.075	0.88937	5.04466	0.977505	0.605682	-0.430341
6.08	0.886562	5.0488	0.974477	0.607381	-0.430125
6.085	0.883741	5.05293	0.97144	0.609086	-0.429896
6.09	0.880908	5.05705	0.968395	0.610795	-0.429654
6.095	0.878062	5.06116	0.965341	0.612509	-0.429399
6.1	0.875204	5.06526	0.962278	0.614229	-0.429132
6.105	0.872333	5.06935	0.959207	0.615953	-0.428853
6.11	0.86945	5.07344	0.956127	0.617683	-0.42856
6.115	0.866554	5.07751	0.953039	0.619418	-0.428255
6.12	0.863645	5.08158	0.949942	0.621158	-0.427936
6.125	0.860724	5.08564	0.946836	0.622904	-0.427605
6.13	0.85779	5.08969	0.943721	0.624654	-0.427261
6.135	0.854843	5.09373	0.940598	0.62641	-0.426904
6.14	0.851884	5.09776	0.937466	0.628172	-0.426534
6.145	0.848912	5.10178	0.934325	0.629938	-0.426151
6.15	0.845928	5.10579	0.931176	0.631711	-0.425755
6.155	0.842931	5.10979	0.928017	0.633488	-0.425346
6.16	0.839921	5.11378	0.92485	0.635271	-0.424923
6.165	0.836899	5.11777	0.921673	0.63706	-0.424488
6.17	0.833864	5.12174	0.918488	0.638854	-0.424039
6.175	0.830816	5.1257	0.915294	0.640654	-0.423577
6.18	0.827755	5.12966	0.91209	0.64246	-0.423101
6.185	0.824682	5.1336	0.908878	0.644271	-0.422612
6.19	0.821596	5.13754	0.905657	0.646088	-0.42211
6.195	0.818498	5.14146	0.902426	0.647911	-0.421595
6.2	0.815387	5.14537	0.899187	0.649739	-0.421066
6.205	0.812263	5.14928	0.895938	0.651573	-0.420523
6.21	0.809126	5.15317	0.89268	0.653414	-0.419967
6.215	0.805977	5.15706	0.889413	0.65526	-0.419397
6.22	0.802815	5.16093	0.886137	0.657112	-0.418814
6.225	0.79964	5.16479	0.882851	0.65897	-0.418217
6.23	0.796452	5.16864	0.879556	0.660835	-0.417607
6.235	0.793252	5.17249	0.876252	0.662705	-0.416983
6.24	0.790039	5.17632	0.872939	0.664582	-0.416345
6.245	0.786814	5.18014	0.869616	0.666465	-0.415693
6.25	0.783575	5.18395	0.866283	0.668354	-0.415027
6.255	0.780324	5.18775	0.862942	0.67025	-0.414348
6.26	0.777061	5.19153	0.85959	0.672152	-0.413654
6.265	0.773784	5.19531	0.85623	0.67406	-0.412947
6.27	0.770495	5.19908	0.852859	0.675975	-0.412226
6.275	0.767193	5.20283	0.84948	0.677897	-0.411491
6.28	0.763879	5.20657	0.84609	0.679825	-0.410742
6.285	0.760551	5.21031	0.842691	0.68176	-0.409979
6.29	0.757211	5.21403	0.839282	0.683701	-0.409201
6.295	0.753859	5.21774	0.835864	0.68565	-0.40841
6.3	0.750493	5.22143	0.832435	0.687605	-0.407604
6.305	0.747115	5.22512	0.828997	0.689567	-0.406785
6.31	0.743724	5.2288	0.82555	0.691536	-0.405951
6.315	0.740321	5.23246	0.822092	0.693512	-0.405103
6.32	0.736905	5.23611	0.818624	0.695496	-0.40424
6.325	0.733476	5.23975	0.815147	0.697487	-0.403364
6.33	0.730034	5.24338	0.811659	0.699484	-0.402473
6.335	0.72658	5.24699	0.808162	0.70149	-0.401567
6.34	0.723114	5.25059	0.804654	0.703502	-0.400647
6.345	0.719634	5.25418	0.801137	0.705523	-0.399713
6.35	0.716142	5.25776	0.797609	0.70755	-0.398765
6.355	0.712637	5.26133	0.794072	0.709586	-0.397802
6.36	0.70912	5.26488	0.790524	0.711629	-0.396824
6.365	0.70559	5.26842	0.786966	0.71368	-0.395832
6.37	0.702047	5.27195	0.783397	0.715739	-0.394825
6.375	0.698492	5.27547	0.779818	0.717806	-0.393804
6.38	0.694924	5.27897	0.776229	0.719881	-0.392768
6.385	0.691344	5.28246	0.77263	0.721964	-0.391718
6.39	0.687751	5.28594	0.76902	0.724055	-0.390653
6.395	0.684145	5.2894	0.7654	0.726155	-0.389573
6.4	0.680527	5.29285	0.761769	0.728263	-0.388478
6.405	0.676897	5.29629	0.758128	0.73038	-0.387369
6.41	0.673254	5.29972	0.754476	0.732506	-0.386245
6.415	0.669598	5.30313	0.750813	0.73464	-0.385106
6.42	0.66593	5.30652	0.74714	0.736783	-0.383952
6.425	0.662249	5.30991	0.743456	0.738935	-0.382784
6.43	0.658556	5.31328	0.739762	0.741096	-0.3816
6.435	0.65485	5.31664	0.736056	0.743266	-0.380402
6.44	0.651132	5.31998	0.73234	0.745446	-0.379189
6.445	0.647402	5.32331	0.728613	0.747635	-0.37796
6.45	0.643659	5.32662	0.724874	0.749834	-0.376717
6.455	0.639903	5.32992	0.721125	0.752042	-0.375459
6.46	0.636136	5.33321	0.717365	0.75426	-0.374186
6.465	0.632356	5.33648	0.713594	0.756488	-0.372898
6.47	0.628563	5.33974	0.709811	0.758726	-0.371594
6.475	0.624759	5.34299	0.706018	0.760975	-0.370276
6.48	0.620941	5.34622	0.702213	0.763233	-0.368943
6.485	0.617112	5.34943	0.698397	0.765502	-0.367594
6.49	0.61327	5.35263	0.694569	0.767782	-0.36623
6.495	0.609417	5.35582	0.69073	0.770072	-0.364851
6.5	0.60555	5.35899	0.68688	0.772374	-0.363457
6.505	0.601672	5.36214	0.683018	0.774686	-0.362048
6.51	0.597781	5.36528	0.679144	0.77701	-0.360624
6.515	0.593879	5.36841	0.675259	0.779345	-0.359184
6.52	0.589964	5.37152	0.671363	0.781692	-0.357729
6.525	0.586037	5.37462	0.667454	0.78405	-0.356258
6.53	0.582098	5.37769	0.663534	0.786421	-0.354773
6.535	0.578147	5.38076	0.659602	0.788803	-0.353272
6.54	0.574183	5.38381	0.655658	0.791198	-0.351755
6.545	0.570208	5.38684	0.651702	0.793605	-0.350224
6.55	0.566221	5.38986	0.647734	0.796025	-0.348677
6.555	0.562222	5.39286	0.643754	0.798458	-0.347114
6.56	0.55821	5.39584	0.639761	0.800904	-0.345536
6.565	0.554187	5.39881	0.635757	0.803363	-0.343943
6.57	0.550152	5.40176	0.63174	0.805836	-0.342334
6.575	0.546105	5.4047	0.627711	0.808323	-0.340709
6.58	0.542047	5.40762	0.623669	0.810823	-0.339069
6.585	0.537976	5.41052	0.619615	0.813338	-0.337414
6.59	0.533894	5.41341	0.615549	0.815867	-0.335743
6.595	0.5298	5.41628	0.611469	0.818411	-0.334057
6.6	0.525694	5.41914	0.607377	0.82097	-0.332354
6.605	0.521577	5.42197	0.603272	0.823544	-0.330637
6.61	0.517448	5.42479	0.599155	0.826133	-0.328903
6.615	0.513307	5.42759	0.595024	0.828739	-0.327154
6.62	0.509155	5.43038	0.59088	0.83136	-0.32539
6.625	0.504991	5.43315	0.586723	0.833998	-0.32361
6.63	0.500816	5.4359	0.582553	0.836652	-0.321814
6.635	0.496629	5.43863	0.57837	0.839324	-0.320002
6.64	0.492431	5.44135	0.574174	0.842013	-0.318174
6.645	0.488221	5.44405	0.569963	0.844719	-0.316331
6.65	0.484	5.44673	0.56574	0.847444	-0.314472
6.655	0.479768	5.44939	0.561503	0.850187	-0.312598
6.66	0.475524	5.45203	0.557252	0.852948	-0.310707
6.665	0.471269	5.45466	0.552987	0.855729	-0.308801
6.67	0.467003	5.45727	0.548708	0.858529	-0.306879
6.675	0.462726	5.45986	0.544416	0.861349	-0.304941
6.68	0.458438	5.46243	0.540109	0.86419	-0.302987
6.685	0.454139	5.46498	0.535788	0.867051	-0.301017
6.69	0.449828	5.46751	0.531453	0.869933	-0.299031
6.695	0.445507	5.47003	0.527103	0.872837	-0.297029
6.7	0.441175	5.47253	0.522739	0.875763	-0.295012
6.705	0.436832	5.475	0.51836	0.878712	-0.292978
6.71	0.432478	5.47746	0.513967	0.881684	-0.290928
6.715	0.428113	5.4799	0.509558	0.88468	-0.288863
6.72	0.423737	5.48232	0.505135	0.887699	-0.286781
6.725	0.419351	5.48472	0.500696	0.890744	-0.284683
6.73	0.414954	5.4871	0.496242	0.893814	-0.282569
6.735	0.410547	5.48946	0.491773	0.89691	-0.280439
6.74	0.406129	5.4918	0.487289	0.900032	-0.278293
6.745	0.4017	5.49412	0.482789	0.903182	-0.27613
6.75	0.397261	5.49643	0.478273	0.90636	-0.273952
6.755	0.392812	5.49871	0.473741	0.909566	-0.271757
6.76	0.388352	5.50097	0.469193	0.912801	-0.269546
6.765	0.383882	5.50321	0.464629	0.916067	-0.267318
6.77	0.379402	5.50543	0.460049	0.919364	-0.265074
6.775	0.374912	5.50763	0.455452	0.922692	-0.262814
6.78	0.370411	5.50981	0.450839	0.926053	-0.260538
6.785	0.365901	5.51196	0.446208	0.929447	-0.258245
6.79	0.36138	5.5141	0.441561	0.932876	-0.255935
6.795	0.35685	5.51622	0.436897	0.93634	-0.253609
6.8	0.35231	5.51831	0.432215	0.939841	-0.251267
6.805	0.34776	5.52038	0.427516	0.943379	-0.248908
6.81	0.3432	5.52243	0.422799	0.946955	-0.246532
6.815	0.338631	5.52446	0.418064	0.950571	-0.24414
6.82	0.334052	5.52647	0.413311	0.954228	-0.241731
6.825	0.329463	5.52846	0.40854	0.957927	-0.239305
6.83	0.324865	5.53042	0.40375	0.96167	-0.236863
6.835	0.320258	5.53237	0.398942	0.965457	-0.234403
6.84	0.315641	5.53429	0.394115	0.969291	-0.231927
6.845	0.311015	5.53618	0.389268	0.973172	-0.229433
6.85	0.30638	5.53806	0.384402	0.977103	-0.226923
6.855	0.301736	5.53991	0.379517	0.981084	-0.224396
6.86	0.297083	5.54174	0.374612	0.985119	-0.221851
6.865	0.292421	5.54355	0.369686	0.989207	-0.219289
6.87	0.287749	5.54533	0.36474	0.993353	-0.21671
6.875	0.28307	5.54709	0.359773	0.997557	-0.214114
6.88	0.278381	5.54883	0.354785	1.00182	-0.2115
6.885	0.273684	5.55054	0.349776	1.00615	-0.208868
6.89	0.268978	5.55223	0.344746	1.01054	-0.206219
6.895	0.264264	5.5539	0.339693	1.015	-0.203553
6.9	0.259541	5.55554	0.334618	1.01953	-0.200868
6.905	0.25481	5.55716	0.32952	1.02414	-0.198166
6.91	0.250071	5.55875	0.324399	1.02882	-0.195446
6.915	0.245323	5.56032	0.319255	1.03358	-0.192708
6.92	0.240568	5.56186	0.314087	1.03843	-0.189951
6.925	0.235805	5.56338	0.308895	1.04336	-0.187176
6.93	0.231033	5.56488	0.303678	1.04838	-0.184383
6.935	0.226254	5.56635	0.298437	1.0535	-0.181572
6.94	0.221468	5.56779	0.293169	1.05871	-0.178741
6.945	0.216674	5.56921	0.287875	1.06404	-0.175892
6.95	0.211872	5.57061	0.282555	1.06947	-0.173024
6.955	0.207063	5.57198	0.277208	1.07501	-0.170137
6.96	0.202246	5.57332	0.271833	1.08068	-0.167231
6.965	0.197423	5.57464	0.26643	1.08647	-0.164305
6.97	0.192592	5.57593	0.260997	1.09239	-0.16136
6.975	0.187754	5.57719	0.255535	1.09846	-0.158395
6.98	0.18291	5.57843	0.250043	1.10468	-0.15541
6.985	0.178059	5.57964	0.24452	1.11106	-0.152406
6.99	0.173201	5.58082	0.238964	1.11761	-0.149381
6.995	0.168336	5.58198	0.233376	1.12433	-0.146335
7	0.163465	5.58311	0.227755	1.13125	-0.14327
7.005	0.158588	5.58421	0.222098	1.13837	-0.140183
7.01	0.153705	5.58528	0.216406	1.14571	-0.137075
7.015	0.148815	5.58633	0.210678	1.15328	-0.133946
7.02	0.14392	5.58734	0.204912	1.1611	-0.130796
7.025	0.139019	5.58833	0.199106	1.1692	-0.127625
7.03	0.134112	5.58929	0.19326	1.17759	-0.124431
7.035	0.129199	5.59022	0.187372	1.1863	-0.121216
7.04	0.124281	5.59113	0.181441	1.19536	-0.11798
7.045	0.119358	5.592	0.175464	1.20479	-0.114721
7.05	0.11443	5.59284	0.16944	1.21465	-0.11144
7.055	0.109496	5.59366	0.163367	1.22496	-0.108138
7.06	0.104558	5.59444	0.157242	1.23579	-0.104814
7.065	0.099615	5.59519	0.151063	1.24719	-0.101469
7.07	0.0946673	5.59591	0.144827	1.25923	-0.0981027
7.075	0.0897152	5.5966	0.138531	1.272	-0.094717
7.08	0.0847589	5.59726	0.132171	1.28559	-0.0913128
7.085	0.0797983	5.59789	0.125743	1.30014	-0.0878918
7.09	0.0748338	5.59848	0.119242	1.31581	-0.0844564
7.095	0.0698655	5.59905	0.112663	1.33279	-0.0810102
7.1	0.0648936	5.59958	0.105999	1.35134	-0.0775582
7.105	0.0599182	5.60007	0.0992424	1.37182	-0.0741075
7.11	0.0549395	5.60053	0.0923833	1.39468	-0.0706687
7.115	0.0499577	5.60096	0.0854099	1.42059	-0.067257
7.12	0.0449731	5.60135	0.078307	1.45051	-0.0638958
7.125	0.0399857	5.6017	0.0710545	1.48588	-0.0606217
7.13	0.0349958	5.60202	0.063625	1.52908	-0.0574939
7.135	0.0300036	5.6023	0.0559797	1.58411	-0.0546138
7.14	0.0250094	5.60254	0.0480591	1.65856	-0.0521681
7.145	0.0200134	5.60274	0.0397663	1.76836	-0.0505342
7.15	0.0150158	5.6029	0.0309245	1.9529	-0.0505974
7.155	0.0100169	5.603	0.02116	2.33626	-0.0550071
7.16	0.0050171	5.60305	0.00947873	3.51138	-0.0769705
7.165	1.72603e-005	5.60301	-0.00807815	12.936	-0.463366
