descriptor s_test R_test Z_test
0	1.64372	9.99999e-006	0.002	-0.401951	-0.00161605
0.005	1.63872	3.00487e-005	0.00400976	-0.403905	-0.00324817
0.01	1.63372	6.01949e-005	0.00602928	-0.405862	-0.00489638
0.015	1.62872	0.000100487	0.00805859	-0.407823	-0.00656067
0.02	1.62372	0.000150975	0.0100977	-0.409787	-0.00824108
0.025	1.61872	0.000211707	0.0121466	-0.411754	-0.0099376
0.03	1.61372	0.000282731	0.0142054	-0.413724	-0.0116503
0.035	1.60872	0.000364098	0.016274	-0.415698	-0.0133791
0.04	1.60372	0.000455855	0.0183525	-0.417676	-0.015124
0.045	1.59872	0.000558053	0.0204409	-0.419657	-0.0168852
0.05	1.59373	0.000670739	0.0225392	-0.421643	-0.0186625
0.055	1.58873	0.000793964	0.0246474	-0.423632	-0.020456
0.06	1.58373	0.000927776	0.0267656	-0.425625	-0.0222657
0.065	1.57873	0.00107222	0.0288937	-0.427622	-0.0240917
0.07	1.57373	0.00122736	0.0310318	-0.429623	-0.0259339
0.075	1.56874	0.00139323	0.0331799	-0.431629	-0.0277923
0.08	1.56374	0.00156988	0.0353381	-0.433639	-0.029667
0.085	1.55874	0.00175737	0.0375063	-0.435653	-0.0315579
0.09	1.55375	0.00195574	0.0396845	-0.437672	-0.0334651
0.095	1.54875	0.00216504	0.0418729	-0.439695	-0.0353886
0.1	1.54376	0.00238533	0.0440714	-0.441724	-0.0373284
0.105	1.53876	0.00261664	0.04628	-0.443757	-0.0392846
0.11	1.53377	0.00285904	0.0484988	-0.445795	-0.041257
0.115	1.52877	0.00311257	0.0507277	-0.447837	-0.0432458
0.12	1.52378	0.00337728	0.0529669	-0.449885	-0.0452509
0.125	1.51879	0.00365323	0.0552163	-0.451939	-0.0472723
0.13	1.5138	0.00394045	0.057476	-0.453997	-0.0493101
0.135	1.50881	0.004239	0.059746	-0.456061	-0.0513643
0.14	1.50381	0.00454893	0.0620263	-0.458131	-0.0534349
0.145	1.49883	0.0048703	0.064317	-0.460206	-0.0555219
0.15	1.49384	0.00520314	0.066618	-0.462287	-0.0576252
0.155	1.48885	0.00554751	0.0689294	-0.464373	-0.059745
0.16	1.48386	0.00590347	0.0712513	-0.466466	-0.0618811
0.165	1.47887	0.00627106	0.0735836	-0.468565	-0.0640337
0.17	1.47389	0.00665032	0.0759265	-0.47067	-0.0662028
0.175	1.4689	0.00704132	0.0782798	-0.472781	-0.0683882
0.18	1.46392	0.0074441	0.0806437	-0.474899	-0.0705902
0.185	1.45894	0.00785872	0.0830182	-0.477023	-0.0728086
0.19	1.45396	0.00828522	0.0854033	-0.479154	-0.0750434
0.195	1.44897	0.00872365	0.0877991	-0.481291	-0.0772947
0.2	1.444	0.00917406	0.0902056	-0.483436	-0.0795625
0.205	1.43902	0.00963652	0.0926227	-0.485588	-0.0818468
0.21	1.43404	0.0101111	0.0950507	-0.487746	-0.0841476
0.215	1.42906	0.0105977	0.0974894	-0.489912	-0.0864649
0.22	1.42409	0.0110966	0.099939	-0.492086	-0.0887987
0.225	1.41911	0.0116077	0.102399	-0.494266	-0.0911491
0.23	1.41414	0.0121311	0.104871	-0.496455	-0.0935159
0.235	1.40917	0.0126668	0.107353	-0.498651	-0.0958993
0.24	1.4042	0.013215	0.109846	-0.500856	-0.0982992
0.245	1.39923	0.0137755	0.112351	-0.503068	-0.100716
0.25	1.39426	0.0143486	0.114866	-0.505288	-0.103149
0.255	1.3893	0.0149342	0.117392	-0.507517	-0.105598
0.26	1.38434	0.0155324	0.11993	-0.509754	-0.108064
0.265	1.37937	0.0161433	0.122479	-0.512	-0.110547
0.27	1.37441	0.0167668	0.125039	-0.514255	-0.113046
0.275	1.36945	0.0174032	0.12761	-0.516519	-0.115562
0.28	1.36449	0.0180523	0.130193	-0.518791	-0.118095
0.285	1.35954	0.0187143	0.132787	-0.521073	-0.120644
0.29	1.35458	0.0193892	0.135392	-0.523364	-0.123209
0.295	1.34963	0.020077	0.138009	-0.525665	-0.125792
0.3	1.34468	0.0207779	0.140637	-0.527975	-0.12839
0.305	1.33973	0.0214918	0.143277	-0.530295	-0.131006
0.31	1.33479	0.0222189	0.145928	-0.532625	-0.133638
0.315	1.32984	0.0229591	0.148591	-0.534966	-0.136287
0.32	1.3249	0.0237126	0.151266	-0.537316	-0.138952
0.325	1.31996	0.0244793	0.153953	-0.539677	-0.141634
0.33	1.31502	0.0252593	0.156651	-0.542049	-0.144332
0.335	1.31008	0.0260528	0.159362	-0.544431	-0.147048
0.34	1.30515	0.0268597	0.162084	-0.546824	-0.149779
0.345	1.30022	0.02768	0.164818	-0.549229	-0.152528
0.35	1.29529	0.0285139	0.167564	-0.551645	-0.155293
0.355	1.29036	0.0293614	0.170322	-0.554072	-0.158075
0.36	1.28543	0.0302226	0.173093	-0.556511	-0.160873
0.365	1.28051	0.0310974	0.175875	-0.558962	-0.163688
0.37	1.27559	0.031986	0.17867	-0.561424	-0.166519
0.375	1.27067	0.0328884	0.181477	-0.5639	-0.169368
0.38	1.26576	0.0338047	0.184297	-0.566387	-0.172233
0.385	1.26084	0.0347349	0.187128	-0.568887	-0.175114
0.39	1.25593	0.0356791	0.189973	-0.5714	-0.178012
0.395	1.25103	0.0366373	0.19283	-0.573925	-0.180927
0.4	1.24612	0.0376095	0.1957	-0.576464	-0.183859
0.405	1.24122	0.0385959	0.198582	-0.579017	-0.186807
0.41	1.23632	0.0395965	0.201477	-0.581583	-0.189772
0.415	1.23142	0.0406113	0.204385	-0.584162	-0.192753
0.42	1.22653	0.0416404	0.207306	-0.586756	-0.195751
0.425	1.22164	0.0426839	0.210239	-0.589364	-0.198766
0.43	1.21675	0.0437418	0.213186	-0.591986	-0.201797
0.435	1.21187	0.0448141	0.216146	-0.594623	-0.204845
0.44	1.20699	0.045901	0.219119	-0.597274	-0.207909
0.445	1.20211	0.0470024	0.222106	-0.599941	-0.21099
0.45	1.19724	0.0481184	0.225105	-0.602623	-0.214088
0.455	1.19237	0.0492492	0.228118	-0.605321	-0.217202
0.46	1.1875	0.0503946	0.231145	-0.608034	-0.220333
0.465	1.18264	0.0515549	0.234185	-0.610763	-0.223481
0.47	1.17778	0.05273	0.237239	-0.613508	-0.226645
0.475	1.17292	0.05392	0.240307	-0.61627	-0.229826
0.48	1.16807	0.0551249	0.243388	-0.619049	-0.233023
0.485	1.16322	0.0563449	0.246483	-0.621844	-0.236237
0.49	1.15838	0.05758	0.249592	-0.624657	-0.239467
0.495	1.15353	0.0588301	0.252716	-0.627486	-0.242714
0.5	1.1487	0.0600955	0.255853	-0.630334	-0.245978
0.505	1.14386	0.0613761	0.259005	-0.633199	-0.249258
0.51	1.13903	0.062672	0.262171	-0.636083	-0.252554
0.515	1.13421	0.0639832	0.265351	-0.638985	-0.255867
0.52	1.12939	0.0653099	0.268546	-0.641906	-0.259197
0.525	1.12457	0.066652	0.271756	-0.644845	-0.262543
0.53	1.11976	0.0680096	0.27498	-0.647804	-0.265905
0.535	1.11495	0.0693828	0.278219	-0.650782	-0.269284
0.54	1.11015	0.0707717	0.281473	-0.65378	-0.272679
0.545	1.10535	0.0721762	0.284742	-0.656798	-0.276091
0.55	1.10056	0.0735965	0.288026	-0.659837	-0.279519
0.555	1.09577	0.0750326	0.291325	-0.662896	-0.282963
0.56	1.09098	0.0764846	0.294639	-0.665975	-0.286424
0.565	1.0862	0.0779525	0.297969	-0.669076	-0.289901
0.57	1.08143	0.0794364	0.301315	-0.672199	-0.293394
0.575	1.07666	0.0809363	0.304676	-0.675343	-0.296903
0.58	1.07189	0.0824523	0.308052	-0.678509	-0.300429
0.585	1.06713	0.0839845	0.311445	-0.681698	-0.303971
0.59	1.06238	0.0855329	0.314853	-0.684909	-0.307529
0.595	1.05763	0.0870975	0.318278	-0.688143	-0.311104
0.6	1.05289	0.0886785	0.321719	-0.6914	-0.314694
0.605	1.04815	0.0902759	0.325176	-0.694681	-0.318301
0.61	1.04342	0.0918897	0.328649	-0.697986	-0.321923
0.615	1.03869	0.0935201	0.332139	-0.701315	-0.325562
0.62	1.03397	0.0951669	0.335646	-0.704668	-0.329217
0.625	1.02925	0.0968305	0.339169	-0.708047	-0.332887
0.63	1.02455	0.0985107	0.342709	-0.71145	-0.336574
0.635	1.01984	0.100208	0.346266	-0.71488	-0.340276
0.64	1.01515	0.101921	0.349841	-0.718335	-0.343994
0.645	1.01045	0.103652	0.353432	-0.721816	-0.347728
0.65	1.00577	0.105399	0.357042	-0.725323	-0.351478
0.655	1.00109	0.107164	0.360668	-0.728858	-0.355243
0.66	0.99642	0.108945	0.364312	-0.73242	-0.359024
0.665	0.991754	0.110744	0.367975	-0.736009	-0.362821
0.67	0.987096	0.11256	0.371655	-0.739626	-0.366633
0.675	0.982444	0.114393	0.375353	-0.743272	-0.370461
0.68	0.977799	0.116243	0.379069	-0.746946	-0.374303
0.685	0.973161	0.118111	0.382804	-0.750649	-0.378162
0.69	0.96853	0.119996	0.386557	-0.754382	-0.382035
0.695	0.963906	0.121898	0.390329	-0.758144	-0.385924
0.7	0.959289	0.123818	0.39412	-0.761936	-0.389828
0.705	0.95468	0.125756	0.397929	-0.765759	-0.393747
0.71	0.950078	0.127711	0.401758	-0.769612	-0.39768
0.715	0.945483	0.129684	0.405606	-0.773497	-0.401629
0.72	0.940897	0.131675	0.409474	-0.777413	-0.405593
0.725	0.936318	0.133683	0.413361	-0.781361	-0.409571
0.73	0.931747	0.135709	0.417268	-0.785342	-0.413564
0.735	0.927184	0.137754	0.421194	-0.789355	-0.417571
0.74	0.922629	0.139816	0.425141	-0.793402	-0.421593
0.745	0.918082	0.141896	0.429108	-0.797481	-0.425629
0.75	0.913544	0.143994	0.433095	-0.801595	-0.42968
0.755	0.909014	0.146111	0.437103	-0.805743	-0.433744
0.76	0.904493	0.148246	0.441132	-0.809926	-0.437823
0.765	0.89998	0.150399	0.445182	-0.814143	-0.441915
0.77	0.895476	0.15257	0.449252	-0.818396	-0.446021
0.775	0.890981	0.15476	0.453344	-0.822685	-0.450141
0.78	0.886495	0.156969	0.457458	-0.82701	-0.454275
0.785	0.882019	0.159196	0.461593	-0.831371	-0.458421
0.79	0.877551	0.161441	0.46575	-0.83577	-0.462581
0.795	0.873093	0.163705	0.469929	-0.840205	-0.466754
0.8	0.868645	0.165988	0.47413	-0.844679	-0.47094
0.805	0.864206	0.16829	0.478353	-0.84919	-0.475139
0.81	0.859777	0.17061	0.482599	-0.85374	-0.47935
0.815	0.855358	0.172949	0.486868	-0.858329	-0.483574
0.82	0.850949	0.175307	0.491159	-0.862957	-0.48781
0.825	0.84655	0.177685	0.495474	-0.867625	-0.492059
0.83	0.842162	0.180081	0.499812	-0.872333	-0.496319
0.835	0.837784	0.182496	0.504174	-0.877081	-0.500591
0.84	0.833417	0.184931	0.508559	-0.88187	-0.504874
0.845	0.82906	0.187385	0.512969	-0.8867	-0.509168
0.85	0.824715	0.189858	0.517402	-0.891571	-0.513474
0.855	0.82038	0.19235	0.52186	-0.896485	-0.517791
0.86	0.816057	0.194862	0.526342	-0.90144	-0.522118
0.865	0.811745	0.197394	0.53085	-0.906438	-0.526456
0.87	0.807445	0.199945	0.535382	-0.911478	-0.530803
0.875	0.803156	0.202515	0.539939	-0.916562	-0.535161
0.88	0.798879	0.205105	0.544522	-0.921689	-0.539528
0.885	0.794614	0.207715	0.549131	-0.92686	-0.543905
0.89	0.790362	0.210344	0.553765	-0.932076	-0.548291
0.895	0.786121	0.212993	0.558425	-0.937335	-0.552685
0.9	0.781893	0.215663	0.563112	-0.942639	-0.557088
0.905	0.777678	0.218352	0.567825	-0.947988	-0.5615
0.91	0.773475	0.22106	0.572565	-0.953383	-0.565919
0.915	0.769286	0.223789	0.577332	-0.958822	-0.570345
0.92	0.765109	0.226538	0.582126	-0.964308	-0.574779
0.925	0.760946	0.229308	0.586948	-0.969839	-0.57922
0.93	0.756796	0.232097	0.591797	-0.975416	-0.583667
0.935	0.75266	0.234906	0.596674	-0.98104	-0.58812
0.94	0.748538	0.237736	0.601579	-0.98671	-0.592579
0.945	0.74443	0.240586	0.606513	-0.992427	-0.597043
0.95	0.740336	0.243456	0.611475	-0.99819	-0.601512
0.955	0.736256	0.246347	0.616466	-1.004	-0.605985
0.96	0.732191	0.249258	0.621486	-1.00986	-0.610463
0.965	0.728141	0.25219	0.626535	-1.01576	-0.614944
0.97	0.724105	0.255142	0.631614	-1.02171	-0.619428
0.975	0.720085	0.258115	0.636722	-1.02771	-0.623915
0.98	0.71608	0.261109	0.641861	-1.03376	-0.628403
0.985	0.712091	0.264123	0.64703	-1.03985	-0.632894
0.99	0.708117	0.267158	0.652229	-1.04599	-0.637385
0.995	0.70416	0.270213	0.657459	-1.05218	-0.641877
1	0.700218	0.273289	0.66272	-1.05841	-0.646369
1.005	0.696293	0.276386	0.668012	-1.06469	-0.65086
1.01	0.692384	0.279504	0.673335	-1.07102	-0.65535
1.015	0.688492	0.282643	0.67869	-1.07739	-0.659839
1.02	0.684617	0.285803	0.684077	-1.08381	-0.664324
1.025	0.680759	0.288984	0.689496	-1.09028	-0.668807
1.03	0.676919	0.292186	0.694948	-1.09679	-0.673286
1.035	0.673096	0.295408	0.700432	-1.10334	-0.67776
1.04	0.669291	0.298652	0.705948	-1.10994	-0.682229
1.045	0.665504	0.301917	0.711498	-1.11659	-0.686692
1.05	0.661735	0.305203	0.717081	-1.12327	-0.691148
1.055	0.657985	0.30851	0.722697	-1.13	-0.695597
1.06	0.654254	0.311838	0.728347	-1.13678	-0.700038
1.065	0.650541	0.315187	0.734031	-1.14359	-0.70447
1.07	0.646848	0.318558	0.739749	-1.15045	-0.708891
1.075	0.643174	0.32195	0.745502	-1.15735	-0.713302
1.08	0.63952	0.325363	0.751288	-1.16428	-0.717701
1.085	0.635886	0.328797	0.75711	-1.17126	-0.722088
1.09	0.632272	0.332252	0.762966	-1.17827	-0.726461
1.095	0.628679	0.335729	0.768857	-1.18532	-0.73082
1.1	0.625106	0.339226	0.774784	-1.1924	-0.735163
1.105	0.621554	0.342746	0.780746	-1.19952	-0.73949
1.11	0.618023	0.346286	0.786744	-1.20667	-0.7438
1.115	0.614514	0.349847	0.792777	-1.21385	-0.748091
1.12	0.611026	0.35343	0.798846	-1.22107	-0.752362
1.125	0.607561	0.357034	0.804952	-1.22831	-0.756613
1.13	0.604117	0.360659	0.811093	-1.23558	-0.760841
1.135	0.600696	0.364306	0.817271	-1.24288	-0.765047
1.14	0.597298	0.367973	0.823485	-1.2502	-0.769229
1.145	0.593922	0.371662	0.829736	-1.25754	-0.773385
1.15	0.59057	0.375372	0.836024	-1.2649	-0.777515
1.155	0.587242	0.379103	0.842349	-1.27228	-0.781616
1.16	0.583937	0.382855	0.84871	-1.27967	-0.785689
1.165	0.580656	0.386628	0.855108	-1.28708	-0.789731
1.17	0.5774	0.390423	0.861544	-1.29451	-0.793741
1.175	0.574168	0.394238	0.868016	-1.30194	-0.797718
1.18	0.570961	0.398074	0.874526	-1.30937	-0.80166
1.185	0.56778	0.401931	0.881073	-1.31682	-0.805566
1.19	0.564624	0.405809	0.887657	-1.32426	-0.809435
1.195	0.561493	0.409708	0.894278	-1.3317	-0.813264
1.2	0.558389	0.413627	0.900937	-1.33914	-0.817053
1.205	0.555311	0.417568	0.907632	-1.34657	-0.8208
1.21	0.552259	0.421529	0.914365	-1.35398	-0.824504
1.215	0.549235	0.42551	0.921135	-1.36139	-0.828162
1.22	0.546237	0.429512	0.927942	-1.36878	-0.831773
1.225	0.543267	0.433534	0.934786	-1.37614	-0.835336
1.23	0.540325	0.437577	0.941667	-1.38349	-0.838848
1.235	0.537411	0.44164	0.948584	-1.3908	-0.842309
1.24	0.534525	0.445723	0.955538	-1.39808	-0.845717
1.245	0.531668	0.449826	0.962528	-1.40533	-0.849069
1.25	0.528839	0.453949	0.969555	-1.41253	-0.852364
1.255	0.52604	0.458092	0.976618	-1.41969	-0.8556
1.26	0.523271	0.462255	0.983716	-1.4268	-0.858775
1.265	0.520531	0.466438	0.99085	-1.43386	-0.861889
1.27	0.517821	0.47064	0.99802	-1.44086	-0.864938
1.275	0.515141	0.474861	1.00522	-1.4478	-0.867921
1.28	0.512493	0.479102	1.01246	-1.45467	-0.870836
1.285	0.509875	0.483362	1.01974	-1.46147	-0.873681
1.29	0.507288	0.487641	1.02704	-1.46819	-0.876454
1.295	0.504733	0.491938	1.03438	-1.47483	-0.879155
1.3	0.502209	0.496255	1.04176	-1.48138	-0.881779
1.305	0.499718	0.50059	1.04917	-1.48783	-0.884326
1.31	0.497258	0.504943	1.0566	-1.49419	-0.886794
1.315	0.494832	0.509315	1.06408	-1.50044	-0.889181
1.32	0.492438	0.513705	1.07158	-1.50659	-0.891485
1.325	0.490078	0.518112	1.07911	-1.51261	-0.893704
1.33	0.48775	0.522538	1.08667	-1.51852	-0.895836
1.335	0.485457	0.526981	1.09427	-1.5243	-0.897879
1.34	0.483197	0.531441	1.10189	-1.52994	-0.899832
1.345	0.480972	0.535919	1.10954	-1.53545	-0.901692
1.35	0.478781	0.540413	1.11721	-1.54081	-0.903458
1.355	0.476625	0.544924	1.12492	-1.54602	-0.905128
1.36	0.474503	0.549452	1.13265	-1.55107	-0.906699
1.365	0.472417	0.553996	1.1404	-1.55596	-0.908171
1.37	0.470367	0.558556	1.14818	-1.56067	-0.909541
1.375	0.468352	0.563132	1.15599	-1.56521	-0.910808
1.38	0.466372	0.567724	1.16381	-1.56957	-0.91197
1.385	0.464429	0.572331	1.17166	-1.57374	-0.913026
1.39	0.462522	0.576953	1.17953	-1.57772	-0.913973
1.395	0.460652	0.58159	1.18742	-1.5815	-0.91481
1.4	0.458819	0.586241	1.19533	-1.58507	-0.915535
1.405	0.457022	0.590907	1.20325	-1.58842	-0.916148
1.41	0.455262	0.595588	1.21119	-1.59156	-0.916646
1.415	0.45354	0.600282	1.21915	-1.59447	-0.917029
1.42	0.451856	0.604989	1.22712	-1.59716	-0.917294
1.425	0.450208	0.60971	1.23511	-1.5996	-0.917441
1.43	0.448599	0.614444	1.24311	-1.60181	-0.917468
1.435	0.447028	0.619191	1.25112	-1.60377	-0.917374
1.44	0.445495	0.62395	1.25914	-1.60548	-0.917159
1.445	0.444	0.628721	1.26716	-1.60693	-0.91682
1.45	0.442543	0.633504	1.2752	-1.60812	-0.916358
1.455	0.441125	0.638299	1.28324	-1.60904	-0.915771
1.46	0.439746	0.643105	1.29128	-1.60969	-0.915059
1.465	0.438405	0.647922	1.29933	-1.61006	-0.91422
1.47	0.437103	0.652749	1.30738	-1.61016	-0.913255
1.475	0.43584	0.657587	1.31543	-1.60997	-0.912162
1.48	0.434616	0.662435	1.32348	-1.60949	-0.910941
1.485	0.433431	0.667293	1.33153	-1.60873	-0.909592
1.49	0.432285	0.67216	1.33957	-1.60767	-0.908115
1.495	0.431179	0.677036	1.34761	-1.60631	-0.90651
1.5	0.430111	0.68192	1.35564	-1.60465	-0.904775
1.505	0.429083	0.686814	1.36367	-1.6027	-0.902912
1.51	0.428094	0.691715	1.37168	-1.60044	-0.900921
1.515	0.427144	0.696624	1.37968	-1.59787	-0.898801
1.52	0.426234	0.70154	1.38767	-1.595	-0.896553
1.525	0.425362	0.706464	1.39565	-1.59182	-0.894178
1.53	0.42453	0.711394	1.40361	-1.58833	-0.891675
1.535	0.423737	0.716331	1.41155	-1.58453	-0.889046
1.54	0.422984	0.721273	1.41947	-1.58043	-0.886292
1.545	0.422269	0.726222	1.42737	-1.57601	-0.883412
1.55	0.421593	0.731176	1.43525	-1.57129	-0.880409
1.555	0.420957	0.736136	1.44311	-1.56626	-0.877282
1.56	0.420359	0.7411	1.45094	-1.56093	-0.874034
1.565	0.4198	0.746068	1.45874	-1.55529	-0.870665
1.57	0.419279	0.751041	1.46652	-1.54935	-0.867177
1.575	0.418797	0.756018	1.47427	-1.54311	-0.86357
1.58	0.418354	0.760998	1.48198	-1.53657	-0.859847
1.585	0.417949	0.765982	1.48967	-1.52973	-0.856009
1.59	0.417582	0.770968	1.49732	-1.52261	-0.852057
1.595	0.417252	0.775957	1.50493	-1.5152	-0.847994
1.6	0.416961	0.780949	1.5125	-1.50751	-0.843821
1.605	0.416708	0.785942	1.52004	-1.49953	-0.83954
1.61	0.416491	0.790938	1.52754	-1.49128	-0.835153
1.615	0.416312	0.795935	1.535	-1.48276	-0.830662
1.62	0.41617	0.800933	1.54241	-1.47398	-0.826069
1.625	0.416065	0.805931	1.54978	-1.46493	-0.821376
1.63	0.415997	0.810931	1.5571	-1.45563	-0.816585
1.635	0.415965	0.815931	1.56438	-1.44609	-0.8117
1.64	0.415969	0.820931	1.57161	-1.4363	-0.806721
1.645	0.416009	0.825931	1.57879	-1.42627	-0.801651
1.65	0.416085	0.83093	1.58593	-1.41601	-0.796494
1.655	0.416196	0.835929	1.59301	-1.40553	-0.79125
1.66	0.416342	0.840927	1.60003	-1.39483	-0.785924
1.665	0.416523	0.845924	1.60701	-1.38392	-0.780516
1.67	0.416738	0.850919	1.61393	-1.37281	-0.775031
1.675	0.416988	0.855913	1.62079	-1.36151	-0.769469
1.68	0.417272	0.860905	1.6276	-1.35001	-0.763835
1.685	0.41759	0.865894	1.63435	-1.33833	-0.75813
1.69	0.417941	0.870882	1.64104	-1.32648	-0.752358
1.695	0.418325	0.875867	1.64767	-1.31447	-0.74652
1.7	0.418741	0.88085	1.65425	-1.30229	-0.74062
1.705	0.41919	0.88583	1.66076	-1.28996	-0.73466
1.71	0.419672	0.890807	1.66721	-1.2775	-0.728643
1.715	0.420185	0.89578	1.67359	-1.26489	-0.722571
1.72	0.420729	0.90075	1.67992	-1.25216	-0.716447
1.725	0.421305	0.905717	1.68618	-1.2393	-0.710274
1.73	0.421911	0.91068	1.69238	-1.22634	-0.704055
1.735	0.422548	0.91564	1.69851	-1.21327	-0.697791
1.74	0.423215	0.920595	1.70457	-1.2001	-0.691486
1.745	0.423912	0.925546	1.71057	-1.18684	-0.685142
1.75	0.424638	0.930493	1.71651	-1.1735	-0.678762
1.755	0.425393	0.935436	1.72238	-1.16009	-0.672348
1.76	0.426176	0.940374	1.72818	-1.14661	-0.665902
1.765	0.426988	0.945308	1.73391	-1.13306	-0.659427
1.77	0.427828	0.950237	1.73957	-1.11947	-0.652926
1.775	0.428696	0.955161	1.74517	-1.10582	-0.646401
1.78	0.42959	0.96008	1.7507	-1.09214	-0.639854
1.785	0.430512	0.964994	1.75616	-1.07843	-0.633288
1.79	0.43146	0.969904	1.76155	-1.06469	-0.626704
1.795	0.432434	0.974808	1.76688	-1.05093	-0.620105
1.8	0.433434	0.979707	1.77213	-1.03716	-0.613493
1.805	0.434459	0.984601	1.77732	-1.02338	-0.606871
1.81	0.43551	0.989489	1.78243	-1.0096	-0.60024
1.815	0.436585	0.994372	1.78748	-0.995821	-0.593603
1.82	0.437684	0.99925	1.79246	-0.982057	-0.586961
1.825	0.438807	1.00412	1.79737	-0.96831	-0.580316
1.83	0.439954	1.00899	1.80221	-0.954584	-0.57367
1.835	0.441124	1.01385	1.80699	-0.940885	-0.567026
1.84	0.442317	1.01871	1.81169	-0.927219	-0.560384
1.845	0.443532	1.02356	1.81633	-0.913589	-0.553747
1.85	0.44477	1.0284	1.8209	-0.900002	-0.547117
1.855	0.446029	1.03324	1.8254	-0.886462	-0.540494
1.86	0.44731	1.03807	1.82983	-0.872972	-0.533881
1.865	0.448611	1.0429	1.83419	-0.859538	-0.527279
1.87	0.449934	1.04772	1.83849	-0.846162	-0.52069
1.875	0.451277	1.05254	1.84272	-0.832851	-0.514115
1.88	0.45264	1.05735	1.84689	-0.819606	-0.507555
1.885	0.454022	1.06215	1.85098	-0.806432	-0.501013
1.89	0.455424	1.06695	1.85502	-0.793331	-0.494488
1.895	0.456846	1.07175	1.85898	-0.780309	-0.487983
1.9	0.458285	1.07653	1.86288	-0.767366	-0.481498
1.905	0.459743	1.08132	1.86672	-0.754507	-0.475035
1.91	0.46122	1.08609	1.87049	-0.741735	-0.468595
1.915	0.462713	1.09087	1.8742	-0.729051	-0.462179
1.92	0.464225	1.09563	1.87785	-0.716458	-0.455788
1.925	0.465753	1.10039	1.88143	-0.70396	-0.449423
1.93	0.467298	1.10515	1.88495	-0.691557	-0.443085
1.935	0.46886	1.1099	1.88841	-0.679252	-0.436775
1.94	0.470437	1.11464	1.8918	-0.667048	-0.430493
1.945	0.472031	1.11938	1.89514	-0.654945	-0.424241
1.95	0.473639	1.12412	1.89841	-0.642946	-0.41802
1.955	0.475264	1.12885	1.90163	-0.631052	-0.411829
1.96	0.476903	1.13357	1.90478	-0.619264	-0.40567
1.965	0.478556	1.13829	1.90788	-0.607585	-0.399543
1.97	0.480224	1.143	1.91092	-0.596014	-0.39345
1.975	0.481906	1.14771	1.9139	-0.584554	-0.38739
1.98	0.483602	1.15241	1.91682	-0.573205	-0.381365
1.985	0.485312	1.15711	1.91969	-0.561968	-0.375374
1.99	0.487034	1.16181	1.9225	-0.550844	-0.369418
1.995	0.488769	1.1665	1.92525	-0.539834	-0.363499
2	0.490517	1.17118	1.92795	-0.528938	-0.357615
2.005	0.492278	1.17586	1.93059	-0.518156	-0.351768
2.01	0.49405	1.18053	1.93318	-0.50749	-0.345958
2.015	0.495835	1.18521	1.93572	-0.49694	-0.340185
2.02	0.497631	1.18987	1.93821	-0.486505	-0.33445
2.025	0.499438	1.19453	1.94064	-0.476186	-0.328753
2.03	0.501257	1.19919	1.94302	-0.465983	-0.323094
2.035	0.503086	1.20384	1.94535	-0.455897	-0.317473
2.04	0.504926	1.20849	1.94763	-0.445926	-0.311892
2.045	0.506776	1.21314	1.94986	-0.436072	-0.306349
2.05	0.508636	1.21778	1.95204	-0.426333	-0.300845
2.055	0.510507	1.22242	1.95417	-0.41671	-0.295381
2.06	0.512387	1.22705	1.95625	-0.407203	-0.289956
2.065	0.514276	1.23168	1.95829	-0.397811	-0.28457
2.07	0.516174	1.2363	1.96028	-0.388534	-0.279224
2.075	0.518082	1.24093	1.96222	-0.379371	-0.273918
2.08	0.519998	1.24555	1.96412	-0.370321	-0.268652
2.085	0.521923	1.25016	1.96597	-0.361386	-0.263426
2.09	0.523856	1.25477	1.96778	-0.352563	-0.258239
2.095	0.525798	1.25938	1.96954	-0.343853	-0.253093
2.1	0.527747	1.26398	1.97126	-0.335254	-0.247987
2.105	0.529704	1.26858	1.97294	-0.326766	-0.24292
2.11	0.531668	1.27318	1.97457	-0.318389	-0.237893
2.115	0.53364	1.27778	1.97616	-0.310121	-0.232907
2.12	0.535619	1.28237	1.97771	-0.301962	-0.22796
2.125	0.537605	1.28696	1.97922	-0.293911	-0.223053
2.13	0.539597	1.29154	1.98069	-0.285968	-0.218186
2.135	0.541596	1.29613	1.98212	-0.278131	-0.213358
2.14	0.543602	1.30071	1.98351	-0.2704	-0.208571
2.145	0.545614	1.30528	1.98486	-0.262774	-0.203822
2.15	0.547631	1.30986	1.98618	-0.255252	-0.199113
2.155	0.549655	1.31443	1.98745	-0.247833	-0.194444
2.16	0.551684	1.319	1.98869	-0.240516	-0.189813
2.165	0.553719	1.32357	1.9899	-0.233301	-0.185222
2.17	0.555759	1.32813	1.99106	-0.226185	-0.18067
2.175	0.557804	1.3327	1.99219	-0.21917	-0.176156
2.18	0.559854	1.33726	1.99329	-0.212252	-0.171681
2.185	0.561909	1.34181	1.99435	-0.205433	-0.167245
2.19	0.563969	1.34637	1.99538	-0.198709	-0.162847
2.195	0.566033	1.35092	1.99637	-0.192082	-0.158487
2.2	0.568102	1.35548	1.99733	-0.185549	-0.154165
2.205	0.570174	1.36003	1.99826	-0.179109	-0.149881
2.21	0.572251	1.36457	1.99916	-0.172762	-0.145635
2.215	0.574332	1.36912	2.00002	-0.166507	-0.141426
2.22	0.576417	1.37367	2.00085	-0.160343	-0.137254
2.225	0.578505	1.37821	2.00165	-0.154268	-0.13312
2.23	0.580597	1.38275	2.00242	-0.148281	-0.129022
2.235	0.582692	1.38729	2.00317	-0.142383	-0.124961
2.24	0.58479	1.39183	2.00388	-0.136571	-0.120937
2.245	0.586892	1.39636	2.00456	-0.130844	-0.116949
2.25	0.588996	1.4009	2.00522	-0.125203	-0.112997
2.255	0.591103	1.40543	2.00584	-0.119644	-0.109081
2.26	0.593213	1.40997	2.00644	-0.114169	-0.105201
2.265	0.595326	1.4145	2.00701	-0.108775	-0.101356
2.27	0.597441	1.41903	2.00755	-0.103462	-0.0975468
2.275	0.599558	1.42356	2.00807	-0.0982289	-0.0937724
2.28	0.601678	1.42809	2.00856	-0.0930743	-0.0900328
2.285	0.6038	1.43262	2.00903	-0.0879975	-0.086328
2.29	0.605923	1.43714	2.00947	-0.0829974	-0.0826575
2.295	0.608049	1.44167	2.00988	-0.0780732	-0.0790213
2.3	0.610176	1.44619	2.01027	-0.0732239	-0.075419
2.305	0.612305	1.45072	2.01064	-0.0684485	-0.0718505
2.31	0.614436	1.45524	2.01098	-0.0637461	-0.0683156
2.315	0.616568	1.45976	2.0113	-0.0591158	-0.064814
2.32	0.618701	1.46429	2.0116	-0.0545565	-0.0613455
2.325	0.620835	1.46881	2.01187	-0.0500675	-0.0579099
2.33	0.622971	1.47333	2.01212	-0.0456479	-0.054507
2.335	0.625108	1.47785	2.01235	-0.0412965	-0.0511366
2.34	0.627246	1.48237	2.01255	-0.0370127	-0.0477984
2.345	0.629384	1.48689	2.01274	-0.0327955	-0.0444922
2.35	0.631523	1.49141	2.0129	-0.028644	-0.0412179
2.355	0.633663	1.49593	2.01305	-0.0245574	-0.0379751
2.36	0.635804	1.50044	2.01317	-0.0205347	-0.0347636
2.365	0.637944	1.50496	2.01327	-0.0165751	-0.0315834
2.37	0.640086	1.50948	2.01335	-0.0126778	-0.028434
2.375	0.642227	1.514	2.01342	-0.00884197	-0.0253154
2.38	0.644369	1.51852	2.01346	-0.0050667	-0.0222273
2.385	0.646511	1.52304	2.01349	-0.00135121	-0.0191695
2.39	0.648653	1.52755	2.01349	0.00230533	-0.0161418
2.395	0.650795	1.53207	2.01348	0.00590372	-0.0131439
2.4	0.652936	1.53659	2.01345	0.00944476	-0.0101757
2.405	0.655078	1.54111	2.01341	0.0129292	-0.00723696
2.41	0.657219	1.54563	2.01334	0.0163579	-0.00432744
2.415	0.65936	1.55014	2.01326	0.0197316	-0.00144696
2.42	0.6615	1.55466	2.01316	0.023051	0.00140469
2.425	0.66364	1.55918	2.01305	0.026317	0.00422771
2.43	0.665779	1.5637	2.01291	0.0295302	0.00702232
2.435	0.667918	1.56822	2.01277	0.0326914	0.00978871
2.44	0.670056	1.57274	2.0126	0.0358013	0.0125271
2.445	0.672193	1.57726	2.01242	0.0388606	0.0152376
2.45	0.674329	1.58178	2.01223	0.0418701	0.0179206
2.455	0.676464	1.5863	2.01202	0.0448304	0.0205761
2.46	0.678598	1.59082	2.0118	0.0477423	0.0232044
2.465	0.680732	1.59535	2.01156	0.0506063	0.0258056
2.47	0.682864	1.59987	2.0113	0.0534233	0.0283801
2.475	0.684994	1.60439	2.01104	0.0561939	0.0309278
2.48	0.687124	1.60892	2.01076	0.0589187	0.0334491
2.485	0.689252	1.61344	2.01046	0.0615983	0.0359442
2.49	0.691379	1.61797	2.01015	0.0642335	0.0384131
2.495	0.693504	1.62249	2.00983	0.0668249	0.0408562
2.5	0.695628	1.62702	2.0095	0.069373	0.0432735
2.505	0.69775	1.63155	2.00915	0.0718785	0.0456653
2.51	0.699871	1.63607	2.00879	0.074342	0.0480318
2.515	0.70199	1.6406	2.00842	0.0767642	0.0503731
2.52	0.704107	1.64513	2.00804	0.0791455	0.0526893
2.525	0.706222	1.64966	2.00764	0.0814866	0.0549808
2.53	0.708336	1.65419	2.00723	0.0837881	0.0572476
2.535	0.710448	1.65873	2.00681	0.0860505	0.05949
2.54	0.712557	1.66326	2.00638	0.0882745	0.061708
2.545	0.714665	1.66779	2.00594	0.0904605	0.063902
2.55	0.716771	1.67233	2.00549	0.092609	0.0660719
2.555	0.718874	1.67686	2.00503	0.0947208	0.0682181
2.56	0.720976	1.6814	2.00455	0.0967962	0.0703407
2.565	0.723075	1.68594	2.00407	0.0988358	0.0724397
2.57	0.725172	1.69048	2.00358	0.10084	0.0745155
2.575	0.727267	1.69502	2.00307	0.10281	0.0765682
2.58	0.729359	1.69956	2.00256	0.104745	0.0785979
2.585	0.731449	1.7041	2.00203	0.106647	0.0806047
2.59	0.733537	1.70865	2.0015	0.108515	0.0825889
2.595	0.735622	1.71319	2.00096	0.11035	0.0845506
2.6	0.737704	1.71774	2.00041	0.112154	0.0864899
2.605	0.739784	1.72228	1.99985	0.113925	0.088407
2.61	0.741862	1.72683	1.99928	0.115665	0.0903021
2.615	0.743937	1.73138	1.9987	0.117374	0.0921753
2.62	0.746009	1.73593	1.99811	0.119053	0.0940267
2.625	0.748078	1.74048	1.99752	0.120701	0.0958565
2.63	0.750145	1.74503	1.99691	0.12232	0.0976649
2.635	0.752209	1.74959	1.9963	0.12391	0.0994519
2.64	0.75427	1.75414	1.99568	0.125471	0.101218
2.645	0.756328	1.7587	1.99505	0.127004	0.102963
2.65	0.758383	1.76326	1.99442	0.128509	0.104687
2.655	0.760436	1.76782	1.99378	0.129987	0.10639
2.66	0.762485	1.77238	1.99313	0.131437	0.108072
2.665	0.764532	1.77694	1.99247	0.132861	0.109734
2.67	0.766575	1.7815	1.9918	0.134258	0.111376
2.675	0.768615	1.78607	1.99113	0.13563	0.112998
2.68	0.770653	1.79063	1.99045	0.136976	0.114599
2.685	0.772687	1.7952	1.98977	0.138297	0.116181
2.69	0.774718	1.79977	1.98908	0.139593	0.117743
2.695	0.776745	1.80434	1.98838	0.140865	0.119285
2.7	0.77877	1.80891	1.98768	0.142113	0.120807
2.705	0.780791	1.81349	1.98697	0.143337	0.12231
2.71	0.782809	1.81806	1.98625	0.144538	0.123794
2.715	0.784824	1.82264	1.98553	0.145715	0.125258
2.72	0.786835	1.82722	1.9848	0.146871	0.126704
2.725	0.788843	1.83179	1.98406	0.148003	0.12813
2.73	0.790848	1.83637	1.98332	0.149114	0.129538
2.735	0.792849	1.84096	1.98258	0.150204	0.130927
2.74	0.794847	1.84554	1.98183	0.151272	0.132297
2.745	0.796841	1.85013	1.98107	0.152318	0.133649
2.75	0.798832	1.85471	1.98031	0.153345	0.134983
2.755	0.800819	1.8593	1.97954	0.154351	0.136298
2.76	0.802803	1.86389	1.97877	0.155336	0.137596
2.765	0.804783	1.86848	1.97799	0.156302	0.138875
2.77	0.80676	1.87307	1.97721	0.157249	0.140136
2.775	0.808733	1.87767	1.97643	0.158176	0.14138
2.78	0.810702	1.88226	1.97563	0.159085	0.142606
2.785	0.812668	1.88686	1.97484	0.159975	0.143814
2.79	0.81463	1.89146	1.97404	0.160846	0.145005
2.795	0.816588	1.89606	1.97324	0.1617	0.146178
2.8	0.818543	1.90066	1.97243	0.162536	0.147334
2.805	0.820494	1.90527	1.97161	0.163354	0.148474
2.81	0.822441	1.90987	1.9708	0.164155	0.149596
2.815	0.824384	1.91448	1.96998	0.164939	0.150701
2.82	0.826324	1.91909	1.96915	0.165706	0.151789
2.825	0.828259	1.9237	1.96832	0.166457	0.15286
2.83	0.830191	1.92831	1.96749	0.167192	0.153915
2.835	0.832119	1.93292	1.96666	0.16791	0.154954
2.84	0.834043	1.93754	1.96582	0.168613	0.155976
2.845	0.835964	1.94215	1.96497	0.169301	0.156981
2.85	0.83788	1.94677	1.96413	0.169973	0.15797
2.855	0.839792	1.95139	1.96328	0.17063	0.158943
2.86	0.841701	1.95601	1.96242	0.171272	0.159901
2.865	0.843605	1.96064	1.96157	0.1719	0.160842
2.87	0.845506	1.96526	1.96071	0.172514	0.161767
2.875	0.847402	1.96989	1.95984	0.173113	0.162676
2.88	0.849295	1.97452	1.95898	0.173699	0.16357
2.885	0.851183	1.97915	1.95811	0.17427	0.164448
2.89	0.853068	1.98378	1.95724	0.174829	0.165311
2.895	0.854948	1.98841	1.95637	0.175374	0.166158
2.9	0.856825	1.99304	1.95549	0.175906	0.16699
2.905	0.858697	1.99768	1.95461	0.176425	0.167807
2.91	0.860565	2.00232	1.95373	0.176932	0.168608
2.915	0.862429	2.00696	1.95284	0.177426	0.169395
2.92	0.864289	2.0116	1.95195	0.177908	0.170166
2.925	0.866145	2.01624	1.95107	0.178378	0.170922
2.93	0.867997	2.02089	1.95017	0.178836	0.171664
2.935	0.869844	2.02553	1.94928	0.179283	0.172391
2.94	0.871688	2.03018	1.94838	0.179717	0.173103
2.945	0.873527	2.03483	1.94748	0.180141	0.173801
2.95	0.875362	2.03948	1.94658	0.180554	0.174484
2.955	0.877193	2.04413	1.94568	0.180955	0.175153
2.96	0.879019	2.04879	1.94478	0.181346	0.175808
2.965	0.880842	2.05344	1.94387	0.181726	0.176448
2.97	0.88266	2.0581	1.94296	0.182096	0.177074
2.975	0.884474	2.06276	1.94205	0.182456	0.177686
2.98	0.886284	2.06742	1.94114	0.182805	0.178284
2.985	0.888089	2.07208	1.94022	0.183145	0.178868
2.99	0.88989	2.07675	1.93931	0.183475	0.179438
2.995	0.891687	2.08141	1.93839	0.183795	0.179994
3	0.89348	2.08608	1.93747	0.184106	0.180536
3.005	0.895268	2.09075	1.93655	0.184408	0.181065
3.01	0.897052	2.09542	1.93563	0.1847	0.181581
3.015	0.898831	2.1001	1.93471	0.184984	0.182082
3.02	0.900607	2.10477	1.93378	0.185259	0.182571
3.025	0.902378	2.10945	1.93285	0.185525	0.183046
3.03	0.904144	2.11412	1.93193	0.185782	0.183508
3.035	0.905907	2.1188	1.931	0.186032	0.183956
3.04	0.907665	2.12348	1.93007	0.186273	0.184391
3.045	0.909418	2.12816	1.92914	0.186505	0.184814
3.05	0.911168	2.13285	1.9282	0.18673	0.185223
3.055	0.912912	2.13753	1.92727	0.186948	0.185619
3.06	0.914653	2.14222	1.92634	0.187157	0.186003
3.065	0.916389	2.14691	1.9254	0.187359	0.186373
3.07	0.918121	2.1516	1.92446	0.187554	0.186731
3.075	0.919848	2.15629	1.92353	0.187741	0.187077
3.08	0.921571	2.16099	1.92259	0.187921	0.187409
3.085	0.923289	2.16568	1.92165	0.188094	0.187729
3.09	0.925003	2.17038	1.92071	0.18826	0.188037
3.095	0.926713	2.17508	1.91976	0.18842	0.188332
3.1	0.928418	2.17978	1.91882	0.188573	0.188615
3.105	0.930119	2.18448	1.91788	0.188719	0.188885
3.11	0.931815	2.18918	1.91694	0.188859	0.189144
3.115	0.933507	2.19389	1.91599	0.188993	0.18939
3.12	0.935195	2.1986	1.91505	0.18912	0.189624
3.125	0.936878	2.2033	1.9141	0.189241	0.189846
3.13	0.938556	2.20801	1.91316	0.189357	0.190056
3.135	0.94023	2.21273	1.91221	0.189467	0.190254
3.14	0.9419	2.21744	1.91126	0.189571	0.19044
3.145	0.943565	2.22215	1.91031	0.189669	0.190615
3.15	0.945226	2.22687	1.90937	0.189762	0.190777
3.155	0.946882	2.23159	1.90842	0.189849	0.190928
3.16	0.948534	2.23631	1.90747	0.189932	0.191068
3.165	0.950181	2.24103	1.90652	0.190009	0.191196
3.17	0.951824	2.24575	1.90557	0.190081	0.191312
3.175	0.953462	2.25047	1.90462	0.190148	0.191417
3.18	0.955096	2.2552	1.90367	0.19021	0.191511
3.185	0.956725	2.25993	1.90272	0.190267	0.191593
3.19	0.95835	2.26465	1.90176	0.19032	0.191664
3.195	0.95997	2.26938	1.90081	0.190368	0.191724
3.2	0.961586	2.27412	1.89986	0.190412	0.191772
3.205	0.963197	2.27885	1.89891	0.190451	0.19181
3.21	0.964804	2.28358	1.89796	0.190486	0.191836
3.215	0.966406	2.28832	1.897	0.190517	0.191851
3.22	0.968004	2.29306	1.89605	0.190543	0.191856
3.225	0.969597	2.2978	1.8951	0.190566	0.191849
3.23	0.971186	2.30254	1.89415	0.190585	0.191832
3.235	0.97277	2.30728	1.89319	0.1906	0.191804
3.24	0.97435	2.31203	1.89224	0.190611	0.191765
3.245	0.975925	2.31677	1.89129	0.190618	0.191716
3.25	0.977496	2.32152	1.89033	0.190622	0.191656
3.255	0.979062	2.32627	1.88938	0.190623	0.191585
3.26	0.980623	2.33102	1.88843	0.19062	0.191504
3.265	0.982181	2.33577	1.88747	0.190614	0.191412
3.27	0.983733	2.34052	1.88652	0.190604	0.19131
3.275	0.985281	2.34527	1.88557	0.190591	0.191198
3.28	0.986824	2.35003	1.88462	0.190576	0.191075
3.285	0.988363	2.35479	1.88366	0.190557	0.190942
3.29	0.989898	2.35955	1.88271	0.190535	0.190799
3.295	0.991428	2.36431	1.88176	0.190511	0.190646
3.3	0.992953	2.36907	1.8808	0.190483	0.190482
3.305	0.994474	2.37383	1.87985	0.190453	0.190309
3.31	0.99599	2.3786	1.8789	0.190421	0.190125
3.315	0.997502	2.38336	1.87795	0.190386	0.189932
3.32	0.999009	2.38813	1.877	0.190348	0.189729
3.325	1.00051	2.3929	1.87604	0.190308	0.189515
3.33	1.00201	2.39767	1.87509	0.190265	0.189292
3.335	1.0035	2.40244	1.87414	0.190221	0.189059
3.34	1.00499	2.40721	1.87319	0.190174	0.188817
3.345	1.00648	2.41199	1.87224	0.190125	0.188564
3.35	1.00796	2.41676	1.87129	0.190074	0.188303
3.355	1.00943	2.42154	1.87034	0.190021	0.188031
3.36	1.0109	2.42632	1.86939	0.189966	0.18775
3.365	1.01237	2.4311	1.86844	0.189909	0.187459
3.37	1.01383	2.43588	1.86749	0.18985	0.18716
3.375	1.01529	2.44066	1.86654	0.18979	0.18685
3.38	1.01674	2.44545	1.86559	0.189728	0.186531
3.385	1.01819	2.45023	1.86464	0.189664	0.186203
3.39	1.01963	2.45502	1.86369	0.189599	0.185866
3.395	1.02107	2.45981	1.86275	0.189532	0.18552
3.4	1.02251	2.4646	1.8618	0.189464	0.185164
3.405	1.02394	2.46939	1.86085	0.189394	0.184799
3.41	1.02536	2.47418	1.8599	0.189324	0.184425
3.415	1.02678	2.47898	1.85896	0.189251	0.184042
3.42	1.0282	2.48377	1.85801	0.189178	0.18365
3.425	1.02961	2.48857	1.85706	0.189104	0.183249
3.43	1.03102	2.49337	1.85612	0.189028	0.18284
3.435	1.03242	2.49817	1.85517	0.188952	0.182421
3.44	1.03382	2.50297	1.85423	0.188874	0.181994
3.445	1.03521	2.50777	1.85328	0.188796	0.181557
3.45	1.0366	2.51257	1.85234	0.188717	0.181112
3.455	1.03799	2.51738	1.8514	0.188637	0.180659
3.46	1.03937	2.52218	1.85045	0.188556	0.180196
3.465	1.04074	2.52699	1.84951	0.188475	0.179725
3.47	1.04211	2.5318	1.84857	0.188392	0.179246
3.475	1.04348	2.53661	1.84763	0.18831	0.178758
3.48	1.04484	2.54142	1.84669	0.188226	0.178261
3.485	1.0462	2.54623	1.84574	0.188143	0.177756
3.49	1.04755	2.55104	1.8448	0.188058	0.177243
3.495	1.0489	2.55586	1.84386	0.187974	0.176721
3.5	1.05025	2.56067	1.84292	0.187889	0.176191
3.505	1.05158	2.56549	1.84198	0.187804	0.175653
3.51	1.05292	2.57031	1.84104	0.187718	0.175106
3.515	1.05425	2.57513	1.84011	0.187633	0.174551
3.52	1.05558	2.57995	1.83917	0.187547	0.173988
3.525	1.0569	2.58477	1.83823	0.187461	0.173417
3.53	1.05821	2.5896	1.83729	0.187375	0.172838
3.535	1.05953	2.59442	1.83636	0.187289	0.172251
3.54	1.06083	2.59925	1.83542	0.187203	0.171656
3.545	1.06214	2.60407	1.83448	0.187117	0.171053
3.55	1.06344	2.6089	1.83355	0.187031	0.170441
3.555	1.06473	2.61373	1.83261	0.186945	0.169823
3.56	1.06602	2.61856	1.83168	0.186859	0.169196
3.565	1.0673	2.62339	1.83074	0.186774	0.168561
3.57	1.06859	2.62823	1.82981	0.186689	0.167919
3.575	1.06986	2.63306	1.82888	0.186605	0.167269
3.58	1.07113	2.6379	1.82794	0.18652	0.166611
3.585	1.0724	2.64273	1.82701	0.186436	0.165946
3.59	1.07366	2.64757	1.82608	0.186353	0.165273
3.595	1.07492	2.65241	1.82515	0.18627	0.164592
3.6	1.07617	2.65725	1.82422	0.186187	0.163904
3.605	1.07742	2.66209	1.82328	0.186105	0.163208
3.61	1.07867	2.66694	1.82235	0.186024	0.162505
3.615	1.07991	2.67178	1.82142	0.185944	0.161795
3.62	1.08114	2.67663	1.82049	0.185864	0.161077
3.625	1.08237	2.68147	1.81957	0.185784	0.160352
3.63	1.0836	2.68632	1.81864	0.185706	0.159619
3.635	1.08482	2.69117	1.81771	0.185628	0.158879
3.64	1.08604	2.69602	1.81678	0.185551	0.158132
3.645	1.08725	2.70087	1.81585	0.185475	0.157378
3.65	1.08846	2.70572	1.81492	0.1854	0.156617
3.655	1.08967	2.71057	1.814	0.185325	0.155848
3.66	1.09087	2.71543	1.81307	0.185252	0.155073
3.665	1.09206	2.72028	1.81214	0.18518	0.15429
3.67	1.09325	2.72514	1.81122	0.185109	0.1535
3.675	1.09444	2.72999	1.81029	0.185038	0.152704
3.68	1.09562	2.73485	1.80937	0.184969	0.1519
3.685	1.0968	2.73971	1.80844	0.184901	0.15109
3.69	1.09797	2.74457	1.80752	0.184834	0.150272
3.695	1.09914	2.74943	1.80659	0.184769	0.149448
3.7	1.1003	2.7543	1.80567	0.184704	0.148617
3.705	1.10146	2.75916	1.80475	0.184641	0.147779
3.71	1.10261	2.76403	1.80382	0.184579	0.146935
3.715	1.10376	2.76889	1.8029	0.184519	0.146084
3.72	1.10491	2.77376	1.80198	0.18446	0.145226
3.725	1.10605	2.77863	1.80106	0.184402	0.144361
3.73	1.10719	2.7835	1.80013	0.184345	0.14349
3.735	1.10832	2.78837	1.79921	0.18429	0.142613
3.74	1.10945	2.79324	1.79829	0.184237	0.141729
3.745	1.11057	2.79811	1.79737	0.184185	0.140838
3.75	1.11169	2.80298	1.79645	0.184134	0.139941
3.755	1.1128	2.80786	1.79553	0.184085	0.139038
3.76	1.11391	2.81273	1.79461	0.184038	0.138128
3.765	1.11502	2.81761	1.79369	0.183992	0.137212
3.77	1.11612	2.82249	1.79277	0.183948	0.136289
3.775	1.11722	2.82736	1.79185	0.183906	0.13536
3.78	1.11831	2.83224	1.79093	0.183865	0.134425
3.785	1.1194	2.83712	1.79001	0.183826	0.133484
3.79	1.12048	2.842	1.78909	0.183789	0.132537
3.795	1.12156	2.84689	1.78817	0.183753	0.131583
3.8	1.12263	2.85177	1.78725	0.183719	0.130624
3.805	1.1237	2.85665	1.78633	0.183687	0.129658
3.81	1.12476	2.86154	1.78541	0.183657	0.128686
3.815	1.12582	2.86643	1.7845	0.183629	0.127708
3.82	1.12688	2.87131	1.78358	0.183603	0.126725
3.825	1.12793	2.8762	1.78266	0.183578	0.125735
3.83	1.12898	2.88109	1.78174	0.183556	0.12474
3.835	1.13002	2.88598	1.78082	0.183535	0.123738
3.84	1.13106	2.89087	1.77991	0.183517	0.122731
3.845	1.13209	2.89576	1.77899	0.1835	0.121718
3.85	1.13312	2.90066	1.77807	0.183486	0.120699
3.855	1.13415	2.90555	1.77715	0.183474	0.119674
3.86	1.13517	2.91045	1.77624	0.183463	0.118644
3.865	1.13618	2.91534	1.77532	0.183455	0.117608
3.87	1.13719	2.92024	1.7744	0.183449	0.116567
3.875	1.1382	2.92514	1.77349	0.183445	0.115519
3.88	1.1392	2.93003	1.77257	0.183444	0.114467
3.885	1.1402	2.93493	1.77165	0.183444	0.113408
3.89	1.14119	2.93983	1.77073	0.183447	0.112345
3.895	1.14218	2.94474	1.76982	0.183452	0.111275
3.9	1.14316	2.94964	1.7689	0.183459	0.110201
3.905	1.14414	2.95454	1.76798	0.183468	0.10912
3.91	1.14512	2.95945	1.76706	0.18348	0.108035
3.915	1.14609	2.96435	1.76615	0.183494	0.106944
3.92	1.14706	2.96926	1.76523	0.18351	0.105848
3.925	1.14802	2.97416	1.76431	0.183529	0.104746
3.93	1.14897	2.97907	1.76339	0.18355	0.10364
3.935	1.14993	2.98398	1.76248	0.183574	0.102528
3.94	1.15088	2.98889	1.76156	0.1836	0.101411
3.945	1.15182	2.9938	1.76064	0.183628	0.100288
3.95	1.15276	2.99871	1.75972	0.183659	0.0991611
3.955	1.15369	3.00362	1.7588	0.183693	0.0980286
3.96	1.15462	3.00853	1.75789	0.183728	0.096891
3.965	1.15555	3.01345	1.75697	0.183767	0.0957485
3.97	1.15647	3.01836	1.75605	0.183808	0.0946009
3.975	1.15738	3.02328	1.75513	0.183851	0.0934484
3.98	1.1583	3.02819	1.75421	0.183897	0.092291
3.985	1.1592	3.03311	1.75329	0.183946	0.0911286
3.99	1.16011	3.03803	1.75237	0.183997	0.0899614
3.995	1.16101	3.04295	1.75145	0.18405	0.0887893
4	1.1619	3.04787	1.75053	0.184107	0.0876125
4.005	1.16279	3.05279	1.74961	0.184166	0.0864308
4.01	1.16367	3.05771	1.74869	0.184228	0.0852444
4.015	1.16455	3.06263	1.74777	0.184292	0.0840533
4.02	1.16543	3.06755	1.74685	0.184359	0.0828576
4.025	1.1663	3.07248	1.74593	0.184429	0.0816571
4.03	1.16717	3.0774	1.745	0.184502	0.0804521
4.035	1.16803	3.08232	1.74408	0.184577	0.0792425
4.04	1.16889	3.08725	1.74316	0.184655	0.0780283
4.045	1.16974	3.09218	1.74223	0.184736	0.0768096
4.05	1.17059	3.0971	1.74131	0.184819	0.0755863
4.055	1.17143	3.10203	1.74039	0.184906	0.0743587
4.06	1.17227	3.10696	1.73946	0.184995	0.0731266
4.065	1.17311	3.11189	1.73854	0.185087	0.07189
4.07	1.17394	3.11682	1.73761	0.185182	0.0706492
4.075	1.17476	3.12175	1.73669	0.18528	0.0694039
4.08	1.17558	3.12669	1.73576	0.185381	0.0681544
4.085	1.1764	3.13162	1.73483	0.185484	0.0669006
4.09	1.17721	3.13655	1.7339	0.185591	0.0656425
4.095	1.17802	3.14149	1.73298	0.1857	0.0643803
4.1	1.17882	3.14642	1.73205	0.185812	0.0631138
4.105	1.17962	3.15136	1.73112	0.185928	0.0618432
4.11	1.18041	3.15629	1.73019	0.186046	0.0605684
4.115	1.1812	3.16123	1.72926	0.186167	0.0592896
4.12	1.18199	3.16617	1.72833	0.186291	0.0580067
4.125	1.18277	3.17111	1.7274	0.186418	0.0567197
4.13	1.18354	3.17605	1.72647	0.186549	0.0554288
4.135	1.18431	3.18099	1.72553	0.186682	0.0541338
4.14	1.18508	3.18593	1.7246	0.186818	0.052835
4.145	1.18584	3.19087	1.72366	0.186958	0.0515322
4.15	1.1866	3.19581	1.72273	0.1871	0.0502255
4.155	1.18735	3.20076	1.72179	0.187245	0.048915
4.16	1.1881	3.2057	1.72086	0.187394	0.0476006
4.165	1.18884	3.21065	1.71992	0.187546	0.0462825
4.17	1.18958	3.21559	1.71898	0.1877	0.0449606
4.175	1.19031	3.22054	1.71805	0.187858	0.043635
4.18	1.19104	3.22548	1.71711	0.188019	0.0423056
4.185	1.19176	3.23043	1.71617	0.188183	0.0409726
4.19	1.19248	3.23538	1.71522	0.188351	0.039636
4.195	1.1932	3.24033	1.71428	0.188521	0.0382957
4.2	1.19391	3.24528	1.71334	0.188695	0.0369518
4.205	1.19461	3.25023	1.7124	0.188871	0.0356044
4.21	1.19532	3.25518	1.71145	0.189051	0.0342535
4.215	1.19601	3.26013	1.71051	0.189235	0.0328991
4.22	1.1967	3.26508	1.70956	0.189421	0.0315412
4.225	1.19739	3.27003	1.70861	0.189611	0.0301799
4.23	1.19807	3.27499	1.70767	0.189804	0.0288152
4.235	1.19875	3.27994	1.70672	0.19	0.0274471
4.24	1.19942	3.28489	1.70577	0.190199	0.0260757
4.245	1.20009	3.28985	1.70482	0.190402	0.0247009
4.25	1.20075	3.2948	1.70386	0.190608	0.0233229
4.255	1.20141	3.29976	1.70291	0.190817	0.0219416
4.26	1.20207	3.30472	1.70196	0.191029	0.0205571
4.265	1.20272	3.30968	1.701	0.191245	0.0191694
4.27	1.20336	3.31463	1.70005	0.191464	0.0177786
4.275	1.204	3.31959	1.69909	0.191687	0.0163846
4.28	1.20464	3.32455	1.69813	0.191912	0.0149875
4.285	1.20527	3.32951	1.69717	0.192141	0.0135873
4.29	1.20589	3.33447	1.69621	0.192374	0.0121841
4.295	1.20651	3.33944	1.69525	0.19261	0.0107778
4.3	1.20713	3.3444	1.69428	0.192849	0.00936861
4.305	1.20774	3.34936	1.69332	0.193091	0.00795643
4.31	1.20835	3.35432	1.69235	0.193337	0.00654132
4.315	1.20895	3.35929	1.69139	0.193586	0.00512332
4.32	1.20954	3.36425	1.69042	0.193839	0.00370245
4.325	1.21014	3.36922	1.68945	0.194095	0.00227873
4.33	1.21072	3.37418	1.68848	0.194355	0.000852215
4.335	1.2113	3.37915	1.68751	0.194617	-0.000577083
4.34	1.21188	3.38411	1.68654	0.194884	-0.00200913
4.345	1.21245	3.38908	1.68556	0.195153	-0.0034439
4.35	1.21302	3.39405	1.68459	0.195427	-0.00488135
4.355	1.21358	3.39902	1.68361	0.195703	-0.00632147
4.36	1.21414	3.40399	1.68263	0.195983	-0.00776422
4.365	1.2147	3.40895	1.68165	0.196267	-0.00920957
4.37	1.21524	3.41392	1.68067	0.196554	-0.0106575
4.375	1.21579	3.41889	1.67969	0.196844	-0.012108
4.38	1.21633	3.42387	1.6787	0.197138	-0.0135609
4.385	1.21686	3.42884	1.67772	0.197436	-0.0150164
4.39	1.21739	3.43381	1.67673	0.197736	-0.0164743
4.395	1.21791	3.43878	1.67574	0.198041	-0.0179346
4.4	1.21843	3.44375	1.67475	0.198349	-0.0193974
4.405	1.21894	3.44873	1.67376	0.19866	-0.0208625
4.41	1.21945	3.4537	1.67276	0.198975	-0.0223299
4.415	1.21996	3.45868	1.67177	0.199294	-0.0237996
4.42	1.22046	3.46365	1.67077	0.199616	-0.0252716
4.425	1.22095	3.46863	1.66978	0.199941	-0.0267459
4.43	1.22144	3.4736	1.66878	0.20027	-0.0282224
4.435	1.22192	3.47858	1.66777	0.200603	-0.029701
4.44	1.2224	3.48356	1.66677	0.200939	-0.0311819
4.445	1.22288	3.48853	1.66577	0.201278	-0.0326648
4.45	1.22335	3.49351	1.66476	0.201622	-0.0341499
4.455	1.22381	3.49849	1.66375	0.201969	-0.035637
4.46	1.22427	3.50347	1.66274	0.202319	-0.0371261
4.465	1.22472	3.50845	1.66173	0.202673	-0.0386173
4.47	1.22517	3.51343	1.66072	0.20303	-0.0401105
4.475	1.22562	3.51841	1.6597	0.203391	-0.0416056
4.48	1.22606	3.52339	1.65869	0.203756	-0.0431026
4.485	1.22649	3.52837	1.65767	0.204124	-0.0446015
4.49	1.22692	3.53335	1.65665	0.204496	-0.0461023
4.495	1.22734	3.53833	1.65562	0.204872	-0.0476049
4.5	1.22776	3.54332	1.6546	0.205251	-0.0491093
4.505	1.22817	3.5483	1.65357	0.205634	-0.0506155
4.51	1.22858	3.55328	1.65254	0.20602	-0.0521234
4.515	1.22899	3.55827	1.65151	0.20641	-0.053633
4.52	1.22938	3.56325	1.65048	0.206804	-0.0551444
4.525	1.22978	3.56824	1.64945	0.207201	-0.0566574
4.53	1.23016	3.57322	1.64841	0.207602	-0.058172
4.535	1.23055	3.57821	1.64737	0.208006	-0.0596882
4.54	1.23092	3.58319	1.64633	0.208414	-0.0612059
4.545	1.2313	3.58818	1.64529	0.208826	-0.0627252
4.55	1.23166	3.59316	1.64425	0.209241	-0.0642461
4.555	1.23202	3.59815	1.6432	0.20966	-0.0657684
4.56	1.23238	3.60314	1.64215	0.210083	-0.0672921
4.565	1.23273	3.60813	1.6411	0.21051	-0.0688172
4.57	1.23308	3.61311	1.64005	0.21094	-0.0703438
4.575	1.23342	3.6181	1.639	0.211373	-0.0718717
4.58	1.23375	3.62309	1.63794	0.211811	-0.0734009
4.585	1.23408	3.62808	1.63688	0.212252	-0.0749314
4.59	1.23441	3.63307	1.63582	0.212696	-0.0764632
4.595	1.23473	3.63806	1.63476	0.213145	-0.0779963
4.6	1.23504	3.64305	1.63369	0.213597	-0.0795305
4.605	1.23535	3.64804	1.63262	0.214053	-0.0810659
4.61	1.23566	3.65303	1.63155	0.214512	-0.0826025
4.615	1.23595	3.65802	1.63048	0.214975	-0.0841402
4.62	1.23625	3.66301	1.6294	0.215442	-0.085679
4.625	1.23653	3.668	1.62833	0.215912	-0.0872188
4.63	1.23682	3.673	1.62725	0.216387	-0.0887597
4.635	1.23709	3.67799	1.62617	0.216864	-0.0903015
4.64	1.23736	3.68298	1.62508	0.217346	-0.0918444
4.645	1.23763	3.68797	1.62399	0.217831	-0.0933881
4.65	1.23789	3.69297	1.62291	0.21832	-0.0949328
4.655	1.23815	3.69796	1.62181	0.218813	-0.0964784
4.66	1.2384	3.70296	1.62072	0.219309	-0.0980248
4.665	1.23864	3.70795	1.61962	0.21981	-0.099572
4.67	1.23888	3.71294	1.61852	0.220313	-0.10112
4.675	1.23911	3.71794	1.61742	0.220821	-0.102669
4.68	1.23934	3.72293	1.61632	0.221332	-0.104218
4.685	1.23956	3.72793	1.61521	0.221847	-0.105768
4.69	1.23978	3.73292	1.6141	0.222366	-0.107319
4.695	1.23999	3.73792	1.61299	0.222888	-0.108871
4.7	1.24019	3.74291	1.61188	0.223415	-0.110423
4.705	1.24039	3.74791	1.61076	0.223944	-0.111976
4.71	1.24059	3.75291	1.60964	0.224478	-0.113529
4.715	1.24078	3.7579	1.60852	0.225015	-0.115083
4.72	1.24096	3.7629	1.60739	0.225557	-0.116637
4.725	1.24114	3.7679	1.60626	0.226101	-0.118192
4.73	1.24131	3.77289	1.60513	0.22665	-0.119747
4.735	1.24147	3.77789	1.604	0.227202	-0.121302
4.74	1.24163	3.78289	1.60286	0.227758	-0.122858
4.745	1.24179	3.78789	1.60173	0.228318	-0.124414
4.75	1.24194	3.79288	1.60058	0.228881	-0.125971
4.755	1.24208	3.79788	1.59944	0.229449	-0.127528
4.76	1.24222	3.80288	1.59829	0.23002	-0.129085
4.765	1.24235	3.80788	1.59714	0.230594	-0.130642
4.77	1.24248	3.81288	1.59599	0.231173	-0.132199
4.775	1.2426	3.81788	1.59483	0.231755	-0.133757
4.78	1.24271	3.82287	1.59367	0.232341	-0.135314
4.785	1.24282	3.82787	1.59251	0.232931	-0.136872
4.79	1.24292	3.83287	1.59135	0.233524	-0.13843
4.795	1.24302	3.83787	1.59018	0.234121	-0.139988
4.8	1.24311	3.84287	1.58901	0.234722	-0.141546
4.805	1.24319	3.84787	1.58784	0.235327	-0.143103
4.81	1.24327	3.85287	1.58666	0.235935	-0.144661
4.815	1.24335	3.85787	1.58548	0.236548	-0.146219
4.82	1.24342	3.86287	1.5843	0.237163	-0.147776
4.825	1.24348	3.86787	1.58311	0.237783	-0.149334
4.83	1.24353	3.87287	1.58192	0.238407	-0.150891
4.835	1.24358	3.87787	1.58073	0.239034	-0.152448
4.84	1.24363	3.88287	1.57954	0.239665	-0.154004
4.845	1.24366	3.88787	1.57834	0.240299	-0.155561
4.85	1.24369	3.89287	1.57714	0.240938	-0.157117
4.855	1.24372	3.89787	1.57593	0.24158	-0.158673
4.86	1.24374	3.90287	1.57472	0.242226	-0.160228
4.865	1.24375	3.90787	1.57351	0.242876	-0.161783
4.87	1.24376	3.91287	1.5723	0.243529	-0.163337
4.875	1.24376	3.91787	1.57108	0.244186	-0.164891
4.88	1.24376	3.92287	1.56986	0.244847	-0.166445
4.885	1.24375	3.92787	1.56863	0.245512	-0.167998
4.89	1.24373	3.93287	1.56741	0.246181	-0.16955
4.895	1.24371	3.93787	1.56618	0.246853	-0.171102
4.9	1.24368	3.94287	1.56494	0.247529	-0.172653
4.905	1.24364	3.94787	1.5637	0.248208	-0.174204
4.91	1.2436	3.95287	1.56246	0.248892	-0.175753
4.915	1.24355	3.95787	1.56122	0.249579	-0.177302
4.92	1.2435	3.96287	1.55997	0.25027	-0.178851
4.925	1.24344	3.96786	1.55872	0.250965	-0.180398
4.93	1.24337	3.97286	1.55746	0.251663	-0.181945
4.935	1.2433	3.97786	1.55621	0.252366	-0.183491
4.94	1.24322	3.98286	1.55494	0.253072	-0.185036
4.945	1.24313	3.98786	1.55368	0.253781	-0.18658
4.95	1.24304	3.99286	1.55241	0.254495	-0.188123
4.955	1.24294	3.99786	1.55114	0.255212	-0.189665
4.96	1.24284	4.00286	1.54986	0.255933	-0.191206
4.965	1.24273	4.00786	1.54858	0.256658	-0.192746
4.97	1.24261	4.01286	1.5473	0.257386	-0.194285
4.975	1.24249	4.01786	1.54601	0.258118	-0.195823
4.98	1.24236	4.02285	1.54472	0.258854	-0.197359
4.985	1.24222	4.02785	1.54343	0.259594	-0.198895
4.99	1.24208	4.03285	1.54213	0.260338	-0.200429
4.995	1.24193	4.03785	1.54083	0.261085	-0.201962
5	1.24177	4.04284	1.53952	0.261836	-0.203494
5.005	1.24161	4.04784	1.53821	0.26259	-0.205024
5.01	1.24144	4.05284	1.5369	0.263349	-0.206553
5.015	1.24126	4.05784	1.53558	0.264111	-0.208081
5.02	1.24108	4.06283	1.53426	0.264877	-0.209607
5.025	1.24089	4.06783	1.53294	0.265647	-0.211132
5.03	1.24069	4.07283	1.53161	0.26642	-0.212656
5.035	1.24049	4.07782	1.53028	0.267197	-0.214177
5.04	1.24028	4.08282	1.52894	0.267978	-0.215698
5.045	1.24007	4.08781	1.5276	0.268763	-0.217216
5.05	1.23984	4.09281	1.52626	0.269551	-0.218734
5.055	1.23961	4.0978	1.52491	0.270343	-0.220249
5.06	1.23938	4.1028	1.52356	0.271139	-0.221763
5.065	1.23914	4.10779	1.5222	0.271938	-0.223275
5.07	1.23889	4.11278	1.52084	0.272742	-0.224785
5.075	1.23863	4.11778	1.51948	0.273549	-0.226294
5.08	1.23837	4.12277	1.51811	0.274359	-0.227801
5.085	1.2381	4.12776	1.51674	0.275174	-0.229305
5.09	1.23782	4.13276	1.51536	0.275992	-0.230808
5.095	1.23753	4.13775	1.51398	0.276814	-0.23231
5.1	1.23724	4.14274	1.5126	0.27764	-0.233809
5.105	1.23695	4.14773	1.51121	0.278469	-0.235306
5.11	1.23664	4.15272	1.50982	0.279302	-0.236801
5.115	1.23633	4.15771	1.50842	0.280139	-0.238294
5.12	1.23601	4.1627	1.50702	0.280979	-0.239785
5.125	1.23569	4.16769	1.50562	0.281824	-0.241274
5.13	1.23535	4.17268	1.50421	0.282672	-0.242761
5.135	1.23501	4.17767	1.50279	0.283523	-0.244245
5.14	1.23467	4.18266	1.50138	0.284379	-0.245728
5.145	1.23431	4.18764	1.49996	0.285238	-0.247208
5.15	1.23395	4.19263	1.49853	0.286101	-0.248686
5.155	1.23358	4.19762	1.4971	0.286967	-0.250161
5.16	1.23321	4.2026	1.49566	0.287837	-0.251634
5.165	1.23283	4.20759	1.49422	0.288711	-0.253105
5.17	1.23244	4.21257	1.49278	0.289589	-0.254573
5.175	1.23204	4.21756	1.49133	0.29047	-0.256039
5.18	1.23163	4.22254	1.48988	0.291355	-0.257502
5.185	1.23122	4.22752	1.48842	0.292244	-0.258963
5.19	1.2308	4.23251	1.48696	0.293137	-0.260421
5.195	1.23038	4.23749	1.4855	0.294033	-0.261877
5.2	1.22995	4.24247	1.48403	0.294933	-0.26333
5.205	1.2295	4.24745	1.48255	0.295836	-0.26478
5.21	1.22906	4.25243	1.48107	0.296744	-0.266227
5.215	1.2286	4.25741	1.47959	0.297655	-0.267672
5.22	1.22814	4.26239	1.4781	0.298569	-0.269114
5.225	1.22767	4.26737	1.47661	0.299488	-0.270553
5.23	1.22719	4.27234	1.47511	0.30041	-0.27199
5.235	1.22671	4.27732	1.47361	0.301335	-0.273423
5.24	1.22621	4.28229	1.4721	0.302265	-0.274854
5.245	1.22571	4.28727	1.47059	0.303198	-0.276281
5.25	1.2252	4.29224	1.46907	0.304135	-0.277706
5.255	1.22469	4.29722	1.46755	0.305075	-0.279127
5.26	1.22417	4.30219	1.46603	0.306019	-0.280546
5.265	1.22364	4.30716	1.4645	0.306967	-0.281961
5.27	1.2231	4.31213	1.46296	0.307919	-0.283373
5.275	1.22255	4.3171	1.46142	0.308874	-0.284782
5.28	1.222	4.32207	1.45988	0.309833	-0.286188
5.285	1.22144	4.32704	1.45833	0.310795	-0.287591
5.29	1.22087	4.33201	1.45678	0.311762	-0.28899
5.295	1.22029	4.33697	1.45522	0.312732	-0.290386
5.3	1.21971	4.34194	1.45365	0.313705	-0.291778
5.305	1.21912	4.3469	1.45209	0.314682	-0.293167
5.31	1.21852	4.35187	1.45051	0.315663	-0.294553
5.315	1.21791	4.35683	1.44893	0.316648	-0.295935
5.32	1.21729	4.36179	1.44735	0.317636	-0.297314
5.325	1.21667	4.36675	1.44576	0.318628	-0.298689
5.33	1.21604	4.37171	1.44417	0.319624	-0.30006
5.335	1.2154	4.37667	1.44257	0.320623	-0.301428
5.34	1.21475	4.38163	1.44097	0.321626	-0.302793
5.345	1.2141	4.38659	1.43936	0.322633	-0.304153
5.35	1.21343	4.39154	1.43775	0.323643	-0.30551
5.355	1.21276	4.3965	1.43613	0.324657	-0.306863
5.36	1.21208	4.40145	1.43451	0.325674	-0.308212
5.365	1.21139	4.4064	1.43288	0.326695	-0.309558
5.37	1.2107	4.41136	1.43124	0.32772	-0.310899
5.375	1.20999	4.41631	1.4296	0.328749	-0.312237
5.38	1.20928	4.42126	1.42796	0.329781	-0.31357
5.385	1.20856	4.4262	1.42631	0.330817	-0.3149
5.39	1.20783	4.43115	1.42466	0.331856	-0.316225
5.395	1.2071	4.4361	1.423	0.332899	-0.317547
5.4	1.20635	4.44104	1.42133	0.333946	-0.318864
5.405	1.2056	4.44598	1.41966	0.334997	-0.320177
5.41	1.20484	4.45092	1.41799	0.336051	-0.321486
5.415	1.20407	4.45587	1.41631	0.337108	-0.322791
5.42	1.20329	4.4608	1.41462	0.33817	-0.324091
5.425	1.20251	4.46574	1.41293	0.339235	-0.325387
5.43	1.20171	4.47068	1.41124	0.340303	-0.326679
5.435	1.20091	4.47561	1.40954	0.341376	-0.327966
5.44	1.2001	4.48055	1.40783	0.342452	-0.329249
5.445	1.19928	4.48548	1.40612	0.343531	-0.330528
5.45	1.19845	4.49041	1.4044	0.344614	-0.331802
5.455	1.19761	4.49534	1.40268	0.345701	-0.333071
5.46	1.19677	4.50027	1.40095	0.346792	-0.334336
5.465	1.19592	4.5052	1.39921	0.347886	-0.335596
5.47	1.19505	4.51012	1.39747	0.348983	-0.336851
5.475	1.19418	4.51504	1.39573	0.350085	-0.338102
5.48	1.1933	4.51997	1.39398	0.35119	-0.339348
5.485	1.19241	4.52489	1.39222	0.352298	-0.34059
5.49	1.19152	4.52981	1.39046	0.353411	-0.341826
5.495	1.19061	4.53472	1.38869	0.354527	-0.343058
5.5	1.1897	4.53964	1.38692	0.355646	-0.344284
5.505	1.18878	4.54455	1.38514	0.356769	-0.345506
5.51	1.18784	4.54946	1.38336	0.357896	-0.346723
5.515	1.1869	4.55438	1.38157	0.359026	-0.347934
5.52	1.18595	4.55928	1.37977	0.36016	-0.349141
5.525	1.185	4.56419	1.37797	0.361298	-0.350342
5.53	1.18403	4.5691	1.37617	0.362439	-0.351539
5.535	1.18305	4.574	1.37435	0.363584	-0.35273
5.54	1.18207	4.5789	1.37254	0.364733	-0.353916
5.545	1.18107	4.5838	1.37071	0.365885	-0.355096
5.55	1.18007	4.5887	1.36888	0.367041	-0.356272
5.555	1.17906	4.5936	1.36705	0.3682	-0.357441
5.56	1.17804	4.59849	1.36521	0.369363	-0.358606
5.565	1.17701	4.60339	1.36336	0.37053	-0.359765
5.57	1.17597	4.60828	1.36151	0.3717	-0.360919
5.575	1.17492	4.61317	1.35965	0.372874	-0.362067
5.58	1.17387	4.61805	1.35779	0.374051	-0.363209
5.585	1.1728	4.62294	1.35592	0.375233	-0.364346
5.59	1.17172	4.62782	1.35404	0.376417	-0.365478
5.595	1.17064	4.6327	1.35216	0.377606	-0.366603
5.6	1.16955	4.63758	1.35027	0.378798	-0.367723
5.605	1.16844	4.64246	1.34837	0.379993	-0.368837
5.61	1.16733	4.64733	1.34647	0.381193	-0.369945
5.615	1.16621	4.6522	1.34457	0.382395	-0.371048
5.62	1.16508	4.65708	1.34266	0.383602	-0.372144
5.625	1.16394	4.66194	1.34074	0.384812	-0.373235
5.63	1.16279	4.66681	1.33881	0.386026	-0.374319
5.635	1.16163	4.67167	1.33688	0.387243	-0.375398
5.64	1.16046	4.67654	1.33495	0.388464	-0.37647
5.645	1.15928	4.68139	1.33301	0.389689	-0.377537
5.65	1.1581	4.68625	1.33106	0.390917	-0.378597
5.655	1.1569	4.69111	1.3291	0.392149	-0.379651
5.66	1.15569	4.69596	1.32714	0.393384	-0.380699
5.665	1.15448	4.70081	1.32518	0.394623	-0.38174
5.67	1.15325	4.70566	1.3232	0.395866	-0.382775
5.675	1.15202	4.7105	1.32122	0.397112	-0.383804
5.68	1.15077	4.71534	1.31924	0.398362	-0.384826
5.685	1.14952	4.72018	1.31725	0.399616	-0.385842
5.69	1.14825	4.72502	1.31525	0.400873	-0.386852
5.695	1.14698	4.72986	1.31324	0.402134	-0.387855
5.7	1.1457	4.73469	1.31123	0.403399	-0.388851
5.705	1.1444	4.73952	1.30922	0.404667	-0.389841
5.71	1.1431	4.74435	1.30719	0.405939	-0.390824
5.715	1.14179	4.74917	1.30516	0.407214	-0.3918
5.72	1.14047	4.75399	1.30313	0.408493	-0.392769
5.725	1.13913	4.75881	1.30108	0.409776	-0.393732
5.73	1.13779	4.76363	1.29904	0.411062	-0.394688
5.735	1.13644	4.76844	1.29698	0.412352	-0.395637
5.74	1.13508	4.77325	1.29492	0.413646	-0.396579
5.745	1.13371	4.77806	1.29285	0.414943	-0.397514
5.75	1.13232	4.78287	1.29078	0.416244	-0.398442
5.755	1.13093	4.78767	1.28869	0.417548	-0.399363
5.76	1.12953	4.79247	1.28661	0.418856	-0.400277
5.765	1.12812	4.79726	1.28451	0.420168	-0.401183
5.77	1.1267	4.80206	1.28241	0.421484	-0.402083
5.775	1.12526	4.80685	1.2803	0.422803	-0.402975
5.78	1.12382	4.81164	1.27819	0.424126	-0.40386
5.785	1.12237	4.81642	1.27607	0.425452	-0.404738
5.79	1.12091	4.8212	1.27394	0.426782	-0.405608
5.795	1.11943	4.82598	1.27181	0.428116	-0.406471
5.8	1.11795	4.83076	1.26967	0.429454	-0.407326
5.805	1.11646	4.83553	1.26752	0.430795	-0.408174
5.81	1.11495	4.8403	1.26537	0.432139	-0.409014
5.815	1.11344	4.84506	1.26321	0.433488	-0.409847
5.82	1.11192	4.84982	1.26104	0.43484	-0.410672
5.825	1.11038	4.85458	1.25886	0.436196	-0.411489
5.83	1.10884	4.85934	1.25668	0.437555	-0.412299
5.835	1.10728	4.86409	1.25449	0.438919	-0.4131
5.84	1.10572	4.86884	1.2523	0.440286	-0.413894
5.845	1.10414	4.87358	1.2501	0.441656	-0.41468
5.85	1.10255	4.87832	1.24789	0.44303	-0.415458
5.855	1.10096	4.88306	1.24568	0.444408	-0.416229
5.86	1.09935	4.8878	1.24345	0.44579	-0.416991
5.865	1.09773	4.89253	1.24122	0.447175	-0.417745
5.87	1.0961	4.89725	1.23899	0.448564	-0.418491
5.875	1.09446	4.90198	1.23675	0.449957	-0.419229
5.88	1.09281	4.9067	1.2345	0.451354	-0.419959
5.885	1.09115	4.91141	1.23224	0.452754	-0.42068
5.89	1.08948	4.91613	1.22998	0.454158	-0.421393
5.895	1.0878	4.92084	1.2277	0.455566	-0.422098
5.9	1.08611	4.92554	1.22543	0.456977	-0.422794
5.905	1.0844	4.93024	1.22314	0.458392	-0.423482
5.91	1.08269	4.93494	1.22085	0.459811	-0.424162
5.915	1.08096	4.93963	1.21855	0.461234	-0.424833
5.92	1.07923	4.94432	1.21624	0.46266	-0.425496
5.925	1.07748	4.94901	1.21393	0.464091	-0.426149
5.93	1.07572	4.95369	1.21161	0.465524	-0.426795
5.935	1.07395	4.95836	1.20928	0.466962	-0.427431
5.94	1.07218	4.96304	1.20695	0.468404	-0.428059
5.945	1.07039	4.9677	1.20461	0.469849	-0.428678
5.95	1.06858	4.97237	1.20226	0.471298	-0.429288
5.955	1.06677	4.97703	1.1999	0.472751	-0.429889
5.96	1.06495	4.98168	1.19754	0.474207	-0.430482
5.965	1.06311	4.98634	1.19517	0.475668	-0.431065
5.97	1.06127	4.99098	1.19279	0.477132	-0.431639
5.975	1.05941	4.99563	1.1904	0.4786	-0.432205
5.98	1.05754	5.00026	1.18801	0.480072	-0.432761
5.985	1.05567	5.0049	1.18561	0.481548	-0.433308
5.99	1.05378	5.00953	1.1832	0.483027	-0.433846
5.995	1.05188	5.01415	1.18079	0.484511	-0.434374
6	1.04996	5.01877	1.17836	0.485998	-0.434893
6.005	1.04804	5.02339	1.17593	0.487489	-0.435403
6.01	1.04611	5.028	1.1735	0.488984	-0.435904
6.015	1.04416	5.0326	1.17105	0.490483	-0.436395
6.02	1.0422	5.0372	1.1686	0.491985	-0.436877
6.025	1.04023	5.0418	1.16614	0.493492	-0.437349
6.03	1.03825	5.04639	1.16367	0.495002	-0.437811
6.035	1.03626	5.05098	1.1612	0.496517	-0.438264
6.04	1.03426	5.05556	1.15871	0.498035	-0.438707
6.045	1.03225	5.06013	1.15622	0.499557	-0.439141
6.05	1.03022	5.06471	1.15373	0.501083	-0.439564
6.055	1.02818	5.06927	1.15122	0.502613	-0.439978
6.06	1.02614	5.07383	1.14871	0.504147	-0.440382
6.065	1.02408	5.07839	1.14619	0.505685	-0.440776
6.07	1.022	5.08294	1.14366	0.507227	-0.441161
6.075	1.01992	5.08749	1.14112	0.508773	-0.441535
6.08	1.01783	5.09203	1.13858	0.510323	-0.441899
6.085	1.01572	5.09656	1.13603	0.511877	-0.442253
6.09	1.0136	5.10109	1.13347	0.513435	-0.442597
6.095	1.01147	5.10561	1.1309	0.514997	-0.442931
6.1	1.00933	5.11013	1.12832	0.516562	-0.443254
6.105	1.00718	5.11465	1.12574	0.518132	-0.443567
6.11	1.00502	5.11915	1.12315	0.519706	-0.44387
6.115	1.00284	5.12365	1.12055	0.521284	-0.444163
6.12	1.00065	5.12815	1.11795	0.522866	-0.444445
6.125	0.998453	5.13264	1.11533	0.524453	-0.444717
6.13	0.996242	5.13713	1.11271	0.526043	-0.444978
6.135	0.994019	5.1416	1.11008	0.527637	-0.445229
6.14	0.991784	5.14608	1.10744	0.529236	-0.445469
6.145	0.989538	5.15054	1.1048	0.530838	-0.445698
6.15	0.987279	5.155	1.10214	0.532445	-0.445917
6.155	0.985009	5.15946	1.09948	0.534056	-0.446125
6.16	0.982727	5.16391	1.09681	0.535671	-0.446322
6.165	0.980433	5.16835	1.09413	0.53729	-0.446508
6.17	0.978127	5.17279	1.09144	0.538914	-0.446684
6.175	0.975809	5.17722	1.08875	0.540541	-0.446848
6.18	0.973479	5.18164	1.08605	0.542173	-0.447002
6.185	0.971137	5.18606	1.08334	0.543809	-0.447145
6.19	0.968783	5.19047	1.08062	0.54545	-0.447276
6.195	0.966417	5.19488	1.07789	0.547094	-0.447397
6.2	0.964039	5.19927	1.07515	0.548743	-0.447506
6.205	0.961649	5.20367	1.07241	0.550396	-0.447604
6.21	0.959247	5.20805	1.06966	0.552054	-0.447691
6.215	0.956833	5.21243	1.0669	0.553716	-0.447766
6.22	0.954406	5.2168	1.06413	0.555382	-0.447831
6.225	0.951968	5.22117	1.06135	0.557052	-0.447884
6.23	0.949517	5.22552	1.05857	0.558727	-0.447925
6.235	0.947054	5.22988	1.05577	0.560407	-0.447955
6.24	0.944579	5.23422	1.05297	0.56209	-0.447974
6.245	0.942092	5.23856	1.05016	0.563779	-0.447981
6.25	0.939593	5.24289	1.04734	0.565471	-0.447976
6.255	0.937081	5.24721	1.04451	0.567168	-0.44796
6.26	0.934557	5.25153	1.04168	0.56887	-0.447932
6.265	0.932021	5.25584	1.03883	0.570576	-0.447892
6.27	0.929473	5.26014	1.03598	0.572287	-0.447841
6.275	0.926912	5.26443	1.03312	0.574002	-0.447777
6.28	0.924339	5.26872	1.03025	0.575722	-0.447702
6.285	0.921754	5.273	1.02737	0.577446	-0.447615
6.29	0.919156	5.27727	1.02448	0.579175	-0.447516
6.295	0.916546	5.28154	1.02159	0.580908	-0.447405
6.3	0.913924	5.28579	1.01868	0.582647	-0.447282
6.305	0.911289	5.29004	1.01577	0.58439	-0.447147
6.31	0.908642	5.29429	1.01285	0.586137	-0.447
6.315	0.905982	5.29852	1.00992	0.58789	-0.44684
6.32	0.90331	5.30275	1.00698	0.589647	-0.446669
6.325	0.900625	5.30696	1.00403	0.591409	-0.446485
6.33	0.897928	5.31117	1.00107	0.593175	-0.446289
6.335	0.895219	5.31538	0.998107	0.594947	-0.44608
6.34	0.892497	5.31957	0.995133	0.596723	-0.445859
6.345	0.889762	5.32376	0.992149	0.598505	-0.445626
6.35	0.887015	5.32793	0.989157	0.600291	-0.44538
6.355	0.884256	5.3321	0.986155	0.602082	-0.445122
6.36	0.881484	5.33626	0.983145	0.603878	-0.444851
6.365	0.878699	5.34042	0.980125	0.605679	-0.444568
6.37	0.875902	5.34456	0.977097	0.607485	-0.444272
6.375	0.873092	5.3487	0.974059	0.609296	-0.443963
6.38	0.87027	5.35283	0.971013	0.611112	-0.443641
6.385	0.867435	5.35694	0.967957	0.612934	-0.443307
6.39	0.864588	5.36105	0.964893	0.61476	-0.44296
6.395	0.861728	5.36516	0.961819	0.616592	-0.4426
6.4	0.858855	5.36925	0.958736	0.618428	-0.442228
6.405	0.855969	5.37333	0.955644	0.62027	-0.441842
6.41	0.853071	5.37741	0.952543	0.622118	-0.441443
6.415	0.850161	5.38147	0.949432	0.62397	-0.441031
6.42	0.847237	5.38553	0.946312	0.625828	-0.440607
6.425	0.844301	5.38957	0.943183	0.627692	-0.440169
6.43	0.841352	5.39361	0.940044	0.62956	-0.439718
6.435	0.838391	5.39764	0.936897	0.631435	-0.439254
6.44	0.835417	5.40166	0.93374	0.633314	-0.438777
6.445	0.83243	5.40567	0.930573	0.6352	-0.438286
6.45	0.82943	5.40967	0.927397	0.63709	-0.437782
6.455	0.826418	5.41366	0.924211	0.638987	-0.437265
6.46	0.823393	5.41764	0.921017	0.640889	-0.436735
6.465	0.820355	5.42161	0.917812	0.642796	-0.436191
6.47	0.817305	5.42557	0.914598	0.64471	-0.435633
6.475	0.814241	5.42953	0.911375	0.646629	-0.435062
6.48	0.811165	5.43347	0.908141	0.648554	-0.434478
6.485	0.808076	5.4374	0.904899	0.650485	-0.43388
6.49	0.804975	5.44132	0.901646	0.652422	-0.433269
6.495	0.80186	5.44523	0.898384	0.654364	-0.432643
6.5	0.798733	5.44914	0.895112	0.656313	-0.432005
6.505	0.795593	5.45303	0.891831	0.658268	-0.431352
6.51	0.792441	5.45691	0.888539	0.660228	-0.430686
6.515	0.789275	5.46078	0.885238	0.662195	-0.430006
6.52	0.786097	5.46464	0.881927	0.664169	-0.429312
6.525	0.782906	5.46849	0.878606	0.666148	-0.428604
6.53	0.779702	5.47232	0.875276	0.668134	-0.427883
6.535	0.776485	5.47615	0.871935	0.670126	-0.427147
6.54	0.773255	5.47997	0.868584	0.672124	-0.426398
6.545	0.770013	5.48378	0.865224	0.674129	-0.425634
6.55	0.766758	5.48757	0.861853	0.676141	-0.424857
6.555	0.76349	5.49136	0.858472	0.678159	-0.424065
6.56	0.760209	5.49513	0.855082	0.680183	-0.42326
6.565	0.756916	5.49889	0.851681	0.682215	-0.42244
6.57	0.753609	5.50264	0.84827	0.684253	-0.421606
6.575	0.75029	5.50638	0.844848	0.686298	-0.420758
6.58	0.746958	5.51011	0.841417	0.68835	-0.419895
6.585	0.743613	5.51383	0.837975	0.690408	-0.419019
6.59	0.740255	5.51753	0.834523	0.692474	-0.418128
6.595	0.736885	5.52122	0.831061	0.694547	-0.417222
6.6	0.733502	5.5249	0.827588	0.696627	-0.416303
6.605	0.730106	5.52857	0.824105	0.698714	-0.415369
6.61	0.726697	5.53223	0.820611	0.700809	-0.41442
6.615	0.723275	5.53588	0.817107	0.702911	-0.413457
6.62	0.719841	5.53951	0.813593	0.70502	-0.41248
6.625	0.716393	5.54313	0.810068	0.707137	-0.411488
6.63	0.712933	5.54674	0.806532	0.709262	-0.410481
6.635	0.70946	5.55034	0.802986	0.711394	-0.40946
6.64	0.705975	5.55392	0.799429	0.713534	-0.408425
6.645	0.702477	5.5575	0.795861	0.715682	-0.407374
6.65	0.698965	5.56106	0.792283	0.717838	-0.406309
6.655	0.695442	5.5646	0.788693	0.720002	-0.405229
6.66	0.691905	5.56814	0.785093	0.722174	-0.404135
6.665	0.688356	5.57166	0.781482	0.724354	-0.403026
6.67	0.684794	5.57517	0.777861	0.726543	-0.401901
6.675	0.681219	5.57866	0.774228	0.72874	-0.400763
6.68	0.677631	5.58215	0.770584	0.730945	-0.399609
6.685	0.674031	5.58562	0.76693	0.733159	-0.39844
6.69	0.670418	5.58907	0.763264	0.735382	-0.397257
6.695	0.666792	5.59252	0.759587	0.737614	-0.396058
6.7	0.663154	5.59595	0.755899	0.739854	-0.394845
6.705	0.659503	5.59936	0.7522	0.742104	-0.393616
6.71	0.65584	5.60277	0.748489	0.744363	-0.392373
6.715	0.652163	5.60615	0.744767	0.746631	-0.391114
6.72	0.648475	5.60953	0.741034	0.748908	-0.389841
6.725	0.644773	5.61289	0.737289	0.751195	-0.388552
6.73	0.641059	5.61624	0.733534	0.753491	-0.387248
6.735	0.637332	5.61957	0.729766	0.755798	-0.385929
6.74	0.633593	5.62289	0.725987	0.758114	-0.384595
6.745	0.629841	5.6262	0.722197	0.76044	-0.383246
6.75	0.626077	5.62949	0.718394	0.762776	-0.381881
6.755	0.6223	5.63276	0.71458	0.765123	-0.380501
6.76	0.618511	5.63603	0.710755	0.76748	-0.379106
6.765	0.614709	5.63927	0.706917	0.769847	-0.377695
6.77	0.610895	5.64251	0.703068	0.772226	-0.37627
6.775	0.607068	5.64572	0.699207	0.774615	-0.374828
6.78	0.603229	5.64893	0.695334	0.777015	-0.373372
6.785	0.599377	5.65212	0.691449	0.779426	-0.3719
6.79	0.595513	5.65529	0.687552	0.781849	-0.370413
6.795	0.591637	5.65845	0.683643	0.784283	-0.36891
6.8	0.587748	5.66159	0.679721	0.786729	-0.367391
6.805	0.583847	5.66472	0.675787	0.789187	-0.365858
6.81	0.579934	5.66783	0.671842	0.791657	-0.364308
6.815	0.576008	5.67093	0.667883	0.794139	-0.362743
6.82	0.57207	5.67401	0.663913	0.796633	-0.361163
6.825	0.56812	5.67707	0.659929	0.799141	-0.359567
6.83	0.564157	5.68012	0.655934	0.801661	-0.357955
6.835	0.560183	5.68316	0.651925	0.804194	-0.356328
6.84	0.556196	5.68617	0.647904	0.80674	-0.354685
6.845	0.552197	5.68917	0.643871	0.8093	-0.353026
6.85	0.548186	5.69216	0.639824	0.811873	-0.351352
6.855	0.544163	5.69513	0.635765	0.81446	-0.349662
6.86	0.540128	5.69808	0.631693	0.817062	-0.347956
6.865	0.536081	5.70102	0.627607	0.819678	-0.346235
6.87	0.532022	5.70394	0.623509	0.822308	-0.344497
6.875	0.52795	5.70684	0.619397	0.824953	-0.342744
6.88	0.523867	5.70973	0.615273	0.827614	-0.340975
6.885	0.519772	5.71259	0.611134	0.83029	-0.33919
6.89	0.515665	5.71545	0.606983	0.832982	-0.337389
6.895	0.511547	5.71828	0.602818	0.835689	-0.335573
6.9	0.507416	5.7211	0.59864	0.838413	-0.33374
6.905	0.503274	5.7239	0.594448	0.841154	-0.331891
6.91	0.49912	5.72668	0.590242	0.843911	-0.330027
6.915	0.494954	5.72945	0.586022	0.846686	-0.328146
6.92	0.490777	5.7322	0.581789	0.849478	-0.32625
6.925	0.486588	5.73492	0.577541	0.852289	-0.324337
6.93	0.482387	5.73764	0.57328	0.855117	-0.322409
6.935	0.478175	5.74033	0.569004	0.857964	-0.320464
6.94	0.473951	5.74301	0.564715	0.86083	-0.318503
6.945	0.469716	5.74566	0.56041	0.863715	-0.316526
6.95	0.465469	5.7483	0.556092	0.866621	-0.314533
6.955	0.461211	5.75092	0.551759	0.869546	-0.312523
6.96	0.456942	5.75353	0.547411	0.872492	-0.310498
6.965	0.452661	5.75611	0.543049	0.875459	-0.308456
6.97	0.448369	5.75868	0.538671	0.878447	-0.306398
6.975	0.444066	5.76122	0.534279	0.881458	-0.304324
6.98	0.439752	5.76375	0.529872	0.884491	-0.302233
6.985	0.435426	5.76626	0.525449	0.887547	-0.300126
6.99	0.43109	5.76875	0.521012	0.890626	-0.298003
6.995	0.426742	5.77122	0.516558	0.89373	-0.295863
7	0.422384	5.77367	0.51209	0.896857	-0.293707
7.005	0.418014	5.7761	0.507606	0.900011	-0.291534
7.01	0.413634	5.77851	0.503105	0.903189	-0.289345
7.015	0.409242	5.7809	0.49859	0.906394	-0.287139
7.02	0.40484	5.78327	0.494058	0.909627	-0.284917
7.025	0.400427	5.78562	0.489509	0.912886	-0.282678
7.03	0.396004	5.78795	0.484945	0.916174	-0.280423
7.035	0.39157	5.79026	0.480364	0.919492	-0.278151
7.04	0.387125	5.79255	0.475767	0.922839	-0.275862
7.045	0.38267	5.79482	0.471152	0.926216	-0.273557
7.05	0.378204	5.79707	0.466521	0.929625	-0.271235
7.055	0.373728	5.7993	0.461873	0.933066	-0.268896
7.06	0.369242	5.8015	0.457208	0.93654	-0.26654
7.065	0.364745	5.80369	0.452525	0.940048	-0.264167
7.07	0.360238	5.80586	0.447825	0.943591	-0.261777
7.075	0.355721	5.808	0.443107	0.947169	-0.25937
7.08	0.351194	5.81012	0.438371	0.950785	-0.256947
7.085	0.346656	5.81222	0.433617	0.954439	-0.254506
7.09	0.342109	5.8143	0.428845	0.958131	-0.252048
7.095	0.337552	5.81636	0.424054	0.961864	-0.249573
7.1	0.332985	5.81839	0.419245	0.965638	-0.24708
7.105	0.328408	5.82041	0.414417	0.969455	-0.244571
7.11	0.323822	5.8224	0.40957	0.973315	-0.242043
7.115	0.319226	5.82437	0.404703	0.977222	-0.239499
7.12	0.31462	5.82631	0.399817	0.981174	-0.236937
7.125	0.310005	5.82824	0.394911	0.985176	-0.234357
7.13	0.30538	5.83014	0.389985	0.989227	-0.23176
7.135	0.300746	5.83202	0.385039	0.993329	-0.229145
7.14	0.296103	5.83387	0.380072	0.997485	-0.226512
7.145	0.291451	5.8357	0.375085	1.0017	-0.223862
7.15	0.286789	5.83751	0.370077	1.00596	-0.221193
7.155	0.282119	5.8393	0.365047	1.01029	-0.218506
7.16	0.277439	5.84106	0.359995	1.01468	-0.215802
7.165	0.272751	5.8428	0.354922	1.01913	-0.213079
7.17	0.268054	5.84451	0.349826	1.02365	-0.210337
7.175	0.263348	5.8462	0.344708	1.02824	-0.207577
7.18	0.258633	5.84786	0.339567	1.0329	-0.204799
7.185	0.25391	5.8495	0.334402	1.03763	-0.202001
7.19	0.249179	5.85112	0.329214	1.04244	-0.199185
7.195	0.244439	5.85271	0.324002	1.04732	-0.19635
7.2	0.239691	5.85428	0.318765	1.0523	-0.193496
7.205	0.234935	5.85582	0.313504	1.05736	-0.190623
7.21	0.23017	5.85734	0.308217	1.06251	-0.18773
7.215	0.225398	5.85883	0.302904	1.06775	-0.184817
7.22	0.220618	5.8603	0.297566	1.0731	-0.181885
7.225	0.215829	5.86174	0.2922	1.07855	-0.178933
7.23	0.211034	5.86315	0.286808	1.0841	-0.175961
7.235	0.20623	5.86454	0.281387	1.08978	-0.172968
7.24	0.201419	5.8659	0.275938	1.09557	-0.169955
7.245	0.196601	5.86724	0.27046	1.10149	-0.166921
7.25	0.191776	5.86855	0.264953	1.10754	-0.163866
7.255	0.186943	5.86983	0.259415	1.11373	-0.160789
7.26	0.182103	5.87109	0.253846	1.12008	-0.157692
7.265	0.177257	5.87231	0.248246	1.12657	-0.154572
7.27	0.172403	5.87351	0.242613	1.13324	-0.15143
7.275	0.167543	5.87469	0.236947	1.14008	-0.148266
7.28	0.162676	5.87583	0.231247	1.14711	-0.145079
7.285	0.157802	5.87695	0.225511	1.15433	-0.141869
7.29	0.152923	5.87804	0.219739	1.16177	-0.138636
7.295	0.148037	5.8791	0.213931	1.16944	-0.135379
7.3	0.143144	5.88014	0.208083	1.17735	-0.132097
7.305	0.138246	5.88114	0.202197	1.18552	-0.128791
7.31	0.133342	5.88212	0.196269	1.19398	-0.12546
7.315	0.128433	5.88306	0.190299	1.20274	-0.122104
7.32	0.123517	5.88398	0.184285	1.21183	-0.118721
7.325	0.118596	5.88486	0.178226	1.22128	-0.115312
7.33	0.11367	5.88572	0.17212	1.23112	-0.111875
7.335	0.108739	5.88655	0.165964	1.2414	-0.108412
7.34	0.103803	5.88734	0.159757	1.25214	-0.10492
7.345	0.0988614	5.88811	0.153496	1.26341	-0.101399
7.35	0.0939155	5.88884	0.147179	1.27527	-0.0978499
7.355	0.088965	5.88954	0.140803	1.28777	-0.0942708
7.36	0.0840101	5.89021	0.134364	1.30101	-0.0906618
7.365	0.0790509	5.89085	0.127859	1.31509	-0.0870227
7.37	0.0740876	5.89145	0.121284	1.33013	-0.0833535
7.375	0.0691204	5.89203	0.114633	1.34628	-0.0796544
7.38	0.0641495	5.89256	0.107902	1.36373	-0.0759262
7.385	0.059175	5.89307	0.101083	1.38274	-0.0721705
7.39	0.0541972	5.89354	0.0941693	1.40363	-0.0683902
7.395	0.0492161	5.89397	0.0871512	1.42686	-0.06459
7.4	0.0442321	5.89437	0.0800169	1.45305	-0.0607779
7.405	0.0392454	5.89474	0.0727516	1.48314	-0.0569677
7.41	0.034256	5.89506	0.0653359	1.51856	-0.0531829
7.415	0.0292644	5.89535	0.0577431	1.5617	-0.0494662
7.42	0.0242706	5.8956	0.0499346	1.61692	-0.0458993
7.425	0.019275	5.89581	0.04185	1.69309	-0.0426533
7.43	0.0142778	5.89598	0.0333846	1.81181	-0.040141
7.435	0.00927924	5.8961	0.0243255	2.04134	-0.0396215
7.44	0.00427974	5.89617	0.0141188	2.72544	-0.0473536
7.445	-0.000720257	5.89617	0.000491617	9.41539	-0.250514
