descriptor s_test R_test Z_test
0	1.65729	9.99999e-006	0.002	-0.401951	-0.00161612
0.005	1.65229	3.00487e-005	0.00400976	-0.403905	-0.00324838
0.01	1.64729	6.0195e-005	0.00602928	-0.405862	-0.00489679
0.015	1.64229	0.000100487	0.00805859	-0.407823	-0.00656136
0.02	1.63729	0.000150975	0.0100977	-0.409786	-0.0082421
0.025	1.63229	0.000211707	0.0121466	-0.411752	-0.00993904
0.03	1.62729	0.000282731	0.0142054	-0.413722	-0.0116522
0.035	1.62229	0.000364098	0.016274	-0.415695	-0.0133815
0.04	1.61729	0.000455855	0.0183525	-0.417672	-0.0151271
0.045	1.61229	0.000558052	0.0204408	-0.419652	-0.0168889
0.05	1.6073	0.000670738	0.0225391	-0.421636	-0.018667
0.055	1.6023	0.000793962	0.0246473	-0.423623	-0.0204613
0.06	1.5973	0.000927773	0.0267654	-0.425614	-0.0222719
0.065	1.5923	0.00107222	0.0288935	-0.427609	-0.0240988
0.07	1.5873	0.00122735	0.0310315	-0.429608	-0.025942
0.075	1.58231	0.00139322	0.0331796	-0.431611	-0.0278015
0.08	1.57731	0.00156987	0.0353376	-0.433619	-0.0296773
0.085	1.57231	0.00175736	0.0375057	-0.43563	-0.0315694
0.09	1.56732	0.00195572	0.0396839	-0.437646	-0.0334779
0.095	1.56232	0.00216502	0.0418721	-0.439666	-0.0354027
0.1	1.55733	0.0023853	0.0440704	-0.441691	-0.0373439
0.105	1.55233	0.00261662	0.0462789	-0.44372	-0.0393015
0.11	1.54734	0.00285901	0.0484975	-0.445754	-0.0412754
0.115	1.54234	0.00311253	0.0507262	-0.447792	-0.0432658
0.12	1.53735	0.00337723	0.0529652	-0.449836	-0.0452725
0.125	1.53236	0.00365316	0.0552144	-0.451885	-0.0472957
0.13	1.52737	0.00394037	0.0574738	-0.453938	-0.0493352
0.135	1.52238	0.00423891	0.0597435	-0.455997	-0.0513912
0.14	1.51738	0.00454883	0.0620235	-0.458061	-0.0534637
0.145	1.5124	0.00487018	0.0643138	-0.460131	-0.0555526
0.15	1.50741	0.00520301	0.0666144	-0.462206	-0.0576579
0.155	1.50242	0.00554736	0.0689255	-0.464286	-0.0597797
0.16	1.49743	0.00590329	0.0712469	-0.466372	-0.061918
0.165	1.49244	0.00627086	0.0735787	-0.468464	-0.0640727
0.17	1.48746	0.0066501	0.0759211	-0.470562	-0.0662439
0.175	1.48247	0.00704107	0.0782739	-0.472666	-0.0684317
0.18	1.47749	0.00744382	0.0806372	-0.474776	-0.0706359
0.185	1.47251	0.00785839	0.0830111	-0.476893	-0.0728567
0.19	1.46753	0.00828485	0.0853956	-0.479015	-0.0750939
0.195	1.46254	0.00872324	0.0877906	-0.481145	-0.0773477
0.2	1.45757	0.00917361	0.0901964	-0.48328	-0.079618
0.205	1.45259	0.00963602	0.0926128	-0.485423	-0.0819049
0.21	1.44761	0.0101105	0.0950399	-0.487572	-0.0842083
0.215	1.44263	0.0105971	0.0974777	-0.489728	-0.0865283
0.22	1.43766	0.0110959	0.0999264	-0.491892	-0.0888648
0.225	1.43268	0.011607	0.102386	-0.494062	-0.0912179
0.23	1.42771	0.0121303	0.104856	-0.49624	-0.0935875
0.235	1.42274	0.0126659	0.107337	-0.498425	-0.0959737
0.24	1.41777	0.013214	0.109829	-0.500618	-0.0983765
0.245	1.4128	0.0137745	0.112333	-0.502819	-0.100796
0.25	1.40783	0.0143474	0.114847	-0.505027	-0.103232
0.255	1.40287	0.0149329	0.117372	-0.507243	-0.105684
0.26	1.39791	0.015531	0.119908	-0.509468	-0.108154
0.265	1.39294	0.0161418	0.122455	-0.5117	-0.110639
0.27	1.38798	0.0167652	0.125014	-0.513941	-0.113142
0.275	1.38302	0.0174014	0.127584	-0.516191	-0.115661
0.28	1.37806	0.0180504	0.130165	-0.518449	-0.118197
0.285	1.37311	0.0187122	0.132757	-0.520716	-0.120749
0.29	1.36815	0.019387	0.13536	-0.522991	-0.123318
0.295	1.3632	0.0200747	0.137975	-0.525276	-0.125903
0.3	1.35825	0.0207754	0.140602	-0.52757	-0.128505
0.305	1.3533	0.0214891	0.14324	-0.529874	-0.131124
0.31	1.34836	0.022216	0.145889	-0.532187	-0.133759
0.315	1.34341	0.022956	0.14855	-0.53451	-0.136412
0.32	1.33847	0.0237092	0.151222	-0.536842	-0.13908
0.325	1.33353	0.0244757	0.153907	-0.539185	-0.141766
0.33	1.32859	0.0252555	0.156603	-0.541537	-0.144468
0.335	1.32365	0.0260487	0.15931	-0.5439	-0.147186
0.34	1.31872	0.0268553	0.16203	-0.546273	-0.149921
0.345	1.31378	0.0276754	0.164761	-0.548657	-0.152673
0.35	1.30885	0.028509	0.167504	-0.551052	-0.155442
0.355	1.30393	0.0293562	0.17026	-0.553458	-0.158227
0.36	1.299	0.030217	0.173027	-0.555875	-0.161029
0.365	1.29408	0.0310916	0.175806	-0.558303	-0.163848
0.37	1.28916	0.0319798	0.178598	-0.560742	-0.166683
0.375	1.28424	0.0328818	0.181401	-0.563193	-0.169535
0.38	1.27932	0.0337977	0.184217	-0.565656	-0.172403
0.385	1.27441	0.0347275	0.187046	-0.568131	-0.175288
0.39	1.2695	0.0356713	0.189886	-0.570618	-0.17819
0.395	1.26459	0.036629	0.192739	-0.573118	-0.181108
0.4	1.25969	0.0376008	0.195605	-0.57563	-0.184043
0.405	1.25479	0.0385867	0.198483	-0.578155	-0.186995
0.41	1.24989	0.0395868	0.201374	-0.580693	-0.189963
0.415	1.24499	0.0406011	0.204277	-0.583243	-0.192948
0.42	1.2401	0.0416297	0.207194	-0.585808	-0.19595
0.425	1.23521	0.0426726	0.210123	-0.588385	-0.198968
0.43	1.23032	0.0437298	0.213065	-0.590976	-0.202003
0.435	1.22544	0.0448016	0.21602	-0.593582	-0.205054
0.44	1.22056	0.0458878	0.218987	-0.596201	-0.208122
0.445	1.21568	0.0469885	0.221968	-0.598835	-0.211207
0.45	1.21081	0.0481039	0.224963	-0.601483	-0.214308
0.455	1.20594	0.0492339	0.22797	-0.604146	-0.217426
0.46	1.20107	0.0503786	0.230991	-0.606824	-0.22056
0.465	1.19621	0.0515381	0.234025	-0.609517	-0.223711
0.47	1.19135	0.0527123	0.237072	-0.612225	-0.226879
0.475	1.18649	0.0539015	0.240134	-0.614949	-0.230063
0.48	1.18164	0.0551056	0.243208	-0.617689	-0.233263
0.485	1.17679	0.0563247	0.246297	-0.620444	-0.23648
0.49	1.17194	0.0575588	0.249399	-0.623217	-0.239714
0.495	1.1671	0.058808	0.252515	-0.626005	-0.242964
0.5	1.16226	0.0600723	0.255645	-0.62881	-0.246231
0.505	1.15743	0.0613519	0.258789	-0.631633	-0.249514
0.51	1.1526	0.0626467	0.261947	-0.634472	-0.252813
0.515	1.14777	0.0639568	0.26512	-0.637329	-0.256129
0.52	1.14295	0.0652823	0.268306	-0.640204	-0.259462
0.525	1.13814	0.0666232	0.271507	-0.643097	-0.26281
0.53	1.13332	0.0679796	0.274723	-0.646007	-0.266176
0.535	1.12852	0.0693516	0.277953	-0.648937	-0.269557
0.54	1.12371	0.0707391	0.281198	-0.651884	-0.272955
0.545	1.11891	0.0721423	0.284457	-0.654851	-0.276369
0.55	1.11412	0.0735612	0.287731	-0.657837	-0.2798
0.555	1.10933	0.0749958	0.29102	-0.660843	-0.283247
0.56	1.10454	0.0764463	0.294325	-0.663868	-0.28671
0.565	1.09976	0.0779126	0.297644	-0.666914	-0.290189
0.57	1.09499	0.0793949	0.300979	-0.669979	-0.293685
0.575	1.09022	0.0808932	0.304328	-0.673065	-0.297196
0.58	1.08545	0.0824075	0.307694	-0.676172	-0.300724
0.585	1.08069	0.0839379	0.311075	-0.6793	-0.304268
0.59	1.07594	0.0854844	0.314471	-0.68245	-0.307828
0.595	1.07119	0.0870472	0.317883	-0.685621	-0.311405
0.6	1.06644	0.0886263	0.321311	-0.688814	-0.314997
0.605	1.06171	0.0902217	0.324756	-0.692029	-0.318605
0.61	1.05697	0.0918334	0.328216	-0.695267	-0.322229
0.615	1.05225	0.0934617	0.331692	-0.698527	-0.325869
0.62	1.04752	0.0951064	0.335185	-0.701811	-0.329525
0.625	1.04281	0.0967676	0.338694	-0.705118	-0.333197
0.63	1.0381	0.0984455	0.342219	-0.708449	-0.336885
0.635	1.03339	0.10014	0.345762	-0.711804	-0.340588
0.64	1.0287	0.101851	0.349321	-0.715184	-0.344307
0.645	1.024	0.103579	0.352896	-0.718588	-0.348042
0.65	1.01932	0.105324	0.356489	-0.722017	-0.351792
0.655	1.01464	0.107086	0.3601	-0.725471	-0.355558
0.66	1.00997	0.108865	0.363727	-0.728951	-0.35934
0.665	1.0053	0.110661	0.367372	-0.732456	-0.363136
0.67	1.00064	0.112474	0.371034	-0.735988	-0.366949
0.675	0.995987	0.114304	0.374714	-0.739547	-0.370776
0.68	0.99134	0.116151	0.378412	-0.743132	-0.374619
0.685	0.986701	0.118016	0.382127	-0.746745	-0.378477
0.69	0.982069	0.119897	0.385861	-0.750385	-0.38235
0.695	0.977443	0.121796	0.389613	-0.754053	-0.386238
0.7	0.972825	0.123713	0.393383	-0.757749	-0.390141
0.705	0.968215	0.125647	0.397172	-0.761474	-0.394059
0.71	0.963611	0.127599	0.400979	-0.765228	-0.397992
0.715	0.959015	0.129568	0.404805	-0.769011	-0.40194
0.72	0.954427	0.131555	0.40865	-0.772823	-0.405902
0.725	0.949846	0.133559	0.412515	-0.776665	-0.409879
0.73	0.945274	0.135582	0.416398	-0.780538	-0.41387
0.735	0.940709	0.137622	0.420301	-0.784441	-0.417876
0.74	0.936152	0.13968	0.424223	-0.788376	-0.421896
0.745	0.931603	0.141756	0.428165	-0.792341	-0.42593
0.75	0.927063	0.14385	0.432126	-0.796338	-0.429978
0.755	0.922531	0.145962	0.436108	-0.800367	-0.434041
0.76	0.918007	0.148092	0.44011	-0.804429	-0.438117
0.765	0.913492	0.150241	0.444132	-0.808523	-0.442206
0.77	0.908986	0.152407	0.448175	-0.81265	-0.44631
0.775	0.904489	0.154592	0.452238	-0.816811	-0.450427
0.78	0.900001	0.156795	0.456322	-0.821005	-0.454557
0.785	0.895521	0.159017	0.460427	-0.825233	-0.4587
0.79	0.891051	0.161257	0.464553	-0.829496	-0.462857
0.795	0.88659	0.163516	0.468701	-0.833794	-0.467026
0.8	0.882139	0.165793	0.47287	-0.838127	-0.471208
0.805	0.877697	0.168089	0.47706	-0.842495	-0.475403
0.81	0.873265	0.170403	0.481273	-0.846899	-0.47961
0.815	0.868843	0.172737	0.485507	-0.851339	-0.48383
0.82	0.864431	0.175089	0.489764	-0.855815	-0.488061
0.825	0.860029	0.17746	0.494043	-0.860329	-0.492305
0.83	0.855637	0.179849	0.498345	-0.864879	-0.49656
0.835	0.851255	0.182258	0.502669	-0.869467	-0.500827
0.84	0.846884	0.184686	0.507016	-0.874093	-0.505105
0.845	0.842524	0.187133	0.511387	-0.878757	-0.509394
0.85	0.838174	0.189599	0.515781	-0.88346	-0.513695
0.855	0.833836	0.192084	0.520198	-0.888201	-0.518006
0.86	0.829508	0.194589	0.524639	-0.892981	-0.522327
0.865	0.825192	0.197113	0.529104	-0.8978	-0.526659
0.87	0.820887	0.199656	0.533593	-0.90266	-0.531001
0.875	0.816594	0.202218	0.538106	-0.907559	-0.535352
0.88	0.812312	0.2048	0.542644	-0.912498	-0.539713
0.885	0.808042	0.207402	0.547206	-0.917478	-0.544084
0.89	0.803784	0.210023	0.551794	-0.922498	-0.548463
0.895	0.799538	0.212664	0.556406	-0.92756	-0.552851
0.9	0.795305	0.215324	0.561044	-0.932663	-0.557247
0.905	0.791084	0.218004	0.565707	-0.937807	-0.561652
0.91	0.786875	0.220704	0.570396	-0.942993	-0.566064
0.915	0.78268	0.223424	0.575111	-0.94822	-0.570484
0.92	0.778497	0.226163	0.579852	-0.95349	-0.574911
0.925	0.774327	0.228923	0.58462	-0.958802	-0.579344
0.93	0.770171	0.231702	0.589414	-0.964157	-0.583784
0.935	0.766028	0.234501	0.594235	-0.969554	-0.58823
0.94	0.761899	0.237321	0.599082	-0.974994	-0.592682
0.945	0.757783	0.24016	0.603957	-0.980477	-0.597139
0.95	0.753682	0.24302	0.60886	-0.986002	-0.601601
0.955	0.749595	0.2459	0.61379	-0.991571	-0.606067
0.96	0.745522	0.2488	0.618748	-0.997183	-0.610538
0.965	0.741463	0.25172	0.623734	-1.00284	-0.615012
0.97	0.737419	0.254661	0.628748	-1.00854	-0.619489
0.975	0.73339	0.257622	0.633791	-1.01428	-0.623969
0.98	0.729376	0.260603	0.638862	-1.02006	-0.628451
0.985	0.725378	0.263605	0.643962	-1.02589	-0.632935
0.99	0.721395	0.266627	0.649092	-1.03176	-0.63742
0.995	0.717427	0.26967	0.65425	-1.03767	-0.641905
1	0.713475	0.272734	0.659439	-1.04363	-0.646391
1.005	0.70954	0.275818	0.664657	-1.04963	-0.650877
1.01	0.70562	0.278922	0.669905	-1.05567	-0.655361
1.015	0.701717	0.282047	0.675184	-1.06176	-0.659844
1.02	0.697831	0.285193	0.680492	-1.06788	-0.664324
1.025	0.693962	0.28836	0.685832	-1.07405	-0.668802
1.03	0.690109	0.291547	0.691202	-1.08026	-0.673277
1.035	0.686274	0.294755	0.696603	-1.08651	-0.677747
1.04	0.682456	0.297984	0.702036	-1.0928	-0.682212
1.045	0.678656	0.301234	0.7075	-1.09913	-0.686672
1.05	0.674874	0.304504	0.712995	-1.1055	-0.691126
1.055	0.671111	0.307796	0.718523	-1.11191	-0.695573
1.06	0.667365	0.311108	0.724083	-1.11836	-0.700012
1.065	0.663638	0.314441	0.729674	-1.12485	-0.704443
1.07	0.65993	0.317795	0.735299	-1.13137	-0.708864
1.075	0.656241	0.32117	0.740955	-1.13793	-0.713275
1.08	0.652571	0.324566	0.746645	-1.14453	-0.717676
1.085	0.648921	0.327983	0.752368	-1.15116	-0.722064
1.09	0.64529	0.331421	0.758124	-1.15782	-0.72644
1.095	0.641679	0.334879	0.763913	-1.16452	-0.730802
1.1	0.638089	0.338359	0.769735	-1.17125	-0.73515
1.105	0.634519	0.34186	0.775592	-1.17802	-0.739483
1.11	0.630969	0.345381	0.781482	-1.18481	-0.743798
1.115	0.627441	0.348924	0.787406	-1.19163	-0.748097
1.12	0.623934	0.352488	0.793364	-1.19847	-0.752377
1.125	0.620448	0.356072	0.799356	-1.20535	-0.756637
1.13	0.616984	0.359678	0.805383	-1.21225	-0.760877
1.135	0.613541	0.363304	0.811444	-1.21917	-0.765096
1.14	0.610121	0.366951	0.81754	-1.22611	-0.769291
1.145	0.606724	0.37062	0.823671	-1.23307	-0.773463
1.15	0.603349	0.374309	0.829836	-1.24005	-0.777609
1.155	0.599997	0.378019	0.836036	-1.24705	-0.781729
1.16	0.596668	0.381749	0.842271	-1.25406	-0.785822
1.165	0.593362	0.385501	0.848542	-1.26108	-0.789886
1.17	0.590081	0.389273	0.854847	-1.26812	-0.79392
1.175	0.586823	0.393066	0.861188	-1.27516	-0.797922
1.18	0.58359	0.39688	0.867563	-1.28221	-0.801892
1.185	0.580381	0.400715	0.873975	-1.28926	-0.805828
1.19	0.577197	0.40457	0.880421	-1.29631	-0.809729
1.195	0.574037	0.408445	0.886902	-1.30337	-0.813592
1.2	0.570904	0.412341	0.893419	-1.31041	-0.817418
1.205	0.567796	0.416258	0.899971	-1.31745	-0.821203
1.21	0.564713	0.420195	0.906559	-1.32448	-0.824948
1.215	0.561657	0.424152	0.913181	-1.3315	-0.82865
1.22	0.558627	0.42813	0.919839	-1.3385	-0.832308
1.225	0.555624	0.432127	0.926531	-1.34549	-0.83592
1.23	0.552648	0.436145	0.933258	-1.35245	-0.839485
1.235	0.549699	0.440183	0.940021	-1.35938	-0.843001
1.24	0.546778	0.444241	0.946818	-1.36629	-0.846467
1.245	0.543884	0.448318	0.953649	-1.37316	-0.84988
1.25	0.541019	0.452416	0.960515	-1.38	-0.85324
1.255	0.538182	0.456533	0.967415	-1.3868	-0.856544
1.26	0.535373	0.46067	0.974349	-1.39355	-0.859791
1.265	0.532594	0.464826	0.981317	-1.40025	-0.862979
1.27	0.529843	0.469001	0.988318	-1.40691	-0.866107
1.275	0.527122	0.473196	0.995352	-1.4135	-0.869172
1.28	0.524431	0.47741	1.00242	-1.42004	-0.872174
1.285	0.521769	0.481643	1.00952	-1.42651	-0.875109
1.29	0.519138	0.485895	1.01665	-1.43291	-0.877977
1.295	0.516538	0.490165	1.02382	-1.43923	-0.880776
1.3	0.513968	0.494454	1.03101	-1.44548	-0.883503
1.305	0.511429	0.498762	1.03824	-1.45164	-0.886157
1.31	0.508922	0.503088	1.0455	-1.45771	-0.888737
1.315	0.506446	0.507432	1.05279	-1.46369	-0.89124
1.32	0.504002	0.511794	1.06011	-1.46957	-0.893664
1.325	0.501591	0.516174	1.06745	-1.47534	-0.896008
1.33	0.499211	0.520571	1.07483	-1.48101	-0.89827
1.335	0.496864	0.524986	1.08224	-1.48656	-0.900448
1.34	0.494551	0.529419	1.08967	-1.49199	-0.90254
1.345	0.49227	0.533868	1.09713	-1.49729	-0.904545
1.35	0.490022	0.538335	1.10461	-1.50246	-0.906461
1.355	0.487809	0.542818	1.11213	-1.5075	-0.908285
1.36	0.485629	0.547318	1.11966	-1.5124	-0.910017
1.365	0.483483	0.551834	1.12723	-1.51714	-0.911654
1.37	0.481371	0.556366	1.13481	-1.52173	-0.913194
1.375	0.479294	0.560914	1.14242	-1.52617	-0.914637
1.38	0.477252	0.565478	1.15005	-1.53044	-0.91598
1.385	0.475245	0.570057	1.1577	-1.53453	-0.917222
1.39	0.473273	0.574652	1.16538	-1.53846	-0.918361
1.395	0.471336	0.579262	1.17307	-1.5422	-0.919395
1.4	0.469435	0.583886	1.18078	-1.54575	-0.920323
1.405	0.46757	0.588525	1.18851	-1.54911	-0.921144
1.41	0.465741	0.593179	1.19625	-1.55227	-0.921855
1.415	0.463948	0.597846	1.20402	-1.55523	-0.922456
1.42	0.462191	0.602527	1.21179	-1.55798	-0.922946
1.425	0.460471	0.607222	1.21958	-1.56051	-0.923322
1.43	0.458787	0.61193	1.22738	-1.56283	-0.923584
1.435	0.457141	0.616651	1.2352	-1.56492	-0.92373
1.44	0.455531	0.621385	1.24302	-1.56678	-0.923759
1.445	0.453958	0.626131	1.25086	-1.56841	-0.923671
1.45	0.452423	0.63089	1.2587	-1.56979	-0.923463
1.455	0.450925	0.63566	1.26655	-1.57093	-0.923136
1.46	0.449465	0.640442	1.2744	-1.57183	-0.922689
1.465	0.448042	0.645236	1.28226	-1.57247	-0.922119
1.47	0.446657	0.65004	1.29012	-1.57285	-0.921428
1.475	0.44531	0.654855	1.29799	-1.57298	-0.920613
1.48	0.444001	0.659681	1.30585	-1.57284	-0.919675
1.485	0.442729	0.664516	1.31372	-1.57243	-0.918613
1.49	0.441496	0.669362	1.32158	-1.57175	-0.917427
1.495	0.440301	0.674217	1.32944	-1.5708	-0.916116
1.5	0.439144	0.679081	1.33729	-1.56957	-0.914679
1.505	0.438025	0.683954	1.34514	-1.56806	-0.913118
1.51	0.436945	0.688836	1.35298	-1.56627	-0.911431
1.515	0.435903	0.693726	1.36081	-1.5642	-0.909619
1.52	0.434899	0.698625	1.36863	-1.56184	-0.907682
1.525	0.433933	0.70353	1.37644	-1.55919	-0.90562
1.53	0.433006	0.708444	1.38424	-1.55626	-0.903434
1.535	0.432117	0.713364	1.39202	-1.55304	-0.901123
1.54	0.431266	0.718291	1.39978	-1.54952	-0.898688
1.545	0.430453	0.723225	1.40753	-1.54572	-0.89613
1.55	0.429678	0.728164	1.41526	-1.54163	-0.893449
1.555	0.428942	0.73311	1.42297	-1.53725	-0.890647
1.56	0.428244	0.738061	1.43065	-1.53258	-0.887723
1.565	0.427583	0.743017	1.43832	-1.52762	-0.884679
1.57	0.426961	0.747978	1.44596	-1.52237	-0.881517
1.575	0.426376	0.752944	1.45357	-1.51684	-0.878236
1.58	0.425829	0.757914	1.46115	-1.51103	-0.874839
1.585	0.425319	0.762888	1.46871	-1.50493	-0.871326
1.59	0.424847	0.767865	1.47623	-1.49855	-0.867699
1.595	0.424412	0.772846	1.48372	-1.4919	-0.863959
1.6	0.424015	0.77783	1.49118	-1.48498	-0.860108
1.605	0.423654	0.782817	1.49861	-1.47778	-0.856148
1.61	0.42333	0.787807	1.506	-1.47032	-0.852079
1.615	0.423043	0.792799	1.51335	-1.4626	-0.847905
1.62	0.422792	0.797792	1.52066	-1.45461	-0.843626
1.625	0.422578	0.802788	1.52794	-1.44638	-0.839245
1.63	0.4224	0.807785	1.53517	-1.43789	-0.834763
1.635	0.422258	0.812783	1.54236	-1.42916	-0.830183
1.64	0.422151	0.817781	1.5495	-1.42018	-0.825506
1.645	0.422081	0.822781	1.5566	-1.41098	-0.820735
1.65	0.422045	0.827781	1.56366	-1.40154	-0.815871
1.655	0.422044	0.832781	1.57067	-1.39188	-0.810918
1.66	0.422078	0.837781	1.57763	-1.382	-0.805877
1.665	0.422147	0.84278	1.58454	-1.37191	-0.800751
1.67	0.42225	0.847779	1.59139	-1.36161	-0.795542
1.675	0.422387	0.852777	1.5982	-1.35112	-0.790252
1.68	0.422558	0.857774	1.60496	-1.34043	-0.784884
1.685	0.422762	0.86277	1.61166	-1.32955	-0.77944
1.69	0.423	0.867765	1.61831	-1.3185	-0.773923
1.695	0.42327	0.872757	1.6249	-1.30727	-0.768334
1.7	0.423573	0.877748	1.63144	-1.29588	-0.762678
1.705	0.423908	0.882737	1.63792	-1.28433	-0.756955
1.71	0.424276	0.887723	1.64434	-1.27262	-0.751169
1.715	0.424675	0.892707	1.6507	-1.26077	-0.745322
1.72	0.425105	0.897689	1.65701	-1.24878	-0.739417
1.725	0.425567	0.902667	1.66325	-1.23666	-0.733456
1.73	0.426059	0.907643	1.66943	-1.22442	-0.727441
1.735	0.426582	0.912616	1.67555	-1.21206	-0.721376
1.74	0.427135	0.917585	1.68162	-1.19959	-0.715262
1.745	0.427718	0.922551	1.68761	-1.18702	-0.709102
1.75	0.42833	0.927513	1.69355	-1.17435	-0.7029
1.755	0.428971	0.932472	1.69942	-1.1616	-0.696656
1.76	0.429642	0.937427	1.70523	-1.14876	-0.690373
1.765	0.43034	0.942378	1.71097	-1.13584	-0.684055
1.77	0.431067	0.947325	1.71665	-1.12286	-0.677703
1.775	0.431821	0.952268	1.72227	-1.10982	-0.671319
1.78	0.432603	0.957206	1.72781	-1.09672	-0.664907
1.785	0.433412	0.96214	1.7333	-1.08358	-0.658468
1.79	0.434248	0.96707	1.73872	-1.07039	-0.652004
1.795	0.43511	0.971995	1.74407	-1.05717	-0.645518
1.8	0.435998	0.976915	1.74935	-1.04392	-0.639013
1.805	0.436912	0.981831	1.75457	-1.03065	-0.632489
1.81	0.437851	0.986742	1.75973	-1.01736	-0.62595
1.815	0.438815	0.991648	1.76481	-1.00406	-0.619397
1.82	0.439803	0.99655	1.76983	-0.990754	-0.612832
1.825	0.440816	1.00145	1.77479	-0.977449	-0.606258
1.83	0.441853	1.00634	1.77967	-0.96415	-0.599676
1.835	0.442913	1.01122	1.7845	-0.950862	-0.593088
1.84	0.443997	1.0161	1.78925	-0.93759	-0.586497
1.845	0.445103	1.02098	1.79394	-0.92434	-0.579903
1.85	0.446232	1.02585	1.79856	-0.911116	-0.573309
1.855	0.447384	1.03072	1.80311	-0.897923	-0.566717
1.86	0.448557	1.03558	1.8076	-0.884766	-0.560128
1.865	0.449751	1.04043	1.81203	-0.871648	-0.553543
1.87	0.450967	1.04528	1.81639	-0.858575	-0.546965
1.875	0.452203	1.05013	1.82068	-0.845551	-0.540395
1.88	0.45346	1.05497	1.82491	-0.832579	-0.533834
1.885	0.454737	1.0598	1.82907	-0.819663	-0.527284
1.89	0.456034	1.06463	1.83317	-0.806808	-0.520747
1.895	0.45735	1.06945	1.8372	-0.794015	-0.514223
1.9	0.458686	1.07427	1.84117	-0.78129	-0.507714
1.905	0.46004	1.07909	1.84508	-0.768634	-0.501221
1.91	0.461413	1.08389	1.84892	-0.756052	-0.494746
1.915	0.462804	1.0887	1.8527	-0.743545	-0.488289
1.92	0.464213	1.09349	1.85642	-0.731118	-0.481853
1.925	0.465639	1.09829	1.86008	-0.718772	-0.475437
1.93	0.467082	1.10307	1.86367	-0.70651	-0.469043
1.935	0.468543	1.10785	1.8672	-0.694334	-0.462672
1.94	0.47002	1.11263	1.87067	-0.682247	-0.456325
1.945	0.471513	1.1174	1.87409	-0.670251	-0.450003
1.95	0.473022	1.12217	1.87744	-0.658348	-0.443707
1.955	0.474547	1.12693	1.88073	-0.646539	-0.437438
1.96	0.476088	1.13169	1.88396	-0.634826	-0.431196
1.965	0.477643	1.13644	1.88713	-0.623212	-0.424982
1.97	0.479213	1.14119	1.89025	-0.611697	-0.418797
1.975	0.480798	1.14593	1.89331	-0.600283	-0.412642
1.98	0.482397	1.15067	1.89631	-0.588971	-0.406517
1.985	0.48401	1.1554	1.89926	-0.577763	-0.400424
1.99	0.485637	1.16013	1.90214	-0.566659	-0.394362
1.995	0.487277	1.16485	1.90498	-0.55566	-0.388332
2	0.48893	1.16957	1.90776	-0.544768	-0.382335
2.005	0.490596	1.17428	1.91048	-0.533983	-0.376371
2.01	0.492274	1.17899	1.91315	-0.523306	-0.370441
2.015	0.493965	1.1837	1.91577	-0.512738	-0.364546
2.02	0.495668	1.1884	1.91833	-0.502278	-0.358685
2.025	0.497383	1.1931	1.92084	-0.491928	-0.352859
2.03	0.499109	1.19779	1.9233	-0.481688	-0.347068
2.035	0.500846	1.20248	1.92571	-0.471558	-0.341313
2.04	0.502595	1.20716	1.92807	-0.461539	-0.335595
2.045	0.504354	1.21184	1.93038	-0.45163	-0.329913
2.05	0.506124	1.21652	1.93263	-0.441832	-0.324267
2.055	0.507905	1.22119	1.93484	-0.432144	-0.318658
2.06	0.509695	1.22586	1.937	-0.422568	-0.313087
2.065	0.511495	1.23052	1.93912	-0.413101	-0.307553
2.07	0.513305	1.23519	1.94118	-0.403746	-0.302056
2.075	0.515124	1.23984	1.9432	-0.3945	-0.296598
2.08	0.516953	1.2445	1.94517	-0.385365	-0.291177
2.085	0.51879	1.24915	1.9471	-0.376339	-0.285794
2.09	0.520636	1.25379	1.94898	-0.367423	-0.280449
2.095	0.522491	1.25844	1.95082	-0.358616	-0.275143
2.1	0.524354	1.26308	1.95261	-0.349917	-0.269875
2.105	0.526225	1.26771	1.95436	-0.341326	-0.264645
2.11	0.528104	1.27235	1.95607	-0.332843	-0.259454
2.115	0.529991	1.27698	1.95773	-0.324468	-0.254301
2.12	0.531885	1.2816	1.95935	-0.316198	-0.249187
2.125	0.533787	1.28623	1.96094	-0.308035	-0.244111
2.13	0.535696	1.29085	1.96248	-0.299977	-0.239074
2.135	0.537611	1.29547	1.96398	-0.292023	-0.234075
2.14	0.539534	1.30008	1.96544	-0.284174	-0.229115
2.145	0.541463	1.3047	1.96686	-0.276428	-0.224193
2.15	0.543398	1.30931	1.96824	-0.268784	-0.21931
2.155	0.545339	1.31392	1.96958	-0.261242	-0.214465
2.16	0.547287	1.31852	1.97089	-0.253801	-0.209658
2.165	0.54924	1.32312	1.97216	-0.24646	-0.20489
2.17	0.551199	1.32772	1.97339	-0.239219	-0.20016
2.175	0.553164	1.33232	1.97459	-0.232076	-0.195467
2.18	0.555134	1.33692	1.97575	-0.225031	-0.190813
2.185	0.557109	1.34151	1.97687	-0.218082	-0.186196
2.19	0.559089	1.3461	1.97796	-0.21123	-0.181618
2.195	0.561074	1.35069	1.97902	-0.204473	-0.177076
2.2	0.563063	1.35528	1.98004	-0.19781	-0.172573
2.205	0.565057	1.35986	1.98103	-0.191241	-0.168106
2.21	0.567056	1.36445	1.98199	-0.184764	-0.163677
2.215	0.569059	1.36903	1.98291	-0.178379	-0.159285
2.22	0.571065	1.37361	1.9838	-0.172084	-0.15493
2.225	0.573076	1.37818	1.98466	-0.165879	-0.150611
2.23	0.575091	1.38276	1.98549	-0.159763	-0.146329
2.235	0.577109	1.38734	1.98629	-0.153735	-0.142084
2.24	0.579131	1.39191	1.98706	-0.147794	-0.137874
2.245	0.581156	1.39648	1.9878	-0.141939	-0.133701
2.25	0.583184	1.40105	1.98851	-0.136169	-0.129564
2.255	0.585216	1.40562	1.98919	-0.130483	-0.125462
2.26	0.58725	1.41019	1.98984	-0.12488	-0.121396
2.265	0.589287	1.41475	1.99046	-0.11936	-0.117366
2.27	0.591327	1.41932	1.99106	-0.113921	-0.11337
2.275	0.59337	1.42388	1.99163	-0.108563	-0.10941
2.28	0.595415	1.42844	1.99217	-0.103284	-0.105484
2.285	0.597463	1.43301	1.99269	-0.0980837	-0.101593
2.29	0.599512	1.43757	1.99318	-0.0929612	-0.0977361
2.295	0.601564	1.44213	1.99365	-0.0879154	-0.0939136
2.3	0.603618	1.44668	1.99409	-0.0829455	-0.0901251
2.305	0.605674	1.45124	1.9945	-0.0780506	-0.0863705
2.31	0.607731	1.4558	1.99489	-0.0732297	-0.0826494
2.315	0.60979	1.46036	1.99526	-0.068482	-0.0789617
2.32	0.611851	1.46491	1.9956	-0.0638065	-0.0753072
2.325	0.613913	1.46947	1.99592	-0.0592024	-0.0716858
2.33	0.615976	1.47402	1.99621	-0.0546688	-0.0680971
2.335	0.618041	1.47857	1.99649	-0.0502048	-0.064541
2.34	0.620107	1.48313	1.99674	-0.0458095	-0.0610173
2.345	0.622174	1.48768	1.99697	-0.0414821	-0.0575258
2.35	0.624242	1.49223	1.99717	-0.0372217	-0.0540663
2.355	0.626311	1.49678	1.99736	-0.0330274	-0.0506385
2.36	0.62838	1.50134	1.99753	-0.0288985	-0.0472424
2.365	0.63045	1.50589	1.99767	-0.024834	-0.0438775
2.37	0.632521	1.51044	1.99779	-0.0208332	-0.0405438
2.375	0.634592	1.51499	1.9979	-0.0168951	-0.0372411
2.38	0.636664	1.51954	1.99798	-0.0130191	-0.0339691
2.385	0.638736	1.52409	1.99805	-0.00920427	-0.0307277
2.39	0.640808	1.52864	1.99809	-0.00544982	-0.0275166
2.395	0.64288	1.53319	1.99812	-0.00175495	-0.0243356
2.4	0.644952	1.53774	1.99813	0.0018811	-0.0211846
2.405	0.647024	1.54229	1.99812	0.00545914	-0.0180633
2.41	0.649096	1.54684	1.99809	0.00897992	-0.0149715
2.415	0.651168	1.55139	1.99805	0.0124442	-0.0119091
2.42	0.65324	1.55594	1.99799	0.0158528	-0.00887573
2.425	0.655311	1.56049	1.99791	0.0192063	-0.00587135
2.43	0.657382	1.56505	1.99781	0.0225056	-0.00289569
2.435	0.659452	1.5696	1.9977	0.0257514	5.14306e-005
2.44	0.661522	1.57415	1.99757	0.0289445	0.00297021
2.445	0.663591	1.5787	1.99743	0.0320854	0.00586085
2.45	0.665659	1.58325	1.99726	0.0351749	0.00872353
2.455	0.667727	1.5878	1.99709	0.0382138	0.0115585
2.46	0.669793	1.59236	1.9969	0.0412027	0.0143658
2.465	0.671859	1.59691	1.99669	0.0441423	0.0171458
2.47	0.673923	1.60146	1.99647	0.0470333	0.0198986
2.475	0.675987	1.60602	1.99624	0.0498763	0.0226244
2.48	0.67805	1.61057	1.99599	0.0526721	0.0253234
2.485	0.680111	1.61513	1.99572	0.0554212	0.0279957
2.49	0.682171	1.61969	1.99545	0.0581242	0.0306416
2.495	0.68423	1.62424	1.99516	0.060782	0.0332613
2.5	0.686287	1.6288	1.99485	0.0633949	0.0358548
2.505	0.688343	1.63336	1.99453	0.0659638	0.0384225
2.51	0.690397	1.63792	1.9942	0.0684892	0.0409645
2.515	0.69245	1.64247	1.99386	0.0709717	0.0434809
2.52	0.694501	1.64703	1.99351	0.0734118	0.0459719
2.525	0.696551	1.65159	1.99314	0.0758103	0.0484378
2.53	0.698598	1.65616	1.99276	0.0781676	0.0508786
2.535	0.700644	1.66072	1.99237	0.0804844	0.0532946
2.54	0.702688	1.66528	1.99197	0.0827612	0.0556859
2.545	0.704731	1.66985	1.99155	0.0849985	0.0580528
2.55	0.706771	1.67441	1.99113	0.087197	0.0603952
2.555	0.708809	1.67898	1.99069	0.0893572	0.0627136
2.56	0.710846	1.68354	1.99025	0.0914796	0.0650079
2.565	0.71288	1.68811	1.98979	0.0935647	0.0672784
2.57	0.714912	1.69268	1.98932	0.0956131	0.0695252
2.575	0.716942	1.69725	1.98884	0.0976253	0.0717485
2.58	0.718969	1.70182	1.98836	0.0996018	0.0739484
2.585	0.720995	1.70639	1.98786	0.101543	0.0761251
2.59	0.723018	1.71096	1.98735	0.10345	0.0782788
2.595	0.725039	1.71554	1.98683	0.105322	0.0804097
2.6	0.727057	1.72011	1.98631	0.107161	0.0825178
2.605	0.729073	1.72469	1.98577	0.108966	0.0846033
2.61	0.731086	1.72926	1.98522	0.110739	0.0866664
2.615	0.733097	1.73384	1.98467	0.112479	0.0887072
2.62	0.735105	1.73842	1.98411	0.114188	0.0907259
2.625	0.737111	1.743	1.98354	0.115865	0.0927226
2.63	0.739114	1.74758	1.98296	0.117511	0.0946975
2.635	0.741114	1.75216	1.98237	0.119127	0.0966508
2.64	0.743111	1.75675	1.98178	0.120712	0.0985824
2.645	0.745106	1.76133	1.98117	0.122268	0.100493
2.65	0.747098	1.76592	1.98056	0.123795	0.102382
2.655	0.749087	1.77051	1.97994	0.125293	0.10425
2.66	0.751073	1.77509	1.97932	0.126763	0.106097
2.665	0.753057	1.77968	1.97868	0.128205	0.107923
2.67	0.755037	1.78427	1.97804	0.129619	0.109728
2.675	0.757015	1.78887	1.97739	0.131005	0.111513
2.68	0.758989	1.79346	1.97674	0.132366	0.113277
2.685	0.76096	1.79806	1.97608	0.133699	0.115021
2.69	0.762929	1.80265	1.97541	0.135007	0.116745
2.695	0.764894	1.80725	1.97473	0.136289	0.118449
2.7	0.766856	1.81185	1.97405	0.137546	0.120133
2.705	0.768815	1.81645	1.97336	0.138778	0.121798
2.71	0.770771	1.82105	1.97267	0.139985	0.123442
2.715	0.772723	1.82565	1.97197	0.141168	0.125067
2.72	0.774672	1.83026	1.97126	0.142327	0.126673
2.725	0.776618	1.83486	1.97055	0.143463	0.128259
2.73	0.778561	1.83947	1.96983	0.144575	0.129826
2.735	0.7805	1.84408	1.96911	0.145665	0.131374
2.74	0.782436	1.84869	1.96838	0.146732	0.132904
2.745	0.784369	1.8533	1.96765	0.147778	0.134414
2.75	0.786298	1.85791	1.96691	0.148801	0.135906
2.755	0.788224	1.86253	1.96617	0.149803	0.137379
2.76	0.790146	1.86714	1.96542	0.150783	0.138834
2.765	0.792065	1.87176	1.96466	0.151743	0.14027
2.77	0.79398	1.87638	1.9639	0.152682	0.141688
2.775	0.795892	1.881	1.96314	0.1536	0.143088
2.78	0.7978	1.88562	1.96237	0.154499	0.14447
2.785	0.799705	1.89024	1.9616	0.155378	0.145834
2.79	0.801606	1.89487	1.96082	0.156238	0.147181
2.795	0.803503	1.89949	1.96004	0.157078	0.148509
2.8	0.805397	1.90412	1.95926	0.1579	0.14982
2.805	0.807287	1.90875	1.95847	0.158703	0.151114
2.81	0.809174	1.91338	1.95767	0.159487	0.15239
2.815	0.811057	1.91801	1.95688	0.160254	0.153649
2.82	0.812936	1.92265	1.95608	0.161003	0.154891
2.825	0.814811	1.92728	1.95527	0.161734	0.156116
2.83	0.816683	1.93192	1.95446	0.162449	0.157324
2.835	0.818551	1.93656	1.95365	0.163146	0.158515
2.84	0.820415	1.9412	1.95283	0.163826	0.159689
2.845	0.822275	1.94584	1.95201	0.16449	0.160847
2.85	0.824131	1.95048	1.95119	0.165138	0.161988
2.855	0.825984	1.95512	1.95037	0.16577	0.163113
2.86	0.827833	1.95977	1.94954	0.166386	0.164221
2.865	0.829678	1.96442	1.94871	0.166986	0.165313
2.87	0.831519	1.96907	1.94787	0.167571	0.166389
2.875	0.833356	1.97372	1.94703	0.168141	0.167449
2.88	0.835189	1.97837	1.94619	0.168696	0.168493
2.885	0.837018	1.98302	1.94535	0.169237	0.169521
2.89	0.838844	1.98768	1.9445	0.169763	0.170533
2.895	0.840665	1.99233	1.94365	0.170275	0.171529
2.9	0.842482	1.99699	1.9428	0.170774	0.17251
2.905	0.844296	2.00165	1.94195	0.171258	0.173476
2.91	0.846105	2.00631	1.94109	0.171729	0.174425
2.915	0.847911	2.01097	1.94023	0.172186	0.17536
2.92	0.849712	2.01564	1.93937	0.172631	0.176279
2.925	0.85151	2.0203	1.93851	0.173062	0.177183
2.93	0.853303	2.02497	1.93764	0.173481	0.178072
2.935	0.855092	2.02964	1.93678	0.173887	0.178946
2.94	0.856878	2.03431	1.93591	0.174281	0.179805
2.945	0.858659	2.03898	1.93504	0.174663	0.180649
2.95	0.860436	2.04366	1.93416	0.175033	0.181479
2.955	0.862209	2.04833	1.93329	0.175391	0.182294
2.96	0.863978	2.05301	1.93241	0.175737	0.183094
2.965	0.865743	2.05769	1.93153	0.176072	0.183879
2.97	0.867503	2.06236	1.93065	0.176396	0.18465
2.975	0.86926	2.06705	1.92977	0.176709	0.185407
2.98	0.871012	2.07173	1.92889	0.177011	0.18615
2.985	0.872761	2.07641	1.928	0.177302	0.186878
2.99	0.874505	2.0811	1.92711	0.177583	0.187592
2.995	0.876245	2.08579	1.92623	0.177853	0.188292
3	0.87798	2.09048	1.92534	0.178113	0.188979
3.005	0.879712	2.09517	1.92445	0.178363	0.189651
3.01	0.88144	2.09986	1.92355	0.178603	0.190309
3.015	0.883163	2.10455	1.92266	0.178834	0.190954
3.02	0.884882	2.10925	1.92177	0.179055	0.191585
3.025	0.886597	2.11394	1.92087	0.179266	0.192202
3.03	0.888307	2.11864	1.91998	0.179468	0.192806
3.035	0.890014	2.12334	1.91908	0.179661	0.193397
3.04	0.891716	2.12804	1.91818	0.179846	0.193974
3.045	0.893414	2.13275	1.91728	0.180021	0.194537
3.05	0.895108	2.13745	1.91638	0.180188	0.195088
3.055	0.896797	2.14216	1.91548	0.180346	0.195625
3.06	0.898482	2.14686	1.91458	0.180496	0.196149
3.065	0.900163	2.15157	1.91368	0.180638	0.19666
3.07	0.90184	2.15628	1.91277	0.180771	0.197158
3.075	0.903513	2.161	1.91187	0.180897	0.197643
3.08	0.905181	2.16571	1.91096	0.181014	0.198116
3.085	0.906845	2.17042	1.91006	0.181124	0.198575
3.09	0.908505	2.17514	1.90915	0.181227	0.199022
3.095	0.91016	2.17986	1.90825	0.181322	0.199456
3.1	0.911811	2.18458	1.90734	0.18141	0.199878
3.105	0.913458	2.1893	1.90643	0.181491	0.200287
3.11	0.915101	2.19402	1.90553	0.181564	0.200683
3.115	0.916739	2.19875	1.90462	0.181631	0.201068
3.12	0.918373	2.20347	1.90371	0.181691	0.20144
3.125	0.920002	2.2082	1.9028	0.181744	0.201799
3.13	0.921628	2.21293	1.90189	0.181791	0.202147
3.135	0.923249	2.21766	1.90098	0.181831	0.202482
3.14	0.924866	2.22239	1.90008	0.181865	0.202805
3.145	0.926478	2.22712	1.89917	0.181893	0.203116
3.15	0.928086	2.23185	1.89826	0.181914	0.203415
3.155	0.92969	2.23659	1.89735	0.18193	0.203703
3.16	0.93129	2.24133	1.89644	0.18194	0.203978
3.165	0.932885	2.24607	1.89553	0.181944	0.204242
3.17	0.934476	2.25081	1.89462	0.181942	0.204494
3.175	0.936063	2.25555	1.89371	0.181935	0.204734
3.18	0.937645	2.26029	1.8928	0.181922	0.204963
3.185	0.939223	2.26504	1.89189	0.181904	0.20518
3.19	0.940797	2.26978	1.89098	0.181881	0.205385
3.195	0.942366	2.27453	1.89007	0.181853	0.20558
3.2	0.943931	2.27928	1.88916	0.18182	0.205762
3.205	0.945492	2.28403	1.88825	0.181781	0.205934
3.21	0.947049	2.28878	1.88734	0.181738	0.206094
3.215	0.948601	2.29353	1.88643	0.181691	0.206243
3.22	0.950148	2.29829	1.88553	0.181638	0.206381
3.225	0.951692	2.30304	1.88462	0.181581	0.206508
3.23	0.953231	2.3078	1.88371	0.18152	0.206623
3.235	0.954766	2.31256	1.8828	0.181454	0.206728
3.24	0.956296	2.31732	1.88189	0.181384	0.206822
3.245	0.957823	2.32208	1.88099	0.18131	0.206904
3.25	0.959345	2.32684	1.88008	0.181232	0.206976
3.255	0.960862	2.33161	1.87917	0.18115	0.207037
3.26	0.962375	2.33637	1.87827	0.181064	0.207088
3.265	0.963884	2.34114	1.87736	0.180974	0.207128
3.27	0.965389	2.34591	1.87646	0.18088	0.207157
3.275	0.966889	2.35068	1.87555	0.180783	0.207175
3.28	0.968385	2.35545	1.87465	0.180682	0.207183
3.285	0.969877	2.36022	1.87375	0.180578	0.207181
3.29	0.971364	2.36499	1.87284	0.18047	0.207168
3.295	0.972847	2.36977	1.87194	0.180359	0.207145
3.3	0.974326	2.37455	1.87104	0.180245	0.207111
3.305	0.975801	2.37932	1.87014	0.180128	0.207067
3.31	0.977271	2.3841	1.86924	0.180008	0.207013
3.315	0.978737	2.38888	1.86834	0.179884	0.206949
3.32	0.980198	2.39366	1.86744	0.179758	0.206874
3.325	0.981655	2.39845	1.86654	0.179629	0.20679
3.33	0.983108	2.40323	1.86564	0.179497	0.206695
3.335	0.984557	2.40802	1.86474	0.179362	0.206591
3.34	0.986001	2.4128	1.86385	0.179225	0.206476
3.345	0.987441	2.41759	1.86295	0.179085	0.206352
3.35	0.988877	2.42238	1.86206	0.178943	0.206218
3.355	0.990309	2.42717	1.86116	0.178798	0.206074
3.36	0.991736	2.43196	1.86027	0.178652	0.20592
3.365	0.993159	2.43676	1.85937	0.178502	0.205756
3.37	0.994578	2.44155	1.85848	0.178351	0.205583
3.375	0.995992	2.44635	1.85759	0.178197	0.2054
3.38	0.997402	2.45114	1.8567	0.178042	0.205208
3.385	0.998808	2.45594	1.85581	0.177884	0.205006
3.39	1.00021	2.46074	1.85492	0.177725	0.204795
3.395	1.00161	2.46554	1.85403	0.177564	0.204574
3.4	1.003	2.47034	1.85314	0.1774	0.204344
3.405	1.00439	2.47515	1.85226	0.177236	0.204104
3.41	1.00577	2.47995	1.85137	0.177069	0.203855
3.415	1.00715	2.48476	1.85048	0.176901	0.203597
3.42	1.00853	2.48956	1.8496	0.176731	0.20333
3.425	1.0099	2.49437	1.84872	0.17656	0.203054
3.43	1.01127	2.49918	1.84783	0.176387	0.202768
3.435	1.01263	2.50399	1.84695	0.176214	0.202473
3.44	1.01399	2.5088	1.84607	0.176038	0.202169
3.445	1.01535	2.51362	1.84519	0.175862	0.201857
3.45	1.0167	2.51843	1.84431	0.175684	0.201535
3.455	1.01804	2.52325	1.84343	0.175505	0.201204
3.46	1.01939	2.52806	1.84255	0.175326	0.200865
3.465	1.02072	2.53288	1.84168	0.175145	0.200516
3.47	1.02206	2.5377	1.8408	0.174963	0.200159
3.475	1.02339	2.54252	1.83993	0.17478	0.199793
3.48	1.02471	2.54734	1.83905	0.174596	0.199419
3.485	1.02603	2.55216	1.83818	0.174412	0.199035
3.49	1.02735	2.55699	1.83731	0.174227	0.198643
3.495	1.02866	2.56181	1.83644	0.174041	0.198243
3.5	1.02997	2.56664	1.83557	0.173855	0.197834
3.505	1.03127	2.57146	1.8347	0.173668	0.197416
3.51	1.03257	2.57629	1.83383	0.17348	0.19699
3.515	1.03387	2.58112	1.83296	0.173292	0.196556
3.52	1.03516	2.58595	1.8321	0.173103	0.196113
3.525	1.03645	2.59078	1.83123	0.172915	0.195662
3.53	1.03773	2.59562	1.83037	0.172725	0.195202
3.535	1.03901	2.60045	1.8295	0.172536	0.194734
3.54	1.04029	2.60528	1.82864	0.172346	0.194258
3.545	1.04156	2.61012	1.82778	0.172156	0.193774
3.55	1.04282	2.61496	1.82692	0.171966	0.193282
3.555	1.04409	2.61979	1.82606	0.171776	0.192781
3.56	1.04535	2.62463	1.8252	0.171586	0.192273
3.565	1.0466	2.62947	1.82434	0.171395	0.191756
3.57	1.04785	2.63432	1.82348	0.171205	0.191232
3.575	1.0491	2.63916	1.82263	0.171015	0.190699
3.58	1.05034	2.644	1.82177	0.170825	0.190159
3.585	1.05157	2.64885	1.82092	0.170635	0.18961
3.59	1.05281	2.65369	1.82006	0.170446	0.189054
3.595	1.05404	2.65854	1.81921	0.170256	0.18849
3.6	1.05526	2.66338	1.81836	0.170067	0.187918
3.605	1.05648	2.66823	1.81751	0.169878	0.187339
3.61	1.0577	2.67308	1.81666	0.16969	0.186751
3.615	1.05891	2.67793	1.81581	0.169502	0.186156
3.62	1.06012	2.68279	1.81497	0.169315	0.185554
3.625	1.06133	2.68764	1.81412	0.169128	0.184944
3.63	1.06253	2.69249	1.81327	0.168941	0.184326
3.635	1.06372	2.69735	1.81243	0.168756	0.183701
3.64	1.06492	2.7022	1.81159	0.16857	0.183068
3.645	1.0661	2.70706	1.81074	0.168386	0.182428
3.65	1.06729	2.71192	1.8099	0.168202	0.18178
3.655	1.06847	2.71678	1.80906	0.168019	0.181125
3.66	1.06965	2.72164	1.80822	0.167837	0.180463
3.665	1.07082	2.7265	1.80738	0.167655	0.179794
3.67	1.07198	2.73136	1.80654	0.167475	0.179117
3.675	1.07315	2.73622	1.8057	0.167295	0.178433
3.68	1.07431	2.74108	1.80487	0.167116	0.177741
3.685	1.07546	2.74595	1.80403	0.166938	0.177043
3.69	1.07662	2.75081	1.8032	0.166761	0.176337
3.695	1.07776	2.75568	1.80236	0.166585	0.175625
3.7	1.07891	2.76055	1.80153	0.166411	0.174905
3.705	1.08005	2.76542	1.8007	0.166237	0.174178
3.71	1.08118	2.77029	1.79987	0.166065	0.173445
3.715	1.08231	2.77516	1.79904	0.165893	0.172704
3.72	1.08344	2.78003	1.79821	0.165723	0.171956
3.725	1.08456	2.7849	1.79738	0.165554	0.171202
3.73	1.08568	2.78977	1.79655	0.165386	0.17044
3.735	1.0868	2.79465	1.79572	0.16522	0.169672
3.74	1.08791	2.79952	1.7949	0.165055	0.168897
3.745	1.08902	2.8044	1.79407	0.164891	0.168115
3.75	1.09012	2.80927	1.79325	0.164729	0.167327
3.755	1.09122	2.81415	1.79243	0.164568	0.166532
3.76	1.09231	2.81903	1.7916	0.164409	0.16573
3.765	1.0934	2.82391	1.79078	0.164251	0.164922
3.77	1.09449	2.82879	1.78996	0.164095	0.164107
3.775	1.09557	2.83367	1.78914	0.16394	0.163285
3.78	1.09665	2.83855	1.78832	0.163786	0.162457
3.785	1.09773	2.84344	1.7875	0.163635	0.161623
3.79	1.0988	2.84832	1.78668	0.163485	0.160782
3.795	1.09987	2.85321	1.78586	0.163336	0.159934
3.8	1.10093	2.85809	1.78505	0.16319	0.15908
3.805	1.10199	2.86298	1.78423	0.163045	0.15822
3.81	1.10304	2.86787	1.78342	0.162902	0.157354
3.815	1.10409	2.87275	1.7826	0.16276	0.156481
3.82	1.10514	2.87764	1.78179	0.162621	0.155602
3.825	1.10619	2.88253	1.78097	0.162483	0.154717
3.83	1.10722	2.88742	1.78016	0.162347	0.153825
3.835	1.10826	2.89232	1.77935	0.162213	0.152928
3.84	1.10929	2.89721	1.77854	0.162081	0.152024
3.845	1.11032	2.9021	1.77773	0.161951	0.151114
3.85	1.11134	2.907	1.77692	0.161822	0.150198
3.855	1.11236	2.91189	1.77611	0.161696	0.149276
3.86	1.11338	2.91679	1.7753	0.161572	0.148348
3.865	1.11439	2.92168	1.77449	0.16145	0.147414
3.87	1.1154	2.92658	1.77369	0.16133	0.146475
3.875	1.1164	2.93148	1.77288	0.161212	0.145529
3.88	1.1174	2.93638	1.77207	0.161096	0.144577
3.885	1.11839	2.94128	1.77127	0.160982	0.14362
3.89	1.11939	2.94618	1.77046	0.160871	0.142656
3.895	1.12037	2.95108	1.76966	0.160761	0.141687
3.9	1.12136	2.95598	1.76886	0.160654	0.140712
3.905	1.12234	2.96089	1.76805	0.160549	0.139732
3.91	1.12331	2.96579	1.76725	0.160446	0.138746
3.915	1.12429	2.97069	1.76645	0.160346	0.137754
3.92	1.12525	2.9756	1.76565	0.160248	0.136756
3.925	1.12622	2.98051	1.76484	0.160152	0.135753
3.93	1.12718	2.98541	1.76404	0.160058	0.134744
3.935	1.12813	2.99032	1.76324	0.159967	0.13373
3.94	1.12909	2.99523	1.76244	0.159879	0.13271
3.945	1.13004	3.00014	1.76164	0.159792	0.131685
3.95	1.13098	3.00505	1.76085	0.159709	0.130654
3.955	1.13192	3.00996	1.76005	0.159627	0.129618
3.96	1.13286	3.01487	1.75925	0.159548	0.128577
3.965	1.13379	3.01978	1.75845	0.159472	0.12753
3.97	1.13472	3.02469	1.75765	0.159398	0.126478
3.975	1.13564	3.02961	1.75686	0.159326	0.12542
3.98	1.13656	3.03452	1.75606	0.159258	0.124357
3.985	1.13748	3.03944	1.75526	0.159191	0.123289
3.99	1.13839	3.04435	1.75447	0.159128	0.122216
3.995	1.1393	3.04927	1.75367	0.159067	0.121138
4	1.14021	3.05419	1.75288	0.159008	0.120054
4.005	1.14111	3.05911	1.75208	0.158952	0.118966
4.01	1.14201	3.06402	1.75129	0.158899	0.117872
4.015	1.1429	3.06894	1.75049	0.158849	0.116773
4.02	1.14379	3.07386	1.7497	0.158801	0.115669
4.025	1.14468	3.07879	1.7489	0.158756	0.114561
4.03	1.14556	3.08371	1.74811	0.158714	0.113447
4.035	1.14644	3.08863	1.74732	0.158674	0.112328
4.04	1.14731	3.09355	1.74652	0.158638	0.111205
4.045	1.14818	3.09848	1.74573	0.158604	0.110076
4.05	1.14905	3.1034	1.74494	0.158573	0.108943
4.055	1.14991	3.10833	1.74414	0.158544	0.107805
4.06	1.15077	3.11325	1.74335	0.158519	0.106662
4.065	1.15162	3.11818	1.74256	0.158496	0.105514
4.07	1.15247	3.1231	1.74177	0.158477	0.104362
4.075	1.15332	3.12803	1.74097	0.15846	0.103204
4.08	1.15416	3.13296	1.74018	0.158446	0.102043
4.085	1.155	3.13789	1.73939	0.158435	0.100876
4.09	1.15584	3.14282	1.7386	0.158427	0.099705
4.095	1.15667	3.14775	1.73781	0.158422	0.0985293
4.1	1.1575	3.15268	1.73701	0.15842	0.097349
4.105	1.15832	3.15761	1.73622	0.158421	0.0961642
4.11	1.15914	3.16255	1.73543	0.158425	0.094975
4.115	1.15996	3.16748	1.73464	0.158432	0.0937812
4.12	1.16077	3.17241	1.73384	0.158442	0.092583
4.125	1.16157	3.17735	1.73305	0.158455	0.0913804
4.13	1.16238	3.18228	1.73226	0.158471	0.0901733
4.135	1.16318	3.18722	1.73147	0.15849	0.088962
4.14	1.16397	3.19215	1.73068	0.158512	0.0877462
4.145	1.16477	3.19709	1.72988	0.158538	0.0865262
4.15	1.16555	3.20203	1.72909	0.158566	0.0853019
4.155	1.16634	3.20697	1.7283	0.158598	0.0840734
4.16	1.16712	3.2119	1.7275	0.158632	0.0828406
4.165	1.1679	3.21684	1.72671	0.15867	0.0816037
4.17	1.16867	3.22178	1.72592	0.158711	0.0803626
4.175	1.16944	3.22672	1.72512	0.158756	0.0791173
4.18	1.1702	3.23167	1.72433	0.158803	0.077868
4.185	1.17096	3.23661	1.72354	0.158854	0.0766146
4.19	1.17172	3.24155	1.72274	0.158908	0.0753571
4.195	1.17247	3.24649	1.72195	0.158965	0.0740956
4.2	1.17322	3.25144	1.72115	0.159025	0.0728301
4.205	1.17397	3.25638	1.72036	0.159089	0.0715606
4.21	1.17471	3.26133	1.71956	0.159156	0.0702872
4.215	1.17544	3.26627	1.71877	0.159226	0.0690099
4.22	1.17618	3.27122	1.71797	0.1593	0.0677288
4.225	1.17691	3.27616	1.71717	0.159377	0.0664437
4.23	1.17763	3.28111	1.71638	0.159457	0.0651549
4.235	1.17835	3.28606	1.71558	0.15954	0.0638622
4.24	1.17907	3.29101	1.71478	0.159627	0.0625658
4.245	1.17978	3.29596	1.71398	0.159718	0.0612656
4.25	1.18049	3.3009	1.71319	0.159811	0.0599617
4.255	1.1812	3.30585	1.71239	0.159908	0.0586541
4.26	1.1819	3.3108	1.71159	0.160008	0.0573429
4.265	1.1826	3.31576	1.71079	0.160112	0.056028
4.27	1.18329	3.32071	1.70999	0.160219	0.0547096
4.275	1.18398	3.32566	1.70918	0.16033	0.0533875
4.28	1.18467	3.33061	1.70838	0.160444	0.0520619
4.285	1.18535	3.33557	1.70758	0.160561	0.0507328
4.29	1.18603	3.34052	1.70678	0.160682	0.0494002
4.295	1.1867	3.34547	1.70597	0.160807	0.0480641
4.3	1.18737	3.35043	1.70517	0.160934	0.0467246
4.305	1.18804	3.35538	1.70437	0.161066	0.0453817
4.31	1.1887	3.36034	1.70356	0.161201	0.0440354
4.315	1.18936	3.3653	1.70275	0.161339	0.0426857
4.32	1.19001	3.37025	1.70195	0.161481	0.0413327
4.325	1.19066	3.37521	1.70114	0.161626	0.0399765
4.33	1.19131	3.38017	1.70033	0.161775	0.0386169
4.335	1.19195	3.38513	1.69952	0.161927	0.0372541
4.34	1.19259	3.39009	1.69871	0.162083	0.0358881
4.345	1.19322	3.39505	1.6979	0.162243	0.0345189
4.35	1.19385	3.40001	1.69709	0.162406	0.0331465
4.355	1.19448	3.40497	1.69628	0.162572	0.031771
4.36	1.1951	3.40993	1.69547	0.162742	0.0303923
4.365	1.19571	3.41489	1.69465	0.162916	0.0290106
4.37	1.19633	3.41985	1.69384	0.163093	0.0276259
4.375	1.19694	3.42482	1.69302	0.163274	0.0262381
4.38	1.19754	3.42978	1.69221	0.163459	0.0248473
4.385	1.19814	3.43474	1.69139	0.163647	0.0234535
4.39	1.19874	3.43971	1.69057	0.163839	0.0220568
4.395	1.19934	3.44467	1.68975	0.164034	0.0206572
4.4	1.19993	3.44964	1.68893	0.164233	0.0192547
4.405	1.20051	3.4546	1.68811	0.164436	0.0178493
4.41	1.20109	3.45957	1.68729	0.164642	0.0164411
4.415	1.20167	3.46454	1.68647	0.164852	0.0150301
4.42	1.20224	3.4695	1.68564	0.165066	0.0136163
4.425	1.20281	3.47447	1.68482	0.165283	0.0121997
4.43	1.20338	3.47944	1.68399	0.165505	0.0107804
4.435	1.20394	3.48441	1.68316	0.165729	0.00935842
4.44	1.20449	3.48938	1.68233	0.165958	0.00793375
4.445	1.20504	3.49434	1.6815	0.16619	0.00650644
4.45	1.20559	3.49931	1.68067	0.166426	0.00507651
4.455	1.20614	3.50428	1.67984	0.166665	0.00364398
4.46	1.20668	3.50926	1.67901	0.166908	0.00220889
4.465	1.20721	3.51423	1.67817	0.167155	0.000771263
4.47	1.20774	3.5192	1.67734	0.167406	-0.000668877
4.475	1.20827	3.52417	1.6765	0.167661	-0.0021115
4.48	1.2088	3.52914	1.67566	0.167919	-0.00355659
4.485	1.20931	3.53412	1.67482	0.168181	-0.0050041
4.49	1.20983	3.53909	1.67398	0.168446	-0.00645401
4.495	1.21034	3.54406	1.67314	0.168716	-0.00790631
4.5	1.21085	3.54904	1.6723	0.168989	-0.00936095
4.505	1.21135	3.55401	1.67145	0.169266	-0.0108179
4.51	1.21185	3.55899	1.6706	0.169547	-0.0122772
4.515	1.21234	3.56396	1.66976	0.169831	-0.0137387
4.52	1.21283	3.56894	1.66891	0.170119	-0.0152025
4.525	1.21332	3.57392	1.66806	0.170412	-0.0166685
4.53	1.2138	3.57889	1.6672	0.170707	-0.0181366
4.535	1.21428	3.58387	1.66635	0.171007	-0.019607
4.54	1.21475	3.58885	1.6655	0.171311	-0.0210794
4.545	1.21522	3.59382	1.66464	0.171618	-0.022554
4.55	1.21568	3.5988	1.66378	0.171929	-0.0240306
4.555	1.21614	3.60378	1.66292	0.172244	-0.0255093
4.56	1.2166	3.60876	1.66206	0.172563	-0.0269901
4.565	1.21705	3.61374	1.6612	0.172885	-0.0284728
4.57	1.2175	3.61872	1.66033	0.173212	-0.0299575
4.575	1.21794	3.6237	1.65947	0.173542	-0.0314441
4.58	1.21838	3.62868	1.6586	0.173876	-0.0329327
4.585	1.21881	3.63366	1.65773	0.174214	-0.0344231
4.59	1.21924	3.63864	1.65686	0.174556	-0.0359154
4.595	1.21967	3.64363	1.65599	0.174901	-0.0374096
4.6	1.22009	3.64861	1.65511	0.175251	-0.0389055
4.605	1.2205	3.65359	1.65424	0.175604	-0.0404033
4.61	1.22092	3.65857	1.65336	0.175961	-0.0419028
4.615	1.22132	3.66356	1.65248	0.176322	-0.043404
4.62	1.22173	3.66854	1.6516	0.176687	-0.0449069
4.625	1.22213	3.67352	1.65071	0.177056	-0.0464115
4.63	1.22252	3.67851	1.64983	0.177428	-0.0479178
4.635	1.22291	3.68349	1.64894	0.177805	-0.0494256
4.64	1.2233	3.68848	1.64805	0.178185	-0.0509351
4.645	1.22368	3.69346	1.64716	0.178569	-0.0524461
4.65	1.22406	3.69845	1.64627	0.178957	-0.0539586
4.655	1.22443	3.70344	1.64537	0.179349	-0.0554727
4.66	1.2248	3.70842	1.64448	0.179745	-0.0569883
4.665	1.22516	3.71341	1.64358	0.180145	-0.0585053
4.67	1.22552	3.7184	1.64268	0.180549	-0.0600237
4.675	1.22587	3.72338	1.64177	0.180956	-0.0615436
4.68	1.22622	3.72837	1.64087	0.181368	-0.0630648
4.685	1.22657	3.73336	1.63996	0.181783	-0.0645874
4.69	1.22691	3.73835	1.63905	0.182202	-0.0661113
4.695	1.22725	3.74334	1.63814	0.182626	-0.0676364
4.7	1.22758	3.74833	1.63723	0.183053	-0.0691629
4.705	1.22791	3.75332	1.63631	0.183484	-0.0706906
4.71	1.22823	3.7583	1.6354	0.183919	-0.0722195
4.715	1.22855	3.76329	1.63448	0.184357	-0.0737496
4.72	1.22886	3.76828	1.63356	0.1848	-0.0752808
4.725	1.22917	3.77328	1.63263	0.185247	-0.0768132
4.73	1.22947	3.77827	1.6317	0.185697	-0.0783467
4.735	1.22977	3.78326	1.63078	0.186152	-0.0798812
4.74	1.23007	3.78825	1.62985	0.18661	-0.0814169
4.745	1.23036	3.79324	1.62891	0.187072	-0.0829535
4.75	1.23065	3.79823	1.62798	0.187539	-0.0844911
4.755	1.23093	3.80322	1.62704	0.188009	-0.0860297
4.76	1.2312	3.80822	1.6261	0.188483	-0.0875692
4.765	1.23147	3.81321	1.62516	0.188961	-0.0891097
4.77	1.23174	3.8182	1.62421	0.189443	-0.090651
4.775	1.232	3.82319	1.62327	0.189929	-0.0921932
4.78	1.23226	3.82819	1.62232	0.190418	-0.0937362
4.785	1.23251	3.83318	1.62136	0.190912	-0.09528
4.79	1.23276	3.83818	1.62041	0.19141	-0.0968246
4.795	1.233	3.84317	1.61945	0.191911	-0.09837
4.8	1.23324	3.84816	1.61849	0.192417	-0.099916
4.805	1.23348	3.85316	1.61753	0.192926	-0.101463
4.81	1.23371	3.85815	1.61657	0.19344	-0.10301
4.815	1.23393	3.86315	1.6156	0.193957	-0.104558
4.82	1.23415	3.86814	1.61463	0.194478	-0.106107
4.825	1.23436	3.87314	1.61366	0.195003	-0.107656
4.83	1.23457	3.87813	1.61268	0.195532	-0.109206
4.835	1.23478	3.88313	1.6117	0.196066	-0.110756
4.84	1.23498	3.88813	1.61072	0.196603	-0.112307
4.845	1.23517	3.89312	1.60974	0.197143	-0.113858
4.85	1.23536	3.89812	1.60875	0.197688	-0.11541
4.855	1.23555	3.90312	1.60777	0.198237	-0.116962
4.86	1.23573	3.90811	1.60677	0.19879	-0.118515
4.865	1.2359	3.91311	1.60578	0.199347	-0.120068
4.87	1.23607	3.91811	1.60478	0.199907	-0.121621
4.875	1.23623	3.9231	1.60378	0.200472	-0.123174
4.88	1.23639	3.9281	1.60278	0.20104	-0.124728
4.885	1.23655	3.9331	1.60178	0.201613	-0.126282
4.89	1.2367	3.9381	1.60077	0.202189	-0.127837
4.895	1.23684	3.94309	1.59976	0.202769	-0.129391
4.9	1.23698	3.94809	1.59874	0.203354	-0.130946
4.905	1.23712	3.95309	1.59773	0.203942	-0.132501
4.91	1.23725	3.95809	1.59671	0.204534	-0.134055
4.915	1.23737	3.96309	1.59568	0.20513	-0.13561
4.92	1.23749	3.96809	1.59466	0.20573	-0.137165
4.925	1.23761	3.97308	1.59363	0.206334	-0.13872
4.93	1.23772	3.97808	1.5926	0.206942	-0.140275
4.935	1.23782	3.98308	1.59156	0.207553	-0.14183
4.94	1.23792	3.98808	1.59053	0.208169	-0.143385
4.945	1.23801	3.99308	1.58949	0.208789	-0.14494
4.95	1.2381	3.99808	1.58844	0.209412	-0.146495
4.955	1.23818	4.00308	1.58739	0.21004	-0.14805
4.96	1.23826	4.00808	1.58634	0.210671	-0.149604
4.965	1.23833	4.01308	1.58529	0.211307	-0.151158
4.97	1.2384	4.01808	1.58423	0.211946	-0.152712
4.975	1.23846	4.02308	1.58317	0.212589	-0.154266
4.98	1.23852	4.02808	1.58211	0.213236	-0.155819
4.985	1.23857	4.03308	1.58105	0.213887	-0.157372
4.99	1.23862	4.03808	1.57998	0.214542	-0.158925
4.995	1.23866	4.04308	1.5789	0.215201	-0.160477
5	1.23869	4.04808	1.57783	0.215864	-0.162029
5.005	1.23872	4.05308	1.57675	0.216531	-0.163581
5.01	1.23875	4.05808	1.57567	0.217202	-0.165132
5.015	1.23876	4.06308	1.57458	0.217876	-0.166683
5.02	1.23878	4.06808	1.57349	0.218555	-0.168233
5.025	1.23879	4.07308	1.5724	0.219237	-0.169782
5.03	1.23879	4.07808	1.5713	0.219924	-0.171331
5.035	1.23879	4.08308	1.5702	0.220614	-0.172879
5.04	1.23878	4.08808	1.5691	0.221308	-0.174427
5.045	1.23876	4.09308	1.56799	0.222006	-0.175974
5.05	1.23874	4.09808	1.56688	0.222708	-0.17752
5.055	1.23872	4.10308	1.56577	0.223414	-0.179066
5.06	1.23869	4.10808	1.56465	0.224124	-0.180611
5.065	1.23865	4.11308	1.56353	0.224837	-0.182155
5.07	1.23861	4.11808	1.56241	0.225555	-0.183698
5.075	1.23856	4.12307	1.56128	0.226277	-0.185241
5.08	1.23851	4.12807	1.56015	0.227002	-0.186782
5.085	1.23845	4.13307	1.55901	0.227731	-0.188323
5.09	1.23838	4.13807	1.55787	0.228465	-0.189863
5.095	1.23831	4.14307	1.55673	0.229202	-0.191401
5.1	1.23824	4.14807	1.55559	0.229943	-0.192939
5.105	1.23816	4.15307	1.55444	0.230688	-0.194476
5.11	1.23807	4.15807	1.55328	0.231436	-0.196011
5.115	1.23798	4.16307	1.55213	0.232189	-0.197546
5.12	1.23788	4.16807	1.55096	0.232945	-0.19908
5.125	1.23777	4.17307	1.5498	0.233706	-0.200612
5.13	1.23766	4.17807	1.54863	0.23447	-0.202143
5.135	1.23754	4.18307	1.54746	0.235238	-0.203673
5.14	1.23742	4.18806	1.54628	0.23601	-0.205202
5.145	1.23729	4.19306	1.5451	0.236786	-0.206729
5.15	1.23716	4.19806	1.54392	0.237566	-0.208256
5.155	1.23702	4.20306	1.54273	0.23835	-0.209781
5.16	1.23687	4.20806	1.54154	0.239137	-0.211304
5.165	1.23672	4.21305	1.54034	0.239929	-0.212826
5.17	1.23656	4.21805	1.53914	0.240724	-0.214347
5.175	1.2364	4.22305	1.53794	0.241523	-0.215866
5.18	1.23623	4.22805	1.53673	0.242326	-0.217384
5.185	1.23605	4.23304	1.53552	0.243133	-0.218901
5.19	1.23587	4.23804	1.5343	0.243944	-0.220415
5.195	1.23568	4.24304	1.53309	0.244758	-0.221929
5.2	1.23548	4.24803	1.53186	0.245577	-0.22344
5.205	1.23528	4.25303	1.53063	0.246399	-0.22495
5.21	1.23508	4.25802	1.5294	0.247225	-0.226459
5.215	1.23486	4.26302	1.52817	0.248055	-0.227965
5.22	1.23464	4.26801	1.52693	0.248889	-0.22947
5.225	1.23442	4.27301	1.52568	0.249727	-0.230974
5.23	1.23419	4.278	1.52443	0.250568	-0.232475
5.235	1.23395	4.283	1.52318	0.251413	-0.233975
5.24	1.23371	4.28799	1.52192	0.252263	-0.235472
5.245	1.23345	4.29299	1.52066	0.253116	-0.236968
5.25	1.2332	4.29798	1.5194	0.253972	-0.238462
5.255	1.23293	4.30297	1.51813	0.254833	-0.239954
5.26	1.23266	4.30797	1.51685	0.255698	-0.241444
5.265	1.23239	4.31296	1.51557	0.256566	-0.242933
5.27	1.23211	4.31795	1.51429	0.257438	-0.244419
5.275	1.23182	4.32294	1.513	0.258314	-0.245903
5.28	1.23152	4.32793	1.51171	0.259194	-0.247384
5.285	1.23122	4.33292	1.51042	0.260077	-0.248864
5.29	1.23091	4.33791	1.50911	0.260964	-0.250342
5.295	1.2306	4.3429	1.50781	0.261856	-0.251817
5.3	1.23028	4.34789	1.5065	0.262751	-0.25329
5.305	1.22995	4.35288	1.50519	0.263649	-0.254761
5.31	1.22961	4.35787	1.50387	0.264552	-0.25623
5.315	1.22927	4.36286	1.50255	0.265458	-0.257696
5.32	1.22893	4.36785	1.50122	0.266368	-0.25916
5.325	1.22857	4.37284	1.49989	0.267282	-0.260622
5.33	1.22821	4.37782	1.49855	0.2682	-0.262081
5.335	1.22784	4.38281	1.49721	0.269122	-0.263538
5.34	1.22747	4.3878	1.49586	0.270047	-0.264992
5.345	1.22709	4.39278	1.49451	0.270976	-0.266444
5.35	1.2267	4.39777	1.49316	0.271909	-0.267893
5.355	1.22631	4.40275	1.4918	0.272845	-0.26934
5.36	1.2259	4.40773	1.49043	0.273786	-0.270784
5.365	1.2255	4.41272	1.48907	0.27473	-0.272225
5.37	1.22508	4.4177	1.48769	0.275678	-0.273664
5.375	1.22466	4.42268	1.48631	0.27663	-0.2751
5.38	1.22423	4.42766	1.48493	0.277585	-0.276533
5.385	1.22379	4.43264	1.48354	0.278544	-0.277963
5.39	1.22335	4.43763	1.48215	0.279507	-0.279391
5.395	1.2229	4.4426	1.48075	0.280474	-0.280815
5.4	1.22245	4.44758	1.47935	0.281445	-0.282237
5.405	1.22198	4.45256	1.47794	0.282419	-0.283656
5.41	1.22151	4.45754	1.47653	0.283397	-0.285072
5.415	1.22103	4.46252	1.47511	0.284379	-0.286485
5.42	1.22055	4.46749	1.47369	0.285364	-0.287895
5.425	1.22006	4.47247	1.47227	0.286353	-0.289302
5.43	1.21956	4.47744	1.47083	0.287346	-0.290706
5.435	1.21905	4.48242	1.4694	0.288343	-0.292107
5.44	1.21854	4.48739	1.46795	0.289344	-0.293504
5.445	1.21802	4.49237	1.46651	0.290348	-0.294899
5.45	1.21749	4.49734	1.46506	0.291356	-0.29629
5.455	1.21696	4.50231	1.4636	0.292367	-0.297678
5.46	1.21641	4.50728	1.46214	0.293383	-0.299063
5.465	1.21586	4.51225	1.46067	0.294402	-0.300444
5.47	1.21531	4.51722	1.4592	0.295424	-0.301822
5.475	1.21474	4.52219	1.45772	0.296451	-0.303197
5.48	1.21417	4.52715	1.45624	0.297481	-0.304568
5.485	1.21359	4.53212	1.45475	0.298515	-0.305935
5.49	1.21301	4.53709	1.45326	0.299553	-0.307299
5.495	1.21241	4.54205	1.45176	0.300594	-0.30866
5.5	1.21181	4.54701	1.45026	0.301639	-0.310017
5.505	1.2112	4.55198	1.44875	0.302688	-0.311371
5.51	1.21059	4.55694	1.44724	0.30374	-0.31272
5.515	1.20996	4.5619	1.44572	0.304796	-0.314067
5.52	1.20933	4.56686	1.44419	0.305856	-0.315409
5.525	1.20869	4.57182	1.44267	0.30692	-0.316748
5.53	1.20805	4.57678	1.44113	0.307987	-0.318083
5.535	1.20739	4.58173	1.43959	0.309058	-0.319414
5.54	1.20673	4.58669	1.43805	0.310132	-0.320741
5.545	1.20606	4.59164	1.43649	0.311211	-0.322064
5.55	1.20538	4.5966	1.43494	0.312293	-0.323384
5.555	1.2047	4.60155	1.43338	0.313378	-0.324699
5.56	1.20401	4.6065	1.43181	0.314468	-0.326011
5.565	1.2033	4.61145	1.43024	0.31556	-0.327318
5.57	1.2026	4.6164	1.42866	0.316657	-0.328621
5.575	1.20188	4.62135	1.42708	0.317757	-0.329921
5.58	1.20116	4.6263	1.42549	0.318861	-0.331216
5.585	1.20042	4.63124	1.42389	0.319969	-0.332507
5.59	1.19968	4.63619	1.42229	0.32108	-0.333793
5.595	1.19894	4.64113	1.42069	0.322195	-0.335076
5.6	1.19818	4.64608	1.41908	0.323314	-0.336354
5.605	1.19742	4.65102	1.41746	0.324436	-0.337628
5.61	1.19665	4.65596	1.41584	0.325562	-0.338897
5.615	1.19587	4.6609	1.41421	0.326692	-0.340162
5.62	1.19508	4.66583	1.41258	0.327825	-0.341423
5.625	1.19428	4.67077	1.41094	0.328962	-0.342679
5.63	1.19348	4.67571	1.40929	0.330102	-0.343931
5.635	1.19267	4.68064	1.40764	0.331247	-0.345178
5.64	1.19185	4.68557	1.40599	0.332394	-0.34642
5.645	1.19102	4.6905	1.40432	0.333546	-0.347658
5.65	1.19018	4.69543	1.40266	0.334701	-0.348891
5.655	1.18934	4.70036	1.40098	0.33586	-0.35012
5.66	1.18848	4.70529	1.3993	0.337022	-0.351343
5.665	1.18762	4.71021	1.39762	0.338188	-0.352562
5.67	1.18675	4.71513	1.39593	0.339358	-0.353776
5.675	1.18587	4.72006	1.39423	0.340531	-0.354986
5.68	1.18499	4.72498	1.39253	0.341708	-0.35619
5.685	1.18409	4.7299	1.39082	0.342888	-0.35739
5.69	1.18319	4.73481	1.38911	0.344072	-0.358584
5.695	1.18228	4.73973	1.38739	0.34526	-0.359773
5.7	1.18136	4.74465	1.38566	0.346452	-0.360958
5.705	1.18043	4.74956	1.38393	0.347647	-0.362137
5.71	1.17949	4.75447	1.38219	0.348845	-0.363311
5.715	1.17854	4.75938	1.38044	0.350047	-0.36448
5.72	1.17759	4.76429	1.37869	0.351253	-0.365644
5.725	1.17662	4.76919	1.37694	0.352463	-0.366803
5.73	1.17565	4.7741	1.37518	0.353676	-0.367956
5.735	1.17467	4.779	1.37341	0.354893	-0.369104
5.74	1.17368	4.7839	1.37163	0.356113	-0.370247
5.745	1.17269	4.7888	1.36985	0.357337	-0.371384
5.75	1.17168	4.7937	1.36807	0.358564	-0.372515
5.755	1.17066	4.7986	1.36627	0.359795	-0.373642
5.76	1.16964	4.80349	1.36447	0.36103	-0.374762
5.765	1.16861	4.80838	1.36267	0.362269	-0.375878
5.77	1.16756	4.81327	1.36086	0.36351	-0.376987
5.775	1.16651	4.81816	1.35904	0.364756	-0.378091
5.78	1.16545	4.82305	1.35722	0.366005	-0.379189
5.785	1.16438	4.82793	1.35539	0.367258	-0.380282
5.79	1.16331	4.83281	1.35355	0.368514	-0.381369
5.795	1.16222	4.83769	1.35171	0.369774	-0.382449
5.8	1.16112	4.84257	1.34986	0.371038	-0.383525
5.805	1.16002	4.84745	1.348	0.372305	-0.384594
5.81	1.15891	4.85232	1.34614	0.373576	-0.385657
5.815	1.15778	4.8572	1.34427	0.37485	-0.386714
5.82	1.15665	4.86207	1.3424	0.376128	-0.387766
5.825	1.15551	4.86693	1.34052	0.37741	-0.388811
5.83	1.15436	4.8718	1.33863	0.378695	-0.38985
5.835	1.1532	4.87666	1.33674	0.379984	-0.390883
5.84	1.15203	4.88152	1.33484	0.381276	-0.39191
5.845	1.15085	4.88638	1.33293	0.382572	-0.39293
5.85	1.14966	4.89124	1.33102	0.383872	-0.393945
5.855	1.14847	4.8961	1.3291	0.385175	-0.394953
5.86	1.14726	4.90095	1.32717	0.386482	-0.395955
5.865	1.14605	4.9058	1.32524	0.387792	-0.39695
5.87	1.14482	4.91065	1.3233	0.389106	-0.397939
5.875	1.14359	4.91549	1.32136	0.390423	-0.398921
5.88	1.14234	4.92033	1.3194	0.391745	-0.399897
5.885	1.14109	4.92517	1.31745	0.393069	-0.400867
5.89	1.13983	4.93001	1.31548	0.394398	-0.401829
5.895	1.13856	4.93485	1.31351	0.39573	-0.402786
5.9	1.13727	4.93968	1.31153	0.397065	-0.403735
5.905	1.13598	4.94451	1.30954	0.398404	-0.404678
5.91	1.13468	4.94934	1.30755	0.399747	-0.405614
5.915	1.13337	4.95416	1.30555	0.401093	-0.406543
5.92	1.13205	4.95899	1.30355	0.402443	-0.407465
5.925	1.13072	4.96381	1.30154	0.403797	-0.408381
5.93	1.12938	4.96862	1.29952	0.405154	-0.409289
5.935	1.12803	4.97344	1.29749	0.406515	-0.410191
5.94	1.12667	4.97825	1.29546	0.407879	-0.411085
5.945	1.1253	4.98306	1.29342	0.409247	-0.411973
5.95	1.12392	4.98786	1.29137	0.410619	-0.412853
5.955	1.12253	4.99267	1.28932	0.411994	-0.413726
5.96	1.12114	4.99747	1.28726	0.413373	-0.414592
5.965	1.11973	5.00226	1.28519	0.414755	-0.415451
5.97	1.11831	5.00706	1.28312	0.416141	-0.416303
5.975	1.11688	5.01185	1.28104	0.417531	-0.417147
5.98	1.11544	5.01664	1.27895	0.418924	-0.417984
5.985	1.11399	5.02143	1.27686	0.420321	-0.418813
5.99	1.11253	5.02621	1.27476	0.421722	-0.419635
5.995	1.11106	5.03099	1.27265	0.423126	-0.420449
6	1.10959	5.03576	1.27053	0.424534	-0.421256
6.005	1.1081	5.04054	1.26841	0.425945	-0.422056
6.01	1.1066	5.04531	1.26628	0.42736	-0.422847
6.015	1.10509	5.05007	1.26414	0.428779	-0.423631
6.02	1.10357	5.05484	1.262	0.430201	-0.424407
6.025	1.10204	5.0596	1.25985	0.431627	-0.425176
6.03	1.1005	5.06435	1.25769	0.433057	-0.425937
6.035	1.09895	5.06911	1.25552	0.43449	-0.426689
6.04	1.09739	5.07386	1.25335	0.435927	-0.427434
6.045	1.09582	5.0786	1.25117	0.437367	-0.428171
6.05	1.09424	5.08335	1.24898	0.438811	-0.4289
6.055	1.09264	5.08809	1.24679	0.440259	-0.429621
6.06	1.09104	5.09282	1.24459	0.441711	-0.430334
6.065	1.08943	5.09756	1.24238	0.443166	-0.431039
6.07	1.08781	5.10229	1.24016	0.444625	-0.431736
6.075	1.08617	5.10701	1.23794	0.446087	-0.432424
6.08	1.08453	5.11173	1.23571	0.447553	-0.433104
6.085	1.08287	5.11645	1.23347	0.449023	-0.433776
6.09	1.08121	5.12117	1.23123	0.450497	-0.43444
6.095	1.07953	5.12588	1.22898	0.451974	-0.435095
6.1	1.07784	5.13058	1.22672	0.453455	-0.435741
6.105	1.07615	5.13529	1.22445	0.454939	-0.43638
6.11	1.07444	5.13999	1.22217	0.456428	-0.437009
6.115	1.07272	5.14468	1.21989	0.45792	-0.43763
6.12	1.07099	5.14937	1.2176	0.459415	-0.438243
6.125	1.06925	5.15406	1.21531	0.460915	-0.438847
6.13	1.0675	5.15874	1.213	0.462418	-0.439442
6.135	1.06574	5.16342	1.21069	0.463925	-0.440028
6.14	1.06396	5.1681	1.20837	0.465435	-0.440606
6.145	1.06218	5.17277	1.20604	0.466949	-0.441174
6.15	1.06039	5.17744	1.20371	0.468468	-0.441734
6.155	1.05858	5.1821	1.20136	0.469989	-0.442285
6.16	1.05676	5.18676	1.19901	0.471515	-0.442827
6.165	1.05494	5.19141	1.19666	0.473044	-0.44336
6.17	1.0531	5.19606	1.19429	0.474577	-0.443884
6.175	1.05125	5.20071	1.19192	0.476114	-0.444398
6.18	1.04939	5.20535	1.18954	0.477655	-0.444904
6.185	1.04752	5.20998	1.18715	0.479199	-0.4454
6.19	1.04564	5.21462	1.18475	0.480747	-0.445887
6.195	1.04374	5.21924	1.18235	0.482299	-0.446365
6.2	1.04184	5.22387	1.17994	0.483855	-0.446833
6.205	1.03992	5.22848	1.17752	0.485414	-0.447292
6.21	1.03799	5.2331	1.17509	0.486978	-0.447742
6.215	1.03605	5.23771	1.17266	0.488545	-0.448182
6.22	1.0341	5.24231	1.17021	0.490116	-0.448612
6.225	1.03214	5.24691	1.16776	0.491691	-0.449033
6.23	1.03017	5.2515	1.16531	0.49327	-0.449445
6.235	1.02819	5.25609	1.16284	0.494852	-0.449846
6.24	1.02619	5.26068	1.16037	0.496439	-0.450238
6.245	1.02419	5.26526	1.15788	0.498029	-0.45062
6.25	1.02217	5.26983	1.15539	0.499623	-0.450993
6.255	1.02014	5.2744	1.15289	0.501221	-0.451355
6.26	1.0181	5.27897	1.15039	0.502823	-0.451708
6.265	1.01605	5.28353	1.14787	0.504429	-0.452051
6.27	1.01398	5.28808	1.14535	0.506039	-0.452383
6.275	1.01191	5.29263	1.14282	0.507653	-0.452706
6.28	1.00982	5.29717	1.14028	0.50927	-0.453018
6.285	1.00772	5.30171	1.13774	0.510892	-0.453321
6.29	1.00561	5.30625	1.13518	0.512517	-0.453613
6.295	1.00349	5.31077	1.13262	0.514147	-0.453895
6.3	1.00136	5.3153	1.13005	0.515781	-0.454167
6.305	0.999214	5.31981	1.12747	0.517418	-0.454428
6.31	0.997057	5.32432	1.12488	0.51906	-0.454679
6.315	0.994889	5.32883	1.12229	0.520705	-0.454919
6.32	0.992709	5.33333	1.11969	0.522355	-0.45515
6.325	0.990518	5.33782	1.11707	0.524008	-0.455369
6.33	0.988314	5.34231	1.11445	0.525666	-0.455578
6.335	0.986099	5.34679	1.11182	0.527328	-0.455777
6.34	0.983872	5.35127	1.10919	0.528993	-0.455965
6.345	0.981634	5.35574	1.10654	0.530663	-0.456142
6.35	0.979383	5.36021	1.10389	0.532337	-0.456308
6.355	0.97712	5.36467	1.10123	0.534015	-0.456464
6.36	0.974846	5.36912	1.09856	0.535697	-0.456609
6.365	0.97256	5.37356	1.09588	0.537384	-0.456743
6.37	0.970262	5.37801	1.09319	0.539074	-0.456866
6.375	0.967951	5.38244	1.0905	0.540769	-0.456978
6.38	0.965629	5.38687	1.08779	0.542468	-0.457079
6.385	0.963295	5.39129	1.08508	0.544171	-0.457169
6.39	0.960949	5.3957	1.08236	0.545878	-0.457248
6.395	0.95859	5.40011	1.07963	0.547589	-0.457316
6.4	0.95622	5.40452	1.07689	0.549305	-0.457372
6.405	0.953838	5.40891	1.07415	0.551025	-0.457418
6.41	0.951443	5.4133	1.07139	0.552749	-0.457452
6.415	0.949036	5.41768	1.06863	0.554478	-0.457474
6.42	0.946618	5.42206	1.06586	0.556211	-0.457486
6.425	0.944187	5.42643	1.06307	0.557948	-0.457486
6.43	0.941744	5.43079	1.06028	0.55969	-0.457474
6.435	0.939288	5.43515	1.05749	0.561435	-0.457451
6.44	0.936821	5.4395	1.05468	0.563186	-0.457417
6.445	0.934341	5.44384	1.05186	0.56494	-0.45737
6.45	0.931849	5.44817	1.04904	0.5667	-0.457313
6.455	0.929345	5.4525	1.0462	0.568463	-0.457243
6.46	0.926828	5.45682	1.04336	0.570231	-0.457162
6.465	0.924299	5.46113	1.04051	0.572004	-0.457069
6.47	0.921758	5.46544	1.03765	0.573781	-0.456964
6.475	0.919204	5.46974	1.03478	0.575562	-0.456847
6.48	0.916639	5.47403	1.0319	0.577348	-0.456719
6.485	0.91406	5.47831	1.02902	0.579139	-0.456578
6.49	0.91147	5.48259	1.02612	0.580934	-0.456426
6.495	0.908866	5.48686	1.02322	0.582734	-0.456261
6.5	0.906251	5.49112	1.0203	0.584539	-0.456084
6.505	0.903623	5.49537	1.01738	0.586348	-0.455895
6.51	0.900982	5.49962	1.01445	0.588162	-0.455694
6.515	0.89833	5.50386	1.01151	0.58998	-0.455481
6.52	0.895664	5.50809	1.00856	0.591804	-0.455256
6.525	0.892986	5.51231	1.0056	0.593632	-0.455018
6.53	0.890296	5.51653	1.00263	0.595464	-0.454768
6.535	0.887593	5.52073	0.999654	0.597302	-0.454505
6.54	0.884877	5.52493	0.996668	0.599145	-0.45423
6.545	0.882149	5.52912	0.993672	0.600992	-0.453943
6.55	0.879409	5.5333	0.990667	0.602844	-0.453643
6.555	0.876655	5.53748	0.987653	0.604701	-0.45333
6.56	0.873889	5.54164	0.984629	0.606563	-0.453005
6.565	0.871111	5.5458	0.981596	0.608431	-0.452668
6.57	0.86832	5.54995	0.978554	0.610303	-0.452317
6.575	0.865516	5.55409	0.975503	0.61218	-0.451954
6.58	0.8627	5.55822	0.972442	0.614062	-0.451578
6.585	0.859871	5.56234	0.969372	0.615949	-0.451189
6.59	0.857029	5.56645	0.966292	0.617842	-0.450788
6.595	0.854174	5.57056	0.963203	0.61974	-0.450373
6.6	0.851307	5.57466	0.960104	0.621642	-0.449945
6.605	0.848427	5.57874	0.956996	0.623551	-0.449505
6.61	0.845535	5.58282	0.953878	0.625464	-0.449052
6.615	0.842629	5.58689	0.950751	0.627383	-0.448585
6.62	0.839711	5.59095	0.947614	0.629307	-0.448105
6.625	0.83678	5.595	0.944467	0.631236	-0.447613
6.63	0.833837	5.59904	0.941311	0.633171	-0.447107
6.635	0.83088	5.60308	0.938145	0.635111	-0.446587
6.64	0.827911	5.6071	0.93497	0.637057	-0.446055
6.645	0.824929	5.61111	0.931784	0.639008	-0.445509
6.65	0.821934	5.61512	0.928589	0.640965	-0.44495
6.655	0.818927	5.61911	0.925384	0.642928	-0.444377
6.66	0.815906	5.6231	0.92217	0.644896	-0.443792
6.665	0.812873	5.62707	0.918945	0.64687	-0.443192
6.67	0.809827	5.63103	0.915711	0.64885	-0.442579
6.675	0.806768	5.63499	0.912467	0.650835	-0.441953
6.68	0.803696	5.63894	0.909213	0.652826	-0.441313
6.685	0.800611	5.64287	0.905948	0.654824	-0.440659
6.69	0.797514	5.6468	0.902674	0.656827	-0.439992
6.695	0.794403	5.65071	0.89939	0.658836	-0.439311
6.7	0.79128	5.65461	0.896096	0.660851	-0.438616
6.705	0.788144	5.65851	0.892792	0.662872	-0.437908
6.71	0.784995	5.66239	0.889477	0.6649	-0.437185
6.715	0.781833	5.66627	0.886153	0.666933	-0.436449
6.72	0.778658	5.67013	0.882818	0.668973	-0.435699
6.725	0.77547	5.67398	0.879473	0.671019	-0.434935
6.73	0.772269	5.67782	0.876118	0.673072	-0.434157
6.735	0.769056	5.68165	0.872753	0.67513	-0.433365
6.74	0.765829	5.68547	0.869377	0.677196	-0.432559
6.745	0.76259	5.68928	0.865991	0.679268	-0.431739
6.75	0.759337	5.69308	0.862595	0.681346	-0.430905
6.755	0.756072	5.69686	0.859188	0.683431	-0.430057
6.76	0.752794	5.70064	0.855771	0.685523	-0.429195
6.765	0.749503	5.7044	0.852343	0.687622	-0.428318
6.77	0.746199	5.70816	0.848905	0.689727	-0.427427
6.775	0.742882	5.7119	0.845457	0.691839	-0.426522
6.78	0.739552	5.71563	0.841997	0.693959	-0.425603
6.785	0.736209	5.71935	0.838528	0.696085	-0.424669
6.79	0.732853	5.72305	0.835047	0.698218	-0.423721
6.795	0.729485	5.72675	0.831556	0.700359	-0.422758
6.8	0.726103	5.73043	0.828054	0.702507	-0.421781
6.805	0.722709	5.7341	0.824542	0.704662	-0.42079
6.81	0.719301	5.73776	0.821018	0.706825	-0.419784
6.815	0.715881	5.74141	0.817484	0.708995	-0.418764
6.82	0.712448	5.74504	0.813939	0.711173	-0.417729
6.825	0.709002	5.74867	0.810384	0.713358	-0.416679
6.83	0.705543	5.75228	0.806817	0.715551	-0.415615
6.835	0.702071	5.75587	0.803239	0.717752	-0.414536
6.84	0.698586	5.75946	0.79965	0.719961	-0.413442
6.845	0.695088	5.76303	0.79605	0.722178	-0.412334
6.85	0.691578	5.76659	0.79244	0.724403	-0.41121
6.855	0.688054	5.77014	0.788818	0.726636	-0.410072
6.86	0.684518	5.77368	0.785184	0.728877	-0.40892
6.865	0.680969	5.7772	0.78154	0.731127	-0.407752
6.87	0.677407	5.78071	0.777884	0.733385	-0.406569
6.875	0.673832	5.7842	0.774217	0.735652	-0.405372
6.88	0.670244	5.78769	0.770539	0.737928	-0.40416
6.885	0.666644	5.79115	0.766849	0.740212	-0.402932
6.89	0.663031	5.79461	0.763148	0.742505	-0.40169
6.895	0.659405	5.79805	0.759436	0.744808	-0.400433
6.9	0.655766	5.80148	0.755712	0.747119	-0.39916
6.905	0.652114	5.8049	0.751976	0.749439	-0.397873
6.91	0.648449	5.8083	0.748229	0.751769	-0.39657
6.915	0.644772	5.81169	0.74447	0.754109	-0.395252
6.92	0.641082	5.81506	0.7407	0.756458	-0.393919
6.925	0.63738	5.81842	0.736917	0.758817	-0.392571
6.93	0.633664	5.82177	0.733123	0.761185	-0.391208
6.935	0.629936	5.8251	0.729317	0.763564	-0.389829
6.94	0.626195	5.82842	0.7255	0.765953	-0.388436
6.945	0.622442	5.83172	0.72167	0.768352	-0.387026
6.95	0.618675	5.83501	0.717828	0.770761	-0.385602
6.955	0.614897	5.83828	0.713974	0.773181	-0.384162
6.96	0.611105	5.84154	0.710108	0.775612	-0.382707
6.965	0.607301	5.84479	0.70623	0.778054	-0.381236
6.97	0.603484	5.84802	0.70234	0.780506	-0.37975
6.975	0.599655	5.85123	0.698437	0.78297	-0.378249
6.98	0.595813	5.85443	0.694523	0.785446	-0.376732
6.985	0.591959	5.85762	0.690595	0.787932	-0.375199
6.99	0.588092	5.86079	0.686656	0.790431	-0.373651
6.995	0.584213	5.86394	0.682704	0.792941	-0.372088
7	0.580321	5.86708	0.678739	0.795464	-0.370508
7.005	0.576417	5.8702	0.674762	0.797998	-0.368914
7.01	0.5725	5.87331	0.670772	0.800545	-0.367303
7.015	0.568571	5.8764	0.666769	0.803105	-0.365677
7.02	0.564629	5.87948	0.662753	0.805678	-0.364036
7.025	0.560675	5.88254	0.658725	0.808263	-0.362378
7.03	0.556709	5.88559	0.654684	0.810862	-0.360705
7.035	0.552731	5.88861	0.650629	0.813475	-0.359016
7.04	0.54874	5.89163	0.646562	0.816101	-0.357312
7.045	0.544737	5.89462	0.642481	0.818741	-0.355591
7.05	0.540722	5.8976	0.638388	0.821395	-0.353855
7.055	0.536694	5.90056	0.634281	0.824064	-0.352103
7.06	0.532654	5.90351	0.63016	0.826748	-0.350335
7.065	0.528603	5.90644	0.626027	0.829446	-0.348551
7.07	0.524539	5.90935	0.621879	0.83216	-0.346752
7.075	0.520463	5.91225	0.617719	0.834889	-0.344936
7.08	0.516375	5.91513	0.613544	0.837634	-0.343104
7.085	0.512275	5.91799	0.609356	0.840395	-0.341257
7.09	0.508163	5.92083	0.605154	0.843172	-0.339393
7.095	0.504038	5.92366	0.600938	0.845966	-0.337514
7.1	0.499903	5.92647	0.596708	0.848777	-0.335618
7.105	0.495755	5.92926	0.592464	0.851606	-0.333706
7.11	0.491595	5.93204	0.588206	0.854452	-0.331779
7.115	0.487424	5.93479	0.583934	0.857316	-0.329835
7.12	0.48324	5.93753	0.579648	0.860198	-0.327875
7.125	0.479045	5.94025	0.575347	0.863099	-0.325899
7.13	0.474838	5.94296	0.571031	0.86602	-0.323906
7.135	0.47062	5.94564	0.566701	0.868959	-0.321898
7.14	0.46639	5.94831	0.562356	0.871919	-0.319873
7.145	0.462149	5.95095	0.557997	0.874899	-0.317832
7.15	0.457895	5.95358	0.553622	0.8779	-0.315775
7.155	0.453631	5.95619	0.549233	0.880922	-0.313701
7.16	0.449355	5.95878	0.544828	0.883966	-0.311611
7.165	0.445067	5.96136	0.540408	0.887032	-0.309505
7.17	0.440768	5.96391	0.535973	0.89012	-0.307382
7.175	0.436458	5.96644	0.531522	0.893232	-0.305243
7.18	0.432137	5.96896	0.527056	0.896367	-0.303088
7.185	0.427804	5.97145	0.522574	0.899526	-0.300916
7.19	0.42346	5.97393	0.518077	0.902711	-0.298727
7.195	0.419105	5.97639	0.513563	0.90592	-0.296522
7.2	0.414739	5.97882	0.509034	0.909156	-0.294301
7.205	0.410362	5.98124	0.504488	0.912418	-0.292063
7.21	0.405974	5.98364	0.499926	0.915708	-0.289808
7.215	0.401575	5.98601	0.495347	0.919025	-0.287537
7.22	0.397165	5.98837	0.490752	0.922372	-0.285249
7.225	0.392744	5.99071	0.48614	0.925747	-0.282944
7.23	0.388313	5.99302	0.481512	0.929153	-0.280622
7.235	0.383871	5.99532	0.476866	0.932589	-0.278284
7.24	0.379418	5.99759	0.472203	0.936058	-0.275929
7.245	0.374954	5.99984	0.467523	0.939558	-0.273557
7.25	0.37048	6.00208	0.462825	0.943093	-0.271168
7.255	0.365996	6.00429	0.458109	0.946661	-0.268763
7.26	0.361501	6.00648	0.453376	0.950265	-0.26634
7.265	0.356996	6.00865	0.448625	0.953906	-0.2639
7.27	0.35248	6.01079	0.443855	0.957584	-0.261443
7.275	0.347955	6.01292	0.439067	0.9613	-0.258969
7.28	0.343419	6.01502	0.434261	0.965056	-0.256478
7.285	0.338873	6.01711	0.429435	0.968852	-0.25397
7.29	0.334317	6.01916	0.424591	0.972691	-0.251444
7.295	0.329751	6.0212	0.419728	0.976573	-0.248902
7.3	0.325175	6.02322	0.414845	0.9805	-0.246341
7.305	0.320589	6.02521	0.409942	0.984472	-0.243764
7.31	0.315993	6.02718	0.40502	0.988493	-0.241169
7.315	0.311388	6.02913	0.400077	0.992562	-0.238556
7.32	0.306774	6.03105	0.395115	0.996683	-0.235926
7.325	0.302149	6.03295	0.390131	1.00086	-0.233278
7.33	0.297516	6.03483	0.385127	1.00508	-0.230612
7.335	0.292872	6.03669	0.380102	1.00937	-0.227928
7.34	0.28822	6.03852	0.375055	1.01371	-0.225227
7.345	0.283558	6.04033	0.369986	1.01811	-0.222508
7.35	0.278887	6.04211	0.364896	1.02257	-0.21977
7.355	0.274208	6.04387	0.359783	1.0271	-0.217015
7.36	0.269519	6.04561	0.354647	1.0317	-0.214241
7.365	0.264821	6.04732	0.349489	1.03637	-0.211449
7.37	0.260114	6.04901	0.344307	1.04111	-0.208638
7.375	0.255399	6.05067	0.339101	1.04592	-0.205809
7.38	0.250675	6.05231	0.333872	1.05082	-0.202961
7.385	0.245943	6.05392	0.328618	1.05579	-0.200095
7.39	0.241202	6.05551	0.323339	1.06086	-0.197209
7.395	0.236453	6.05708	0.318034	1.06601	-0.194305
7.4	0.231695	6.05861	0.312704	1.07125	-0.191382
7.405	0.226929	6.06013	0.307348	1.0766	-0.188439
7.41	0.222156	6.06161	0.301965	1.08204	-0.185477
7.415	0.217374	6.06307	0.296555	1.0876	-0.182495
7.42	0.212584	6.06451	0.291117	1.09326	-0.179494
7.425	0.207787	6.06592	0.285651	1.09905	-0.176473
7.43	0.202982	6.0673	0.280155	1.10496	-0.173432
7.435	0.198169	6.06866	0.274631	1.111	-0.170371
7.44	0.193349	6.06999	0.269076	1.11718	-0.16729
7.445	0.188522	6.07129	0.26349	1.1235	-0.164188
7.45	0.183687	6.07256	0.257872	1.12998	-0.161066
7.455	0.178845	6.07381	0.252222	1.13663	-0.157922
7.46	0.173996	6.07503	0.246539	1.14345	-0.154758
7.465	0.169141	6.07622	0.240822	1.15045	-0.151572
7.47	0.164278	6.07739	0.23507	1.15765	-0.148366
7.475	0.159409	6.07853	0.229281	1.16506	-0.145137
7.48	0.154533	6.07963	0.223456	1.17269	-0.141887
7.485	0.149651	6.08071	0.217593	1.18057	-0.138615
7.49	0.144763	6.08176	0.21169	1.18871	-0.13532
7.495	0.139868	6.08278	0.205746	1.19712	-0.132004
7.5	0.134968	6.08378	0.199761	1.20584	-0.128664
7.505	0.130061	6.08474	0.193731	1.21489	-0.125303
7.51	0.125149	6.08567	0.187657	1.22429	-0.121918
7.515	0.120231	6.08657	0.181536	1.23409	-0.118511
7.52	0.115308	6.08745	0.175365	1.24432	-0.115082
7.525	0.110379	6.08829	0.169143	1.25502	-0.11163
7.53	0.105445	6.0891	0.162868	1.26624	-0.108155
7.535	0.100507	6.08988	0.156537	1.27806	-0.104659
7.54	0.0955629	6.09063	0.150147	1.29053	-0.101142
7.545	0.0906144	6.09134	0.143694	1.30374	-0.0976042
7.55	0.0856614	6.09203	0.137176	1.31781	-0.0940476
7.555	0.080704	6.09268	0.130587	1.33285	-0.0904741
7.56	0.0757423	6.0933	0.123922	1.34903	-0.0868863
7.565	0.0707766	6.09388	0.117177	1.36655	-0.0832879
7.57	0.065807	6.09443	0.110344	1.38568	-0.0796843
7.575	0.0608337	6.09495	0.103416	1.40675	-0.0760831
7.58	0.0558569	6.09543	0.0963822	1.43024	-0.0724952
7.585	0.0508768	6.09587	0.089231	1.45681	-0.0689367
7.59	0.0458936	6.09628	0.081947	1.48739	-0.0654318
7.595	0.0409075	6.09666	0.07451	1.52343	-0.0620181
7.6	0.0359186	6.09699	0.0668929	1.56719	-0.0587558
7.605	0.0309274	6.09728	0.0590569	1.62256	-0.0557473
7.61	0.0259338	6.09754	0.0509441	1.69667	-0.0531771
7.615	0.0209383	6.09775	0.0424607	1.80422	-0.0514118
7.62	0.0159411	6.09792	0.0334397	1.98032	-0.0512831
7.625	0.0109425	6.09804	0.023538	2.32993	-0.055146
7.63	0.00594288	6.0981	0.0118884	3.30752	-0.0733297
7.635	0.000942937	6.09807	-0.00464919	9.27116	-0.268543
