descriptor s_test R_test Z_test
0	1.66288	9.99999e-006	0.002	-0.401952	-0.00161615
0.005	1.65788	3.00487e-005	0.00400976	-0.403908	-0.00324848
0.01	1.65288	6.01951e-005	0.0060293	-0.405866	-0.00489698
0.015	1.64788	0.000100488	0.00805863	-0.407827	-0.00656168
0.02	1.64288	0.000150976	0.0100978	-0.409791	-0.00824259
0.025	1.63788	0.000211708	0.0121467	-0.411758	-0.00993972
0.03	1.63288	0.000282733	0.0142055	-0.413729	-0.0116531
0.035	1.62788	0.0003641	0.0162742	-0.415703	-0.0133827
0.04	1.62288	0.000455858	0.0183527	-0.41768	-0.0151286
0.045	1.61788	0.000558057	0.0204411	-0.419661	-0.0168907
0.05	1.61289	0.000670744	0.0225394	-0.421645	-0.0186691
0.055	1.60789	0.000793969	0.0246476	-0.423633	-0.0204638
0.06	1.60289	0.000927782	0.0267658	-0.425624	-0.0222749
0.065	1.59789	0.00107223	0.0288939	-0.42762	-0.0241022
0.07	1.59289	0.00122737	0.031032	-0.429619	-0.0259459
0.075	1.5879	0.00139324	0.0331801	-0.431622	-0.0278059
0.08	1.5829	0.00156989	0.0353382	-0.43363	-0.0296823
0.085	1.5779	0.00175738	0.0375063	-0.435641	-0.031575
0.09	1.57291	0.00195575	0.0396845	-0.437657	-0.0334841
0.095	1.56791	0.00216505	0.0418728	-0.439677	-0.0354096
0.1	1.56292	0.00238534	0.0440712	-0.441701	-0.0373514
0.105	1.55792	0.00261665	0.0462797	-0.44373	-0.0393097
0.11	1.55293	0.00285905	0.0484984	-0.445764	-0.0412844
0.115	1.54793	0.00311258	0.0507272	-0.447802	-0.0432755
0.12	1.54294	0.00337728	0.0529662	-0.449845	-0.045283
0.125	1.53795	0.00365322	0.0552154	-0.451893	-0.047307
0.13	1.53296	0.00394044	0.0574749	-0.453946	-0.0493475
0.135	1.52797	0.00423898	0.0597446	-0.456004	-0.0514043
0.14	1.52297	0.00454891	0.0620246	-0.458067	-0.0534777
0.145	1.51799	0.00487026	0.064315	-0.460135	-0.0555675
0.15	1.513	0.00520309	0.0666156	-0.462209	-0.0576739
0.155	1.50801	0.00554745	0.0689267	-0.464289	-0.0597967
0.16	1.50302	0.00590339	0.0712481	-0.466374	-0.061936
0.165	1.49803	0.00627096	0.07358	-0.468464	-0.0640918
0.17	1.49305	0.00665021	0.0759223	-0.470561	-0.0662642
0.175	1.48806	0.00704118	0.0782751	-0.472663	-0.068453
0.18	1.48308	0.00744394	0.0806384	-0.474771	-0.0706584
0.185	1.4781	0.00785852	0.0830123	-0.476886	-0.0728804
0.19	1.47312	0.00828499	0.0853967	-0.479007	-0.0751189
0.195	1.46813	0.00872338	0.0877918	-0.481134	-0.0773739
0.2	1.46316	0.00917376	0.0901974	-0.483267	-0.0796455
0.205	1.45818	0.00963616	0.0926138	-0.485408	-0.0819337
0.21	1.4532	0.0101107	0.0950408	-0.487555	-0.0842384
0.215	1.44822	0.0105973	0.0974786	-0.489708	-0.0865597
0.22	1.44325	0.0110961	0.0999271	-0.491869	-0.0888976
0.225	1.43827	0.0116071	0.102386	-0.494037	-0.0912521
0.23	1.4333	0.0121304	0.104857	-0.496212	-0.0936232
0.235	1.42833	0.0126661	0.107338	-0.498394	-0.0960109
0.24	1.42336	0.0132141	0.10983	-0.500583	-0.0984152
0.245	1.41839	0.0137746	0.112333	-0.502781	-0.100836
0.25	1.41342	0.0143476	0.114846	-0.504986	-0.103274
0.255	1.40846	0.0149331	0.117371	-0.507198	-0.105728
0.26	1.4035	0.0155312	0.119907	-0.509419	-0.108199
0.265	1.39853	0.016142	0.122455	-0.511648	-0.110686
0.27	1.39357	0.0167654	0.125013	-0.513885	-0.11319
0.275	1.38861	0.0174016	0.127582	-0.51613	-0.115711
0.28	1.38365	0.0180505	0.130163	-0.518384	-0.118248
0.285	1.3787	0.0187124	0.132755	-0.520646	-0.120802
0.29	1.37374	0.0193871	0.135358	-0.522917	-0.123373
0.295	1.36879	0.0200748	0.137973	-0.525198	-0.12596
0.3	1.36384	0.0207755	0.140599	-0.527487	-0.128564
0.305	1.35889	0.0214892	0.143236	-0.529785	-0.131184
0.31	1.35395	0.022216	0.145885	-0.532093	-0.133822
0.315	1.349	0.022956	0.148545	-0.53441	-0.136475
0.32	1.34406	0.0237092	0.151217	-0.536737	-0.139146
0.325	1.33912	0.0244757	0.153901	-0.539073	-0.141833
0.33	1.33418	0.0252555	0.156596	-0.54142	-0.144537
0.335	1.32924	0.0260486	0.159304	-0.543777	-0.147258
0.34	1.32431	0.0268552	0.162022	-0.546144	-0.149995
0.345	1.31937	0.0276753	0.164753	-0.548521	-0.152749
0.35	1.31444	0.0285088	0.167496	-0.550909	-0.155519
0.355	1.30952	0.029356	0.17025	-0.553308	-0.158307
0.36	1.30459	0.0302168	0.173017	-0.555717	-0.16111
0.365	1.29967	0.0310912	0.175795	-0.558138	-0.163931
0.37	1.29475	0.0319794	0.178586	-0.56057	-0.166768
0.375	1.28983	0.0328814	0.181389	-0.563013	-0.169622
0.38	1.28491	0.0337972	0.184204	-0.565468	-0.172493
0.385	1.28	0.0347269	0.187031	-0.567935	-0.17538
0.39	1.27509	0.0356706	0.189871	-0.570414	-0.178284
0.395	1.27018	0.0366282	0.192723	-0.572904	-0.181204
0.4	1.26528	0.0376	0.195588	-0.575407	-0.184141
0.405	1.26038	0.0385858	0.198465	-0.577923	-0.187095
0.41	1.25548	0.0395858	0.201354	-0.580451	-0.190065
0.415	1.25058	0.0406	0.204257	-0.582992	-0.193053
0.42	1.24569	0.0416284	0.207172	-0.585546	-0.196056
0.425	1.2408	0.0426712	0.210099	-0.588114	-0.199077
0.43	1.23591	0.0437284	0.21304	-0.590695	-0.202114
0.435	1.23103	0.0448	0.215993	-0.593289	-0.205167
0.44	1.22615	0.045886	0.21896	-0.595897	-0.208237
0.445	1.22127	0.0469866	0.221939	-0.59852	-0.211324
0.45	1.2164	0.0481018	0.224932	-0.601156	-0.214428
0.455	1.21153	0.0492317	0.227938	-0.603807	-0.217547
0.46	1.20666	0.0503762	0.230957	-0.606473	-0.220684
0.465	1.20179	0.0515355	0.233989	-0.609153	-0.223837
0.47	1.19693	0.0527096	0.237035	-0.611849	-0.227007
0.475	1.19208	0.0538986	0.240094	-0.614559	-0.230193
0.48	1.18723	0.0551025	0.243167	-0.617286	-0.233396
0.485	1.18238	0.0563213	0.246253	-0.620028	-0.236615
0.49	1.17753	0.0575552	0.249353	-0.622786	-0.239851
0.495	1.17269	0.0588042	0.252467	-0.62556	-0.243103
0.5	1.16785	0.0600683	0.255595	-0.62835	-0.246372
0.505	1.16302	0.0613476	0.258737	-0.631157	-0.249657
0.51	1.15819	0.0626421	0.261893	-0.633981	-0.252959
0.515	1.15336	0.063952	0.265063	-0.636822	-0.256277
0.52	1.14854	0.0652772	0.268247	-0.639681	-0.259611
0.525	1.14373	0.0666178	0.271445	-0.642557	-0.262962
0.53	1.13891	0.0679739	0.274658	-0.64545	-0.26633
0.535	1.1341	0.0693455	0.277885	-0.648362	-0.269713
0.54	1.1293	0.0707327	0.281127	-0.651292	-0.273113
0.545	1.1245	0.0721355	0.284383	-0.654241	-0.27653
0.55	1.11971	0.0735541	0.287655	-0.657208	-0.279962
0.555	1.11492	0.0749883	0.290941	-0.660194	-0.283411
0.56	1.11013	0.0764384	0.294242	-0.6632	-0.286877
0.565	1.10535	0.0779043	0.297558	-0.666225	-0.290358
0.57	1.10058	0.0793862	0.300889	-0.669271	-0.293856
0.575	1.09581	0.080884	0.304235	-0.672336	-0.297369
0.58	1.09104	0.0823978	0.307597	-0.675421	-0.300899
0.585	1.08628	0.0839278	0.310974	-0.678527	-0.304445
0.59	1.08153	0.0854738	0.314366	-0.681655	-0.308007
0.595	1.07678	0.0870361	0.317775	-0.684803	-0.311586
0.6	1.07203	0.0886146	0.321199	-0.687972	-0.31518
0.605	1.06729	0.0902095	0.324639	-0.691164	-0.31879
0.61	1.06256	0.0918207	0.328094	-0.694377	-0.322416
0.615	1.05783	0.0934483	0.331566	-0.697613	-0.326058
0.62	1.05311	0.0950924	0.335054	-0.700871	-0.329716
0.625	1.04839	0.096753	0.338559	-0.704153	-0.333389
0.63	1.04368	0.0984303	0.34208	-0.707457	-0.337079
0.635	1.03898	0.100124	0.345617	-0.710785	-0.340784
0.64	1.03428	0.101835	0.349171	-0.714136	-0.344505
0.645	1.02959	0.103562	0.352741	-0.717512	-0.348241
0.65	1.0249	0.105306	0.356329	-0.720912	-0.351993
0.655	1.02022	0.107067	0.359934	-0.724337	-0.355761
0.66	1.01555	0.108845	0.363555	-0.727786	-0.359544
0.665	1.01088	0.11064	0.367194	-0.731261	-0.363342
0.67	1.00622	0.112452	0.37085	-0.734762	-0.367156
0.675	1.00157	0.114282	0.374524	-0.738288	-0.370985
0.68	0.996923	0.116128	0.378216	-0.741841	-0.374829
0.685	0.992283	0.117991	0.381925	-0.74542	-0.378689
0.69	0.98765	0.119872	0.385652	-0.749026	-0.382563
0.695	0.983025	0.12177	0.389397	-0.752659	-0.386453
0.7	0.978406	0.123686	0.39316	-0.756319	-0.390357
0.705	0.973795	0.125619	0.396942	-0.760008	-0.394277
0.71	0.969191	0.127569	0.400742	-0.763724	-0.398211
0.715	0.964595	0.129537	0.404561	-0.76747	-0.40216
0.72	0.960006	0.131523	0.408398	-0.771243	-0.406123
0.725	0.955425	0.133527	0.412254	-0.775046	-0.410101
0.73	0.950852	0.135548	0.416129	-0.778879	-0.414093
0.735	0.946286	0.137587	0.420024	-0.782741	-0.4181
0.74	0.941729	0.139643	0.423938	-0.786633	-0.422121
0.745	0.93718	0.141718	0.427871	-0.790556	-0.426156
0.75	0.932639	0.143811	0.431824	-0.79451	-0.430205
0.755	0.928106	0.145921	0.435796	-0.798494	-0.434268
0.76	0.923582	0.14805	0.439789	-0.80251	-0.438345
0.765	0.919066	0.150197	0.443801	-0.806558	-0.442436
0.77	0.914559	0.152362	0.447834	-0.810638	-0.44654
0.775	0.910061	0.154545	0.451887	-0.814751	-0.450657
0.78	0.905572	0.156747	0.455961	-0.818896	-0.454788
0.785	0.901092	0.158967	0.460055	-0.823074	-0.458932
0.79	0.896621	0.161205	0.464171	-0.827286	-0.463089
0.795	0.892159	0.163462	0.468307	-0.831532	-0.467259
0.8	0.887707	0.165738	0.472465	-0.835811	-0.471442
0.805	0.883264	0.168032	0.476644	-0.840125	-0.475637
0.81	0.878831	0.170344	0.480844	-0.844474	-0.479844
0.815	0.874408	0.172676	0.485067	-0.848858	-0.484064
0.82	0.869994	0.175026	0.489311	-0.853277	-0.488296
0.825	0.865591	0.177395	0.493577	-0.857732	-0.49254
0.83	0.861198	0.179782	0.497866	-0.862224	-0.496795
0.835	0.856816	0.182189	0.502177	-0.866751	-0.501062
0.84	0.852443	0.184615	0.506511	-0.871315	-0.505341
0.845	0.848082	0.187059	0.510868	-0.875916	-0.50963
0.85	0.843731	0.189523	0.515247	-0.880554	-0.513931
0.855	0.839391	0.192006	0.51965	-0.88523	-0.518242
0.86	0.835062	0.194508	0.524076	-0.889944	-0.522563
0.865	0.830744	0.197029	0.528526	-0.894696	-0.526895
0.87	0.826438	0.19957	0.532999	-0.899486	-0.531236
0.875	0.822143	0.20213	0.537497	-0.904314	-0.535588
0.88	0.81786	0.204709	0.542018	-0.909182	-0.539949
0.885	0.813588	0.207308	0.546564	-0.914089	-0.544319
0.89	0.809328	0.209926	0.551135	-0.919035	-0.548698
0.895	0.805081	0.212564	0.55573	-0.924021	-0.553086
0.9	0.800845	0.215221	0.56035	-0.929047	-0.557482
0.905	0.796622	0.217899	0.564995	-0.934113	-0.561886
0.91	0.792412	0.220595	0.569666	-0.939219	-0.566298
0.915	0.788214	0.223312	0.574362	-0.944366	-0.570717
0.92	0.784029	0.226048	0.579084	-0.949553	-0.575144
0.925	0.779858	0.228804	0.583831	-0.954781	-0.579577
0.93	0.775699	0.23158	0.588605	-0.96005	-0.584017
0.935	0.771554	0.234376	0.593406	-0.965361	-0.588462
0.94	0.767422	0.237192	0.598232	-0.970712	-0.592914
0.945	0.763304	0.240028	0.603086	-0.976105	-0.597371
0.95	0.7592	0.242884	0.607966	-0.98154	-0.601832
0.955	0.75511	0.24576	0.612874	-0.987016	-0.606298
0.96	0.751034	0.248656	0.617809	-0.992533	-0.610769
0.965	0.746973	0.251573	0.622772	-0.998092	-0.615242
0.97	0.742926	0.254509	0.627762	-1.00369	-0.61972
0.975	0.738895	0.257466	0.632781	-1.00934	-0.624199
0.98	0.734878	0.260444	0.637828	-1.01502	-0.628681
0.985	0.730876	0.263441	0.642903	-1.02074	-0.633165
0.99	0.726889	0.266459	0.648006	-1.02651	-0.63765
0.995	0.722918	0.269498	0.653139	-1.03232	-0.642136
1	0.718963	0.272557	0.658301	-1.03817	-0.646622
1.005	0.715024	0.275636	0.663491	-1.04406	-0.651108
1.01	0.711101	0.278736	0.668712	-1.04999	-0.655593
1.015	0.707194	0.281856	0.673962	-1.05596	-0.660077
1.02	0.703304	0.284997	0.679241	-1.06198	-0.664558
1.025	0.69943	0.288159	0.684551	-1.06803	-0.669037
1.03	0.695574	0.291341	0.689891	-1.07412	-0.673512
1.035	0.691734	0.294544	0.695262	-1.08025	-0.677984
1.04	0.687912	0.297768	0.700663	-1.08642	-0.68245
1.045	0.684108	0.301012	0.706095	-1.09263	-0.686912
1.05	0.680321	0.304277	0.711559	-1.09888	-0.691367
1.055	0.676552	0.307563	0.717053	-1.10516	-0.695816
1.06	0.672802	0.31087	0.722579	-1.11149	-0.700257
1.065	0.66907	0.314197	0.728136	-1.11785	-0.704691
1.07	0.665356	0.317545	0.733725	-1.12424	-0.709115
1.075	0.661662	0.320914	0.739347	-1.13067	-0.713529
1.08	0.657986	0.324304	0.745	-1.13713	-0.717933
1.085	0.65433	0.327715	0.750686	-1.14363	-0.722325
1.09	0.650694	0.331146	0.756404	-1.15016	-0.726705
1.095	0.647077	0.334599	0.762155	-1.15672	-0.731071
1.1	0.64348	0.338072	0.767938	-1.16331	-0.735424
1.105	0.639904	0.341566	0.773755	-1.16993	-0.739761
1.11	0.636348	0.345081	0.779604	-1.17658	-0.744082
1.115	0.632813	0.348617	0.785487	-1.18326	-0.748387
1.12	0.629298	0.352174	0.791404	-1.18996	-0.752673
1.125	0.625805	0.355751	0.797353	-1.19669	-0.75694
1.13	0.622334	0.35935	0.803337	-1.20344	-0.761187
1.135	0.618884	0.362969	0.809354	-1.21021	-0.765414
1.14	0.615456	0.366609	0.815405	-1.21701	-0.769617
1.145	0.61205	0.37027	0.82149	-1.22382	-0.773798
1.15	0.608667	0.373951	0.827609	-1.23065	-0.777954
1.155	0.605307	0.377653	0.833762	-1.23749	-0.782084
1.16	0.601969	0.381377	0.83995	-1.24435	-0.786188
1.165	0.598655	0.38512	0.846172	-1.25122	-0.790263
1.17	0.595364	0.388885	0.852428	-1.2581	-0.794309
1.175	0.592097	0.39267	0.858718	-1.26499	-0.798324
1.18	0.588854	0.396475	0.865043	-1.27188	-0.802308
1.185	0.585635	0.400301	0.871403	-1.27877	-0.806258
1.19	0.582441	0.404148	0.877796	-1.28567	-0.810174
1.195	0.579272	0.408015	0.884225	-1.29256	-0.814054
1.2	0.576127	0.411903	0.890688	-1.29945	-0.817896
1.205	0.573008	0.415811	0.897185	-1.30634	-0.8217
1.21	0.569915	0.419739	0.903717	-1.31321	-0.825464
1.215	0.566847	0.423687	0.910283	-1.32007	-0.829186
1.22	0.563806	0.427656	0.916883	-1.32692	-0.832864
1.225	0.560791	0.431644	0.923518	-1.33374	-0.836499
1.23	0.557802	0.435653	0.930186	-1.34055	-0.840087
1.235	0.554841	0.439682	0.936889	-1.34733	-0.843627
1.24	0.551906	0.44373	0.943626	-1.35408	-0.847118
1.245	0.549	0.447798	0.950396	-1.3608	-0.850558
1.25	0.546121	0.451886	0.9572	-1.36748	-0.853946
1.255	0.543269	0.455994	0.964038	-1.37413	-0.85728
1.26	0.540447	0.460121	0.970908	-1.38073	-0.860557
1.265	0.537653	0.464267	0.977812	-1.38729	-0.863778
1.27	0.534887	0.468433	0.984748	-1.39379	-0.866939
1.275	0.532151	0.472618	0.991717	-1.40025	-0.870039
1.28	0.529444	0.476822	0.998718	-1.40664	-0.873077
1.285	0.526767	0.481044	1.00575	-1.41297	-0.87605
1.29	0.524119	0.485286	1.01282	-1.41923	-0.878957
1.295	0.521502	0.489546	1.01991	-1.42542	-0.881797
1.3	0.518915	0.493825	1.02704	-1.43153	-0.884567
1.305	0.516359	0.498122	1.0342	-1.43756	-0.887266
1.31	0.513834	0.502438	1.04139	-1.44351	-0.889891
1.315	0.51134	0.506772	1.0486	-1.44937	-0.892442
1.32	0.508878	0.511123	1.05585	-1.45513	-0.894916
1.325	0.506447	0.515493	1.06313	-1.46079	-0.897311
1.33	0.504048	0.51988	1.07043	-1.46634	-0.899627
1.335	0.501682	0.524284	1.07776	-1.47178	-0.90186
1.34	0.499348	0.528706	1.08512	-1.47711	-0.904009
1.345	0.497047	0.533145	1.09251	-1.48232	-0.906073
1.35	0.494778	0.537601	1.09992	-1.4874	-0.90805
1.355	0.492543	0.542073	1.10735	-1.49235	-0.909937
1.36	0.490341	0.546562	1.11482	-1.49716	-0.911734
1.365	0.488173	0.551068	1.1223	-1.50183	-0.913438
1.37	0.486039	0.55559	1.12981	-1.50635	-0.915048
1.375	0.483939	0.560127	1.13734	-1.51072	-0.916562
1.38	0.481873	0.56468	1.1449	-1.51493	-0.917979
1.385	0.479842	0.569249	1.15247	-1.51898	-0.919296
1.39	0.477846	0.573833	1.16007	-1.52286	-0.920512
1.395	0.475884	0.578433	1.16768	-1.52656	-0.921627
1.4	0.473958	0.583047	1.17531	-1.53008	-0.922637
1.405	0.472067	0.587675	1.18296	-1.53342	-0.923542
1.41	0.470212	0.592318	1.19063	-1.53656	-0.924339
1.415	0.468392	0.596976	1.19831	-1.53951	-0.925029
1.42	0.466608	0.601647	1.20601	-1.54226	-0.925609
1.425	0.464861	0.606331	1.21372	-1.5448	-0.926078
1.43	0.463149	0.611029	1.22145	-1.54713	-0.926435
1.435	0.461474	0.61574	1.22918	-1.54924	-0.926678
1.44	0.459836	0.620464	1.23693	-1.55114	-0.926807
1.445	0.458234	0.625201	1.24468	-1.5528	-0.926819
1.45	0.456669	0.629949	1.25245	-1.55424	-0.926715
1.455	0.455141	0.63471	1.26022	-1.55543	-0.926494
1.46	0.45365	0.639483	1.268	-1.55639	-0.926153
1.465	0.452196	0.644267	1.27578	-1.55711	-0.925693
1.47	0.45078	0.649062	1.28356	-1.55758	-0.925113
1.475	0.449401	0.653868	1.29135	-1.55779	-0.924411
1.48	0.448059	0.658685	1.29914	-1.55775	-0.923588
1.485	0.446755	0.663511	1.30693	-1.55745	-0.922643
1.49	0.445488	0.668348	1.31472	-1.55689	-0.921575
1.495	0.44426	0.673195	1.3225	-1.55607	-0.920384
1.5	0.443069	0.678051	1.33028	-1.55497	-0.919069
1.505	0.441915	0.682916	1.33806	-1.55361	-0.917631
1.51	0.4408	0.68779	1.34582	-1.55197	-0.916069
1.515	0.439722	0.692673	1.35358	-1.55006	-0.914383
1.52	0.438683	0.697564	1.36133	-1.54787	-0.912573
1.525	0.437681	0.702462	1.36907	-1.5454	-0.91064
1.53	0.436717	0.707368	1.3768	-1.54266	-0.908583
1.535	0.435791	0.712282	1.38451	-1.53963	-0.906403
1.54	0.434903	0.717202	1.39221	-1.53632	-0.9041
1.545	0.434052	0.72213	1.39989	-1.53272	-0.901674
1.55	0.43324	0.727063	1.40756	-1.52885	-0.899127
1.555	0.432465	0.732003	1.4152	-1.52469	-0.896459
1.56	0.431728	0.736948	1.42282	-1.52025	-0.89367
1.565	0.431028	0.741899	1.43043	-1.51553	-0.890762
1.57	0.430366	0.746855	1.438	-1.51053	-0.887735
1.575	0.429742	0.751816	1.44556	-1.50525	-0.88459
1.58	0.429155	0.756781	1.45308	-1.4997	-0.881329
1.585	0.428605	0.761751	1.46058	-1.49386	-0.877952
1.59	0.428092	0.766724	1.46805	-1.48776	-0.874461
1.595	0.427616	0.771702	1.47549	-1.48138	-0.870857
1.6	0.427177	0.776682	1.4829	-1.47473	-0.867142
1.605	0.426775	0.781666	1.49027	-1.46782	-0.863317
1.61	0.426409	0.786653	1.49761	-1.46065	-0.859383
1.615	0.42608	0.791642	1.50491	-1.45321	-0.855343
1.62	0.425787	0.796633	1.51218	-1.44553	-0.851198
1.625	0.42553	0.801627	1.51941	-1.43759	-0.84695
1.63	0.425309	0.806622	1.52659	-1.4294	-0.8426
1.635	0.425124	0.811618	1.53374	-1.42097	-0.83815
1.64	0.424974	0.816616	1.54085	-1.4123	-0.833603
1.645	0.42486	0.821615	1.54791	-1.4034	-0.828961
1.65	0.424781	0.826614	1.55492	-1.39427	-0.824225
1.655	0.424736	0.831614	1.5619	-1.38492	-0.819398
1.66	0.424726	0.836614	1.56882	-1.37535	-0.814481
1.665	0.424751	0.841614	1.5757	-1.36557	-0.809478
1.67	0.424809	0.846614	1.58252	-1.35559	-0.80439
1.675	0.424902	0.851613	1.5893	-1.3454	-0.799219
1.68	0.425028	0.856611	1.59603	-1.33502	-0.793968
1.685	0.425188	0.861609	1.6027	-1.32446	-0.78864
1.69	0.42538	0.866605	1.60933	-1.31371	-0.783236
1.695	0.425606	0.8716	1.6159	-1.30279	-0.777759
1.7	0.425863	0.876593	1.62241	-1.2917	-0.772211
1.705	0.426154	0.881585	1.62887	-1.28044	-0.766596
1.71	0.426476	0.886574	1.63527	-1.26904	-0.760914
1.715	0.42683	0.891562	1.64162	-1.25748	-0.755169
1.72	0.427215	0.896547	1.6479	-1.24579	-0.749364
1.725	0.427631	0.90153	1.65413	-1.23396	-0.7435
1.73	0.428078	0.90651	1.6603	-1.222	-0.73758
1.735	0.428555	0.911487	1.66641	-1.20992	-0.731607
1.74	0.429063	0.916461	1.67246	-1.19773	-0.725583
1.745	0.4296	0.921432	1.67845	-1.18543	-0.71951
1.75	0.430167	0.9264	1.68438	-1.17303	-0.713391
1.755	0.430762	0.931364	1.69024	-1.16054	-0.707229
1.76	0.431387	0.936325	1.69604	-1.14796	-0.701025
1.765	0.43204	0.941282	1.70178	-1.13531	-0.694782
1.77	0.432721	0.946236	1.70746	-1.12258	-0.688503
1.775	0.43343	0.951185	1.71307	-1.10978	-0.68219
1.78	0.434167	0.95613	1.71862	-1.09692	-0.675844
1.785	0.43493	0.961072	1.72411	-1.08401	-0.669469
1.79	0.435721	0.966009	1.72953	-1.07105	-0.663067
1.795	0.436537	0.970942	1.73488	-1.05805	-0.65664
1.8	0.43738	0.97587	1.74017	-1.04502	-0.65019
1.805	0.438249	0.980794	1.7454	-1.03196	-0.643719
1.81	0.439143	0.985714	1.75056	-1.01887	-0.637229
1.815	0.440062	0.990628	1.75565	-1.00577	-0.630723
1.82	0.441006	0.995539	1.76068	-0.99266	-0.624203
1.825	0.441974	1.00044	1.76564	-0.979541	-0.61767
1.83	0.442966	1.00534	1.77054	-0.966423	-0.611126
1.835	0.443981	1.01024	1.77537	-0.95331	-0.604574
1.84	0.445021	1.01513	1.78014	-0.940207	-0.598015
1.845	0.446083	1.02002	1.78484	-0.92712	-0.591452
1.85	0.447167	1.0249	1.78948	-0.914053	-0.584885
1.855	0.448274	1.02977	1.79405	-0.901012	-0.578317
1.86	0.449403	1.03464	1.79855	-0.888	-0.571749
1.865	0.450554	1.03951	1.80299	-0.875022	-0.565184
1.87	0.451726	1.04437	1.80737	-0.862082	-0.558622
1.875	0.452919	1.04923	1.81168	-0.849185	-0.552066
1.88	0.454132	1.05408	1.81592	-0.836335	-0.545516
1.885	0.455366	1.05892	1.82011	-0.823536	-0.538975
1.89	0.456619	1.06376	1.82422	-0.810791	-0.532443
1.895	0.457893	1.0686	1.82828	-0.798104	-0.525923
1.9	0.459185	1.07343	1.83227	-0.785478	-0.519415
1.905	0.460496	1.07825	1.8362	-0.772917	-0.512922
1.91	0.461827	1.08307	1.84006	-0.760424	-0.506443
1.915	0.463175	1.08789	1.84386	-0.748001	-0.49998
1.92	0.464541	1.0927	1.8476	-0.735653	-0.493535
1.925	0.465926	1.0975	1.85128	-0.723381	-0.487109
1.93	0.467327	1.1023	1.8549	-0.711188	-0.480703
1.935	0.468746	1.1071	1.85845	-0.699076	-0.474317
1.94	0.470181	1.11189	1.86195	-0.687049	-0.467954
1.945	0.471633	1.11667	1.86538	-0.675108	-0.461613
1.95	0.4731	1.12145	1.86876	-0.663255	-0.455296
1.955	0.474584	1.12622	1.87208	-0.651492	-0.449003
1.96	0.476083	1.13099	1.87533	-0.639822	-0.442736
1.965	0.477598	1.13576	1.87853	-0.628245	-0.436496
1.97	0.479127	1.14052	1.88167	-0.616764	-0.430283
1.975	0.480672	1.14528	1.88476	-0.60538	-0.424097
1.98	0.48223	1.15003	1.88778	-0.594094	-0.417941
1.985	0.483803	1.15477	1.89075	-0.582908	-0.411813
1.99	0.485389	1.15951	1.89367	-0.571823	-0.405716
1.995	0.486989	1.16425	1.89653	-0.56084	-0.399649
2	0.488602	1.16898	1.89933	-0.549959	-0.393613
2.005	0.490229	1.17371	1.90208	-0.539183	-0.38761
2.01	0.491868	1.17844	1.90478	-0.528512	-0.381638
2.015	0.493519	1.18316	1.90742	-0.517946	-0.375699
2.02	0.495183	1.18787	1.91001	-0.507486	-0.369794
2.025	0.496859	1.19258	1.91255	-0.497132	-0.363922
2.03	0.498546	1.19729	1.91503	-0.486886	-0.358084
2.035	0.500245	1.20199	1.91747	-0.476748	-0.352281
2.04	0.501955	1.20669	1.91985	-0.466717	-0.346512
2.045	0.503676	1.21138	1.92219	-0.456794	-0.340779
2.05	0.505408	1.21607	1.92447	-0.44698	-0.335081
2.055	0.50715	1.22076	1.9267	-0.437274	-0.329419
2.06	0.508902	1.22544	1.92889	-0.427677	-0.323793
2.065	0.510665	1.23012	1.93103	-0.418188	-0.318204
2.07	0.512437	1.2348	1.93312	-0.408808	-0.312651
2.075	0.514219	1.23947	1.93516	-0.399536	-0.307134
2.08	0.51601	1.24414	1.93716	-0.390373	-0.301655
2.085	0.51781	1.2488	1.93911	-0.381317	-0.296213
2.09	0.519619	1.25346	1.94102	-0.372369	-0.290808
2.095	0.521437	1.25812	1.94288	-0.363529	-0.28544
2.1	0.523263	1.26278	1.9447	-0.354796	-0.28011
2.105	0.525098	1.26743	1.94647	-0.346169	-0.274817
2.11	0.526941	1.27208	1.9482	-0.337649	-0.269562
2.115	0.528791	1.27672	1.94989	-0.329235	-0.264345
2.12	0.530649	1.28136	1.95154	-0.320926	-0.259166
2.125	0.532514	1.286	1.95314	-0.312721	-0.254024
2.13	0.534387	1.29064	1.95471	-0.304621	-0.24892
2.135	0.536267	1.29527	1.95623	-0.296625	-0.243854
2.14	0.538154	1.2999	1.95771	-0.288732	-0.238826
2.145	0.540047	1.30453	1.95916	-0.280941	-0.233836
2.15	0.541947	1.30915	1.96056	-0.273252	-0.228884
2.155	0.543853	1.31378	1.96193	-0.265664	-0.22397
2.16	0.545765	1.3184	1.96326	-0.258176	-0.219093
2.165	0.547684	1.32301	1.96455	-0.250787	-0.214254
2.17	0.549608	1.32763	1.9658	-0.243498	-0.209453
2.175	0.551537	1.33224	1.96702	-0.236307	-0.204689
2.18	0.553473	1.33685	1.9682	-0.229213	-0.199963
2.185	0.555413	1.34146	1.96935	-0.222215	-0.195274
2.19	0.557359	1.34607	1.97046	-0.215313	-0.190622
2.195	0.559309	1.35067	1.97153	-0.208506	-0.186008
2.2	0.561264	1.35527	1.97258	-0.201793	-0.181431
2.205	0.563224	1.35987	1.97359	-0.195173	-0.17689
2.21	0.565189	1.36447	1.97456	-0.188645	-0.172387
2.215	0.567157	1.36907	1.9755	-0.182208	-0.16792
2.22	0.56913	1.37366	1.97642	-0.175863	-0.16349
2.225	0.571107	1.37825	1.97729	-0.169606	-0.159097
2.23	0.573088	1.38284	1.97814	-0.163439	-0.15474
2.235	0.575073	1.38743	1.97896	-0.15736	-0.150419
2.24	0.577061	1.39202	1.97975	-0.151367	-0.146134
2.245	0.579053	1.39661	1.9805	-0.145461	-0.141884
2.25	0.581048	1.40119	1.98123	-0.139639	-0.137671
2.255	0.583046	1.40577	1.98193	-0.133902	-0.133493
2.26	0.585047	1.41036	1.9826	-0.128249	-0.12935
2.265	0.587052	1.41494	1.98324	-0.122678	-0.125243
2.27	0.589059	1.41952	1.98385	-0.117188	-0.121171
2.275	0.591068	1.42409	1.98444	-0.111779	-0.117133
2.28	0.593081	1.42867	1.985	-0.10645	-0.11313
2.285	0.595095	1.43325	1.98553	-0.1012	-0.109162
2.29	0.597112	1.43782	1.98604	-0.0960278	-0.105228
2.295	0.599132	1.4424	1.98652	-0.0909326	-0.101328
2.3	0.601153	1.44697	1.98697	-0.0859136	-0.0974614
2.305	0.603176	1.45154	1.9874	-0.0809699	-0.093629
2.31	0.605201	1.45611	1.98781	-0.0761006	-0.0898302
2.315	0.607228	1.46069	1.98819	-0.0713049	-0.0860647
2.32	0.609257	1.46526	1.98854	-0.0665817	-0.0823323
2.325	0.611287	1.46982	1.98888	-0.0619303	-0.0786329
2.33	0.613318	1.47439	1.98919	-0.0573499	-0.0749662
2.335	0.615351	1.47896	1.98947	-0.0528394	-0.0713321
2.34	0.617385	1.48353	1.98974	-0.0483982	-0.0677304
2.345	0.61942	1.4881	1.98998	-0.0440252	-0.0641608
2.35	0.621456	1.49266	1.9902	-0.0397197	-0.0606232
2.355	0.623493	1.49723	1.9904	-0.0354809	-0.0571173
2.36	0.625531	1.50179	1.99057	-0.0313079	-0.053643
2.365	0.627569	1.50636	1.99073	-0.0271998	-0.0502001
2.37	0.629609	1.51093	1.99087	-0.0231559	-0.0467883
2.375	0.631648	1.51549	1.99098	-0.0191753	-0.0434075
2.38	0.633688	1.52006	1.99108	-0.0152572	-0.0400574
2.385	0.635729	1.52462	1.99115	-0.0114009	-0.036738
2.39	0.637769	1.52918	1.99121	-0.00760547	-0.0334489
2.395	0.63981	1.53375	1.99125	-0.00387019	-0.0301899
2.4	0.641851	1.53831	1.99127	-0.000194283	-0.026961
2.405	0.643892	1.54288	1.99127	0.00342304	-0.0237618
2.41	0.645933	1.54744	1.99125	0.00698254	-0.0205921
2.415	0.647974	1.55201	1.99122	0.010485	-0.0174519
2.42	0.650014	1.55657	1.99117	0.0139311	-0.0143408
2.425	0.652055	1.56114	1.9911	0.0173216	-0.0112588
2.43	0.654094	1.5657	1.99101	0.0206573	-0.00820548
2.435	0.656134	1.57027	1.99091	0.0239389	-0.0051808
2.44	0.658172	1.57483	1.99079	0.0271671	-0.00218452
2.445	0.66021	1.5794	1.99065	0.0303427	0.000783534
2.45	0.662248	1.58396	1.9905	0.0334662	0.00372357
2.455	0.664285	1.58853	1.99033	0.0365385	0.00663577
2.46	0.66632	1.5931	1.99015	0.0395602	0.00952032
2.465	0.668355	1.59766	1.98995	0.0425319	0.0123774
2.47	0.670389	1.60223	1.98974	0.0454545	0.0152073
2.475	0.672422	1.6068	1.98951	0.0483284	0.01801
2.48	0.674454	1.61137	1.98927	0.0511545	0.0207858
2.485	0.676485	1.61594	1.98901	0.0539333	0.023535
2.49	0.678514	1.62051	1.98874	0.0566654	0.0262576
2.495	0.680542	1.62508	1.98846	0.0593516	0.0289538
2.5	0.682569	1.62965	1.98816	0.0619925	0.0316239
2.505	0.684594	1.63422	1.98785	0.0645885	0.034268
2.51	0.686618	1.63879	1.98753	0.0671405	0.0368862
2.515	0.688641	1.64336	1.9872	0.069649	0.0394789
2.52	0.690661	1.64794	1.98685	0.0721145	0.042046
2.525	0.692681	1.65251	1.98649	0.0745377	0.0445879
2.53	0.694698	1.65709	1.98611	0.0769192	0.0471046
2.535	0.696714	1.66166	1.98573	0.0792594	0.0495964
2.54	0.698727	1.66624	1.98533	0.0815591	0.0520635
2.545	0.700739	1.67082	1.98493	0.0838187	0.0545059
2.55	0.702749	1.6754	1.98451	0.0860389	0.0569239
2.555	0.704758	1.67997	1.98408	0.0882201	0.0593176
2.56	0.706764	1.68455	1.98363	0.0903629	0.0616872
2.565	0.708768	1.68914	1.98318	0.0924679	0.0640329
2.57	0.710769	1.69372	1.98272	0.0945355	0.0663548
2.575	0.712769	1.6983	1.98225	0.0965663	0.068653
2.58	0.714767	1.70288	1.98177	0.0985607	0.0709278
2.585	0.716762	1.70747	1.98127	0.100519	0.0731793
2.59	0.718755	1.71205	1.98077	0.102443	0.0754077
2.595	0.720745	1.71664	1.98026	0.104331	0.077613
2.6	0.722734	1.72123	1.97974	0.106186	0.0797955
2.605	0.724719	1.72582	1.9792	0.108006	0.0819554
2.61	0.726703	1.73041	1.97866	0.109793	0.0840927
2.615	0.728683	1.735	1.97812	0.111547	0.0862076
2.62	0.730661	1.73959	1.97756	0.113269	0.0883003
2.625	0.732637	1.74418	1.97699	0.114959	0.0903709
2.63	0.73461	1.74878	1.97642	0.116617	0.0924196
2.635	0.73658	1.75337	1.97583	0.118244	0.0944464
2.64	0.738548	1.75797	1.97524	0.119841	0.0964517
2.645	0.740513	1.76257	1.97464	0.121407	0.0984354
2.65	0.742475	1.76717	1.97404	0.122943	0.100398
2.655	0.744434	1.77177	1.97342	0.124451	0.102339
2.66	0.74639	1.77637	1.9728	0.125929	0.104259
2.665	0.748344	1.78097	1.97217	0.127378	0.106158
2.67	0.750294	1.78557	1.97153	0.1288	0.108036
2.675	0.752242	1.79018	1.97089	0.130194	0.109894
2.68	0.754186	1.79479	1.97024	0.13156	0.111731
2.685	0.756128	1.79939	1.96958	0.1329	0.113548
2.69	0.758066	1.804	1.96892	0.134212	0.115344
2.695	0.760001	1.80861	1.96824	0.135499	0.11712
2.7	0.761934	1.81322	1.96757	0.13676	0.118877
2.705	0.763863	1.81784	1.96688	0.137995	0.120613
2.71	0.765788	1.82245	1.96619	0.139206	0.12233
2.715	0.767711	1.82707	1.9655	0.140391	0.124026
2.72	0.769631	1.83168	1.9648	0.141553	0.125704
2.725	0.771547	1.8363	1.96409	0.14269	0.127362
2.73	0.77346	1.84092	1.96337	0.143803	0.129001
2.735	0.775369	1.84554	1.96266	0.144893	0.13062
2.74	0.777275	1.85016	1.96193	0.14596	0.132221
2.745	0.779178	1.85479	1.9612	0.147005	0.133803
2.75	0.781078	1.85941	1.96047	0.148027	0.135366
2.755	0.782974	1.86404	1.95973	0.149027	0.13691
2.76	0.784866	1.86867	1.95898	0.150005	0.138436
2.765	0.786755	1.8733	1.95823	0.150962	0.139943
2.77	0.788641	1.87793	1.95748	0.151898	0.141432
2.775	0.790523	1.88256	1.95672	0.152813	0.142903
2.78	0.792401	1.88719	1.95595	0.153707	0.144355
2.785	0.794276	1.89183	1.95518	0.154582	0.14579
2.79	0.796148	1.89647	1.95441	0.155436	0.147207
2.795	0.798015	1.9011	1.95363	0.156271	0.148605
2.8	0.79988	1.90574	1.95285	0.157086	0.149987
2.805	0.80174	1.91038	1.95207	0.157883	0.151351
2.81	0.803597	1.91503	1.95128	0.15866	0.152697
2.815	0.80545	1.91967	1.95048	0.159419	0.154026
2.82	0.807299	1.92432	1.94969	0.16016	0.155338
2.825	0.809145	1.92896	1.94889	0.160883	0.156632
2.83	0.810987	1.93361	1.94808	0.161588	0.15791
2.835	0.812825	1.93826	1.94727	0.162276	0.15917
2.84	0.81466	1.94291	1.94646	0.162946	0.160414
2.845	0.816491	1.94757	1.94565	0.1636	0.161641
2.85	0.818317	1.95222	1.94483	0.164237	0.162851
2.855	0.82014	1.95688	1.94401	0.164857	0.164045
2.86	0.82196	1.96153	1.94318	0.165461	0.165223
2.865	0.823775	1.96619	1.94236	0.16605	0.166384
2.87	0.825586	1.97085	1.94153	0.166622	0.167528
2.875	0.827394	1.97551	1.94069	0.167179	0.168657
2.88	0.829198	1.98018	1.93986	0.167721	0.16977
2.885	0.830998	1.98484	1.93902	0.168248	0.170866
2.89	0.832793	1.98951	1.93818	0.168759	0.171947
2.895	0.834585	1.99418	1.93733	0.169257	0.173012
2.9	0.836373	1.99885	1.93649	0.16974	0.174061
2.905	0.838157	2.00352	1.93564	0.170208	0.175094
2.91	0.839937	2.00819	1.93479	0.170663	0.176113
2.915	0.841713	2.01286	1.93393	0.171104	0.177115
2.92	0.843485	2.01754	1.93308	0.171532	0.178102
2.925	0.845254	2.02222	1.93222	0.171946	0.179074
2.93	0.847018	2.02689	1.93136	0.172347	0.180031
2.935	0.848778	2.03157	1.9305	0.172735	0.180973
2.94	0.850533	2.03626	1.92964	0.17311	0.1819
2.945	0.852285	2.04094	1.92877	0.173473	0.182811
2.95	0.854033	2.04562	1.9279	0.173824	0.183708
2.955	0.855777	2.05031	1.92703	0.174162	0.184591
2.96	0.857517	2.055	1.92616	0.174488	0.185458
2.965	0.859252	2.05969	1.92529	0.174803	0.186311
2.97	0.860984	2.06438	1.92442	0.175106	0.187149
2.975	0.862711	2.06907	1.92354	0.175397	0.187973
2.98	0.864434	2.07376	1.92266	0.175678	0.188783
2.985	0.866153	2.07846	1.92179	0.175947	0.189578
2.99	0.867868	2.08315	1.92091	0.176205	0.190359
2.995	0.869579	2.08785	1.92003	0.176452	0.191126
3	0.871286	2.09255	1.91914	0.176689	0.191879
3.005	0.872989	2.09725	1.91826	0.176916	0.192618
3.01	0.874687	2.10196	1.91738	0.177132	0.193343
3.015	0.876381	2.10666	1.91649	0.177338	0.194054
3.02	0.878071	2.11137	1.9156	0.177535	0.194751
3.025	0.879757	2.11607	1.91472	0.177721	0.195435
3.03	0.881439	2.12078	1.91383	0.177898	0.196105
3.035	0.883116	2.12549	1.91294	0.178066	0.196762
3.04	0.88479	2.1302	1.91205	0.178224	0.197405
3.045	0.886459	2.13492	1.91116	0.178373	0.198035
3.05	0.888124	2.13963	1.91026	0.178513	0.198651
3.055	0.889785	2.14435	1.90937	0.178644	0.199254
3.06	0.891441	2.14906	1.90848	0.178767	0.199844
3.065	0.893093	2.15378	1.90758	0.178881	0.200421
3.07	0.894741	2.1585	1.90669	0.178986	0.200984
3.075	0.896385	2.16323	1.90579	0.179083	0.201535
3.08	0.898025	2.16795	1.9049	0.179172	0.202073
3.085	0.89966	2.17268	1.904	0.179253	0.202598
3.09	0.901291	2.1774	1.90311	0.179326	0.20311
3.095	0.902918	2.18213	1.90221	0.179392	0.20361
3.1	0.904541	2.18686	1.90131	0.17945	0.204096
3.105	0.906159	2.19159	1.90042	0.1795	0.204571
3.11	0.907774	2.19632	1.89952	0.179543	0.205032
3.115	0.909383	2.20106	1.89862	0.179579	0.205482
3.12	0.910989	2.20579	1.89772	0.179607	0.205918
3.125	0.912591	2.21053	1.89683	0.179629	0.206343
3.13	0.914188	2.21527	1.89593	0.179644	0.206755
3.135	0.915781	2.22001	1.89503	0.179652	0.207155
3.14	0.917369	2.22475	1.89413	0.179653	0.207543
3.145	0.918954	2.22949	1.89323	0.179648	0.207919
3.15	0.920534	2.23423	1.89233	0.179637	0.208282
3.155	0.92211	2.23898	1.89144	0.179619	0.208634
3.16	0.923681	2.24372	1.89054	0.179595	0.208974
3.165	0.925249	2.24847	1.88964	0.179565	0.209302
3.17	0.926812	2.25322	1.88874	0.179529	0.209618
3.175	0.928371	2.25797	1.88784	0.179488	0.209922
3.18	0.929925	2.26272	1.88695	0.17944	0.210215
3.185	0.931475	2.26748	1.88605	0.179387	0.210496
3.19	0.933021	2.27223	1.88515	0.179329	0.210766
3.195	0.934563	2.27699	1.88426	0.179265	0.211024
3.2	0.936101	2.28175	1.88336	0.179195	0.211271
3.205	0.937634	2.28651	1.88246	0.179121	0.211506
3.21	0.939163	2.29127	1.88157	0.179041	0.21173
3.215	0.940688	2.29603	1.88067	0.178957	0.211942
3.22	0.942208	2.30079	1.87978	0.178868	0.212144
3.225	0.943724	2.30556	1.87888	0.178773	0.212334
3.23	0.945236	2.31032	1.87799	0.178674	0.212513
3.235	0.946744	2.31509	1.8771	0.178571	0.212681
3.24	0.948247	2.31986	1.8762	0.178463	0.212838
3.245	0.949746	2.32463	1.87531	0.17835	0.212984
3.25	0.951241	2.3294	1.87442	0.178234	0.213119
3.255	0.952732	2.33417	1.87353	0.178113	0.213243
3.26	0.954218	2.33895	1.87264	0.177988	0.213357
3.265	0.9557	2.34372	1.87175	0.177858	0.213459
3.27	0.957178	2.3485	1.87086	0.177725	0.213551
3.275	0.958652	2.35328	1.86997	0.177588	0.213633
3.28	0.960121	2.35805	1.86908	0.177447	0.213703
3.285	0.961587	2.36284	1.8682	0.177303	0.213764
3.29	0.963047	2.36762	1.86731	0.177154	0.213813
3.295	0.964504	2.3724	1.86642	0.177003	0.213852
3.3	0.965957	2.37718	1.86554	0.176848	0.213881
3.305	0.967405	2.38197	1.86465	0.176689	0.2139
3.31	0.968849	2.38676	1.86377	0.176527	0.213908
3.315	0.970289	2.39155	1.86289	0.176362	0.213906
3.32	0.971724	2.39633	1.86201	0.176194	0.213894
3.325	0.973156	2.40113	1.86112	0.176022	0.213871
3.33	0.974583	2.40592	1.86024	0.175848	0.213839
3.335	0.976006	2.41071	1.85937	0.175671	0.213796
3.34	0.977424	2.41551	1.85849	0.175491	0.213744
3.345	0.978839	2.4203	1.85761	0.175308	0.213681
3.35	0.980249	2.4251	1.85673	0.175123	0.213609
3.355	0.981655	2.4299	1.85586	0.174935	0.213526
3.36	0.983057	2.4347	1.85498	0.174744	0.213434
3.365	0.984455	2.4395	1.85411	0.174551	0.213332
3.37	0.985848	2.4443	1.85324	0.174355	0.21322
3.375	0.987237	2.4491	1.85236	0.174157	0.213099
3.38	0.988623	2.45391	1.85149	0.173957	0.212968
3.385	0.990004	2.45871	1.85062	0.173755	0.212827
3.39	0.99138	2.46352	1.84976	0.173551	0.212677
3.395	0.992753	2.46833	1.84889	0.173344	0.212517
3.4	0.994121	2.47314	1.84802	0.173136	0.212348
3.405	0.995486	2.47795	1.84715	0.172925	0.21217
3.41	0.996846	2.48276	1.84629	0.172713	0.211982
3.415	0.998202	2.48757	1.84543	0.172499	0.211784
3.42	0.999554	2.49238	1.84456	0.172283	0.211578
3.425	1.0009	2.4972	1.8437	0.172066	0.211362
3.43	1.00224	2.50201	1.84284	0.171847	0.211137
3.435	1.00358	2.50683	1.84198	0.171626	0.210903
3.44	1.00492	2.51165	1.84113	0.171404	0.210659
3.445	1.00625	2.51647	1.84027	0.171181	0.210407
3.45	1.00758	2.52129	1.83941	0.170956	0.210146
3.455	1.0089	2.52611	1.83856	0.17073	0.209875
3.46	1.01022	2.53094	1.8377	0.170502	0.209596
3.465	1.01153	2.53576	1.83685	0.170273	0.209307
3.47	1.01284	2.54058	1.836	0.170044	0.20901
3.475	1.01415	2.54541	1.83515	0.169813	0.208704
3.48	1.01545	2.55024	1.8343	0.169581	0.20839
3.485	1.01675	2.55507	1.83345	0.169348	0.208066
3.49	1.01805	2.5599	1.83261	0.169115	0.207734
3.495	1.01934	2.56473	1.83176	0.16888	0.207393
3.5	1.02062	2.56956	1.83092	0.168645	0.207043
3.505	1.0219	2.57439	1.83007	0.168408	0.206685
3.51	1.02318	2.57923	1.82923	0.168172	0.206319
3.515	1.02445	2.58406	1.82839	0.167934	0.205943
3.52	1.02572	2.5889	1.82755	0.167696	0.20556
3.525	1.02699	2.59373	1.82671	0.167457	0.205168
3.53	1.02825	2.59857	1.82587	0.167218	0.204767
3.535	1.02951	2.60341	1.82504	0.166979	0.204358
3.54	1.03076	2.60825	1.8242	0.166739	0.203941
3.545	1.03201	2.61309	1.82337	0.166499	0.203516
3.55	1.03326	2.61794	1.82254	0.166258	0.203082
3.555	1.0345	2.62278	1.82171	0.166017	0.20264
3.56	1.03574	2.62762	1.82088	0.165776	0.20219
3.565	1.03697	2.63247	1.82005	0.165535	0.201732
3.57	1.0382	2.63732	1.81922	0.165294	0.201266
3.575	1.03942	2.64216	1.81839	0.165053	0.200792
3.58	1.04065	2.64701	1.81757	0.164811	0.20031
3.585	1.04186	2.65186	1.81674	0.16457	0.199819
3.59	1.04308	2.65671	1.81592	0.164329	0.199321
3.595	1.04429	2.66156	1.8151	0.164088	0.198815
3.6	1.04549	2.66642	1.81428	0.163847	0.198301
3.605	1.04669	2.67127	1.81346	0.163606	0.19778
3.61	1.04789	2.67612	1.81264	0.163366	0.19725
3.615	1.04908	2.68098	1.81182	0.163126	0.196713
3.62	1.05027	2.68584	1.81101	0.162886	0.196168
3.625	1.05146	2.69069	1.81019	0.162646	0.195615
3.63	1.05264	2.69555	1.80938	0.162407	0.195055
3.635	1.05382	2.70041	1.80857	0.162169	0.194487
3.64	1.05499	2.70527	1.80776	0.161931	0.193911
3.645	1.05616	2.71013	1.80695	0.161693	0.193328
3.65	1.05733	2.71499	1.80614	0.161456	0.192738
3.655	1.05849	2.71986	1.80533	0.16122	0.19214
3.66	1.05965	2.72472	1.80453	0.160985	0.191534
3.665	1.0608	2.72959	1.80372	0.16075	0.190921
3.67	1.06195	2.73445	1.80292	0.160515	0.190301
3.675	1.0631	2.73932	1.80212	0.160282	0.189674
3.68	1.06424	2.74419	1.80131	0.16005	0.189039
3.685	1.06538	2.74906	1.80051	0.159818	0.188397
3.69	1.06651	2.75392	1.79971	0.159587	0.187747
3.695	1.06765	2.7588	1.79892	0.159357	0.187091
3.7	1.06877	2.76367	1.79812	0.159128	0.186427
3.705	1.06989	2.76854	1.79732	0.1589	0.185757
3.71	1.07101	2.77341	1.79653	0.158673	0.185079
3.715	1.07213	2.77829	1.79574	0.158448	0.184394
3.72	1.07324	2.78316	1.79494	0.158223	0.183702
3.725	1.07435	2.78804	1.79415	0.157999	0.183003
3.73	1.07545	2.79291	1.79336	0.157777	0.182297
3.735	1.07655	2.79779	1.79257	0.157556	0.181584
3.74	1.07765	2.80267	1.79179	0.157336	0.180865
3.745	1.07874	2.80755	1.791	0.157117	0.180138
3.75	1.07983	2.81243	1.79021	0.1569	0.179405
3.755	1.08091	2.81731	1.78943	0.156684	0.178665
3.76	1.08199	2.82219	1.78865	0.156469	0.177918
3.765	1.08307	2.82707	1.78786	0.156256	0.177164
3.77	1.08414	2.83196	1.78708	0.156044	0.176404
3.775	1.08521	2.83684	1.7863	0.155834	0.175637
3.78	1.08628	2.84173	1.78552	0.155625	0.174863
3.785	1.08734	2.84661	1.78475	0.155418	0.174083
3.79	1.0884	2.8515	1.78397	0.155212	0.173296
3.795	1.08945	2.85639	1.78319	0.155008	0.172503
3.8	1.0905	2.86128	1.78242	0.154805	0.171703
3.805	1.09155	2.86617	1.78164	0.154604	0.170897
3.81	1.09259	2.87106	1.78087	0.154405	0.170084
3.815	1.09363	2.87595	1.7801	0.154208	0.169265
3.82	1.09466	2.88084	1.77933	0.154012	0.16844
3.825	1.0957	2.88573	1.77856	0.153818	0.167608
3.83	1.09672	2.89062	1.77779	0.153626	0.16677
3.835	1.09775	2.89552	1.77702	0.153436	0.165925
3.84	1.09877	2.90041	1.77625	0.153247	0.165075
3.845	1.09978	2.90531	1.77549	0.153061	0.164218
3.85	1.1008	2.9102	1.77472	0.152876	0.163355
3.855	1.1018	2.9151	1.77396	0.152693	0.162486
3.86	1.10281	2.92	1.77319	0.152512	0.161611
3.865	1.10381	2.9249	1.77243	0.152333	0.160729
3.87	1.10481	2.9298	1.77167	0.152157	0.159842
3.875	1.1058	2.9347	1.77091	0.151982	0.158948
3.88	1.10679	2.9396	1.77015	0.151809	0.158049
3.885	1.10778	2.9445	1.76939	0.151638	0.157143
3.89	1.10876	2.9494	1.76863	0.15147	0.156232
3.895	1.10974	2.95431	1.76787	0.151304	0.155315
3.9	1.11072	2.95921	1.76712	0.151139	0.154392
3.905	1.11169	2.96412	1.76636	0.150977	0.153463
3.91	1.11266	2.96902	1.76561	0.150817	0.152528
3.915	1.11362	2.97393	1.76485	0.15066	0.151587
3.92	1.11458	2.97883	1.7641	0.150505	0.150641
3.925	1.11554	2.98374	1.76335	0.150352	0.149689
3.93	1.11649	2.98865	1.76259	0.150201	0.148731
3.935	1.11744	2.99356	1.76184	0.150052	0.147768
3.94	1.11839	2.99847	1.76109	0.149906	0.146799
3.945	1.11933	3.00338	1.76034	0.149763	0.145824
3.95	1.12027	3.00829	1.7596	0.149621	0.144844
3.955	1.1212	3.0132	1.75885	0.149483	0.143858
3.96	1.12213	3.01811	1.7581	0.149346	0.142867
3.965	1.12306	3.02303	1.75735	0.149212	0.14187
3.97	1.12398	3.02794	1.75661	0.149081	0.140868
3.975	1.1249	3.03286	1.75586	0.148952	0.13986
3.98	1.12582	3.03777	1.75512	0.148826	0.138847
3.985	1.12673	3.04269	1.75437	0.148702	0.137829
3.99	1.12764	3.0476	1.75363	0.14858	0.136805
3.995	1.12855	3.05252	1.75289	0.148462	0.135776
4	1.12945	3.05744	1.75214	0.148346	0.134742
4.005	1.13035	3.06236	1.7514	0.148232	0.133702
4.01	1.13124	3.06728	1.75066	0.148121	0.132657
4.015	1.13213	3.0722	1.74992	0.148013	0.131607
4.02	1.13302	3.07712	1.74918	0.147908	0.130552
4.025	1.1339	3.08204	1.74844	0.147805	0.129492
4.03	1.13478	3.08696	1.7477	0.147705	0.128426
4.035	1.13566	3.09188	1.74696	0.147608	0.127356
4.04	1.13653	3.09681	1.74623	0.147513	0.12628
4.045	1.1374	3.10173	1.74549	0.147422	0.125199
4.05	1.13827	3.10666	1.74475	0.147333	0.124114
4.055	1.13913	3.11158	1.74401	0.147247	0.123023
4.06	1.13999	3.11651	1.74328	0.147163	0.121928
4.065	1.14084	3.12143	1.74254	0.147083	0.120827
4.07	1.14169	3.12636	1.74181	0.147005	0.119722
4.075	1.14254	3.13129	1.74107	0.146931	0.118612
4.08	1.14338	3.13622	1.74034	0.146859	0.117497
4.085	1.14422	3.14115	1.7396	0.14679	0.116377
4.09	1.14506	3.14607	1.73887	0.146724	0.115252
4.095	1.14589	3.15101	1.73813	0.146662	0.114123
4.1	1.14672	3.15594	1.7374	0.146602	0.112989
4.105	1.14755	3.16087	1.73667	0.146545	0.11185
4.11	1.14837	3.1658	1.73594	0.146491	0.110707
4.115	1.14919	3.17073	1.7352	0.14644	0.109559
4.12	1.15	3.17566	1.73447	0.146392	0.108406
4.125	1.15081	3.1806	1.73374	0.146347	0.107249
4.13	1.15162	3.18553	1.73301	0.146306	0.106088
4.135	1.15242	3.19047	1.73228	0.146267	0.104921
4.14	1.15322	3.1954	1.73154	0.146232	0.103751
4.145	1.15402	3.20034	1.73081	0.146199	0.102575
4.15	1.15481	3.20528	1.73008	0.14617	0.101396
4.155	1.1556	3.21021	1.72935	0.146144	0.100212
4.16	1.15639	3.21515	1.72862	0.146121	0.0990234
4.165	1.15717	3.22009	1.72789	0.146101	0.0978306
4.17	1.15795	3.22503	1.72716	0.146085	0.0966335
4.175	1.15873	3.22997	1.72643	0.146071	0.0954321
4.18	1.1595	3.23491	1.7257	0.146061	0.0942265
4.185	1.16026	3.23985	1.72497	0.146054	0.0930165
4.19	1.16103	3.24479	1.72424	0.146051	0.0918024
4.195	1.16179	3.24973	1.72351	0.14605	0.0905841
4.2	1.16255	3.25467	1.72278	0.146053	0.0893616
4.205	1.1633	3.25962	1.72205	0.146059	0.088135
4.21	1.16405	3.26456	1.72132	0.146069	0.0869043
4.215	1.1648	3.26951	1.72059	0.146081	0.0856695
4.22	1.16554	3.27445	1.71986	0.146098	0.0844306
4.225	1.16628	3.27939	1.71913	0.146117	0.0831877
4.23	1.16701	3.28434	1.7184	0.14614	0.0819408
4.235	1.16774	3.28929	1.71766	0.146166	0.08069
4.24	1.16847	3.29423	1.71693	0.146195	0.0794351
4.245	1.1692	3.29918	1.7162	0.146228	0.0781764
4.25	1.16992	3.30413	1.71547	0.146265	0.0769138
4.255	1.17063	3.30908	1.71474	0.146304	0.0756473
4.26	1.17135	3.31403	1.71401	0.146348	0.074377
4.265	1.17206	3.31897	1.71328	0.146394	0.0731028
4.27	1.17276	3.32392	1.71255	0.146444	0.0718249
4.275	1.17347	3.32887	1.71181	0.146498	0.0705432
4.28	1.17417	3.33383	1.71108	0.146555	0.0692578
4.285	1.17486	3.33878	1.71035	0.146615	0.0679686
4.29	1.17555	3.34373	1.70961	0.146679	0.0666758
4.295	1.17624	3.34868	1.70888	0.146746	0.0653794
4.3	1.17693	3.35363	1.70815	0.146817	0.0640793
4.305	1.17761	3.35859	1.70741	0.146892	0.0627756
4.31	1.17828	3.36354	1.70668	0.14697	0.0614683
4.315	1.17896	3.3685	1.70594	0.147051	0.0601575
4.32	1.17963	3.37345	1.70521	0.147137	0.0588432
4.325	1.1803	3.37841	1.70447	0.147225	0.0575254
4.33	1.18096	3.38336	1.70374	0.147317	0.0562041
4.335	1.18162	3.38832	1.703	0.147413	0.0548794
4.34	1.18227	3.39328	1.70226	0.147513	0.0535512
4.345	1.18292	3.39823	1.70153	0.147616	0.0522197
4.35	1.18357	3.40319	1.70079	0.147722	0.0508848
4.355	1.18422	3.40815	1.70005	0.147832	0.0495466
4.36	1.18486	3.41311	1.69931	0.147946	0.048205
4.365	1.18549	3.41807	1.69857	0.148064	0.0468602
4.37	1.18613	3.42303	1.69783	0.148185	0.0455121
4.375	1.18676	3.42799	1.69709	0.14831	0.0441608
4.38	1.18738	3.43295	1.69635	0.148438	0.0428063
4.385	1.18801	3.43791	1.69561	0.14857	0.0414486
4.39	1.18863	3.44287	1.69486	0.148706	0.0400878
4.395	1.18924	3.44783	1.69412	0.148846	0.0387238
4.4	1.18985	3.45279	1.69337	0.148989	0.0373567
4.405	1.19046	3.45776	1.69263	0.149136	0.0359866
4.41	1.19106	3.46272	1.69188	0.149286	0.0346134
4.415	1.19166	3.46768	1.69114	0.149441	0.0332372
4.42	1.19226	3.47265	1.69039	0.149599	0.031858
4.425	1.19285	3.47761	1.68964	0.14976	0.0304758
4.43	1.19344	3.48258	1.68889	0.149926	0.0290907
4.435	1.19403	3.48754	1.68814	0.150095	0.0277027
4.44	1.19461	3.49251	1.68739	0.150268	0.0263117
4.445	1.19519	3.49748	1.68664	0.150445	0.0249179
4.45	1.19576	3.50244	1.68589	0.150625	0.0235213
4.455	1.19633	3.50741	1.68514	0.15081	0.0221219
4.46	1.1969	3.51238	1.68438	0.150998	0.0207197
4.465	1.19746	3.51735	1.68363	0.15119	0.0193147
4.47	1.19802	3.52232	1.68287	0.151386	0.0179069
4.475	1.19858	3.52729	1.68212	0.151585	0.0164965
4.48	1.19913	3.53225	1.68136	0.151788	0.0150834
4.485	1.19968	3.53722	1.6806	0.151995	0.0136676
4.49	1.20022	3.54219	1.67984	0.152206	0.0122492
4.495	1.20076	3.54717	1.67908	0.152421	0.0108282
4.5	1.2013	3.55214	1.67832	0.15264	0.00940463
4.505	1.20183	3.55711	1.67755	0.152862	0.00797849
4.51	1.20236	3.56208	1.67679	0.153089	0.00654982
4.515	1.20288	3.56705	1.67602	0.153319	0.00511865
4.52	1.2034	3.57203	1.67526	0.153553	0.00368501
4.525	1.20392	3.577	1.67449	0.153791	0.00224892
4.53	1.20444	3.58197	1.67372	0.154032	0.000810397
4.535	1.20495	3.58695	1.67295	0.154278	-0.000630519
4.54	1.20545	3.59192	1.67218	0.154527	-0.00207381
4.545	1.20595	3.59689	1.6714	0.154781	-0.00351944
4.55	1.20645	3.60187	1.67063	0.155038	-0.0049674
4.555	1.20695	3.60685	1.66986	0.155299	-0.00641765
4.56	1.20744	3.61182	1.66908	0.155564	-0.00787017
4.565	1.20792	3.6168	1.6683	0.155833	-0.00932493
4.57	1.20841	3.62177	1.66752	0.156106	-0.0107819
4.575	1.20889	3.62675	1.66674	0.156383	-0.0122411
4.58	1.20936	3.63173	1.66596	0.156663	-0.0137024
4.585	1.20983	3.63671	1.66518	0.156948	-0.0151659
4.59	1.2103	3.64168	1.66439	0.157237	-0.0166315
4.595	1.21076	3.64666	1.66361	0.157529	-0.0180992
4.6	1.21122	3.65164	1.66282	0.157825	-0.0195689
4.605	1.21168	3.65662	1.66203	0.158126	-0.0210407
4.61	1.21213	3.6616	1.66124	0.15843	-0.0225145
4.615	1.21258	3.66658	1.66045	0.158738	-0.0239902
4.62	1.21302	3.67156	1.65965	0.15905	-0.025468
4.625	1.21346	3.67654	1.65886	0.159366	-0.0269476
4.63	1.2139	3.68152	1.65806	0.159686	-0.0284292
4.635	1.21433	3.6865	1.65726	0.16001	-0.0299127
4.64	1.21476	3.69149	1.65646	0.160338	-0.031398
4.645	1.21518	3.69647	1.65566	0.16067	-0.0328851
4.65	1.2156	3.70145	1.65486	0.161006	-0.0343741
4.655	1.21602	3.70643	1.65405	0.161346	-0.0358648
4.66	1.21643	3.71142	1.65324	0.16169	-0.0373573
4.665	1.21684	3.7164	1.65244	0.162038	-0.0388515
4.67	1.21724	3.72138	1.65163	0.162389	-0.0403474
4.675	1.21764	3.72637	1.65081	0.162745	-0.041845
4.68	1.21803	3.73135	1.65	0.163105	-0.0433442
4.685	1.21843	3.73634	1.64918	0.163469	-0.0448451
4.69	1.21881	3.74132	1.64837	0.163836	-0.0463475
4.695	1.2192	3.74631	1.64755	0.164208	-0.0478515
4.7	1.21958	3.75129	1.64673	0.164584	-0.0493571
4.705	1.21995	3.75628	1.6459	0.164963	-0.0508642
4.71	1.22032	3.76126	1.64508	0.165347	-0.0523728
4.715	1.22069	3.76625	1.64425	0.165735	-0.0538828
4.72	1.22105	3.77124	1.64342	0.166127	-0.0553943
4.725	1.22141	3.77622	1.64259	0.166522	-0.0569072
4.73	1.22177	3.78121	1.64176	0.166922	-0.0584215
4.735	1.22212	3.7862	1.64093	0.167326	-0.0599372
4.74	1.22246	3.79119	1.64009	0.167733	-0.0614542
4.745	1.2228	3.79618	1.63925	0.168145	-0.0629725
4.75	1.22314	3.80116	1.63841	0.168561	-0.0644921
4.755	1.22348	3.80615	1.63757	0.168981	-0.066013
4.76	1.2238	3.81114	1.63672	0.169405	-0.0675351
4.765	1.22413	3.81613	1.63588	0.169832	-0.0690584
4.77	1.22445	3.82112	1.63503	0.170264	-0.0705829
4.775	1.22477	3.82611	1.63418	0.1707	-0.0721085
4.78	1.22508	3.8311	1.63332	0.17114	-0.0736353
4.785	1.22539	3.83609	1.63247	0.171584	-0.0751632
4.79	1.22569	3.84108	1.63161	0.172032	-0.0766921
4.795	1.22599	3.84607	1.63075	0.172484	-0.0782222
4.8	1.22629	3.85106	1.62989	0.17294	-0.0797532
4.805	1.22658	3.85606	1.62902	0.1734	-0.0812852
4.81	1.22686	3.86105	1.62815	0.173864	-0.0828183
4.815	1.22715	3.86604	1.62728	0.174332	-0.0843522
4.82	1.22742	3.87103	1.62641	0.174804	-0.0858871
4.825	1.2277	3.87602	1.62554	0.17528	-0.0874229
4.83	1.22797	3.88102	1.62466	0.17576	-0.0889595
4.835	1.22823	3.88601	1.62378	0.176244	-0.090497
4.84	1.22849	3.891	1.6229	0.176732	-0.0920353
4.845	1.22875	3.896	1.62202	0.177225	-0.0935745
4.85	1.229	3.90099	1.62113	0.177721	-0.0951143
4.855	1.22925	3.90598	1.62024	0.178221	-0.0966549
4.86	1.22949	3.91098	1.61935	0.178725	-0.0981962
4.865	1.22973	3.91597	1.61846	0.179234	-0.0997383
4.87	1.22996	3.92097	1.61756	0.179746	-0.101281
4.875	1.23019	3.92596	1.61666	0.180263	-0.102824
4.88	1.23042	3.93096	1.61576	0.180783	-0.104368
4.885	1.23064	3.93595	1.61486	0.181307	-0.105913
4.89	1.23085	3.94095	1.61395	0.181836	-0.107458
4.895	1.23106	3.94594	1.61304	0.182369	-0.109003
4.9	1.23127	3.95094	1.61213	0.182905	-0.110549
4.905	1.23147	3.95594	1.61122	0.183446	-0.112096
4.91	1.23167	3.96093	1.6103	0.18399	-0.113643
4.915	1.23186	3.96593	1.60938	0.184539	-0.11519
4.92	1.23205	3.97092	1.60846	0.185092	-0.116738
4.925	1.23223	3.97592	1.60753	0.185648	-0.118286
4.93	1.23241	3.98092	1.6066	0.186209	-0.119835
4.935	1.23259	3.98591	1.60567	0.186774	-0.121384
4.94	1.23276	3.99091	1.60474	0.187343	-0.122933
4.945	1.23292	3.99591	1.6038	0.187916	-0.124482
4.95	1.23308	4.00091	1.60286	0.188493	-0.126032
4.955	1.23324	4.0059	1.60192	0.189073	-0.127581
4.96	1.23339	4.0109	1.60097	0.189658	-0.129131
4.965	1.23353	4.0159	1.60003	0.190247	-0.130682
4.97	1.23368	4.0209	1.59907	0.19084	-0.132232
4.975	1.23381	4.0259	1.59812	0.191437	-0.133782
4.98	1.23394	4.03089	1.59716	0.192038	-0.135333
4.985	1.23407	4.03589	1.5962	0.192643	-0.136883
4.99	1.23419	4.04089	1.59524	0.193252	-0.138434
4.995	1.23431	4.04589	1.59427	0.193865	-0.139984
5	1.23442	4.05089	1.5933	0.194483	-0.141535
5.005	1.23453	4.05589	1.59233	0.195104	-0.143085
5.01	1.23463	4.06089	1.59136	0.195729	-0.144636
5.015	1.23473	4.06588	1.59038	0.196358	-0.146186
5.02	1.23482	4.07088	1.5894	0.196991	-0.147736
5.025	1.23491	4.07588	1.58841	0.197628	-0.149286
5.03	1.235	4.08088	1.58742	0.198269	-0.150836
5.035	1.23507	4.08588	1.58643	0.198914	-0.152385
5.04	1.23515	4.09088	1.58544	0.199564	-0.153934
5.045	1.23522	4.09588	1.58444	0.200217	-0.155483
5.05	1.23528	4.10088	1.58344	0.200874	-0.157032
5.055	1.23534	4.10588	1.58243	0.201535	-0.15858
5.06	1.23539	4.11088	1.58143	0.2022	-0.160128
5.065	1.23544	4.11588	1.58042	0.202869	-0.161676
5.07	1.23548	4.12088	1.5794	0.203543	-0.163223
5.075	1.23552	4.12588	1.57838	0.20422	-0.16477
5.08	1.23555	4.13088	1.57736	0.204901	-0.166316
5.085	1.23558	4.13588	1.57634	0.205586	-0.167862
5.09	1.2356	4.14088	1.57531	0.206275	-0.169407
5.095	1.23562	4.14588	1.57428	0.206968	-0.170951
5.1	1.23563	4.15088	1.57324	0.207665	-0.172495
5.105	1.23564	4.15588	1.5722	0.208366	-0.174039
5.11	1.23564	4.16088	1.57116	0.209071	-0.175582
5.115	1.23564	4.16588	1.57012	0.20978	-0.177124
5.12	1.23563	4.17088	1.56907	0.210493	-0.178665
5.125	1.23562	4.17588	1.56802	0.21121	-0.180206
5.13	1.2356	4.18088	1.56696	0.211931	-0.181746
5.135	1.23557	4.18588	1.5659	0.212656	-0.183285
5.14	1.23554	4.19088	1.56484	0.213385	-0.184824
5.145	1.23551	4.19588	1.56377	0.214118	-0.186361
5.15	1.23547	4.20088	1.5627	0.214855	-0.187898
5.155	1.23542	4.20588	1.56163	0.215595	-0.189434
5.16	1.23537	4.21088	1.56055	0.21634	-0.190969
5.165	1.23531	4.21588	1.55947	0.217089	-0.192503
5.17	1.23525	4.22088	1.55838	0.217841	-0.194036
5.175	1.23518	4.22588	1.55729	0.218598	-0.195568
5.18	1.23511	4.23088	1.5562	0.219359	-0.197099
5.185	1.23503	4.23588	1.5551	0.220123	-0.198628
5.19	1.23495	4.24087	1.554	0.220891	-0.200157
5.195	1.23486	4.24587	1.5529	0.221664	-0.201685
5.2	1.23476	4.25087	1.55179	0.22244	-0.203211
5.205	1.23466	4.25587	1.55068	0.22322	-0.204737
5.21	1.23456	4.26087	1.54956	0.224004	-0.206261
5.215	1.23444	4.26587	1.54844	0.224792	-0.207784
5.22	1.23433	4.27087	1.54732	0.225584	-0.209305
5.225	1.2342	4.27587	1.54619	0.22638	-0.210826
5.23	1.23407	4.28087	1.54506	0.22718	-0.212345
5.235	1.23394	4.28586	1.54392	0.227984	-0.213862
5.24	1.2338	4.29086	1.54278	0.228792	-0.215379
5.245	1.23365	4.29586	1.54164	0.229603	-0.216894
5.25	1.2335	4.30086	1.54049	0.230419	-0.218407
5.255	1.23335	4.30585	1.53934	0.231238	-0.219919
5.26	1.23318	4.31085	1.53818	0.232061	-0.22143
5.265	1.23301	4.31585	1.53702	0.232889	-0.222939
5.27	1.23284	4.32085	1.53586	0.23372	-0.224446
5.275	1.23266	4.32584	1.53469	0.234555	-0.225952
5.28	1.23247	4.33084	1.53351	0.235394	-0.227456
5.285	1.23228	4.33584	1.53234	0.236236	-0.228958
5.29	1.23208	4.34083	1.53116	0.237083	-0.230459
5.295	1.23188	4.34583	1.52997	0.237934	-0.231959
5.3	1.23167	4.35082	1.52878	0.238788	-0.233456
5.305	1.23145	4.35582	1.52759	0.239646	-0.234952
5.31	1.23123	4.36081	1.52639	0.240509	-0.236446
5.315	1.231	4.36581	1.52519	0.241375	-0.237938
5.32	1.23077	4.3708	1.52398	0.242245	-0.239428
5.325	1.23053	4.3758	1.52277	0.243118	-0.240916
5.33	1.23028	4.38079	1.52155	0.243996	-0.242402
5.335	1.23003	4.38578	1.52033	0.244878	-0.243887
5.34	1.22977	4.39078	1.51911	0.245763	-0.245369
5.345	1.22951	4.39577	1.51788	0.246652	-0.24685
5.35	1.22924	4.40076	1.51665	0.247545	-0.248328
5.355	1.22896	4.40576	1.51541	0.248442	-0.249805
5.36	1.22868	4.41075	1.51417	0.249343	-0.251279
5.365	1.22839	4.41574	1.51292	0.250248	-0.252751
5.37	1.22809	4.42073	1.51167	0.251156	-0.254221
5.375	1.22779	4.42572	1.51041	0.252068	-0.255689
5.38	1.22748	4.43071	1.50915	0.252984	-0.257154
5.385	1.22717	4.4357	1.50789	0.253904	-0.258618
5.39	1.22685	4.44069	1.50662	0.254828	-0.260079
5.395	1.22652	4.44568	1.50534	0.255756	-0.261537
5.4	1.22619	4.45067	1.50406	0.256687	-0.262994
5.405	1.22585	4.45566	1.50278	0.257622	-0.264448
5.41	1.2255	4.46065	1.50149	0.258561	-0.265899
5.415	1.22515	4.46563	1.5002	0.259504	-0.267348
5.42	1.22479	4.47062	1.4989	0.260451	-0.268795
5.425	1.22442	4.47561	1.4976	0.261401	-0.270239
5.43	1.22405	4.48059	1.49629	0.262356	-0.271681
5.435	1.22367	4.48558	1.49498	0.263314	-0.27312
5.44	1.22329	4.49056	1.49366	0.264276	-0.274556
5.445	1.2229	4.49555	1.49234	0.265241	-0.27599
5.45	1.2225	4.50053	1.49102	0.266211	-0.277421
5.455	1.22209	4.50552	1.48969	0.267184	-0.27885
5.46	1.22168	4.5105	1.48835	0.268161	-0.280276
5.465	1.22126	4.51548	1.48701	0.269142	-0.281699
5.47	1.22084	4.52046	1.48566	0.270126	-0.283119
5.475	1.2204	4.52545	1.48431	0.271115	-0.284536
5.48	1.21997	4.53043	1.48296	0.272107	-0.285951
5.485	1.21952	4.53541	1.4816	0.273103	-0.287362
5.49	1.21907	4.54039	1.48023	0.274102	-0.288771
5.495	1.21861	4.54537	1.47886	0.275106	-0.290177
5.5	1.21814	4.55034	1.47749	0.276113	-0.29158
5.505	1.21767	4.55532	1.4761	0.277124	-0.292979
5.51	1.21719	4.5603	1.47472	0.278138	-0.294376
5.515	1.2167	4.56527	1.47333	0.279157	-0.29577
5.52	1.21621	4.57025	1.47193	0.280179	-0.29716
5.525	1.21571	4.57522	1.47053	0.281205	-0.298547
5.53	1.2152	4.5802	1.46913	0.282235	-0.299932
5.535	1.21469	4.58517	1.46771	0.283268	-0.301313
5.54	1.21417	4.59014	1.4663	0.284305	-0.30269
5.545	1.21364	4.59512	1.46488	0.285346	-0.304065
5.55	1.2131	4.60009	1.46345	0.28639	-0.305436
5.555	1.21256	4.60506	1.46202	0.287439	-0.306803
5.56	1.21201	4.61003	1.46058	0.288491	-0.308168
5.565	1.21145	4.615	1.45914	0.289546	-0.309529
5.57	1.21089	4.61997	1.45769	0.290606	-0.310886
5.575	1.21032	4.62493	1.45624	0.291669	-0.31224
5.58	1.20974	4.6299	1.45478	0.292736	-0.31359
5.585	1.20915	4.63486	1.45332	0.293806	-0.314937
5.59	1.20856	4.63983	1.45185	0.294881	-0.316281
5.595	1.20796	4.64479	1.45037	0.295959	-0.31762
5.6	1.20735	4.64976	1.44889	0.29704	-0.318956
5.605	1.20673	4.65472	1.44741	0.298126	-0.320289
5.61	1.20611	4.65968	1.44592	0.299215	-0.321617
5.615	1.20548	4.66464	1.44442	0.300307	-0.322942
5.62	1.20484	4.6696	1.44292	0.301404	-0.324263
5.625	1.2042	4.67456	1.44141	0.302504	-0.32558
5.63	1.20355	4.67951	1.4399	0.303608	-0.326894
5.635	1.20289	4.68447	1.43838	0.304715	-0.328203
5.64	1.20222	4.68942	1.43686	0.305826	-0.329508
5.645	1.20154	4.69438	1.43533	0.306941	-0.33081
5.65	1.20086	4.69933	1.43379	0.308059	-0.332107
5.655	1.20017	4.70428	1.43225	0.309182	-0.333401
5.66	1.19947	4.70924	1.43071	0.310307	-0.33469
5.665	1.19877	4.71419	1.42916	0.311437	-0.335975
5.67	1.19805	4.71913	1.4276	0.31257	-0.337257
5.675	1.19733	4.72408	1.42604	0.313707	-0.338533
5.68	1.1966	4.72903	1.42447	0.314847	-0.339806
5.685	1.19586	4.73397	1.42289	0.315991	-0.341075
5.69	1.19512	4.73892	1.42131	0.317139	-0.342339
5.695	1.19437	4.74386	1.41973	0.31829	-0.343598
5.7	1.19361	4.7488	1.41814	0.319445	-0.344854
5.705	1.19284	4.75374	1.41654	0.320604	-0.346105
5.71	1.19206	4.75868	1.41494	0.321766	-0.347351
5.715	1.19128	4.76362	1.41333	0.322932	-0.348594
5.72	1.19049	4.76856	1.41171	0.324102	-0.349831
5.725	1.18969	4.77349	1.41009	0.325275	-0.351064
5.73	1.18888	4.77843	1.40847	0.326452	-0.352293
5.735	1.18806	4.78336	1.40683	0.327632	-0.353516
5.74	1.18724	4.78829	1.4052	0.328816	-0.354736
5.745	1.18641	4.79322	1.40355	0.330004	-0.35595
5.75	1.18557	4.79815	1.4019	0.331195	-0.35716
5.755	1.18472	4.80308	1.40025	0.33239	-0.358365
5.76	1.18386	4.808	1.39858	0.333588	-0.359565
5.765	1.183	4.81293	1.39692	0.334791	-0.36076
5.77	1.18212	4.81785	1.39524	0.335996	-0.36195
5.775	1.18124	4.82277	1.39356	0.337206	-0.363136
5.78	1.18035	4.82769	1.39188	0.338419	-0.364316
5.785	1.17945	4.83261	1.39018	0.339635	-0.365492
5.79	1.17855	4.83753	1.38849	0.340855	-0.366662
5.795	1.17763	4.84245	1.38678	0.342079	-0.367828
5.8	1.17671	4.84736	1.38507	0.343307	-0.368988
5.805	1.17578	4.85227	1.38335	0.344537	-0.370143
5.81	1.17484	4.85718	1.38163	0.345772	-0.371293
5.815	1.17389	4.86209	1.3799	0.34701	-0.372438
5.82	1.17293	4.867	1.37817	0.348252	-0.373577
5.825	1.17196	4.87191	1.37643	0.349497	-0.374711
5.83	1.17099	4.87681	1.37468	0.350746	-0.37584
5.835	1.17001	4.88171	1.37292	0.351999	-0.376963
5.84	1.16902	4.88661	1.37116	0.353255	-0.378081
5.845	1.16801	4.89151	1.3694	0.354515	-0.379194
5.85	1.16701	4.89641	1.36763	0.355778	-0.380301
5.855	1.16599	4.9013	1.36585	0.357045	-0.381402
5.86	1.16496	4.9062	1.36406	0.358315	-0.382498
5.865	1.16393	4.91109	1.36227	0.359589	-0.383588
5.87	1.16288	4.91598	1.36047	0.360867	-0.384673
5.875	1.16183	4.92087	1.35867	0.362148	-0.385752
5.88	1.16077	4.92575	1.35686	0.363433	-0.386825
5.885	1.1597	4.93064	1.35504	0.364721	-0.387892
5.89	1.15862	4.93552	1.35322	0.366013	-0.388954
5.895	1.15753	4.9404	1.35139	0.367308	-0.390009
5.9	1.15643	4.94528	1.34955	0.368607	-0.391059
5.905	1.15533	4.95015	1.34771	0.36991	-0.392103
5.91	1.15421	4.95503	1.34586	0.371216	-0.393141
5.915	1.15309	4.9599	1.344	0.372526	-0.394173
5.92	1.15195	4.96477	1.34214	0.373839	-0.395198
5.925	1.15081	4.96964	1.34027	0.375156	-0.396218
5.93	1.14966	4.9745	1.33839	0.376477	-0.397231
5.935	1.1485	4.97937	1.33651	0.377801	-0.398239
5.94	1.14733	4.98423	1.33462	0.379128	-0.39924
5.945	1.14615	4.98909	1.33273	0.380459	-0.400235
5.95	1.14496	4.99394	1.33082	0.381794	-0.401223
5.955	1.14376	4.9988	1.32892	0.383132	-0.402205
5.96	1.14256	5.00365	1.327	0.384474	-0.403181
5.965	1.14134	5.0085	1.32508	0.38582	-0.404151
5.97	1.14012	5.01335	1.32315	0.387169	-0.405113
5.975	1.13888	5.01819	1.32121	0.388521	-0.40607
5.98	1.13764	5.02304	1.31927	0.389877	-0.40702
5.985	1.13638	5.02788	1.31732	0.391237	-0.407963
5.99	1.13512	5.03271	1.31536	0.3926	-0.408899
5.995	1.13385	5.03755	1.3134	0.393967	-0.409829
6	1.13256	5.04238	1.31143	0.395337	-0.410752
6.005	1.13127	5.04721	1.30945	0.396711	-0.411669
6.01	1.12997	5.05204	1.30747	0.398089	-0.412578
6.015	1.12866	5.05686	1.30548	0.39947	-0.413481
6.02	1.12734	5.06169	1.30348	0.400855	-0.414377
6.025	1.12601	5.06651	1.30148	0.402243	-0.415266
6.03	1.12467	5.07132	1.29947	0.403635	-0.416148
6.035	1.12332	5.07614	1.29745	0.40503	-0.417023
6.04	1.12196	5.08095	1.29542	0.406429	-0.417891
6.045	1.12059	5.08576	1.29339	0.407831	-0.418751
6.05	1.11921	5.09056	1.29135	0.409238	-0.419605
6.055	1.11782	5.09537	1.28931	0.410647	-0.420451
6.06	1.11642	5.10017	1.28725	0.41206	-0.42129
6.065	1.11501	5.10497	1.28519	0.413477	-0.422122
6.07	1.1136	5.10976	1.28313	0.414898	-0.422947
6.075	1.11217	5.11455	1.28105	0.416322	-0.423764
6.08	1.11073	5.11934	1.27897	0.417749	-0.424574
6.085	1.10928	5.12413	1.27688	0.41918	-0.425376
6.09	1.10782	5.12891	1.27479	0.420615	-0.426171
6.095	1.10635	5.13369	1.27268	0.422053	-0.426958
6.1	1.10487	5.13846	1.27057	0.423495	-0.427738
6.105	1.10339	5.14324	1.26845	0.424941	-0.42851
6.11	1.10189	5.14801	1.26633	0.42639	-0.429275
6.115	1.10038	5.15277	1.2642	0.427843	-0.430031
6.12	1.09886	5.15754	1.26206	0.429299	-0.43078
6.125	1.09733	5.1623	1.25991	0.430759	-0.431521
6.13	1.09579	5.16705	1.25776	0.432222	-0.432255
6.135	1.09424	5.17181	1.2556	0.433689	-0.43298
6.14	1.09268	5.17656	1.25343	0.43516	-0.433698
6.145	1.09111	5.18131	1.25125	0.436634	-0.434407
6.15	1.08953	5.18605	1.24907	0.438112	-0.435109
6.155	1.08794	5.19079	1.24688	0.439594	-0.435802
6.16	1.08633	5.19553	1.24468	0.441079	-0.436487
6.165	1.08472	5.20026	1.24248	0.442568	-0.437165
6.17	1.0831	5.20499	1.24026	0.44406	-0.437833
6.175	1.08147	5.20971	1.23804	0.445556	-0.438494
6.18	1.07982	5.21444	1.23582	0.447056	-0.439147
6.185	1.07817	5.21915	1.23358	0.448559	-0.439791
6.19	1.0765	5.22387	1.23134	0.450066	-0.440426
6.195	1.07483	5.22858	1.22909	0.451577	-0.441054
6.2	1.07314	5.23329	1.22683	0.453091	-0.441672
6.205	1.07144	5.23799	1.22456	0.454609	-0.442283
6.21	1.06974	5.24269	1.22229	0.456131	-0.442884
6.215	1.06802	5.24738	1.22001	0.457656	-0.443477
6.22	1.06629	5.25208	1.21772	0.459185	-0.444062
6.225	1.06455	5.25676	1.21543	0.460718	-0.444638
6.23	1.0628	5.26145	1.21312	0.462254	-0.445205
6.235	1.06104	5.26613	1.21081	0.463794	-0.445763
6.24	1.05927	5.2708	1.20849	0.465337	-0.446312
6.245	1.05748	5.27547	1.20616	0.466885	-0.446853
6.25	1.05569	5.28014	1.20383	0.468436	-0.447384
6.255	1.05388	5.2848	1.20149	0.469991	-0.447907
6.26	1.05207	5.28946	1.19914	0.471549	-0.448421
6.265	1.05024	5.29412	1.19678	0.473111	-0.448925
6.27	1.0484	5.29877	1.19442	0.474677	-0.449421
6.275	1.04656	5.30341	1.19204	0.476247	-0.449907
6.28	1.0447	5.30805	1.18966	0.47782	-0.450384
6.285	1.04282	5.31269	1.18727	0.479397	-0.450852
6.29	1.04094	5.31732	1.18487	0.480978	-0.45131
6.295	1.03905	5.32195	1.18247	0.482563	-0.451759
6.3	1.03714	5.32657	1.18006	0.484151	-0.452199
6.305	1.03523	5.33119	1.17764	0.485744	-0.45263
6.31	1.0333	5.33581	1.17521	0.48734	-0.453051
6.315	1.03136	5.34042	1.17277	0.488939	-0.453462
6.32	1.02942	5.34502	1.17033	0.490543	-0.453864
6.325	1.02745	5.34962	1.16787	0.49215	-0.454256
6.33	1.02548	5.35421	1.16541	0.493761	-0.454639
6.335	1.0235	5.3588	1.16294	0.495376	-0.455012
6.34	1.02151	5.36339	1.16047	0.496995	-0.455375
6.345	1.0195	5.36797	1.15798	0.498618	-0.455728
6.35	1.01748	5.37254	1.15549	0.500244	-0.456071
6.355	1.01545	5.37711	1.15299	0.501874	-0.456405
6.36	1.01341	5.38168	1.15048	0.503509	-0.456729
6.365	1.01136	5.38624	1.14796	0.505147	-0.457042
6.37	1.0093	5.39079	1.14543	0.506789	-0.457346
6.375	1.00722	5.39534	1.1429	0.508435	-0.45764
6.38	1.00514	5.39989	1.14036	0.510084	-0.457923
6.385	1.00304	5.40442	1.13781	0.511738	-0.458196
6.39	1.00093	5.40896	1.13525	0.513396	-0.458459
6.395	0.998808	5.41349	1.13268	0.515057	-0.458712
6.4	0.996675	5.41801	1.13011	0.516722	-0.458955
6.405	0.994531	5.42252	1.12752	0.518392	-0.459187
6.41	0.992374	5.42704	1.12493	0.520065	-0.459409
6.415	0.990207	5.43154	1.12233	0.521743	-0.45962
6.42	0.988027	5.43604	1.11972	0.523424	-0.459821
6.425	0.985835	5.44053	1.11711	0.525109	-0.460011
6.43	0.983632	5.44502	1.11448	0.526799	-0.460191
6.435	0.981417	5.44951	1.11185	0.528492	-0.46036
6.44	0.97919	5.45398	1.1092	0.53019	-0.460518
6.445	0.976952	5.45845	1.10655	0.531891	-0.460666
6.45	0.974701	5.46292	1.10389	0.533597	-0.460803
6.455	0.972438	5.46738	1.10123	0.535306	-0.460929
6.46	0.970164	5.47183	1.09855	0.53702	-0.461044
6.465	0.967878	5.47628	1.09586	0.538738	-0.461149
6.47	0.965579	5.48072	1.09317	0.54046	-0.461242
6.475	0.963269	5.48515	1.09047	0.542186	-0.461325
6.48	0.960947	5.48958	1.08776	0.543916	-0.461396
6.485	0.958612	5.494	1.08504	0.545651	-0.461456
6.49	0.956266	5.49842	1.08231	0.547389	-0.461505
6.495	0.953907	5.50282	1.07957	0.549132	-0.461543
6.5	0.951537	5.50723	1.07683	0.550879	-0.46157
6.505	0.949154	5.51162	1.07407	0.55263	-0.461586
6.51	0.946759	5.51601	1.07131	0.554386	-0.46159
6.515	0.944352	5.52039	1.06854	0.556146	-0.461583
6.52	0.941933	5.52477	1.06576	0.55791	-0.461564
6.525	0.939501	5.52914	1.06297	0.559678	-0.461534
6.53	0.937058	5.5335	1.06017	0.561451	-0.461493
6.535	0.934602	5.53786	1.05736	0.563228	-0.46144
6.54	0.932134	5.5422	1.05454	0.565009	-0.461375
6.545	0.929653	5.54655	1.05172	0.566795	-0.461299
6.55	0.927161	5.55088	1.04889	0.568585	-0.461211
6.555	0.924656	5.55521	1.04604	0.57038	-0.461111
6.56	0.922138	5.55953	1.04319	0.572179	-0.461
6.565	0.919609	5.56384	1.04033	0.573982	-0.460876
6.57	0.917067	5.56815	1.03746	0.57579	-0.460741
6.575	0.914512	5.57244	1.03458	0.577603	-0.460594
6.58	0.911945	5.57674	1.03169	0.57942	-0.460435
6.585	0.909366	5.58102	1.0288	0.581241	-0.460264
6.59	0.906774	5.58529	1.02589	0.583067	-0.460081
6.595	0.90417	5.58956	1.02297	0.584898	-0.459886
6.6	0.901554	5.59382	1.02005	0.586733	-0.459679
6.605	0.898924	5.59808	1.01712	0.588573	-0.45946
6.61	0.896283	5.60232	1.01417	0.590418	-0.459228
6.615	0.893629	5.60656	1.01122	0.592267	-0.458985
6.62	0.890962	5.61079	1.00826	0.594121	-0.458728
6.625	0.888283	5.61501	1.00529	0.59598	-0.45846
6.63	0.885591	5.61922	1.00231	0.597844	-0.458179
6.635	0.882887	5.62343	0.99932	0.599712	-0.457886
6.64	0.88017	5.62763	0.996322	0.601585	-0.45758
6.645	0.87744	5.63182	0.993314	0.603463	-0.457262
6.65	0.874698	5.636	0.990296	0.605346	-0.456931
6.655	0.871943	5.64017	0.98727	0.607234	-0.456588
6.66	0.869176	5.64433	0.984234	0.609127	-0.456232
6.665	0.866395	5.64849	0.981188	0.611024	-0.455863
6.67	0.863602	5.65264	0.978133	0.612927	-0.455482
6.675	0.860797	5.65678	0.975068	0.614835	-0.455088
6.68	0.857979	5.66091	0.971994	0.616748	-0.454681
6.685	0.855148	5.66503	0.96891	0.618665	-0.454261
6.69	0.852304	5.66914	0.965817	0.620588	-0.453828
6.695	0.849447	5.67324	0.962714	0.622517	-0.453382
6.7	0.846578	5.67734	0.959601	0.62445	-0.452924
6.705	0.843696	5.68142	0.956479	0.626389	-0.452452
6.71	0.840801	5.6855	0.953347	0.628333	-0.451967
6.715	0.837894	5.68957	0.950205	0.630282	-0.451469
6.72	0.834973	5.69363	0.947054	0.632236	-0.450958
6.725	0.83204	5.69768	0.943893	0.634196	-0.450434
6.73	0.829094	5.70172	0.940722	0.636162	-0.449897
6.735	0.826135	5.70575	0.937541	0.638133	-0.449346
6.74	0.823164	5.70977	0.93435	0.640109	-0.448782
6.745	0.820179	5.71378	0.93115	0.642091	-0.448205
6.75	0.817182	5.71778	0.927939	0.644078	-0.447614
6.755	0.814171	5.72177	0.924719	0.646071	-0.44701
6.76	0.811148	5.72576	0.921489	0.64807	-0.446392
6.765	0.808112	5.72973	0.918248	0.650074	-0.445761
6.77	0.805063	5.73369	0.914998	0.652085	-0.445116
6.775	0.802001	5.73764	0.911738	0.654101	-0.444458
6.78	0.798927	5.74159	0.908467	0.656122	-0.443786
6.785	0.795839	5.74552	0.905186	0.65815	-0.443101
6.79	0.792738	5.74944	0.901896	0.660184	-0.442402
6.795	0.789625	5.75335	0.898595	0.662224	-0.441689
6.8	0.786498	5.75726	0.895284	0.664269	-0.440962
6.805	0.783359	5.76115	0.891962	0.666321	-0.440221
6.81	0.780206	5.76503	0.888631	0.668379	-0.439467
6.815	0.777041	5.7689	0.885289	0.670444	-0.438699
6.82	0.773863	5.77276	0.881937	0.672514	-0.437917
6.825	0.770672	5.77661	0.878574	0.674591	-0.43712
6.83	0.767467	5.78045	0.875201	0.676674	-0.43631
6.835	0.76425	5.78427	0.871818	0.678764	-0.435486
6.84	0.76102	5.78809	0.868424	0.68086	-0.434648
6.845	0.757777	5.7919	0.86502	0.682962	-0.433796
6.85	0.754521	5.79569	0.861605	0.685072	-0.432929
6.855	0.751252	5.79947	0.858179	0.687187	-0.432048
6.86	0.74797	5.80325	0.854743	0.68931	-0.431153
6.865	0.744675	5.80701	0.851297	0.69144	-0.430244
6.87	0.741367	5.81076	0.84784	0.693576	-0.429321
6.875	0.738046	5.81449	0.844372	0.695719	-0.428383
6.88	0.734712	5.81822	0.840893	0.69787	-0.427431
6.885	0.731365	5.82193	0.837404	0.700027	-0.426465
6.89	0.728005	5.82564	0.833904	0.702192	-0.425484
6.895	0.724632	5.82933	0.830393	0.704363	-0.424488
6.9	0.721246	5.83301	0.826871	0.706542	-0.423478
6.905	0.717847	5.83667	0.823338	0.708729	-0.422454
6.91	0.714435	5.84033	0.819795	0.710923	-0.421415
6.915	0.71101	5.84397	0.81624	0.713124	-0.420362
6.92	0.707572	5.8476	0.812674	0.715333	-0.419293
6.925	0.704122	5.85122	0.809098	0.71755	-0.418211
6.93	0.700658	5.85483	0.80551	0.719775	-0.417113
6.935	0.697181	5.85842	0.801911	0.722007	-0.416001
6.94	0.693692	5.862	0.798301	0.724248	-0.414874
6.945	0.690189	5.86557	0.79468	0.726496	-0.413732
6.95	0.686674	5.86913	0.791047	0.728753	-0.412576
6.955	0.683145	5.87267	0.787404	0.731018	-0.411404
6.96	0.679604	5.8762	0.783748	0.733291	-0.410218
6.965	0.67605	5.87971	0.780082	0.735573	-0.409017
6.97	0.672482	5.88322	0.776404	0.737864	-0.407801
6.975	0.668902	5.88671	0.772715	0.740163	-0.40657
6.98	0.665309	5.89019	0.769014	0.74247	-0.405324
6.985	0.661703	5.89365	0.765302	0.744787	-0.404063
6.99	0.658085	5.8971	0.761578	0.747113	-0.402786
6.995	0.654453	5.90054	0.757842	0.749447	-0.401495
7	0.650809	5.90396	0.754095	0.751791	-0.400189
7.005	0.647151	5.90737	0.750336	0.754145	-0.398867
7.01	0.643481	5.91076	0.746565	0.756507	-0.397531
7.015	0.639798	5.91415	0.742783	0.75888	-0.396179
7.02	0.636102	5.91751	0.738988	0.761262	-0.394812
7.025	0.632394	5.92087	0.735182	0.763654	-0.39343
7.03	0.628673	5.92421	0.731364	0.766056	-0.392032
7.035	0.624939	5.92753	0.727533	0.768468	-0.390619
7.04	0.621192	5.93084	0.723691	0.77089	-0.389191
7.045	0.617432	5.93414	0.719837	0.773323	-0.387747
7.05	0.61366	5.93742	0.71597	0.775766	-0.386288
7.055	0.609875	5.94069	0.712091	0.77822	-0.384814
7.06	0.606077	5.94394	0.7082	0.780685	-0.383324
7.065	0.602267	5.94718	0.704297	0.78316	-0.381819
7.07	0.598444	5.9504	0.700381	0.785647	-0.380298
7.075	0.594608	5.95361	0.696453	0.788146	-0.378762
7.08	0.59076	5.9568	0.692512	0.790656	-0.37721
7.085	0.586899	5.95998	0.688559	0.793177	-0.375643
7.09	0.583026	5.96314	0.684593	0.795711	-0.37406
7.095	0.57914	5.96629	0.680614	0.798256	-0.372461
7.1	0.575241	5.96942	0.676623	0.800814	-0.370847
7.105	0.57133	5.97253	0.672619	0.803384	-0.369217
7.11	0.567407	5.97563	0.668602	0.805967	-0.367571
7.115	0.563471	5.97871	0.664572	0.808563	-0.36591
7.12	0.559523	5.98178	0.660529	0.811172	-0.364233
7.125	0.555562	5.98483	0.656473	0.813794	-0.36254
7.13	0.551589	5.98787	0.652404	0.81643	-0.360832
7.135	0.547603	5.99089	0.648322	0.819079	-0.359107
7.14	0.543606	5.99389	0.644227	0.821742	-0.357367
7.145	0.539595	5.99688	0.640118	0.82442	-0.355611
7.15	0.535573	5.99985	0.635996	0.827112	-0.353839
7.155	0.531538	6.0028	0.631861	0.829818	-0.352051
7.16	0.527492	6.00574	0.627711	0.83254	-0.350247
7.165	0.523433	6.00866	0.623549	0.835277	-0.348427
7.17	0.519361	6.01156	0.619372	0.838029	-0.346592
7.175	0.515278	6.01445	0.615182	0.840797	-0.34474
7.18	0.511183	6.01731	0.610978	0.843581	-0.342872
7.185	0.507075	6.02016	0.60676	0.846382	-0.340988
7.19	0.502956	6.023	0.602528	0.849199	-0.339088
7.195	0.498824	6.02581	0.598282	0.852034	-0.337172
7.2	0.49468	6.02861	0.594022	0.854885	-0.33524
7.205	0.490525	6.03139	0.589748	0.857755	-0.333292
7.21	0.486358	6.03416	0.585459	0.860642	-0.331327
7.215	0.482179	6.0369	0.581156	0.863548	-0.329347
7.22	0.477988	6.03963	0.576838	0.866473	-0.32735
7.225	0.473785	6.04234	0.572506	0.869416	-0.325337
7.23	0.469571	6.04503	0.568159	0.87238	-0.323307
7.235	0.465344	6.0477	0.563797	0.875363	-0.321262
7.24	0.461107	6.05035	0.55942	0.878366	-0.3192
7.245	0.456857	6.05299	0.555028	0.881391	-0.317121
7.25	0.452596	6.0556	0.550621	0.884436	-0.315027
7.255	0.448324	6.0582	0.546199	0.887504	-0.312915
7.26	0.44404	6.06078	0.541761	0.890593	-0.310788
7.265	0.439744	6.06334	0.537309	0.893706	-0.308644
7.27	0.435437	6.06588	0.53284	0.896841	-0.306483
7.275	0.431119	6.0684	0.528356	0.9	-0.304306
7.28	0.42679	6.0709	0.523856	0.903184	-0.302113
7.285	0.422449	6.07338	0.51934	0.906392	-0.299903
7.29	0.418097	6.07584	0.514808	0.909626	-0.297676
7.295	0.413734	6.07829	0.51026	0.912885	-0.295433
7.3	0.40936	6.08071	0.505695	0.916172	-0.293173
7.305	0.404974	6.08311	0.501114	0.919486	-0.290896
7.31	0.400578	6.08549	0.496517	0.922827	-0.288602
7.315	0.396171	6.08785	0.491903	0.926198	-0.286292
7.32	0.391753	6.09019	0.487272	0.929598	-0.283965
7.325	0.387324	6.09251	0.482624	0.933028	-0.281621
7.33	0.382884	6.09481	0.477959	0.936489	-0.279261
7.335	0.378434	6.09709	0.473276	0.939982	-0.276883
7.34	0.373973	6.09935	0.468576	0.943507	-0.274488
7.345	0.369501	6.10159	0.463859	0.947067	-0.272077
7.35	0.365019	6.1038	0.459124	0.95066	-0.269648
7.355	0.360526	6.106	0.45437	0.954289	-0.267202
7.36	0.356023	6.10817	0.449599	0.957955	-0.264739
7.365	0.35151	6.11032	0.444809	0.961658	-0.262259
7.37	0.346986	6.11245	0.440001	0.965399	-0.259762
7.375	0.342452	6.11456	0.435174	0.96918	-0.257247
7.38	0.337908	6.11665	0.430328	0.973002	-0.254715
7.385	0.333354	6.11871	0.425463	0.976867	-0.252166
7.39	0.328789	6.12075	0.420579	0.980774	-0.249599
7.395	0.324215	6.12277	0.415675	0.984727	-0.247015
7.4	0.319631	6.12477	0.410751	0.988725	-0.244413
7.405	0.315037	6.12674	0.405807	0.992772	-0.241794
7.41	0.310433	6.12869	0.400844	0.996867	-0.239156
7.415	0.30582	6.13062	0.395859	1.00101	-0.236501
7.42	0.301197	6.13253	0.390854	1.00521	-0.233829
7.425	0.296565	6.13441	0.385828	1.00947	-0.231138
7.43	0.291923	6.13627	0.380781	1.01378	-0.228429
7.435	0.287272	6.1381	0.375712	1.01814	-0.225702
7.44	0.282611	6.13991	0.370621	1.02257	-0.222957
7.445	0.277941	6.1417	0.365508	1.02707	-0.220194
7.45	0.273263	6.14346	0.360373	1.03162	-0.217413
7.455	0.268575	6.1452	0.355215	1.03625	-0.214612
7.46	0.263878	6.14691	0.350034	1.04094	-0.211794
7.465	0.259172	6.1486	0.344829	1.04571	-0.208957
7.47	0.254458	6.15027	0.3396	1.05055	-0.206101
7.475	0.249735	6.15191	0.334348	1.05547	-0.203226
7.48	0.245003	6.15353	0.32907	1.06048	-0.200332
7.485	0.240263	6.15512	0.323768	1.06557	-0.197419
7.49	0.235514	6.15668	0.31844	1.07075	-0.194486
7.495	0.230757	6.15822	0.313086	1.07602	-0.191535
7.5	0.225992	6.15974	0.307706	1.08139	-0.188563
7.505	0.221219	6.16123	0.302299	1.08686	-0.185572
7.51	0.216438	6.16269	0.296865	1.09244	-0.182561
7.515	0.211648	6.16413	0.291403	1.09814	-0.17953
7.52	0.206851	6.16554	0.285912	1.10395	-0.176479
7.525	0.202047	6.16692	0.280392	1.10989	-0.173408
7.53	0.197234	6.16828	0.274843	1.11595	-0.170316
7.535	0.192414	6.16961	0.269263	1.12216	-0.167203
7.54	0.187587	6.17091	0.263652	1.12851	-0.164069
7.545	0.182753	6.17218	0.25801	1.13501	-0.160914
7.55	0.177911	6.17343	0.252335	1.14168	-0.157737
7.555	0.173062	6.17465	0.246626	1.14852	-0.154539
7.56	0.168207	6.17585	0.240884	1.15555	-0.151319
7.565	0.163344	6.17701	0.235106	1.16277	-0.148077
7.57	0.158475	6.17815	0.229292	1.1702	-0.144812
7.575	0.153599	6.17926	0.223441	1.17786	-0.141525
7.58	0.148717	6.18033	0.217552	1.18575	-0.138215
7.585	0.143829	6.18139	0.211623	1.1939	-0.134881
7.59	0.138934	6.18241	0.205654	1.20233	-0.131524
7.595	0.134033	6.1834	0.199642	1.21105	-0.128144
7.6	0.129127	6.18436	0.193587	1.2201	-0.12474
7.605	0.124214	6.18529	0.187486	1.22951	-0.121311
7.61	0.119296	6.18619	0.181339	1.23929	-0.117858
7.615	0.114373	6.18706	0.175142	1.2495	-0.11438
7.62	0.109444	6.18791	0.168895	1.26018	-0.110878
7.625	0.10451	6.18871	0.162594	1.27137	-0.107352
7.63	0.0995709	6.18949	0.156237	1.28313	-0.1038
7.635	0.0946269	6.19024	0.149821	1.29553	-0.100224
7.64	0.0896782	6.19095	0.143344	1.30866	-0.0966248
7.645	0.0847249	6.19163	0.1368	1.32261	-0.093002
7.65	0.0797672	6.19228	0.130187	1.3375	-0.0893573
7.655	0.0748053	6.1929	0.1235	1.35348	-0.0856924
7.66	0.0698394	6.19348	0.116732	1.37075	-0.0820099
7.665	0.0648695	6.19403	0.109879	1.38954	-0.0783137
7.67	0.059896	6.19454	0.102931	1.41018	-0.0746094
7.675	0.0549189	6.19502	0.0958799	1.4331	-0.0709054
7.68	0.0499386	6.19547	0.0887144	1.4589	-0.0672143
7.685	0.0449552	6.19587	0.0814199	1.48844	-0.0635553
7.69	0.0399688	6.19624	0.0739777	1.52304	-0.0599591
7.695	0.0349798	6.19657	0.0663625	1.56476	-0.0564756
7.7	0.0299884	6.19687	0.0585387	1.61716	-0.0531909
7.705	0.0249948	6.19712	0.0504529	1.68678	-0.0502639
7.71	0.0199992	6.19733	0.042019	1.78733	-0.048017
7.715	0.0150019	6.19749	0.0330824	1.95234	-0.0472047
7.72	0.0100033	6.19761	0.0233207	2.2866	-0.0500636
7.725	0.00500363	6.19767	0.0118877	3.28804	-0.0673854
7.73	3.68603e-006	6.19765	-0.00455253	11.2123	-0.357582
