descriptor s_test R_test Z_test
0	1.66782	9.99999e-006	0.002	-0.401954	-0.00161619
0.005	1.66282	3.00488e-005	0.00400977	-0.403911	-0.00324857
0.01	1.65782	6.01952e-005	0.00602933	-0.405871	-0.00489717
0.015	1.65282	0.000100488	0.00805868	-0.407834	-0.006562
0.02	1.64782	0.000150977	0.0100978	-0.409799	-0.00824307
0.025	1.64282	0.000211709	0.0121468	-0.411768	-0.00994039
0.03	1.63782	0.000282735	0.0142057	-0.41374	-0.011654
0.035	1.63282	0.000364104	0.0162744	-0.415715	-0.0133838
0.04	1.62782	0.000455863	0.018353	-0.417694	-0.01513
0.045	1.62282	0.000558063	0.0204414	-0.419676	-0.0168925
0.05	1.61783	0.000670753	0.0225398	-0.421662	-0.0186712
0.055	1.61283	0.000793981	0.0246481	-0.423651	-0.0204663
0.06	1.60783	0.000927797	0.0267664	-0.425643	-0.0222778
0.065	1.60283	0.00107225	0.0288946	-0.42764	-0.0241056
0.07	1.59783	0.00122739	0.0310328	-0.42964	-0.0259497
0.075	1.59284	0.00139326	0.033181	-0.431644	-0.0278102
0.08	1.58784	0.00156992	0.0353392	-0.433653	-0.0296871
0.085	1.58284	0.00175742	0.0375075	-0.435665	-0.0315804
0.09	1.57785	0.00195579	0.0396858	-0.437681	-0.0334901
0.095	1.57285	0.0021651	0.0418742	-0.439702	-0.0354163
0.1	1.56786	0.00238539	0.0440727	-0.441727	-0.0373588
0.105	1.56286	0.00261672	0.0462813	-0.443757	-0.0393178
0.11	1.55787	0.00285912	0.0485001	-0.445791	-0.0412932
0.115	1.55287	0.00311266	0.0507291	-0.447829	-0.0432851
0.12	1.54788	0.00337738	0.0529682	-0.449873	-0.0452934
0.125	1.54289	0.00365333	0.0552176	-0.451921	-0.0473182
0.13	1.5379	0.00394055	0.0574772	-0.453974	-0.0493595
0.135	1.53291	0.00423911	0.0597471	-0.456032	-0.0514173
0.14	1.52791	0.00454905	0.0620272	-0.458096	-0.0534916
0.145	1.52293	0.00487042	0.0643177	-0.460164	-0.0555824
0.15	1.51794	0.00520326	0.0666185	-0.462238	-0.0576897
0.155	1.51295	0.00554764	0.0689297	-0.464317	-0.0598135
0.16	1.50796	0.00590359	0.0712513	-0.466402	-0.0619539
0.165	1.50297	0.00627118	0.0735833	-0.468492	-0.0641108
0.17	1.49799	0.00665044	0.0759258	-0.470588	-0.0662843
0.175	1.493	0.00704144	0.0782787	-0.47269	-0.0684743
0.18	1.48802	0.00744421	0.0806422	-0.474798	-0.0706809
0.185	1.48304	0.00785881	0.0830162	-0.476912	-0.072904
0.19	1.47806	0.0082853	0.0854007	-0.479032	-0.0751437
0.195	1.47307	0.00872372	0.0877959	-0.481158	-0.0774
0.2	1.4681	0.00917411	0.0902017	-0.483291	-0.0796729
0.205	1.46312	0.00963654	0.0926181	-0.48543	-0.0819624
0.21	1.45814	0.0101111	0.0950453	-0.487576	-0.0842685
0.215	1.45316	0.0105977	0.0974832	-0.489729	-0.0865912
0.22	1.44819	0.0110965	0.0999318	-0.491888	-0.0889305
0.225	1.44321	0.0116076	0.102391	-0.494054	-0.0912864
0.23	1.43824	0.0121309	0.104862	-0.496228	-0.093659
0.235	1.43327	0.0126666	0.107343	-0.498408	-0.0960482
0.24	1.4283	0.0132147	0.109835	-0.500596	-0.098454
0.245	1.42333	0.0137752	0.112338	-0.502791	-0.100876
0.25	1.41836	0.0143482	0.114852	-0.504994	-0.103316
0.255	1.4134	0.0149337	0.117377	-0.507205	-0.105771
0.26	1.40844	0.0155319	0.119913	-0.509424	-0.108244
0.265	1.40347	0.0161426	0.12246	-0.51165	-0.110733
0.27	1.39851	0.0167661	0.125018	-0.513884	-0.113239
0.275	1.39355	0.0174023	0.127587	-0.516127	-0.115761
0.28	1.38859	0.0180513	0.130168	-0.518378	-0.1183
0.285	1.38364	0.0187132	0.13276	-0.520638	-0.120856
0.29	1.37868	0.0193879	0.135363	-0.522906	-0.123428
0.295	1.37373	0.0200756	0.137978	-0.525183	-0.126017
0.3	1.36878	0.0207763	0.140604	-0.527469	-0.128623
0.305	1.36383	0.0214901	0.143241	-0.529764	-0.131246
0.31	1.35889	0.0222169	0.14589	-0.532068	-0.133885
0.315	1.35394	0.022957	0.14855	-0.534382	-0.13654
0.32	1.349	0.0237102	0.151222	-0.536705	-0.139213
0.325	1.34406	0.0244767	0.153906	-0.539038	-0.141902
0.33	1.33912	0.0252565	0.156601	-0.54138	-0.144608
0.335	1.33418	0.0260497	0.159308	-0.543733	-0.147331
0.34	1.32925	0.0268562	0.162026	-0.546095	-0.15007
0.345	1.32431	0.0276763	0.164757	-0.548468	-0.152826
0.35	1.31938	0.0285099	0.167499	-0.550851	-0.155598
0.355	1.31446	0.0293571	0.170253	-0.553245	-0.158388
0.36	1.30953	0.0302178	0.17302	-0.555649	-0.161194
0.365	1.30461	0.0310923	0.175798	-0.558065	-0.164017
0.37	1.29969	0.0319805	0.178588	-0.560491	-0.166856
0.375	1.29477	0.0328825	0.181391	-0.562929	-0.169712
0.38	1.28985	0.0337983	0.184205	-0.565378	-0.172585
0.385	1.28494	0.034728	0.187032	-0.567839	-0.175474
0.39	1.28003	0.0356717	0.189871	-0.570311	-0.17838
0.395	1.27512	0.0366294	0.192723	-0.572796	-0.181303
0.4	1.27022	0.0376011	0.195587	-0.575292	-0.184242
0.405	1.26532	0.0385869	0.198463	-0.577801	-0.187199
0.41	1.26042	0.0395869	0.201352	-0.580322	-0.190171
0.415	1.25552	0.0406011	0.204254	-0.582856	-0.193161
0.42	1.25063	0.0416295	0.207168	-0.585403	-0.196167
0.425	1.24574	0.0426723	0.210095	-0.587963	-0.19919
0.43	1.24085	0.0437294	0.213035	-0.590536	-0.202229
0.435	1.23597	0.044801	0.215988	-0.593122	-0.205285
0.44	1.23109	0.045887	0.218953	-0.595722	-0.208357
0.445	1.22621	0.0469876	0.221932	-0.598336	-0.211447
0.45	1.22134	0.0481027	0.224924	-0.600963	-0.214553
0.455	1.21647	0.0492325	0.227928	-0.603605	-0.217675
0.46	1.2116	0.050377	0.230946	-0.606262	-0.220814
0.465	1.20673	0.0515363	0.233978	-0.608932	-0.22397
0.47	1.20187	0.0527103	0.237022	-0.611618	-0.227142
0.475	1.19702	0.0538992	0.240081	-0.614319	-0.23033
0.48	1.19217	0.055103	0.243152	-0.617035	-0.233536
0.485	1.18732	0.0563218	0.246237	-0.619766	-0.236757
0.49	1.18247	0.0575556	0.249336	-0.622513	-0.239996
0.495	1.17763	0.0588045	0.252449	-0.625276	-0.243251
0.5	1.17279	0.0600685	0.255575	-0.628055	-0.246522
0.505	1.16796	0.0613477	0.258715	-0.630851	-0.24981
0.51	1.16313	0.0626421	0.26187	-0.633662	-0.253114
0.515	1.1583	0.0639519	0.265038	-0.636491	-0.256435
0.52	1.15348	0.065277	0.26822	-0.639337	-0.259772
0.525	1.14866	0.0666174	0.271417	-0.6422	-0.263125
0.53	1.14385	0.0679734	0.274628	-0.64508	-0.266495
0.535	1.13904	0.0693448	0.277853	-0.647978	-0.269881
0.54	1.13424	0.0707319	0.281093	-0.650894	-0.273284
0.545	1.12944	0.0721345	0.284348	-0.653828	-0.276703
0.55	1.12465	0.0735529	0.287617	-0.656781	-0.280138
0.555	1.11986	0.0749869	0.290901	-0.659752	-0.28359
0.56	1.11507	0.0764368	0.2942	-0.662743	-0.287057
0.565	1.11029	0.0779025	0.297513	-0.665752	-0.290541
0.57	1.10552	0.0793842	0.300842	-0.668781	-0.294041
0.575	1.10075	0.0808817	0.304186	-0.671829	-0.297558
0.58	1.09598	0.0823953	0.307545	-0.674898	-0.30109
0.585	1.09122	0.083925	0.31092	-0.677987	-0.304639
0.59	1.08646	0.0854708	0.31431	-0.681096	-0.308204
0.595	1.08171	0.0870328	0.317715	-0.684226	-0.311784
0.6	1.07697	0.088611	0.321136	-0.687377	-0.315381
0.605	1.07223	0.0902055	0.324573	-0.69055	-0.318994
0.61	1.0675	0.0918164	0.328026	-0.693743	-0.322622
0.615	1.06277	0.0934437	0.331495	-0.696959	-0.326267
0.62	1.05805	0.0950874	0.334979	-0.700197	-0.329927
0.625	1.05333	0.0967477	0.33848	-0.703457	-0.333603
0.63	1.04862	0.0984246	0.341998	-0.70674	-0.337295
0.635	1.04392	0.100118	0.345531	-0.710046	-0.341003
0.64	1.03922	0.101828	0.349082	-0.713376	-0.344726
0.645	1.03453	0.103555	0.352648	-0.716728	-0.348465
0.65	1.02984	0.105299	0.356232	-0.720105	-0.352219
0.655	1.02516	0.107059	0.359833	-0.723506	-0.355989
0.66	1.02049	0.108837	0.36345	-0.726931	-0.359775
0.665	1.01582	0.110631	0.367085	-0.730381	-0.363575
0.67	1.01116	0.112443	0.370737	-0.733856	-0.367392
0.675	1.00651	0.114272	0.374406	-0.737356	-0.371223
0.68	1.00186	0.116117	0.378093	-0.740882	-0.37507
0.685	0.997219	0.11798	0.381797	-0.744434	-0.378931
0.69	0.992586	0.11986	0.385519	-0.748012	-0.382808
0.695	0.98796	0.121758	0.389259	-0.751617	-0.3867
0.7	0.983341	0.123673	0.393017	-0.755248	-0.390607
0.705	0.97873	0.125605	0.396794	-0.758907	-0.394528
0.71	0.974126	0.127555	0.400588	-0.762593	-0.398465
0.715	0.969529	0.129522	0.404401	-0.766307	-0.402416
0.72	0.96494	0.131507	0.408233	-0.77005	-0.406381
0.725	0.960358	0.13351	0.412083	-0.77382	-0.410361
0.73	0.955785	0.13553	0.415952	-0.77762	-0.414356
0.735	0.951219	0.137568	0.41984	-0.781448	-0.418365
0.74	0.946661	0.139624	0.423747	-0.785306	-0.422388
0.745	0.942112	0.141698	0.427674	-0.789194	-0.426425
0.75	0.93757	0.14379	0.43162	-0.793111	-0.430476
0.755	0.933037	0.145899	0.435585	-0.79706	-0.434541
0.76	0.928512	0.148027	0.439571	-0.801038	-0.43862
0.765	0.923996	0.150173	0.443576	-0.805048	-0.442713
0.77	0.919489	0.152337	0.447601	-0.809089	-0.446819
0.775	0.91499	0.154519	0.451647	-0.813162	-0.450938
0.78	0.9105	0.15672	0.455712	-0.817266	-0.455071
0.785	0.90602	0.158939	0.459799	-0.821403	-0.459216
0.79	0.901548	0.161176	0.463906	-0.825573	-0.463375
0.795	0.897086	0.163431	0.468034	-0.829775	-0.467547
0.8	0.892633	0.165706	0.472183	-0.834011	-0.471731
0.805	0.88819	0.167998	0.476353	-0.83828	-0.475928
0.81	0.883756	0.17031	0.480544	-0.842583	-0.480137
0.815	0.879332	0.17264	0.484757	-0.846921	-0.484359
0.82	0.874918	0.174988	0.488992	-0.851293	-0.488593
0.825	0.870514	0.177356	0.493248	-0.855699	-0.492838
0.83	0.86612	0.179742	0.497526	-0.860141	-0.497095
0.835	0.861737	0.182147	0.501827	-0.864618	-0.501364
0.84	0.857363	0.184571	0.50615	-0.86913	-0.505644
0.845	0.853001	0.187014	0.510496	-0.873679	-0.509935
0.85	0.848649	0.189476	0.514864	-0.878264	-0.514236
0.855	0.844308	0.191957	0.519256	-0.882885	-0.518549
0.86	0.839978	0.194458	0.52367	-0.887543	-0.522872
0.865	0.835659	0.196977	0.528108	-0.892238	-0.527205
0.87	0.831352	0.199516	0.532569	-0.89697	-0.531548
0.875	0.827056	0.202074	0.537054	-0.90174	-0.535901
0.88	0.822771	0.204651	0.541563	-0.906548	-0.540263
0.885	0.818499	0.207248	0.546095	-0.911394	-0.544635
0.89	0.814238	0.209864	0.550652	-0.916278	-0.549015
0.895	0.809989	0.2125	0.555234	-0.921201	-0.553405
0.9	0.805752	0.215155	0.55984	-0.926162	-0.557802
0.905	0.801528	0.21783	0.56447	-0.931162	-0.562208
0.91	0.797316	0.220525	0.569126	-0.936201	-0.566621
0.915	0.793117	0.223239	0.573807	-0.94128	-0.571042
0.92	0.78893	0.225973	0.578514	-0.946398	-0.57547
0.925	0.784757	0.228726	0.583246	-0.951556	-0.579904
0.93	0.780597	0.2315	0.588003	-0.956753	-0.584346
0.935	0.77645	0.234293	0.592787	-0.96199	-0.588793
0.94	0.772316	0.237107	0.597597	-0.967267	-0.593246
0.945	0.768196	0.23994	0.602433	-0.972584	-0.597704
0.95	0.76409	0.242793	0.607296	-0.977942	-0.602167
0.955	0.759998	0.245666	0.612186	-0.983339	-0.606635
0.96	0.755921	0.24856	0.617103	-0.988777	-0.611107
0.965	0.751857	0.251473	0.622047	-0.994255	-0.615582
0.97	0.747808	0.254407	0.627018	-0.999773	-0.620061
0.975	0.743774	0.257361	0.632017	-1.00533	-0.624543
0.98	0.739755	0.260335	0.637043	-1.01093	-0.629027
0.985	0.735751	0.263329	0.642098	-1.01657	-0.633512
0.99	0.731762	0.266344	0.647181	-1.02225	-0.637999
0.995	0.727788	0.269379	0.652292	-1.02797	-0.642487
1	0.72383	0.272434	0.657432	-1.03373	-0.646976
1.005	0.719888	0.27551	0.662601	-1.03952	-0.651464
1.01	0.715962	0.278607	0.667798	-1.04536	-0.655951
1.015	0.712053	0.281723	0.673025	-1.05124	-0.660437
1.02	0.70816	0.284861	0.678281	-1.05715	-0.664921
1.025	0.704283	0.288018	0.683567	-1.06311	-0.669402
1.03	0.700423	0.291197	0.688883	-1.0691	-0.67388
1.035	0.69658	0.294396	0.694228	-1.07513	-0.678355
1.04	0.692755	0.297615	0.699604	-1.0812	-0.682825
1.045	0.688947	0.300856	0.70501	-1.08731	-0.68729
1.05	0.685157	0.304116	0.710446	-1.09345	-0.691749
1.055	0.681384	0.307398	0.715914	-1.09963	-0.696201
1.06	0.67763	0.3107	0.721412	-1.10584	-0.700646
1.065	0.673894	0.314023	0.726941	-1.11209	-0.705083
1.07	0.670176	0.317367	0.732501	-1.11837	-0.709512
1.075	0.666477	0.320731	0.738093	-1.12469	-0.713931
1.08	0.662798	0.324116	0.743717	-1.13104	-0.718339
1.085	0.659137	0.327522	0.749372	-1.13742	-0.722736
1.09	0.655496	0.330949	0.755059	-1.14383	-0.727122
1.095	0.651874	0.334396	0.760778	-1.15027	-0.731494
1.1	0.648273	0.337865	0.766529	-1.15675	-0.735852
1.105	0.644691	0.341353	0.772313	-1.16325	-0.740196
1.11	0.64113	0.344863	0.778129	-1.16978	-0.744524
1.115	0.63759	0.348394	0.783978	-1.17633	-0.748836
1.12	0.63407	0.351945	0.78986	-1.18291	-0.753129
1.125	0.630571	0.355517	0.795775	-1.18951	-0.757405
1.13	0.627094	0.35911	0.801722	-1.19613	-0.76166
1.135	0.623638	0.362723	0.807703	-1.20278	-0.765895
1.14	0.620204	0.366358	0.813717	-1.20944	-0.770108
1.145	0.616792	0.370012	0.819764	-1.21613	-0.774298
1.15	0.613402	0.373688	0.825844	-1.22282	-0.778464
1.155	0.610035	0.377384	0.831959	-1.22954	-0.782606
1.16	0.606691	0.381101	0.838106	-1.23626	-0.78672
1.165	0.603369	0.384839	0.844288	-1.243	-0.790808
1.17	0.600071	0.388597	0.850503	-1.24974	-0.794866
1.175	0.596797	0.392375	0.856751	-1.2565	-0.798895
1.18	0.593546	0.396174	0.863034	-1.26325	-0.802892
1.185	0.59032	0.399994	0.86935	-1.27001	-0.806857
1.19	0.587117	0.403834	0.8757	-1.27677	-0.810788
1.195	0.58394	0.407694	0.882084	-1.28353	-0.814683
1.2	0.580787	0.411575	0.888502	-1.29028	-0.818543
1.205	0.577659	0.415476	0.894953	-1.29702	-0.822364
1.21	0.574557	0.419397	0.901438	-1.30376	-0.826146
1.215	0.57148	0.423338	0.907957	-1.31048	-0.829887
1.22	0.568429	0.427299	0.914509	-1.31719	-0.833586
1.225	0.565404	0.431281	0.921095	-1.32388	-0.837241
1.23	0.562406	0.435282	0.927715	-1.33054	-0.840851
1.235	0.559434	0.439303	0.934367	-1.33719	-0.844414
1.24	0.55649	0.443344	0.941053	-1.3438	-0.847929
1.245	0.553572	0.447405	0.947772	-1.35038	-0.851394
1.25	0.550682	0.451485	0.954524	-1.35693	-0.854808
1.255	0.54782	0.455585	0.961309	-1.36344	-0.858169
1.26	0.544986	0.459704	0.968126	-1.36991	-0.861475
1.265	0.54218	0.463842	0.974976	-1.37633	-0.864725
1.27	0.539402	0.468	0.981857	-1.38271	-0.867916
1.275	0.536654	0.472177	0.988771	-1.38903	-0.871048
1.28	0.533934	0.476372	0.995716	-1.39529	-0.874119
1.285	0.531244	0.480587	1.00269	-1.40149	-0.877127
1.29	0.528583	0.48482	1.0097	-1.40763	-0.88007
1.295	0.525953	0.489072	1.01674	-1.4137	-0.882947
1.3	0.523352	0.493343	1.02381	-1.41969	-0.885756
1.305	0.520782	0.497632	1.0309	-1.4256	-0.888494
1.31	0.518242	0.501939	1.03803	-1.43143	-0.891161
1.315	0.515734	0.506264	1.04519	-1.43717	-0.893755
1.32	0.513256	0.510607	1.05238	-1.44282	-0.896274
1.325	0.51081	0.514967	1.05959	-1.44838	-0.898715
1.33	0.508395	0.519346	1.06683	-1.45383	-0.901078
1.335	0.506013	0.523742	1.0741	-1.45917	-0.903361
1.34	0.503662	0.528155	1.0814	-1.4644	-0.905561
1.345	0.501344	0.532585	1.08872	-1.46951	-0.907678
1.35	0.499059	0.537032	1.09607	-1.4745	-0.909709
1.355	0.496806	0.541496	1.10344	-1.47937	-0.911652
1.36	0.494587	0.545976	1.11084	-1.4841	-0.913507
1.365	0.4924	0.550473	1.11826	-1.48869	-0.915271
1.37	0.490248	0.554986	1.1257	-1.49314	-0.916942
1.375	0.488129	0.559514	1.13317	-1.49744	-0.918519
1.38	0.486044	0.564059	1.14065	-1.50159	-0.920001
1.385	0.483993	0.568619	1.14816	-1.50558	-0.921385
1.39	0.481976	0.573194	1.15569	-1.5094	-0.92267
1.395	0.479994	0.577785	1.16324	-1.51306	-0.923854
1.4	0.478047	0.58239	1.1708	-1.51654	-0.924937
1.405	0.476135	0.58701	1.17838	-1.51984	-0.925916
1.41	0.474258	0.591644	1.18598	-1.52296	-0.92679
1.415	0.472417	0.596293	1.1936	-1.52588	-0.927558
1.42	0.470611	0.600955	1.20123	-1.52862	-0.928218
1.425	0.46884	0.605631	1.20887	-1.53115	-0.928769
1.43	0.467106	0.610321	1.21653	-1.53347	-0.929209
1.435	0.465407	0.615024	1.22419	-1.53559	-0.929538
1.44	0.463745	0.619739	1.23187	-1.53749	-0.929754
1.445	0.462119	0.624467	1.23956	-1.53917	-0.929856
1.45	0.460529	0.629208	1.24725	-1.54063	-0.929843
1.455	0.458976	0.633961	1.25496	-1.54186	-0.929714
1.46	0.45746	0.638725	1.26267	-1.54286	-0.929468
1.465	0.45598	0.643501	1.27038	-1.54362	-0.929105
1.47	0.454538	0.648289	1.2781	-1.54414	-0.928622
1.475	0.453132	0.653087	1.28582	-1.54442	-0.928021
1.48	0.451763	0.657896	1.29354	-1.54445	-0.927299
1.485	0.450432	0.662715	1.30126	-1.54422	-0.926457
1.49	0.449138	0.667545	1.30899	-1.54375	-0.925493
1.495	0.447881	0.672385	1.3167	-1.54301	-0.924408
1.5	0.446661	0.677234	1.32442	-1.54201	-0.923201
1.505	0.445479	0.682092	1.33213	-1.54075	-0.921872
1.51	0.444335	0.686959	1.33983	-1.53923	-0.92042
1.515	0.443228	0.691835	1.34753	-1.53744	-0.918846
1.52	0.442158	0.696719	1.35522	-1.53538	-0.917149
1.525	0.441126	0.701612	1.36289	-1.53304	-0.91533
1.53	0.440132	0.706512	1.37056	-1.53044	-0.913388
1.535	0.439175	0.711419	1.37821	-1.52756	-0.911324
1.54	0.438255	0.716334	1.38585	-1.5244	-0.909138
1.545	0.437373	0.721256	1.39347	-1.52097	-0.90683
1.55	0.436529	0.726184	1.40108	-1.51727	-0.904402
1.555	0.435721	0.731118	1.40866	-1.51328	-0.901853
1.56	0.434952	0.736058	1.41623	-1.50903	-0.899184
1.565	0.434219	0.741005	1.42377	-1.5045	-0.896397
1.57	0.433524	0.745956	1.4313	-1.49969	-0.893491
1.575	0.432866	0.750912	1.43879	-1.49461	-0.890467
1.58	0.432245	0.755874	1.44627	-1.48926	-0.887328
1.585	0.431661	0.76084	1.45371	-1.48363	-0.884073
1.59	0.431114	0.765809	1.46113	-1.47774	-0.880704
1.595	0.430603	0.770783	1.46852	-1.47158	-0.877223
1.6	0.430129	0.775761	1.47588	-1.46516	-0.87363
1.605	0.429692	0.780742	1.4832	-1.45848	-0.869926
1.61	0.429291	0.785726	1.4905	-1.45154	-0.866115
1.615	0.428926	0.790712	1.49775	-1.44434	-0.862196
1.62	0.428597	0.795701	1.50498	-1.43689	-0.858171
1.625	0.428304	0.800693	1.51216	-1.42919	-0.854043
1.63	0.428047	0.805686	1.51931	-1.42125	-0.849813
1.635	0.427825	0.810681	1.52641	-1.41307	-0.845482
1.64	0.427638	0.815678	1.53348	-1.40465	-0.841053
1.645	0.427487	0.820675	1.5405	-1.39601	-0.836528
1.65	0.42737	0.825674	1.54748	-1.38713	-0.831908
1.655	0.427288	0.830673	1.55442	-1.37804	-0.827196
1.66	0.427241	0.835673	1.56131	-1.36873	-0.822393
1.665	0.427228	0.840673	1.56815	-1.3592	-0.817502
1.67	0.427248	0.845673	1.57495	-1.34948	-0.812525
1.675	0.427303	0.850673	1.58169	-1.33955	-0.807465
1.68	0.427391	0.855672	1.58839	-1.32943	-0.802322
1.685	0.427512	0.860671	1.59504	-1.31912	-0.797101
1.69	0.427666	0.865668	1.60163	-1.30863	-0.791802
1.695	0.427853	0.870665	1.60818	-1.29796	-0.786428
1.7	0.428072	0.87566	1.61467	-1.28713	-0.780982
1.705	0.428324	0.880654	1.6211	-1.27613	-0.775466
1.71	0.428607	0.885646	1.62748	-1.26498	-0.769883
1.715	0.428922	0.890636	1.63381	-1.25367	-0.764234
1.72	0.429268	0.895624	1.64008	-1.24223	-0.758522
1.725	0.429645	0.900609	1.64629	-1.23064	-0.75275
1.73	0.430053	0.905593	1.65244	-1.21893	-0.746919
1.735	0.430491	0.910574	1.65854	-1.20709	-0.741034
1.74	0.430959	0.915552	1.66457	-1.19514	-0.735095
1.745	0.431457	0.920527	1.67055	-1.18308	-0.729105
1.75	0.431985	0.925499	1.67646	-1.17091	-0.723067
1.755	0.432541	0.930468	1.68232	-1.15865	-0.716982
1.76	0.433126	0.935433	1.68811	-1.14629	-0.710854
1.765	0.43374	0.940396	1.69384	-1.13385	-0.704685
1.77	0.434382	0.945354	1.69951	-1.12134	-0.698477
1.775	0.435051	0.950309	1.70512	-1.10875	-0.692232
1.78	0.435748	0.95526	1.71066	-1.0961	-0.685953
1.785	0.436473	0.960208	1.71614	-1.0834	-0.679642
1.79	0.437223	0.965151	1.72156	-1.07064	-0.673301
1.795	0.438001	0.97009	1.72691	-1.05783	-0.666932
1.8	0.438804	0.975025	1.7322	-1.04499	-0.660538
1.805	0.439634	0.979956	1.73743	-1.03211	-0.654121
1.81	0.440488	0.984882	1.74259	-1.01921	-0.647682
1.815	0.441368	0.989804	1.74768	-1.00628	-0.641225
1.82	0.442273	0.994722	1.75271	-0.993342	-0.63475
1.825	0.443202	0.999635	1.75768	-0.98039	-0.628261
1.83	0.444155	1.00454	1.76258	-0.967433	-0.621758
1.835	0.445132	1.00945	1.76742	-0.954475	-0.615245
1.84	0.446132	1.01435	1.77219	-0.941524	-0.608722
1.845	0.447155	1.01924	1.7769	-0.928582	-0.602192
1.85	0.448201	1.02413	1.78154	-0.915656	-0.595656
1.855	0.449269	1.02901	1.78612	-0.902751	-0.589117
1.86	0.45036	1.03389	1.79064	-0.889869	-0.582576
1.865	0.451472	1.03877	1.79508	-0.877017	-0.576034
1.87	0.452605	1.04364	1.79947	-0.864199	-0.569494
1.875	0.45376	1.0485	1.80379	-0.851418	-0.562957
1.88	0.454935	1.05336	1.80805	-0.83868	-0.556424
1.885	0.45613	1.05822	1.81224	-0.825987	-0.549897
1.89	0.457346	1.06307	1.81637	-0.813343	-0.543378
1.895	0.458581	1.06791	1.82044	-0.800753	-0.536868
1.9	0.459836	1.07275	1.82444	-0.78822	-0.530368
1.905	0.46111	1.07759	1.82838	-0.775746	-0.523879
1.91	0.462402	1.08242	1.83226	-0.763336	-0.517404
1.915	0.463713	1.08724	1.83608	-0.750993	-0.510943
1.92	0.465042	1.09206	1.83983	-0.738718	-0.504497
1.925	0.466389	1.09688	1.84353	-0.726516	-0.498068
1.93	0.467753	1.10169	1.84716	-0.714389	-0.491657
1.935	0.469135	1.10649	1.85073	-0.702339	-0.485265
1.94	0.470533	1.11129	1.85424	-0.690369	-0.478892
1.945	0.471948	1.11609	1.85769	-0.678482	-0.472541
1.95	0.473379	1.12088	1.86109	-0.666678	-0.466211
1.955	0.474826	1.12567	1.86442	-0.654962	-0.459905
1.96	0.476289	1.13045	1.8677	-0.643333	-0.453622
1.965	0.477767	1.13522	1.87091	-0.631795	-0.447364
1.97	0.47926	1.14	1.87407	-0.620348	-0.441131
1.975	0.480768	1.14476	1.87717	-0.608996	-0.434924
1.98	0.482291	1.14953	1.88022	-0.597738	-0.428745
1.985	0.483828	1.15428	1.88321	-0.586576	-0.422593
1.99	0.485378	1.15904	1.88614	-0.575513	-0.416469
1.995	0.486943	1.16379	1.88902	-0.564548	-0.410375
2	0.488521	1.16853	1.89184	-0.553683	-0.40431
2.005	0.490111	1.17327	1.89461	-0.542919	-0.398276
2.01	0.491715	1.17801	1.89732	-0.532257	-0.392272
2.015	0.493332	1.18274	1.89998	-0.521698	-0.3863
2.02	0.49496	1.18747	1.90259	-0.511242	-0.38036
2.025	0.496601	1.19219	1.90515	-0.50089	-0.374452
2.03	0.498254	1.19691	1.90765	-0.490643	-0.368577
2.035	0.499918	1.20162	1.91011	-0.480501	-0.362735
2.04	0.501593	1.20633	1.91251	-0.470465	-0.356927
2.045	0.50328	1.21104	1.91486	-0.460535	-0.351153
2.05	0.504977	1.21574	1.91716	-0.45071	-0.345413
2.055	0.506685	1.22044	1.91942	-0.440992	-0.339708
2.06	0.508404	1.22514	1.92162	-0.431381	-0.334038
2.065	0.510132	1.22983	1.92378	-0.421876	-0.328403
2.07	0.511871	1.23452	1.92589	-0.412478	-0.322803
2.075	0.513619	1.2392	1.92795	-0.403187	-0.31724
2.08	0.515376	1.24388	1.92997	-0.394002	-0.311712
2.085	0.517143	1.24856	1.93194	-0.384924	-0.306221
2.09	0.518919	1.25324	1.93386	-0.375951	-0.300766
2.095	0.520703	1.25791	1.93574	-0.367085	-0.295347
2.1	0.522496	1.26257	1.93758	-0.358324	-0.289965
2.105	0.524298	1.26724	1.93937	-0.349669	-0.28462
2.11	0.526107	1.2719	1.94112	-0.341119	-0.279311
2.115	0.527925	1.27656	1.94282	-0.332674	-0.27404
2.12	0.52975	1.28121	1.94449	-0.324332	-0.268806
2.125	0.531583	1.28586	1.94611	-0.316095	-0.263608
2.13	0.533423	1.29051	1.94769	-0.307961	-0.258448
2.135	0.53527	1.29516	1.94923	-0.299929	-0.253325
2.14	0.537124	1.2998	1.95073	-0.292	-0.24824
2.145	0.538986	1.30444	1.95219	-0.284172	-0.243192
2.15	0.540853	1.30908	1.95361	-0.276445	-0.23818
2.155	0.542727	1.31372	1.95499	-0.268818	-0.233207
2.16	0.544608	1.31835	1.95633	-0.261291	-0.22827
2.165	0.546494	1.32298	1.95764	-0.253863	-0.22337
2.17	0.548386	1.32761	1.95891	-0.246533	-0.218508
2.175	0.550284	1.33223	1.96014	-0.2393	-0.213683
2.18	0.552187	1.33686	1.96134	-0.232165	-0.208895
2.185	0.554096	1.34148	1.9625	-0.225125	-0.204143
2.19	0.55601	1.3461	1.96363	-0.21818	-0.199429
2.195	0.557929	1.35072	1.96472	-0.21133	-0.194751
2.2	0.559853	1.35533	1.96577	-0.204574	-0.19011
2.205	0.561782	1.35994	1.9668	-0.197911	-0.185506
2.21	0.563715	1.36455	1.96779	-0.191339	-0.180938
2.215	0.565653	1.36916	1.96874	-0.184859	-0.176407
2.22	0.567595	1.37377	1.96967	-0.178469	-0.171912
2.225	0.569541	1.37838	1.97056	-0.172168	-0.167453
2.23	0.571491	1.38298	1.97142	-0.165957	-0.16303
2.235	0.573444	1.38758	1.97225	-0.159833	-0.158642
2.24	0.575402	1.39218	1.97305	-0.153796	-0.154291
2.245	0.577363	1.39678	1.97382	-0.147845	-0.149975
2.25	0.579327	1.40138	1.97456	-0.141979	-0.145695
2.255	0.581295	1.40598	1.97527	-0.136197	-0.14145
2.26	0.583266	1.41057	1.97595	-0.130499	-0.13724
2.265	0.58524	1.41517	1.9766	-0.124884	-0.133065
2.27	0.587216	1.41976	1.97722	-0.11935	-0.128925
2.275	0.589196	1.42435	1.97782	-0.113897	-0.124819
2.28	0.591178	1.42894	1.97839	-0.108523	-0.120748
2.285	0.593162	1.43353	1.97893	-0.103229	-0.116711
2.29	0.595149	1.43812	1.97945	-0.0980133	-0.112709
2.295	0.597138	1.44271	1.97994	-0.0928746	-0.10874
2.3	0.599129	1.44729	1.9804	-0.0878123	-0.104805
2.305	0.601123	1.45188	1.98084	-0.0828255	-0.100904
2.31	0.603118	1.45646	1.98126	-0.0779134	-0.0970358
2.315	0.605115	1.46105	1.98165	-0.0730751	-0.0932011
2.32	0.607113	1.46563	1.98201	-0.0683097	-0.0893994
2.325	0.609113	1.47021	1.98235	-0.0636164	-0.0856306
2.33	0.611115	1.47479	1.98267	-0.0589943	-0.0818944
2.335	0.613118	1.47938	1.98297	-0.0544426	-0.0781907
2.34	0.615122	1.48396	1.98324	-0.0499604	-0.0745192
2.345	0.617128	1.48854	1.98349	-0.0455469	-0.0708799
2.35	0.619134	1.49312	1.98372	-0.0412013	-0.0672724
2.355	0.621142	1.4977	1.98392	-0.0369226	-0.0636966
2.36	0.62315	1.50228	1.98411	-0.0327102	-0.0601524
2.365	0.625159	1.50685	1.98427	-0.0285631	-0.0566394
2.37	0.627168	1.51143	1.98441	-0.0244806	-0.0531576
2.375	0.629179	1.51601	1.98454	-0.0204619	-0.0497067
2.38	0.631189	1.52059	1.98464	-0.0165061	-0.0462865
2.385	0.6332	1.52517	1.98472	-0.0126125	-0.0428968
2.39	0.635212	1.52974	1.98478	-0.00878033	-0.0395375
2.395	0.637223	1.53432	1.98483	-0.00500872	-0.0362084
2.4	0.639235	1.5389	1.98485	-0.00129693	-0.0329092
2.405	0.641246	1.54348	1.98486	0.00235579	-0.0296397
2.41	0.643258	1.54805	1.98485	0.0059502	-0.0263998
2.415	0.645269	1.55263	1.98482	0.00948706	-0.0231893
2.42	0.647281	1.55721	1.98477	0.0129671	-0.020008
2.425	0.649292	1.56179	1.98471	0.0163911	-0.0168557
2.43	0.651302	1.56636	1.98462	0.0197597	-0.0137321
2.435	0.653312	1.57094	1.98452	0.0230737	-0.0106372
2.44	0.655322	1.57552	1.98441	0.0263338	-0.00757072
2.445	0.657331	1.5801	1.98428	0.0295407	-0.00453246
2.45	0.659339	1.58468	1.98413	0.0326952	-0.00152223
2.455	0.661347	1.58926	1.98397	0.0357978	0.00146014
2.46	0.663354	1.59384	1.98379	0.0388493	0.00441484
2.465	0.665359	1.59842	1.98359	0.0418503	0.00734205
2.47	0.667364	1.603	1.98338	0.0448016	0.010242
2.475	0.669368	1.60758	1.98316	0.0477038	0.0131148
2.48	0.671371	1.61216	1.98292	0.0505575	0.0159606
2.485	0.673373	1.61674	1.98267	0.0533634	0.0187797
2.49	0.675373	1.62132	1.9824	0.0561222	0.0215723
2.495	0.677372	1.62591	1.98212	0.0588344	0.0243384
2.5	0.67937	1.63049	1.98183	0.0615007	0.0270783
2.505	0.681366	1.63508	1.98152	0.0641218	0.0297922
2.51	0.683361	1.63966	1.9812	0.0666981	0.0324803
2.515	0.685355	1.64425	1.98087	0.0692305	0.0351426
2.52	0.687346	1.64883	1.98052	0.0717193	0.0377794
2.525	0.689337	1.65342	1.98016	0.0741653	0.0403909
2.53	0.691325	1.65801	1.97979	0.0765689	0.0429772
2.535	0.693312	1.66259	1.97941	0.0789309	0.0455386
2.54	0.695297	1.66718	1.97901	0.0812516	0.0480751
2.545	0.69728	1.67177	1.97861	0.0835318	0.0505869
2.55	0.699261	1.67636	1.97819	0.085772	0.0530742
2.555	0.70124	1.68096	1.97776	0.0879727	0.0555372
2.56	0.703217	1.68555	1.97732	0.0901344	0.0579761
2.565	0.705192	1.69014	1.97687	0.0922577	0.0603909
2.57	0.707165	1.69474	1.97641	0.0943431	0.0627819
2.575	0.709135	1.69933	1.97594	0.0963912	0.0651492
2.58	0.711104	1.70393	1.97545	0.0984024	0.067493
2.585	0.71307	1.70852	1.97496	0.100377	0.0698134
2.59	0.715034	1.71312	1.97446	0.102316	0.0721106
2.595	0.716996	1.71772	1.97395	0.10422	0.0743848
2.6	0.718955	1.72232	1.97343	0.106089	0.076636
2.605	0.720912	1.72692	1.9729	0.107923	0.0788645
2.61	0.722866	1.73153	1.97236	0.109724	0.0810704
2.615	0.724818	1.73613	1.97181	0.111491	0.0832539
2.62	0.726767	1.74073	1.97125	0.113225	0.0854151
2.625	0.728714	1.74534	1.97069	0.114927	0.0875541
2.63	0.730657	1.74995	1.97011	0.116596	0.0896711
2.635	0.732599	1.75455	1.96953	0.118234	0.0917662
2.64	0.734537	1.75916	1.96894	0.119841	0.0938397
2.645	0.736473	1.76377	1.96834	0.121417	0.0958915
2.65	0.738406	1.76838	1.96773	0.122963	0.097922
2.655	0.740336	1.773	1.96712	0.124478	0.0999311
2.66	0.742263	1.77761	1.96649	0.125965	0.101919
2.665	0.744188	1.78222	1.96586	0.127422	0.103886
2.67	0.746109	1.78684	1.96523	0.128851	0.105832
2.675	0.748028	1.79146	1.96458	0.130251	0.107758
2.68	0.749943	1.79608	1.96393	0.131624	0.109662
2.685	0.751855	1.8007	1.96327	0.132969	0.111547
2.69	0.753765	1.80532	1.96261	0.134287	0.113411
2.695	0.755671	1.80994	1.96194	0.135578	0.115254
2.7	0.757574	1.81456	1.96126	0.136843	0.117078
2.705	0.759474	1.81919	1.96057	0.138082	0.118882
2.71	0.761371	1.82381	1.95988	0.139295	0.120665
2.715	0.763264	1.82844	1.95919	0.140483	0.12243
2.72	0.765154	1.83307	1.95849	0.141647	0.124174
2.725	0.767041	1.8377	1.95778	0.142785	0.125899
2.73	0.768925	1.84233	1.95706	0.1439	0.127605
2.735	0.770805	1.84697	1.95634	0.144991	0.129292
2.74	0.772682	1.8516	1.95562	0.146058	0.130959
2.745	0.774556	1.85624	1.95489	0.147102	0.132608
2.75	0.776426	1.86087	1.95415	0.148123	0.134237
2.755	0.778293	1.86551	1.95341	0.149122	0.135848
2.76	0.780156	1.87015	1.95267	0.150098	0.137441
2.765	0.782016	1.87479	1.95192	0.151053	0.139014
2.77	0.783872	1.87944	1.95116	0.151986	0.14057
2.775	0.785725	1.88408	1.9504	0.152898	0.142107
2.78	0.787574	1.88872	1.94964	0.153788	0.143626
2.785	0.78942	1.89337	1.94887	0.154659	0.145127
2.79	0.791262	1.89802	1.94809	0.155508	0.14661
2.795	0.7931	1.90267	1.94732	0.156338	0.148075
2.8	0.794935	1.90732	1.94653	0.157148	0.149523
2.805	0.796766	1.91197	1.94575	0.157938	0.150952
2.81	0.798594	1.91663	1.94496	0.158709	0.152365
2.815	0.800417	1.92128	1.94417	0.159462	0.15376
2.82	0.802238	1.92594	1.94337	0.160195	0.155137
2.825	0.804054	1.9306	1.94257	0.16091	0.156498
2.83	0.805866	1.93526	1.94176	0.161607	0.157841
2.835	0.807675	1.93992	1.94095	0.162286	0.159167
2.84	0.80948	1.94458	1.94014	0.162948	0.160477
2.845	0.811282	1.94925	1.93933	0.163592	0.161769
2.85	0.813079	1.95391	1.93851	0.164219	0.163045
2.855	0.814873	1.95858	1.93769	0.164829	0.164304
2.86	0.816662	1.96325	1.93687	0.165422	0.165547
2.865	0.818448	1.96792	1.93604	0.165999	0.166774
2.87	0.82023	1.97259	1.93521	0.16656	0.167984
2.875	0.822008	1.97726	1.93438	0.167105	0.169178
2.88	0.823782	1.98194	1.93354	0.167634	0.170355
2.885	0.825553	1.98661	1.9327	0.168148	0.171517
2.89	0.827319	1.99129	1.93186	0.168646	0.172663
2.895	0.829082	1.99597	1.93102	0.16913	0.173793
2.9	0.83084	2.00065	1.93017	0.169599	0.174907
2.905	0.832594	2.00533	1.92932	0.170053	0.176005
2.91	0.834345	2.01002	1.92847	0.170493	0.177088
2.915	0.836091	2.0147	1.92762	0.170918	0.178156
2.92	0.837834	2.01939	1.92677	0.17133	0.179208
2.925	0.839572	2.02408	1.92591	0.171728	0.180244
2.93	0.841307	2.02877	1.92505	0.172112	0.181266
2.935	0.843037	2.03346	1.92419	0.172484	0.182272
2.94	0.844764	2.03815	1.92333	0.172842	0.183264
2.945	0.846486	2.04284	1.92246	0.173187	0.18424
2.95	0.848204	2.04754	1.9216	0.173519	0.185201
2.955	0.849918	2.05224	1.92073	0.173839	0.186148
2.96	0.851629	2.05693	1.91986	0.174146	0.18708
2.965	0.853335	2.06163	1.91899	0.174442	0.187997
2.97	0.855036	2.06634	1.91812	0.174725	0.188899
2.975	0.856734	2.07104	1.91725	0.174997	0.189788
2.98	0.858428	2.07574	1.91637	0.175256	0.190661
2.985	0.860118	2.08045	1.91549	0.175505	0.191521
2.99	0.861803	2.08516	1.91462	0.175742	0.192366
2.995	0.863484	2.08987	1.91374	0.175968	0.193197
3	0.865161	2.09458	1.91286	0.176183	0.194014
3.005	0.866834	2.09929	1.91198	0.176388	0.194816
3.01	0.868503	2.104	1.9111	0.176581	0.195605
3.015	0.870168	2.10872	1.91021	0.176765	0.19638
3.02	0.871828	2.11343	1.90933	0.176938	0.197141
3.025	0.873485	2.11815	1.90844	0.177101	0.197889
3.03	0.875137	2.12287	1.90756	0.177254	0.198623
3.035	0.876785	2.12759	1.90667	0.177397	0.199343
3.04	0.878429	2.13231	1.90578	0.17753	0.20005
3.045	0.880068	2.13704	1.9049	0.177654	0.200743
3.05	0.881704	2.14176	1.90401	0.177769	0.201423
3.055	0.883335	2.14649	1.90312	0.177875	0.202089
3.06	0.884962	2.15121	1.90223	0.177971	0.202743
3.065	0.886585	2.15594	1.90134	0.178059	0.203383
3.07	0.888203	2.16067	1.90045	0.178138	0.20401
3.075	0.889818	2.16541	1.89956	0.178208	0.204624
3.08	0.891428	2.17014	1.89867	0.17827	0.205225
3.085	0.893034	2.17488	1.89778	0.178323	0.205813
3.09	0.894635	2.17961	1.89689	0.178368	0.206388
3.095	0.896233	2.18435	1.89599	0.178405	0.206951
3.1	0.897826	2.18909	1.8951	0.178434	0.207501
3.105	0.899415	2.19383	1.89421	0.178456	0.208038
3.11	0.901	2.19857	1.89332	0.17847	0.208563
3.115	0.902581	2.20332	1.89243	0.178476	0.209075
3.12	0.904157	2.20806	1.89153	0.178475	0.209575
3.125	0.905729	2.21281	1.89064	0.178466	0.210062
3.13	0.907297	2.21756	1.88975	0.17845	0.210537
3.135	0.90886	2.2223	1.88886	0.178428	0.211
3.14	0.91042	2.22705	1.88796	0.178398	0.21145
3.145	0.911975	2.23181	1.88707	0.178361	0.211889
3.15	0.913526	2.23656	1.88618	0.178318	0.212315
3.155	0.915073	2.24132	1.88529	0.178269	0.212729
3.16	0.916615	2.24607	1.8844	0.178212	0.213132
3.165	0.918153	2.25083	1.88351	0.17815	0.213522
3.17	0.919687	2.25559	1.88262	0.178081	0.213901
3.175	0.921217	2.26035	1.88172	0.178006	0.214268
3.18	0.922742	2.26511	1.88083	0.177925	0.214623
3.185	0.924264	2.26987	1.87995	0.177839	0.214966
3.19	0.925781	2.27464	1.87906	0.177746	0.215298
3.195	0.927293	2.2794	1.87817	0.177648	0.215619
3.2	0.928802	2.28417	1.87728	0.177544	0.215928
3.205	0.930306	2.28894	1.87639	0.177435	0.216225
3.21	0.931806	2.29371	1.8755	0.17732	0.216511
3.215	0.933302	2.29848	1.87462	0.1772	0.216786
3.22	0.934794	2.30325	1.87373	0.177075	0.217049
3.225	0.936281	2.30802	1.87285	0.176945	0.217301
3.23	0.937764	2.3128	1.87196	0.17681	0.217542
3.235	0.939243	2.31758	1.87108	0.17667	0.217772
3.24	0.940718	2.32235	1.87019	0.176525	0.217991
3.245	0.942188	2.32713	1.86931	0.176376	0.218199
3.25	0.943655	2.33191	1.86843	0.176222	0.218396
3.255	0.945117	2.33669	1.86755	0.176063	0.218582
3.26	0.946575	2.34148	1.86667	0.1759	0.218757
3.265	0.948028	2.34626	1.86579	0.175733	0.218921
3.27	0.949478	2.35105	1.86491	0.175561	0.219075
3.275	0.950923	2.35583	1.86403	0.175386	0.219218
3.28	0.952364	2.36062	1.86316	0.175206	0.21935
3.285	0.953801	2.36541	1.86228	0.175022	0.219472
3.29	0.955234	2.3702	1.8614	0.174835	0.219583
3.295	0.956662	2.37499	1.86053	0.174644	0.219684
3.3	0.958086	2.37978	1.85966	0.174449	0.219774
3.305	0.959507	2.38458	1.85878	0.17425	0.219854
3.31	0.960922	2.38937	1.85791	0.174048	0.219923
3.315	0.962334	2.39417	1.85704	0.173842	0.219982
3.32	0.963742	2.39897	1.85617	0.173633	0.220031
3.325	0.965145	2.40377	1.85531	0.173421	0.22007
3.33	0.966545	2.40857	1.85444	0.173205	0.220099
3.335	0.96794	2.41337	1.85357	0.172987	0.220117
3.34	0.969331	2.41817	1.85271	0.172765	0.220126
3.345	0.970717	2.42297	1.85184	0.17254	0.220124
3.35	0.9721	2.42778	1.85098	0.172313	0.220113
3.355	0.973479	2.43259	1.85012	0.172082	0.220091
3.36	0.974853	2.43739	1.84926	0.171849	0.22006
3.365	0.976223	2.4422	1.8484	0.171613	0.220019
3.37	0.977589	2.44701	1.84754	0.171375	0.219968
3.375	0.978951	2.45182	1.84668	0.171133	0.219907
3.38	0.980309	2.45663	1.84583	0.17089	0.219837
3.385	0.981663	2.46145	1.84497	0.170644	0.219757
3.39	0.983013	2.46626	1.84412	0.170396	0.219667
3.395	0.984358	2.47108	1.84327	0.170145	0.219568
3.4	0.9857	2.47589	1.84242	0.169892	0.219459
3.405	0.987037	2.48071	1.84157	0.169637	0.219341
3.41	0.98837	2.48553	1.84072	0.16938	0.219213
3.415	0.9897	2.49035	1.83987	0.169121	0.219076
3.42	0.991025	2.49517	1.83903	0.16886	0.21893
3.425	0.992346	2.5	1.83818	0.168598	0.218775
3.43	0.993663	2.50482	1.83734	0.168333	0.21861
3.435	0.994976	2.50964	1.8365	0.168067	0.218436
3.44	0.996285	2.51447	1.83566	0.167799	0.218252
3.445	0.99759	2.5193	1.83482	0.167529	0.21806
3.45	0.99889	2.52412	1.83398	0.167258	0.217859
3.455	1.00019	2.52895	1.83315	0.166985	0.217648
3.46	1.00148	2.53378	1.83231	0.166711	0.217429
3.465	1.00277	2.53861	1.83148	0.166435	0.2172
3.47	1.00405	2.54345	1.83065	0.166159	0.216963
3.475	1.00533	2.54828	1.82981	0.16588	0.216717
3.48	1.00661	2.55311	1.82899	0.165601	0.216461
3.485	1.00788	2.55795	1.82816	0.165321	0.216198
3.49	1.00915	2.56278	1.82733	0.165039	0.215925
3.495	1.01042	2.56762	1.82651	0.164757	0.215643
3.5	1.01168	2.57246	1.82568	0.164473	0.215353
3.505	1.01293	2.5773	1.82486	0.164188	0.215055
3.51	1.01419	2.58214	1.82404	0.163903	0.214747
3.515	1.01544	2.58698	1.82322	0.163617	0.214432
3.52	1.01668	2.59182	1.8224	0.16333	0.214107
3.525	1.01792	2.59667	1.82158	0.163042	0.213774
3.53	1.01916	2.60151	1.82077	0.162754	0.213433
3.535	1.02039	2.60636	1.81996	0.162465	0.213083
3.54	1.02162	2.6112	1.81914	0.162176	0.212725
3.545	1.02284	2.61605	1.81833	0.161886	0.212359
3.55	1.02407	2.6209	1.81752	0.161595	0.211984
3.555	1.02528	2.62575	1.81671	0.161304	0.211601
3.56	1.0265	2.6306	1.81591	0.161013	0.21121
3.565	1.02771	2.63545	1.8151	0.160722	0.21081
3.57	1.02891	2.64031	1.8143	0.16043	0.210403
3.575	1.03011	2.64516	1.8135	0.160138	0.209987
3.58	1.03131	2.65001	1.8127	0.159846	0.209564
3.585	1.0325	2.65487	1.8119	0.159553	0.209132
3.59	1.03369	2.65972	1.8111	0.159261	0.208692
3.595	1.03488	2.66458	1.8103	0.158969	0.208244
3.6	1.03606	2.66944	1.80951	0.158676	0.207789
3.605	1.03724	2.6743	1.80872	0.158384	0.207325
3.61	1.03842	2.67916	1.80792	0.158092	0.206854
3.615	1.03959	2.68402	1.80713	0.1578	0.206375
3.62	1.04075	2.68888	1.80634	0.157508	0.205888
3.625	1.04192	2.69375	1.80556	0.157217	0.205393
3.63	1.04308	2.69861	1.80477	0.156925	0.204891
3.635	1.04423	2.70347	1.80399	0.156634	0.20438
3.64	1.04538	2.70834	1.8032	0.156344	0.203863
3.645	1.04653	2.71321	1.80242	0.156054	0.203337
3.65	1.04767	2.71807	1.80164	0.155764	0.202804
3.655	1.04881	2.72294	1.80086	0.155475	0.202264
3.66	1.04995	2.72781	1.80008	0.155186	0.201716
3.665	1.05108	2.73268	1.79931	0.154898	0.201161
3.67	1.05221	2.73755	1.79853	0.154611	0.200598
3.675	1.05334	2.74242	1.79776	0.154324	0.200028
3.68	1.05446	2.7473	1.79699	0.154038	0.19945
3.685	1.05558	2.75217	1.79622	0.153752	0.198865
3.69	1.05669	2.75704	1.79545	0.153467	0.198273
3.695	1.0578	2.76192	1.79468	0.153184	0.197673
3.7	1.05891	2.7668	1.79392	0.152901	0.197066
3.705	1.06001	2.77167	1.79315	0.152619	0.196453
3.71	1.06111	2.77655	1.79239	0.152337	0.195831
3.715	1.0622	2.78143	1.79163	0.152057	0.195203
3.72	1.0633	2.78631	1.79087	0.151778	0.194568
3.725	1.06438	2.79119	1.79011	0.1515	0.193926
3.73	1.06547	2.79607	1.78935	0.151223	0.193276
3.735	1.06655	2.80095	1.78859	0.150947	0.19262
3.74	1.06762	2.80583	1.78784	0.150672	0.191956
3.745	1.0687	2.81072	1.78709	0.150398	0.191286
3.75	1.06977	2.8156	1.78633	0.150126	0.190609
3.755	1.07083	2.82049	1.78558	0.149854	0.189925
3.76	1.07189	2.82537	1.78483	0.149584	0.189234
3.765	1.07295	2.83026	1.78409	0.149316	0.188536
3.77	1.07401	2.83515	1.78334	0.149048	0.187831
3.775	1.07506	2.84003	1.7826	0.148782	0.18712
3.78	1.07611	2.84492	1.78185	0.148518	0.186402
3.785	1.07715	2.84981	1.78111	0.148255	0.185678
3.79	1.07819	2.8547	1.78037	0.147993	0.184946
3.795	1.07923	2.8596	1.77963	0.147733	0.184208
3.8	1.08026	2.86449	1.77889	0.147474	0.183464
3.805	1.08129	2.86938	1.77815	0.147217	0.182713
3.81	1.08231	2.87427	1.77742	0.146962	0.181955
3.815	1.08334	2.87917	1.77668	0.146708	0.181191
3.82	1.08436	2.88406	1.77595	0.146456	0.180421
3.825	1.08537	2.88896	1.77521	0.146205	0.179644
3.83	1.08638	2.89386	1.77448	0.145956	0.178861
3.835	1.08739	2.89875	1.77375	0.145709	0.178071
3.84	1.08839	2.90365	1.77303	0.145464	0.177275
3.845	1.08939	2.90855	1.7723	0.145221	0.176473
3.85	1.09039	2.91345	1.77157	0.144979	0.175664
3.855	1.09139	2.91835	1.77085	0.144739	0.174849
3.86	1.09238	2.92325	1.77012	0.144501	0.174028
3.865	1.09336	2.92815	1.7694	0.144265	0.173201
3.87	1.09435	2.93306	1.76868	0.144031	0.172367
3.875	1.09532	2.93796	1.76796	0.143799	0.171528
3.88	1.0963	2.94286	1.76724	0.143569	0.170682
3.885	1.09727	2.94777	1.76652	0.143341	0.169831
3.89	1.09824	2.95267	1.76581	0.143115	0.168973
3.895	1.09921	2.95758	1.76509	0.142891	0.168109
3.9	1.10017	2.96249	1.76438	0.142669	0.167239
3.905	1.10113	2.96739	1.76366	0.14245	0.166364
3.91	1.10208	2.9723	1.76295	0.142232	0.165482
3.915	1.10303	2.97721	1.76224	0.142017	0.164595
3.92	1.10398	2.98212	1.76153	0.141804	0.163701
3.925	1.10493	2.98703	1.76082	0.141593	0.162802
3.93	1.10587	2.99194	1.76011	0.141384	0.161897
3.935	1.1068	2.99685	1.7594	0.141178	0.160986
3.94	1.10774	3.00176	1.7587	0.140974	0.16007
3.945	1.10867	3.00667	1.75799	0.140772	0.159148
3.95	1.1096	3.01159	1.75729	0.140572	0.15822
3.955	1.11052	3.0165	1.75659	0.140375	0.157286
3.96	1.11144	3.02142	1.75589	0.140181	0.156347
3.965	1.11236	3.02633	1.75518	0.139988	0.155403
3.97	1.11327	3.03125	1.75448	0.139799	0.154452
3.975	1.11418	3.03616	1.75379	0.139611	0.153496
3.98	1.11509	3.04108	1.75309	0.139427	0.152535
3.985	1.11599	3.046	1.75239	0.139244	0.151568
3.99	1.11689	3.05092	1.75169	0.139064	0.150596
3.995	1.11778	3.05584	1.751	0.138887	0.149618
4	1.11868	3.06076	1.7503	0.138713	0.148635
4.005	1.11957	3.06568	1.74961	0.138541	0.147647
4.01	1.12045	3.0706	1.74892	0.138371	0.146653
4.015	1.12134	3.07552	1.74823	0.138204	0.145654
4.02	1.12221	3.08044	1.74754	0.13804	0.144649
4.025	1.12309	3.08536	1.74685	0.137879	0.143639
4.03	1.12396	3.09029	1.74616	0.13772	0.142624
4.035	1.12483	3.09521	1.74547	0.137564	0.141604
4.04	1.1257	3.10014	1.74478	0.137411	0.140579
4.045	1.12656	3.10506	1.74409	0.13726	0.139549
4.05	1.12742	3.10999	1.74341	0.137112	0.138513
4.055	1.12827	3.11491	1.74272	0.136967	0.137472
4.06	1.12913	3.11984	1.74204	0.136825	0.136427
4.065	1.12997	3.12477	1.74135	0.136686	0.135376
4.07	1.13082	3.1297	1.74067	0.136549	0.13432
4.075	1.13166	3.13462	1.73999	0.136416	0.133259
4.08	1.1325	3.13955	1.7393	0.136285	0.132193
4.085	1.13333	3.14448	1.73862	0.136158	0.131123
4.09	1.13417	3.14941	1.73794	0.136033	0.130047
4.095	1.13499	3.15434	1.73726	0.135911	0.128967
4.1	1.13582	3.15928	1.73658	0.135792	0.127882
4.105	1.13664	3.16421	1.7359	0.135676	0.126791
4.11	1.13746	3.16914	1.73522	0.135563	0.125697
4.115	1.13828	3.17407	1.73455	0.135453	0.124597
4.12	1.13909	3.17901	1.73387	0.135346	0.123492
4.125	1.1399	3.18394	1.73319	0.135242	0.122383
4.13	1.1407	3.18888	1.73252	0.135142	0.12127
4.135	1.1415	3.19381	1.73184	0.135044	0.120151
4.14	1.1423	3.19875	1.73117	0.134949	0.119028
4.145	1.1431	3.20368	1.73049	0.134858	0.1179
4.15	1.14389	3.20862	1.72982	0.13477	0.116768
4.155	1.14468	3.21356	1.72914	0.134685	0.115631
4.16	1.14546	3.2185	1.72847	0.134603	0.11449
4.165	1.14624	3.22343	1.7278	0.134524	0.113344
4.17	1.14702	3.22837	1.72712	0.134448	0.112194
4.175	1.1478	3.23331	1.72645	0.134376	0.111039
4.18	1.14857	3.23825	1.72578	0.134306	0.10988
4.185	1.14934	3.24319	1.72511	0.134241	0.108716
4.19	1.1501	3.24813	1.72444	0.134178	0.107548
4.195	1.15086	3.25308	1.72377	0.134118	0.106376
4.2	1.15162	3.25802	1.72309	0.134062	0.1052
4.205	1.15238	3.26296	1.72242	0.13401	0.104019
4.21	1.15313	3.2679	1.72175	0.13396	0.102834
4.215	1.15388	3.27285	1.72108	0.133914	0.101644
4.22	1.15462	3.27779	1.72042	0.133871	0.100451
4.225	1.15537	3.28274	1.71975	0.133831	0.0992528
4.23	1.1561	3.28768	1.71908	0.133795	0.0980509
4.235	1.15684	3.29263	1.71841	0.133763	0.0968449
4.24	1.15757	3.29757	1.71774	0.133733	0.0956347
4.245	1.1583	3.30252	1.71707	0.133707	0.0944205
4.25	1.15903	3.30747	1.7164	0.133685	0.0932022
4.255	1.15975	3.31241	1.71573	0.133666	0.0919799
4.26	1.16047	3.31736	1.71506	0.13365	0.0907536
4.265	1.16118	3.32231	1.7144	0.133638	0.0895233
4.27	1.16189	3.32726	1.71373	0.133629	0.0882891
4.275	1.1626	3.33221	1.71306	0.133624	0.0870509
4.28	1.16331	3.33716	1.71239	0.133622	0.0858089
4.285	1.16401	3.34211	1.71172	0.133624	0.0845629
4.29	1.16471	3.34706	1.71106	0.133629	0.0833132
4.295	1.16541	3.35201	1.71039	0.133638	0.0820596
4.3	1.1661	3.35696	1.70972	0.133651	0.0808022
4.305	1.16679	3.36192	1.70905	0.133667	0.079541
4.31	1.16747	3.36687	1.70838	0.133686	0.0782761
4.315	1.16816	3.37182	1.70771	0.133709	0.0770075
4.32	1.16884	3.37678	1.70705	0.133736	0.0757352
4.325	1.16951	3.38173	1.70638	0.133766	0.0744592
4.33	1.17018	3.38668	1.70571	0.1338	0.0731796
4.335	1.17085	3.39164	1.70504	0.133838	0.0718964
4.34	1.17152	3.3966	1.70437	0.133879	0.0706095
4.345	1.17218	3.40155	1.7037	0.133923	0.0693191
4.35	1.17284	3.40651	1.70303	0.133972	0.0680252
4.355	1.1735	3.41146	1.70236	0.134024	0.0667278
4.36	1.17415	3.41642	1.70169	0.13408	0.0654268
4.365	1.1748	3.42138	1.70102	0.134139	0.0641224
4.37	1.17544	3.42634	1.70035	0.134202	0.0628146
4.375	1.17609	3.4313	1.69968	0.134269	0.0615033
4.38	1.17673	3.43625	1.69901	0.13434	0.0601887
4.385	1.17736	3.44121	1.69834	0.134414	0.0588707
4.39	1.17799	3.44617	1.69766	0.134492	0.0575493
4.395	1.17862	3.45113	1.69699	0.134573	0.0562247
4.4	1.17925	3.45609	1.69632	0.134659	0.0548967
4.405	1.17987	3.46106	1.69565	0.134748	0.0535655
4.41	1.18049	3.46602	1.69497	0.134841	0.0522311
4.415	1.18111	3.47098	1.6943	0.134938	0.0508934
4.42	1.18172	3.47594	1.69362	0.135038	0.0495526
4.425	1.18233	3.4809	1.69295	0.135143	0.0482086
4.43	1.18294	3.48587	1.69227	0.135251	0.0468614
4.435	1.18354	3.49083	1.6916	0.135363	0.0455112
4.44	1.18414	3.4958	1.69092	0.135478	0.0441579
4.445	1.18473	3.50076	1.69024	0.135598	0.0428015
4.45	1.18533	3.50572	1.68956	0.135721	0.041442
4.455	1.18591	3.51069	1.68888	0.135849	0.0400796
4.46	1.1865	3.51565	1.68821	0.13598	0.0387141
4.465	1.18708	3.52062	1.68753	0.136114	0.0373457
4.47	1.18766	3.52559	1.68685	0.136253	0.0359744
4.475	1.18824	3.53055	1.68616	0.136396	0.0346001
4.48	1.18881	3.53552	1.68548	0.136542	0.033223
4.485	1.18938	3.54049	1.6848	0.136693	0.031843
4.49	1.18994	3.54546	1.68412	0.136847	0.0304602
4.495	1.19051	3.55042	1.68343	0.137005	0.0290745
4.5	1.19106	3.55539	1.68275	0.137167	0.0276861
4.505	1.19162	3.56036	1.68206	0.137333	0.0262949
4.51	1.19217	3.56533	1.68137	0.137503	0.024901
4.515	1.19272	3.5703	1.68069	0.137677	0.0235043
4.52	1.19326	3.57527	1.68	0.137854	0.022105
4.525	1.19381	3.58024	1.67931	0.138036	0.020703
4.53	1.19434	3.58521	1.67862	0.138222	0.0192983
4.535	1.19488	3.59019	1.67793	0.138411	0.0178911
4.54	1.19541	3.59516	1.67724	0.138605	0.0164812
4.545	1.19594	3.60013	1.67654	0.138802	0.0150688
4.55	1.19646	3.6051	1.67585	0.139003	0.0136539
4.555	1.19698	3.61007	1.67515	0.139209	0.0122364
4.56	1.1975	3.61505	1.67446	0.139418	0.0108164
4.565	1.19801	3.62002	1.67376	0.139631	0.00939401
4.57	1.19852	3.62499	1.67306	0.139849	0.00796915
4.575	1.19903	3.62997	1.67236	0.14007	0.00654187
4.58	1.19953	3.63494	1.67166	0.140295	0.00511219
4.585	1.20003	3.63992	1.67096	0.140524	0.00368016
4.59	1.20053	3.64489	1.67026	0.140757	0.00224577
4.595	1.20102	3.64987	1.66955	0.140995	0.000809074
4.6	1.20151	3.65485	1.66885	0.141236	-0.000629919
4.605	1.202	3.65982	1.66814	0.141481	-0.00207118
4.61	1.20248	3.6648	1.66744	0.14173	-0.00351469
4.615	1.20296	3.66978	1.66673	0.141984	-0.00496041
4.62	1.20344	3.67475	1.66602	0.142241	-0.00640833
4.625	1.20391	3.67973	1.66531	0.142502	-0.00785842
4.63	1.20438	3.68471	1.66459	0.142768	-0.00931065
4.635	1.20484	3.68969	1.66388	0.143037	-0.010765
4.64	1.2053	3.69467	1.66316	0.143311	-0.0122215
4.645	1.20576	3.69964	1.66245	0.143588	-0.01368
4.65	1.20621	3.70462	1.66173	0.14387	-0.0151405
4.655	1.20666	3.7096	1.66101	0.144155	-0.0166031
4.66	1.20711	3.71458	1.66029	0.144445	-0.0180677
4.665	1.20755	3.71956	1.65957	0.144739	-0.0195343
4.67	1.20799	3.72454	1.65884	0.145037	-0.0210028
4.675	1.20843	3.72953	1.65812	0.145338	-0.0224732
4.68	1.20886	3.73451	1.65739	0.145644	-0.0239456
4.685	1.20929	3.73949	1.65666	0.145954	-0.0254198
4.69	1.20972	3.74447	1.65593	0.146268	-0.0268958
4.695	1.21014	3.74945	1.6552	0.146587	-0.0283737
4.7	1.21056	3.75443	1.65447	0.146909	-0.0298534
4.705	1.21097	3.75942	1.65374	0.147235	-0.0313348
4.71	1.21138	3.7644	1.653	0.147565	-0.032818
4.715	1.21179	3.76938	1.65226	0.1479	-0.034303
4.72	1.21219	3.77437	1.65152	0.148239	-0.0357896
4.725	1.21259	3.77935	1.65078	0.148581	-0.0372779
4.73	1.21299	3.78434	1.65004	0.148928	-0.0387679
4.735	1.21338	3.78932	1.64929	0.149279	-0.0402595
4.74	1.21377	3.79431	1.64855	0.149634	-0.0417527
4.745	1.21415	3.79929	1.6478	0.149993	-0.0432474
4.75	1.21453	3.80428	1.64705	0.150356	-0.0447438
4.755	1.21491	3.80926	1.6463	0.150723	-0.0462416
4.76	1.21528	3.81425	1.64554	0.151095	-0.047741
4.765	1.21565	3.81923	1.64479	0.15147	-0.0492418
4.77	1.21602	3.82422	1.64403	0.15185	-0.0507441
4.775	1.21638	3.82921	1.64327	0.152234	-0.0522478
4.78	1.21674	3.8342	1.64251	0.152621	-0.053753
4.785	1.21709	3.83918	1.64175	0.153013	-0.0552595
4.79	1.21744	3.84417	1.64098	0.153409	-0.0567674
4.795	1.21779	3.84916	1.64021	0.15381	-0.0582766
4.8	1.21813	3.85415	1.63945	0.154214	-0.0597871
4.805	1.21847	3.85913	1.63867	0.154622	-0.0612989
4.81	1.21881	3.86412	1.6379	0.155035	-0.0628119
4.815	1.21914	3.86911	1.63713	0.155452	-0.0643262
4.82	1.21947	3.8741	1.63635	0.155872	-0.0658417
4.825	1.21979	3.87909	1.63557	0.156297	-0.0673583
4.83	1.22011	3.88408	1.63479	0.156726	-0.0688762
4.835	1.22043	3.88907	1.634	0.15716	-0.0703951
4.84	1.22074	3.89406	1.63322	0.157597	-0.0719152
4.845	1.22105	3.89905	1.63243	0.158038	-0.0734364
4.85	1.22135	3.90404	1.63164	0.158484	-0.0749586
4.855	1.22165	3.90903	1.63085	0.158934	-0.0764818
4.86	1.22195	3.91402	1.63005	0.159387	-0.0780061
4.865	1.22224	3.91902	1.62926	0.159845	-0.0795313
4.87	1.22253	3.92401	1.62846	0.160307	-0.0810575
4.875	1.22281	3.929	1.62766	0.160774	-0.0825846
4.88	1.22309	3.93399	1.62685	0.161244	-0.0841127
4.885	1.22337	3.93898	1.62605	0.161718	-0.0856416
4.89	1.22364	3.94398	1.62524	0.162197	-0.0871714
4.895	1.22391	3.94897	1.62443	0.16268	-0.088702
4.9	1.22417	3.95396	1.62361	0.163167	-0.0902334
4.905	1.22443	3.95896	1.6228	0.163658	-0.0917656
4.91	1.22469	3.96395	1.62198	0.164153	-0.0932986
4.915	1.22494	3.96894	1.62116	0.164652	-0.0948323
4.92	1.22519	3.97394	1.62033	0.165155	-0.0963667
4.925	1.22543	3.97893	1.61951	0.165663	-0.0979018
4.93	1.22567	3.98393	1.61868	0.166174	-0.0994376
4.935	1.2259	3.98892	1.61785	0.16669	-0.100974
4.94	1.22613	3.99391	1.61702	0.16721	-0.102511
4.945	1.22636	3.99891	1.61618	0.167734	-0.104049
4.95	1.22658	4.0039	1.61534	0.168262	-0.105587
4.955	1.2268	4.0089	1.6145	0.168794	-0.107125
4.96	1.22702	4.0139	1.61366	0.169331	-0.108665
4.965	1.22723	4.01889	1.61281	0.169871	-0.110204
4.97	1.22743	4.02389	1.61196	0.170416	-0.111744
4.975	1.22763	4.02888	1.61111	0.170965	-0.113285
4.98	1.22783	4.03388	1.61025	0.171517	-0.114826
4.985	1.22802	4.03887	1.6094	0.172074	-0.116367
4.99	1.22821	4.04387	1.60854	0.172635	-0.117909
4.995	1.2284	4.04887	1.60767	0.173201	-0.119451
5	1.22858	4.05386	1.60681	0.17377	-0.120993
5.005	1.22875	4.05886	1.60594	0.174343	-0.122536
5.01	1.22892	4.06386	1.60507	0.174921	-0.124079
5.015	1.22909	4.06886	1.60419	0.175503	-0.125622
5.02	1.22925	4.07385	1.60331	0.176088	-0.127165
5.025	1.22941	4.07885	1.60243	0.176678	-0.128709
5.03	1.22957	4.08385	1.60155	0.177272	-0.130252
5.035	1.22972	4.08885	1.60066	0.17787	-0.131796
5.04	1.22986	4.09384	1.59977	0.178472	-0.13334
5.045	1.23	4.09884	1.59888	0.179079	-0.134884
5.05	1.23014	4.10384	1.59799	0.179689	-0.136428
5.055	1.23027	4.10884	1.59709	0.180304	-0.137972
5.06	1.23039	4.11384	1.59619	0.180922	-0.139516
5.065	1.23052	4.11884	1.59528	0.181545	-0.14106
5.07	1.23064	4.12383	1.59437	0.182172	-0.142604
5.075	1.23075	4.12883	1.59346	0.182803	-0.144147
5.08	1.23086	4.13383	1.59255	0.183437	-0.145691
5.085	1.23096	4.13883	1.59163	0.184077	-0.147235
5.09	1.23106	4.14383	1.59071	0.18472	-0.148778
5.095	1.23116	4.14883	1.58979	0.185367	-0.150321
5.1	1.23125	4.15383	1.58886	0.186018	-0.151864
5.105	1.23133	4.15883	1.58793	0.186673	-0.153407
5.11	1.23141	4.16383	1.587	0.187333	-0.15495
5.115	1.23149	4.16883	1.58606	0.187996	-0.156492
5.12	1.23156	4.17383	1.58512	0.188664	-0.158034
5.125	1.23163	4.17882	1.58418	0.189336	-0.159576
5.13	1.23169	4.18382	1.58323	0.190011	-0.161117
5.135	1.23175	4.18882	1.58228	0.190691	-0.162658
5.14	1.2318	4.19382	1.58133	0.191375	-0.164198
5.145	1.23185	4.19882	1.58037	0.192063	-0.165738
5.15	1.23189	4.20382	1.57941	0.192755	-0.167278
5.155	1.23193	4.20882	1.57845	0.193451	-0.168817
5.16	1.23196	4.21382	1.57748	0.194151	-0.170355
5.165	1.23199	4.21882	1.57651	0.194855	-0.171893
5.17	1.23201	4.22382	1.57553	0.195563	-0.17343
5.175	1.23203	4.22882	1.57456	0.196275	-0.174967
5.18	1.23205	4.23382	1.57358	0.196992	-0.176503
5.185	1.23206	4.23882	1.57259	0.197712	-0.178039
5.19	1.23206	4.24382	1.5716	0.198436	-0.179573
5.195	1.23206	4.24882	1.57061	0.199164	-0.181107
5.2	1.23205	4.25382	1.56961	0.199897	-0.182641
5.205	1.23204	4.25882	1.56861	0.200633	-0.184173
5.21	1.23203	4.26382	1.56761	0.201374	-0.185705
5.215	1.23201	4.26882	1.5666	0.202118	-0.187236
5.22	1.23198	4.27382	1.56559	0.202867	-0.188766
5.225	1.23195	4.27882	1.56458	0.203619	-0.190295
5.23	1.23191	4.28382	1.56356	0.204375	-0.191824
5.235	1.23187	4.28882	1.56254	0.205136	-0.193351
5.24	1.23182	4.29382	1.56151	0.2059	-0.194877
5.245	1.23177	4.29882	1.56048	0.206669	-0.196403
5.25	1.23172	4.30382	1.55945	0.207441	-0.197927
5.255	1.23165	4.30882	1.55841	0.208218	-0.199451
5.26	1.23159	4.31382	1.55737	0.208998	-0.200973
5.265	1.23152	4.31882	1.55633	0.209783	-0.202494
5.27	1.23144	4.32382	1.55528	0.210571	-0.204014
5.275	1.23135	4.32882	1.55423	0.211364	-0.205533
5.28	1.23127	4.33382	1.55317	0.21216	-0.207051
5.285	1.23117	4.33882	1.55211	0.212961	-0.208568
5.29	1.23107	4.34382	1.55104	0.213765	-0.210083
5.295	1.23097	4.34882	1.54997	0.214573	-0.211597
5.3	1.23086	4.35381	1.5489	0.215386	-0.21311
5.305	1.23075	4.35881	1.54782	0.216202	-0.214622
5.31	1.23063	4.36381	1.54674	0.217022	-0.216132
5.315	1.2305	4.36881	1.54566	0.217846	-0.217641
5.32	1.23037	4.37381	1.54457	0.218675	-0.219148
5.325	1.23023	4.37881	1.54348	0.219507	-0.220654
5.33	1.23009	4.3838	1.54238	0.220343	-0.222159
5.335	1.22994	4.3888	1.54128	0.221183	-0.223662
5.34	1.22979	4.3938	1.54017	0.222027	-0.225163
5.345	1.22963	4.3988	1.53906	0.222874	-0.226663
5.35	1.22947	4.40379	1.53795	0.223726	-0.228162
5.355	1.2293	4.40879	1.53683	0.224582	-0.229658
5.36	1.22912	4.41379	1.5357	0.225442	-0.231154
5.365	1.22894	4.41879	1.53458	0.226305	-0.232647
5.37	1.22875	4.42378	1.53345	0.227173	-0.234139
5.375	1.22856	4.42878	1.53231	0.228044	-0.235629
5.38	1.22836	4.43377	1.53117	0.228919	-0.237118
5.385	1.22816	4.43877	1.53003	0.229799	-0.238604
5.39	1.22795	4.44377	1.52888	0.230682	-0.240089
5.395	1.22773	4.44876	1.52772	0.231569	-0.241572
5.4	1.22751	4.45376	1.52656	0.23246	-0.243054
5.405	1.22729	4.45875	1.5254	0.233354	-0.244533
5.41	1.22705	4.46375	1.52424	0.234253	-0.24601
5.415	1.22682	4.46874	1.52306	0.235156	-0.247486
5.42	1.22657	4.47373	1.52189	0.236062	-0.248959
5.425	1.22632	4.47873	1.52071	0.236972	-0.250431
5.43	1.22606	4.48372	1.51952	0.237887	-0.2519
5.435	1.2258	4.48871	1.51833	0.238805	-0.253368
5.44	1.22553	4.49371	1.51714	0.239727	-0.254833
5.445	1.22526	4.4987	1.51594	0.240653	-0.256296
5.45	1.22498	4.50369	1.51474	0.241582	-0.257757
5.455	1.22469	4.50868	1.51353	0.242516	-0.259216
5.46	1.2244	4.51367	1.51232	0.243453	-0.260673
5.465	1.2241	4.51867	1.5111	0.244394	-0.262127
5.47	1.2238	4.52366	1.50988	0.245339	-0.263579
5.475	1.22349	4.52865	1.50865	0.246288	-0.265029
5.48	1.22317	4.53364	1.50742	0.247241	-0.266477
5.485	1.22285	4.53863	1.50618	0.248198	-0.267922
5.49	1.22252	4.54362	1.50494	0.249158	-0.269364
5.495	1.22218	4.5486	1.5037	0.250122	-0.270805
5.5	1.22184	4.55359	1.50245	0.25109	-0.272243
5.505	1.2215	4.55858	1.50119	0.252062	-0.273678
5.51	1.22114	4.56357	1.49993	0.253038	-0.275111
5.515	1.22078	4.56855	1.49867	0.254017	-0.276541
5.52	1.22041	4.57354	1.4974	0.255001	-0.277969
5.525	1.22004	4.57853	1.49612	0.255988	-0.279394
5.53	1.21966	4.58351	1.49484	0.256979	-0.280817
5.535	1.21928	4.5885	1.49356	0.257973	-0.282237
5.54	1.21888	4.59348	1.49227	0.258972	-0.283654
5.545	1.21848	4.59847	1.49097	0.259974	-0.285069
5.55	1.21808	4.60345	1.48967	0.26098	-0.28648
5.555	1.21767	4.60843	1.48837	0.26199	-0.287889
5.56	1.21725	4.61342	1.48706	0.263004	-0.289295
5.565	1.21682	4.6184	1.48574	0.264021	-0.290699
5.57	1.21639	4.62338	1.48442	0.265042	-0.292099
5.575	1.21596	4.62836	1.4831	0.266067	-0.293497
5.58	1.21551	4.63334	1.48177	0.267096	-0.294891
5.585	1.21506	4.63832	1.48043	0.268128	-0.296283
5.59	1.2146	4.6433	1.47909	0.269165	-0.297671
5.595	1.21414	4.64828	1.47774	0.270205	-0.299057
5.6	1.21367	4.65325	1.47639	0.271248	-0.300439
5.605	1.21319	4.65823	1.47504	0.272296	-0.301818
5.61	1.2127	4.66321	1.47368	0.273347	-0.303195
5.615	1.21221	4.66818	1.47231	0.274402	-0.304568
5.62	1.21171	4.67316	1.47094	0.275461	-0.305937
5.625	1.21121	4.67813	1.46956	0.276523	-0.307304
5.63	1.2107	4.68311	1.46818	0.277589	-0.308667
5.635	1.21018	4.68808	1.46679	0.278659	-0.310027
5.64	1.20965	4.69305	1.4654	0.279732	-0.311384
5.645	1.20912	4.69802	1.464	0.28081	-0.312737
5.65	1.20858	4.70299	1.46259	0.281891	-0.314087
5.655	1.20803	4.70796	1.46118	0.282975	-0.315434
5.66	1.20748	4.71293	1.45977	0.284064	-0.316777
5.665	1.20692	4.7179	1.45835	0.285156	-0.318116
5.67	1.20635	4.72287	1.45692	0.286252	-0.319452
5.675	1.20577	4.72784	1.45549	0.287351	-0.320785
5.68	1.20519	4.7328	1.45405	0.288454	-0.322113
5.685	1.2046	4.73777	1.45261	0.289561	-0.323439
5.69	1.204	4.74273	1.45116	0.290672	-0.32476
5.695	1.2034	4.7477	1.44971	0.291786	-0.326078
5.7	1.20279	4.75266	1.44825	0.292904	-0.327392
5.705	1.20217	4.75762	1.44679	0.294025	-0.328702
5.71	1.20154	4.76258	1.44532	0.295151	-0.330009
5.715	1.20091	4.76754	1.44384	0.29628	-0.331312
5.72	1.20027	4.7725	1.44236	0.297412	-0.33261
5.725	1.19962	4.77746	1.44087	0.298548	-0.333905
5.73	1.19897	4.78241	1.43938	0.299688	-0.335196
5.735	1.1983	4.78737	1.43788	0.300832	-0.336483
5.74	1.19763	4.79232	1.43638	0.301979	-0.337766
5.745	1.19696	4.79728	1.43487	0.30313	-0.339045
5.75	1.19627	4.80223	1.43335	0.304284	-0.34032
5.755	1.19558	4.80718	1.43183	0.305443	-0.341591
5.76	1.19488	4.81213	1.4303	0.306604	-0.342858
5.765	1.19417	4.81708	1.42877	0.30777	-0.34412
5.77	1.19346	4.82203	1.42723	0.308939	-0.345378
5.775	1.19273	4.82698	1.42569	0.310111	-0.346632
5.78	1.192	4.83193	1.42414	0.311288	-0.347882
5.785	1.19126	4.83687	1.42258	0.312468	-0.349127
5.79	1.19052	4.84181	1.42102	0.313651	-0.350368
5.795	1.18976	4.84676	1.41945	0.314838	-0.351605
5.8	1.189	4.8517	1.41788	0.316029	-0.352837
5.805	1.18823	4.85664	1.41629	0.317223	-0.354065
5.81	1.18746	4.86158	1.41471	0.318421	-0.355288
5.815	1.18667	4.86652	1.41312	0.319623	-0.356507
5.82	1.18588	4.87145	1.41152	0.320828	-0.357721
5.825	1.18508	4.87639	1.40991	0.322037	-0.35893
5.83	1.18427	4.88132	1.4083	0.323249	-0.360135
5.835	1.18345	4.88626	1.40669	0.324465	-0.361335
5.84	1.18263	4.89119	1.40507	0.325685	-0.362531
5.845	1.18179	4.89612	1.40344	0.326908	-0.363722
5.85	1.18095	4.90105	1.4018	0.328135	-0.364908
5.855	1.1801	4.90597	1.40016	0.329365	-0.366089
5.86	1.17925	4.9109	1.39852	0.330599	-0.367265
5.865	1.17838	4.91582	1.39686	0.331837	-0.368436
5.87	1.17751	4.92075	1.3952	0.333078	-0.369603
5.875	1.17663	4.92567	1.39354	0.334322	-0.370764
5.88	1.17574	4.93059	1.39187	0.335571	-0.37192
5.885	1.17484	4.93551	1.39019	0.336823	-0.373072
5.89	1.17393	4.94043	1.3885	0.338078	-0.374218
5.895	1.17302	4.94534	1.38681	0.339337	-0.375359
5.9	1.17209	4.95025	1.38512	0.340599	-0.376495
5.905	1.17116	4.95517	1.38341	0.341865	-0.377626
5.91	1.17022	4.96008	1.3817	0.343135	-0.378752
5.915	1.16927	4.96499	1.37999	0.344408	-0.379872
5.92	1.16832	4.9699	1.37827	0.345685	-0.380987
5.925	1.16735	4.9748	1.37654	0.346965	-0.382096
5.93	1.16638	4.97971	1.3748	0.348249	-0.383201
5.935	1.1654	4.98461	1.37306	0.349537	-0.384299
5.94	1.16441	4.98951	1.37131	0.350827	-0.385393
5.945	1.16341	4.99441	1.36956	0.352122	-0.38648
5.95	1.1624	4.99931	1.3678	0.35342	-0.387563
5.955	1.16138	5.0042	1.36603	0.354722	-0.388639
5.96	1.16036	5.00909	1.36426	0.356027	-0.38971
5.965	1.15932	5.01399	1.36248	0.357335	-0.390776
5.97	1.15828	5.01888	1.36069	0.358648	-0.391835
5.975	1.15723	5.02376	1.3589	0.359963	-0.392889
5.98	1.15617	5.02865	1.3571	0.361283	-0.393937
5.985	1.1551	5.03354	1.35529	0.362605	-0.39498
5.99	1.15402	5.03842	1.35348	0.363932	-0.396016
5.995	1.15293	5.0433	1.35166	0.365262	-0.397047
6	1.15184	5.04818	1.34983	0.366595	-0.398071
6.005	1.15073	5.05305	1.348	0.367932	-0.39909
6.01	1.14962	5.05793	1.34616	0.369273	-0.400103
6.015	1.1485	5.0628	1.34432	0.370617	-0.401109
6.02	1.14736	5.06767	1.34246	0.371964	-0.40211
6.025	1.14622	5.07254	1.3406	0.373315	-0.403104
6.03	1.14507	5.0774	1.33874	0.37467	-0.404092
6.035	1.14391	5.08227	1.33686	0.376028	-0.405074
6.04	1.14275	5.08713	1.33498	0.377389	-0.40605
6.045	1.14157	5.09199	1.3331	0.378755	-0.407019
6.05	1.14038	5.09685	1.3312	0.380123	-0.407982
6.055	1.13919	5.1017	1.3293	0.381496	-0.408939
6.06	1.13798	5.10655	1.32739	0.382871	-0.409889
6.065	1.13677	5.1114	1.32548	0.384251	-0.410833
6.07	1.13554	5.11625	1.32356	0.385633	-0.41177
6.075	1.13431	5.1211	1.32163	0.38702	-0.412701
6.08	1.13307	5.12594	1.31969	0.388409	-0.413625
6.085	1.13182	5.13078	1.31775	0.389803	-0.414543
6.09	1.13056	5.13562	1.3158	0.3912	-0.415453
6.095	1.12928	5.14046	1.31385	0.3926	-0.416358
6.1	1.128	5.14529	1.31188	0.394004	-0.417255
6.105	1.12671	5.15012	1.30991	0.395411	-0.418145
6.11	1.12542	5.15495	1.30794	0.396822	-0.419029
6.115	1.12411	5.15977	1.30595	0.398237	-0.419906
6.12	1.12279	5.1646	1.30396	0.399655	-0.420776
6.125	1.12146	5.16942	1.30196	0.401076	-0.421639
6.13	1.12012	5.17423	1.29996	0.402501	-0.422495
6.135	1.11878	5.17905	1.29795	0.40393	-0.423344
6.14	1.11742	5.18386	1.29593	0.405362	-0.424186
6.145	1.11605	5.18867	1.2939	0.406798	-0.42502
6.15	1.11467	5.19348	1.29187	0.408237	-0.425848
6.155	1.11329	5.19828	1.28982	0.40968	-0.426668
6.16	1.11189	5.20308	1.28778	0.411126	-0.427481
6.165	1.11049	5.20788	1.28572	0.412576	-0.428287
6.17	1.10907	5.21268	1.28366	0.414029	-0.429085
6.175	1.10764	5.21747	1.28159	0.415486	-0.429876
6.18	1.10621	5.22226	1.27951	0.416946	-0.43066
6.185	1.10476	5.22704	1.27742	0.41841	-0.431436
6.19	1.10331	5.23183	1.27533	0.419877	-0.432204
6.195	1.10184	5.23661	1.27323	0.421348	-0.432965
6.2	1.10036	5.24139	1.27113	0.422823	-0.433719
6.205	1.09888	5.24616	1.26901	0.424301	-0.434464
6.21	1.09738	5.25093	1.26689	0.425783	-0.435202
6.215	1.09588	5.2557	1.26476	0.427268	-0.435933
6.22	1.09436	5.26046	1.26263	0.428756	-0.436655
6.225	1.09283	5.26522	1.26048	0.430249	-0.43737
6.23	1.09129	5.26998	1.25833	0.431745	-0.438077
6.235	1.08975	5.27474	1.25617	0.433244	-0.438775
6.24	1.08819	5.27949	1.25401	0.434747	-0.439466
6.245	1.08662	5.28424	1.25183	0.436253	-0.440149
6.25	1.08504	5.28898	1.24965	0.437763	-0.440824
6.255	1.08346	5.29372	1.24746	0.439277	-0.441491
6.26	1.08186	5.29846	1.24527	0.440794	-0.44215
6.265	1.08025	5.30319	1.24306	0.442315	-0.4428
6.27	1.07863	5.30792	1.24085	0.44384	-0.443443
6.275	1.077	5.31265	1.23863	0.445368	-0.444077
6.28	1.07536	5.31737	1.2364	0.446899	-0.444702
6.285	1.0737	5.32209	1.23417	0.448434	-0.44532
6.29	1.07204	5.32681	1.23193	0.449973	-0.445928
6.295	1.07037	5.33152	1.22968	0.451515	-0.446529
6.3	1.06869	5.33623	1.22742	0.453061	-0.447121
6.305	1.06699	5.34093	1.22515	0.454611	-0.447704
6.31	1.06529	5.34563	1.22288	0.456164	-0.448279
6.315	1.06357	5.35033	1.2206	0.457721	-0.448845
6.32	1.06185	5.35502	1.21831	0.459281	-0.449403
6.325	1.06011	5.35971	1.21602	0.460845	-0.449952
6.33	1.05836	5.36439	1.21371	0.462413	-0.450492
6.335	1.0566	5.36907	1.2114	0.463984	-0.451023
6.34	1.05483	5.37375	1.20908	0.465559	-0.451546
6.345	1.05305	5.37842	1.20675	0.467138	-0.452059
6.35	1.05126	5.38309	1.20442	0.46872	-0.452564
6.355	1.04946	5.38776	1.20207	0.470306	-0.453059
6.36	1.04765	5.39242	1.19972	0.471896	-0.453546
6.365	1.04582	5.39707	1.19736	0.473489	-0.454023
6.37	1.04399	5.40172	1.19499	0.475086	-0.454492
6.375	1.04214	5.40637	1.19262	0.476687	-0.454951
6.38	1.04028	5.41101	1.19024	0.478291	-0.455401
6.385	1.03842	5.41565	1.18784	0.479899	-0.455842
6.39	1.03654	5.42028	1.18544	0.481511	-0.456273
6.395	1.03465	5.42491	1.18304	0.483126	-0.456695
6.4	1.03274	5.42953	1.18062	0.484745	-0.457108
6.405	1.03083	5.43415	1.1782	0.486368	-0.457511
6.41	1.02891	5.43877	1.17577	0.487995	-0.457905
6.415	1.02697	5.44338	1.17333	0.489625	-0.458289
6.42	1.02502	5.44799	1.17088	0.491259	-0.458663
6.425	1.02307	5.45259	1.16842	0.492897	-0.459028
6.43	1.0211	5.45718	1.16596	0.494539	-0.459384
6.435	1.01912	5.46177	1.16348	0.496184	-0.459729
6.44	1.01712	5.46636	1.161	0.497833	-0.460065
6.445	1.01512	5.47094	1.15851	0.499486	-0.460391
6.45	1.01311	5.47552	1.15602	0.501143	-0.460707
6.455	1.01108	5.48009	1.15351	0.502803	-0.461013
6.46	1.00904	5.48465	1.151	0.504468	-0.461309
6.465	1.00699	5.48921	1.14847	0.506136	-0.461596
6.47	1.00493	5.49377	1.14594	0.507808	-0.461872
6.475	1.00286	5.49832	1.1434	0.509484	-0.462138
6.48	1.00077	5.50286	1.14086	0.511164	-0.462394
6.485	0.998679	5.5074	1.1383	0.512847	-0.46264
6.49	0.996571	5.51194	1.13574	0.514535	-0.462875
6.495	0.994452	5.51647	1.13316	0.516226	-0.4631
6.5	0.992322	5.52099	1.13058	0.517922	-0.463315
6.505	0.990179	5.52551	1.12799	0.519621	-0.46352
6.51	0.988025	5.53002	1.1254	0.521324	-0.463714
6.515	0.985859	5.53453	1.12279	0.523031	-0.463898
6.52	0.983682	5.53903	1.12017	0.524742	-0.464071
6.525	0.981492	5.54352	1.11755	0.526457	-0.464234
6.53	0.979291	5.54801	1.11492	0.528176	-0.464386
6.535	0.977078	5.5525	1.11228	0.529899	-0.464527
6.54	0.974853	5.55697	1.10963	0.531626	-0.464658
6.545	0.972616	5.56144	1.10697	0.533357	-0.464778
6.55	0.970367	5.56591	1.1043	0.535092	-0.464887
6.555	0.968107	5.57037	1.10163	0.536831	-0.464985
6.56	0.965834	5.57482	1.09894	0.538574	-0.465073
6.565	0.963549	5.57927	1.09625	0.540321	-0.465149
6.57	0.961252	5.58371	1.09355	0.542072	-0.465215
6.575	0.958944	5.58815	1.09084	0.543827	-0.46527
6.58	0.956623	5.59258	1.08812	0.545587	-0.465313
6.585	0.95429	5.597	1.08539	0.54735	-0.465345
6.59	0.951945	5.60141	1.08265	0.549118	-0.465367
6.595	0.949588	5.60582	1.07991	0.55089	-0.465377
6.6	0.947219	5.61023	1.07715	0.552666	-0.465376
6.605	0.944838	5.61462	1.07439	0.554446	-0.465363
6.61	0.942444	5.61901	1.07162	0.556231	-0.465339
6.615	0.940038	5.6234	1.06884	0.558019	-0.465304
6.62	0.93762	5.62777	1.06605	0.559812	-0.465257
6.625	0.93519	5.63214	1.06325	0.561609	-0.465199
6.63	0.932748	5.63651	1.06044	0.563411	-0.46513
6.635	0.930293	5.64086	1.05762	0.565217	-0.465049
6.64	0.927826	5.64521	1.0548	0.567027	-0.464956
6.645	0.925347	5.64955	1.05196	0.568841	-0.464851
6.65	0.922855	5.65389	1.04912	0.57066	-0.464735
6.655	0.920351	5.65822	1.04626	0.572483	-0.464607
6.66	0.917835	5.66254	1.0434	0.574311	-0.464468
6.665	0.915306	5.66685	1.04053	0.576143	-0.464316
6.67	0.912765	5.67116	1.03765	0.577979	-0.464153
6.675	0.910211	5.67545	1.03476	0.57982	-0.463978
6.68	0.907645	5.67975	1.03186	0.581666	-0.46379
6.685	0.905066	5.68403	1.02895	0.583516	-0.463591
6.69	0.902475	5.68831	1.02603	0.58537	-0.46338
6.695	0.899872	5.69257	1.02311	0.587229	-0.463156
6.7	0.897256	5.69684	1.02017	0.589093	-0.462921
6.705	0.894627	5.70109	1.01723	0.590961	-0.462673
6.71	0.891986	5.70533	1.01427	0.592834	-0.462413
6.715	0.889332	5.70957	1.01131	0.594711	-0.462141
6.72	0.886666	5.7138	1.00833	0.596594	-0.461856
6.725	0.883987	5.71802	1.00535	0.598481	-0.461559
6.73	0.881295	5.72224	1.00236	0.600372	-0.46125
6.735	0.878591	5.72644	0.999357	0.602269	-0.460928
6.74	0.875874	5.73064	0.996345	0.60417	-0.460594
6.745	0.873144	5.73483	0.993325	0.606076	-0.460247
6.75	0.870402	5.73901	0.990294	0.607987	-0.459888
6.755	0.867647	5.74318	0.987254	0.609903	-0.459515
6.76	0.86488	5.74735	0.984205	0.611824	-0.459131
6.765	0.862099	5.7515	0.981146	0.613749	-0.458733
6.77	0.859306	5.75565	0.978077	0.61568	-0.458323
6.775	0.8565	5.75979	0.974998	0.617616	-0.4579
6.78	0.853682	5.76392	0.97191	0.619556	-0.457464
6.785	0.85085	5.76804	0.968813	0.621502	-0.457016
6.79	0.848006	5.77215	0.965705	0.623453	-0.456554
6.795	0.845149	5.77625	0.962588	0.625409	-0.45608
6.8	0.842279	5.78035	0.959461	0.62737	-0.455592
6.805	0.839397	5.78443	0.956324	0.629337	-0.455091
6.81	0.836501	5.78851	0.953177	0.631308	-0.454578
6.815	0.833593	5.79258	0.950021	0.633285	-0.454051
6.82	0.830672	5.79664	0.946854	0.635268	-0.453511
6.825	0.827738	5.80068	0.943678	0.637255	-0.452958
6.83	0.824791	5.80472	0.940492	0.639248	-0.452391
6.835	0.821831	5.80875	0.937295	0.641247	-0.451811
6.84	0.818858	5.81277	0.934089	0.643251	-0.451218
6.845	0.815872	5.81678	0.930873	0.64526	-0.450612
6.85	0.812874	5.82079	0.927647	0.647276	-0.449992
6.855	0.809862	5.82478	0.92441	0.649296	-0.449358
6.86	0.806838	5.82876	0.921164	0.651323	-0.448712
6.865	0.8038	5.83273	0.917907	0.653355	-0.448051
6.87	0.80075	5.83669	0.91464	0.655393	-0.447377
6.875	0.797687	5.84064	0.911363	0.657436	-0.44669
6.88	0.79461	5.84459	0.908076	0.659486	-0.445988
6.885	0.791521	5.84852	0.904779	0.661541	-0.445273
6.89	0.788419	5.85244	0.901471	0.663603	-0.444545
6.895	0.785304	5.85635	0.898153	0.66567	-0.443802
6.9	0.782175	5.86025	0.894825	0.667743	-0.443046
6.905	0.779034	5.86414	0.891486	0.669823	-0.442276
6.91	0.77588	5.86802	0.888137	0.671908	-0.441492
6.915	0.772712	5.87189	0.884777	0.674	-0.440694
6.92	0.769532	5.87575	0.881407	0.676098	-0.439882
6.925	0.766339	5.87959	0.878027	0.678203	-0.439057
6.93	0.763132	5.88343	0.874636	0.680314	-0.438217
6.935	0.759913	5.88726	0.871234	0.682431	-0.437363
6.94	0.75668	5.89107	0.867822	0.684555	-0.436495
6.945	0.753435	5.89487	0.864399	0.686685	-0.435613
6.95	0.750176	5.89867	0.860966	0.688822	-0.434716
6.955	0.746905	5.90245	0.857522	0.690966	-0.433806
6.96	0.74362	5.90622	0.854067	0.693116	-0.432881
6.965	0.740323	5.90998	0.850601	0.695273	-0.431942
6.97	0.737012	5.91372	0.847125	0.697437	-0.430988
6.975	0.733688	5.91746	0.843638	0.699608	-0.430021
6.98	0.730351	5.92118	0.84014	0.701786	-0.429039
6.985	0.727001	5.92489	0.836631	0.703972	-0.428042
6.99	0.723639	5.92859	0.833111	0.706164	-0.427031
6.995	0.720263	5.93228	0.82958	0.708364	-0.426005
7	0.716874	5.93596	0.826038	0.710571	-0.424965
7.005	0.713472	5.93962	0.822486	0.712785	-0.423911
7.01	0.710057	5.94327	0.818922	0.715007	-0.422841
7.015	0.706629	5.94691	0.815347	0.717237	-0.421758
7.02	0.703187	5.95054	0.81176	0.719474	-0.420659
7.025	0.699733	5.95416	0.808163	0.721719	-0.419546
7.03	0.696266	5.95776	0.804554	0.723971	-0.418418
7.035	0.692786	5.96135	0.800935	0.726232	-0.417275
7.04	0.689293	5.96493	0.797303	0.728501	-0.416118
7.045	0.685787	5.96849	0.793661	0.730777	-0.414946
7.05	0.682267	5.97204	0.790007	0.733062	-0.413758
7.055	0.678735	5.97558	0.786342	0.735356	-0.412556
7.06	0.67519	5.97911	0.782665	0.737657	-0.411339
7.065	0.671632	5.98262	0.778977	0.739968	-0.410107
7.07	0.668061	5.98612	0.775277	0.742286	-0.408861
7.075	0.664477	5.98961	0.771565	0.744614	-0.407599
7.08	0.66088	5.99308	0.767842	0.74695	-0.406322
7.085	0.65727	5.99654	0.764108	0.749296	-0.40503
7.09	0.653647	5.99998	0.760361	0.75165	-0.403723
7.095	0.650011	6.00342	0.756603	0.754014	-0.402401
7.1	0.646362	6.00684	0.752833	0.756387	-0.401063
7.105	0.6427	6.01024	0.749051	0.758769	-0.399711
7.11	0.639026	6.01363	0.745257	0.761161	-0.398343
7.115	0.635338	6.01701	0.741451	0.763562	-0.39696
7.12	0.631638	6.02037	0.737633	0.765974	-0.395562
7.125	0.627925	6.02372	0.733804	0.768395	-0.394148
7.13	0.624199	6.02705	0.729962	0.770826	-0.392719
7.135	0.62046	6.03037	0.726107	0.773268	-0.391275
7.14	0.616708	6.03368	0.722241	0.77572	-0.389815
7.145	0.612944	6.03697	0.718362	0.778182	-0.38834
7.15	0.609167	6.04024	0.714472	0.780655	-0.38685
7.155	0.605377	6.04351	0.710568	0.783139	-0.385344
7.16	0.601574	6.04675	0.706653	0.785634	-0.383823
7.165	0.597759	6.04998	0.702724	0.78814	-0.382286
7.17	0.593931	6.0532	0.698784	0.790657	-0.380733
7.175	0.59009	6.0564	0.69483	0.793186	-0.379165
7.18	0.586236	6.05959	0.690864	0.795727	-0.377581
7.185	0.58237	6.06276	0.686886	0.798279	-0.375982
7.19	0.578491	6.06591	0.682894	0.800843	-0.374367
7.195	0.5746	6.06905	0.67889	0.80342	-0.372737
7.2	0.570696	6.07218	0.674873	0.806009	-0.371091
7.205	0.56678	6.07529	0.670843	0.80861	-0.369429
7.21	0.562851	6.07838	0.6668	0.811225	-0.367751
7.215	0.558909	6.08145	0.662744	0.813852	-0.366057
7.22	0.554955	6.08451	0.658675	0.816493	-0.364348
7.225	0.550989	6.08756	0.654592	0.819147	-0.362623
7.23	0.54701	6.09059	0.650496	0.821815	-0.360882
7.235	0.543018	6.0936	0.646387	0.824496	-0.359125
7.24	0.539015	6.09659	0.642265	0.827192	-0.357352
7.245	0.534999	6.09957	0.638129	0.829902	-0.355564
7.25	0.53097	6.10253	0.633979	0.832627	-0.353759
7.255	0.526929	6.10548	0.629816	0.835367	-0.351939
7.26	0.522877	6.10841	0.625639	0.838122	-0.350102
7.265	0.518811	6.11132	0.621449	0.840893	-0.348249
7.27	0.514734	6.11421	0.617244	0.843679	-0.346381
7.275	0.510644	6.11709	0.613026	0.846482	-0.344496
7.28	0.506543	6.11995	0.608794	0.8493	-0.342595
7.285	0.502429	6.12279	0.604547	0.852136	-0.340678
7.29	0.498303	6.12561	0.600286	0.854988	-0.338745
7.295	0.494165	6.12842	0.596011	0.857858	-0.336796
7.3	0.490015	6.13121	0.591722	0.860745	-0.334831
7.305	0.485853	6.13398	0.587418	0.86365	-0.332849
7.31	0.48168	6.13673	0.5831	0.866574	-0.330851
7.315	0.477494	6.13947	0.578767	0.869516	-0.328837
7.32	0.473296	6.14219	0.57442	0.872478	-0.326807
7.325	0.469087	6.14488	0.570057	0.875459	-0.32476
7.33	0.464866	6.14756	0.56568	0.87846	-0.322697
7.335	0.460633	6.15023	0.561288	0.881481	-0.320617
7.34	0.456388	6.15287	0.55688	0.884523	-0.318522
7.345	0.452132	6.15549	0.552458	0.887586	-0.316409
7.35	0.447865	6.1581	0.54802	0.890671	-0.31428
7.355	0.443585	6.16068	0.543566	0.893778	-0.312135
7.36	0.439294	6.16325	0.539098	0.896908	-0.309973
7.365	0.434992	6.1658	0.534613	0.90006	-0.307795
7.37	0.430678	6.16833	0.530113	0.903237	-0.3056
7.375	0.426353	6.17083	0.525597	0.906438	-0.303389
7.38	0.422017	6.17332	0.521064	0.909663	-0.301161
7.385	0.417669	6.17579	0.516516	0.912914	-0.298916
7.39	0.41331	6.17824	0.511951	0.916191	-0.296654
7.395	0.40894	6.18067	0.507371	0.919495	-0.294376
7.4	0.404559	6.18308	0.502773	0.922826	-0.292081
7.405	0.400166	6.18547	0.498159	0.926184	-0.289769
7.41	0.395763	6.18784	0.493528	0.929572	-0.28744
7.415	0.391349	6.19019	0.48888	0.932989	-0.285095
7.42	0.386923	6.19251	0.484215	0.936436	-0.282732
7.425	0.382487	6.19482	0.479533	0.939914	-0.280353
7.43	0.378041	6.19711	0.474833	0.943423	-0.277956
7.435	0.373583	6.19937	0.470116	0.946966	-0.275543
7.44	0.369115	6.20162	0.465382	0.950541	-0.273112
7.445	0.364636	6.20384	0.460629	0.954151	-0.270665
7.45	0.360146	6.20604	0.455858	0.957797	-0.2682
7.455	0.355647	6.20822	0.451069	0.961479	-0.265718
7.46	0.351136	6.21038	0.446262	0.965198	-0.263218
7.465	0.346616	6.21251	0.441436	0.968956	-0.260701
7.47	0.342085	6.21463	0.436591	0.972753	-0.258167
7.475	0.337543	6.21672	0.431727	0.976591	-0.255616
7.48	0.332992	6.21879	0.426844	0.980471	-0.253047
7.485	0.32843	6.22084	0.421942	0.984395	-0.25046
7.49	0.323859	6.22286	0.41702	0.988363	-0.247856
7.495	0.319277	6.22487	0.412078	0.992377	-0.245234
7.5	0.314686	6.22684	0.407116	0.996439	-0.242594
7.505	0.310085	6.2288	0.402134	1.00055	-0.239936
7.51	0.305474	6.23074	0.397131	1.00471	-0.237261
7.515	0.300854	6.23265	0.392108	1.00893	-0.234567
7.52	0.296223	6.23453	0.387063	1.01319	-0.231856
7.525	0.291584	6.2364	0.381997	1.01752	-0.229126
7.53	0.286935	6.23824	0.376909	1.0219	-0.226378
7.535	0.282276	6.24005	0.3718	1.02634	-0.223612
7.54	0.277609	6.24185	0.366668	1.03085	-0.220827
7.545	0.272932	6.24362	0.361514	1.03542	-0.218024
7.55	0.268246	6.24536	0.356337	1.04006	-0.215202
7.555	0.263551	6.24708	0.351137	1.04477	-0.212362
7.56	0.258847	6.24877	0.345913	1.04954	-0.209502
7.565	0.254135	6.25045	0.340665	1.0544	-0.206624
7.57	0.249413	6.25209	0.335393	1.05933	-0.203726
7.575	0.244683	6.25371	0.330096	1.06435	-0.200809
7.58	0.239945	6.25531	0.324775	1.06945	-0.197873
7.585	0.235198	6.25688	0.319427	1.07464	-0.194917
7.59	0.230442	6.25842	0.314054	1.07992	-0.191942
7.595	0.225678	6.25994	0.308655	1.0853	-0.188947
7.6	0.220907	6.26143	0.303228	1.09079	-0.185932
7.605	0.216127	6.2629	0.297774	1.09637	-0.182896
7.61	0.211339	6.26434	0.292292	1.10208	-0.17984
7.615	0.206543	6.26576	0.286782	1.10789	-0.176764
7.62	0.201739	6.26714	0.281242	1.11383	-0.173667
7.625	0.196928	6.2685	0.275673	1.1199	-0.170548
7.63	0.192109	6.26984	0.270074	1.12611	-0.167409
7.635	0.187283	6.27115	0.264443	1.13246	-0.164248
7.64	0.18245	6.27242	0.258781	1.13897	-0.161066
7.645	0.177609	6.27368	0.253086	1.14563	-0.157861
7.65	0.172761	6.2749	0.247358	1.15247	-0.154634
7.655	0.167906	6.2761	0.241595	1.15948	-0.151385
7.66	0.163045	6.27727	0.235798	1.16669	-0.148113
7.665	0.158176	6.2784	0.229965	1.17411	-0.144818
7.67	0.153301	6.27952	0.224094	1.18174	-0.141499
7.675	0.14842	6.2806	0.218185	1.18961	-0.138156
7.68	0.143532	6.28165	0.212237	1.19774	-0.13479
7.685	0.138638	6.28268	0.206249	1.20613	-0.131398
7.69	0.133738	6.28367	0.200218	1.21481	-0.127982
7.695	0.128832	6.28463	0.194144	1.22382	-0.124541
7.7	0.12392	6.28557	0.188025	1.23316	-0.121074
7.705	0.119002	6.28647	0.181859	1.24288	-0.117581
7.71	0.114079	6.28735	0.175645	1.25301	-0.114061
7.715	0.109151	6.28819	0.16938	1.26358	-0.110515
7.72	0.104217	6.289	0.163062	1.27466	-0.106942
7.725	0.0992784	6.28978	0.156688	1.28628	-0.103341
7.73	0.0943348	6.29053	0.150257	1.29851	-0.0997131
7.735	0.0893864	6.29125	0.143764	1.31144	-0.0960573
7.74	0.0844334	6.29193	0.137207	1.32514	-0.092374
7.745	0.0794759	6.29258	0.130582	1.33973	-0.0886635
7.75	0.0745142	6.2932	0.123883	1.35535	-0.0849265
7.755	0.0695485	6.29378	0.117106	1.37216	-0.0811644
7.76	0.0645788	6.29433	0.110245	1.39037	-0.0773792
7.765	0.0596055	6.29485	0.103294	1.41028	-0.0735743
7.77	0.0546286	6.29533	0.0962421	1.43225	-0.0697548
7.775	0.0496485	6.29577	0.0890808	1.4568	-0.065929
7.78	0.0446652	6.29618	0.0817968	1.48466	-0.0621097
7.785	0.039679	6.29655	0.0743735	1.51693	-0.0583179
7.79	0.0346901	6.29689	0.0667889	1.5553	-0.0545886
7.795	0.0296988	6.29718	0.0590124	1.60266	-0.0509836
7.8	0.0247053	6.29744	0.050999	1.66429	-0.0476178
7.805	0.0197099	6.29765	0.0426776	1.75106	-0.044728
7.81	0.0147128	6.29782	0.0339223	1.88948	-0.0428736
7.815	0.00971428	6.29794	0.0244749	2.16259	-0.0437245
7.82	0.00471474	6.29801	0.013662	2.9731	-0.0553325
7.825	-0.000285254	6.29801	-0.00120352	9.86362	-0.27907
