descriptor s_test R_test Z_test
0	1.67213	9.99999e-006	0.002	-0.401956	-0.00161622
0.005	1.66713	3.00489e-005	0.00400978	-0.403916	-0.00324867
0.01	1.66213	6.01955e-005	0.00602936	-0.405878	-0.00489736
0.015	1.65713	0.000100489	0.00805875	-0.407843	-0.00656231
0.02	1.65213	0.000150978	0.010098	-0.40981	-0.00824353
0.025	1.64713	0.000211711	0.012147	-0.411781	-0.00994104
0.03	1.64213	0.000282739	0.0142059	-0.413755	-0.0116548
0.035	1.63713	0.000364108	0.0162747	-0.415733	-0.013385
0.04	1.63213	0.00045587	0.0183534	-0.417713	-0.0151314
0.045	1.62713	0.000558073	0.0204419	-0.419697	-0.0168942
0.05	1.62214	0.000670765	0.0225404	-0.421685	-0.0186733
0.055	1.61714	0.000793997	0.0246488	-0.423676	-0.0204688
0.06	1.61214	0.000927817	0.0267672	-0.42567	-0.0222806
0.065	1.60714	0.00107227	0.0288956	-0.427669	-0.0241088
0.07	1.60214	0.00122742	0.0310339	-0.429671	-0.0259535
0.075	1.59715	0.0013933	0.0331823	-0.431677	-0.0278145
0.08	1.59215	0.00156997	0.0353406	-0.433686	-0.0296919
0.085	1.58715	0.00175747	0.0375091	-0.4357	-0.0315858
0.09	1.58216	0.00195585	0.0396876	-0.437718	-0.0334961
0.095	1.57716	0.00216517	0.0418762	-0.439741	-0.0354228
0.1	1.57217	0.00238548	0.0440749	-0.441767	-0.037366
0.105	1.56717	0.00261681	0.0462837	-0.443798	-0.0393257
0.11	1.56218	0.00285923	0.0485027	-0.445834	-0.0413019
0.115	1.55718	0.00311278	0.0507319	-0.447874	-0.0432945
0.12	1.55219	0.00337751	0.0529712	-0.449918	-0.0453036
0.125	1.5472	0.00365348	0.0552208	-0.451968	-0.0473293
0.13	1.54221	0.00394072	0.0574807	-0.454022	-0.0493714
0.135	1.53722	0.0042393	0.0597508	-0.456081	-0.0514301
0.14	1.53222	0.00454926	0.0620312	-0.458146	-0.0535053
0.145	1.52724	0.00487064	0.0643219	-0.460215	-0.055597
0.15	1.52225	0.00520351	0.066623	-0.46229	-0.0577053
0.155	1.51726	0.00554791	0.0689344	-0.46437	-0.0598302
0.16	1.51227	0.00590389	0.0712563	-0.466455	-0.0619716
0.165	1.50728	0.0062715	0.0735886	-0.468546	-0.0641296
0.17	1.5023	0.00665079	0.0759313	-0.470643	-0.0663041
0.175	1.49731	0.00704182	0.0782845	-0.472745	-0.0684953
0.18	1.49233	0.00744462	0.0806482	-0.474854	-0.0707031
0.185	1.48735	0.00785926	0.0830225	-0.476968	-0.0729274
0.19	1.48237	0.00828578	0.0854073	-0.479089	-0.0751684
0.195	1.47738	0.00872423	0.0878028	-0.481215	-0.0774259
0.2	1.47241	0.00917466	0.0902089	-0.483348	-0.0797001
0.205	1.46743	0.00963712	0.0926256	-0.485487	-0.0819909
0.21	1.46245	0.0101117	0.095053	-0.487633	-0.0842984
0.215	1.45747	0.0105984	0.0974912	-0.489786	-0.0866225
0.22	1.4525	0.0110972	0.0999401	-0.491945	-0.0889632
0.225	1.44752	0.0116083	0.1024	-0.494111	-0.0913206
0.23	1.44255	0.0121317	0.10487	-0.496284	-0.0936947
0.235	1.43758	0.0126675	0.107352	-0.498464	-0.0960854
0.24	1.43261	0.0132156	0.109844	-0.500652	-0.0984928
0.245	1.42764	0.0137761	0.112347	-0.502847	-0.100917
0.25	1.42268	0.0143492	0.114862	-0.505049	-0.103358
0.255	1.41771	0.0149348	0.117387	-0.507259	-0.105815
0.26	1.41275	0.0155329	0.119923	-0.509477	-0.108289
0.265	1.40778	0.0161438	0.122471	-0.511702	-0.11078
0.27	1.40282	0.0167673	0.125029	-0.513936	-0.113287
0.275	1.39786	0.0174035	0.127599	-0.516177	-0.115811
0.28	1.3929	0.0180526	0.13018	-0.518427	-0.118352
0.285	1.38795	0.0187145	0.132772	-0.520686	-0.12091
0.29	1.38299	0.0193893	0.135375	-0.522952	-0.123484
0.295	1.37804	0.0200771	0.13799	-0.525228	-0.126075
0.3	1.37309	0.0207779	0.140616	-0.527512	-0.128683
0.305	1.36814	0.0214917	0.143254	-0.529806	-0.131307
0.31	1.3632	0.0222186	0.145903	-0.532108	-0.133948
0.315	1.35825	0.0229587	0.148563	-0.534419	-0.136606
0.32	1.35331	0.023712	0.151235	-0.53674	-0.139281
0.325	1.34837	0.0244785	0.153919	-0.539071	-0.141972
0.33	1.34343	0.0252584	0.156614	-0.541411	-0.14468
0.335	1.33849	0.0260517	0.159321	-0.543761	-0.147405
0.34	1.33356	0.0268583	0.16204	-0.546121	-0.150146
0.345	1.32862	0.0276785	0.164771	-0.548491	-0.152904
0.35	1.32369	0.0285121	0.167513	-0.550871	-0.155679
0.355	1.31877	0.0293593	0.170268	-0.553262	-0.15847
0.36	1.31384	0.0302202	0.173034	-0.555664	-0.161279
0.365	1.30892	0.0310947	0.175812	-0.558076	-0.164104
0.37	1.304	0.031983	0.178603	-0.560499	-0.166945
0.375	1.29908	0.0328851	0.181405	-0.562933	-0.169804
0.38	1.29416	0.033801	0.18422	-0.565378	-0.172679
0.385	1.28925	0.0347308	0.187047	-0.567835	-0.175571
0.39	1.28434	0.0356745	0.189886	-0.570304	-0.178479
0.395	1.27943	0.0366322	0.192737	-0.572784	-0.181404
0.4	1.27453	0.037604	0.195601	-0.575276	-0.184346
0.405	1.26963	0.0385899	0.198478	-0.57778	-0.187305
0.41	1.26473	0.0395899	0.201367	-0.580297	-0.19028
0.415	1.25983	0.0406042	0.204268	-0.582826	-0.193272
0.42	1.25494	0.0416327	0.207182	-0.585368	-0.196281
0.425	1.25005	0.0426755	0.210109	-0.587922	-0.199306
0.43	1.24516	0.0437327	0.213049	-0.59049	-0.202348
0.435	1.24028	0.0448044	0.216001	-0.593071	-0.205406
0.44	1.2354	0.0458905	0.218967	-0.595665	-0.208482
0.445	1.23052	0.0469911	0.221945	-0.598273	-0.211573
0.45	1.22565	0.0481063	0.224936	-0.600894	-0.214682
0.455	1.22078	0.0492362	0.227941	-0.60353	-0.217807
0.46	1.21591	0.0503807	0.230958	-0.606179	-0.220949
0.465	1.21105	0.05154	0.233989	-0.608844	-0.224107
0.47	1.20619	0.0527141	0.237033	-0.611522	-0.227282
0.475	1.20133	0.0539031	0.240091	-0.614216	-0.230473
0.48	1.19648	0.055107	0.243162	-0.616924	-0.233681
0.485	1.19163	0.0563258	0.246247	-0.619648	-0.236906
0.49	1.18678	0.0575596	0.249345	-0.622387	-0.240147
0.495	1.18194	0.0588086	0.252457	-0.625142	-0.243405
0.5	1.1771	0.0600726	0.255583	-0.627913	-0.246679
0.505	1.17227	0.0613518	0.258722	-0.630699	-0.24997
0.51	1.16744	0.0626463	0.261876	-0.633502	-0.253277
0.515	1.16261	0.063956	0.265043	-0.636322	-0.2566
0.52	1.15779	0.0652811	0.268225	-0.639158	-0.25994
0.525	1.15298	0.0666217	0.271421	-0.642011	-0.263297
0.53	1.14816	0.0679776	0.274631	-0.644882	-0.266669
0.535	1.14335	0.0693491	0.277855	-0.64777	-0.270059
0.54	1.13855	0.0707361	0.281094	-0.650675	-0.273464
0.545	1.13375	0.0721388	0.284347	-0.653599	-0.276886
0.55	1.12896	0.0735571	0.287615	-0.65654	-0.280324
0.555	1.12417	0.0749912	0.290898	-0.6595	-0.283779
0.56	1.11938	0.076441	0.294195	-0.662479	-0.28725
0.565	1.1146	0.0779067	0.297508	-0.665477	-0.290737
0.57	1.10983	0.0793883	0.300835	-0.668493	-0.29424
0.575	1.10506	0.0808858	0.304178	-0.671529	-0.297759
0.58	1.10029	0.0823994	0.307535	-0.674585	-0.301295
0.585	1.09553	0.083929	0.310908	-0.67766	-0.304846
0.59	1.09077	0.0854747	0.314297	-0.680756	-0.308414
0.595	1.08603	0.0870367	0.3177	-0.683872	-0.311998
0.6	1.08128	0.0886148	0.32112	-0.687009	-0.315598
0.605	1.07654	0.0902092	0.324555	-0.690167	-0.319213
0.61	1.07181	0.09182	0.328006	-0.693346	-0.322845
0.615	1.06708	0.0934472	0.331472	-0.696546	-0.326493
0.62	1.06236	0.0950908	0.334955	-0.699768	-0.330156
0.625	1.05764	0.096751	0.338454	-0.703012	-0.333835
0.63	1.05293	0.0984277	0.341969	-0.706279	-0.33753
0.635	1.04823	0.100121	0.3455	-0.709568	-0.341241
0.64	1.04353	0.101831	0.349048	-0.712879	-0.344967
0.645	1.03884	0.103558	0.352613	-0.716214	-0.348709
0.65	1.03415	0.105301	0.356194	-0.719573	-0.352467
0.655	1.02947	0.107062	0.359792	-0.722955	-0.35624
0.66	1.0248	0.108839	0.363406	-0.726361	-0.360028
0.665	1.02013	0.110633	0.367038	-0.729791	-0.363832
0.67	1.01547	0.112445	0.370687	-0.733246	-0.367651
0.675	1.01082	0.114273	0.374353	-0.736726	-0.371486
0.68	1.00617	0.116118	0.378037	-0.740231	-0.375336
0.685	1.00153	0.117981	0.381738	-0.743761	-0.3792
0.69	0.996895	0.119861	0.385457	-0.747318	-0.38308
0.695	0.992269	0.121758	0.389193	-0.7509	-0.386975
0.7	0.98765	0.123673	0.392948	-0.754508	-0.390885
0.705	0.983039	0.125605	0.396721	-0.758144	-0.39481
0.71	0.978434	0.127554	0.400511	-0.761806	-0.398749
0.715	0.973838	0.129521	0.40432	-0.765495	-0.402703
0.72	0.969248	0.131506	0.408148	-0.769212	-0.406672
0.725	0.964667	0.133508	0.411994	-0.772957	-0.410655
0.73	0.960093	0.135528	0.415859	-0.77673	-0.414653
0.735	0.955527	0.137565	0.419742	-0.780532	-0.418665
0.74	0.950969	0.139621	0.423645	-0.784362	-0.422691
0.745	0.946419	0.141694	0.427567	-0.788222	-0.426731
0.75	0.941877	0.143785	0.431508	-0.792111	-0.430785
0.755	0.937344	0.145895	0.435468	-0.796029	-0.434853
0.76	0.932819	0.148022	0.439449	-0.799978	-0.438935
0.765	0.928303	0.150167	0.443448	-0.803957	-0.44303
0.77	0.923795	0.15233	0.447468	-0.807967	-0.447139
0.775	0.919296	0.154512	0.451508	-0.812008	-0.451262
0.78	0.914806	0.156712	0.455568	-0.81608	-0.455397
0.785	0.910325	0.15893	0.459648	-0.820183	-0.459546
0.79	0.905853	0.161167	0.463749	-0.824319	-0.463708
0.795	0.90139	0.163422	0.467871	-0.828486	-0.467882
0.8	0.896937	0.165695	0.472013	-0.832686	-0.47207
0.805	0.892493	0.167987	0.476177	-0.836919	-0.47627
0.81	0.888059	0.170297	0.480361	-0.841185	-0.480482
0.815	0.883635	0.172626	0.484567	-0.845485	-0.484706
0.82	0.87922	0.174974	0.488795	-0.849818	-0.488943
0.825	0.874816	0.177341	0.493044	-0.854185	-0.493191
0.83	0.870421	0.179726	0.497315	-0.858586	-0.497451
0.835	0.866037	0.18213	0.501608	-0.863022	-0.501722
0.84	0.861664	0.184553	0.505923	-0.867493	-0.506005
0.845	0.857301	0.186995	0.51026	-0.871998	-0.510299
0.85	0.852948	0.189456	0.51462	-0.87654	-0.514604
0.855	0.848607	0.191937	0.519003	-0.881116	-0.518919
0.86	0.844276	0.194436	0.523409	-0.885729	-0.523245
0.865	0.839957	0.196954	0.527837	-0.890378	-0.527581
0.87	0.835648	0.199492	0.532289	-0.895063	-0.531927
0.875	0.831352	0.202048	0.536764	-0.899784	-0.536283
0.88	0.827066	0.204624	0.541263	-0.904543	-0.540648
0.885	0.822793	0.20722	0.545786	-0.909339	-0.545022
0.89	0.818531	0.209835	0.550333	-0.914172	-0.549406
0.895	0.814281	0.212469	0.554904	-0.919042	-0.553798
0.9	0.810044	0.215123	0.559499	-0.92395	-0.558198
0.905	0.805818	0.217796	0.564119	-0.928896	-0.562607
0.91	0.801605	0.220489	0.568763	-0.93388	-0.567023
0.915	0.797405	0.223202	0.573432	-0.938903	-0.571447
0.92	0.793218	0.225934	0.578127	-0.943963	-0.575878
0.925	0.789043	0.228686	0.582847	-0.949063	-0.580315
0.93	0.784882	0.231458	0.587592	-0.9542	-0.58476
0.935	0.780734	0.234249	0.592363	-0.959377	-0.58921
0.94	0.776599	0.237061	0.59716	-0.964593	-0.593666
0.945	0.772478	0.239892	0.601983	-0.969847	-0.598127
0.95	0.768371	0.242744	0.606832	-0.97514	-0.602594
0.955	0.764277	0.245615	0.611708	-0.980473	-0.607065
0.96	0.760198	0.248506	0.61661	-0.985844	-0.61154
0.965	0.756133	0.251418	0.621539	-0.991255	-0.616019
0.97	0.752083	0.254349	0.626496	-0.996704	-0.620501
0.975	0.748047	0.257301	0.631479	-1.00219	-0.624986
0.98	0.744026	0.260273	0.63649	-1.00772	-0.629473
0.985	0.74002	0.263265	0.641529	-1.01329	-0.633962
0.99	0.736029	0.266277	0.646595	-1.01889	-0.638453
0.995	0.732054	0.26931	0.65169	-1.02454	-0.642945
1	0.728094	0.272363	0.656812	-1.03022	-0.647437
1.005	0.724151	0.275436	0.661964	-1.03594	-0.651929
1.01	0.720223	0.27853	0.667143	-1.0417	-0.65642
1.015	0.716311	0.281644	0.672352	-1.0475	-0.66091
1.02	0.712415	0.284779	0.677589	-1.05333	-0.665398
1.025	0.708536	0.287934	0.682856	-1.0592	-0.669884
1.03	0.704674	0.291109	0.688152	-1.06511	-0.674366
1.035	0.700829	0.294306	0.693477	-1.07106	-0.678846
1.04	0.697001	0.297522	0.698833	-1.07704	-0.68332
1.045	0.693191	0.300759	0.704218	-1.08306	-0.68779
1.05	0.689398	0.304017	0.709633	-1.08911	-0.692254
1.055	0.685622	0.307296	0.715079	-1.0952	-0.696712
1.06	0.681865	0.310595	0.720555	-1.10132	-0.701162
1.065	0.678126	0.313914	0.726061	-1.10748	-0.705605
1.07	0.674406	0.317254	0.731599	-1.11367	-0.710039
1.075	0.670704	0.320615	0.737167	-1.11989	-0.714464
1.08	0.667021	0.323997	0.742767	-1.12614	-0.718879
1.085	0.663357	0.327399	0.748397	-1.13243	-0.723283
1.09	0.659712	0.330822	0.75406	-1.13874	-0.727675
1.095	0.656087	0.334266	0.759753	-1.14508	-0.732054
1.1	0.652482	0.337731	0.765479	-1.15146	-0.73642
1.105	0.648897	0.341216	0.771236	-1.15785	-0.740771
1.11	0.645332	0.344721	0.777025	-1.16428	-0.745107
1.115	0.641787	0.348248	0.782847	-1.17073	-0.749427
1.12	0.638263	0.351795	0.7887	-1.1772	-0.753729
1.125	0.634761	0.355363	0.794586	-1.18369	-0.758013
1.13	0.631279	0.358952	0.800505	-1.19021	-0.762278
1.135	0.627819	0.362561	0.806456	-1.19675	-0.766522
1.14	0.62438	0.366191	0.812439	-1.2033	-0.770745
1.145	0.620963	0.369841	0.818456	-1.20987	-0.774946
1.15	0.617569	0.373512	0.824505	-1.21646	-0.779123
1.155	0.614196	0.377204	0.830588	-1.22306	-0.783275
1.16	0.610847	0.380916	0.836703	-1.22967	-0.787402
1.165	0.60752	0.384649	0.842851	-1.23629	-0.791502
1.17	0.604217	0.388402	0.849033	-1.24292	-0.795573
1.175	0.600936	0.392176	0.855247	-1.24955	-0.799615
1.18	0.59768	0.39597	0.861495	-1.25619	-0.803626
1.185	0.594447	0.399784	0.867776	-1.26283	-0.807605
1.19	0.591239	0.403619	0.87409	-1.26947	-0.811551
1.195	0.588055	0.407474	0.880437	-1.27611	-0.815463
1.2	0.584895	0.411349	0.886818	-1.28274	-0.819339
1.205	0.581761	0.415245	0.893232	-1.28937	-0.823177
1.21	0.578651	0.41916	0.899679	-1.29598	-0.826977
1.215	0.575568	0.423096	0.906158	-1.30258	-0.830736
1.22	0.572509	0.427052	0.912671	-1.30917	-0.834454
1.225	0.569477	0.431027	0.919217	-1.31574	-0.83813
1.23	0.566471	0.435023	0.925796	-1.32228	-0.84176
1.235	0.563492	0.439038	0.932407	-1.32881	-0.845345
1.24	0.560539	0.443073	0.939051	-1.3353	-0.848883
1.245	0.557613	0.447128	0.945728	-1.34176	-0.852371
1.25	0.554715	0.451202	0.952437	-1.34819	-0.855809
1.255	0.551844	0.455296	0.959178	-1.35458	-0.859195
1.26	0.549001	0.459409	0.965951	-1.36093	-0.862527
1.265	0.546185	0.463541	0.972755	-1.36724	-0.865804
1.27	0.543399	0.467692	0.979591	-1.37349	-0.869024
1.275	0.54064	0.471863	0.986459	-1.3797	-0.872185
1.28	0.537911	0.476052	0.993357	-1.38585	-0.875287
1.285	0.535211	0.48026	1.00029	-1.39193	-0.878326
1.29	0.53254	0.484487	1.00725	-1.39796	-0.881302
1.295	0.529898	0.488732	1.01424	-1.40391	-0.884212
1.3	0.527287	0.492996	1.02126	-1.40979	-0.887056
1.305	0.524706	0.497278	1.0283	-1.4156	-0.88983
1.31	0.522155	0.501578	1.03538	-1.42132	-0.892535
1.315	0.519634	0.505897	1.04249	-1.42696	-0.895167
1.32	0.517145	0.510233	1.04962	-1.43251	-0.897726
1.325	0.514686	0.514587	1.05679	-1.43796	-0.900208
1.33	0.512259	0.518958	1.06398	-1.44331	-0.902614
1.335	0.509864	0.523347	1.07119	-1.44856	-0.904941
1.34	0.5075	0.527753	1.07844	-1.4537	-0.907186
1.345	0.505169	0.532176	1.0857	-1.45872	-0.90935
1.35	0.50287	0.536616	1.093	-1.46362	-0.911429
1.355	0.500603	0.541073	1.10032	-1.4684	-0.913422
1.36	0.498369	0.545546	1.10766	-1.47306	-0.915328
1.365	0.496169	0.550036	1.11502	-1.47757	-0.917144
1.37	0.494001	0.554542	1.12241	-1.48195	-0.91887
1.375	0.491867	0.559063	1.12982	-1.48618	-0.920503
1.38	0.489767	0.563601	1.13725	-1.49026	-0.922042
1.385	0.4877	0.568154	1.1447	-1.49419	-0.923485
1.39	0.485667	0.572722	1.15217	-1.49796	-0.92483
1.395	0.483669	0.577305	1.15966	-1.50156	-0.926077
1.4	0.481705	0.581904	1.16717	-1.505	-0.927224
1.405	0.479776	0.586516	1.1747	-1.50825	-0.928268
1.41	0.477882	0.591144	1.18224	-1.51133	-0.929209
1.415	0.476023	0.595785	1.18979	-1.51423	-0.930045
1.42	0.474199	0.600441	1.19737	-1.51693	-0.930775
1.425	0.47241	0.60511	1.20495	-1.51944	-0.931398
1.43	0.470657	0.609792	1.21255	-1.52174	-0.931912
1.435	0.468939	0.614488	1.22016	-1.52385	-0.932316
1.44	0.467258	0.619197	1.22778	-1.52574	-0.932609
1.445	0.465612	0.623918	1.2354	-1.52742	-0.932789
1.45	0.464002	0.628652	1.24304	-1.52889	-0.932856
1.455	0.462429	0.633398	1.25069	-1.53013	-0.932808
1.46	0.460892	0.638156	1.25834	-1.53114	-0.932646
1.465	0.459392	0.642925	1.26599	-1.53193	-0.932366
1.47	0.457928	0.647706	1.27365	-1.53248	-0.93197
1.475	0.4565	0.652498	1.28131	-1.53279	-0.931456
1.48	0.45511	0.657301	1.28898	-1.53286	-0.930823
1.485	0.453756	0.662114	1.29664	-1.53268	-0.930072
1.49	0.452439	0.666938	1.30431	-1.53226	-0.9292
1.495	0.45116	0.671771	1.31197	-1.53158	-0.928208
1.5	0.449917	0.676614	1.31962	-1.53065	-0.927095
1.505	0.448711	0.681467	1.32728	-1.52946	-0.925862
1.51	0.447543	0.686328	1.33493	-1.52802	-0.924507
1.515	0.446412	0.691199	1.34257	-1.52631	-0.923031
1.52	0.445318	0.696078	1.3502	-1.52434	-0.921433
1.525	0.444261	0.700965	1.35782	-1.5221	-0.919714
1.53	0.443241	0.70586	1.36543	-1.5196	-0.917874
1.535	0.442259	0.710762	1.37303	-1.51683	-0.915912
1.54	0.441313	0.715672	1.38061	-1.51379	-0.913829
1.545	0.440405	0.720589	1.38818	-1.51048	-0.911626
1.55	0.439535	0.725512	1.39573	-1.5069	-0.909302
1.555	0.438701	0.730442	1.40327	-1.50305	-0.906859
1.56	0.437904	0.735379	1.41078	-1.49893	-0.904297
1.565	0.437145	0.74032	1.41828	-1.49454	-0.901616
1.57	0.436422	0.745268	1.42575	-1.48988	-0.898817
1.575	0.435736	0.750221	1.4332	-1.48496	-0.895901
1.58	0.435087	0.755178	1.44062	-1.47976	-0.89287
1.585	0.434475	0.760141	1.44802	-1.4743	-0.889724
1.59	0.433899	0.765108	1.45539	-1.46858	-0.886463
1.595	0.43336	0.770078	1.46274	-1.46259	-0.88309
1.6	0.432857	0.775053	1.47005	-1.45634	-0.879606
1.605	0.43239	0.780031	1.47733	-1.44984	-0.876012
1.61	0.43196	0.785013	1.48458	-1.44308	-0.872308
1.615	0.431565	0.789997	1.4918	-1.43607	-0.868498
1.62	0.431206	0.794984	1.49898	-1.42881	-0.864581
1.625	0.430883	0.799974	1.50612	-1.42131	-0.860561
1.63	0.430595	0.804965	1.51323	-1.41357	-0.856438
1.635	0.430343	0.809959	1.5203	-1.40558	-0.852215
1.64	0.430126	0.814954	1.52732	-1.39737	-0.847892
1.645	0.429943	0.819951	1.53431	-1.38892	-0.843472
1.65	0.429796	0.824949	1.54125	-1.38025	-0.838957
1.655	0.429683	0.829947	1.54816	-1.37137	-0.834349
1.66	0.429604	0.834947	1.55501	-1.36226	-0.82965
1.665	0.429559	0.839947	1.56182	-1.35295	-0.824861
1.67	0.429548	0.844947	1.56859	-1.34343	-0.819985
1.675	0.42957	0.849947	1.57531	-1.33372	-0.815024
1.68	0.429626	0.854946	1.58197	-1.32381	-0.809981
1.685	0.429715	0.859946	1.58859	-1.31371	-0.804857
1.69	0.429837	0.864944	1.59516	-1.30343	-0.799654
1.695	0.429991	0.869942	1.60168	-1.29298	-0.794375
1.7	0.430178	0.874938	1.60814	-1.28235	-0.789023
1.705	0.430397	0.879933	1.61456	-1.27157	-0.783599
1.71	0.430647	0.884927	1.62091	-1.26062	-0.778106
1.715	0.430929	0.889919	1.62722	-1.24953	-0.772546
1.72	0.431242	0.894909	1.63346	-1.23829	-0.766921
1.725	0.431586	0.899897	1.63966	-1.22691	-0.761234
1.73	0.431961	0.904883	1.64579	-1.2154	-0.755488
1.735	0.432366	0.909867	1.65187	-1.20376	-0.749684
1.74	0.432801	0.914848	1.65789	-1.19201	-0.743825
1.745	0.433265	0.919826	1.66385	-1.18014	-0.737913
1.75	0.433759	0.924802	1.66975	-1.16817	-0.731951
1.755	0.434282	0.929775	1.67559	-1.15609	-0.725941
1.76	0.434834	0.934744	1.68137	-1.14393	-0.719885
1.765	0.435414	0.93971	1.68709	-1.13168	-0.713786
1.77	0.436022	0.944673	1.69275	-1.11935	-0.707646
1.775	0.436658	0.949632	1.69834	-1.10694	-0.701467
1.78	0.437322	0.954588	1.70388	-1.09447	-0.695252
1.785	0.438012	0.95954	1.70935	-1.08194	-0.689003
1.79	0.43873	0.964489	1.71476	-1.06935	-0.682721
1.795	0.439474	0.969433	1.72011	-1.05671	-0.67641
1.8	0.440243	0.974373	1.72539	-1.04403	-0.670072
1.805	0.441039	0.97931	1.73061	-1.03131	-0.663708
1.81	0.44186	0.984242	1.73577	-1.01856	-0.65732
1.815	0.442706	0.98917	1.74086	-1.00579	-0.650912
1.82	0.443577	0.994093	1.74589	-0.992995	-0.644484
1.825	0.444473	0.999012	1.75085	-0.980186	-0.638039
1.83	0.445392	1.00393	1.75575	-0.967369	-0.631579
1.835	0.446336	1.00884	1.76059	-0.954547	-0.625105
1.84	0.447302	1.01374	1.76536	-0.941727	-0.61862
1.845	0.448292	1.01864	1.77007	-0.928913	-0.612126
1.85	0.449305	1.02354	1.77472	-0.91611	-0.605624
1.855	0.45034	1.02843	1.7793	-0.903324	-0.599117
1.86	0.451397	1.03332	1.78381	-0.890558	-0.592605
1.865	0.452476	1.0382	1.78827	-0.877817	-0.58609
1.87	0.453576	1.04308	1.79266	-0.865106	-0.579575
1.875	0.454697	1.04795	1.79698	-0.852428	-0.573061
1.88	0.455839	1.05282	1.80124	-0.839788	-0.56655
1.885	0.457002	1.05768	1.80544	-0.82719	-0.560042
1.89	0.458184	1.06254	1.80958	-0.814638	-0.55354
1.895	0.459387	1.06739	1.81365	-0.802135	-0.547045
1.9	0.460609	1.07224	1.81766	-0.789684	-0.540558
1.905	0.461849	1.07709	1.82161	-0.77729	-0.53408
1.91	0.463109	1.08192	1.8255	-0.764955	-0.527614
1.915	0.464388	1.08676	1.82932	-0.752683	-0.521161
1.92	0.465684	1.09159	1.83309	-0.740477	-0.51472
1.925	0.466998	1.09641	1.83679	-0.728339	-0.508295
1.93	0.46833	1.10123	1.84043	-0.716273	-0.501886
1.935	0.469679	1.10605	1.84401	-0.70428	-0.495493
1.94	0.471045	1.11085	1.84753	-0.692364	-0.489119
1.945	0.472428	1.11566	1.85099	-0.680526	-0.482764
1.95	0.473827	1.12046	1.8544	-0.668769	-0.47643
1.955	0.475242	1.12526	1.85774	-0.657096	-0.470116
1.96	0.476673	1.13005	1.86103	-0.645508	-0.463825
1.965	0.47812	1.13483	1.86425	-0.634006	-0.457556
1.97	0.479581	1.13961	1.86742	-0.622594	-0.451312
1.975	0.481057	1.14439	1.87054	-0.611272	-0.445092
1.98	0.482548	1.14916	1.87359	-0.600042	-0.438898
1.985	0.484054	1.15393	1.87659	-0.588906	-0.43273
1.99	0.485573	1.1587	1.87954	-0.577865	-0.426588
1.995	0.487106	1.16345	1.88243	-0.56692	-0.420475
2	0.488653	1.16821	1.88526	-0.556072	-0.41439
2.005	0.490212	1.17296	1.88804	-0.545322	-0.408334
2.01	0.491785	1.17771	1.89077	-0.534672	-0.402307
2.015	0.49337	1.18245	1.89344	-0.524122	-0.39631
2.02	0.494968	1.18719	1.89606	-0.513674	-0.390344
2.025	0.496578	1.19192	1.89863	-0.503327	-0.384409
2.03	0.4982	1.19665	1.90115	-0.493082	-0.378506
2.035	0.499834	1.20138	1.90361	-0.482941	-0.372635
2.04	0.501479	1.2061	1.90603	-0.472903	-0.366796
2.045	0.503135	1.21081	1.90839	-0.462968	-0.360991
2.05	0.504802	1.21553	1.91071	-0.453139	-0.355218
2.055	0.506479	1.22024	1.91297	-0.443413	-0.349479
2.06	0.508167	1.22495	1.91519	-0.433793	-0.343774
2.065	0.509866	1.22965	1.91736	-0.424277	-0.338103
2.07	0.511574	1.23435	1.91948	-0.414866	-0.332467
2.075	0.513292	1.23904	1.92155	-0.40556	-0.326866
2.08	0.51502	1.24373	1.92358	-0.39636	-0.3213
2.085	0.516757	1.24842	1.92556	-0.387264	-0.315768
2.09	0.518503	1.25311	1.9275	-0.378273	-0.310273
2.095	0.520257	1.25779	1.92939	-0.369387	-0.304813
2.1	0.522021	1.26247	1.93124	-0.360605	-0.299389
2.105	0.523793	1.26714	1.93304	-0.351927	-0.294001
2.11	0.525573	1.27182	1.9348	-0.343353	-0.288648
2.115	0.527361	1.27649	1.93652	-0.334883	-0.283333
2.12	0.529157	1.28115	1.93819	-0.326516	-0.278053
2.125	0.53096	1.28582	1.93983	-0.318251	-0.27281
2.13	0.532771	1.29048	1.94142	-0.310089	-0.267603
2.135	0.53459	1.29513	1.94297	-0.302028	-0.262433
2.14	0.536415	1.29979	1.94448	-0.294069	-0.2573
2.145	0.538247	1.30444	1.94595	-0.286211	-0.252203
2.15	0.540086	1.30909	1.94738	-0.278453	-0.247143
2.155	0.541931	1.31374	1.94877	-0.270794	-0.242119
2.16	0.543782	1.31838	1.95013	-0.263234	-0.237132
2.165	0.54564	1.32302	1.95144	-0.255772	-0.232182
2.17	0.547503	1.32766	1.95272	-0.248409	-0.227268
2.175	0.549373	1.3323	1.95396	-0.241142	-0.222391
2.18	0.551248	1.33694	1.95517	-0.233971	-0.21755
2.185	0.553128	1.34157	1.95634	-0.226896	-0.212746
2.19	0.555013	1.3462	1.95747	-0.219916	-0.207978
2.195	0.556904	1.35083	1.95857	-0.213029	-0.203247
2.2	0.5588	1.35546	1.95964	-0.206236	-0.198552
2.205	0.5607	1.36008	1.96067	-0.199536	-0.193893
2.21	0.562605	1.3647	1.96167	-0.192927	-0.18927
2.215	0.564514	1.36933	1.96263	-0.186409	-0.184683
2.22	0.566428	1.37394	1.96356	-0.179981	-0.180132
2.225	0.568346	1.37856	1.96446	-0.173643	-0.175617
2.23	0.570268	1.38318	1.96533	-0.167393	-0.171138
2.235	0.572194	1.38779	1.96617	-0.161231	-0.166694
2.24	0.574123	1.39241	1.96697	-0.155155	-0.162285
2.245	0.576056	1.39702	1.96775	-0.149166	-0.157912
2.25	0.577993	1.40163	1.9685	-0.143261	-0.153574
2.255	0.579932	1.40623	1.96921	-0.137441	-0.149271
2.26	0.581875	1.41084	1.9699	-0.131704	-0.145002
2.265	0.583821	1.41545	1.97056	-0.12605	-0.140769
2.27	0.58577	1.42005	1.97119	-0.120478	-0.13657
2.275	0.587722	1.42466	1.97179	-0.114986	-0.132405
2.28	0.589676	1.42926	1.97236	-0.109575	-0.128275
2.285	0.591633	1.43386	1.97291	-0.104242	-0.124179
2.29	0.593592	1.43846	1.97343	-0.0989878	-0.120116
2.295	0.595554	1.44306	1.97393	-0.093811	-0.116088
2.3	0.597517	1.44766	1.9744	-0.0887107	-0.112093
2.305	0.599483	1.45225	1.97484	-0.0836862	-0.108131
2.31	0.601451	1.45685	1.97526	-0.0787365	-0.104203
2.315	0.60342	1.46145	1.97565	-0.0738608	-0.100307
2.32	0.605391	1.46604	1.97602	-0.0690582	-0.096445
2.325	0.607364	1.47064	1.97637	-0.0643279	-0.0926152
2.33	0.609338	1.47523	1.97669	-0.0596691	-0.088818
2.335	0.611314	1.47982	1.97699	-0.0550809	-0.0850531
2.34	0.613291	1.48441	1.97726	-0.0505626	-0.0813203
2.345	0.615269	1.48901	1.97752	-0.0461132	-0.0776195
2.35	0.617248	1.4936	1.97775	-0.0417319	-0.0739504
2.355	0.619228	1.49819	1.97796	-0.037418	-0.070313
2.36	0.621209	1.50278	1.97814	-0.0331705	-0.0667069
2.365	0.62319	1.50737	1.97831	-0.0289888	-0.063132
2.37	0.625173	1.51196	1.97845	-0.024872	-0.0595882
2.375	0.627155	1.51655	1.97858	-0.0208193	-0.0560752
2.38	0.629139	1.52114	1.97868	-0.0168299	-0.0525929
2.385	0.631123	1.52573	1.97877	-0.0129031	-0.049141
2.39	0.633107	1.53032	1.97883	-0.00903796	-0.0457194
2.395	0.635091	1.53491	1.97888	-0.00523385	-0.0423278
2.4	0.637075	1.5395	1.9789	-0.00148995	-0.0389662
2.405	0.63906	1.54409	1.97891	0.00219449	-0.0356342
2.41	0.641044	1.54868	1.9789	0.00582022	-0.0323318
2.415	0.643028	1.55327	1.97887	0.00938798	-0.0290586
2.42	0.645012	1.55786	1.97882	0.0128985	-0.0258147
2.425	0.646996	1.56245	1.97876	0.0163526	-0.0225996
2.43	0.648979	1.56704	1.97868	0.0197509	-0.0194133
2.435	0.650962	1.57163	1.97858	0.0230941	-0.0162556
2.44	0.652944	1.57622	1.97846	0.026383	-0.0131263
2.445	0.654926	1.58081	1.97833	0.0296182	-0.0100252
2.45	0.656907	1.5854	1.97818	0.0328005	-0.00695208
2.455	0.658887	1.58999	1.97802	0.0359306	-0.0039068
2.46	0.660867	1.59458	1.97784	0.0390091	-0.000889174
2.465	0.662845	1.59917	1.97764	0.0420367	0.00210099
2.47	0.664823	1.60376	1.97743	0.045014	0.00506387
2.475	0.6668	1.60836	1.97721	0.0479418	0.00799964
2.48	0.668775	1.61295	1.97697	0.0508207	0.0109085
2.485	0.670749	1.61754	1.97671	0.0536513	0.0137906
2.49	0.672722	1.62214	1.97645	0.0564343	0.0166462
2.495	0.674694	1.62673	1.97616	0.0591703	0.0194753
2.5	0.676665	1.63133	1.97587	0.0618599	0.0222783
2.505	0.678634	1.63592	1.97556	0.0645037	0.0250552
2.51	0.680601	1.64052	1.97524	0.0671024	0.0278062
2.515	0.682567	1.64512	1.9749	0.0696566	0.0305316
2.52	0.684532	1.64972	1.97455	0.0721668	0.0332314
2.525	0.686494	1.65432	1.97419	0.0746336	0.0359059
2.53	0.688455	1.65891	1.97382	0.0770577	0.0385552
2.535	0.690415	1.66351	1.97343	0.0794395	0.0411796
2.54	0.692372	1.66812	1.97304	0.0817798	0.043779
2.545	0.694327	1.67272	1.97263	0.0840789	0.0463538
2.55	0.696281	1.67732	1.97221	0.0863375	0.0489041
2.555	0.698233	1.68192	1.97177	0.0885562	0.0514301
2.56	0.700182	1.68653	1.97133	0.0907354	0.0539318
2.565	0.70213	1.69113	1.97088	0.0928757	0.0564096
2.57	0.704075	1.69574	1.97041	0.0949776	0.0588635
2.575	0.706018	1.70035	1.96994	0.0970417	0.0612937
2.58	0.707959	1.70495	1.96945	0.0990684	0.0637003
2.585	0.709898	1.70956	1.96896	0.101058	0.0660836
2.59	0.711834	1.71417	1.96845	0.103012	0.0684436
2.595	0.713768	1.71878	1.96794	0.10493	0.0707806
2.6	0.715699	1.7234	1.96741	0.106812	0.0730946
2.605	0.717628	1.72801	1.96688	0.10866	0.0753859
2.61	0.719555	1.73262	1.96634	0.110473	0.0776545
2.615	0.721479	1.73724	1.96578	0.112252	0.0799007
2.62	0.7234	1.74185	1.96522	0.113998	0.0821245
2.625	0.725319	1.74647	1.96465	0.115711	0.0843262
2.63	0.727235	1.75109	1.96407	0.117391	0.0865059
2.635	0.729149	1.75571	1.96349	0.119039	0.0886636
2.64	0.731059	1.76033	1.96289	0.120656	0.0907997
2.645	0.732967	1.76495	1.96229	0.122241	0.0929141
2.65	0.734872	1.76957	1.96168	0.123795	0.0950071
2.655	0.736774	1.7742	1.96106	0.125319	0.0970787
2.66	0.738673	1.77882	1.96043	0.126814	0.0991292
2.665	0.74057	1.78345	1.9598	0.128278	0.101159
2.67	0.742463	1.78808	1.95916	0.129714	0.103167
2.675	0.744353	1.79271	1.95851	0.131121	0.105155
2.68	0.746241	1.79734	1.95785	0.132499	0.107122
2.685	0.748125	1.80197	1.95719	0.13385	0.109069
2.69	0.750006	1.8066	1.95652	0.135173	0.110995
2.695	0.751884	1.81123	1.95584	0.136469	0.112901
2.7	0.753759	1.81587	1.95516	0.137738	0.114787
2.705	0.755631	1.82051	1.95447	0.13898	0.116653
2.71	0.757499	1.82514	1.95378	0.140197	0.118499
2.715	0.759364	1.82978	1.95308	0.141388	0.120325
2.72	0.761226	1.83442	1.95237	0.142553	0.122132
2.725	0.763085	1.83906	1.95166	0.143694	0.123919
2.73	0.76494	1.84371	1.95094	0.14481	0.125687
2.735	0.766792	1.84835	1.95022	0.145901	0.127436
2.74	0.768641	1.853	1.94949	0.146969	0.129165
2.745	0.770486	1.85764	1.94875	0.148013	0.130876
2.75	0.772327	1.86229	1.94801	0.149034	0.132568
2.755	0.774166	1.86694	1.94727	0.150032	0.13424
2.76	0.776	1.87159	1.94652	0.151007	0.135895
2.765	0.777831	1.87625	1.94576	0.15196	0.13753
2.77	0.779659	1.8809	1.945	0.152891	0.139148
2.775	0.781483	1.88556	1.94424	0.1538	0.140747
2.78	0.783304	1.89021	1.94347	0.154687	0.142328
2.785	0.785121	1.89487	1.94269	0.155554	0.14389
2.79	0.786934	1.89953	1.94192	0.1564	0.145435
2.795	0.788744	1.90419	1.94113	0.157225	0.146962
2.8	0.79055	1.90885	1.94035	0.15803	0.148471
2.805	0.792352	1.91352	1.93956	0.158815	0.149963
2.81	0.79415	1.91818	1.93876	0.159581	0.151437
2.815	0.795945	1.92285	1.93797	0.160327	0.152893
2.82	0.797737	1.92752	1.93716	0.161054	0.154332
2.825	0.799524	1.93219	1.93636	0.161762	0.155754
2.83	0.801307	1.93686	1.93555	0.162452	0.157159
2.835	0.803087	1.94153	1.93474	0.163123	0.158547
2.84	0.804863	1.94621	1.93392	0.163776	0.159918
2.845	0.806635	1.95088	1.9331	0.164412	0.161272
2.85	0.808404	1.95556	1.93228	0.16503	0.162609
2.855	0.810168	1.96024	1.93146	0.165631	0.16393
2.86	0.811929	1.96492	1.93063	0.166214	0.165234
2.865	0.813685	1.9696	1.9298	0.166781	0.166522
2.87	0.815438	1.97428	1.92896	0.167331	0.167794
2.875	0.817187	1.97896	1.92813	0.167865	0.169049
2.88	0.818932	1.98365	1.92729	0.168383	0.170288
2.885	0.820673	1.98834	1.92645	0.168885	0.171511
2.89	0.82241	1.99303	1.9256	0.169372	0.172718
2.895	0.824143	1.99772	1.92475	0.169842	0.173909
2.9	0.825872	2.00241	1.9239	0.170298	0.175085
2.905	0.827597	2.0071	1.92305	0.170739	0.176244
2.91	0.829318	2.01179	1.9222	0.171165	0.177389
2.915	0.831035	2.01649	1.92134	0.171577	0.178517
2.92	0.832749	2.02119	1.92049	0.171974	0.17963
2.925	0.834458	2.02589	1.91963	0.172357	0.180728
2.93	0.836162	2.03059	1.91876	0.172727	0.181811
2.935	0.837863	2.03529	1.9179	0.173082	0.182878
2.94	0.83956	2.03999	1.91704	0.173424	0.183931
2.945	0.841253	2.0447	1.91617	0.173753	0.184968
2.95	0.842942	2.0494	1.9153	0.174069	0.18599
2.955	0.844626	2.05411	1.91443	0.174371	0.186998
2.96	0.846307	2.05882	1.91356	0.174661	0.187991
2.965	0.847983	2.06353	1.91268	0.174939	0.188969
2.97	0.849655	2.06824	1.91181	0.175204	0.189933
2.975	0.851323	2.07296	1.91093	0.175457	0.190882
2.98	0.852987	2.07767	1.91006	0.175698	0.191816
2.985	0.854647	2.08239	1.90918	0.175927	0.192737
2.99	0.856303	2.08711	1.9083	0.176144	0.193643
2.995	0.857954	2.09182	1.90742	0.176351	0.194535
3	0.859601	2.09655	1.90654	0.176545	0.195412
3.005	0.861245	2.10127	1.90565	0.176729	0.196276
3.01	0.862884	2.10599	1.90477	0.176902	0.197126
3.015	0.864518	2.11072	1.90388	0.177064	0.197961
3.02	0.866149	2.11544	1.903	0.177215	0.198783
3.025	0.867775	2.12017	1.90211	0.177356	0.199592
3.03	0.869398	2.1249	1.90123	0.177486	0.200386
3.035	0.871016	2.12963	1.90034	0.177607	0.201167
3.04	0.87263	2.13436	1.89945	0.177717	0.201935
3.045	0.874239	2.1391	1.89856	0.177818	0.202689
3.05	0.875845	2.14383	1.89767	0.177909	0.203429
3.055	0.877446	2.14857	1.89678	0.17799	0.204156
3.06	0.879043	2.15331	1.89589	0.178062	0.20487
3.065	0.880636	2.15805	1.895	0.178125	0.205571
3.07	0.882224	2.16279	1.89411	0.178179	0.206259
3.075	0.883809	2.16753	1.89322	0.178224	0.206934
3.08	0.885389	2.17227	1.89233	0.17826	0.207595
3.085	0.886965	2.17702	1.89144	0.178287	0.208244
3.09	0.888536	2.18177	1.89055	0.178306	0.20888
3.095	0.890104	2.18651	1.88966	0.178317	0.209503
3.1	0.891667	2.19126	1.88876	0.178319	0.210114
3.105	0.893226	2.19601	1.88787	0.178313	0.210712
3.11	0.89478	2.20077	1.88698	0.178299	0.211297
3.115	0.896331	2.20552	1.88609	0.178277	0.211869
3.12	0.897877	2.21027	1.8852	0.178248	0.21243
3.125	0.899419	2.21503	1.88431	0.178211	0.212977
3.13	0.900957	2.21979	1.88342	0.178166	0.213513
3.135	0.90249	2.22455	1.88253	0.178114	0.214036
3.14	0.90402	2.22931	1.88163	0.178055	0.214547
3.145	0.905545	2.23407	1.88074	0.177989	0.215046
3.15	0.907066	2.23883	1.87985	0.177915	0.215533
3.155	0.908582	2.2436	1.87897	0.177835	0.216008
3.16	0.910095	2.24836	1.87808	0.177749	0.21647
3.165	0.911603	2.25313	1.87719	0.177655	0.216921
3.17	0.913106	2.2579	1.8763	0.177555	0.21736
3.175	0.914606	2.26267	1.87541	0.177449	0.217788
3.18	0.916102	2.26744	1.87452	0.177336	0.218203
3.185	0.917593	2.27221	1.87364	0.177217	0.218607
3.19	0.91908	2.27699	1.87275	0.177092	0.218999
3.195	0.920562	2.28176	1.87187	0.176961	0.21938
3.2	0.922041	2.28654	1.87098	0.176824	0.219749
3.205	0.923515	2.29132	1.8701	0.176682	0.220106
3.21	0.924985	2.29609	1.86921	0.176534	0.220453
3.215	0.926451	2.30087	1.86833	0.17638	0.220788
3.22	0.927913	2.30566	1.86745	0.176221	0.221111
3.225	0.92937	2.31044	1.86657	0.176056	0.221424
3.23	0.930823	2.31522	1.86569	0.175886	0.221725
3.235	0.932272	2.32001	1.86481	0.175711	0.222015
3.24	0.933717	2.3248	1.86393	0.175531	0.222294
3.245	0.935157	2.32958	1.86305	0.175346	0.222562
3.25	0.936594	2.33437	1.86218	0.175157	0.222819
3.255	0.938026	2.33916	1.8613	0.174962	0.223065
3.26	0.939454	2.34396	1.86042	0.174763	0.223301
3.265	0.940878	2.34875	1.85955	0.174559	0.223525
3.27	0.942297	2.35354	1.85868	0.174351	0.223739
3.275	0.943713	2.35834	1.85781	0.174138	0.223942
3.28	0.945124	2.36313	1.85694	0.173921	0.224134
3.285	0.946531	2.36793	1.85607	0.1737	0.224316
3.29	0.947934	2.37273	1.8552	0.173475	0.224487
3.295	0.949333	2.37753	1.85433	0.173245	0.224648
3.3	0.950727	2.38233	1.85346	0.173012	0.224798
3.305	0.952118	2.38714	1.8526	0.172775	0.224938
3.31	0.953504	2.39194	1.85173	0.172534	0.225067
3.315	0.954886	2.39675	1.85087	0.172289	0.225186
3.32	0.956264	2.40155	1.85001	0.172041	0.225295
3.325	0.957638	2.40636	1.84915	0.171789	0.225394
3.33	0.959008	2.41117	1.84829	0.171533	0.225482
3.335	0.960373	2.41598	1.84743	0.171275	0.225561
3.34	0.961735	2.42079	1.84658	0.171013	0.225629
3.345	0.963092	2.4256	1.84572	0.170747	0.225687
3.35	0.964446	2.43041	1.84487	0.170479	0.225736
3.355	0.965795	2.43523	1.84402	0.170207	0.225774
3.36	0.96714	2.44004	1.84317	0.169933	0.225802
3.365	0.968481	2.44486	1.84232	0.169656	0.225821
3.37	0.969818	2.44968	1.84147	0.169375	0.22583
3.375	0.97115	2.4545	1.84062	0.169092	0.225829
3.38	0.972479	2.45932	1.83977	0.168807	0.225818
3.385	0.973804	2.46414	1.83893	0.168518	0.225798
3.39	0.975124	2.46896	1.83809	0.168227	0.225768
3.395	0.976441	2.47379	1.83725	0.167934	0.225728
3.4	0.977754	2.47861	1.83641	0.167638	0.225679
3.405	0.979062	2.48344	1.83557	0.16734	0.225621
3.41	0.980366	2.48826	1.83473	0.167039	0.225553
3.415	0.981667	2.49309	1.8339	0.166736	0.225475
3.42	0.982963	2.49792	1.83306	0.166432	0.225389
3.425	0.984255	2.50275	1.83223	0.166125	0.225293
3.43	0.985544	2.50758	1.8314	0.165816	0.225187
3.435	0.986828	2.51241	1.83057	0.165505	0.225073
3.44	0.988108	2.51725	1.82974	0.165192	0.224949
3.445	0.989385	2.52208	1.82892	0.164877	0.224816
3.45	0.990657	2.52692	1.82809	0.164561	0.224674
3.455	0.991925	2.53175	1.82727	0.164243	0.224523
3.46	0.99319	2.53659	1.82645	0.163923	0.224362
3.465	0.99445	2.54143	1.82563	0.163602	0.224193
3.47	0.995707	2.54627	1.82481	0.163279	0.224015
3.475	0.996959	2.55111	1.824	0.162954	0.223828
3.48	0.998208	2.55595	1.82318	0.162629	0.223632
3.485	0.999452	2.56079	1.82237	0.162301	0.223428
3.49	1.00069	2.56564	1.82156	0.161973	0.223214
3.495	1.00193	2.57048	1.82075	0.161643	0.222992
3.5	1.00316	2.57533	1.81994	0.161313	0.222761
3.505	1.00439	2.58017	1.81913	0.160981	0.222521
3.51	1.00562	2.58502	1.81833	0.160648	0.222273
3.515	1.00684	2.58987	1.81752	0.160314	0.222016
3.52	1.00806	2.59472	1.81672	0.159979	0.221751
3.525	1.00927	2.59957	1.81592	0.159643	0.221477
3.53	1.01048	2.60442	1.81512	0.159306	0.221195
3.535	1.01168	2.60927	1.81433	0.158969	0.220904
3.54	1.01289	2.61413	1.81353	0.158631	0.220604
3.545	1.01408	2.61898	1.81274	0.158292	0.220297
3.55	1.01528	2.62384	1.81195	0.157952	0.219981
3.555	1.01647	2.62869	1.81116	0.157612	0.219657
3.56	1.01765	2.63355	1.81037	0.157272	0.219324
3.565	1.01884	2.63841	1.80958	0.156931	0.218984
3.57	1.02002	2.64327	1.8088	0.156589	0.218635
3.575	1.02119	2.64813	1.80802	0.156247	0.218278
3.58	1.02236	2.65299	1.80724	0.155905	0.217913
3.585	1.02353	2.65785	1.80646	0.155562	0.217539
3.59	1.02469	2.66271	1.80568	0.15522	0.217158
3.595	1.02585	2.66758	1.8049	0.154877	0.216769
3.6	1.02701	2.67244	1.80413	0.154534	0.216372
3.605	1.02816	2.67731	1.80335	0.15419	0.215967
3.61	1.02931	2.68217	1.80258	0.153847	0.215554
3.615	1.03045	2.68704	1.80181	0.153504	0.215133
3.62	1.0316	2.69191	1.80105	0.153161	0.214704
3.625	1.03273	2.69678	1.80028	0.152818	0.214268
3.63	1.03387	2.70165	1.79952	0.152475	0.213823
3.635	1.035	2.70652	1.79875	0.152132	0.213371
3.64	1.03612	2.71139	1.79799	0.151789	0.212912
3.645	1.03725	2.71626	1.79724	0.151447	0.212444
3.65	1.03836	2.72114	1.79648	0.151105	0.21197
3.655	1.03948	2.72601	1.79572	0.150763	0.211487
3.66	1.04059	2.73088	1.79497	0.150422	0.210997
3.665	1.0417	2.73576	1.79422	0.150081	0.210499
3.67	1.0428	2.74064	1.79347	0.14974	0.209994
3.675	1.0439	2.74551	1.79272	0.1494	0.209482
3.68	1.045	2.75039	1.79197	0.149061	0.208962
3.685	1.04609	2.75527	1.79122	0.148722	0.208435
3.69	1.04718	2.76015	1.79048	0.148384	0.2079
3.695	1.04827	2.76503	1.78974	0.148047	0.207358
3.7	1.04935	2.76991	1.789	0.14771	0.206809
3.705	1.05043	2.7748	1.78826	0.147374	0.206253
3.71	1.05151	2.77968	1.78752	0.147039	0.205689
3.715	1.05258	2.78456	1.78679	0.146705	0.205118
3.72	1.05365	2.78945	1.78606	0.146371	0.20454
3.725	1.05471	2.79433	1.78532	0.146038	0.203955
3.73	1.05577	2.79922	1.78459	0.145707	0.203363
3.735	1.05683	2.80411	1.78386	0.145376	0.202764
3.74	1.05788	2.80899	1.78314	0.145046	0.202157
3.745	1.05893	2.81388	1.78241	0.144718	0.201544
3.75	1.05998	2.81877	1.78169	0.14439	0.200924
3.755	1.06102	2.82366	1.78097	0.144064	0.200297
3.76	1.06206	2.82855	1.78025	0.143739	0.199663
3.765	1.0631	2.83344	1.77953	0.143414	0.199022
3.77	1.06413	2.83833	1.77881	0.143092	0.198374
3.775	1.06516	2.84323	1.7781	0.14277	0.197719
3.78	1.06618	2.84812	1.77738	0.14245	0.197058
3.785	1.06721	2.85302	1.77667	0.142131	0.19639
3.79	1.06823	2.85791	1.77596	0.141813	0.195715
3.795	1.06924	2.86281	1.77525	0.141497	0.195034
3.8	1.07025	2.8677	1.77454	0.141182	0.194346
3.805	1.07126	2.8726	1.77384	0.140869	0.193651
3.81	1.07227	2.8775	1.77313	0.140557	0.19295
3.815	1.07327	2.8824	1.77243	0.140247	0.192242
3.82	1.07426	2.8873	1.77173	0.139938	0.191527
3.825	1.07526	2.8922	1.77103	0.139631	0.190806
3.83	1.07625	2.8971	1.77033	0.139325	0.190079
3.835	1.07724	2.902	1.76963	0.139021	0.189345
3.84	1.07822	2.9069	1.76894	0.138719	0.188605
3.845	1.0792	2.9118	1.76824	0.138418	0.187858
3.85	1.08018	2.91671	1.76755	0.138119	0.187106
3.855	1.08115	2.92161	1.76686	0.137822	0.186346
3.86	1.08212	2.92652	1.76617	0.137527	0.185581
3.865	1.08309	2.93142	1.76549	0.137234	0.184809
3.87	1.08406	2.93633	1.7648	0.136942	0.184031
3.875	1.08502	2.94124	1.76411	0.136652	0.183247
3.88	1.08597	2.94614	1.76343	0.136365	0.182456
3.885	1.08693	2.95105	1.76275	0.136079	0.18166
3.89	1.08788	2.95596	1.76207	0.135795	0.180857
3.895	1.08883	2.96087	1.76139	0.135513	0.180048
3.9	1.08977	2.96578	1.76071	0.135233	0.179234
3.905	1.09071	2.97069	1.76004	0.134955	0.178413
3.91	1.09165	2.9756	1.75936	0.13468	0.177586
3.915	1.09258	2.98051	1.75869	0.134406	0.176753
3.92	1.09351	2.98543	1.75802	0.134135	0.175915
3.925	1.09444	2.99034	1.75735	0.133865	0.17507
3.93	1.09536	2.99525	1.75668	0.133598	0.174219
3.935	1.09628	3.00017	1.75601	0.133333	0.173363
3.94	1.0972	3.00508	1.75534	0.133071	0.172501
3.945	1.09812	3.01	1.75468	0.13281	0.171633
3.95	1.09903	3.01492	1.75401	0.132552	0.170759
3.955	1.09993	3.01983	1.75335	0.132296	0.16988
3.96	1.10084	3.02475	1.75269	0.132043	0.168994
3.965	1.10174	3.02967	1.75203	0.131791	0.168103
3.97	1.10264	3.03459	1.75137	0.131543	0.167207
3.975	1.10353	3.03951	1.75071	0.131296	0.166305
3.98	1.10442	3.04443	1.75005	0.131052	0.165397
3.985	1.10531	3.04935	1.7494	0.130811	0.164483
3.99	1.1062	3.05427	1.74874	0.130572	0.163565
3.995	1.10708	3.05919	1.74809	0.130335	0.16264
4	1.10796	3.06411	1.74744	0.130101	0.16171
4.005	1.10883	3.06903	1.74679	0.12987	0.160775
4.01	1.10971	3.07396	1.74614	0.129641	0.159834
4.015	1.11057	3.07888	1.74549	0.129415	0.158888
4.02	1.11144	3.08381	1.74485	0.129191	0.157936
4.025	1.1123	3.08873	1.7442	0.12897	0.156979
4.03	1.11316	3.09366	1.74355	0.128751	0.156017
4.035	1.11402	3.09858	1.74291	0.128536	0.155049
4.04	1.11487	3.10351	1.74227	0.128323	0.154076
4.045	1.11572	3.10844	1.74163	0.128112	0.153098
4.05	1.11657	3.11336	1.74099	0.127905	0.152114
4.055	1.11741	3.11829	1.74035	0.1277	0.151126
4.06	1.11825	3.12322	1.73971	0.127498	0.150132
4.065	1.11909	3.12815	1.73907	0.127299	0.149133
4.07	1.11993	3.13308	1.73843	0.127102	0.148129
4.075	1.12076	3.13801	1.7378	0.126909	0.14712
4.08	1.12158	3.14294	1.73716	0.126718	0.146106
4.085	1.12241	3.14787	1.73653	0.12653	0.145086
4.09	1.12323	3.1528	1.7359	0.126345	0.144062
4.095	1.12405	3.15774	1.73527	0.126163	0.143033
4.1	1.12487	3.16267	1.73463	0.125984	0.141999
4.105	1.12568	3.1676	1.73401	0.125808	0.14096
4.11	1.12649	3.17254	1.73338	0.125635	0.139916
4.115	1.12729	3.17747	1.73275	0.125465	0.138867
4.12	1.1281	3.18241	1.73212	0.125298	0.137813
4.125	1.1289	3.18734	1.73149	0.125134	0.136754
4.13	1.12969	3.19228	1.73087	0.124973	0.135691
4.135	1.13049	3.19722	1.73024	0.124815	0.134623
4.14	1.13128	3.20215	1.72962	0.12466	0.13355
4.145	1.13207	3.20709	1.729	0.124508	0.132472
4.15	1.13285	3.21203	1.72837	0.12436	0.13139
4.155	1.13363	3.21697	1.72775	0.124214	0.130303
4.16	1.13441	3.22191	1.72713	0.124072	0.129211
4.165	1.13519	3.22685	1.72651	0.123932	0.128115
4.17	1.13596	3.23179	1.72589	0.123796	0.127014
4.175	1.13673	3.23673	1.72527	0.123664	0.125908
4.18	1.13749	3.24167	1.72465	0.123534	0.124798
4.185	1.13826	3.24661	1.72404	0.123408	0.123684
4.19	1.13902	3.25155	1.72342	0.123285	0.122565
4.195	1.13977	3.25649	1.7228	0.123165	0.121441
4.2	1.14053	3.26144	1.72219	0.123048	0.120313
4.205	1.14128	3.26638	1.72157	0.122935	0.119181
4.21	1.14203	3.27132	1.72096	0.122825	0.118044
4.215	1.14277	3.27627	1.72034	0.122718	0.116903
4.22	1.14351	3.28121	1.71973	0.122615	0.115758
4.225	1.14425	3.28616	1.71912	0.122515	0.114608
4.23	1.14499	3.2911	1.7185	0.122419	0.113454
4.235	1.14572	3.29605	1.71789	0.122326	0.112296
4.24	1.14645	3.30099	1.71728	0.122236	0.111133
4.245	1.14718	3.30594	1.71667	0.122149	0.109966
4.25	1.1479	3.31089	1.71606	0.122067	0.108795
4.255	1.14862	3.31584	1.71545	0.121987	0.10762
4.26	1.14934	3.32078	1.71484	0.121911	0.106441
4.265	1.15005	3.32573	1.71423	0.121839	0.105257
4.27	1.15077	3.33068	1.71362	0.12177	0.10407
4.275	1.15148	3.33563	1.71301	0.121704	0.102878
4.28	1.15218	3.34058	1.7124	0.121642	0.101683
4.285	1.15288	3.34553	1.71179	0.121583	0.100483
4.29	1.15358	3.35048	1.71118	0.121528	0.0992793
4.295	1.15428	3.35543	1.71058	0.121477	0.0980717
4.3	1.15497	3.36039	1.70997	0.121429	0.0968602
4.305	1.15566	3.36534	1.70936	0.121385	0.0956447
4.31	1.15635	3.37029	1.70876	0.121344	0.0944254
4.315	1.15704	3.37524	1.70815	0.121307	0.0932021
4.32	1.15772	3.3802	1.70754	0.121274	0.0919751
4.325	1.1584	3.38515	1.70694	0.121244	0.0907442
4.33	1.15907	3.3901	1.70633	0.121218	0.0895095
4.335	1.15974	3.39506	1.70572	0.121195	0.088271
4.34	1.16041	3.40001	1.70512	0.121176	0.0870288
4.345	1.16108	3.40497	1.70451	0.121161	0.0857829
4.35	1.16174	3.40993	1.70391	0.121149	0.0845332
4.355	1.16241	3.41488	1.7033	0.121141	0.0832799
4.36	1.16306	3.41984	1.70269	0.121137	0.082023
4.365	1.16372	3.4248	1.70209	0.121137	0.0807624
4.37	1.16437	3.42975	1.70148	0.12114	0.0794982
4.375	1.16502	3.43471	1.70088	0.121147	0.0782304
4.38	1.16566	3.43967	1.70027	0.121158	0.0769591
4.385	1.16631	3.44463	1.69967	0.121172	0.0756843
4.39	1.16695	3.44959	1.69906	0.12119	0.0744059
4.395	1.16758	3.45455	1.69845	0.121213	0.0731241
4.4	1.16822	3.4595	1.69785	0.121238	0.0718388
4.405	1.16885	3.46446	1.69724	0.121268	0.0705501
4.41	1.16947	3.46943	1.69664	0.121301	0.069258
4.415	1.1701	3.47439	1.69603	0.121339	0.0679625
4.42	1.17072	3.47935	1.69542	0.12138	0.0666636
4.425	1.17134	3.48431	1.69482	0.121425	0.0653614
4.43	1.17195	3.48927	1.69421	0.121473	0.0640559
4.435	1.17257	3.49423	1.6936	0.121526	0.0627471
4.44	1.17318	3.4992	1.69299	0.121582	0.061435
4.445	1.17378	3.50416	1.69239	0.121643	0.0601197
4.45	1.17439	3.50912	1.69178	0.121707	0.0588012
4.455	1.17499	3.51409	1.69117	0.121775	0.0574795
4.46	1.17558	3.51905	1.69056	0.121847	0.0561546
4.465	1.17618	3.52402	1.68995	0.121923	0.0548266
4.47	1.17677	3.52898	1.68934	0.122002	0.0534955
4.475	1.17736	3.53395	1.68873	0.122086	0.0521612
4.48	1.17794	3.53891	1.68812	0.122174	0.0508239
4.485	1.17852	3.54388	1.68751	0.122265	0.0494836
4.49	1.1791	3.54884	1.6869	0.122361	0.0481402
4.495	1.17968	3.55381	1.68629	0.12246	0.0467938
4.5	1.18025	3.55878	1.68567	0.122564	0.0454444
4.505	1.18082	3.56374	1.68506	0.122671	0.0440921
4.51	1.18139	3.56871	1.68445	0.122782	0.0427369
4.515	1.18195	3.57368	1.68383	0.122898	0.0413788
4.52	1.18252	3.57865	1.68322	0.123017	0.0400177
4.525	1.18307	3.58362	1.6826	0.12314	0.0386538
4.53	1.18363	3.58859	1.68199	0.123268	0.0372871
4.535	1.18418	3.59356	1.68137	0.123399	0.0359176
4.54	1.18473	3.59853	1.68076	0.123534	0.0345453
4.545	1.18527	3.6035	1.68014	0.123673	0.0331702
4.55	1.18582	3.60847	1.67952	0.123817	0.0317924
4.555	1.18636	3.61344	1.6789	0.123964	0.0304119
4.56	1.18689	3.61841	1.67828	0.124116	0.0290287
4.565	1.18743	3.62338	1.67766	0.124271	0.0276428
4.57	1.18796	3.62835	1.67704	0.124431	0.0262542
4.575	1.18848	3.63332	1.67642	0.124594	0.0248631
4.58	1.18901	3.6383	1.67579	0.124762	0.0234693
4.585	1.18953	3.64327	1.67517	0.124933	0.022073
4.59	1.19005	3.64824	1.67455	0.125109	0.0206741
4.595	1.19056	3.65322	1.67392	0.125289	0.0192727
4.6	1.19107	3.65819	1.67329	0.125473	0.0178688
4.605	1.19158	3.66316	1.67267	0.125661	0.0164624
4.61	1.19209	3.66814	1.67204	0.125853	0.0150536
4.615	1.19259	3.67311	1.67141	0.126049	0.0136423
4.62	1.19309	3.67809	1.67078	0.12625	0.0122286
4.625	1.19358	3.68306	1.67015	0.126454	0.0108126
4.63	1.19408	3.68804	1.66951	0.126663	0.00939412
4.635	1.19457	3.69301	1.66888	0.126875	0.00797335
4.64	1.19505	3.69799	1.66825	0.127092	0.00655027
4.645	1.19554	3.70297	1.66761	0.127313	0.0051249
4.65	1.19602	3.70794	1.66697	0.127538	0.00369725
4.655	1.19649	3.71292	1.66634	0.127767	0.00226737
4.66	1.19697	3.7179	1.6657	0.128	0.000835263
4.665	1.19744	3.72288	1.66506	0.128238	-0.00059904
4.67	1.1979	3.72786	1.66442	0.128479	-0.00203552
4.675	1.19837	3.73283	1.66377	0.128725	-0.00347414
4.68	1.19883	3.73781	1.66313	0.128975	-0.0049149
4.685	1.19929	3.74279	1.66249	0.129229	-0.00635775
4.69	1.19974	3.74777	1.66184	0.129487	-0.00780269
4.695	1.20019	3.75275	1.66119	0.129749	-0.00924968
4.7	1.20064	3.75773	1.66054	0.130016	-0.0106987
4.705	1.20109	3.76271	1.65989	0.130286	-0.0121497
4.71	1.20153	3.76769	1.65924	0.130561	-0.0136028
4.715	1.20197	3.77267	1.65859	0.13084	-0.0150577
4.72	1.2024	3.77765	1.65794	0.131123	-0.0165147
4.725	1.20283	3.78263	1.65728	0.131411	-0.0179735
4.73	1.20326	3.78762	1.65662	0.131702	-0.0194342
4.735	1.20369	3.7926	1.65596	0.131998	-0.0208968
4.74	1.20411	3.79758	1.6553	0.132298	-0.0223613
4.745	1.20453	3.80256	1.65464	0.132602	-0.0238275
4.75	1.20494	3.80754	1.65398	0.132911	-0.0252956
4.755	1.20536	3.81253	1.65332	0.133223	-0.0267654
4.76	1.20576	3.81751	1.65265	0.13354	-0.028237
4.765	1.20617	3.82249	1.65198	0.133861	-0.0297103
4.77	1.20657	3.82748	1.65131	0.134186	-0.0311854
4.775	1.20697	3.83246	1.65064	0.134515	-0.0326621
4.78	1.20737	3.83745	1.64997	0.134849	-0.0341404
4.785	1.20776	3.84243	1.64929	0.135186	-0.0356204
4.79	1.20815	3.84742	1.64862	0.135528	-0.037102
4.795	1.20853	3.8524	1.64794	0.135874	-0.0385852
4.8	1.20891	3.85739	1.64726	0.136225	-0.0400699
4.805	1.20929	3.86237	1.64658	0.136579	-0.0415562
4.81	1.20967	3.86736	1.6459	0.136938	-0.043044
4.815	1.21004	3.87234	1.64521	0.137301	-0.0445333
4.82	1.21041	3.87733	1.64453	0.137669	-0.0460241
4.825	1.21077	3.88232	1.64384	0.13804	-0.0475163
4.83	1.21113	3.8873	1.64315	0.138416	-0.04901
4.835	1.21149	3.89229	1.64246	0.138796	-0.050505
4.84	1.21185	3.89728	1.64176	0.13918	-0.0520014
4.845	1.2122	3.90227	1.64107	0.139568	-0.0534992
4.85	1.21255	3.90725	1.64037	0.139961	-0.0549983
4.855	1.21289	3.91224	1.63967	0.140357	-0.0564987
4.86	1.21323	3.91723	1.63897	0.140759	-0.0580003
4.865	1.21357	3.92222	1.63826	0.141164	-0.0595033
4.87	1.2139	3.92721	1.63756	0.141573	-0.0610074
4.875	1.21423	3.9322	1.63685	0.141987	-0.0625128
4.88	1.21456	3.93719	1.63614	0.142405	-0.0640194
4.885	1.21488	3.94218	1.63543	0.142827	-0.0655271
4.89	1.2152	3.94717	1.63471	0.143254	-0.067036
4.895	1.21552	3.95216	1.634	0.143684	-0.0685459
4.9	1.21583	3.95715	1.63328	0.144119	-0.070057
4.905	1.21614	3.96214	1.63256	0.144558	-0.0715691
4.91	1.21644	3.96713	1.63183	0.145001	-0.0730823
4.915	1.21674	3.97212	1.63111	0.145449	-0.0745965
4.92	1.21704	3.97711	1.63038	0.145901	-0.0761117
4.925	1.21733	3.9821	1.62965	0.146357	-0.0776279
4.93	1.21762	3.98709	1.62892	0.146817	-0.079145
4.935	1.21791	3.99208	1.62819	0.147281	-0.0806631
4.94	1.21819	3.99708	1.62745	0.14775	-0.082182
4.945	1.21847	4.00207	1.62671	0.148223	-0.0837019
4.95	1.21875	4.00706	1.62597	0.1487	-0.0852225
4.955	1.21902	4.01205	1.62523	0.149182	-0.0867441
4.96	1.21929	4.01705	1.62448	0.149667	-0.0882664
4.965	1.21955	4.02204	1.62373	0.150157	-0.0897895
4.97	1.21982	4.02703	1.62298	0.150651	-0.0913134
4.975	1.22007	4.03203	1.62223	0.151149	-0.092838
4.98	1.22033	4.03702	1.62147	0.151652	-0.0943633
4.985	1.22058	4.04201	1.62071	0.152159	-0.0958893
4.99	1.22082	4.04701	1.61995	0.152669	-0.0974159
4.995	1.22106	4.052	1.61919	0.153185	-0.0989432
5	1.2213	4.057	1.61842	0.153704	-0.100471
5.005	1.22154	4.06199	1.61766	0.154228	-0.102
5.01	1.22177	4.06698	1.61689	0.154755	-0.103529
5.015	1.22199	4.07198	1.61611	0.155287	-0.105058
5.02	1.22221	4.07697	1.61534	0.155824	-0.106589
5.025	1.22243	4.08197	1.61456	0.156364	-0.108119
5.03	1.22265	4.08697	1.61377	0.156909	-0.10965
5.035	1.22286	4.09196	1.61299	0.157458	-0.111182
5.04	1.22307	4.09696	1.6122	0.158011	-0.112714
5.045	1.22327	4.10195	1.61141	0.158568	-0.114246
5.05	1.22347	4.10695	1.61062	0.159129	-0.115779
5.055	1.22366	4.11194	1.60982	0.159695	-0.117312
5.06	1.22385	4.11694	1.60903	0.160265	-0.118845
5.065	1.22404	4.12194	1.60822	0.160839	-0.120379
5.07	1.22422	4.12693	1.60742	0.161417	-0.121913
5.075	1.2244	4.13193	1.60661	0.162	-0.123447
5.08	1.22458	4.13693	1.6058	0.162586	-0.124982
5.085	1.22475	4.14192	1.60499	0.163177	-0.126517
5.09	1.22492	4.14692	1.60417	0.163772	-0.128052
5.095	1.22508	4.15192	1.60335	0.164371	-0.129587
5.1	1.22524	4.15692	1.60253	0.164975	-0.131122
5.105	1.22539	4.16191	1.60171	0.165582	-0.132657
5.11	1.22554	4.16691	1.60088	0.166194	-0.134192
5.115	1.22569	4.17191	1.60005	0.16681	-0.135728
5.12	1.22583	4.17691	1.59922	0.16743	-0.137263
5.125	1.22597	4.18191	1.59838	0.168054	-0.138799
5.13	1.2261	4.1869	1.59754	0.168683	-0.140334
5.135	1.22623	4.1919	1.59669	0.169315	-0.14187
5.14	1.22636	4.1969	1.59585	0.169952	-0.143405
5.145	1.22648	4.2019	1.595	0.170593	-0.14494
5.15	1.2266	4.2069	1.59415	0.171238	-0.146475
5.155	1.22671	4.2119	1.59329	0.171887	-0.14801
5.16	1.22682	4.2169	1.59243	0.172541	-0.149545
5.165	1.22692	4.22189	1.59157	0.173198	-0.15108
5.17	1.22702	4.22689	1.5907	0.17386	-0.152614
5.175	1.22711	4.23189	1.58983	0.174526	-0.154148
5.18	1.22721	4.23689	1.58896	0.175196	-0.155682
5.185	1.22729	4.24189	1.58808	0.17587	-0.157216
5.19	1.22737	4.24689	1.5872	0.176548	-0.158749
5.195	1.22745	4.25189	1.58632	0.17723	-0.160282
5.2	1.22752	4.25689	1.58543	0.177917	-0.161815
5.205	1.22759	4.26189	1.58455	0.178608	-0.163347
5.21	1.22766	4.26689	1.58365	0.179302	-0.164879
5.215	1.22772	4.27189	1.58276	0.180001	-0.16641
5.22	1.22777	4.27689	1.58186	0.180704	-0.167941
5.225	1.22782	4.28189	1.58095	0.181411	-0.169472
5.23	1.22787	4.28689	1.58004	0.182122	-0.171002
5.235	1.22791	4.29189	1.57913	0.182838	-0.172531
5.24	1.22795	4.29689	1.57822	0.183557	-0.17406
5.245	1.22798	4.30189	1.5773	0.184281	-0.175588
5.25	1.22801	4.30689	1.57638	0.185008	-0.177116
5.255	1.22803	4.31189	1.57546	0.18574	-0.178643
5.26	1.22805	4.31689	1.57453	0.186476	-0.180169
5.265	1.22806	4.32189	1.57359	0.187216	-0.181695
5.27	1.22807	4.32689	1.57266	0.18796	-0.18322
5.275	1.22808	4.33189	1.57172	0.188708	-0.184744
5.28	1.22808	4.33689	1.57078	0.18946	-0.186267
5.285	1.22807	4.34189	1.56983	0.190216	-0.18779
5.29	1.22806	4.34689	1.56888	0.190976	-0.189311
5.295	1.22805	4.35189	1.56792	0.191741	-0.190832
5.3	1.22803	4.35689	1.56696	0.192509	-0.192352
5.305	1.22801	4.36189	1.566	0.193281	-0.193872
5.31	1.22798	4.36689	1.56503	0.194058	-0.19539
5.315	1.22794	4.37189	1.56406	0.194838	-0.196907
5.32	1.22791	4.37689	1.56309	0.195623	-0.198423
5.325	1.22786	4.38189	1.56211	0.196412	-0.199939
5.33	1.22781	4.38689	1.56113	0.197204	-0.201453
5.335	1.22776	4.39189	1.56014	0.198001	-0.202966
5.34	1.2277	4.39689	1.55915	0.198802	-0.204478
5.345	1.22764	4.40188	1.55816	0.199607	-0.205989
5.35	1.22757	4.40688	1.55716	0.200415	-0.207499
5.355	1.2275	4.41188	1.55616	0.201228	-0.209008
5.36	1.22742	4.41688	1.55515	0.202045	-0.210515
5.365	1.22734	4.42188	1.55414	0.202866	-0.212022
5.37	1.22725	4.42688	1.55313	0.203691	-0.213527
5.375	1.22715	4.43188	1.55211	0.204519	-0.215031
5.38	1.22706	4.43688	1.55109	0.205352	-0.216533
5.385	1.22695	4.44188	1.55006	0.206189	-0.218034
5.39	1.22684	4.44688	1.54903	0.20703	-0.219534
5.395	1.22673	4.45188	1.548	0.207875	-0.221033
5.4	1.22661	4.45688	1.54696	0.208723	-0.22253
5.405	1.22649	4.46187	1.54591	0.209576	-0.224026
5.41	1.22636	4.46687	1.54486	0.210433	-0.22552
5.415	1.22622	4.47187	1.54381	0.211294	-0.227012
5.42	1.22608	4.47687	1.54276	0.212158	-0.228504
5.425	1.22594	4.48187	1.54169	0.213027	-0.229993
5.43	1.22579	4.48686	1.54063	0.2139	-0.231481
5.435	1.22563	4.49186	1.53956	0.214776	-0.232968
5.44	1.22547	4.49686	1.53849	0.215657	-0.234453
5.445	1.2253	4.50186	1.53741	0.216541	-0.235936
5.45	1.22513	4.50685	1.53633	0.217429	-0.237418
5.455	1.22495	4.51185	1.53524	0.218322	-0.238898
5.46	1.22477	4.51685	1.53415	0.219218	-0.240376
5.465	1.22458	4.52184	1.53305	0.220118	-0.241852
5.47	1.22438	4.52684	1.53195	0.221022	-0.243327
5.475	1.22418	4.53183	1.53084	0.22193	-0.2448
5.48	1.22398	4.53683	1.52974	0.222842	-0.246271
5.485	1.22377	4.54183	1.52862	0.223758	-0.24774
5.49	1.22355	4.54682	1.5275	0.224678	-0.249207
5.495	1.22333	4.55182	1.52638	0.225602	-0.250672
5.5	1.2231	4.55681	1.52525	0.226529	-0.252135
5.505	1.22287	4.56181	1.52412	0.227461	-0.253597
5.51	1.22263	4.5668	1.52298	0.228396	-0.255056
5.515	1.22239	4.57179	1.52184	0.229335	-0.256513
5.52	1.22214	4.57679	1.52069	0.230278	-0.257969
5.525	1.22188	4.58178	1.51954	0.231225	-0.259422
5.53	1.22162	4.58677	1.51838	0.232176	-0.260873
5.535	1.22135	4.59177	1.51722	0.233131	-0.262322
5.54	1.22108	4.59676	1.51606	0.234089	-0.263768
5.545	1.2208	4.60175	1.51489	0.235052	-0.265213
5.55	1.22051	4.60674	1.51371	0.236018	-0.266655
5.555	1.22022	4.61174	1.51253	0.236988	-0.268095
5.56	1.21992	4.61673	1.51135	0.237962	-0.269533
5.565	1.21962	4.62172	1.51016	0.23894	-0.270968
5.57	1.21931	4.62671	1.50896	0.239922	-0.272401
5.575	1.219	4.6317	1.50776	0.240907	-0.273832
5.58	1.21867	4.63669	1.50656	0.241896	-0.27526
5.585	1.21835	4.64168	1.50535	0.24289	-0.276686
5.59	1.21801	4.64667	1.50413	0.243886	-0.278109
5.595	1.21768	4.65165	1.50292	0.244887	-0.27953
5.6	1.21733	4.65664	1.50169	0.245892	-0.280948
5.605	1.21698	4.66163	1.50046	0.2469	-0.282364
5.61	1.21662	4.66662	1.49923	0.247912	-0.283777
5.615	1.21626	4.6716	1.49799	0.248928	-0.285187
5.62	1.21589	4.67659	1.49674	0.249948	-0.286595
5.625	1.21551	4.68158	1.49549	0.250972	-0.288
5.63	1.21513	4.68656	1.49424	0.251999	-0.289403
5.635	1.21474	4.69155	1.49298	0.25303	-0.290802
5.64	1.21435	4.69653	1.49171	0.254065	-0.292199
5.645	1.21394	4.70151	1.49044	0.255104	-0.293594
5.65	1.21354	4.7065	1.48917	0.256146	-0.294985
5.655	1.21312	4.71148	1.48789	0.257193	-0.296373
5.66	1.2127	4.71646	1.4866	0.258243	-0.297759
5.665	1.21228	4.72144	1.48531	0.259296	-0.299142
5.67	1.21184	4.72643	1.48401	0.260354	-0.300521
5.675	1.2114	4.73141	1.48271	0.261415	-0.301898
5.68	1.21096	4.73639	1.4814	0.26248	-0.303272
5.685	1.2105	4.74137	1.48009	0.263549	-0.304642
5.69	1.21004	4.74634	1.47877	0.264621	-0.30601
5.695	1.20958	4.75132	1.47745	0.265697	-0.307374
5.7	1.2091	4.7563	1.47612	0.266777	-0.308736
5.705	1.20863	4.76128	1.47479	0.267861	-0.310094
5.71	1.20814	4.76625	1.47345	0.268948	-0.311449
5.715	1.20765	4.77123	1.4721	0.270039	-0.3128
5.72	1.20715	4.7762	1.47075	0.271134	-0.314149
5.725	1.20664	4.78118	1.4694	0.272232	-0.315494
5.73	1.20613	4.78615	1.46804	0.273334	-0.316836
5.735	1.20561	4.79113	1.46667	0.27444	-0.318174
5.74	1.20508	4.7961	1.4653	0.27555	-0.319509
5.745	1.20455	4.80107	1.46392	0.276663	-0.320841
5.75	1.20401	4.80604	1.46254	0.27778	-0.322169
5.755	1.20346	4.81101	1.46115	0.278901	-0.323494
5.76	1.20291	4.81598	1.45975	0.280025	-0.324815
5.765	1.20235	4.82095	1.45835	0.281153	-0.326133
5.77	1.20178	4.82592	1.45695	0.282284	-0.327447
5.775	1.2012	4.83088	1.45554	0.28342	-0.328757
5.78	1.20062	4.83585	1.45412	0.284559	-0.330064
5.785	1.20003	4.84081	1.4527	0.285701	-0.331367
5.79	1.19944	4.84578	1.45127	0.286847	-0.332666
5.795	1.19883	4.85074	1.44983	0.287997	-0.333962
5.8	1.19822	4.8557	1.44839	0.289151	-0.335254
5.805	1.1976	4.86067	1.44695	0.290308	-0.336542
5.81	1.19698	4.86563	1.4455	0.291469	-0.337826
5.815	1.19635	4.87059	1.44404	0.292633	-0.339106
5.82	1.19571	4.87555	1.44258	0.293801	-0.340382
5.825	1.19506	4.8805	1.44111	0.294973	-0.341655
5.83	1.19441	4.88546	1.43963	0.296148	-0.342923
5.835	1.19375	4.89042	1.43815	0.297327	-0.344187
5.84	1.19308	4.89537	1.43666	0.29851	-0.345448
5.845	1.1924	4.90033	1.43517	0.299696	-0.346704
5.85	1.19172	4.90528	1.43367	0.300886	-0.347956
5.855	1.19103	4.91023	1.43217	0.302079	-0.349204
5.86	1.19033	4.91518	1.43066	0.303276	-0.350448
5.865	1.18962	4.92013	1.42914	0.304477	-0.351688
5.87	1.18891	4.92508	1.42762	0.305681	-0.352923
5.875	1.18819	4.93003	1.42609	0.306889	-0.354154
5.88	1.18746	4.93497	1.42456	0.3081	-0.35538
5.885	1.18672	4.93992	1.42302	0.309315	-0.356603
5.89	1.18598	4.94486	1.42147	0.310534	-0.357821
5.895	1.18523	4.94981	1.41992	0.311756	-0.359034
5.9	1.18447	4.95475	1.41836	0.312982	-0.360243
5.905	1.1837	4.95969	1.41679	0.314211	-0.361448
5.91	1.18293	4.96463	1.41522	0.315444	-0.362648
5.915	1.18214	4.96957	1.41365	0.31668	-0.363843
5.92	1.18135	4.97451	1.41206	0.31792	-0.365034
5.925	1.18056	4.97944	1.41047	0.319163	-0.36622
5.93	1.17975	4.98438	1.40888	0.320411	-0.367402
5.935	1.17894	4.98931	1.40727	0.321661	-0.368578
5.94	1.17811	4.99424	1.40567	0.322915	-0.36975
5.945	1.17728	4.99917	1.40405	0.324173	-0.370918
5.95	1.17645	5.0041	1.40243	0.325434	-0.37208
5.955	1.1756	5.00903	1.4008	0.326699	-0.373237
5.96	1.17475	5.01396	1.39917	0.327967	-0.37439
5.965	1.17388	5.01888	1.39753	0.329239	-0.375538
5.97	1.17301	5.0238	1.39588	0.330515	-0.37668
5.975	1.17214	5.02873	1.39423	0.331794	-0.377818
5.98	1.17125	5.03365	1.39257	0.333076	-0.378951
5.985	1.17036	5.03857	1.39091	0.334362	-0.380078
5.99	1.16945	5.04348	1.38924	0.335652	-0.381201
5.995	1.16854	5.0484	1.38756	0.336945	-0.382318
6	1.16762	5.05332	1.38587	0.338241	-0.38343
6.005	1.16669	5.05823	1.38418	0.339541	-0.384537
6.01	1.16576	5.06314	1.38248	0.340845	-0.385639
6.015	1.16481	5.06805	1.38078	0.342152	-0.386735
6.02	1.16386	5.07296	1.37907	0.343463	-0.387826
6.025	1.1629	5.07787	1.37735	0.344777	-0.388912
6.03	1.16193	5.08277	1.37563	0.346094	-0.389992
6.035	1.16095	5.08767	1.3739	0.347416	-0.391067
6.04	1.15997	5.09258	1.37216	0.34874	-0.392136
6.045	1.15897	5.09748	1.37042	0.350068	-0.3932
6.05	1.15797	5.10237	1.36867	0.3514	-0.394258
6.055	1.15695	5.10727	1.36691	0.352735	-0.39531
6.06	1.15593	5.11217	1.36515	0.354074	-0.396357
6.065	1.1549	5.11706	1.36337	0.355416	-0.397399
6.07	1.15386	5.12195	1.3616	0.356761	-0.398434
6.075	1.15282	5.12684	1.35981	0.358111	-0.399464
6.08	1.15176	5.13173	1.35802	0.359463	-0.400488
6.085	1.1507	5.13661	1.35623	0.360819	-0.401506
6.09	1.14962	5.14149	1.35442	0.362179	-0.402518
6.095	1.14854	5.14638	1.35261	0.363542	-0.403524
6.1	1.14745	5.15126	1.35079	0.364908	-0.404525
6.105	1.14635	5.15613	1.34897	0.366278	-0.405519
6.11	1.14524	5.16101	1.34714	0.367652	-0.406507
6.115	1.14412	5.16588	1.3453	0.369029	-0.407489
6.12	1.143	5.17075	1.34345	0.370409	-0.408465
6.125	1.14186	5.17562	1.3416	0.371793	-0.409435
6.13	1.14072	5.18049	1.33974	0.37318	-0.410399
6.135	1.13956	5.18535	1.33788	0.374571	-0.411357
6.14	1.1384	5.19022	1.336	0.375966	-0.412308
6.145	1.13723	5.19508	1.33412	0.377363	-0.413253
6.15	1.13604	5.19994	1.33224	0.378765	-0.414191
6.155	1.13485	5.20479	1.33034	0.380169	-0.415123
6.16	1.13365	5.20965	1.32844	0.381578	-0.416049
6.165	1.13244	5.2145	1.32654	0.382989	-0.416968
6.17	1.13123	5.21935	1.32462	0.384404	-0.417881
6.175	1.13	5.22419	1.3227	0.385823	-0.418787
6.18	1.12876	5.22904	1.32077	0.387245	-0.419687
6.185	1.12751	5.23388	1.31883	0.388671	-0.42058
6.19	1.12626	5.23872	1.31689	0.3901	-0.421466
6.195	1.12499	5.24356	1.31494	0.391532	-0.422345
6.2	1.12372	5.24839	1.31298	0.392968	-0.423218
6.205	1.12243	5.25322	1.31102	0.394408	-0.424084
6.21	1.12114	5.25805	1.30904	0.39585	-0.424943
6.215	1.11984	5.26288	1.30707	0.397297	-0.425795
6.22	1.11852	5.26771	1.30508	0.398747	-0.426641
6.225	1.1172	5.27253	1.30308	0.4002	-0.427479
6.23	1.11587	5.27735	1.30108	0.401657	-0.42831
6.235	1.11453	5.28216	1.29908	0.403117	-0.429134
6.24	1.11318	5.28698	1.29706	0.404581	-0.429951
6.245	1.11181	5.29179	1.29504	0.406048	-0.430761
6.25	1.11044	5.2966	1.29301	0.407519	-0.431564
6.255	1.10906	5.3014	1.29097	0.408993	-0.43236
6.26	1.10767	5.3062	1.28892	0.41047	-0.433148
6.265	1.10627	5.311	1.28687	0.411951	-0.433929
6.27	1.10486	5.3158	1.28481	0.413436	-0.434703
6.275	1.10344	5.3206	1.28275	0.414924	-0.435469
6.28	1.10201	5.32539	1.28067	0.416416	-0.436228
6.285	1.10057	5.33017	1.27859	0.417911	-0.436979
6.29	1.09912	5.33496	1.2765	0.419409	-0.437723
6.295	1.09766	5.33974	1.2744	0.420911	-0.438459
6.3	1.09619	5.34452	1.2723	0.422417	-0.439187
6.305	1.09471	5.3493	1.27019	0.423926	-0.439908
6.31	1.09322	5.35407	1.26807	0.425438	-0.440621
6.315	1.09172	5.35884	1.26594	0.426954	-0.441327
6.32	1.0902	5.3636	1.2638	0.428473	-0.442025
6.325	1.08868	5.36837	1.26166	0.429996	-0.442714
6.33	1.08715	5.37313	1.25951	0.431523	-0.443396
6.335	1.08561	5.37788	1.25735	0.433053	-0.44407
6.34	1.08406	5.38264	1.25519	0.434586	-0.444737
6.345	1.0825	5.38739	1.25302	0.436123	-0.445395
6.35	1.08092	5.39213	1.25083	0.437664	-0.446045
6.355	1.07934	5.39688	1.24865	0.439208	-0.446687
6.36	1.07775	5.40161	1.24645	0.440755	-0.44732
6.365	1.07614	5.40635	1.24425	0.442306	-0.447946
6.37	1.07453	5.41108	1.24204	0.443861	-0.448563
6.375	1.0729	5.41581	1.23982	0.445419	-0.449172
6.38	1.07127	5.42054	1.23759	0.446981	-0.449773
6.385	1.06962	5.42526	1.23535	0.448546	-0.450366
6.39	1.06797	5.42998	1.23311	0.450114	-0.45095
6.395	1.0663	5.43469	1.23086	0.451687	-0.451525
6.4	1.06462	5.4394	1.2286	0.453263	-0.452092
6.405	1.06293	5.44411	1.22634	0.454842	-0.452651
6.41	1.06123	5.44881	1.22406	0.456425	-0.453201
6.415	1.05952	5.45351	1.22178	0.458011	-0.453742
6.42	1.0578	5.4582	1.21949	0.459601	-0.454275
6.425	1.05607	5.46289	1.21719	0.461195	-0.454799
6.43	1.05433	5.46758	1.21489	0.462792	-0.455314
6.435	1.05258	5.47226	1.21257	0.464393	-0.45582
6.44	1.05081	5.47694	1.21025	0.465997	-0.456318
6.445	1.04904	5.48161	1.20792	0.467605	-0.456806
6.45	1.04725	5.48628	1.20558	0.469217	-0.457286
6.455	1.04546	5.49095	1.20324	0.470832	-0.457757
6.46	1.04365	5.49561	1.20088	0.472451	-0.458218
6.465	1.04183	5.50027	1.19852	0.474073	-0.458671
6.47	1.04	5.50492	1.19615	0.475699	-0.459114
6.475	1.03816	5.50957	1.19377	0.477329	-0.459548
6.48	1.03631	5.51422	1.19138	0.478962	-0.459973
6.485	1.03444	5.51886	1.18899	0.480599	-0.460389
6.49	1.03257	5.52349	1.18659	0.48224	-0.460795
6.495	1.03068	5.52812	1.18417	0.483884	-0.461193
6.5	1.02879	5.53275	1.18176	0.485532	-0.46158
6.505	1.02688	5.53737	1.17933	0.487183	-0.461958
6.51	1.02496	5.54199	1.17689	0.488838	-0.462327
6.515	1.02303	5.5466	1.17445	0.490497	-0.462686
6.52	1.02109	5.55121	1.17199	0.49216	-0.463036
6.525	1.01914	5.55581	1.16953	0.493826	-0.463376
6.53	1.01717	5.56041	1.16706	0.495496	-0.463706
6.535	1.0152	5.565	1.16459	0.49717	-0.464027
6.54	1.01321	5.56959	1.1621	0.498848	-0.464338
6.545	1.01121	5.57417	1.15961	0.500529	-0.464638
6.55	1.0092	5.57875	1.1571	0.502214	-0.46493
6.555	1.00718	5.58332	1.15459	0.503903	-0.465211
6.56	1.00515	5.58789	1.15207	0.505595	-0.465482
6.565	1.0031	5.59246	1.14955	0.507291	-0.465743
6.57	1.00105	5.59701	1.14701	0.508991	-0.465994
6.575	0.998978	5.60157	1.14446	0.510695	-0.466235
6.58	0.996899	5.60611	1.14191	0.512403	-0.466466
6.585	0.994808	5.61065	1.13935	0.514114	-0.466687
6.59	0.992705	5.61519	1.13678	0.51583	-0.466898
6.595	0.990591	5.61972	1.1342	0.517549	-0.467098
6.6	0.988465	5.62425	1.13161	0.519272	-0.467288
6.605	0.986327	5.62877	1.12902	0.520998	-0.467467
6.61	0.984178	5.63328	1.12641	0.522729	-0.467637
6.615	0.982016	5.63779	1.1238	0.524464	-0.467795
6.62	0.979843	5.64229	1.12117	0.526202	-0.467943
6.625	0.977658	5.64679	1.11854	0.527945	-0.468081
6.63	0.975461	5.65128	1.1159	0.529691	-0.468208
6.635	0.973253	5.65577	1.11326	0.531441	-0.468324
6.64	0.971032	5.66025	1.1106	0.533195	-0.46843
6.645	0.968799	5.66472	1.10793	0.534954	-0.468525
6.65	0.966555	5.66919	1.10526	0.536716	-0.468609
6.655	0.964298	5.67365	1.10257	0.538482	-0.468682
6.66	0.96203	5.67811	1.09988	0.540252	-0.468745
6.665	0.959749	5.68256	1.09718	0.542026	-0.468796
6.67	0.957457	5.687	1.09447	0.543804	-0.468837
6.675	0.955152	5.69144	1.09175	0.545587	-0.468866
6.68	0.952835	5.69587	1.08902	0.547373	-0.468885
6.685	0.950506	5.70029	1.08629	0.549163	-0.468892
6.69	0.948165	5.70471	1.08354	0.550958	-0.468888
6.695	0.945812	5.70912	1.08079	0.552757	-0.468873
6.7	0.943447	5.71353	1.07802	0.554559	-0.468847
6.705	0.941069	5.71793	1.07525	0.556366	-0.468809
6.71	0.93868	5.72232	1.07247	0.558177	-0.46876
6.715	0.936278	5.7267	1.06968	0.559993	-0.4687
6.72	0.933863	5.73108	1.06688	0.561812	-0.468628
6.725	0.931437	5.73545	1.06407	0.563636	-0.468545
6.73	0.928998	5.73982	1.06125	0.565464	-0.46845
6.735	0.926546	5.74418	1.05842	0.567296	-0.468344
6.74	0.924083	5.74853	1.05559	0.569132	-0.468226
6.745	0.921607	5.75287	1.05274	0.570973	-0.468096
6.75	0.919119	5.75721	1.04988	0.572818	-0.467955
6.755	0.916618	5.76154	1.04702	0.574668	-0.467802
6.76	0.914105	5.76586	1.04415	0.576521	-0.467637
6.765	0.911579	5.77018	1.04126	0.578379	-0.46746
6.77	0.909041	5.77448	1.03837	0.580242	-0.467272
6.775	0.90649	5.77878	1.03547	0.582109	-0.467071
6.78	0.903927	5.78308	1.03256	0.58398	-0.466859
6.785	0.901351	5.78736	1.02964	0.585856	-0.466634
6.79	0.898763	5.79164	1.02671	0.587737	-0.466398
6.795	0.896163	5.79591	1.02377	0.589622	-0.466149
6.8	0.893549	5.80017	1.02083	0.591511	-0.465888
6.805	0.890923	5.80443	1.01787	0.593405	-0.465615
6.81	0.888285	5.80868	1.0149	0.595304	-0.46533
6.815	0.885634	5.81291	1.01192	0.597207	-0.465033
6.82	0.88297	5.81715	1.00894	0.599115	-0.464723
6.825	0.880293	5.82137	1.00594	0.601028	-0.464401
6.83	0.877604	5.82558	1.00294	0.602945	-0.464066
6.835	0.874902	5.82979	0.999922	0.604867	-0.463719
6.84	0.872188	5.83399	0.996898	0.606794	-0.463359
6.845	0.869461	5.83818	0.993864	0.608726	-0.462987
6.85	0.866721	5.84236	0.99082	0.610662	-0.462602
6.855	0.863968	5.84654	0.987767	0.612604	-0.462205
6.86	0.861202	5.8507	0.984704	0.61455	-0.461795
6.865	0.858424	5.85486	0.981631	0.616501	-0.461372
6.87	0.855633	5.85901	0.978549	0.618457	-0.460936
6.875	0.852829	5.86315	0.975457	0.620418	-0.460488
6.88	0.850012	5.86728	0.972355	0.622384	-0.460027
6.885	0.847182	5.8714	0.969243	0.624355	-0.459553
6.89	0.84434	5.87552	0.966121	0.626331	-0.459066
6.895	0.841485	5.87962	0.962989	0.628312	-0.458566
6.9	0.838616	5.88372	0.959848	0.630299	-0.458053
6.905	0.835735	5.8878	0.956696	0.632291	-0.457527
6.91	0.832841	5.89188	0.953535	0.634287	-0.456987
6.915	0.829934	5.89595	0.950363	0.63629	-0.456435
6.92	0.827014	5.90001	0.947182	0.638297	-0.455869
6.925	0.824082	5.90406	0.94399	0.64031	-0.455291
6.93	0.821136	5.9081	0.940789	0.642328	-0.454699
6.935	0.818177	5.91213	0.937577	0.644352	-0.454093
6.94	0.815206	5.91615	0.934355	0.646381	-0.453475
6.945	0.812221	5.92016	0.931123	0.648415	-0.452843
6.95	0.809223	5.92416	0.927881	0.650455	-0.452197
6.955	0.806213	5.92815	0.924629	0.652501	-0.451538
6.96	0.803189	5.93213	0.921367	0.654552	-0.450866
6.965	0.800152	5.93611	0.918094	0.656609	-0.45018
6.97	0.797102	5.94007	0.914811	0.658672	-0.44948
6.975	0.79404	5.94402	0.911517	0.660741	-0.448767
6.98	0.790964	5.94796	0.908214	0.662815	-0.44804
6.985	0.787875	5.9519	0.9049	0.664896	-0.447299
6.99	0.784773	5.95582	0.901575	0.666982	-0.446545
6.995	0.781658	5.95973	0.89824	0.669074	-0.445777
7	0.77853	5.96363	0.894895	0.671172	-0.444995
7.005	0.775389	5.96752	0.891539	0.673277	-0.444199
7.01	0.772235	5.9714	0.888173	0.675387	-0.443389
7.015	0.769068	5.97527	0.884796	0.677504	-0.442566
7.02	0.765888	5.97913	0.881408	0.679627	-0.441728
7.025	0.762694	5.98297	0.87801	0.681756	-0.440876
7.03	0.759488	5.98681	0.874601	0.683892	-0.440011
7.035	0.756268	5.99064	0.871182	0.686034	-0.439131
7.04	0.753035	5.99445	0.867752	0.688183	-0.438237
7.045	0.749789	5.99825	0.864311	0.690338	-0.437329
7.05	0.746531	6.00204	0.860859	0.6925	-0.436407
7.055	0.743258	6.00583	0.857397	0.694668	-0.43547
7.06	0.739973	6.00959	0.853923	0.696843	-0.434519
7.065	0.736675	6.01335	0.850439	0.699025	-0.433554
7.07	0.733364	6.0171	0.846944	0.701214	-0.432575
7.075	0.730039	6.02083	0.843438	0.70341	-0.431581
7.08	0.726702	6.02456	0.839921	0.705614	-0.430573
7.085	0.723351	6.02827	0.836393	0.707824	-0.42955
7.09	0.719987	6.03197	0.832854	0.710041	-0.428513
7.095	0.71661	6.03565	0.829303	0.712266	-0.427461
7.1	0.71322	6.03933	0.825742	0.714498	-0.426395
7.105	0.709817	6.04299	0.82217	0.716737	-0.425314
7.11	0.706401	6.04664	0.818586	0.718984	-0.424219
7.115	0.702971	6.05028	0.814991	0.721239	-0.423109
7.12	0.699529	6.05391	0.811385	0.723501	-0.421984
7.125	0.696073	6.05752	0.807767	0.725771	-0.420845
7.13	0.692605	6.06112	0.804138	0.728049	-0.419691
7.135	0.689123	6.06471	0.800498	0.730335	-0.418522
7.14	0.685628	6.06829	0.796846	0.732629	-0.417338
7.145	0.68212	6.07185	0.793183	0.734931	-0.416139
7.15	0.678599	6.0754	0.789509	0.737241	-0.414926
7.155	0.675065	6.07894	0.785822	0.73956	-0.413697
7.16	0.671518	6.08246	0.782125	0.741887	-0.412454
7.165	0.667958	6.08597	0.778415	0.744223	-0.411196
7.17	0.664385	6.08947	0.774694	0.746567	-0.409922
7.175	0.660798	6.09295	0.770961	0.74892	-0.408634
7.18	0.657199	6.09642	0.767217	0.751282	-0.407331
7.185	0.653587	6.09988	0.76346	0.753653	-0.406012
7.19	0.649962	6.10333	0.759692	0.756033	-0.404679
7.195	0.646323	6.10675	0.755912	0.758423	-0.40333
7.2	0.642672	6.11017	0.75212	0.760821	-0.401966
7.205	0.639008	6.11357	0.748316	0.76323	-0.400587
7.21	0.635331	6.11696	0.744499	0.765647	-0.399192
7.215	0.631641	6.12033	0.740671	0.768075	-0.397783
7.22	0.627938	6.12369	0.736831	0.770512	-0.396358
7.225	0.624222	6.12704	0.732978	0.77296	-0.394918
7.23	0.620493	6.13037	0.729113	0.775418	-0.393462
7.235	0.616751	6.13369	0.725236	0.777886	-0.391991
7.24	0.612997	6.13699	0.721347	0.780364	-0.390504
7.245	0.609229	6.14028	0.717445	0.782853	-0.389003
7.25	0.605449	6.14355	0.713531	0.785353	-0.387485
7.255	0.601656	6.14681	0.709604	0.787864	-0.385953
7.26	0.59785	6.15005	0.705665	0.790386	-0.384404
7.265	0.594031	6.15328	0.701713	0.792919	-0.38284
7.27	0.5902	6.15649	0.697748	0.795463	-0.381261
7.275	0.586356	6.15969	0.693771	0.798019	-0.379666
7.28	0.582499	6.16287	0.689781	0.800587	-0.378055
7.285	0.578629	6.16604	0.685778	0.803167	-0.376429
7.29	0.574747	6.16919	0.681762	0.805759	-0.374787
7.295	0.570852	6.17232	0.677733	0.808364	-0.373129
7.3	0.566944	6.17544	0.673691	0.810981	-0.371456
7.305	0.563024	6.17854	0.669637	0.81361	-0.369767
7.31	0.559091	6.18163	0.665569	0.816253	-0.368062
7.315	0.555146	6.1847	0.661487	0.818909	-0.366341
7.32	0.551188	6.18776	0.657393	0.821578	-0.364605
7.325	0.547217	6.1908	0.653285	0.824261	-0.362852
7.33	0.543234	6.19382	0.649164	0.826958	-0.361084
7.335	0.539239	6.19683	0.645029	0.829669	-0.3593
7.34	0.535231	6.19982	0.64088	0.832394	-0.3575
7.345	0.531211	6.20279	0.636718	0.835134	-0.355684
7.35	0.527178	6.20574	0.632543	0.837889	-0.353852
7.355	0.523133	6.20868	0.628353	0.840659	-0.352004
7.36	0.519076	6.21161	0.62415	0.843445	-0.35014
7.365	0.515006	6.21451	0.619933	0.846246	-0.34826
7.37	0.510925	6.2174	0.615702	0.849063	-0.346364
7.375	0.506831	6.22027	0.611456	0.851896	-0.344451
7.38	0.502724	6.22312	0.607197	0.854746	-0.342523
7.385	0.498606	6.22596	0.602923	0.857613	-0.340578
7.39	0.494475	6.22877	0.598635	0.860498	-0.338618
7.395	0.490333	6.23157	0.594332	0.863399	-0.336641
7.4	0.486178	6.23436	0.590015	0.866319	-0.334648
7.405	0.482011	6.23712	0.585684	0.869257	-0.332638
7.41	0.477833	6.23987	0.581338	0.872214	-0.330613
7.415	0.473642	6.24259	0.576977	0.87519	-0.328571
7.42	0.46944	6.2453	0.572601	0.878186	-0.326512
7.425	0.465225	6.24799	0.56821	0.881201	-0.324438
7.43	0.460999	6.25066	0.563804	0.884236	-0.322347
7.435	0.456761	6.25332	0.559382	0.887293	-0.320239
7.44	0.452512	6.25595	0.554946	0.89037	-0.318115
7.445	0.44825	6.25857	0.550494	0.893469	-0.315975
7.45	0.443977	6.26116	0.546027	0.89659	-0.313818
7.455	0.439693	6.26374	0.541544	0.899734	-0.311645
7.46	0.435397	6.2663	0.537045	0.902901	-0.309455
7.465	0.431089	6.26884	0.532531	0.906092	-0.307249
7.47	0.42677	6.27136	0.528	0.909307	-0.305025
7.475	0.422439	6.27386	0.523454	0.912546	-0.302786
7.48	0.418098	6.27634	0.518891	0.915811	-0.300529
7.485	0.413744	6.2788	0.514312	0.919102	-0.298256
7.49	0.40938	6.28124	0.509716	0.92242	-0.295966
7.495	0.405004	6.28365	0.505104	0.925765	-0.29366
7.5	0.400618	6.28605	0.500475	0.929138	-0.291336
7.505	0.39622	6.28843	0.49583	0.932539	-0.288996
7.51	0.391811	6.29079	0.491167	0.93597	-0.286639
7.515	0.387391	6.29313	0.486487	0.939431	-0.284264
7.52	0.38296	6.29545	0.48179	0.942923	-0.281873
7.525	0.378518	6.29774	0.477075	0.946447	-0.279465
7.53	0.374066	6.30002	0.472343	0.950003	-0.27704
7.535	0.369603	6.30227	0.467593	0.953593	-0.274598
7.54	0.365129	6.3045	0.462825	0.957217	-0.272139
7.545	0.360644	6.30671	0.458039	0.960876	-0.269662
7.55	0.356149	6.3089	0.453235	0.964572	-0.267168
7.555	0.351643	6.31107	0.448412	0.968306	-0.264657
7.56	0.347127	6.31322	0.44357	0.972077	-0.262129
7.565	0.342601	6.31534	0.43871	0.975889	-0.259583
7.57	0.338064	6.31744	0.433831	0.979741	-0.25702
7.575	0.333517	6.31952	0.428932	0.983636	-0.254439
7.58	0.328959	6.32158	0.424014	0.987573	-0.251841
7.585	0.324392	6.32361	0.419076	0.991556	-0.249225
7.59	0.319815	6.32563	0.414118	0.995585	-0.246592
7.595	0.315227	6.32761	0.40914	0.999661	-0.243941
7.6	0.31063	6.32958	0.404142	1.00379	-0.241272
7.605	0.306023	6.33152	0.399123	1.00796	-0.238585
7.61	0.301407	6.33344	0.394083	1.01219	-0.23588
7.615	0.29678	6.33534	0.389022	1.01647	-0.233157
7.62	0.292144	6.33721	0.38394	1.02081	-0.230416
7.625	0.287499	6.33906	0.378836	1.02521	-0.227657
7.63	0.282844	6.34089	0.37371	1.02967	-0.224879
7.635	0.27818	6.34269	0.368561	1.03419	-0.222083
7.64	0.273506	6.34447	0.36339	1.03878	-0.219269
7.645	0.268823	6.34622	0.358196	1.04343	-0.216436
7.65	0.264132	6.34795	0.352979	1.04815	-0.213584
7.655	0.259431	6.34965	0.347738	1.05295	-0.210714
7.66	0.254721	6.35133	0.342474	1.05782	-0.207825
7.665	0.250003	6.35298	0.337185	1.06277	-0.204916
7.67	0.245276	6.35461	0.331871	1.0678	-0.201989
7.675	0.24054	6.35622	0.326532	1.07292	-0.199042
7.68	0.235796	6.3578	0.321167	1.07813	-0.196076
7.685	0.231043	6.35935	0.315776	1.08343	-0.19309
7.69	0.226282	6.36088	0.310359	1.08883	-0.190085
7.695	0.221512	6.36238	0.304915	1.09433	-0.187059
7.7	0.216735	6.36385	0.299443	1.09994	-0.184014
7.705	0.211949	6.3653	0.293944	1.10566	-0.180948
7.71	0.207156	6.36672	0.288415	1.1115	-0.177862
7.715	0.202354	6.36812	0.282858	1.11746	-0.174755
7.72	0.197545	6.36949	0.277271	1.12356	-0.171628
7.725	0.192729	6.37083	0.271653	1.12979	-0.16848
7.73	0.187905	6.37214	0.266004	1.13616	-0.16531
7.735	0.183073	6.37343	0.260323	1.14269	-0.162119
7.74	0.178234	6.37469	0.25461	1.14938	-0.158906
7.745	0.173388	6.37592	0.248863	1.15625	-0.155672
7.75	0.168535	6.37712	0.243082	1.1633	-0.152415
7.755	0.163675	6.3783	0.237265	1.17054	-0.149136
7.76	0.158809	6.37945	0.231412	1.17799	-0.145834
7.765	0.153935	6.38056	0.225522	1.18566	-0.142509
7.77	0.149055	6.38165	0.219594	1.19357	-0.139161
7.775	0.144169	6.38271	0.213626	1.20173	-0.135789
7.78	0.139276	6.38374	0.207618	1.21017	-0.132394
7.785	0.134378	6.38474	0.201567	1.21891	-0.128975
7.79	0.129473	6.38572	0.195472	1.22797	-0.125531
7.795	0.124562	6.38666	0.189332	1.23737	-0.122062
7.8	0.119646	6.38757	0.183146	1.24716	-0.118569
7.805	0.114724	6.38845	0.17691	1.25737	-0.11505
7.81	0.109796	6.3893	0.170623	1.26803	-0.111506
7.815	0.104864	6.39011	0.164283	1.2792	-0.107937
7.82	0.099926	6.3909	0.157887	1.29093	-0.104342
7.825	0.0949832	6.39165	0.151432	1.3033	-0.100722
7.83	0.0900356	6.39238	0.144916	1.31637	-0.0970767
7.835	0.0850833	6.39307	0.138334	1.33025	-0.0934072
7.84	0.0801266	6.39372	0.131682	1.34505	-0.0897141
7.845	0.0751656	6.39435	0.124957	1.36092	-0.085999
7.85	0.0702005	6.39493	0.118153	1.37803	-0.082264
7.855	0.0652314	6.39549	0.111262	1.39662	-0.0785125
7.86	0.0602586	6.39601	0.104279	1.41699	-0.0747495
7.865	0.0552822	6.3965	0.0971944	1.43956	-0.0709822
7.87	0.0503024	6.39694	0.0899966	1.46487	-0.0672218
7.875	0.0453195	6.39736	0.0826722	1.49375	-0.0634855
7.88	0.0403336	6.39773	0.0752035	1.52739	-0.0598004
7.885	0.035345	6.39807	0.0675665	1.56771	-0.0562111
7.89	0.0303539	6.39837	0.059728	1.61792	-0.0527941
7.895	0.0253606	6.39863	0.0516384	1.68391	-0.0496902
7.9	0.0203653	6.39884	0.0432188	1.77783	-0.047183
7.905	0.0153682	6.39902	0.0343297	1.92886	-0.0459271
7.91	0.0103697	6.39914	0.0246854	2.22594	-0.0478143
7.915	0.00537019	6.39921	0.0135557	3.07342	-0.0614106
7.92	0.000370195	6.3992	-0.00181138	8.98011	-0.245172
