descriptor s_test R_test Z_test
0	1.67618	9.99999e-006	0.002	-0.401959	-0.00161625
0.005	1.67118	3.00489e-005	0.0040098	-0.403922	-0.00324876
0.01	1.66618	6.01958e-005	0.00602941	-0.405887	-0.00489756
0.015	1.66118	0.00010049	0.00805884	-0.407855	-0.00656264
0.02	1.65618	0.000150979	0.0100981	-0.409826	-0.00824403
0.025	1.65118	0.000211714	0.0121472	-0.411799	-0.00994173
0.03	1.64618	0.000282743	0.0142062	-0.413776	-0.0116558
0.035	1.64118	0.000364115	0.0162751	-0.415757	-0.0133861
0.04	1.63618	0.000455879	0.0183539	-0.41774	-0.0151329
0.045	1.63118	0.000558085	0.0204426	-0.419727	-0.016896
0.05	1.62619	0.000670782	0.0225412	-0.421717	-0.0186755
0.055	1.62119	0.000794018	0.0246498	-0.423711	-0.0204713
0.06	1.61619	0.000927844	0.0267684	-0.425708	-0.0222836
0.065	1.61119	0.00107231	0.0288969	-0.427709	-0.0241123
0.07	1.60619	0.00122746	0.0310355	-0.429714	-0.0259575
0.075	1.6012	0.00139335	0.033184	-0.431722	-0.027819
0.08	1.5962	0.00157003	0.0353426	-0.433735	-0.029697
0.085	1.5912	0.00175754	0.0375113	-0.435751	-0.0315915
0.09	1.58621	0.00195594	0.0396901	-0.437772	-0.0335024
0.095	1.58121	0.00216527	0.0418789	-0.439796	-0.0354299
0.1	1.57622	0.00238559	0.0440779	-0.441825	-0.0373738
0.105	1.57122	0.00261694	0.046287	-0.443859	-0.0393342
0.11	1.56623	0.00285938	0.0485063	-0.445896	-0.0413111
0.115	1.56123	0.00311295	0.0507358	-0.447939	-0.0433046
0.12	1.55624	0.0033777	0.0529755	-0.449986	-0.0453146
0.125	1.55125	0.00365369	0.0552254	-0.452037	-0.0473411
0.13	1.54626	0.00394096	0.0574856	-0.454094	-0.0493842
0.135	1.54127	0.00423956	0.0597561	-0.456155	-0.0514438
0.14	1.53627	0.00454955	0.0620369	-0.458221	-0.05352
0.145	1.53129	0.00487097	0.064328	-0.460293	-0.0556128
0.15	1.5263	0.00520387	0.0666294	-0.462369	-0.0577221
0.155	1.52131	0.0055483	0.0689413	-0.464451	-0.0598481
0.16	1.51632	0.00590432	0.0712635	-0.466539	-0.0619906
0.165	1.51133	0.00627196	0.0735962	-0.468632	-0.0641498
0.17	1.50635	0.0066513	0.0759394	-0.47073	-0.0663256
0.175	1.50136	0.00704236	0.078293	-0.472834	-0.068518
0.18	1.49638	0.00744521	0.0806572	-0.474944	-0.070727
0.185	1.4914	0.00785989	0.0830319	-0.47706	-0.0729527
0.19	1.48642	0.00828646	0.0854172	-0.479182	-0.075195
0.195	1.48143	0.00872496	0.0878131	-0.48131	-0.077454
0.2	1.47646	0.00917545	0.0902197	-0.483444	-0.0797296
0.205	1.47148	0.00963797	0.0926369	-0.485585	-0.0820219
0.21	1.4665	0.0101126	0.0950648	-0.487732	-0.0843308
0.215	1.46152	0.0105993	0.0975035	-0.489886	-0.0866564
0.22	1.45655	0.0110983	0.0999529	-0.492046	-0.0889988
0.225	1.45157	0.0116094	0.102413	-0.494213	-0.0913578
0.23	1.4466	0.0121329	0.104884	-0.496387	-0.0937335
0.235	1.44163	0.0126687	0.107366	-0.498569	-0.0961258
0.24	1.43666	0.0132169	0.109859	-0.500757	-0.0985349
0.245	1.43169	0.0137775	0.112363	-0.502953	-0.100961
0.25	1.42673	0.0143506	0.114878	-0.505156	-0.103403
0.255	1.42176	0.0149363	0.117403	-0.507366	-0.105862
0.26	1.4168	0.0155346	0.11994	-0.509584	-0.108338
0.265	1.41183	0.0161455	0.122488	-0.51181	-0.110831
0.27	1.40687	0.0167691	0.125047	-0.514044	-0.11334
0.275	1.40191	0.0174054	0.127617	-0.516286	-0.115867
0.28	1.39695	0.0180546	0.130199	-0.518536	-0.118409
0.285	1.392	0.0187166	0.132791	-0.520795	-0.120969
0.29	1.38704	0.0193915	0.135395	-0.523062	-0.123545
0.295	1.38209	0.0200794	0.138011	-0.525337	-0.126138
0.3	1.37714	0.0207803	0.140637	-0.527621	-0.128748
0.305	1.37219	0.0214942	0.143276	-0.529914	-0.131375
0.31	1.36725	0.0222212	0.145925	-0.532216	-0.134018
0.315	1.3623	0.0229614	0.148586	-0.534528	-0.136678
0.32	1.35736	0.0237148	0.151259	-0.536848	-0.139355
0.325	1.35242	0.0244815	0.153943	-0.539178	-0.142049
0.33	1.34748	0.0252615	0.156639	-0.541517	-0.144759
0.335	1.34254	0.0260549	0.159347	-0.543866	-0.147486
0.34	1.33761	0.0268617	0.162066	-0.546225	-0.15023
0.345	1.33268	0.0276819	0.164797	-0.548594	-0.15299
0.35	1.32775	0.0285157	0.16754	-0.550973	-0.155768
0.355	1.32282	0.0293631	0.170295	-0.553363	-0.158562
0.36	1.31789	0.0302241	0.173062	-0.555763	-0.161373
0.365	1.31297	0.0310988	0.17584	-0.558174	-0.1642
0.37	1.30805	0.0319872	0.178631	-0.560595	-0.167044
0.375	1.30313	0.0328894	0.181434	-0.563027	-0.169905
0.38	1.29822	0.0338054	0.184249	-0.565471	-0.172783
0.385	1.2933	0.0347353	0.187077	-0.567926	-0.175678
0.39	1.28839	0.0356792	0.189916	-0.570392	-0.178589
0.395	1.28349	0.0366371	0.192768	-0.57287	-0.181517
0.4	1.27858	0.0376091	0.195633	-0.57536	-0.184462
0.405	1.27368	0.0385951	0.19851	-0.577861	-0.187423
0.41	1.26878	0.0395953	0.201399	-0.580375	-0.190401
0.415	1.26388	0.0406097	0.204301	-0.582901	-0.193396
0.42	1.25899	0.0416384	0.207215	-0.58544	-0.196408
0.425	1.2541	0.0426814	0.210142	-0.587991	-0.199436
0.43	1.24921	0.0437387	0.213082	-0.590555	-0.202481
0.435	1.24433	0.0448105	0.216035	-0.593133	-0.205542
0.44	1.23945	0.0458968	0.219001	-0.595723	-0.208621
0.445	1.23457	0.0469976	0.221979	-0.598327	-0.211716
0.45	1.2297	0.048113	0.224971	-0.600945	-0.214827
0.455	1.22483	0.049243	0.227976	-0.603576	-0.217956
0.46	1.21996	0.0503878	0.230994	-0.606221	-0.221101
0.465	1.2151	0.0515472	0.234025	-0.608881	-0.224262
0.47	1.21024	0.0527215	0.237069	-0.611555	-0.22744
0.475	1.20538	0.0539106	0.240127	-0.614243	-0.230635
0.48	1.20053	0.0551147	0.243198	-0.616947	-0.233846
0.485	1.19568	0.0563337	0.246283	-0.619665	-0.237074
0.49	1.19083	0.0575677	0.249381	-0.622399	-0.240319
0.495	1.18599	0.0588168	0.252493	-0.625148	-0.24358
0.5	1.18115	0.060081	0.255619	-0.627912	-0.246857
0.505	1.17632	0.0613604	0.258759	-0.630693	-0.250151
0.51	1.17149	0.0626551	0.261912	-0.63349	-0.253462
0.515	1.16667	0.063965	0.265079	-0.636303	-0.256789
0.52	1.16184	0.0652903	0.268261	-0.639132	-0.260132
0.525	1.15703	0.0666309	0.271457	-0.641978	-0.263492
0.53	1.15221	0.0679871	0.274667	-0.644841	-0.266869
0.535	1.14741	0.0693587	0.277891	-0.647722	-0.270262
0.54	1.1426	0.0707459	0.281129	-0.650619	-0.273671
0.545	1.1378	0.0721487	0.284382	-0.653535	-0.277096
0.55	1.13301	0.0735672	0.28765	-0.656468	-0.280538
0.555	1.12822	0.0750015	0.290932	-0.65942	-0.283996
0.56	1.12343	0.0764515	0.29423	-0.662389	-0.287471
0.565	1.11865	0.0779173	0.297541	-0.665378	-0.290962
0.57	1.11388	0.0793991	0.300868	-0.668385	-0.294469
0.575	1.10911	0.0808968	0.30421	-0.671411	-0.297992
0.58	1.10434	0.0824105	0.307567	-0.674457	-0.301531
0.585	1.09958	0.0839403	0.31094	-0.677522	-0.305086
0.59	1.09483	0.0854861	0.314327	-0.680607	-0.308658
0.595	1.09008	0.0870482	0.31773	-0.683713	-0.312246
0.6	1.08533	0.0886265	0.321149	-0.686838	-0.315849
0.605	1.08059	0.090221	0.324583	-0.689984	-0.319469
0.61	1.07586	0.091832	0.328033	-0.693151	-0.323104
0.615	1.07113	0.0934593	0.331499	-0.696339	-0.326756
0.62	1.06641	0.095103	0.33498	-0.699549	-0.330423
0.625	1.06169	0.0967633	0.338478	-0.70278	-0.334106
0.63	1.05698	0.0984401	0.341992	-0.706033	-0.337805
0.635	1.05228	0.100134	0.345522	-0.709309	-0.34152
0.64	1.04758	0.101844	0.349069	-0.712607	-0.345251
0.645	1.04289	0.10357	0.352632	-0.715927	-0.348997
0.65	1.0382	0.105314	0.356211	-0.719271	-0.352758
0.655	1.03352	0.107075	0.359808	-0.722638	-0.356535
0.66	1.02885	0.108852	0.363421	-0.726029	-0.360328
0.665	1.02418	0.110646	0.367051	-0.729443	-0.364136
0.67	1.01952	0.112458	0.370698	-0.732882	-0.367959
0.675	1.01487	0.114286	0.374363	-0.736345	-0.371798
0.68	1.01022	0.116132	0.378044	-0.739832	-0.375652
0.685	1.00558	0.117994	0.381744	-0.743345	-0.379521
0.69	1.00095	0.119874	0.38546	-0.746883	-0.383405
0.695	0.996322	0.121771	0.389195	-0.750447	-0.387304
0.7	0.991703	0.123686	0.392947	-0.754036	-0.391218
0.705	0.987092	0.125618	0.396717	-0.757652	-0.395147
0.71	0.982487	0.127567	0.400505	-0.761294	-0.39909
0.715	0.977891	0.129534	0.404312	-0.764963	-0.403048
0.72	0.973301	0.131519	0.408137	-0.76866	-0.407021
0.725	0.96872	0.133521	0.41198	-0.772383	-0.411009
0.73	0.964146	0.135541	0.415842	-0.776134	-0.415011
0.735	0.95958	0.137578	0.419723	-0.779913	-0.419027
0.74	0.955022	0.139634	0.423622	-0.783721	-0.423057
0.745	0.950472	0.141707	0.427541	-0.787556	-0.427101
0.75	0.94593	0.143798	0.431479	-0.791421	-0.43116
0.755	0.941397	0.145907	0.435436	-0.795315	-0.435232
0.76	0.936872	0.148034	0.439412	-0.799238	-0.439318
0.765	0.932355	0.150179	0.443408	-0.803192	-0.443418
0.77	0.927847	0.152342	0.447424	-0.807175	-0.447531
0.775	0.923348	0.154524	0.45146	-0.811188	-0.451658
0.78	0.918858	0.156723	0.455516	-0.815233	-0.455798
0.785	0.914377	0.158941	0.459592	-0.819308	-0.459951
0.79	0.909905	0.161177	0.463689	-0.823414	-0.464117
0.795	0.905442	0.163432	0.467806	-0.827552	-0.468296
0.8	0.900989	0.165705	0.471944	-0.831722	-0.472488
0.805	0.896545	0.167997	0.476102	-0.835923	-0.476692
0.81	0.89211	0.170307	0.480282	-0.840158	-0.480909
0.815	0.887686	0.172636	0.484483	-0.844424	-0.485138
0.82	0.883271	0.174983	0.488705	-0.848724	-0.489379
0.825	0.878866	0.177349	0.492949	-0.853057	-0.493631
0.83	0.874472	0.179734	0.497214	-0.857424	-0.497896
0.835	0.870087	0.182138	0.501501	-0.861824	-0.502172
0.84	0.865714	0.18456	0.50581	-0.866259	-0.506459
0.845	0.86135	0.187002	0.510141	-0.870727	-0.510757
0.85	0.856997	0.189462	0.514495	-0.875231	-0.515066
0.855	0.852656	0.191942	0.518871	-0.879769	-0.519386
0.86	0.848325	0.19444	0.52327	-0.884342	-0.523717
0.865	0.844005	0.196958	0.527692	-0.88895	-0.528057
0.87	0.839696	0.199495	0.532136	-0.893594	-0.532408
0.875	0.835399	0.202051	0.536604	-0.898274	-0.536768
0.88	0.831113	0.204626	0.541096	-0.90299	-0.541138
0.885	0.826839	0.207221	0.545611	-0.907741	-0.545517
0.89	0.822577	0.209835	0.550149	-0.91253	-0.549905
0.895	0.818327	0.212469	0.554712	-0.917354	-0.554302
0.9	0.814088	0.215122	0.559299	-0.922216	-0.558707
0.905	0.809863	0.217794	0.56391	-0.927114	-0.56312
0.91	0.805649	0.220486	0.568545	-0.93205	-0.567541
0.915	0.801448	0.223198	0.573206	-0.937023	-0.57197
0.92	0.79726	0.225929	0.577891	-0.942033	-0.576405
0.925	0.793085	0.22868	0.582601	-0.947081	-0.580848
0.93	0.788923	0.231451	0.587336	-0.952166	-0.585297
0.935	0.784774	0.234241	0.592097	-0.957289	-0.589752
0.94	0.780639	0.237052	0.596884	-0.96245	-0.594213
0.945	0.776517	0.239882	0.601696	-0.967649	-0.59868
0.95	0.772409	0.242732	0.606534	-0.972886	-0.603151
0.955	0.768314	0.245602	0.611399	-0.97816	-0.607627
0.96	0.764234	0.248492	0.616289	-0.983473	-0.612107
0.965	0.760168	0.251402	0.621207	-0.988824	-0.616592
0.97	0.756117	0.254332	0.626151	-0.994212	-0.621079
0.975	0.75208	0.257283	0.631122	-0.999639	-0.625569
0.98	0.748058	0.260253	0.63612	-1.0051	-0.630062
0.985	0.744051	0.263244	0.641146	-1.01061	-0.634557
0.99	0.740059	0.266254	0.646199	-1.01614	-0.639054
0.995	0.736083	0.269285	0.651279	-1.02172	-0.643551
1	0.732122	0.272337	0.656388	-1.02734	-0.648049
1.005	0.728176	0.275408	0.661525	-1.03299	-0.652547
1.01	0.724247	0.2785	0.66669	-1.03868	-0.657044
1.015	0.720334	0.281613	0.671883	-1.0444	-0.66154
1.02	0.716437	0.284745	0.677105	-1.05017	-0.666034
1.025	0.712556	0.287898	0.682356	-1.05596	-0.670526
1.03	0.708693	0.291072	0.687636	-1.0618	-0.675016
1.035	0.704846	0.294266	0.692945	-1.06767	-0.679501
1.04	0.701016	0.29748	0.698283	-1.07357	-0.683983
1.045	0.697204	0.300715	0.703651	-1.07951	-0.688459
1.05	0.693409	0.303971	0.709048	-1.08548	-0.692931
1.055	0.689631	0.307247	0.714476	-1.09149	-0.697396
1.06	0.685872	0.310544	0.719933	-1.09753	-0.701854
1.065	0.682131	0.313861	0.725421	-1.1036	-0.706304
1.07	0.678408	0.317199	0.730939	-1.10971	-0.710746
1.075	0.674704	0.320557	0.736488	-1.11584	-0.715179
1.08	0.671019	0.323936	0.742067	-1.12201	-0.719602
1.085	0.667353	0.327336	0.747677	-1.1282	-0.724014
1.09	0.663705	0.330756	0.753318	-1.13442	-0.728415
1.095	0.660078	0.334197	0.75899	-1.14068	-0.732803
1.1	0.65647	0.337659	0.764693	-1.14695	-0.737178
1.105	0.652882	0.341141	0.770428	-1.15326	-0.741539
1.11	0.649314	0.344644	0.776194	-1.15959	-0.745885
1.115	0.645766	0.348167	0.781992	-1.16594	-0.750214
1.12	0.642239	0.351712	0.787822	-1.17232	-0.754527
1.125	0.638733	0.355276	0.793684	-1.17871	-0.758822
1.13	0.635248	0.358862	0.799577	-1.18513	-0.763098
1.135	0.631784	0.362467	0.805503	-1.19156	-0.767354
1.14	0.628342	0.366094	0.811461	-1.19802	-0.771589
1.145	0.624922	0.369741	0.817451	-1.20448	-0.775801
1.15	0.621523	0.373409	0.823473	-1.21097	-0.779991
1.155	0.618147	0.377097	0.829528	-1.21746	-0.784157
1.16	0.614794	0.380805	0.835615	-1.22397	-0.788297
1.165	0.611463	0.384534	0.841735	-1.23048	-0.79241
1.17	0.608155	0.388284	0.847887	-1.237	-0.796496
1.175	0.60487	0.392053	0.854072	-1.24353	-0.800553
1.18	0.601609	0.395844	0.86029	-1.25006	-0.804579
1.185	0.598372	0.399654	0.86654	-1.25659	-0.808574
1.19	0.595159	0.403485	0.872823	-1.26312	-0.812537
1.195	0.59197	0.407336	0.879139	-1.26964	-0.816465
1.2	0.588805	0.411207	0.885487	-1.27616	-0.820359
1.205	0.585665	0.415098	0.891868	-1.28268	-0.824215
1.21	0.58255	0.419009	0.898281	-1.28918	-0.828034
1.215	0.579461	0.422941	0.904727	-1.29567	-0.831813
1.22	0.576397	0.426892	0.911205	-1.30214	-0.835552
1.225	0.573359	0.430863	0.917716	-1.30859	-0.839248
1.23	0.570347	0.434854	0.924259	-1.31502	-0.8429
1.235	0.567361	0.438864	0.930834	-1.32143	-0.846507
1.24	0.564402	0.442895	0.937441	-1.32781	-0.850068
1.245	0.561469	0.446944	0.94408	-1.33416	-0.853581
1.25	0.558564	0.451014	0.950751	-1.34047	-0.857043
1.255	0.555686	0.455102	0.957454	-1.34675	-0.860455
1.26	0.552835	0.45921	0.964187	-1.35298	-0.863814
1.265	0.550013	0.463337	0.970952	-1.35917	-0.867118
1.27	0.547218	0.467484	0.977748	-1.36532	-0.870367
1.275	0.544452	0.471649	0.984575	-1.37141	-0.873557
1.28	0.541715	0.475833	0.991432	-1.37744	-0.876689
1.285	0.539006	0.480036	0.998319	-1.38342	-0.879759
1.29	0.536327	0.484257	1.00524	-1.38933	-0.882768
1.295	0.533677	0.488497	1.01218	-1.39518	-0.885711
1.3	0.531056	0.492755	1.01916	-1.40095	-0.888589
1.305	0.528466	0.497032	1.02616	-1.40665	-0.8914
1.31	0.525905	0.501327	1.0332	-1.41227	-0.894141
1.315	0.523375	0.505639	1.04026	-1.4178	-0.896811
1.32	0.520876	0.50997	1.04735	-1.42324	-0.899409
1.325	0.518407	0.514318	1.05446	-1.4286	-0.901932
1.33	0.51597	0.518684	1.06161	-1.43385	-0.904379
1.335	0.513564	0.523067	1.06878	-1.439	-0.906749
1.34	0.51119	0.527467	1.07597	-1.44404	-0.909039
1.345	0.508847	0.531884	1.08319	-1.44897	-0.911247
1.35	0.506537	0.536318	1.09044	-1.45379	-0.913373
1.355	0.504258	0.540769	1.0977	-1.45848	-0.915415
1.36	0.502013	0.545237	1.105	-1.46304	-0.91737
1.365	0.4998	0.54972	1.11231	-1.46748	-0.919237
1.37	0.49762	0.55422	1.11965	-1.47178	-0.921015
1.375	0.495473	0.558736	1.12701	-1.47593	-0.922702
1.38	0.49336	0.563267	1.13439	-1.47994	-0.924296
1.385	0.49128	0.567814	1.14179	-1.4838	-0.925795
1.39	0.489234	0.572376	1.14921	-1.48751	-0.927199
1.395	0.487222	0.576953	1.15664	-1.49105	-0.928505
1.4	0.485244	0.581545	1.1641	-1.49442	-0.929713
1.405	0.4833	0.586152	1.17157	-1.49763	-0.93082
1.41	0.481391	0.590773	1.17906	-1.50066	-0.931825
1.415	0.479517	0.595409	1.18656	-1.5035	-0.932726
1.42	0.477678	0.600058	1.19408	-1.50616	-0.933524
1.425	0.475873	0.604721	1.20161	-1.50864	-0.934215
1.43	0.474104	0.609398	1.20915	-1.51091	-0.934799
1.435	0.472371	0.614088	1.21671	-1.51299	-0.935274
1.44	0.470673	0.618791	1.22427	-1.51486	-0.93564
1.445	0.46901	0.623506	1.23185	-1.51652	-0.935895
1.45	0.467383	0.628234	1.23943	-1.51798	-0.936038
1.455	0.465793	0.632974	1.24702	-1.51921	-0.936068
1.46	0.464238	0.637726	1.25462	-1.52022	-0.935984
1.465	0.462719	0.64249	1.26222	-1.52101	-0.935786
1.47	0.461237	0.647266	1.26982	-1.52157	-0.935472
1.475	0.459791	0.652052	1.27743	-1.52189	-0.935041
1.48	0.458382	0.656849	1.28504	-1.52198	-0.934493
1.485	0.457009	0.661657	1.29265	-1.52183	-0.933827
1.49	0.455673	0.666475	1.30026	-1.52144	-0.933043
1.495	0.454373	0.671303	1.30787	-1.5208	-0.93214
1.5	0.45311	0.676141	1.31547	-1.51991	-0.931117
1.505	0.451884	0.680989	1.32307	-1.51877	-0.929975
1.51	0.450695	0.685845	1.33066	-1.51738	-0.928712
1.515	0.449543	0.690711	1.33825	-1.51573	-0.92733
1.52	0.448428	0.695585	1.34583	-1.51382	-0.925827
1.525	0.447349	0.700467	1.3534	-1.51165	-0.924204
1.53	0.446308	0.705357	1.36096	-1.50923	-0.92246
1.535	0.445303	0.710255	1.3685	-1.50654	-0.920596
1.54	0.444335	0.715161	1.37604	-1.50358	-0.918612
1.545	0.443405	0.720073	1.38355	-1.50037	-0.916508
1.55	0.442511	0.724993	1.39106	-1.49688	-0.914285
1.555	0.441654	0.729919	1.39854	-1.49314	-0.911943
1.56	0.440833	0.734851	1.40601	-1.48913	-0.909482
1.565	0.44005	0.739789	1.41345	-1.48485	-0.906904
1.57	0.439303	0.744733	1.42088	-1.48031	-0.904208
1.575	0.438593	0.749682	1.42828	-1.4755	-0.901396
1.58	0.437919	0.754637	1.43565	-1.47044	-0.898469
1.585	0.437282	0.759596	1.44301	-1.46511	-0.895427
1.59	0.436681	0.76456	1.45033	-1.45952	-0.892271
1.595	0.436117	0.769528	1.45763	-1.45367	-0.889003
1.6	0.435588	0.7745	1.4649	-1.44757	-0.885624
1.605	0.435096	0.779476	1.47214	-1.44122	-0.882134
1.61	0.434639	0.784455	1.47934	-1.43461	-0.878536
1.615	0.434218	0.789437	1.48651	-1.42776	-0.874831
1.62	0.433833	0.794422	1.49365	-1.42066	-0.871019
1.625	0.433483	0.79941	1.50076	-1.41332	-0.867104
1.63	0.433168	0.8044	1.50782	-1.40574	-0.863085
1.635	0.432889	0.809392	1.51485	-1.39792	-0.858966
1.64	0.432644	0.814386	1.52184	-1.38988	-0.854747
1.645	0.432434	0.819382	1.52879	-1.3816	-0.85043
1.65	0.432259	0.824379	1.5357	-1.37311	-0.846018
1.655	0.432117	0.829377	1.54256	-1.3644	-0.841511
1.66	0.43201	0.834375	1.54939	-1.35547	-0.836913
1.665	0.431937	0.839375	1.55616	-1.34634	-0.832225
1.67	0.431898	0.844375	1.5629	-1.337	-0.827449
1.675	0.431892	0.849375	1.56958	-1.32747	-0.822587
1.68	0.431919	0.854375	1.57622	-1.31775	-0.817641
1.685	0.431979	0.859374	1.58281	-1.30783	-0.812613
1.69	0.432072	0.864373	1.58935	-1.29774	-0.807506
1.695	0.432197	0.869372	1.59583	-1.28747	-0.802322
1.7	0.432354	0.874369	1.60227	-1.27703	-0.797062
1.705	0.432543	0.879366	1.60866	-1.26643	-0.79173
1.71	0.432764	0.884361	1.61499	-1.25567	-0.786327
1.715	0.433016	0.889355	1.62127	-1.24475	-0.780856
1.72	0.4333	0.894347	1.62749	-1.2337	-0.775319
1.725	0.433614	0.899337	1.63366	-1.2225	-0.769718
1.73	0.433959	0.904325	1.63977	-1.21117	-0.764056
1.735	0.434333	0.909311	1.64583	-1.19971	-0.758335
1.74	0.434738	0.914294	1.65183	-1.18814	-0.752557
1.745	0.435172	0.919275	1.65777	-1.17644	-0.746725
1.75	0.435636	0.924254	1.66365	-1.16465	-0.74084
1.755	0.436129	0.92923	1.66947	-1.15275	-0.734906
1.76	0.43665	0.934202	1.67524	-1.14075	-0.728925
1.765	0.437199	0.939172	1.68094	-1.12867	-0.722898
1.77	0.437777	0.944139	1.68658	-1.1165	-0.716829
1.775	0.438382	0.949102	1.69217	-1.10426	-0.710719
1.78	0.439015	0.954062	1.69769	-1.09195	-0.70457
1.785	0.439675	0.959018	1.70315	-1.07957	-0.698386
1.79	0.440362	0.96397	1.70855	-1.06714	-0.692167
1.795	0.441075	0.968919	1.71388	-1.05465	-0.685917
1.8	0.441814	0.973864	1.71915	-1.04212	-0.679637
1.805	0.442578	0.978806	1.72436	-1.02955	-0.67333
1.81	0.443369	0.983743	1.72951	-1.01694	-0.666998
1.815	0.444184	0.988676	1.7346	-1.00431	-0.660642
1.82	0.445024	0.993605	1.73962	-0.991651	-0.654265
1.825	0.445889	0.998529	1.74458	-0.978975	-0.647869
1.83	0.446777	1.00345	1.74947	-0.966286	-0.641455
1.835	0.44769	1.00837	1.7543	-0.95359	-0.635027
1.84	0.448626	1.01328	1.75907	-0.940893	-0.628585
1.845	0.449584	1.01818	1.76378	-0.928197	-0.622131
1.85	0.450566	1.02309	1.76842	-0.91551	-0.615668
1.855	0.45157	1.02799	1.77299	-0.902835	-0.609197
1.86	0.452596	1.03288	1.77751	-0.890177	-0.60272
1.865	0.453644	1.03777	1.78196	-0.877541	-0.596238
1.87	0.454714	1.04265	1.78635	-0.86493	-0.589754
1.875	0.455804	1.04753	1.79067	-0.85235	-0.583268
1.88	0.456916	1.05241	1.79493	-0.839804	-0.576783
1.885	0.458048	1.05728	1.79913	-0.827296	-0.5703
1.89	0.459199	1.06214	1.80327	-0.81483	-0.563821
1.895	0.460371	1.067	1.80734	-0.80241	-0.557346
1.9	0.461562	1.07186	1.81136	-0.790039	-0.550878
1.905	0.462773	1.07671	1.81531	-0.777721	-0.544418
1.91	0.464002	1.08156	1.81919	-0.765459	-0.537968
1.915	0.46525	1.0864	1.82302	-0.753256	-0.531527
1.92	0.466516	1.09124	1.82679	-0.741116	-0.525099
1.925	0.4678	1.09607	1.83049	-0.72904	-0.518683
1.93	0.469101	1.1009	1.83414	-0.717033	-0.512282
1.935	0.47042	1.10572	1.83772	-0.705096	-0.505896
1.94	0.471756	1.11054	1.84125	-0.693233	-0.499526
1.945	0.473109	1.11535	1.84472	-0.681445	-0.493174
1.95	0.474478	1.12016	1.84812	-0.669735	-0.486841
1.955	0.475863	1.12496	1.85147	-0.658105	-0.480527
1.96	0.477263	1.12976	1.85476	-0.646557	-0.474233
1.965	0.47868	1.13456	1.85799	-0.635093	-0.467961
1.97	0.480111	1.13935	1.86117	-0.623716	-0.461712
1.975	0.481558	1.14414	1.86429	-0.612426	-0.455485
1.98	0.483019	1.14892	1.86735	-0.601225	-0.449283
1.985	0.484494	1.1537	1.87036	-0.590116	-0.443105
1.99	0.485984	1.15847	1.87331	-0.579098	-0.436953
1.995	0.487487	1.16324	1.8762	-0.568174	-0.430827
2	0.489004	1.168	1.87904	-0.557345	-0.424728
2.005	0.490535	1.17276	1.88183	-0.546612	-0.418656
2.01	0.492078	1.17752	1.88456	-0.535976	-0.412613
2.015	0.493634	1.18227	1.88724	-0.525438	-0.406598
2.02	0.495202	1.18702	1.88987	-0.514999	-0.400613
2.025	0.496783	1.19176	1.89245	-0.504659	-0.394658
2.03	0.498375	1.1965	1.89497	-0.49442	-0.388733
2.035	0.49998	1.20124	1.89744	-0.484281	-0.382839
2.04	0.501596	1.20597	1.89986	-0.474245	-0.376976
2.045	0.503223	1.21069	1.90223	-0.46431	-0.371145
2.05	0.504861	1.21542	1.90456	-0.454477	-0.365346
2.055	0.506509	1.22014	1.90683	-0.444748	-0.35958
2.06	0.508168	1.22486	1.90905	-0.435121	-0.353846
2.065	0.509838	1.22957	1.91123	-0.425597	-0.348146
2.07	0.511517	1.23428	1.91335	-0.416177	-0.342479
2.075	0.513207	1.23898	1.91544	-0.40686	-0.336846
2.08	0.514906	1.24369	1.91747	-0.397647	-0.331247
2.085	0.516614	1.24839	1.91946	-0.388537	-0.325683
2.09	0.518331	1.25308	1.9214	-0.379531	-0.320153
2.095	0.520057	1.25777	1.9233	-0.370628	-0.314658
2.1	0.521792	1.26246	1.92515	-0.361828	-0.309197
2.105	0.523536	1.26715	1.92696	-0.353131	-0.303772
2.11	0.525287	1.27183	1.92873	-0.344537	-0.298382
2.115	0.527047	1.27651	1.93045	-0.336045	-0.293028
2.12	0.528815	1.28119	1.93213	-0.327655	-0.287709
2.125	0.53059	1.28586	1.93377	-0.319367	-0.282426
2.13	0.532373	1.29054	1.93536	-0.31118	-0.277178
2.135	0.534163	1.2952	1.93692	-0.303094	-0.271966
2.14	0.53596	1.29987	1.93844	-0.295109	-0.26679
2.145	0.537764	1.30453	1.93991	-0.287223	-0.261651
2.15	0.539574	1.30919	1.94135	-0.279437	-0.256547
2.155	0.541392	1.31385	1.94274	-0.271749	-0.251479
2.16	0.543215	1.31851	1.9441	-0.26416	-0.246447
2.165	0.545045	1.32316	1.94542	-0.256668	-0.241451
2.17	0.54688	1.32781	1.94671	-0.249273	-0.236491
2.175	0.548722	1.33246	1.94795	-0.241975	-0.231567
2.18	0.550569	1.33711	1.94916	-0.234773	-0.226679
2.185	0.552421	1.34175	1.95034	-0.227665	-0.221827
2.19	0.554279	1.34639	1.95148	-0.220652	-0.217011
2.195	0.556142	1.35103	1.95258	-0.213732	-0.212231
2.2	0.55801	1.35567	1.95365	-0.206905	-0.207487
2.205	0.559882	1.36031	1.95468	-0.200171	-0.202778
2.21	0.56176	1.36494	1.95568	-0.193527	-0.198105
2.215	0.563641	1.36957	1.95665	-0.186975	-0.193468
2.22	0.565527	1.3742	1.95759	-0.180512	-0.188865
2.225	0.567418	1.37883	1.95849	-0.174138	-0.184299
2.23	0.569312	1.38346	1.95936	-0.167853	-0.179767
2.235	0.57121	1.38809	1.9602	-0.161655	-0.175271
2.24	0.573112	1.39271	1.96101	-0.155543	-0.17081
2.245	0.575018	1.39733	1.96178	-0.149517	-0.166384
2.25	0.576926	1.40195	1.96253	-0.143577	-0.161992
2.255	0.578839	1.40657	1.96325	-0.13772	-0.157635
2.26	0.580754	1.41119	1.96394	-0.131947	-0.153313
2.265	0.582673	1.41581	1.9646	-0.126257	-0.149025
2.27	0.584594	1.42043	1.96523	-0.120648	-0.144771
2.275	0.586518	1.42504	1.96583	-0.11512	-0.140552
2.28	0.588445	1.42965	1.96641	-0.109672	-0.136366
2.285	0.590375	1.43427	1.96696	-0.104303	-0.132214
2.29	0.592306	1.43888	1.96748	-0.0990126	-0.128096
2.295	0.594241	1.44349	1.96797	-0.0937995	-0.124012
2.3	0.596177	1.4481	1.96844	-0.0886631	-0.11996
2.305	0.598115	1.45271	1.96889	-0.0836026	-0.115942
2.31	0.600055	1.45732	1.9693	-0.078617	-0.111957
2.315	0.601997	1.46192	1.9697	-0.0737055	-0.108004
2.32	0.603941	1.46653	1.97007	-0.0688674	-0.104085
2.325	0.605886	1.47114	1.97041	-0.0641017	-0.100197
2.33	0.607833	1.47574	1.97073	-0.0594077	-0.0963425
2.335	0.609781	1.48035	1.97103	-0.0547845	-0.0925197
2.34	0.611731	1.48495	1.9713	-0.0502314	-0.0887289
2.345	0.613681	1.48956	1.97155	-0.0457474	-0.0849698
2.35	0.615633	1.49416	1.97178	-0.0413318	-0.0812424
2.355	0.617585	1.49876	1.97199	-0.0369839	-0.0775463
2.36	0.619539	1.50337	1.97217	-0.0327026	-0.0738815
2.365	0.621493	1.50797	1.97234	-0.0284874	-0.0702478
2.37	0.623448	1.51257	1.97248	-0.0243374	-0.0666449
2.375	0.625403	1.51717	1.9726	-0.0202518	-0.0630728
2.38	0.627359	1.52177	1.9727	-0.0162298	-0.0595311
2.385	0.629315	1.52637	1.97278	-0.0122706	-0.0560197
2.39	0.631272	1.53098	1.97284	-0.00837356	-0.0525385
2.395	0.633229	1.53558	1.97289	-0.00453782	-0.0490873
2.4	0.635185	1.54018	1.97291	-0.000762632	-0.0456658
2.405	0.637142	1.54478	1.97291	0.00295274	-0.0422739
2.41	0.639099	1.54938	1.9729	0.00660905	-0.0389114
2.415	0.641056	1.55398	1.97286	0.010207	-0.0355782
2.42	0.643012	1.55858	1.97281	0.0137474	-0.0322739
2.425	0.644968	1.56318	1.97274	0.0172309	-0.0289985
2.43	0.646924	1.56779	1.97266	0.0206583	-0.0257518
2.435	0.648879	1.57239	1.97256	0.0240302	-0.0225336
2.44	0.650834	1.57699	1.97244	0.0273474	-0.0193437
2.445	0.652788	1.58159	1.9723	0.0306105	-0.0161819
2.45	0.654741	1.5862	1.97215	0.0338203	-0.013048
2.455	0.656693	1.5908	1.97198	0.0369774	-0.00994186
2.46	0.658645	1.5954	1.97179	0.0400826	-0.00686332
2.465	0.660596	1.60001	1.97159	0.0431364	-0.00381218
2.47	0.662546	1.60461	1.97138	0.0461395	-0.000788252
2.475	0.664494	1.60921	1.97114	0.0490927	0.00220863
2.48	0.666442	1.61382	1.9709	0.0519965	0.00517866
2.485	0.668388	1.61842	1.97064	0.0548517	0.008122
2.49	0.670333	1.62303	1.97036	0.0576587	0.0110388
2.495	0.672277	1.62764	1.97008	0.0604183	0.0139293
2.5	0.674219	1.63224	1.96977	0.0631311	0.0167937
2.505	0.67616	1.63685	1.96946	0.0657977	0.019632
2.51	0.6781	1.64146	1.96913	0.0684187	0.0224445
2.515	0.680038	1.64607	1.96879	0.0709947	0.0252314
2.52	0.681974	1.65068	1.96843	0.0735263	0.0279928
2.525	0.683908	1.65529	1.96807	0.076014	0.0307289
2.53	0.685841	1.6599	1.96769	0.0784586	0.0334399
2.535	0.687772	1.66451	1.96729	0.0808604	0.0361259
2.54	0.689701	1.66913	1.96689	0.0832202	0.0387871
2.545	0.691628	1.67374	1.96647	0.0855384	0.0414236
2.55	0.693553	1.67836	1.96604	0.0878157	0.0440357
2.555	0.695477	1.68297	1.96561	0.0900525	0.0466235
2.56	0.697398	1.68759	1.96516	0.0922494	0.0491871
2.565	0.699317	1.6922	1.96469	0.0944069	0.0517267
2.57	0.701233	1.69682	1.96422	0.0965256	0.0542425
2.575	0.703148	1.70144	1.96374	0.098606	0.0567346
2.58	0.70506	1.70606	1.96325	0.100649	0.0592032
2.585	0.70697	1.71068	1.96274	0.102654	0.0616484
2.59	0.708878	1.7153	1.96223	0.104622	0.0640704
2.595	0.710783	1.71993	1.96171	0.106554	0.0664694
2.6	0.712686	1.72455	1.96117	0.108451	0.0688455
2.605	0.714586	1.72918	1.96063	0.110312	0.0711988
2.61	0.716483	1.7338	1.96008	0.112138	0.0735295
2.615	0.718378	1.73843	1.95952	0.11393	0.0758378
2.62	0.720271	1.74306	1.95895	0.115688	0.0781237
2.625	0.722161	1.74769	1.95837	0.117412	0.0803875
2.63	0.724048	1.75232	1.95778	0.119103	0.0826293
2.635	0.725932	1.75695	1.95719	0.120762	0.0848492
2.64	0.727813	1.76158	1.95658	0.122389	0.0870474
2.645	0.729692	1.76621	1.95597	0.123984	0.0892241
2.65	0.731568	1.77085	1.95535	0.125548	0.0913792
2.655	0.73344	1.77548	1.95473	0.127081	0.0935131
2.66	0.73531	1.78012	1.95409	0.128583	0.0956258
2.665	0.737177	1.78476	1.95345	0.130056	0.0977175
2.67	0.739041	1.7894	1.9528	0.131499	0.0997883
2.675	0.740902	1.79404	1.95214	0.132912	0.101838
2.68	0.74276	1.79868	1.95147	0.134297	0.103868
2.685	0.744614	1.80333	1.9508	0.135654	0.105877
2.69	0.746466	1.80797	1.95012	0.136982	0.107865
2.695	0.748314	1.81262	1.94944	0.138283	0.109833
2.7	0.750159	1.81726	1.94875	0.139557	0.111782
2.705	0.752001	1.82191	1.94805	0.140804	0.11371
2.71	0.75384	1.82656	1.94735	0.142024	0.115618
2.715	0.755675	1.83121	1.94664	0.143218	0.117507
2.72	0.757507	1.83586	1.94592	0.144386	0.119376
2.725	0.759335	1.84052	1.9452	0.145529	0.121226
2.73	0.761161	1.84517	1.94447	0.146647	0.123056
2.735	0.762982	1.84983	1.94374	0.14774	0.124867
2.74	0.764801	1.85449	1.943	0.148809	0.126659
2.745	0.766616	1.85915	1.94226	0.149853	0.128432
2.75	0.768427	1.86381	1.94151	0.150874	0.130186
2.755	0.770235	1.86847	1.94075	0.151872	0.131921
2.76	0.772039	1.87313	1.93999	0.152846	0.133638
2.765	0.77384	1.8778	1.93923	0.153798	0.135336
2.77	0.775637	1.88246	1.93846	0.154727	0.137016
2.775	0.777431	1.88713	1.93769	0.155634	0.138677
2.78	0.779221	1.8918	1.93691	0.156519	0.140321
2.785	0.781007	1.89647	1.93612	0.157383	0.141946
2.79	0.78279	1.90114	1.93534	0.158225	0.143553
2.795	0.784568	1.90581	1.93455	0.159046	0.145142
2.8	0.786344	1.91049	1.93375	0.159847	0.146714
2.805	0.788115	1.91516	1.93295	0.160628	0.148268
2.81	0.789883	1.91984	1.93215	0.161388	0.149805
2.815	0.791647	1.92452	1.93134	0.162128	0.151324
2.82	0.793407	1.9292	1.93053	0.162849	0.152825
2.825	0.795163	1.93388	1.92972	0.163551	0.15431
2.83	0.796916	1.93856	1.9289	0.164234	0.155777
2.835	0.798664	1.94325	1.92808	0.164898	0.157228
2.84	0.800409	1.94793	1.92725	0.165543	0.158661
2.845	0.80215	1.95262	1.92643	0.166171	0.160078
2.85	0.803887	1.95731	1.9256	0.16678	0.161478
2.855	0.80562	1.962	1.92476	0.167372	0.162861
2.86	0.807349	1.96669	1.92392	0.167946	0.164228
2.865	0.809075	1.97138	1.92308	0.168503	0.165578
2.87	0.810796	1.97608	1.92224	0.169043	0.166913
2.875	0.812513	1.98077	1.9214	0.169566	0.16823
2.88	0.814226	1.98547	1.92055	0.170073	0.169532
2.885	0.815936	1.99017	1.9197	0.170563	0.170818
2.89	0.817641	1.99487	1.91885	0.171038	0.172088
2.895	0.819342	1.99957	1.91799	0.171497	0.173342
2.9	0.82104	2.00427	1.91713	0.17194	0.17458
2.905	0.822733	2.00898	1.91627	0.172367	0.175802
2.91	0.824422	2.01368	1.91541	0.17278	0.177009
2.915	0.826107	2.01839	1.91455	0.173178	0.1782
2.92	0.827788	2.0231	1.91368	0.173561	0.179376
2.925	0.829465	2.02781	1.91281	0.173929	0.180537
2.93	0.831138	2.03252	1.91194	0.174283	0.181682
2.935	0.832807	2.03723	1.91107	0.174623	0.182813
2.94	0.834471	2.04195	1.9102	0.174949	0.183928
2.945	0.836132	2.04667	1.90933	0.175262	0.185028
2.95	0.837788	2.05138	1.90845	0.175561	0.186113
2.955	0.83944	2.0561	1.90757	0.175846	0.187184
2.96	0.841089	2.06082	1.90669	0.176119	0.188239
2.965	0.842732	2.06555	1.90581	0.176379	0.18928
2.97	0.844372	2.07027	1.90493	0.176626	0.190307
2.975	0.846008	2.07499	1.90405	0.17686	0.191319
2.98	0.847639	2.07972	1.90316	0.177082	0.192316
2.985	0.849266	2.08445	1.90228	0.177292	0.1933
2.99	0.850889	2.08918	1.90139	0.177489	0.194269
2.995	0.852508	2.09391	1.9005	0.177675	0.195224
3	0.854123	2.09864	1.89961	0.17785	0.196164
3.005	0.855733	2.10337	1.89872	0.178013	0.197091
3.01	0.857339	2.10811	1.89783	0.178164	0.198004
3.015	0.858941	2.11284	1.89694	0.178304	0.198902
3.02	0.860539	2.11758	1.89605	0.178434	0.199787
3.025	0.862133	2.12232	1.89516	0.178552	0.200659
3.03	0.863722	2.12706	1.89427	0.17866	0.201516
3.035	0.865307	2.1318	1.89337	0.178758	0.20236
3.04	0.866888	2.13655	1.89248	0.178845	0.203191
3.045	0.868464	2.14129	1.89159	0.178921	0.204008
3.05	0.870037	2.14604	1.89069	0.178988	0.204812
3.055	0.871605	2.15079	1.8898	0.179045	0.205602
3.06	0.873169	2.15554	1.8889	0.179092	0.206379
3.065	0.874728	2.16029	1.88801	0.17913	0.207143
3.07	0.876284	2.16504	1.88711	0.179158	0.207894
3.075	0.877835	2.16979	1.88621	0.179177	0.208632
3.08	0.879382	2.17455	1.88532	0.179187	0.209357
3.085	0.880924	2.1793	1.88442	0.179188	0.210069
3.09	0.882462	2.18406	1.88353	0.17918	0.210768
3.095	0.883996	2.18882	1.88263	0.179163	0.211455
3.1	0.885526	2.19358	1.88174	0.179137	0.212129
3.105	0.887052	2.19834	1.88084	0.179103	0.21279
3.11	0.888573	2.2031	1.87994	0.179061	0.213438
3.115	0.89009	2.20787	1.87905	0.179011	0.214074
3.12	0.891603	2.21263	1.87815	0.178952	0.214698
3.125	0.893111	2.2174	1.87726	0.178886	0.215309
3.13	0.894615	2.22217	1.87636	0.178811	0.215908
3.135	0.896115	2.22694	1.87547	0.17873	0.216495
3.14	0.897611	2.23171	1.87458	0.17864	0.217069
3.145	0.899102	2.23648	1.87368	0.178543	0.217632
3.15	0.900589	2.24126	1.87279	0.178439	0.218182
3.155	0.902072	2.24603	1.8719	0.178327	0.21872
3.16	0.903551	2.25081	1.87101	0.178209	0.219246
3.165	0.905025	2.25559	1.87012	0.178084	0.219761
3.17	0.906495	2.26036	1.86923	0.177951	0.220263
3.175	0.907961	2.26515	1.86834	0.177812	0.220754
3.18	0.909423	2.26993	1.86745	0.177667	0.221233
3.185	0.91088	2.27471	1.86656	0.177514	0.221701
3.19	0.912333	2.27949	1.86567	0.177356	0.222156
3.195	0.913782	2.28428	1.86478	0.177191	0.222601
3.2	0.915227	2.28907	1.8639	0.17702	0.223033
3.205	0.916667	2.29385	1.86301	0.176843	0.223455
3.21	0.918103	2.29864	1.86213	0.17666	0.223865
3.215	0.919535	2.30343	1.86125	0.176471	0.224263
3.22	0.920963	2.30823	1.86036	0.176276	0.224651
3.225	0.922386	2.31302	1.85948	0.176076	0.225027
3.23	0.923805	2.31781	1.8586	0.17587	0.225392
3.235	0.92522	2.32261	1.85772	0.175659	0.225746
3.24	0.926631	2.32741	1.85684	0.175442	0.226088
3.245	0.928038	2.3322	1.85597	0.17522	0.22642
3.25	0.92944	2.337	1.85509	0.174993	0.226741
3.255	0.930838	2.3418	1.85422	0.174761	0.227051
3.26	0.932232	2.34661	1.85334	0.174524	0.22735
3.265	0.933622	2.35141	1.85247	0.174282	0.227638
3.27	0.935008	2.35621	1.8516	0.174035	0.227916
3.275	0.936389	2.36102	1.85073	0.173784	0.228183
3.28	0.937767	2.36582	1.84986	0.173528	0.228439
3.285	0.93914	2.37063	1.84899	0.173267	0.228685
3.29	0.940509	2.37544	1.84812	0.173002	0.22892
3.295	0.941873	2.38025	1.84726	0.172733	0.229144
3.3	0.943234	2.38506	1.8464	0.172459	0.229359
3.305	0.94459	2.38987	1.84553	0.172182	0.229562
3.31	0.945943	2.39469	1.84467	0.1719	0.229756
3.315	0.947291	2.3995	1.84381	0.171614	0.229939
3.32	0.948635	2.40432	1.84295	0.171324	0.230112
3.325	0.949975	2.40914	1.8421	0.171031	0.230274
3.33	0.951311	2.41395	1.84124	0.170734	0.230427
3.335	0.952642	2.41877	1.84039	0.170433	0.230569
3.34	0.95397	2.42359	1.83954	0.170128	0.230701
3.345	0.955294	2.42842	1.83869	0.16982	0.230824
3.35	0.956613	2.43324	1.83784	0.169509	0.230936
3.355	0.957928	2.43806	1.83699	0.169194	0.231038
3.36	0.959239	2.44289	1.83614	0.168876	0.231131
3.365	0.960547	2.44771	1.8353	0.168555	0.231214
3.37	0.96185	2.45254	1.83446	0.168231	0.231286
3.375	0.963149	2.45737	1.83362	0.167903	0.23135
3.38	0.964444	2.4622	1.83278	0.167573	0.231403
3.385	0.965735	2.46703	1.83194	0.16724	0.231447
3.39	0.967021	2.47186	1.8311	0.166904	0.231481
3.395	0.968304	2.47669	1.83027	0.166565	0.231506
3.4	0.969583	2.48153	1.82943	0.166224	0.231521
3.405	0.970858	2.48636	1.8286	0.16588	0.231526
3.41	0.972129	2.4912	1.82777	0.165533	0.231522
3.415	0.973396	2.49603	1.82695	0.165184	0.231509
3.42	0.974658	2.50087	1.82612	0.164832	0.231486
3.425	0.975917	2.50571	1.8253	0.164479	0.231454
3.43	0.977172	2.51055	1.82447	0.164122	0.231413
3.435	0.978423	2.51539	1.82365	0.163764	0.231363
3.44	0.97967	2.52023	1.82283	0.163404	0.231303
3.445	0.980913	2.52508	1.82202	0.163041	0.231234
3.45	0.982152	2.52992	1.8212	0.162677	0.231156
3.455	0.983387	2.53477	1.82039	0.16231	0.231069
3.46	0.984618	2.53961	1.81958	0.161942	0.230973
3.465	0.985845	2.54446	1.81877	0.161572	0.230868
3.47	0.987068	2.54931	1.81796	0.1612	0.230754
3.475	0.988288	2.55416	1.81715	0.160826	0.230632
3.48	0.989503	2.55901	1.81635	0.160451	0.2305
3.485	0.990715	2.56386	1.81555	0.160074	0.230359
3.49	0.991922	2.56871	1.81475	0.159695	0.23021
3.495	0.993126	2.57356	1.81395	0.159316	0.230052
3.5	0.994326	2.57842	1.81315	0.158934	0.229885
3.505	0.995522	2.58327	1.81236	0.158552	0.22971
3.51	0.996714	2.58813	1.81156	0.158168	0.229526
3.515	0.997903	2.59298	1.81077	0.157783	0.229333
3.52	0.999087	2.59784	1.80999	0.157396	0.229132
3.525	1.00027	2.6027	1.8092	0.157009	0.228922
3.53	1.00145	2.60756	1.80841	0.156621	0.228704
3.535	1.00262	2.61242	1.80763	0.156231	0.228477
3.54	1.00379	2.61728	1.80685	0.155841	0.228242
3.545	1.00495	2.62214	1.80607	0.155449	0.227998
3.55	1.00611	2.62701	1.80529	0.155057	0.227746
3.555	1.00727	2.63187	1.80452	0.154664	0.227486
3.56	1.00843	2.63674	1.80374	0.15427	0.227218
3.565	1.00958	2.6416	1.80297	0.153876	0.226941
3.57	1.01072	2.64647	1.8022	0.153481	0.226656
3.575	1.01187	2.65134	1.80144	0.153085	0.226363
3.58	1.01301	2.6562	1.80067	0.152689	0.226062
3.585	1.01414	2.66107	1.79991	0.152293	0.225753
3.59	1.01527	2.66594	1.79915	0.151895	0.225436
3.595	1.0164	2.67082	1.79839	0.151498	0.225111
3.6	1.01753	2.67569	1.79763	0.1511	0.224777
3.605	1.01865	2.68056	1.79687	0.150702	0.224436
3.61	1.01976	2.68543	1.79612	0.150304	0.224087
3.615	1.02088	2.69031	1.79537	0.149905	0.22373
3.62	1.02199	2.69518	1.79462	0.149506	0.223365
3.625	1.02309	2.70006	1.79387	0.149107	0.222993
3.63	1.0242	2.70494	1.79313	0.148709	0.222612
3.635	1.0253	2.70981	1.79238	0.14831	0.222224
3.64	1.02639	2.71469	1.79164	0.147911	0.221829
3.645	1.02748	2.71957	1.7909	0.147512	0.221425
3.65	1.02857	2.72445	1.79016	0.147113	0.221014
3.655	1.02965	2.72933	1.78943	0.146715	0.220595
3.66	1.03074	2.73422	1.78869	0.146316	0.220169
3.665	1.03181	2.7391	1.78796	0.145918	0.219735
3.67	1.03289	2.74398	1.78723	0.14552	0.219294
3.675	1.03396	2.74887	1.78651	0.145123	0.218845
3.68	1.03502	2.75375	1.78578	0.144726	0.218389
3.685	1.03609	2.75864	1.78506	0.144329	0.217925
3.69	1.03715	2.76352	1.78433	0.143933	0.217454
3.695	1.0382	2.76841	1.78361	0.143537	0.216976
3.7	1.03925	2.7733	1.7829	0.143142	0.21649
3.705	1.0403	2.77819	1.78218	0.142748	0.215997
3.71	1.04135	2.78308	1.78147	0.142354	0.215497
3.715	1.04239	2.78797	1.78076	0.14196	0.21499
3.72	1.04343	2.79286	1.78005	0.141568	0.214475
3.725	1.04447	2.79775	1.77934	0.141176	0.213953
3.73	1.0455	2.80264	1.77863	0.140785	0.213424
3.735	1.04653	2.80753	1.77793	0.140395	0.212888
3.74	1.04755	2.81243	1.77723	0.140005	0.212345
3.745	1.04857	2.81732	1.77653	0.139617	0.211795
3.75	1.04959	2.82222	1.77583	0.139229	0.211238
3.755	1.0506	2.82711	1.77513	0.138843	0.210674
3.76	1.05162	2.83201	1.77444	0.138457	0.210103
3.765	1.05262	2.83691	1.77375	0.138072	0.209526
3.77	1.05363	2.84181	1.77306	0.137689	0.208941
3.775	1.05463	2.8467	1.77237	0.137307	0.208349
3.78	1.05563	2.8516	1.77168	0.136925	0.207751
3.785	1.05662	2.8565	1.771	0.136545	0.207146
3.79	1.05761	2.8614	1.77031	0.136166	0.206534
3.795	1.0586	2.86631	1.76963	0.135789	0.205915
3.8	1.05958	2.87121	1.76895	0.135413	0.20529
3.805	1.06056	2.87611	1.76828	0.135038	0.204658
3.81	1.06154	2.88101	1.7676	0.134664	0.20402
3.815	1.06252	2.88592	1.76693	0.134292	0.203374
3.82	1.06349	2.89082	1.76626	0.133921	0.202723
3.825	1.06446	2.89573	1.76559	0.133551	0.202064
3.83	1.06542	2.90064	1.76492	0.133184	0.201399
3.835	1.06638	2.90554	1.76425	0.132817	0.200728
3.84	1.06734	2.91045	1.76359	0.132452	0.20005
3.845	1.06829	2.91536	1.76293	0.132089	0.199366
3.85	1.06925	2.92027	1.76227	0.131727	0.198676
3.855	1.07019	2.92518	1.76161	0.131367	0.197979
3.86	1.07114	2.93008	1.76095	0.131009	0.197275
3.865	1.07208	2.935	1.7603	0.130653	0.196566
3.87	1.07302	2.93991	1.75964	0.130298	0.19585
3.875	1.07395	2.94482	1.75899	0.129945	0.195127
3.88	1.07489	2.94973	1.75834	0.129593	0.194399
3.885	1.07582	2.95464	1.75769	0.129244	0.193664
3.89	1.07674	2.95956	1.75705	0.128896	0.192924
3.895	1.07766	2.96447	1.7564	0.12855	0.192177
3.9	1.07858	2.96939	1.75576	0.128206	0.191424
3.905	1.0795	2.9743	1.75512	0.127865	0.190665
3.91	1.08041	2.97922	1.75448	0.127525	0.189899
3.915	1.08132	2.98413	1.75384	0.127187	0.189128
3.92	1.08223	2.98905	1.75321	0.126851	0.188351
3.925	1.08313	2.99397	1.75257	0.126517	0.187568
3.93	1.08404	2.99889	1.75194	0.126185	0.186778
3.935	1.08493	3.00381	1.75131	0.125856	0.185983
3.94	1.08583	3.00872	1.75068	0.125528	0.185182
3.945	1.08672	3.01364	1.75005	0.125203	0.184376
3.95	1.08761	3.01856	1.74942	0.124879	0.183563
3.955	1.08849	3.02349	1.7488	0.124559	0.182744
3.96	1.08938	3.02841	1.74818	0.12424	0.18192
3.965	1.09025	3.03333	1.74756	0.123923	0.18109
3.97	1.09113	3.03825	1.74694	0.123609	0.180254
3.975	1.092	3.04318	1.74632	0.123297	0.179413
3.98	1.09287	3.0481	1.7457	0.122988	0.178565
3.985	1.09374	3.05302	1.74509	0.122681	0.177713
3.99	1.0946	3.05795	1.74447	0.122376	0.176854
3.995	1.09547	3.06287	1.74386	0.122074	0.17599
4	1.09632	3.0678	1.74325	0.121774	0.17512
4.005	1.09718	3.07273	1.74264	0.121476	0.174245
4.01	1.09803	3.07765	1.74204	0.121181	0.173364
4.015	1.09888	3.08258	1.74143	0.120889	0.172478
4.02	1.09973	3.08751	1.74083	0.120599	0.171586
4.025	1.10057	3.09244	1.74022	0.120312	0.170689
4.03	1.10141	3.09737	1.73962	0.120027	0.169787
4.035	1.10225	3.10229	1.73902	0.119745	0.168879
4.04	1.10308	3.10722	1.73842	0.119466	0.167966
4.045	1.10391	3.11215	1.73782	0.119189	0.167047
4.05	1.10474	3.11709	1.73723	0.118915	0.166123
4.055	1.10557	3.12202	1.73663	0.118643	0.165194
4.06	1.10639	3.12695	1.73604	0.118374	0.164259
4.065	1.10721	3.13188	1.73545	0.118108	0.163319
4.07	1.10802	3.13681	1.73486	0.117845	0.162374
4.075	1.10884	3.14175	1.73427	0.117585	0.161424
4.08	1.10965	3.14668	1.73368	0.117327	0.160469
4.085	1.11046	3.15162	1.73309	0.117072	0.159508
4.09	1.11126	3.15655	1.73251	0.11682	0.158543
4.095	1.11206	3.16149	1.73192	0.116571	0.157572
4.1	1.11286	3.16642	1.73134	0.116325	0.156596
4.105	1.11366	3.17136	1.73076	0.116082	0.155616
4.11	1.11445	3.17629	1.73018	0.115841	0.15463
4.115	1.11524	3.18123	1.7296	0.115604	0.153639
4.12	1.11603	3.18617	1.72902	0.11537	0.152644
4.125	1.11682	3.19111	1.72845	0.115138	0.151643
4.13	1.1176	3.19605	1.72787	0.11491	0.150637
4.135	1.11838	3.20098	1.7273	0.114684	0.149627
4.14	1.11915	3.20592	1.72672	0.114462	0.148612
4.145	1.11993	3.21086	1.72615	0.114243	0.147592
4.15	1.1207	3.2158	1.72558	0.114026	0.146567
4.155	1.12147	3.22074	1.72501	0.113813	0.145537
4.16	1.12223	3.22569	1.72444	0.113603	0.144502
4.165	1.12299	3.23063	1.72387	0.113396	0.143463
4.17	1.12375	3.23557	1.7233	0.113193	0.142419
4.175	1.12451	3.24051	1.72274	0.112992	0.141371
4.18	1.12527	3.24545	1.72217	0.112795	0.140317
4.185	1.12602	3.2504	1.72161	0.112601	0.139259
4.19	1.12676	3.25534	1.72105	0.11241	0.138197
4.195	1.12751	3.26028	1.72048	0.112222	0.13713
4.2	1.12825	3.26523	1.71992	0.112038	0.136058
4.205	1.12899	3.27017	1.71936	0.111857	0.134982
4.21	1.12973	3.27512	1.7188	0.111679	0.133901
4.215	1.13047	3.28007	1.71825	0.111504	0.132816
4.22	1.1312	3.28501	1.71769	0.111333	0.131726
4.225	1.13193	3.28996	1.71713	0.111165	0.130632
4.23	1.13265	3.29491	1.71658	0.111001	0.129533
4.235	1.13338	3.29985	1.71602	0.11084	0.128431
4.24	1.1341	3.3048	1.71547	0.110682	0.127323
4.245	1.13481	3.30975	1.71491	0.110528	0.126211
4.25	1.13553	3.3147	1.71436	0.110377	0.125095
4.255	1.13624	3.31965	1.71381	0.110229	0.123975
4.26	1.13695	3.3246	1.71326	0.110085	0.122851
4.265	1.13766	3.32955	1.71271	0.109945	0.121722
4.27	1.13836	3.3345	1.71216	0.109808	0.120589
4.275	1.13907	3.33945	1.71161	0.109674	0.119451
4.28	1.13977	3.3444	1.71106	0.109544	0.11831
4.285	1.14046	3.34935	1.71051	0.109418	0.117164
4.29	1.14116	3.3543	1.70996	0.109295	0.116015
4.295	1.14185	3.35925	1.70942	0.109175	0.114861
4.3	1.14253	3.3642	1.70887	0.109059	0.113703
4.305	1.14322	3.36916	1.70833	0.108947	0.112541
4.31	1.1439	3.37411	1.70778	0.108839	0.111375
4.315	1.14458	3.37906	1.70724	0.108733	0.110205
4.32	1.14526	3.38402	1.70669	0.108632	0.109031
4.325	1.14593	3.38897	1.70615	0.108534	0.107853
4.33	1.14661	3.39393	1.70561	0.10844	0.106671
4.335	1.14728	3.39888	1.70507	0.10835	0.105485
4.34	1.14794	3.40384	1.70452	0.108263	0.104295
4.345	1.14861	3.40879	1.70398	0.10818	0.103101
4.35	1.14927	3.41375	1.70344	0.1081	0.101904
4.355	1.14993	3.4187	1.7029	0.108025	0.100703
4.36	1.15058	3.42366	1.70236	0.107953	0.0994975
4.365	1.15124	3.42862	1.70182	0.107884	0.0982886
4.37	1.15189	3.43358	1.70128	0.10782	0.0970759
4.375	1.15253	3.43853	1.70074	0.107759	0.0958595
4.38	1.15318	3.44349	1.70021	0.107702	0.0946394
4.385	1.15382	3.44845	1.69967	0.107649	0.0934155
4.39	1.15446	3.45341	1.69913	0.1076	0.0921881
4.395	1.1551	3.45837	1.69859	0.107554	0.0909569
4.4	1.15573	3.46333	1.69805	0.107512	0.0897222
4.405	1.15637	3.46829	1.69751	0.107474	0.0884839
4.41	1.15699	3.47325	1.69698	0.10744	0.0872419
4.415	1.15762	3.47821	1.69644	0.10741	0.0859965
4.42	1.15825	3.48317	1.6959	0.107383	0.0847475
4.425	1.15887	3.48813	1.69537	0.107361	0.083495
4.43	1.15949	3.49309	1.69483	0.107342	0.082239
4.435	1.1601	3.49805	1.69429	0.107327	0.0809796
4.44	1.16071	3.50302	1.69376	0.107317	0.0797167
4.445	1.16132	3.50798	1.69322	0.10731	0.0784504
4.45	1.16193	3.51294	1.69268	0.107307	0.0771807
4.455	1.16254	3.51791	1.69215	0.107308	0.0759077
4.46	1.16314	3.52287	1.69161	0.107312	0.0746313
4.465	1.16374	3.52783	1.69107	0.107321	0.0733516
4.47	1.16434	3.5328	1.69054	0.107334	0.0720686
4.475	1.16493	3.53776	1.69	0.107351	0.0707823
4.48	1.16552	3.54273	1.68946	0.107371	0.0694927
4.485	1.16611	3.54769	1.68893	0.107396	0.0682
4.49	1.1667	3.55266	1.68839	0.107425	0.066904
4.495	1.16728	3.55762	1.68785	0.107457	0.0656048
4.5	1.16787	3.56259	1.68732	0.107494	0.0643025
4.505	1.16844	3.56756	1.68678	0.107535	0.062997
4.51	1.16902	3.57252	1.68624	0.107579	0.0616884
4.515	1.16959	3.57749	1.6857	0.107628	0.0603767
4.52	1.17016	3.58246	1.68516	0.107681	0.059062
4.525	1.17073	3.58742	1.68463	0.107738	0.0577442
4.53	1.1713	3.59239	1.68409	0.107799	0.0564234
4.535	1.17186	3.59736	1.68355	0.107864	0.0550995
4.54	1.17242	3.60233	1.68301	0.107933	0.0537727
4.545	1.17298	3.6073	1.68247	0.108006	0.0524429
4.55	1.17353	3.61227	1.68193	0.108083	0.0511102
4.555	1.17408	3.61724	1.68139	0.108164	0.0497746
4.56	1.17463	3.62221	1.68085	0.10825	0.0484361
4.565	1.17518	3.62718	1.68031	0.108339	0.0470947
4.57	1.17572	3.63215	1.67976	0.108433	0.0457504
4.575	1.17626	3.63712	1.67922	0.108531	0.0444034
4.58	1.1768	3.64209	1.67868	0.108633	0.0430535
4.585	1.17734	3.64706	1.67814	0.108739	0.0417009
4.59	1.17787	3.65203	1.67759	0.108849	0.0403455
4.595	1.1784	3.657	1.67705	0.108963	0.0389873
4.6	1.17893	3.66198	1.6765	0.109082	0.0376265
4.605	1.17945	3.66695	1.67596	0.109204	0.0362629
4.61	1.17998	3.67192	1.67541	0.109331	0.0348967
4.615	1.18049	3.67689	1.67487	0.109462	0.0335279
4.62	1.18101	3.68187	1.67432	0.109597	0.0321564
4.625	1.18153	3.68684	1.67377	0.109737	0.0307823
4.63	1.18204	3.69181	1.67322	0.10988	0.0294057
4.635	1.18255	3.69679	1.67267	0.110028	0.0280265
4.64	1.18305	3.70176	1.67212	0.11018	0.0266447
4.645	1.18355	3.70674	1.67157	0.110336	0.0252605
4.65	1.18405	3.71171	1.67102	0.110496	0.0238738
4.655	1.18455	3.71669	1.67047	0.110661	0.0224846
4.66	1.18505	3.72166	1.66991	0.11083	0.0210929
4.665	1.18554	3.72664	1.66936	0.111003	0.0196988
4.67	1.18603	3.73161	1.6688	0.11118	0.0183024
4.675	1.18651	3.73659	1.66825	0.111361	0.0169035
4.68	1.187	3.74157	1.66769	0.111547	0.0155023
4.685	1.18748	3.74654	1.66713	0.111737	0.0140988
4.69	1.18796	3.75152	1.66658	0.111931	0.0126929
4.695	1.18843	3.7565	1.66602	0.11213	0.0112848
4.7	1.18891	3.76148	1.66546	0.112332	0.00987437
4.705	1.18937	3.76645	1.66489	0.112539	0.00846172
4.71	1.18984	3.77143	1.66433	0.112751	0.00704685
4.715	1.19031	3.77641	1.66377	0.112966	0.00562978
4.72	1.19077	3.78139	1.6632	0.113186	0.00421054
4.725	1.19123	3.78637	1.66264	0.11341	0.00278914
4.73	1.19168	3.79135	1.66207	0.113638	0.00136561
4.735	1.19213	3.79633	1.6615	0.113871	-6.00379e-005
4.74	1.19258	3.80131	1.66093	0.114108	-0.00148777
4.745	1.19303	3.80629	1.66036	0.114349	-0.00291757
4.75	1.19348	3.81127	1.65979	0.114595	-0.00434941
4.755	1.19392	3.81625	1.65922	0.114844	-0.00578327
4.76	1.19436	3.82123	1.65864	0.115098	-0.00721914
4.765	1.19479	3.82621	1.65807	0.115357	-0.00865698
4.77	1.19523	3.83119	1.65749	0.115619	-0.0100968
4.775	1.19566	3.83617	1.65691	0.115886	-0.0115385
4.78	1.19608	3.84115	1.65633	0.116158	-0.0129821
4.785	1.19651	3.84613	1.65575	0.116433	-0.0144277
4.79	1.19693	3.85112	1.65517	0.116713	-0.0158751
4.795	1.19735	3.8561	1.65459	0.116997	-0.0173243
4.8	1.19776	3.86108	1.654	0.117286	-0.0187754
4.805	1.19817	3.86607	1.65341	0.117579	-0.0202282
4.81	1.19858	3.87105	1.65283	0.117876	-0.0216829
4.815	1.19899	3.87603	1.65224	0.118177	-0.0231392
4.82	1.1994	3.88102	1.65165	0.118483	-0.0245974
4.825	1.1998	3.886	1.65105	0.118793	-0.0260572
4.83	1.20019	3.89098	1.65046	0.119108	-0.0275187
4.835	1.20059	3.89597	1.64986	0.119427	-0.0289819
4.84	1.20098	3.90095	1.64927	0.11975	-0.0304468
4.845	1.20137	3.90594	1.64867	0.120077	-0.0319132
4.85	1.20176	3.91092	1.64807	0.120409	-0.0333813
4.855	1.20214	3.91591	1.64747	0.120745	-0.0348509
4.86	1.20252	3.92089	1.64686	0.121086	-0.0363221
4.865	1.2029	3.92588	1.64626	0.121431	-0.0377948
4.87	1.20327	3.93086	1.64565	0.12178	-0.0392691
4.875	1.20364	3.93585	1.64504	0.122133	-0.0407448
4.88	1.20401	3.94084	1.64443	0.122491	-0.042222
4.885	1.20437	3.94582	1.64382	0.122853	-0.0437006
4.89	1.20473	3.95081	1.6432	0.12322	-0.0451807
4.895	1.20509	3.9558	1.64259	0.12359	-0.0466621
4.9	1.20545	3.96079	1.64197	0.123966	-0.0481449
4.905	1.2058	3.96577	1.64135	0.124345	-0.0496291
4.91	1.20615	3.97076	1.64073	0.124729	-0.0511146
4.915	1.2065	3.97575	1.6401	0.125117	-0.0526015
4.92	1.20684	3.98074	1.63948	0.12551	-0.0540896
4.925	1.20718	3.98573	1.63885	0.125907	-0.055579
4.93	1.20752	3.99071	1.63822	0.126308	-0.0570696
4.935	1.20785	3.9957	1.63759	0.126714	-0.0585615
4.94	1.20818	4.00069	1.63696	0.127124	-0.0600545
4.945	1.20851	4.00568	1.63632	0.127538	-0.0615487
4.95	1.20883	4.01067	1.63568	0.127956	-0.0630441
4.955	1.20915	4.01566	1.63504	0.128379	-0.0645406
4.96	1.20947	4.02065	1.6344	0.128807	-0.0660382
4.965	1.20979	4.02564	1.63376	0.129238	-0.067537
4.97	1.2101	4.03063	1.63311	0.129674	-0.0690367
4.975	1.21041	4.03562	1.63246	0.130115	-0.0705375
4.98	1.21071	4.04061	1.63181	0.130559	-0.0720394
4.985	1.21101	4.0456	1.63116	0.131008	-0.0735422
4.99	1.21131	4.05059	1.6305	0.131462	-0.075046
4.995	1.21161	4.05559	1.62985	0.131919	-0.0765508
5	1.2119	4.06058	1.62919	0.132381	-0.0780565
5.005	1.21219	4.06557	1.62853	0.132848	-0.0795631
5.01	1.21247	4.07056	1.62786	0.133318	-0.0810706
5.015	1.21275	4.07555	1.6272	0.133793	-0.0825789
5.02	1.21303	4.08054	1.62653	0.134273	-0.0840881
5.025	1.21331	4.08554	1.62585	0.134756	-0.0855981
5.03	1.21358	4.09053	1.62518	0.135244	-0.0871089
5.035	1.21385	4.09552	1.6245	0.135737	-0.0886205
5.04	1.21411	4.10052	1.62383	0.136233	-0.0901328
5.045	1.21437	4.10551	1.62314	0.136734	-0.0916458
5.05	1.21463	4.1105	1.62246	0.13724	-0.0931596
5.055	1.21489	4.1155	1.62178	0.137749	-0.094674
5.06	1.21514	4.12049	1.62109	0.138263	-0.0961891
5.065	1.21539	4.12548	1.6204	0.138781	-0.0977049
5.07	1.21563	4.13048	1.6197	0.139304	-0.0992212
5.075	1.21587	4.13547	1.619	0.139831	-0.100738
5.08	1.21611	4.14047	1.61831	0.140362	-0.102256
5.085	1.21634	4.14546	1.6176	0.140897	-0.103774
5.09	1.21657	4.15045	1.6169	0.141437	-0.105292
5.095	1.2168	4.15545	1.61619	0.141981	-0.106811
5.1	1.21702	4.16044	1.61548	0.14253	-0.108331
5.105	1.21724	4.16544	1.61477	0.143083	-0.109851
5.11	1.21746	4.17044	1.61405	0.14364	-0.111371
5.115	1.21767	4.17543	1.61334	0.144201	-0.112892
5.12	1.21788	4.18043	1.61261	0.144766	-0.114413
5.125	1.21809	4.18542	1.61189	0.145336	-0.115935
5.13	1.21829	4.19042	1.61116	0.145911	-0.117457
5.135	1.21849	4.19541	1.61043	0.146489	-0.118979
5.14	1.21868	4.20041	1.6097	0.147072	-0.120502
5.145	1.21887	4.20541	1.60897	0.147659	-0.122025
5.15	1.21906	4.2104	1.60823	0.14825	-0.123548
5.155	1.21924	4.2154	1.60749	0.148846	-0.125071
5.16	1.21942	4.2204	1.60674	0.149446	-0.126595
5.165	1.2196	4.22539	1.606	0.15005	-0.128118
5.17	1.21977	4.23039	1.60525	0.150658	-0.129642
5.175	1.21994	4.23539	1.60449	0.151271	-0.131166
5.18	1.2201	4.24038	1.60374	0.151888	-0.13269
5.185	1.22026	4.24538	1.60298	0.152509	-0.134214
5.19	1.22042	4.25038	1.60221	0.153134	-0.135739
5.195	1.22057	4.25538	1.60145	0.153764	-0.137263
5.2	1.22072	4.26038	1.60068	0.154398	-0.138787
5.205	1.22087	4.26537	1.59991	0.155036	-0.140311
5.21	1.22101	4.27037	1.59913	0.155678	-0.141836
5.215	1.22115	4.27537	1.59835	0.156325	-0.14336
5.22	1.22128	4.28037	1.59757	0.156976	-0.144884
5.225	1.22141	4.28537	1.59679	0.157631	-0.146408
5.23	1.22154	4.29036	1.596	0.15829	-0.147932
5.235	1.22166	4.29536	1.59521	0.158954	-0.149456
5.24	1.22178	4.30036	1.59441	0.159622	-0.150979
5.245	1.22189	4.30536	1.59361	0.160294	-0.152503
5.25	1.222	4.31036	1.59281	0.16097	-0.154026
5.255	1.22211	4.31536	1.59201	0.161651	-0.155549
5.26	1.22221	4.32036	1.5912	0.162335	-0.157072
5.265	1.22231	4.32536	1.59039	0.163024	-0.158594
5.27	1.2224	4.33035	1.58957	0.163717	-0.160116
5.275	1.22249	4.33535	1.58876	0.164414	-0.161638
5.28	1.22258	4.34035	1.58793	0.165116	-0.163159
5.285	1.22266	4.34535	1.58711	0.165821	-0.16468
5.29	1.22274	4.35035	1.58628	0.166531	-0.166201
5.295	1.22281	4.35535	1.58545	0.167245	-0.167721
5.3	1.22288	4.36035	1.58461	0.167963	-0.169241
5.305	1.22294	4.36535	1.58377	0.168686	-0.17076
5.31	1.223	4.37035	1.58293	0.169412	-0.172279
5.315	1.22306	4.37535	1.58208	0.170143	-0.173797
5.32	1.22311	4.38035	1.58123	0.170878	-0.175314
5.325	1.22316	4.38535	1.58037	0.171617	-0.176832
5.33	1.2232	4.39035	1.57952	0.17236	-0.178348
5.335	1.22324	4.39535	1.57865	0.173107	-0.179864
5.34	1.22328	4.40035	1.57779	0.173858	-0.181379
5.345	1.22331	4.40535	1.57692	0.174614	-0.182894
5.35	1.22334	4.41035	1.57605	0.175374	-0.184407
5.355	1.22336	4.41535	1.57517	0.176137	-0.185921
5.36	1.22338	4.42035	1.57429	0.176905	-0.187433
5.365	1.22339	4.42535	1.5734	0.177677	-0.188945
5.37	1.2234	4.43035	1.57252	0.178454	-0.190455
5.375	1.2234	4.43535	1.57162	0.179234	-0.191965
5.38	1.2234	4.44035	1.57073	0.180018	-0.193475
5.385	1.2234	4.44535	1.56983	0.180807	-0.194983
5.39	1.22339	4.45035	1.56892	0.181599	-0.19649
5.395	1.22337	4.45535	1.56802	0.182396	-0.197997
5.4	1.22335	4.46035	1.5671	0.183197	-0.199502
5.405	1.22333	4.46535	1.56619	0.184002	-0.201007
5.41	1.2233	4.47035	1.56527	0.184811	-0.20251
5.415	1.22327	4.47535	1.56434	0.185624	-0.204013
5.42	1.22323	4.48035	1.56342	0.186441	-0.205514
5.425	1.22319	4.48535	1.56248	0.187262	-0.207015
5.43	1.22315	4.49035	1.56155	0.188087	-0.208514
5.435	1.2231	4.49535	1.56061	0.188916	-0.210013
5.44	1.22304	4.50035	1.55966	0.18975	-0.21151
5.445	1.22298	4.50535	1.55871	0.190587	-0.213006
5.45	1.22291	4.51035	1.55776	0.191429	-0.2145
5.455	1.22284	4.51535	1.5568	0.192274	-0.215994
5.46	1.22277	4.52035	1.55584	0.193124	-0.217486
5.465	1.22269	4.52534	1.55488	0.193977	-0.218977
5.47	1.22261	4.53034	1.55391	0.194835	-0.220467
5.475	1.22252	4.53534	1.55293	0.195696	-0.221955
5.48	1.22242	4.54034	1.55195	0.196562	-0.223442
5.485	1.22232	4.54534	1.55097	0.197431	-0.224928
5.49	1.22222	4.55034	1.54998	0.198305	-0.226412
5.495	1.22211	4.55534	1.54899	0.199183	-0.227895
5.5	1.222	4.56034	1.548	0.200064	-0.229377
5.505	1.22188	4.56534	1.547	0.20095	-0.230857
5.51	1.22175	4.57033	1.54599	0.201839	-0.232335
5.515	1.22162	4.57533	1.54498	0.202733	-0.233812
5.52	1.22149	4.58033	1.54397	0.20363	-0.235287
5.525	1.22135	4.58533	1.54295	0.204532	-0.236761
5.53	1.22121	4.59033	1.54193	0.205437	-0.238233
5.535	1.22106	4.59533	1.5409	0.206347	-0.239704
5.54	1.2209	4.60032	1.53987	0.20726	-0.241173
5.545	1.22074	4.60532	1.53883	0.208178	-0.24264
5.55	1.22058	4.61032	1.53779	0.209099	-0.244106
5.555	1.22041	4.61531	1.53675	0.210024	-0.245569
5.56	1.22023	4.62031	1.5357	0.210953	-0.247031
5.565	1.22005	4.62531	1.53464	0.211886	-0.248492
5.57	1.21986	4.6303	1.53358	0.212823	-0.24995
5.575	1.21967	4.6353	1.53252	0.213764	-0.251407
5.58	1.21948	4.6403	1.53145	0.214709	-0.252861
5.585	1.21927	4.64529	1.53037	0.215658	-0.254314
5.59	1.21907	4.65029	1.5293	0.21661	-0.255765
5.595	1.21885	4.65528	1.52821	0.217567	-0.257214
5.6	1.21864	4.66028	1.52713	0.218527	-0.258661
5.605	1.21841	4.66527	1.52603	0.219492	-0.260106
5.61	1.21818	4.67027	1.52494	0.22046	-0.261549
5.615	1.21795	4.67526	1.52383	0.221432	-0.26299
5.62	1.21771	4.68026	1.52273	0.222408	-0.264428
5.625	1.21746	4.68525	1.52161	0.223388	-0.265865
5.63	1.21721	4.69025	1.5205	0.224372	-0.2673
5.635	1.21695	4.69524	1.51938	0.225359	-0.268732
5.64	1.21669	4.70023	1.51825	0.226351	-0.270162
5.645	1.21642	4.70522	1.51712	0.227346	-0.27159
5.65	1.21615	4.71022	1.51598	0.228345	-0.273016
5.655	1.21587	4.71521	1.51484	0.229348	-0.274439
5.66	1.21558	4.7202	1.51369	0.230355	-0.27586
5.665	1.21529	4.72519	1.51254	0.231366	-0.277279
5.67	1.215	4.73018	1.51138	0.23238	-0.278695
5.675	1.21469	4.73517	1.51022	0.233398	-0.280109
5.68	1.21438	4.74017	1.50905	0.23442	-0.281521
5.685	1.21407	4.74516	1.50788	0.235446	-0.28293
5.69	1.21375	4.75015	1.5067	0.236476	-0.284337
5.695	1.21342	4.75513	1.50552	0.23751	-0.285741
5.7	1.21309	4.76012	1.50433	0.238547	-0.287142
5.705	1.21275	4.76511	1.50314	0.239588	-0.288541
5.71	1.21241	4.7701	1.50194	0.240633	-0.289938
5.715	1.21206	4.77509	1.50074	0.241682	-0.291332
5.72	1.2117	4.78008	1.49953	0.242734	-0.292723
5.725	1.21134	4.78506	1.49832	0.24379	-0.294111
5.73	1.21097	4.79005	1.4971	0.24485	-0.295497
5.735	1.2106	4.79503	1.49588	0.245914	-0.29688
5.74	1.21022	4.80002	1.49465	0.246981	-0.298261
5.745	1.20983	4.80501	1.49341	0.248053	-0.299638
5.75	1.20944	4.80999	1.49217	0.249128	-0.301013
5.755	1.20904	4.81497	1.49093	0.250206	-0.302385
5.76	1.20864	4.81996	1.48967	0.251289	-0.303753
5.765	1.20822	4.82494	1.48842	0.252375	-0.305119
5.77	1.20781	4.82992	1.48716	0.253465	-0.306483
5.775	1.20738	4.8349	1.48589	0.254559	-0.307843
5.78	1.20695	4.83989	1.48462	0.255656	-0.3092
5.785	1.20652	4.84487	1.48334	0.256757	-0.310554
5.79	1.20607	4.84985	1.48205	0.257862	-0.311905
5.795	1.20562	4.85483	1.48076	0.25897	-0.313253
5.8	1.20517	4.85981	1.47947	0.260083	-0.314598
5.805	1.2047	4.86478	1.47817	0.261198	-0.315939
5.81	1.20424	4.86976	1.47686	0.262318	-0.317278
5.815	1.20376	4.87474	1.47555	0.263441	-0.318613
5.82	1.20328	4.87972	1.47423	0.264568	-0.319945
5.825	1.20279	4.88469	1.47291	0.265699	-0.321274
5.83	1.20229	4.88967	1.47158	0.266833	-0.322599
5.835	1.20179	4.89464	1.47025	0.267971	-0.323921
5.84	1.20128	4.89962	1.46891	0.269113	-0.32524
5.845	1.20077	4.90459	1.46756	0.270258	-0.326555
5.85	1.20025	4.90956	1.46621	0.271407	-0.327867
5.855	1.19972	4.91454	1.46485	0.272559	-0.329175
5.86	1.19918	4.91951	1.46349	0.273716	-0.33048
5.865	1.19864	4.92448	1.46212	0.274876	-0.331782
5.87	1.19809	4.92945	1.46075	0.276039	-0.333079
5.875	1.19753	4.93442	1.45937	0.277206	-0.334374
5.88	1.19697	4.93938	1.45798	0.278377	-0.335664
5.885	1.1964	4.94435	1.45659	0.279551	-0.336951
5.89	1.19583	4.94932	1.45519	0.280729	-0.338234
5.895	1.19524	4.95428	1.45379	0.281911	-0.339514
5.9	1.19465	4.95925	1.45238	0.283096	-0.34079
5.905	1.19405	4.96421	1.45096	0.284285	-0.342062
5.91	1.19345	4.96918	1.44954	0.285477	-0.34333
5.915	1.19284	4.97414	1.44812	0.286673	-0.344594
5.92	1.19222	4.9791	1.44668	0.287873	-0.345855
5.925	1.19159	4.98406	1.44524	0.289076	-0.347112
5.93	1.19096	4.98902	1.4438	0.290283	-0.348364
5.935	1.19032	4.99398	1.44235	0.291493	-0.349613
5.94	1.18967	4.99894	1.44089	0.292707	-0.350857
5.945	1.18901	5.00389	1.43943	0.293924	-0.352098
5.95	1.18835	5.00885	1.43796	0.295146	-0.353335
5.955	1.18768	5.01381	1.43648	0.29637	-0.354567
5.96	1.18701	5.01876	1.435	0.297598	-0.355795
5.965	1.18632	5.02371	1.43351	0.29883	-0.357019
5.97	1.18563	5.02866	1.43202	0.300065	-0.358239
5.975	1.18493	5.03361	1.43052	0.301304	-0.359455
5.98	1.18422	5.03856	1.42901	0.302547	-0.360666
5.985	1.18351	5.04351	1.4275	0.303792	-0.361873
5.99	1.18279	5.04846	1.42598	0.305042	-0.363076
5.995	1.18206	5.05341	1.42445	0.306295	-0.364274
6	1.18132	5.05835	1.42292	0.307551	-0.365468
6.005	1.18058	5.0633	1.42138	0.308811	-0.366658
6.01	1.17983	5.06824	1.41984	0.310075	-0.367843
6.015	1.17907	5.07318	1.41829	0.311342	-0.369023
6.02	1.1783	5.07812	1.41673	0.312613	-0.370199
6.025	1.17753	5.08306	1.41517	0.313887	-0.37137
6.03	1.17674	5.088	1.4136	0.315164	-0.372537
6.035	1.17595	5.09294	1.41202	0.316446	-0.373699
6.04	1.17515	5.09787	1.41044	0.31773	-0.374856
6.045	1.17435	5.10281	1.40885	0.319018	-0.376009
6.05	1.17353	5.10774	1.40726	0.32031	-0.377157
6.055	1.17271	5.11267	1.40566	0.321605	-0.3783
6.06	1.17188	5.1176	1.40405	0.322904	-0.379438
6.065	1.17104	5.12253	1.40243	0.324206	-0.380571
6.07	1.1702	5.12746	1.40081	0.325511	-0.3817
6.075	1.16934	5.13239	1.39918	0.32682	-0.382823
6.08	1.16848	5.13731	1.39755	0.328133	-0.383942
6.085	1.16761	5.14224	1.39591	0.329449	-0.385055
6.09	1.16673	5.14716	1.39426	0.330768	-0.386164
6.095	1.16585	5.15208	1.39261	0.332091	-0.387267
6.1	1.16495	5.157	1.39095	0.333418	-0.388365
6.105	1.16405	5.16192	1.38928	0.334748	-0.389458
6.11	1.16314	5.16683	1.38761	0.336081	-0.390546
6.115	1.16222	5.17175	1.38593	0.337418	-0.391629
6.12	1.16129	5.17666	1.38424	0.338758	-0.392706
6.125	1.16036	5.18157	1.38255	0.340102	-0.393778
6.13	1.15941	5.18648	1.38085	0.341449	-0.394845
6.135	1.15846	5.19139	1.37914	0.3428	-0.395906
6.14	1.1575	5.1963	1.37742	0.344154	-0.396962
6.145	1.15653	5.2012	1.3757	0.345511	-0.398013
6.15	1.15555	5.20611	1.37398	0.346872	-0.399058
6.155	1.15457	5.21101	1.37224	0.348237	-0.400097
6.16	1.15357	5.21591	1.3705	0.349604	-0.401131
6.165	1.15257	5.22081	1.36875	0.350976	-0.402159
6.17	1.15156	5.2257	1.367	0.35235	-0.403182
6.175	1.15054	5.2306	1.36524	0.353728	-0.404199
6.18	1.14951	5.23549	1.36347	0.35511	-0.40521
6.185	1.14847	5.24038	1.36169	0.356495	-0.406215
6.19	1.14742	5.24527	1.35991	0.357883	-0.407215
6.195	1.14637	5.25016	1.35812	0.359275	-0.408209
6.2	1.1453	5.25504	1.35632	0.36067	-0.409197
6.205	1.14423	5.25993	1.35452	0.362069	-0.410179
6.21	1.14315	5.26481	1.35271	0.363471	-0.411155
6.215	1.14206	5.26969	1.35089	0.364877	-0.412125
6.22	1.14096	5.27457	1.34907	0.366286	-0.413089
6.225	1.13985	5.27944	1.34724	0.367698	-0.414047
6.23	1.13873	5.28432	1.3454	0.369114	-0.414999
6.235	1.13761	5.28919	1.34355	0.370533	-0.415944
6.24	1.13647	5.29406	1.3417	0.371956	-0.416884
6.245	1.13533	5.29892	1.33984	0.373382	-0.417817
6.25	1.13417	5.30379	1.33797	0.374811	-0.418744
6.255	1.13301	5.30865	1.3361	0.376244	-0.419665
6.26	1.13184	5.31351	1.33422	0.37768	-0.420579
6.265	1.13066	5.31837	1.33233	0.37912	-0.421487
6.27	1.12947	5.32323	1.33043	0.380563	-0.422389
6.275	1.12827	5.32808	1.32853	0.382009	-0.423284
6.28	1.12706	5.33293	1.32662	0.383459	-0.424173
6.285	1.12584	5.33778	1.3247	0.384913	-0.425055
6.29	1.12461	5.34263	1.32278	0.386369	-0.42593
6.295	1.12338	5.34747	1.32085	0.387829	-0.426799
6.3	1.12213	5.35232	1.31891	0.389293	-0.427661
6.305	1.12087	5.35716	1.31696	0.39076	-0.428516
6.31	1.11961	5.36199	1.31501	0.39223	-0.429365
6.315	1.11833	5.36683	1.31305	0.393704	-0.430207
6.32	1.11705	5.37166	1.31108	0.395181	-0.431042
6.325	1.11576	5.37649	1.3091	0.396661	-0.43187
6.33	1.11445	5.38132	1.30712	0.398145	-0.432691
6.335	1.11314	5.38614	1.30513	0.399633	-0.433506
6.34	1.11182	5.39096	1.30313	0.401124	-0.434313
6.345	1.11049	5.39578	1.30112	0.402618	-0.435113
6.35	1.10914	5.4006	1.29911	0.404115	-0.435906
6.355	1.10779	5.40541	1.29709	0.405616	-0.436692
6.36	1.10643	5.41023	1.29506	0.407121	-0.437471
6.365	1.10506	5.41503	1.29303	0.408628	-0.438243
6.37	1.10368	5.41984	1.29098	0.41014	-0.439007
6.375	1.10229	5.42464	1.28893	0.411654	-0.439764
6.38	1.10089	5.42944	1.28688	0.413172	-0.440514
6.385	1.09948	5.43424	1.28481	0.414694	-0.441256
6.39	1.09806	5.43903	1.28274	0.416219	-0.441991
6.395	1.09663	5.44382	1.28065	0.417747	-0.442719
6.4	1.09519	5.44861	1.27857	0.419279	-0.443439
6.405	1.09374	5.4534	1.27647	0.420814	-0.444151
6.41	1.09228	5.45818	1.27437	0.422353	-0.444856
6.415	1.0908	5.46296	1.27225	0.423895	-0.445553
6.42	1.08932	5.46773	1.27013	0.42544	-0.446242
6.425	1.08783	5.47251	1.26801	0.426989	-0.446924
6.43	1.08633	5.47728	1.26587	0.428541	-0.447598
6.435	1.08482	5.48204	1.26373	0.430097	-0.448264
6.44	1.0833	5.4868	1.26158	0.431656	-0.448923
6.445	1.08177	5.49156	1.25942	0.433219	-0.449573
6.45	1.08023	5.49632	1.25725	0.434785	-0.450216
6.455	1.07867	5.50107	1.25508	0.436355	-0.45085
6.46	1.07711	5.50582	1.2529	0.437928	-0.451477
6.465	1.07554	5.51057	1.25071	0.439504	-0.452095
6.47	1.07395	5.51531	1.24851	0.441084	-0.452705
6.475	1.07236	5.52005	1.24631	0.442667	-0.453307
6.48	1.07075	5.52479	1.24409	0.444254	-0.453901
6.485	1.06914	5.52952	1.24187	0.445844	-0.454487
6.49	1.06751	5.53425	1.23964	0.447438	-0.455064
6.495	1.06588	5.53897	1.23741	0.449035	-0.455633
6.5	1.06423	5.54369	1.23516	0.450636	-0.456194
6.505	1.06257	5.54841	1.23291	0.45224	-0.456746
6.51	1.0609	5.55312	1.23065	0.453848	-0.45729
6.515	1.05923	5.55783	1.22838	0.455459	-0.457825
6.52	1.05754	5.56254	1.2261	0.457074	-0.458351
6.525	1.05584	5.56724	1.22381	0.458692	-0.458869
6.53	1.05412	5.57194	1.22152	0.460314	-0.459379
6.535	1.0524	5.57663	1.21922	0.461939	-0.45988
6.54	1.05067	5.58132	1.21691	0.463568	-0.460371
6.545	1.04893	5.58601	1.21459	0.4652	-0.460855
6.55	1.04717	5.59069	1.21227	0.466836	-0.461329
6.555	1.04541	5.59537	1.20993	0.468475	-0.461794
6.56	1.04363	5.60004	1.20759	0.470118	-0.462251
6.565	1.04184	5.60471	1.20524	0.471765	-0.462698
6.57	1.04004	5.60938	1.20288	0.473415	-0.463137
6.575	1.03824	5.61404	1.20051	0.475068	-0.463566
6.58	1.03641	5.6187	1.19814	0.476725	-0.463987
6.585	1.03458	5.62335	1.19575	0.478386	-0.464398
6.59	1.03274	5.628	1.19336	0.48005	-0.4648
6.595	1.03089	5.63264	1.19096	0.481718	-0.465193
6.6	1.02902	5.63728	1.18855	0.48339	-0.465576
6.605	1.02715	5.64191	1.18614	0.485065	-0.46595
6.61	1.02526	5.64654	1.18371	0.486743	-0.466315
6.615	1.02336	5.65117	1.18128	0.488426	-0.46667
6.62	1.02145	5.65579	1.17883	0.490111	-0.467016
6.625	1.01953	5.66041	1.17638	0.491801	-0.467352
6.63	1.0176	5.66502	1.17392	0.493494	-0.467679
6.635	1.01565	5.66962	1.17146	0.495191	-0.467996
6.64	1.0137	5.67423	1.16898	0.496892	-0.468304
6.645	1.01173	5.67882	1.1665	0.498596	-0.468602
6.65	1.00975	5.68341	1.164	0.500304	-0.46889
6.655	1.00776	5.688	1.1615	0.502015	-0.469168
6.66	1.00576	5.69258	1.15899	0.50373	-0.469436
6.665	1.00375	5.69716	1.15647	0.505449	-0.469695
6.67	1.00172	5.70173	1.15395	0.507172	-0.469943
6.675	0.999686	5.7063	1.15141	0.508898	-0.470182
6.68	0.997638	5.71086	1.14887	0.510628	-0.470411
6.685	0.995579	5.71542	1.14631	0.512362	-0.470629
6.69	0.993508	5.71997	1.14375	0.5141	-0.470838
6.695	0.991426	5.72451	1.14118	0.515841	-0.471036
6.7	0.989331	5.72905	1.1386	0.517586	-0.471224
6.705	0.987225	5.73359	1.13601	0.519335	-0.471402
6.71	0.985107	5.73812	1.13342	0.521088	-0.471569
6.715	0.982978	5.74264	1.13081	0.522845	-0.471726
6.72	0.980836	5.74716	1.1282	0.524605	-0.471873
6.725	0.978683	5.75167	1.12557	0.526369	-0.472009
6.73	0.976518	5.75618	1.12294	0.528137	-0.472135
6.735	0.974341	5.76068	1.1203	0.529909	-0.47225
6.74	0.972152	5.76518	1.11765	0.531685	-0.472355
6.745	0.969951	5.76966	1.11499	0.533465	-0.472449
6.75	0.967738	5.77415	1.11233	0.535248	-0.472533
6.755	0.965513	5.77863	1.10965	0.537036	-0.472605
6.76	0.963276	5.7831	1.10697	0.538828	-0.472667
6.765	0.961027	5.78756	1.10427	0.540623	-0.472718
6.77	0.958766	5.79202	1.10157	0.542422	-0.472758
6.775	0.956493	5.79648	1.09886	0.544226	-0.472788
6.78	0.954208	5.80092	1.09613	0.546033	-0.472806
6.785	0.951911	5.80536	1.0934	0.547845	-0.472814
6.79	0.949601	5.8098	1.09067	0.54966	-0.47281
6.795	0.94728	5.81423	1.08792	0.55148	-0.472795
6.8	0.944946	5.81865	1.08516	0.553303	-0.472769
6.805	0.9426	5.82307	1.08239	0.555131	-0.472732
6.81	0.940241	5.82747	1.07962	0.556962	-0.472684
6.815	0.937871	5.83188	1.07683	0.558798	-0.472624
6.82	0.935488	5.83627	1.07404	0.560638	-0.472554
6.825	0.933093	5.84066	1.07124	0.562482	-0.472471
6.83	0.930685	5.84504	1.06842	0.564331	-0.472378
6.835	0.928265	5.84942	1.0656	0.566183	-0.472273
6.84	0.925833	5.85379	1.06277	0.56804	-0.472156
6.845	0.923388	5.85815	1.05993	0.569901	-0.472028
6.85	0.920931	5.8625	1.05708	0.571766	-0.471888
6.855	0.918462	5.86685	1.05422	0.573636	-0.471737
6.86	0.91598	5.87119	1.05135	0.575509	-0.471574
6.865	0.913485	5.87552	1.04848	0.577387	-0.471399
6.87	0.910978	5.87985	1.04559	0.57927	-0.471212
6.875	0.908459	5.88417	1.04269	0.581157	-0.471014
6.88	0.905927	5.88848	1.03979	0.583048	-0.470804
6.885	0.903382	5.89279	1.03687	0.584943	-0.470582
6.89	0.900825	5.89708	1.03395	0.586843	-0.470348
6.895	0.898255	5.90137	1.03101	0.588748	-0.470102
6.9	0.895673	5.90565	1.02807	0.590657	-0.469843
6.905	0.893078	5.90993	1.02512	0.59257	-0.469573
6.91	0.89047	5.91419	1.02215	0.594488	-0.469291
6.915	0.88785	5.91845	1.01918	0.596411	-0.468996
6.92	0.885217	5.9227	1.0162	0.598338	-0.46869
6.925	0.882571	5.92694	1.01321	0.60027	-0.468371
6.93	0.879913	5.93118	1.01021	0.602206	-0.468039
6.935	0.877242	5.93541	1.00719	0.604147	-0.467696
6.94	0.874558	5.93962	1.00417	0.606093	-0.46734
6.945	0.871861	5.94383	1.00114	0.608044	-0.466971
6.95	0.869152	5.94804	0.998103	0.609999	-0.46659
6.955	0.866429	5.95223	0.995053	0.611959	-0.466197
6.96	0.863694	5.95642	0.991993	0.613924	-0.465791
6.965	0.860946	5.96059	0.988924	0.615893	-0.465372
6.97	0.858185	5.96476	0.985844	0.617868	-0.464941
6.975	0.855412	5.96892	0.982755	0.619848	-0.464497
6.98	0.852625	5.97307	0.979655	0.621832	-0.46404
6.985	0.849826	5.97722	0.976546	0.623821	-0.463571
6.99	0.847013	5.98135	0.973427	0.625816	-0.463088
6.995	0.844188	5.98548	0.970298	0.627815	-0.462593
7	0.84135	5.98959	0.967159	0.62982	-0.462085
7.005	0.838499	5.9937	0.96401	0.63183	-0.461564
7.01	0.835635	5.9978	0.960851	0.633845	-0.46103
7.015	0.832758	6.00189	0.957682	0.635865	-0.460483
7.02	0.829868	6.00597	0.954502	0.63789	-0.459922
7.025	0.826964	6.01004	0.951313	0.639921	-0.459349
7.03	0.824048	6.0141	0.948113	0.641957	-0.458763
7.035	0.821119	6.01815	0.944903	0.643998	-0.458163
7.04	0.818177	6.0222	0.941683	0.646045	-0.45755
7.045	0.815222	6.02623	0.938453	0.648097	-0.456924
7.05	0.812254	6.03025	0.935213	0.650155	-0.456284
7.055	0.809272	6.03427	0.931962	0.652218	-0.455631
7.06	0.806278	6.03827	0.928701	0.654287	-0.454965
7.065	0.803271	6.04226	0.925429	0.656362	-0.454285
7.07	0.80025	6.04625	0.922148	0.658442	-0.453592
7.075	0.797216	6.05022	0.918855	0.660528	-0.452886
7.08	0.79417	6.05419	0.915553	0.662619	-0.452165
7.085	0.79111	6.05814	0.91224	0.664717	-0.451431
7.09	0.788037	6.06209	0.908916	0.66682	-0.450684
7.095	0.784951	6.06602	0.905582	0.668929	-0.449923
7.1	0.781851	6.06994	0.902237	0.671045	-0.449148
7.105	0.778739	6.07386	0.898882	0.673166	-0.448359
7.11	0.775613	6.07776	0.895516	0.675294	-0.447556
7.115	0.772475	6.08165	0.89214	0.677427	-0.44674
7.12	0.769323	6.08553	0.888753	0.679567	-0.44591
7.125	0.766158	6.0894	0.885355	0.681713	-0.445066
7.13	0.762979	6.09326	0.881946	0.683865	-0.444208
7.135	0.759788	6.09711	0.878527	0.686024	-0.443336
7.14	0.756583	6.10095	0.875097	0.68819	-0.44245
7.145	0.753366	6.10478	0.871656	0.690361	-0.44155
7.15	0.750135	6.10859	0.868204	0.69254	-0.440636
7.155	0.74689	6.1124	0.864741	0.694725	-0.439707
7.16	0.743633	6.11619	0.861268	0.696916	-0.438765
7.165	0.740362	6.11997	0.857783	0.699115	-0.437808
7.17	0.737079	6.12374	0.854288	0.70132	-0.436837
7.175	0.733782	6.1275	0.850781	0.703533	-0.435852
7.18	0.730471	6.13125	0.847263	0.705752	-0.434853
7.185	0.727148	6.13499	0.843735	0.707978	-0.433839
7.19	0.723811	6.13871	0.840195	0.710212	-0.432811
7.195	0.720462	6.14242	0.836644	0.712453	-0.431768
7.2	0.717099	6.14612	0.833081	0.714701	-0.430711
7.205	0.713722	6.14981	0.829508	0.716957	-0.429639
7.21	0.710333	6.15349	0.825923	0.71922	-0.428553
7.215	0.706931	6.15715	0.822327	0.72149	-0.427453
7.22	0.703515	6.1608	0.818719	0.723769	-0.426338
7.225	0.700086	6.16444	0.815101	0.726055	-0.425208
7.23	0.696644	6.16807	0.81147	0.728348	-0.424064
7.235	0.693188	6.17168	0.807829	0.73065	-0.422905
7.24	0.68972	6.17528	0.804175	0.73296	-0.421731
7.245	0.686238	6.17887	0.800511	0.735278	-0.420542
7.25	0.682743	6.18245	0.796834	0.737604	-0.419339
7.255	0.679235	6.18601	0.793146	0.739939	-0.418121
7.26	0.675714	6.18956	0.789446	0.742282	-0.416888
7.265	0.67218	6.1931	0.785735	0.744633	-0.415641
7.27	0.668632	6.19662	0.782012	0.746993	-0.414378
7.275	0.665071	6.20013	0.778277	0.749362	-0.413101
7.28	0.661498	6.20363	0.77453	0.75174	-0.411808
7.285	0.657911	6.20711	0.770771	0.754127	-0.410501
7.29	0.654311	6.21058	0.767001	0.756523	-0.409178
7.295	0.650698	6.21404	0.763218	0.758928	-0.407841
7.3	0.647072	6.21748	0.759424	0.761342	-0.406488
7.305	0.643432	6.22091	0.755617	0.763766	-0.405121
7.31	0.63978	6.22432	0.751798	0.7662	-0.403738
7.315	0.636115	6.22772	0.747967	0.768643	-0.40234
7.32	0.632436	6.23111	0.744124	0.771097	-0.400927
7.325	0.628745	6.23448	0.740268	0.77356	-0.399499
7.33	0.62504	6.23784	0.7364	0.776034	-0.398056
7.335	0.621323	6.24118	0.73252	0.778517	-0.396597
7.34	0.617593	6.24451	0.728628	0.781012	-0.395123
7.345	0.613849	6.24783	0.724723	0.783517	-0.393634
7.35	0.610093	6.25113	0.720805	0.786032	-0.392129
7.355	0.606323	6.25441	0.716875	0.788559	-0.390609
7.36	0.602541	6.25768	0.712932	0.791097	-0.389074
7.365	0.598746	6.26094	0.708977	0.793646	-0.387523
7.37	0.594938	6.26418	0.705008	0.796207	-0.385957
7.375	0.591117	6.2674	0.701027	0.798779	-0.384376
7.38	0.587283	6.27061	0.697033	0.801363	-0.382779
7.385	0.583437	6.27381	0.693027	0.803959	-0.381166
7.39	0.579577	6.27699	0.689007	0.806568	-0.379538
7.395	0.575705	6.28015	0.684974	0.809189	-0.377894
7.4	0.57182	6.2833	0.680928	0.811822	-0.376235
7.405	0.567923	6.28643	0.676869	0.814468	-0.374561
7.41	0.564012	6.28954	0.672797	0.817128	-0.37287
7.415	0.560089	6.29264	0.668711	0.819801	-0.371164
7.42	0.556153	6.29573	0.664612	0.822487	-0.369443
7.425	0.552205	6.2988	0.6605	0.825187	-0.367705
7.43	0.548244	6.30185	0.656374	0.827901	-0.365952
7.435	0.54427	6.30488	0.652234	0.830629	-0.364184
7.44	0.540284	6.3079	0.648081	0.833372	-0.362399
7.445	0.536285	6.3109	0.643914	0.836129	-0.360599
7.45	0.532274	6.31389	0.639733	0.838902	-0.358783
7.455	0.52825	6.31685	0.635539	0.841689	-0.356951
7.46	0.524214	6.31981	0.631331	0.844493	-0.355104
7.465	0.520165	6.32274	0.627108	0.847312	-0.35324
7.47	0.516104	6.32566	0.622872	0.850148	-0.351361
7.475	0.512031	6.32856	0.618621	0.853	-0.349466
7.48	0.507945	6.33144	0.614356	0.855869	-0.347555
7.485	0.503847	6.3343	0.610076	0.858755	-0.345628
7.49	0.499737	6.33715	0.605783	0.861659	-0.343685
7.495	0.495614	6.33998	0.601474	0.86458	-0.341727
7.5	0.49148	6.34279	0.597151	0.86752	-0.339752
7.505	0.487333	6.34558	0.592814	0.870478	-0.337761
7.51	0.483174	6.34836	0.588461	0.873455	-0.335754
7.515	0.479003	6.35112	0.584094	0.876452	-0.333732
7.52	0.47482	6.35386	0.579712	0.879469	-0.331693
7.525	0.470625	6.35658	0.575315	0.882506	-0.329638
7.53	0.466417	6.35928	0.570902	0.885563	-0.327567
7.535	0.462198	6.36196	0.566474	0.888642	-0.32548
7.54	0.457968	6.36463	0.562031	0.891742	-0.323377
7.545	0.453725	6.36727	0.557572	0.894864	-0.321258
7.55	0.44947	6.3699	0.553098	0.89801	-0.319122
7.555	0.445204	6.37251	0.548608	0.901178	-0.316971
7.56	0.440926	6.37509	0.544102	0.90437	-0.314803
7.565	0.436637	6.37766	0.53958	0.907586	-0.312619
7.57	0.432335	6.38021	0.535042	0.910827	-0.310419
7.575	0.428022	6.38274	0.530488	0.914093	-0.308203
7.58	0.423698	6.38525	0.525918	0.917385	-0.30597
7.585	0.419362	6.38774	0.521331	0.920704	-0.303721
7.59	0.415015	6.39021	0.516727	0.924051	-0.301456
7.595	0.410657	6.39266	0.512107	0.927425	-0.299175
7.6	0.406287	6.39509	0.50747	0.930829	-0.296877
7.605	0.401906	6.3975	0.502816	0.934262	-0.294563
7.61	0.397513	6.39989	0.498144	0.937725	-0.292233
7.615	0.39311	6.40226	0.493456	0.94122	-0.289886
7.62	0.388695	6.40461	0.48875	0.944746	-0.287523
7.625	0.384269	6.40693	0.484026	0.948306	-0.285144
7.63	0.379833	6.40924	0.479284	0.951899	-0.282748
7.635	0.375385	6.41152	0.474525	0.955527	-0.280336
7.64	0.370927	6.41379	0.469747	0.959191	-0.277907
7.645	0.366458	6.41603	0.464951	0.962891	-0.275462
7.65	0.361978	6.41825	0.460137	0.96663	-0.273
7.655	0.357487	6.42045	0.455304	0.970408	-0.270522
7.66	0.352986	6.42263	0.450452	0.974226	-0.268028
7.665	0.348474	6.42478	0.445581	0.978086	-0.265516
7.67	0.343952	6.42691	0.44069	0.981988	-0.262989
7.675	0.339419	6.42902	0.43578	0.985935	-0.260445
7.68	0.334876	6.43111	0.430851	0.989927	-0.257884
7.685	0.330323	6.43318	0.425901	0.993967	-0.255307
7.69	0.325759	6.43522	0.420931	0.998055	-0.252713
7.695	0.321185	6.43724	0.415941	1.00219	-0.250102
7.7	0.316602	6.43924	0.41093	1.00638	-0.247475
7.705	0.312008	6.44121	0.405898	1.01063	-0.244832
7.71	0.307404	6.44316	0.400845	1.01493	-0.242171
7.715	0.302791	6.44509	0.39577	1.01929	-0.239495
7.72	0.298167	6.44699	0.390674	1.02371	-0.236801
7.725	0.293535	6.44888	0.385555	1.02819	-0.234091
7.73	0.288892	6.45073	0.380414	1.03274	-0.231364
7.735	0.28424	6.45256	0.37525	1.03735	-0.228621
7.74	0.279578	6.45437	0.370064	1.04204	-0.22586
7.745	0.274907	6.45616	0.364853	1.0468	-0.223084
7.75	0.270227	6.45792	0.359619	1.05163	-0.22029
7.755	0.265538	6.45965	0.354361	1.05654	-0.21748
7.76	0.26084	6.46136	0.349079	1.06154	-0.214653
7.765	0.256132	6.46305	0.343771	1.06662	-0.21181
7.77	0.251416	6.46471	0.338438	1.0718	-0.20895
7.775	0.246691	6.46634	0.333079	1.07707	-0.206074
7.78	0.241957	6.46795	0.327693	1.08244	-0.203181
7.785	0.237214	6.46953	0.322281	1.08791	-0.200272
7.79	0.232463	6.47109	0.316842	1.09349	-0.197346
7.795	0.227703	6.47262	0.311374	1.09919	-0.194404
7.8	0.222935	6.47413	0.305878	1.10501	-0.191446
7.805	0.218159	6.47561	0.300353	1.11096	-0.188471
7.81	0.213375	6.47706	0.294798	1.11704	-0.185481
7.815	0.208583	6.47849	0.289213	1.12327	-0.182474
7.82	0.203782	6.47989	0.283597	1.12965	-0.179452
7.825	0.198974	6.48126	0.277949	1.13619	-0.176415
7.83	0.194158	6.4826	0.272268	1.1429	-0.173362
7.835	0.189335	6.48392	0.266553	1.14979	-0.170294
7.84	0.184504	6.48521	0.260804	1.15688	-0.167211
7.845	0.179666	6.48647	0.25502	1.16418	-0.164114
7.85	0.17482	6.4877	0.249199	1.1717	-0.161003
7.855	0.169968	6.48891	0.24334	1.17946	-0.157878
7.86	0.165108	6.49008	0.237443	1.18748	-0.15474
7.865	0.160241	6.49123	0.231506	1.19577	-0.15159
7.87	0.155368	6.49235	0.225527	1.20437	-0.148428
7.875	0.150488	6.49344	0.219505	1.2133	-0.145256
7.88	0.145601	6.4945	0.213438	1.22259	-0.142075
7.885	0.140708	6.49553	0.207325	1.23228	-0.138884
7.89	0.135809	6.49653	0.201164	1.24239	-0.135688
7.895	0.130904	6.49749	0.194952	1.25299	-0.132486
7.9	0.125993	6.49843	0.188687	1.26412	-0.129281
7.905	0.121076	6.49934	0.182367	1.27583	-0.126076
7.91	0.116153	6.50021	0.175987	1.28822	-0.122874
7.915	0.111224	6.50106	0.169546	1.30136	-0.119678
7.92	0.106291	6.50187	0.16304	1.31535	-0.116493
7.925	0.101352	6.50265	0.156463	1.33032	-0.113325
7.93	0.0964079	6.5034	0.149811	1.34642	-0.110181
7.935	0.0914589	6.50411	0.143079	1.36385	-0.107069
7.94	0.0865053	6.50479	0.13626	1.38283	-0.104
7.945	0.0815471	6.50543	0.129346	1.40368	-0.100988
7.95	0.0765844	6.50604	0.122327	1.42677	-0.0980511
7.955	0.0716176	6.50662	0.115193	1.45261	-0.095212
7.96	0.0666467	6.50716	0.10793	1.4819	-0.0925017
7.965	0.0616719	6.50766	0.100521	1.51556	-0.0899615
7.97	0.0566935	6.50812	0.0929431	1.5549	-0.0876486
7.975	0.0517116	6.50855	0.0851686	1.60184	-0.0856434
7.98	0.0467265	6.50893	0.0771594	1.65923	-0.0840625
7.985	0.0417383	6.50928	0.0688632	1.73153	-0.0830818
7.99	0.0367474	6.50958	0.0602055	1.82609	-0.082977
7.995	0.0317539	6.50983	0.0510751	1.95572	-0.084207
8	0.0267582	6.51004	0.0412965	2.14462	-0.0875936
8.005	0.0217605	6.51019	0.0305734	2.44333	-0.0947709
8.01	0.0167613	6.51028	0.0183567	2.9731	-0.109545
8.015	0.0117614	6.5103	0.00349122	4.09049	-0.143486
8.02	0.0067621	6.51022	-0.0169612	7.25722	-0.25584
8.025	0.00176918	6.50995	-0.0532473	24.2289	-1.52052
