descriptor s_test R_test Z_test
0	1.6786	9.99999e-006	0.002	-0.401962	-0.00161627
0.005	1.6736	3.0049e-005	0.00400981	-0.403927	-0.00324883
0.01	1.6686	6.0196e-005	0.00602945	-0.405895	-0.00489769
0.015	1.6636	0.00010049	0.00805892	-0.407865	-0.00656287
0.02	1.6586	0.000150981	0.0100982	-0.409839	-0.00824437
0.025	1.6536	0.000211716	0.0121474	-0.411815	-0.00994221
0.03	1.6486	0.000282746	0.0142065	-0.413795	-0.0116564
0.035	1.6436	0.00036412	0.0162755	-0.415778	-0.013387
0.04	1.6386	0.000455887	0.0183544	-0.417764	-0.0151339
0.045	1.6336	0.000558096	0.0204432	-0.419753	-0.0168973
0.05	1.62861	0.000670796	0.022542	-0.421746	-0.018677
0.055	1.62361	0.000794037	0.0246507	-0.423742	-0.0204732
0.06	1.61861	0.000927868	0.0267694	-0.425742	-0.0222857
0.065	1.61361	0.00107234	0.0288981	-0.427745	-0.0241148
0.07	1.60861	0.0012275	0.0310368	-0.429752	-0.0259603
0.075	1.60362	0.0013934	0.0331856	-0.431763	-0.0278222
0.08	1.59862	0.00157008	0.0353444	-0.433778	-0.0297006
0.085	1.59362	0.0017576	0.0375133	-0.435797	-0.0315955
0.09	1.58863	0.00195601	0.0396923	-0.43782	-0.0335069
0.095	1.58363	0.00216536	0.0418814	-0.439847	-0.0354348
0.1	1.57864	0.00238569	0.0440806	-0.441878	-0.0373793
0.105	1.57364	0.00261706	0.04629	-0.443914	-0.0393402
0.11	1.56865	0.00285951	0.0485096	-0.445954	-0.0413177
0.115	1.56365	0.0031131	0.0507393	-0.447998	-0.0433117
0.12	1.55866	0.00337787	0.0529793	-0.450048	-0.0453223
0.125	1.55367	0.00365388	0.0552296	-0.452102	-0.0473495
0.13	1.54868	0.00394117	0.0574901	-0.45416	-0.0493932
0.135	1.54369	0.0042398	0.0597609	-0.456224	-0.0514535
0.14	1.53869	0.00454981	0.062042	-0.458292	-0.0535304
0.145	1.53371	0.00487125	0.0643335	-0.460366	-0.055624
0.15	1.52872	0.00520418	0.0666353	-0.462445	-0.0577341
0.155	1.52373	0.00554865	0.0689475	-0.464529	-0.0598608
0.16	1.51874	0.0059047	0.0712702	-0.466618	-0.0620042
0.165	1.51375	0.00627238	0.0736033	-0.468713	-0.0641642
0.17	1.50877	0.00665175	0.0759468	-0.470814	-0.0663408
0.175	1.50378	0.00704285	0.0783009	-0.47292	-0.0685341
0.18	1.4988	0.00744574	0.0806655	-0.475032	-0.0707441
0.185	1.49382	0.00786047	0.0830406	-0.47715	-0.0729707
0.19	1.48884	0.00828708	0.0854264	-0.479274	-0.075214
0.195	1.48386	0.00872563	0.0878228	-0.481404	-0.077474
0.2	1.47888	0.00917617	0.0902298	-0.48354	-0.0797506
0.205	1.4739	0.00963874	0.0926475	-0.485682	-0.082044
0.21	1.46892	0.0101134	0.0950759	-0.487831	-0.084354
0.215	1.46394	0.0106002	0.097515	-0.489987	-0.0866807
0.22	1.45897	0.0110992	0.099965	-0.492149	-0.0890242
0.225	1.45399	0.0116104	0.102426	-0.494318	-0.0913844
0.23	1.44902	0.012134	0.104897	-0.496494	-0.0937613
0.235	1.44405	0.0126698	0.10738	-0.498676	-0.0961549
0.24	1.43908	0.0132181	0.109873	-0.500866	-0.0985652
0.245	1.43411	0.0137788	0.112377	-0.503064	-0.100992
0.25	1.42915	0.014352	0.114893	-0.505268	-0.103436
0.255	1.42418	0.0149377	0.117419	-0.50748	-0.105897
0.26	1.41922	0.0155361	0.119957	-0.5097	-0.108374
0.265	1.41425	0.0161471	0.122505	-0.511927	-0.110868
0.27	1.40929	0.0167708	0.125065	-0.514163	-0.113379
0.275	1.40433	0.0174072	0.127636	-0.516406	-0.115906
0.28	1.39938	0.0180565	0.130218	-0.518657	-0.118451
0.285	1.39442	0.0187186	0.132811	-0.520917	-0.121012
0.29	1.38946	0.0193936	0.135415	-0.523185	-0.12359
0.295	1.38451	0.0200816	0.138031	-0.525462	-0.126184
0.3	1.37956	0.0207825	0.140659	-0.527747	-0.128796
0.305	1.37461	0.0214966	0.143297	-0.530041	-0.131424
0.31	1.36967	0.0222237	0.145948	-0.532344	-0.134069
0.315	1.36472	0.022964	0.148609	-0.534656	-0.136731
0.32	1.35978	0.0237176	0.151283	-0.536978	-0.139409
0.325	1.35484	0.0244844	0.153967	-0.539308	-0.142104
0.33	1.3499	0.0252645	0.156664	-0.541649	-0.144817
0.335	1.34496	0.026058	0.159372	-0.543999	-0.147545
0.34	1.34003	0.0268649	0.162092	-0.546358	-0.150291
0.345	1.3351	0.0276853	0.164824	-0.548728	-0.153053
0.35	1.33017	0.0285192	0.167568	-0.551108	-0.155833
0.355	1.32524	0.0293667	0.170323	-0.553498	-0.158629
0.36	1.32031	0.0302279	0.173091	-0.555898	-0.161441
0.365	1.31539	0.0311027	0.17587	-0.558309	-0.164271
0.37	1.31047	0.0319912	0.178662	-0.560731	-0.167117
0.375	1.30555	0.0328936	0.181465	-0.563164	-0.16998
0.38	1.30064	0.0338098	0.184281	-0.565607	-0.17286
0.385	1.29572	0.0347399	0.187109	-0.568062	-0.175757
0.39	1.29081	0.0356839	0.18995	-0.570529	-0.17867
0.395	1.28591	0.036642	0.192802	-0.573007	-0.1816
0.4	1.281	0.0376141	0.195667	-0.575496	-0.184547
0.405	1.2761	0.0386003	0.198545	-0.577998	-0.18751
0.41	1.2712	0.0396007	0.201435	-0.580511	-0.190491
0.415	1.2663	0.0406153	0.204337	-0.583037	-0.193488
0.42	1.26141	0.0416441	0.207252	-0.585575	-0.196502
0.425	1.25652	0.0426873	0.21018	-0.588126	-0.199532
0.43	1.25163	0.0437449	0.213121	-0.59069	-0.202579
0.435	1.24675	0.0448169	0.216074	-0.593267	-0.205643
0.44	1.24187	0.0459033	0.219041	-0.595856	-0.208724
0.445	1.23699	0.0470043	0.22202	-0.598459	-0.211821
0.45	1.23212	0.0481199	0.225012	-0.601076	-0.214935
0.455	1.22725	0.0492502	0.228018	-0.603706	-0.218066
0.46	1.22238	0.0503951	0.231036	-0.606351	-0.221214
0.465	1.21752	0.0515548	0.234068	-0.609009	-0.224378
0.47	1.21266	0.0527293	0.237113	-0.611682	-0.227558
0.475	1.2078	0.0539186	0.240171	-0.614369	-0.230756
0.48	1.20295	0.0551229	0.243243	-0.617071	-0.233969
0.485	1.1981	0.0563421	0.246329	-0.619788	-0.2372
0.49	1.19325	0.0575763	0.249428	-0.62252	-0.240447
0.495	1.18841	0.0588257	0.25254	-0.625267	-0.243711
0.5	1.18358	0.0600901	0.255667	-0.62803	-0.246991
0.505	1.17874	0.0613697	0.258807	-0.630808	-0.250288
0.51	1.17391	0.0626646	0.261961	-0.633603	-0.253601
0.515	1.16909	0.0639748	0.265129	-0.636413	-0.256931
0.52	1.16427	0.0653003	0.268311	-0.63924	-0.260277
0.525	1.15945	0.0666412	0.271507	-0.642084	-0.26364
0.53	1.15464	0.0679976	0.274717	-0.644944	-0.267019
0.535	1.14983	0.0693695	0.277942	-0.647822	-0.270415
0.54	1.14502	0.0707569	0.281181	-0.650717	-0.273827
0.545	1.14023	0.07216	0.284435	-0.653629	-0.277256
0.55	1.13543	0.0735788	0.287703	-0.656559	-0.2807
0.555	1.13064	0.0750132	0.290986	-0.659507	-0.284162
0.56	1.12586	0.0764635	0.294283	-0.662474	-0.287639
0.565	1.12108	0.0779296	0.297596	-0.665458	-0.291133
0.57	1.1163	0.0794116	0.300923	-0.668462	-0.294643
0.575	1.11153	0.0809096	0.304265	-0.671484	-0.298169
0.58	1.10677	0.0824236	0.307623	-0.674526	-0.301711
0.585	1.10201	0.0839536	0.310995	-0.677587	-0.30527
0.59	1.09725	0.0854997	0.314383	-0.680667	-0.308845
0.595	1.0925	0.0870621	0.317787	-0.683768	-0.312435
0.6	1.08776	0.0886406	0.321205	-0.686889	-0.316042
0.605	1.08302	0.0902355	0.32464	-0.69003	-0.319665
0.61	1.07828	0.0918466	0.32809	-0.693192	-0.323304
0.615	1.07356	0.0934742	0.331556	-0.696375	-0.326959
0.62	1.06883	0.0951182	0.335038	-0.699579	-0.330629
0.625	1.06412	0.0967788	0.338536	-0.702804	-0.334316
0.63	1.05941	0.0984559	0.34205	-0.706051	-0.338018
0.635	1.0547	0.10015	0.34558	-0.709321	-0.341736
0.64	1.05001	0.10186	0.349127	-0.712612	-0.34547
0.645	1.04531	0.103587	0.35269	-0.715926	-0.349219
0.65	1.04063	0.105331	0.356269	-0.719263	-0.352984
0.655	1.03595	0.107092	0.359866	-0.722623	-0.356765
0.66	1.03127	0.108869	0.363479	-0.726006	-0.360561
0.665	1.02661	0.110664	0.367109	-0.729413	-0.364372
0.67	1.02195	0.112476	0.370756	-0.732844	-0.368199
0.675	1.01729	0.114304	0.37442	-0.7363	-0.372041
0.68	1.01265	0.11615	0.378102	-0.739779	-0.375899
0.685	1.00801	0.118013	0.3818	-0.743284	-0.379771
0.69	1.00337	0.119893	0.385517	-0.746813	-0.383659
0.695	0.998747	0.121791	0.389251	-0.750368	-0.387562
0.7	0.994129	0.123705	0.393003	-0.753948	-0.391479
0.705	0.989517	0.125638	0.396773	-0.757554	-0.395412
0.71	0.984913	0.127587	0.40056	-0.761187	-0.399359
0.715	0.980316	0.129555	0.404366	-0.764846	-0.403321
0.72	0.975727	0.131539	0.40819	-0.768532	-0.407298
0.725	0.971145	0.133542	0.412033	-0.772245	-0.411289
0.73	0.966572	0.135562	0.415894	-0.775985	-0.415294
0.735	0.962006	0.137599	0.419774	-0.779753	-0.419314
0.74	0.957448	0.139655	0.423673	-0.783549	-0.423348
0.745	0.952898	0.141728	0.427591	-0.787373	-0.427397
0.75	0.948356	0.14382	0.431528	-0.791225	-0.431459
0.755	0.943823	0.145929	0.435484	-0.795107	-0.435535
0.76	0.939298	0.148056	0.439459	-0.799017	-0.439625
0.765	0.934782	0.150201	0.443454	-0.802957	-0.443729
0.77	0.930274	0.152365	0.447469	-0.806927	-0.447846
0.775	0.925775	0.154547	0.451504	-0.810927	-0.451977
0.78	0.921285	0.156746	0.455558	-0.814957	-0.456121
0.785	0.916804	0.158964	0.459633	-0.819017	-0.460278
0.79	0.912332	0.161201	0.463728	-0.823108	-0.464448
0.795	0.907869	0.163456	0.467844	-0.827231	-0.468631
0.8	0.903416	0.165729	0.47198	-0.831385	-0.472826
0.805	0.898972	0.168021	0.476137	-0.835571	-0.477035
0.81	0.894538	0.170331	0.480315	-0.839788	-0.481255
0.815	0.890113	0.17266	0.484514	-0.844038	-0.485488
0.82	0.885699	0.175007	0.488734	-0.848321	-0.489733
0.825	0.881294	0.177374	0.492976	-0.852636	-0.49399
0.83	0.876899	0.179759	0.497239	-0.856984	-0.498259
0.835	0.872515	0.182162	0.501524	-0.861366	-0.502539
0.84	0.868141	0.184585	0.50583	-0.865781	-0.50683
0.845	0.863778	0.187027	0.510159	-0.87023	-0.511133
0.85	0.859425	0.189487	0.514511	-0.874713	-0.515446
0.855	0.855083	0.191967	0.518884	-0.879231	-0.519771
0.86	0.850752	0.194465	0.52328	-0.883783	-0.524105
0.865	0.846433	0.196983	0.527699	-0.88837	-0.52845
0.87	0.842124	0.19952	0.532141	-0.892992	-0.532805
0.875	0.837827	0.202076	0.536606	-0.897649	-0.53717
0.88	0.833541	0.204652	0.541094	-0.902341	-0.541544
0.885	0.829267	0.207246	0.545606	-0.90707	-0.545927
0.89	0.825005	0.20986	0.550141	-0.911834	-0.55032
0.895	0.820754	0.212494	0.5547	-0.916634	-0.554721
0.9	0.816516	0.215147	0.559284	-0.92147	-0.559131
0.905	0.81229	0.217819	0.563891	-0.926343	-0.563549
0.91	0.808077	0.220511	0.568523	-0.931252	-0.567974
0.915	0.803876	0.223222	0.573179	-0.936198	-0.572407
0.92	0.799688	0.225954	0.57786	-0.94118	-0.576848
0.925	0.795513	0.228704	0.582566	-0.9462	-0.581295
0.93	0.79135	0.231475	0.587297	-0.951256	-0.585749
0.935	0.787201	0.234265	0.592053	-0.95635	-0.590209
0.94	0.783066	0.237075	0.596835	-0.961481	-0.594675
0.945	0.778944	0.239905	0.601642	-0.966649	-0.599146
0.95	0.774835	0.242755	0.606475	-0.971854	-0.603622
0.955	0.770741	0.245625	0.611335	-0.977097	-0.608103
0.96	0.766661	0.248515	0.61622	-0.982377	-0.612588
0.965	0.762595	0.251425	0.621132	-0.987694	-0.617078
0.97	0.758543	0.254355	0.626071	-0.993049	-0.62157
0.975	0.754506	0.257304	0.631036	-0.998441	-0.626066
0.98	0.750483	0.260274	0.636028	-1.00387	-0.630564
0.985	0.746476	0.263265	0.641047	-1.00934	-0.635064
0.99	0.742484	0.266275	0.646094	-1.01484	-0.639566
0.995	0.738507	0.269306	0.651168	-1.02038	-0.644068
1	0.734546	0.272356	0.65627	-1.02596	-0.648572
1.005	0.7306	0.275428	0.6614	-1.03157	-0.653075
1.01	0.72667	0.278519	0.666558	-1.03722	-0.657578
1.015	0.722757	0.281631	0.671744	-1.0429	-0.66208
1.02	0.718859	0.284763	0.676958	-1.04862	-0.66658
1.025	0.714978	0.287915	0.682201	-1.05438	-0.671078
1.03	0.711114	0.291088	0.687473	-1.06017	-0.675573
1.035	0.707267	0.294282	0.692774	-1.066	-0.680065
1.04	0.703436	0.297495	0.698104	-1.07186	-0.684552
1.045	0.699623	0.30073	0.703464	-1.07775	-0.689035
1.05	0.695828	0.303985	0.708852	-1.08368	-0.693513
1.055	0.69205	0.30726	0.714271	-1.08964	-0.697984
1.06	0.68829	0.310556	0.719719	-1.09563	-0.702449
1.065	0.684548	0.313872	0.725197	-1.10165	-0.706906
1.07	0.680824	0.317209	0.730705	-1.10771	-0.711355
1.075	0.677119	0.320567	0.736244	-1.11379	-0.715794
1.08	0.673433	0.323945	0.741813	-1.11991	-0.720224
1.085	0.669766	0.327344	0.747412	-1.12605	-0.724644
1.09	0.666118	0.330763	0.753043	-1.13222	-0.729052
1.095	0.662489	0.334203	0.758704	-1.13842	-0.733448
1.1	0.65888	0.337663	0.764396	-1.14465	-0.73783
1.105	0.655291	0.341144	0.770119	-1.1509	-0.742199
1.11	0.651722	0.344646	0.775874	-1.15717	-0.746552
1.115	0.648173	0.348168	0.781659	-1.16347	-0.75089
1.12	0.644645	0.351711	0.787477	-1.16978	-0.755211
1.125	0.641138	0.355275	0.793326	-1.17612	-0.759515
1.13	0.637651	0.358859	0.799206	-1.18248	-0.763799
1.135	0.634186	0.362463	0.805119	-1.18886	-0.768064
1.14	0.630743	0.366088	0.811063	-1.19525	-0.772308
1.145	0.627321	0.369734	0.817039	-1.20166	-0.776531
1.15	0.623921	0.3734	0.823047	-1.20808	-0.78073
1.155	0.620543	0.377087	0.829088	-1.21451	-0.784905
1.16	0.617188	0.380794	0.83516	-1.22095	-0.789056
1.165	0.613855	0.384521	0.841265	-1.2274	-0.79318
1.17	0.610545	0.388269	0.847402	-1.23386	-0.797276
1.175	0.607259	0.392037	0.853571	-1.24032	-0.801344
1.18	0.603996	0.395826	0.859773	-1.24678	-0.805382
1.185	0.600757	0.399634	0.866007	-1.25325	-0.809389
1.19	0.597541	0.403463	0.872273	-1.25971	-0.813363
1.195	0.59435	0.407312	0.878572	-1.26617	-0.817304
1.2	0.591183	0.411182	0.884903	-1.27262	-0.82121
1.205	0.588041	0.415071	0.891266	-1.27907	-0.82508
1.21	0.584924	0.41898	0.897661	-1.2855	-0.828912
1.215	0.581832	0.42291	0.904088	-1.29192	-0.832705
1.22	0.578765	0.426859	0.910548	-1.29832	-0.836457
1.225	0.575724	0.430828	0.91704	-1.3047	-0.840168
1.23	0.572709	0.434817	0.923563	-1.31107	-0.843835
1.235	0.569721	0.438825	0.930119	-1.3174	-0.847458
1.24	0.566758	0.442853	0.936706	-1.32371	-0.851035
1.245	0.563823	0.446901	0.943324	-1.32999	-0.854564
1.25	0.560914	0.450968	0.949974	-1.33623	-0.858043
1.255	0.558033	0.455054	0.956655	-1.34244	-0.861472
1.26	0.555179	0.45916	0.963367	-1.3486	-0.864849
1.265	0.552353	0.463284	0.97011	-1.35472	-0.868171
1.27	0.549555	0.467428	0.976884	-1.36079	-0.871439
1.275	0.546786	0.471591	0.983688	-1.36681	-0.874649
1.28	0.544044	0.475773	0.990522	-1.37278	-0.877801
1.285	0.541332	0.479973	0.997386	-1.37868	-0.880892
1.29	0.538648	0.484192	1.00428	-1.38452	-0.883921
1.295	0.535994	0.488429	1.0112	-1.3903	-0.886887
1.3	0.533369	0.492685	1.01815	-1.396	-0.889787
1.305	0.530774	0.496959	1.02513	-1.40163	-0.892621
1.31	0.52821	0.501251	1.03214	-1.40718	-0.895386
1.315	0.525675	0.505561	1.03918	-1.41265	-0.898081
1.32	0.523171	0.509888	1.04624	-1.41802	-0.900703
1.325	0.520697	0.514234	1.05333	-1.42331	-0.903253
1.33	0.518255	0.518597	1.06045	-1.4285	-0.905726
1.335	0.515844	0.522977	1.06759	-1.43358	-0.908123
1.34	0.513464	0.527374	1.07476	-1.43856	-0.910441
1.345	0.511116	0.531789	1.08195	-1.44343	-0.912679
1.35	0.5088	0.53622	1.08917	-1.44818	-0.914834
1.355	0.506516	0.540668	1.09641	-1.45281	-0.916906
1.36	0.504264	0.545132	1.10367	-1.45732	-0.918892
1.365	0.502045	0.549613	1.11096	-1.4617	-0.920792
1.37	0.499859	0.554109	1.11827	-1.46594	-0.922602
1.375	0.497706	0.558622	1.1256	-1.47004	-0.924323
1.38	0.495586	0.56315	1.13295	-1.474	-0.925951
1.385	0.493499	0.567694	1.14032	-1.47781	-0.927486
1.39	0.491446	0.572253	1.14771	-1.48146	-0.928926
1.395	0.489427	0.576827	1.15511	-1.48496	-0.93027
1.4	0.487442	0.581416	1.16254	-1.48829	-0.931515
1.405	0.485492	0.58602	1.16998	-1.49145	-0.932661
1.41	0.483575	0.590638	1.17744	-1.49443	-0.933706
1.415	0.481693	0.595271	1.18491	-1.49724	-0.934648
1.42	0.479846	0.599917	1.1924	-1.49987	-0.935487
1.425	0.478034	0.604577	1.1999	-1.50231	-0.936221
1.43	0.476256	0.60925	1.20741	-1.50455	-0.936848
1.435	0.474514	0.613937	1.21493	-1.5066	-0.937368
1.44	0.472808	0.618637	1.22246	-1.50844	-0.937779
1.445	0.471137	0.623349	1.23	-1.51008	-0.93808
1.45	0.469501	0.628074	1.23755	-1.51151	-0.93827
1.455	0.467901	0.632811	1.24511	-1.51273	-0.938348
1.46	0.466337	0.637561	1.25268	-1.51373	-0.938313
1.465	0.464809	0.642321	1.26024	-1.5145	-0.938164
1.47	0.463318	0.647094	1.26782	-1.51505	-0.9379
1.475	0.461862	0.651877	1.27539	-1.51537	-0.937521
1.48	0.460443	0.656671	1.28297	-1.51546	-0.937025
1.485	0.45906	0.661476	1.29055	-1.5153	-0.936413
1.49	0.457713	0.666292	1.29812	-1.51491	-0.935682
1.495	0.456403	0.671117	1.3057	-1.51428	-0.934834
1.5	0.45513	0.675952	1.31327	-1.5134	-0.933867
1.505	0.453893	0.680797	1.32084	-1.51228	-0.932781
1.51	0.452693	0.68565	1.3284	-1.5109	-0.931576
1.515	0.451529	0.690513	1.33595	-1.50927	-0.930251
1.52	0.450403	0.695385	1.3435	-1.50739	-0.928806
1.525	0.449313	0.700264	1.35104	-1.50525	-0.927242
1.53	0.448259	0.705152	1.35856	-1.50285	-0.925558
1.535	0.447243	0.710048	1.36608	-1.50019	-0.923755
1.54	0.446263	0.714951	1.37358	-1.49727	-0.921832
1.545	0.44532	0.719861	1.38106	-1.4941	-0.91979
1.55	0.444414	0.724778	1.38853	-1.49066	-0.917629
1.555	0.443544	0.729702	1.39599	-1.48695	-0.915349
1.56	0.442711	0.734632	1.40342	-1.48299	-0.912952
1.565	0.441915	0.739568	1.41084	-1.47876	-0.910437
1.57	0.441155	0.74451	1.41823	-1.47428	-0.907805
1.575	0.440432	0.749458	1.4256	-1.46953	-0.905057
1.58	0.439745	0.75441	1.43295	-1.46452	-0.902195
1.585	0.439094	0.759368	1.44027	-1.45926	-0.899218
1.59	0.438479	0.76433	1.44757	-1.45374	-0.896127
1.595	0.437901	0.769296	1.45484	-1.44796	-0.892924
1.6	0.437358	0.774267	1.46208	-1.44193	-0.889611
1.605	0.436852	0.779241	1.46929	-1.43565	-0.886187
1.61	0.436381	0.784219	1.47646	-1.42912	-0.882655
1.615	0.435945	0.7892	1.48361	-1.42234	-0.879015
1.62	0.435545	0.794184	1.49072	-1.41532	-0.875269
1.625	0.435181	0.79917	1.4978	-1.40806	-0.871419
1.63	0.434851	0.80416	1.50484	-1.40056	-0.867467
1.635	0.434556	0.809151	1.51184	-1.39284	-0.863412
1.64	0.434297	0.814144	1.51881	-1.38488	-0.859259
1.645	0.434071	0.819139	1.52573	-1.3767	-0.855007
1.65	0.43388	0.824135	1.53261	-1.36829	-0.85066
1.655	0.433724	0.829133	1.53946	-1.35967	-0.846218
1.66	0.433601	0.834131	1.54625	-1.35084	-0.841684
1.665	0.433512	0.839131	1.55301	-1.34181	-0.83706
1.67	0.433457	0.84413	1.55972	-1.33257	-0.832347
1.675	0.433435	0.84913	1.56638	-1.32313	-0.827548
1.68	0.433446	0.85413	1.573	-1.3135	-0.822664
1.685	0.433489	0.85913	1.57956	-1.30369	-0.817698
1.69	0.433566	0.86413	1.58608	-1.29369	-0.812653
1.695	0.433675	0.869128	1.59255	-1.28352	-0.807529
1.7	0.433816	0.874126	1.59897	-1.27318	-0.802329
1.705	0.433988	0.879123	1.60533	-1.26268	-0.797056
1.71	0.434192	0.884119	1.61165	-1.25202	-0.791712
1.715	0.434428	0.889114	1.61791	-1.24121	-0.786299
1.72	0.434694	0.894107	1.62411	-1.23025	-0.780818
1.725	0.434991	0.899098	1.63026	-1.21915	-0.775274
1.73	0.435319	0.904087	1.63636	-1.20792	-0.769667
1.735	0.435677	0.909074	1.6424	-1.19656	-0.764
1.74	0.436064	0.914059	1.64838	-1.18509	-0.758275
1.745	0.436481	0.919042	1.65431	-1.17349	-0.752496
1.75	0.436928	0.924022	1.66018	-1.16179	-0.746663
1.755	0.437403	0.928999	1.66598	-1.14999	-0.740779
1.76	0.437907	0.933974	1.67173	-1.13809	-0.734847
1.765	0.438439	0.938945	1.67742	-1.1261	-0.728869
1.77	0.438999	0.943914	1.68306	-1.11403	-0.722846
1.775	0.439587	0.948879	1.68863	-1.10188	-0.716783
1.78	0.440202	0.953841	1.69413	-1.08966	-0.710679
1.785	0.440844	0.9588	1.69958	-1.07737	-0.704539
1.79	0.441513	0.963755	1.70497	-1.06502	-0.698363
1.795	0.442208	0.968706	1.71029	-1.05263	-0.692154
1.8	0.442929	0.973654	1.71556	-1.04018	-0.685915
1.805	0.443676	0.978598	1.72076	-1.02769	-0.679647
1.81	0.444449	0.983538	1.7259	-1.01517	-0.673353
1.815	0.445246	0.988474	1.73097	-1.00261	-0.667034
1.82	0.446068	0.993406	1.73599	-0.990032	-0.660693
1.825	0.446915	0.998333	1.74094	-0.977433	-0.654331
1.83	0.447786	1.00326	1.74582	-0.964819	-0.647951
1.835	0.44868	1.00818	1.75065	-0.952196	-0.641554
1.84	0.449598	1.01309	1.75541	-0.93957	-0.635143
1.845	0.450539	1.018	1.76011	-0.926944	-0.628719
1.85	0.451503	1.02291	1.76474	-0.914324	-0.622284
1.855	0.452489	1.02781	1.76931	-0.901715	-0.61584
1.86	0.453497	1.03271	1.77382	-0.88912	-0.609389
1.865	0.454527	1.0376	1.77827	-0.876545	-0.602932
1.87	0.455578	1.04249	1.78265	-0.863995	-0.596471
1.875	0.456651	1.04737	1.78697	-0.851472	-0.590008
1.88	0.457744	1.05225	1.79123	-0.838981	-0.583544
1.885	0.458857	1.05713	1.79542	-0.826527	-0.577081
1.89	0.459991	1.062	1.79955	-0.814113	-0.570621
1.895	0.461145	1.06686	1.80363	-0.801743	-0.564164
1.9	0.462318	1.07172	1.80763	-0.78942	-0.557712
1.905	0.46351	1.07658	1.81158	-0.777147	-0.551268
1.91	0.464722	1.08143	1.81547	-0.764929	-0.544831
1.915	0.465951	1.08627	1.81929	-0.752768	-0.538403
1.92	0.467199	1.09112	1.82306	-0.740668	-0.531987
1.925	0.468465	1.09595	1.82676	-0.728631	-0.525582
1.93	0.469749	1.10079	1.8304	-0.716659	-0.51919
1.935	0.47105	1.10561	1.83398	-0.704757	-0.512813
1.94	0.472367	1.11044	1.83751	-0.692926	-0.506451
1.945	0.473702	1.11526	1.84097	-0.681169	-0.500105
1.95	0.475053	1.12007	1.84438	-0.669488	-0.493777
1.955	0.47642	1.12488	1.84773	-0.657885	-0.487467
1.96	0.477803	1.12968	1.85102	-0.646363	-0.481177
1.965	0.479201	1.13448	1.85425	-0.634923	-0.474907
1.97	0.480615	1.13928	1.85742	-0.623567	-0.468659
1.975	0.482043	1.14407	1.86054	-0.612298	-0.462433
1.98	0.483486	1.14886	1.8636	-0.601116	-0.45623
1.985	0.484944	1.15364	1.86661	-0.590024	-0.45005
1.99	0.486416	1.15842	1.86956	-0.579022	-0.443896
1.995	0.487901	1.16319	1.87245	-0.568112	-0.437766
2	0.4894	1.16796	1.87529	-0.557296	-0.431663
2.005	0.490912	1.17273	1.87808	-0.546574	-0.425586
2.01	0.492438	1.17749	1.88081	-0.535948	-0.419537
2.015	0.493976	1.18225	1.88349	-0.525418	-0.413515
2.02	0.495527	1.187	1.88612	-0.514986	-0.407522
2.025	0.497089	1.19175	1.88869	-0.504652	-0.401558
2.03	0.498664	1.1965	1.89122	-0.494418	-0.395624
2.035	0.500251	1.20124	1.89369	-0.484283	-0.38972
2.04	0.501849	1.20598	1.89611	-0.474248	-0.383846
2.045	0.503458	1.21071	1.89848	-0.464314	-0.378003
2.05	0.505078	1.21544	1.9008	-0.454481	-0.372192
2.055	0.506709	1.22017	1.90308	-0.44475	-0.366412
2.06	0.508351	1.22489	1.9053	-0.435121	-0.360665
2.065	0.510003	1.22961	1.90748	-0.425594	-0.35495
2.07	0.511664	1.23433	1.9096	-0.41617	-0.349268
2.075	0.513336	1.23904	1.91168	-0.406847	-0.343619
2.08	0.515017	1.24375	1.91372	-0.397628	-0.338004
2.085	0.516708	1.24845	1.91571	-0.388511	-0.332422
2.09	0.518408	1.25315	1.91765	-0.379497	-0.326874
2.095	0.520116	1.25785	1.91955	-0.370585	-0.321361
2.1	0.521833	1.26255	1.9214	-0.361775	-0.315881
2.105	0.523559	1.26724	1.92321	-0.353068	-0.310437
2.11	0.525293	1.27193	1.92497	-0.344462	-0.305027
2.115	0.527036	1.27662	1.9267	-0.335958	-0.299652
2.12	0.528786	1.2813	1.92838	-0.327556	-0.294311
2.125	0.530543	1.28598	1.93001	-0.319254	-0.289006
2.13	0.532308	1.29066	1.93161	-0.311053	-0.283736
2.135	0.534081	1.29534	1.93317	-0.302953	-0.278502
2.14	0.53586	1.30001	1.93468	-0.294952	-0.273303
2.145	0.537647	1.30468	1.93615	-0.287051	-0.268139
2.15	0.53944	1.30935	1.93759	-0.279248	-0.263011
2.155	0.54124	1.31401	1.93899	-0.271544	-0.257918
2.16	0.543046	1.31867	1.94034	-0.263938	-0.252861
2.165	0.544858	1.32333	1.94166	-0.256428	-0.24784
2.17	0.546676	1.32799	1.94295	-0.249016	-0.242854
2.175	0.5485	1.33265	1.94419	-0.241699	-0.237904
2.18	0.550329	1.3373	1.9454	-0.234477	-0.232989
2.185	0.552164	1.34195	1.94657	-0.227351	-0.22811
2.19	0.554004	1.3466	1.94771	-0.220318	-0.223267
2.195	0.55585	1.35125	1.94881	-0.213378	-0.218459
2.2	0.5577	1.35589	1.94988	-0.206532	-0.213686
2.205	0.559555	1.36054	1.95091	-0.199777	-0.208949
2.21	0.561415	1.36518	1.95191	-0.193113	-0.204247
2.215	0.563279	1.36982	1.95287	-0.186539	-0.19958
2.22	0.565148	1.37445	1.95381	-0.180055	-0.194949
2.225	0.567021	1.37909	1.95471	-0.17366	-0.190352
2.23	0.568897	1.38372	1.95558	-0.167353	-0.18579
2.235	0.570778	1.38836	1.95641	-0.161134	-0.181264
2.24	0.572662	1.39299	1.95722	-0.155001	-0.176772
2.245	0.57455	1.39762	1.95799	-0.148953	-0.172314
2.25	0.576442	1.40225	1.95874	-0.142991	-0.167892
2.255	0.578337	1.40687	1.95945	-0.137112	-0.163503
2.26	0.580234	1.4115	1.96014	-0.131317	-0.159149
2.265	0.582135	1.41612	1.96079	-0.125604	-0.154829
2.27	0.584039	1.42075	1.96142	-0.119973	-0.150543
2.275	0.585946	1.42537	1.96202	-0.114423	-0.146291
2.28	0.587855	1.42999	1.96259	-0.108953	-0.142072
2.285	0.589767	1.43461	1.96314	-0.103562	-0.137888
2.29	0.591681	1.43923	1.96366	-0.0982488	-0.133736
2.295	0.593597	1.44385	1.96415	-0.0930135	-0.129618
2.3	0.595516	1.44847	1.96461	-0.0878549	-0.125533
2.305	0.597437	1.45308	1.96505	-0.0827721	-0.121481
2.31	0.599359	1.4577	1.96547	-0.0777644	-0.117462
2.315	0.601284	1.46231	1.96586	-0.0728308	-0.113475
2.32	0.60321	1.46693	1.96622	-0.0679706	-0.109521
2.325	0.605137	1.47154	1.96656	-0.063183	-0.105599
2.33	0.607066	1.47615	1.96688	-0.0584672	-0.10171
2.335	0.608996	1.48077	1.96717	-0.0538222	-0.097852
2.34	0.610928	1.48538	1.96744	-0.0492474	-0.0940261
2.345	0.612861	1.48999	1.96768	-0.0447419	-0.0902318
2.35	0.614795	1.4946	1.96791	-0.0403049	-0.086469
2.355	0.616729	1.49921	1.96811	-0.0359356	-0.0827374
2.36	0.618665	1.50382	1.96829	-0.0316333	-0.0790369
2.365	0.620601	1.50843	1.96845	-0.027397	-0.0753674
2.37	0.622538	1.51304	1.96858	-0.0232262	-0.0717286
2.375	0.624475	1.51765	1.9687	-0.0191199	-0.0681203
2.38	0.626413	1.52226	1.9688	-0.0150773	-0.0645424
2.385	0.628352	1.52687	1.96887	-0.0110978	-0.0609947
2.39	0.63029	1.53148	1.96893	-0.0071806	-0.057477
2.395	0.632229	1.53609	1.96896	-0.00332487	-0.0539892
2.4	0.634167	1.54069	1.96898	0.000470102	-0.050531
2.405	0.636106	1.5453	1.96898	0.00420507	-0.0471023
2.41	0.638045	1.54991	1.96896	0.00788077	-0.0437029
2.415	0.639983	1.55452	1.96892	0.0114979	-0.0403326
2.42	0.641921	1.55913	1.96886	0.0150573	-0.0369913
2.425	0.643859	1.56374	1.96878	0.0185596	-0.0336786
2.43	0.645796	1.56835	1.96869	0.0220055	-0.0303946
2.435	0.647733	1.57296	1.96858	0.0253957	-0.0271389
2.44	0.64967	1.57757	1.96845	0.0287309	-0.0239115
2.445	0.651605	1.58218	1.96831	0.0320119	-0.0207121
2.45	0.65354	1.58679	1.96815	0.0352393	-0.0175405
2.455	0.655474	1.5914	1.96797	0.0384138	-0.0143966
2.46	0.657407	1.59601	1.96778	0.0415361	-0.0112802
2.465	0.65934	1.60062	1.96757	0.0446068	-0.00819111
2.47	0.661271	1.60523	1.96735	0.0476266	-0.00512916
2.475	0.663201	1.60985	1.96711	0.0505962	-0.00209417
2.48	0.66513	1.61446	1.96686	0.0535161	0.000914032
2.485	0.667058	1.61907	1.96659	0.0563871	0.00389562
2.49	0.668984	1.62369	1.96631	0.0592098	0.00685078
2.495	0.670909	1.6283	1.96601	0.0619847	0.00977966
2.5	0.672833	1.63292	1.9657	0.0647126	0.0126825
2.505	0.674755	1.63753	1.96538	0.067394	0.0155593
2.51	0.676675	1.64215	1.96504	0.0700295	0.0184105
2.515	0.678594	1.64677	1.96469	0.0726197	0.021236
2.52	0.680512	1.65138	1.96433	0.0751653	0.0240361
2.525	0.682427	1.656	1.96395	0.0776668	0.026811
2.53	0.684341	1.66062	1.96357	0.0801247	0.0295608
2.535	0.686253	1.66524	1.96317	0.0825398	0.0322857
2.54	0.688163	1.66986	1.96275	0.0849124	0.0349859
2.545	0.690071	1.67448	1.96233	0.0872432	0.0376614
2.55	0.691977	1.67911	1.96189	0.0895328	0.0403126
2.555	0.693881	1.68373	1.96144	0.0917816	0.0429395
2.56	0.695783	1.68835	1.96099	0.0939902	0.0455422
2.565	0.697682	1.69298	1.96052	0.0961592	0.0481211
2.57	0.69958	1.6976	1.96003	0.098289	0.0506761
2.575	0.701475	1.70223	1.95954	0.10038	0.0532076
2.58	0.703368	1.70686	1.95904	0.102433	0.0557156
2.585	0.705258	1.71149	1.95853	0.104449	0.0582002
2.59	0.707146	1.71612	1.95801	0.106427	0.0606617
2.595	0.709032	1.72075	1.95747	0.108369	0.0631002
2.6	0.710915	1.72538	1.95693	0.110275	0.0655158
2.605	0.712795	1.73001	1.95638	0.112145	0.0679088
2.61	0.714673	1.73465	1.95582	0.11398	0.0702791
2.615	0.716548	1.73928	1.95525	0.115781	0.0726271
2.62	0.718421	1.74392	1.95467	0.117547	0.0749528
2.625	0.720291	1.74856	1.95408	0.119279	0.0772564
2.63	0.722158	1.75319	1.95349	0.120978	0.079538
2.635	0.724022	1.75783	1.95288	0.122644	0.0817978
2.64	0.725884	1.76247	1.95227	0.124278	0.0840359
2.645	0.727742	1.76712	1.95165	0.12588	0.0862525
2.65	0.729598	1.77176	1.95102	0.12745	0.0884476
2.655	0.731451	1.7764	1.95038	0.128989	0.0906215
2.66	0.7333	1.78105	1.94974	0.130497	0.0927743
2.665	0.735147	1.7857	1.94908	0.131975	0.0949061
2.67	0.73699	1.79034	1.94842	0.133424	0.097017
2.675	0.738831	1.79499	1.94776	0.134842	0.0991072
2.68	0.740668	1.79964	1.94708	0.136232	0.101177
2.685	0.742502	1.80429	1.9464	0.137593	0.103226
2.69	0.744333	1.80895	1.94571	0.138925	0.105255
2.695	0.746161	1.8136	1.94502	0.14023	0.107263
2.7	0.747986	1.81826	1.94432	0.141507	0.109252
2.705	0.749807	1.82291	1.94361	0.142757	0.111221
2.71	0.751625	1.82757	1.9429	0.14398	0.11317
2.715	0.753439	1.83223	1.94218	0.145177	0.115099
2.72	0.75525	1.83689	1.94145	0.146348	0.117008
2.725	0.757058	1.84155	1.94072	0.147493	0.118898
2.73	0.758862	1.84621	1.93998	0.148612	0.120769
2.735	0.760663	1.85088	1.93924	0.149707	0.122621
2.74	0.762461	1.85554	1.93849	0.150777	0.124454
2.745	0.764254	1.86021	1.93774	0.151822	0.126267
2.75	0.766045	1.86488	1.93698	0.152843	0.128062
2.755	0.767831	1.86955	1.93621	0.153841	0.129838
2.76	0.769614	1.87422	1.93544	0.154815	0.131596
2.765	0.771394	1.87889	1.93467	0.155767	0.133335
2.77	0.77317	1.88357	1.93389	0.156695	0.135055
2.775	0.774942	1.88824	1.93311	0.157601	0.136757
2.78	0.77671	1.89292	1.93232	0.158485	0.138442
2.785	0.778475	1.8976	1.93153	0.159347	0.140108
2.79	0.780236	1.90228	1.93073	0.160188	0.141756
2.795	0.781994	1.90696	1.92993	0.161007	0.143387
2.8	0.783747	1.91164	1.92912	0.161806	0.144999
2.805	0.785497	1.91632	1.92832	0.162584	0.146594
2.81	0.787243	1.92101	1.9275	0.163341	0.148172
2.815	0.788985	1.9257	1.92669	0.164078	0.149732
2.82	0.790723	1.93038	1.92587	0.164796	0.151275
2.825	0.792458	1.93507	1.92504	0.165494	0.152801
2.83	0.794188	1.93977	1.92421	0.166172	0.15431
2.835	0.795915	1.94446	1.92338	0.166832	0.155801
2.84	0.797637	1.94915	1.92255	0.167473	0.157276
2.845	0.799356	1.95385	1.92171	0.168095	0.158734
2.85	0.801071	1.95854	1.92087	0.168699	0.160176
2.855	0.802782	1.96324	1.92003	0.169285	0.161601
2.86	0.804489	1.96794	1.91918	0.169854	0.163009
2.865	0.806192	1.97264	1.91833	0.170405	0.164401
2.87	0.807891	1.97735	1.91748	0.170939	0.165776
2.875	0.809586	1.98205	1.91662	0.171455	0.167136
2.88	0.811276	1.98675	1.91577	0.171955	0.168479
2.885	0.812963	1.99146	1.91491	0.172439	0.169807
2.89	0.814646	1.99617	1.91405	0.172906	0.171118
2.895	0.816325	2.00088	1.91318	0.173357	0.172414
2.9	0.817999	2.00559	1.91231	0.173792	0.173694
2.905	0.81967	2.0103	1.91145	0.174211	0.174958
2.91	0.821336	2.01502	1.91057	0.174615	0.176207
2.915	0.822998	2.01973	1.9097	0.175004	0.17744
2.92	0.824657	2.02445	1.90883	0.175378	0.178658
2.925	0.826311	2.02917	1.90795	0.175737	0.17986
2.93	0.82796	2.03389	1.90707	0.176082	0.181048
2.935	0.829606	2.03861	1.90619	0.176412	0.18222
2.94	0.831248	2.04333	1.90531	0.176728	0.183377
2.945	0.832885	2.04806	1.90442	0.17703	0.184519
2.95	0.834518	2.05278	1.90354	0.177318	0.185647
2.955	0.836147	2.05751	1.90265	0.177593	0.186759
2.96	0.837772	2.06224	1.90176	0.177854	0.187857
2.965	0.839393	2.06697	1.90088	0.178102	0.188941
2.97	0.841009	2.0717	1.89999	0.178338	0.190009
2.975	0.842621	2.07643	1.89909	0.17856	0.191064
2.98	0.844229	2.08117	1.8982	0.17877	0.192104
2.985	0.845833	2.0859	1.89731	0.178967	0.193129
2.99	0.847432	2.09064	1.89641	0.179152	0.194141
2.995	0.849027	2.09538	1.89552	0.179325	0.195138
3	0.850618	2.10012	1.89462	0.179486	0.196121
3.005	0.852205	2.10486	1.89372	0.179635	0.19709
3.01	0.853788	2.1096	1.89282	0.179773	0.198045
3.015	0.855366	2.11435	1.89193	0.179899	0.198987
3.02	0.85694	2.11909	1.89103	0.180014	0.199915
3.025	0.858509	2.12384	1.89013	0.180118	0.200829
3.03	0.860075	2.12859	1.88922	0.180211	0.201729
3.035	0.861636	2.13334	1.88832	0.180293	0.202616
3.04	0.863193	2.13809	1.88742	0.180365	0.203489
3.045	0.864745	2.14284	1.88652	0.180426	0.204349
3.05	0.866293	2.1476	1.88562	0.180477	0.205195
3.055	0.867837	2.15235	1.88472	0.180518	0.206029
3.06	0.869377	2.15711	1.88381	0.180549	0.206849
3.065	0.870912	2.16187	1.88291	0.18057	0.207656
3.07	0.872443	2.16663	1.88201	0.180581	0.20845
3.075	0.87397	2.17139	1.8811	0.180583	0.209231
3.08	0.875493	2.17615	1.8802	0.180575	0.209999
3.085	0.877011	2.18092	1.8793	0.180559	0.210754
3.09	0.878525	2.18568	1.8784	0.180533	0.211496
3.095	0.880034	2.19045	1.87749	0.180498	0.212226
3.1	0.881539	2.19522	1.87659	0.180454	0.212943
3.105	0.88304	2.19999	1.87569	0.180401	0.213647
3.11	0.884537	2.20476	1.87479	0.18034	0.214339
3.115	0.886029	2.20953	1.87389	0.180271	0.215018
3.12	0.887517	2.2143	1.87298	0.180193	0.215685
3.125	0.889001	2.21908	1.87208	0.180107	0.21634
3.13	0.890481	2.22385	1.87118	0.180013	0.216982
3.135	0.891956	2.22863	1.87028	0.179911	0.217612
3.14	0.893427	2.23341	1.86938	0.179801	0.21823
3.145	0.894893	2.23819	1.86848	0.179684	0.218836
3.15	0.896355	2.24297	1.86759	0.179559	0.21943
3.155	0.897813	2.24775	1.86669	0.179427	0.220012
3.16	0.899267	2.25254	1.86579	0.179287	0.220582
3.165	0.900716	2.25732	1.86489	0.17914	0.22114
3.17	0.902162	2.26211	1.864	0.178986	0.221686
3.175	0.903602	2.2669	1.8631	0.178825	0.222221
3.18	0.905039	2.27169	1.86221	0.178657	0.222744
3.185	0.906471	2.27648	1.86132	0.178483	0.223255
3.19	0.907899	2.28127	1.86042	0.178301	0.223755
3.195	0.909323	2.28606	1.85953	0.178114	0.224243
3.2	0.910742	2.29086	1.85864	0.17792	0.22472
3.205	0.912157	2.29565	1.85775	0.177719	0.225185
3.21	0.913568	2.30045	1.85686	0.177513	0.225639
3.215	0.914975	2.30525	1.85598	0.1773	0.226082
3.22	0.916377	2.31005	1.85509	0.177082	0.226513
3.225	0.917775	2.31485	1.8542	0.176857	0.226933
3.23	0.919169	2.31965	1.85332	0.176627	0.227342
3.235	0.920559	2.32445	1.85244	0.176391	0.227741
3.24	0.921944	2.32926	1.85155	0.176149	0.228128
3.245	0.923326	2.33406	1.85067	0.175902	0.228504
3.25	0.924703	2.33887	1.84979	0.17565	0.228869
3.255	0.926075	2.34368	1.84892	0.175392	0.229223
3.26	0.927444	2.34849	1.84804	0.175129	0.229567
3.265	0.928808	2.3533	1.84716	0.174861	0.229899
3.27	0.930168	2.35811	1.84629	0.174588	0.230221
3.275	0.931524	2.36292	1.84542	0.174311	0.230533
3.28	0.932876	2.36773	1.84454	0.174028	0.230833
3.285	0.934223	2.37255	1.84367	0.173741	0.231124
3.29	0.935567	2.37736	1.84281	0.173449	0.231403
3.295	0.936906	2.38218	1.84194	0.173152	0.231672
3.3	0.938241	2.387	1.84107	0.172851	0.231931
3.305	0.939572	2.39182	1.84021	0.172546	0.23218
3.31	0.940898	2.39664	1.83935	0.172236	0.232418
3.315	0.942221	2.40146	1.83848	0.171922	0.232646
3.32	0.943539	2.40629	1.83762	0.171604	0.232863
3.325	0.944854	2.41111	1.83677	0.171282	0.233071
3.33	0.946164	2.41594	1.83591	0.170956	0.233268
3.335	0.94747	2.42076	1.83506	0.170626	0.233455
3.34	0.948771	2.42559	1.8342	0.170293	0.233633
3.345	0.950069	2.43042	1.83335	0.169955	0.2338
3.35	0.951363	2.43525	1.8325	0.169615	0.233957
3.355	0.952652	2.44008	1.83165	0.16927	0.234104
3.36	0.953938	2.44491	1.83081	0.168922	0.234242
3.365	0.955219	2.44974	1.82996	0.168571	0.23437
3.37	0.956497	2.45458	1.82912	0.168216	0.234488
3.375	0.95777	2.45941	1.82828	0.167858	0.234596
3.38	0.959039	2.46425	1.82744	0.167497	0.234694
3.385	0.960304	2.46909	1.8266	0.167133	0.234783
3.39	0.961565	2.47393	1.82577	0.166766	0.234863
3.395	0.962822	2.47876	1.82493	0.166396	0.234933
3.4	0.964075	2.4836	1.8241	0.166022	0.234993
3.405	0.965324	2.48845	1.82327	0.165647	0.235044
3.41	0.966569	2.49329	1.82244	0.165268	0.235085
3.415	0.96781	2.49813	1.82162	0.164887	0.235117
3.42	0.969047	2.50298	1.82079	0.164503	0.23514
3.425	0.97028	2.50782	1.81997	0.164117	0.235154
3.43	0.971509	2.51267	1.81915	0.163728	0.235158
3.435	0.972734	2.51752	1.81833	0.163337	0.235153
3.44	0.973955	2.52237	1.81751	0.162943	0.235139
3.445	0.975173	2.52721	1.8167	0.162547	0.235115
3.45	0.976386	2.53207	1.81589	0.162149	0.235083
3.455	0.977595	2.53692	1.81507	0.161749	0.235042
3.46	0.9788	2.54177	1.81427	0.161347	0.234991
3.465	0.980002	2.54662	1.81346	0.160943	0.234932
3.47	0.981199	2.55148	1.81265	0.160537	0.234863
3.475	0.982393	2.55633	1.81185	0.160129	0.234786
3.48	0.983583	2.56119	1.81105	0.159719	0.2347
3.485	0.984769	2.56605	1.81025	0.159307	0.234605
3.49	0.985951	2.57091	1.80946	0.158894	0.234502
3.495	0.987129	2.57576	1.80866	0.158479	0.234389
3.5	0.988303	2.58062	1.80787	0.158062	0.234268
3.505	0.989473	2.58549	1.80708	0.157644	0.234139
3.51	0.99064	2.59035	1.80629	0.157225	0.234
3.515	0.991803	2.59521	1.8055	0.156804	0.233854
3.52	0.992962	2.60007	1.80472	0.156381	0.233698
3.525	0.994117	2.60494	1.80394	0.155958	0.233534
3.53	0.995268	2.6098	1.80316	0.155533	0.233362
3.535	0.996416	2.61467	1.80238	0.155107	0.233181
3.54	0.99756	2.61954	1.80161	0.15468	0.232992
3.545	0.9987	2.62441	1.80083	0.154252	0.232794
3.55	0.999836	2.62928	1.80006	0.153823	0.232588
3.555	1.00097	2.63415	1.79929	0.153392	0.232374
3.56	1.0021	2.63902	1.79852	0.152961	0.232152
3.565	1.00322	2.64389	1.79776	0.152529	0.231921
3.57	1.00434	2.64876	1.797	0.152097	0.231682
3.575	1.00546	2.65363	1.79624	0.151663	0.231436
3.58	1.00658	2.65851	1.79548	0.151229	0.231181
3.585	1.00769	2.66338	1.79472	0.150794	0.230917
3.59	1.00879	2.66826	1.79397	0.150359	0.230646
3.595	1.0099	2.67314	1.79322	0.149923	0.230367
3.6	1.01099	2.67801	1.79247	0.149486	0.23008
3.605	1.01209	2.68289	1.79172	0.149049	0.229785
3.61	1.01318	2.68777	1.79097	0.148612	0.229482
3.615	1.01427	2.69265	1.79023	0.148174	0.229171
3.62	1.01536	2.69753	1.78949	0.147736	0.228853
3.625	1.01644	2.70242	1.78875	0.147298	0.228526
3.63	1.01751	2.7073	1.78801	0.146859	0.228192
3.635	1.01859	2.71218	1.78728	0.14642	0.22785
3.64	1.01966	2.71707	1.78655	0.145982	0.227501
3.645	1.02073	2.72195	1.78582	0.145543	0.227143
3.65	1.02179	2.72684	1.78509	0.145104	0.226779
3.655	1.02285	2.73172	1.78437	0.144665	0.226406
3.66	1.0239	2.73661	1.78364	0.144226	0.226026
3.665	1.02496	2.7415	1.78292	0.143787	0.225638
3.67	1.02601	2.74639	1.7822	0.143349	0.225243
3.675	1.02705	2.75128	1.78149	0.14291	0.224841
3.68	1.02809	2.75617	1.78077	0.142472	0.224431
3.685	1.02913	2.76106	1.78006	0.142034	0.224013
3.69	1.03017	2.76595	1.77935	0.141597	0.223589
3.695	1.0312	2.77084	1.77864	0.141159	0.223157
3.7	1.03223	2.77573	1.77793	0.140723	0.222717
3.705	1.03325	2.78063	1.77723	0.140286	0.222271
3.71	1.03427	2.78552	1.77653	0.13985	0.221817
3.715	1.03529	2.79042	1.77583	0.139415	0.221356
3.72	1.03631	2.79531	1.77513	0.13898	0.220887
3.725	1.03732	2.80021	1.77444	0.138546	0.220412
3.73	1.03833	2.80511	1.77375	0.138112	0.219929
3.735	1.03933	2.81001	1.77305	0.137679	0.21944
3.74	1.04033	2.8149	1.77237	0.137247	0.218943
3.745	1.04133	2.8198	1.77168	0.136816	0.218439
3.75	1.04232	2.8247	1.771	0.136385	0.217928
3.755	1.04331	2.8296	1.77031	0.135955	0.217411
3.76	1.0443	2.83451	1.76963	0.135527	0.216886
3.765	1.04529	2.83941	1.76896	0.135099	0.216354
3.77	1.04627	2.84431	1.76828	0.134672	0.215816
3.775	1.04725	2.84921	1.76761	0.134245	0.215271
3.78	1.04822	2.85412	1.76694	0.13382	0.214719
3.785	1.04919	2.85902	1.76627	0.133396	0.21416
3.79	1.05016	2.86393	1.7656	0.132974	0.213594
3.795	1.05112	2.86883	1.76494	0.132552	0.213022
3.8	1.05209	2.87374	1.76427	0.132131	0.212443
3.805	1.05304	2.87865	1.76361	0.131712	0.211857
3.81	1.054	2.88356	1.76295	0.131294	0.211264
3.815	1.05495	2.88847	1.7623	0.130877	0.210665
3.82	1.0559	2.89337	1.76164	0.130461	0.21006
3.825	1.05684	2.89828	1.76099	0.130047	0.209448
3.83	1.05779	2.90319	1.76034	0.129634	0.208829
3.835	1.05872	2.90811	1.75969	0.129223	0.208204
3.84	1.05966	2.91302	1.75905	0.128813	0.207572
3.845	1.06059	2.91793	1.7584	0.128404	0.206934
3.85	1.06152	2.92284	1.75776	0.127997	0.20629
3.855	1.06245	2.92776	1.75712	0.127591	0.205639
3.86	1.06337	2.93267	1.75648	0.127187	0.204981
3.865	1.06429	2.93758	1.75585	0.126785	0.204318
3.87	1.06521	2.9425	1.75521	0.126384	0.203648
3.875	1.06612	2.94742	1.75458	0.125985	0.202972
3.88	1.06703	2.95233	1.75395	0.125588	0.202289
3.885	1.06794	2.95725	1.75332	0.125192	0.201601
3.89	1.06884	2.96217	1.7527	0.124798	0.200906
3.895	1.06975	2.96708	1.75207	0.124406	0.200205
3.9	1.07064	2.972	1.75145	0.124016	0.199498
3.905	1.07154	2.97692	1.75083	0.123627	0.198784
3.91	1.07243	2.98184	1.75021	0.123241	0.198065
3.915	1.07332	2.98676	1.7496	0.122856	0.19734
3.92	1.07421	2.99168	1.74898	0.122473	0.196608
3.925	1.07509	2.9966	1.74837	0.122093	0.195871
3.93	1.07597	3.00153	1.74776	0.121714	0.195127
3.935	1.07685	3.00645	1.74715	0.121337	0.194378
3.94	1.07772	3.01137	1.74654	0.120962	0.193623
3.945	1.07859	3.0163	1.74594	0.12059	0.192861
3.95	1.07946	3.02122	1.74534	0.120219	0.192094
3.955	1.08033	3.02614	1.74473	0.11985	0.191321
3.96	1.08119	3.03107	1.74414	0.119484	0.190543
3.965	1.08205	3.036	1.74354	0.11912	0.189758
3.97	1.08291	3.04092	1.74294	0.118758	0.188968
3.975	1.08376	3.04585	1.74235	0.118399	0.188172
3.98	1.08461	3.05077	1.74176	0.118041	0.18737
3.985	1.08546	3.0557	1.74117	0.117686	0.186563
3.99	1.0863	3.06063	1.74058	0.117333	0.185749
3.995	1.08714	3.06556	1.73999	0.116983	0.184931
4	1.08798	3.07049	1.73941	0.116635	0.184106
4.005	1.08882	3.07542	1.73882	0.116289	0.183276
4.01	1.08965	3.08035	1.73824	0.115946	0.182441
4.015	1.09048	3.08528	1.73766	0.115605	0.1816
4.02	1.09131	3.09021	1.73708	0.115266	0.180753
4.025	1.09214	3.09514	1.73651	0.11493	0.179901
4.03	1.09296	3.10007	1.73593	0.114597	0.179044
4.035	1.09378	3.10501	1.73536	0.114266	0.178181
4.04	1.09459	3.10994	1.73479	0.113938	0.177313
4.045	1.09541	3.11487	1.73422	0.113612	0.176439
4.05	1.09622	3.11981	1.73365	0.113289	0.17556
4.055	1.09702	3.12474	1.73308	0.112969	0.174675
4.06	1.09783	3.12967	1.73252	0.112651	0.173786
4.065	1.09863	3.13461	1.73196	0.112336	0.172891
4.07	1.09943	3.13955	1.73139	0.112023	0.17199
4.075	1.10023	3.14448	1.73083	0.111714	0.171085
4.08	1.10102	3.14942	1.73028	0.111407	0.170174
4.085	1.10181	3.15436	1.72972	0.111103	0.169258
4.09	1.1026	3.15929	1.72916	0.110801	0.168337
4.095	1.10339	3.16423	1.72861	0.110503	0.167411
4.1	1.10417	3.16917	1.72806	0.110207	0.16648
4.105	1.10495	3.17411	1.72751	0.109914	0.165543
4.11	1.10573	3.17905	1.72696	0.109624	0.164602
4.115	1.1065	3.18399	1.72641	0.109337	0.163655
4.12	1.10728	3.18893	1.72586	0.109053	0.162704
4.125	1.10805	3.19387	1.72532	0.108771	0.161747
4.13	1.10881	3.19881	1.72477	0.108493	0.160786
4.135	1.10958	3.20375	1.72423	0.108218	0.15982
4.14	1.11034	3.20869	1.72369	0.107945	0.158848
4.145	1.1111	3.21363	1.72315	0.107676	0.157872
4.15	1.11185	3.21857	1.72261	0.10741	0.156891
4.155	1.11261	3.22352	1.72207	0.107147	0.155905
4.16	1.11336	3.22846	1.72154	0.106886	0.154914
4.165	1.11411	3.2334	1.721	0.106629	0.153919
4.17	1.11485	3.23835	1.72047	0.106376	0.152918
4.175	1.11559	3.24329	1.71994	0.106125	0.151913
4.18	1.11633	3.24824	1.71941	0.105877	0.150903
4.185	1.11707	3.25318	1.71888	0.105633	0.149889
4.19	1.11781	3.25813	1.71835	0.105391	0.14887
4.195	1.11854	3.26308	1.71782	0.105153	0.147846
4.2	1.11927	3.26802	1.7173	0.104919	0.146817
4.205	1.12	3.27297	1.71677	0.104687	0.145784
4.21	1.12072	3.27792	1.71625	0.104459	0.144747
4.215	1.12144	3.28286	1.71573	0.104234	0.143705
4.22	1.12216	3.28781	1.71521	0.104012	0.142658
4.225	1.12288	3.29276	1.71469	0.103794	0.141606
4.23	1.1236	3.29771	1.71417	0.103578	0.140551
4.235	1.12431	3.30266	1.71365	0.103367	0.13949
4.24	1.12502	3.30761	1.71313	0.103158	0.138426
4.245	1.12572	3.31256	1.71262	0.102953	0.137357
4.25	1.12643	3.31751	1.7121	0.102752	0.136283
4.255	1.12713	3.32246	1.71159	0.102554	0.135205
4.26	1.12783	3.32741	1.71108	0.102359	0.134123
4.265	1.12852	3.33236	1.71056	0.102168	0.133036
4.27	1.12922	3.33731	1.71005	0.10198	0.131946
4.275	1.12991	3.34226	1.70954	0.101795	0.13085
4.28	1.1306	3.34722	1.70903	0.101615	0.129751
4.285	1.13129	3.35217	1.70853	0.101437	0.128647
4.29	1.13197	3.35712	1.70802	0.101264	0.12754
4.295	1.13265	3.36207	1.70751	0.101093	0.126427
4.3	1.13333	3.36703	1.70701	0.100927	0.125311
4.305	1.13401	3.37198	1.7065	0.100763	0.124191
4.31	1.13468	3.37694	1.706	0.100604	0.123066
4.315	1.13535	3.38189	1.7055	0.100448	0.121938
4.32	1.13602	3.38685	1.70499	0.100296	0.120805
4.325	1.13669	3.3918	1.70449	0.100147	0.119668
4.33	1.13735	3.39676	1.70399	0.100002	0.118528
4.335	1.13801	3.40171	1.70349	0.0998604	0.117383
4.34	1.13867	3.40667	1.70299	0.0997227	0.116234
4.345	1.13933	3.41163	1.70249	0.0995886	0.115081
4.35	1.13998	3.41658	1.702	0.0994583	0.113925
4.355	1.14063	3.42154	1.7015	0.0993316	0.112764
4.36	1.14128	3.4265	1.701	0.0992087	0.111599
4.365	1.14193	3.43146	1.70051	0.0990895	0.110431
4.37	1.14257	3.43641	1.70001	0.0989741	0.109259
4.375	1.14322	3.44137	1.69951	0.0988624	0.108083
4.38	1.14386	3.44633	1.69902	0.0987545	0.106903
4.385	1.14449	3.45129	1.69853	0.0986504	0.105719
4.39	1.14513	3.45625	1.69803	0.0985501	0.104532
4.395	1.14576	3.46121	1.69754	0.0984536	0.103341
4.4	1.14639	3.46617	1.69705	0.0983609	0.102146
4.405	1.14702	3.47113	1.69656	0.0982721	0.100947
4.41	1.14764	3.47609	1.69607	0.0981871	0.099745
4.415	1.14826	3.48105	1.69557	0.098106	0.0985391
4.42	1.14888	3.48602	1.69508	0.0980287	0.0973296
4.425	1.1495	3.49098	1.69459	0.0979553	0.0961164
4.43	1.15011	3.49594	1.6941	0.0978859	0.0948997
4.435	1.15073	3.5009	1.69361	0.0978203	0.0936794
4.44	1.15134	3.50586	1.69313	0.0977586	0.0924556
4.445	1.15195	3.51083	1.69264	0.0977009	0.0912282
4.45	1.15255	3.51579	1.69215	0.0976471	0.0899974
4.455	1.15315	3.52075	1.69166	0.0975972	0.088763
4.46	1.15375	3.52572	1.69117	0.0975513	0.0875253
4.465	1.15435	3.53068	1.69068	0.0975094	0.086284
4.47	1.15495	3.53565	1.6902	0.0974715	0.0850394
4.475	1.15554	3.54061	1.68971	0.0974375	0.0837914
4.48	1.15613	3.54558	1.68922	0.0974076	0.08254
4.485	1.15672	3.55054	1.68874	0.0973816	0.0812853
4.49	1.15731	3.55551	1.68825	0.0973597	0.0800272
4.495	1.15789	3.56047	1.68776	0.0973418	0.0787659
4.5	1.15847	3.56544	1.68727	0.0973279	0.0775012
4.505	1.15905	3.5704	1.68679	0.0973181	0.0762334
4.51	1.15962	3.57537	1.6863	0.0973123	0.0749622
4.515	1.1602	3.58034	1.68581	0.0973106	0.0736879
4.52	1.16077	3.58531	1.68533	0.097313	0.0724104
4.525	1.16134	3.59027	1.68484	0.0973194	0.0711297
4.53	1.16191	3.59524	1.68436	0.09733	0.0698458
4.535	1.16247	3.60021	1.68387	0.0973446	0.0685588
4.54	1.16303	3.60518	1.68338	0.0973634	0.0672688
4.545	1.16359	3.61015	1.68289	0.0973862	0.0659756
4.55	1.16415	3.61511	1.68241	0.0974132	0.0646794
4.555	1.1647	3.62008	1.68192	0.0974443	0.0633801
4.56	1.16525	3.62505	1.68143	0.0974796	0.0620778
4.565	1.1658	3.63002	1.68095	0.097519	0.0607726
4.57	1.16635	3.63499	1.68046	0.0975626	0.0594643
4.575	1.1669	3.63996	1.67997	0.0976103	0.0581531
4.58	1.16744	3.64493	1.67948	0.0976622	0.056839
4.585	1.16798	3.6499	1.67899	0.0977182	0.0555219
4.59	1.16852	3.65488	1.67851	0.0977785	0.054202
4.595	1.16905	3.65985	1.67802	0.0978429	0.0528792
4.6	1.16958	3.66482	1.67753	0.0979116	0.0515535
4.605	1.17011	3.66979	1.67704	0.0979844	0.0502251
4.61	1.17064	3.67476	1.67655	0.0980615	0.0488938
4.615	1.17117	3.67973	1.67606	0.0981428	0.0475597
4.62	1.17169	3.68471	1.67557	0.0982283	0.0462229
4.625	1.17221	3.68968	1.67508	0.098318	0.0448834
4.63	1.17273	3.69465	1.67458	0.098412	0.0435411
4.635	1.17324	3.69963	1.67409	0.0985102	0.0421961
4.64	1.17376	3.7046	1.6736	0.0986127	0.0408485
4.645	1.17427	3.70957	1.67311	0.0987194	0.0394982
4.65	1.17478	3.71455	1.67261	0.0988304	0.0381453
4.655	1.17528	3.71952	1.67212	0.0989456	0.0367897
4.66	1.17578	3.7245	1.67162	0.0990652	0.0354316
4.665	1.17629	3.72947	1.67113	0.099189	0.0340709
4.67	1.17678	3.73445	1.67063	0.0993171	0.0327077
4.675	1.17728	3.73942	1.67014	0.0994494	0.031342
4.68	1.17777	3.7444	1.66964	0.0995861	0.0299737
4.685	1.17826	3.74937	1.66914	0.0997271	0.028603
4.69	1.17875	3.75435	1.66864	0.0998724	0.0272298
4.695	1.17924	3.75933	1.66814	0.100022	0.0258542
4.7	1.17972	3.7643	1.66764	0.100176	0.0244761
4.705	1.1802	3.76928	1.66714	0.100334	0.0230957
4.71	1.18068	3.77426	1.66664	0.100497	0.0217128
4.715	1.18116	3.77923	1.66614	0.100663	0.0203277
4.72	1.18163	3.78421	1.66563	0.100835	0.0189402
4.725	1.1821	3.78919	1.66513	0.10101	0.0175504
4.73	1.18257	3.79417	1.66463	0.10119	0.0161583
4.735	1.18304	3.79915	1.66412	0.101374	0.0147639
4.74	1.1835	3.80412	1.66361	0.101563	0.0133673
4.745	1.18396	3.8091	1.66311	0.101756	0.0119685
4.75	1.18442	3.81408	1.6626	0.101953	0.0105674
4.755	1.18487	3.81906	1.66209	0.102155	0.0091642
4.76	1.18533	3.82404	1.66158	0.102361	0.00775882
4.765	1.18578	3.82902	1.66106	0.102571	0.0063513
4.77	1.18623	3.834	1.66055	0.102786	0.00494167
4.775	1.18667	3.83898	1.66004	0.103005	0.00352993
4.78	1.18712	3.84396	1.65952	0.103228	0.00211612
4.785	1.18756	3.84894	1.65901	0.103456	0.000700259
4.79	1.18799	3.85392	1.65849	0.103688	-0.000717637
4.795	1.18843	3.8589	1.65797	0.103925	-0.00213754
4.8	1.18886	3.86388	1.65745	0.104166	-0.00355944
4.805	1.18929	3.86887	1.65693	0.104411	-0.00498331
4.81	1.18972	3.87385	1.65641	0.104661	-0.00640912
4.815	1.19014	3.87883	1.65588	0.104915	-0.00783686
4.82	1.19057	3.88381	1.65536	0.105174	-0.00926651
4.825	1.19099	3.88879	1.65483	0.105437	-0.010698
4.83	1.1914	3.89378	1.65431	0.105704	-0.0121314
4.835	1.19182	3.89876	1.65378	0.105976	-0.0135667
4.84	1.19223	3.90374	1.65325	0.106252	-0.0150037
4.845	1.19264	3.90873	1.65272	0.106533	-0.0164426
4.85	1.19305	3.91371	1.65218	0.106817	-0.0178832
4.855	1.19345	3.91869	1.65165	0.107107	-0.0193256
4.86	1.19385	3.92368	1.65111	0.107401	-0.0207697
4.865	1.19425	3.92866	1.65058	0.107699	-0.0222155
4.87	1.19465	3.93364	1.65004	0.108001	-0.0236631
4.875	1.19504	3.93863	1.6495	0.108309	-0.0251122
4.88	1.19543	3.94361	1.64896	0.10862	-0.0265631
4.885	1.19582	3.9486	1.64841	0.108936	-0.0280156
4.89	1.1962	3.95358	1.64787	0.109256	-0.0294696
4.895	1.19658	3.95857	1.64732	0.109581	-0.0309253
4.9	1.19696	3.96355	1.64678	0.10991	-0.0323825
4.905	1.19734	3.96854	1.64623	0.110243	-0.0338413
4.91	1.19771	3.97353	1.64568	0.110581	-0.0353016
4.915	1.19809	3.97851	1.64512	0.110924	-0.0367634
4.92	1.19845	3.9835	1.64457	0.111271	-0.0382267
4.925	1.19882	3.98849	1.64401	0.111622	-0.0396914
4.93	1.19918	3.99347	1.64345	0.111978	-0.0411576
4.935	1.19954	3.99846	1.64289	0.112338	-0.0426252
4.94	1.1999	4.00345	1.64233	0.112702	-0.0440941
4.945	1.20025	4.00843	1.64177	0.113071	-0.0455645
4.95	1.20061	4.01342	1.6412	0.113444	-0.0470362
4.955	1.20096	4.01841	1.64064	0.113822	-0.0485092
4.96	1.2013	4.0234	1.64007	0.114204	-0.0499836
4.965	1.20164	4.02839	1.6395	0.114591	-0.0514592
4.97	1.20198	4.03337	1.63892	0.114982	-0.0529361
4.975	1.20232	4.03836	1.63835	0.115377	-0.0544142
4.98	1.20266	4.04335	1.63777	0.115777	-0.0558936
4.985	1.20299	4.04834	1.63719	0.116182	-0.0573741
4.99	1.20332	4.05333	1.63661	0.11659	-0.0588559
4.995	1.20364	4.05832	1.63603	0.117004	-0.0603388
5	1.20397	4.06331	1.63544	0.117421	-0.0618228
5.005	1.20429	4.0683	1.63486	0.117843	-0.063308
5.01	1.2046	4.07329	1.63427	0.118269	-0.0647942
5.015	1.20492	4.07828	1.63368	0.1187	-0.0662815
5.02	1.20523	4.08327	1.63308	0.119136	-0.0677699
5.025	1.20554	4.08826	1.63249	0.119575	-0.0692593
5.03	1.20584	4.09325	1.63189	0.120019	-0.0707497
5.035	1.20614	4.09824	1.63129	0.120468	-0.0722411
5.04	1.20644	4.10323	1.63069	0.120921	-0.0737334
5.045	1.20674	4.10822	1.63008	0.121378	-0.0752267
5.05	1.20703	4.11321	1.62947	0.12184	-0.076721
5.055	1.20732	4.11821	1.62887	0.122306	-0.0782161
5.06	1.20761	4.1232	1.62825	0.122776	-0.0797121
5.065	1.20789	4.12819	1.62764	0.123251	-0.081209
5.07	1.20818	4.13318	1.62702	0.123731	-0.0827067
5.075	1.20845	4.13817	1.6264	0.124214	-0.0842052
5.08	1.20873	4.14317	1.62578	0.124702	-0.0857045
5.085	1.209	4.14816	1.62516	0.125195	-0.0872046
5.09	1.20927	4.15315	1.62453	0.125692	-0.0887054
5.095	1.20953	4.15814	1.62391	0.126193	-0.0902069
5.1	1.2098	4.16314	1.62327	0.126699	-0.0917092
5.105	1.21006	4.16813	1.62264	0.127209	-0.0932121
5.11	1.21031	4.17312	1.62201	0.127723	-0.0947158
5.115	1.21056	4.17812	1.62137	0.128242	-0.09622
5.12	1.21081	4.18311	1.62073	0.128766	-0.0977249
5.125	1.21106	4.18811	1.62008	0.129293	-0.0992303
5.13	1.2113	4.1931	1.61944	0.129825	-0.100736
5.135	1.21154	4.19809	1.61879	0.130362	-0.102243
5.14	1.21178	4.20309	1.61813	0.130902	-0.10375
5.145	1.21201	4.20808	1.61748	0.131447	-0.105258
5.15	1.21224	4.21308	1.61682	0.131997	-0.106766
5.155	1.21247	4.21807	1.61616	0.132551	-0.108274
5.16	1.21269	4.22307	1.6155	0.133109	-0.109783
5.165	1.21291	4.22806	1.61483	0.133671	-0.111293
5.17	1.21313	4.23306	1.61417	0.134238	-0.112803
5.175	1.21334	4.23805	1.61349	0.13481	-0.114313
5.18	1.21355	4.24305	1.61282	0.135385	-0.115824
5.185	1.21376	4.24805	1.61214	0.135965	-0.117335
5.19	1.21396	4.25304	1.61146	0.13655	-0.118846
5.195	1.21416	4.25804	1.61078	0.137138	-0.120357
5.2	1.21436	4.26303	1.6101	0.137731	-0.121869
5.205	1.21455	4.26803	1.60941	0.138328	-0.123381
5.21	1.21474	4.27303	1.60872	0.13893	-0.124893
5.215	1.21493	4.27802	1.60802	0.139536	-0.126406
5.22	1.21511	4.28302	1.60732	0.140146	-0.127919
5.225	1.21529	4.28802	1.60662	0.140761	-0.129431
5.23	1.21547	4.29301	1.60592	0.14138	-0.130944
5.235	1.21564	4.29801	1.60521	0.142003	-0.132457
5.24	1.21581	4.30301	1.6045	0.142631	-0.133971
5.245	1.21597	4.308	1.60379	0.143263	-0.135484
5.25	1.21613	4.313	1.60307	0.143899	-0.136997
5.255	1.21629	4.318	1.60235	0.144539	-0.13851
5.26	1.21644	4.323	1.60163	0.145184	-0.140024
5.265	1.2166	4.32799	1.6009	0.145833	-0.141537
5.27	1.21674	4.33299	1.60017	0.146486	-0.14305
5.275	1.21689	4.33799	1.59944	0.147144	-0.144563
5.28	1.21702	4.34299	1.59871	0.147806	-0.146076
5.285	1.21716	4.34799	1.59797	0.148472	-0.147589
5.29	1.21729	4.35298	1.59722	0.149142	-0.149102
5.295	1.21742	4.35798	1.59648	0.149817	-0.150615
5.3	1.21755	4.36298	1.59573	0.150496	-0.152127
5.305	1.21767	4.36798	1.59498	0.151179	-0.15364
5.31	1.21778	4.37298	1.59422	0.151867	-0.155152
5.315	1.2179	4.37798	1.59346	0.152558	-0.156664
5.32	1.21801	4.38298	1.5927	0.153254	-0.158175
5.325	1.21811	4.38797	1.59193	0.153954	-0.159687
5.33	1.21821	4.39297	1.59116	0.154659	-0.161197
5.335	1.21831	4.39797	1.59039	0.155368	-0.162708
5.34	1.21841	4.40297	1.58961	0.15608	-0.164218
5.345	1.2185	4.40797	1.58883	0.156798	-0.165728
5.35	1.21858	4.41297	1.58805	0.157519	-0.167238
5.355	1.21866	4.41797	1.58726	0.158244	-0.168747
5.36	1.21874	4.42297	1.58647	0.158974	-0.170255
5.365	1.21882	4.42797	1.58568	0.159708	-0.171763
5.37	1.21889	4.43297	1.58488	0.160446	-0.173271
5.375	1.21895	4.43797	1.58407	0.161189	-0.174778
5.38	1.21902	4.44297	1.58327	0.161935	-0.176285
5.385	1.21908	4.44797	1.58246	0.162686	-0.177791
5.39	1.21913	4.45297	1.58165	0.163441	-0.179296
5.395	1.21918	4.45797	1.58083	0.1642	-0.180801
5.4	1.21923	4.46297	1.58001	0.164963	-0.182305
5.405	1.21927	4.46797	1.57918	0.165731	-0.183809
5.41	1.21931	4.47297	1.57835	0.166502	-0.185311
5.415	1.21934	4.47797	1.57752	0.167278	-0.186814
5.42	1.21937	4.48297	1.57669	0.168058	-0.188315
5.425	1.21939	4.48797	1.57584	0.168842	-0.189815
5.43	1.21941	4.49297	1.575	0.16963	-0.191315
5.435	1.21943	4.49797	1.57415	0.170422	-0.192814
5.44	1.21944	4.50297	1.5733	0.171219	-0.194313
5.445	1.21945	4.50797	1.57244	0.172019	-0.19581
5.45	1.21946	4.51297	1.57158	0.172824	-0.197306
5.455	1.21946	4.51797	1.57072	0.173633	-0.198802
5.46	1.21945	4.52297	1.56985	0.174446	-0.200297
5.465	1.21944	4.52797	1.56898	0.175263	-0.20179
5.47	1.21943	4.53297	1.5681	0.176084	-0.203283
5.475	1.21941	4.53797	1.56722	0.176909	-0.204775
5.48	1.21939	4.54297	1.56634	0.177738	-0.206266
5.485	1.21936	4.54797	1.56545	0.178572	-0.207755
5.49	1.21933	4.55297	1.56456	0.179409	-0.209244
5.495	1.21929	4.55797	1.56366	0.180251	-0.210732
5.5	1.21925	4.56297	1.56276	0.181097	-0.212218
5.505	1.21921	4.56796	1.56185	0.181946	-0.213703
5.51	1.21916	4.57296	1.56094	0.1828	-0.215187
5.515	1.21911	4.57796	1.56003	0.183658	-0.21667
5.52	1.21905	4.58296	1.55911	0.18452	-0.218152
5.525	1.21899	4.58796	1.55819	0.185386	-0.219633
5.53	1.21892	4.59296	1.55726	0.186256	-0.221112
5.535	1.21885	4.59796	1.55633	0.18713	-0.22259
5.54	1.21877	4.60296	1.55539	0.188008	-0.224067
5.545	1.21869	4.60796	1.55445	0.18889	-0.225542
5.55	1.2186	4.61296	1.55351	0.189776	-0.227016
5.555	1.21851	4.61796	1.55256	0.190666	-0.228488
5.56	1.21841	4.62296	1.55161	0.19156	-0.22996
5.565	1.21831	4.62796	1.55065	0.192458	-0.231429
5.57	1.21821	4.63296	1.54969	0.19336	-0.232898
5.575	1.2181	4.63796	1.54872	0.194266	-0.234365
5.58	1.21798	4.64295	1.54775	0.195176	-0.23583
5.585	1.21786	4.64795	1.54677	0.19609	-0.237294
5.59	1.21774	4.65295	1.54579	0.197008	-0.238756
5.595	1.21761	4.65795	1.54481	0.19793	-0.240216
5.6	1.21747	4.66295	1.54382	0.198856	-0.241675
5.605	1.21733	4.66795	1.54282	0.199786	-0.243133
5.61	1.21719	4.67294	1.54183	0.200719	-0.244589
5.615	1.21704	4.67794	1.54082	0.201657	-0.246043
5.62	1.21688	4.68294	1.53981	0.202599	-0.247495
5.625	1.21672	4.68794	1.5388	0.203544	-0.248945
5.63	1.21656	4.69293	1.53778	0.204494	-0.250394
5.635	1.21639	4.69793	1.53676	0.205448	-0.251841
5.64	1.21621	4.70293	1.53573	0.206405	-0.253287
5.645	1.21603	4.70792	1.5347	0.207366	-0.25473
5.65	1.21585	4.71292	1.53366	0.208331	-0.256171
5.655	1.21565	4.71792	1.53262	0.209301	-0.257611
5.66	1.21546	4.72291	1.53158	0.210274	-0.259049
5.665	1.21526	4.72791	1.53052	0.211251	-0.260485
5.67	1.21505	4.73291	1.52947	0.212231	-0.261918
5.675	1.21484	4.7379	1.52841	0.213216	-0.26335
5.68	1.21462	4.7429	1.52734	0.214205	-0.26478
5.685	1.2144	4.74789	1.52627	0.215197	-0.266208
5.69	1.21417	4.75289	1.52519	0.216193	-0.267633
5.695	1.21394	4.75788	1.52411	0.217193	-0.269057
5.7	1.2137	4.76287	1.52303	0.218197	-0.270478
5.705	1.21345	4.76787	1.52194	0.219205	-0.271897
5.71	1.21321	4.77286	1.52084	0.220217	-0.273315
5.715	1.21295	4.77786	1.51974	0.221232	-0.274729
5.72	1.21269	4.78285	1.51863	0.222252	-0.276142
5.725	1.21242	4.78784	1.51752	0.223275	-0.277552
5.73	1.21215	4.79283	1.51641	0.224302	-0.27896
5.735	1.21187	4.79783	1.51528	0.225333	-0.280366
5.74	1.21159	4.80282	1.51416	0.226367	-0.28177
5.745	1.2113	4.80781	1.51303	0.227406	-0.283171
5.75	1.21101	4.8128	1.51189	0.228448	-0.284569
5.755	1.21071	4.81779	1.51075	0.229494	-0.285965
5.76	1.2104	4.82278	1.5096	0.230544	-0.287359
5.765	1.21009	4.82777	1.50845	0.231597	-0.28875
5.77	1.20977	4.83276	1.50729	0.232654	-0.290139
5.775	1.20945	4.83775	1.50612	0.233716	-0.291525
5.78	1.20912	4.84274	1.50496	0.23478	-0.292909
5.785	1.20879	4.84773	1.50378	0.235849	-0.29429
5.79	1.20845	4.85272	1.5026	0.236921	-0.295668
5.795	1.2081	4.85771	1.50142	0.237997	-0.297044
5.8	1.20775	4.8627	1.50023	0.239077	-0.298417
5.805	1.20739	4.86768	1.49903	0.240161	-0.299788
5.81	1.20702	4.87267	1.49783	0.241248	-0.301155
5.815	1.20665	4.87766	1.49663	0.242339	-0.30252
5.82	1.20628	4.88264	1.49541	0.243434	-0.303882
5.825	1.20589	4.88763	1.4942	0.244533	-0.305241
5.83	1.2055	4.89261	1.49297	0.245635	-0.306598
5.835	1.20511	4.8976	1.49175	0.246741	-0.307951
5.84	1.20471	4.90258	1.49051	0.24785	-0.309302
5.845	1.2043	4.90756	1.48927	0.248964	-0.310649
5.85	1.20389	4.91255	1.48803	0.250081	-0.311994
5.855	1.20347	4.91753	1.48678	0.251201	-0.313336
5.86	1.20304	4.92251	1.48552	0.252326	-0.314675
5.865	1.20261	4.92749	1.48426	0.253454	-0.31601
5.87	1.20217	4.93247	1.48299	0.254585	-0.317343
5.875	1.20173	4.93745	1.48172	0.255721	-0.318672
5.88	1.20128	4.94243	1.48044	0.25686	-0.319998
5.885	1.20082	4.94741	1.47916	0.258002	-0.321321
5.89	1.20035	4.95239	1.47787	0.259149	-0.322641
5.895	1.19988	4.95737	1.47657	0.260298	-0.323958
5.9	1.19941	4.96234	1.47527	0.261452	-0.325271
5.905	1.19892	4.96732	1.47396	0.262609	-0.326581
5.91	1.19843	4.9723	1.47265	0.26377	-0.327888
5.915	1.19794	4.97727	1.47133	0.264935	-0.329191
5.92	1.19743	4.98225	1.47001	0.266103	-0.330492
5.925	1.19692	4.98722	1.46868	0.267274	-0.331788
5.93	1.19641	4.99219	1.46734	0.26845	-0.333081
5.935	1.19589	4.99717	1.466	0.269629	-0.334371
5.94	1.19536	5.00214	1.46465	0.270811	-0.335657
5.945	1.19482	5.00711	1.46329	0.271997	-0.33694
5.95	1.19428	5.01208	1.46193	0.273187	-0.338219
5.955	1.19373	5.01705	1.46057	0.27438	-0.339494
5.96	1.19317	5.02202	1.4592	0.275577	-0.340766
5.965	1.19261	5.02699	1.45782	0.276778	-0.342034
5.97	1.19203	5.03195	1.45644	0.277982	-0.343299
5.975	1.19146	5.03692	1.45505	0.279189	-0.344559
5.98	1.19087	5.04189	1.45365	0.2804	-0.345816
5.985	1.19028	5.04685	1.45225	0.281615	-0.347069
5.99	1.18968	5.05182	1.45084	0.282833	-0.348319
5.995	1.18908	5.05678	1.44943	0.284055	-0.349564
6	1.18847	5.06174	1.448	0.28528	-0.350806
6.005	1.18785	5.0667	1.44658	0.286509	-0.352043
6.01	1.18722	5.07166	1.44515	0.287742	-0.353277
6.015	1.18659	5.07662	1.44371	0.288977	-0.354507
6.02	1.18594	5.08158	1.44226	0.290217	-0.355733
6.025	1.1853	5.08654	1.44081	0.29146	-0.356954
6.03	1.18464	5.0915	1.43935	0.292706	-0.358172
6.035	1.18398	5.09645	1.43789	0.293956	-0.359385
6.04	1.18331	5.10141	1.43642	0.29521	-0.360595
6.045	1.18263	5.10636	1.43494	0.296467	-0.3618
6.05	1.18195	5.11131	1.43346	0.297727	-0.363001
6.055	1.18126	5.11627	1.43197	0.298991	-0.364197
6.06	1.18056	5.12122	1.43048	0.300259	-0.36539
6.065	1.17985	5.12617	1.42898	0.30153	-0.366578
6.07	1.17914	5.13111	1.42747	0.302804	-0.367761
6.075	1.17841	5.13606	1.42596	0.304082	-0.368941
6.08	1.17768	5.14101	1.42444	0.305364	-0.370116
6.085	1.17695	5.14595	1.42291	0.306649	-0.371286
6.09	1.1762	5.1509	1.42138	0.307937	-0.372452
6.095	1.17545	5.15584	1.41984	0.309229	-0.373614
6.1	1.17469	5.16078	1.41829	0.310524	-0.374771
6.105	1.17392	5.16572	1.41674	0.311823	-0.375923
6.11	1.17315	5.17066	1.41518	0.313125	-0.377071
6.115	1.17237	5.1756	1.41361	0.314431	-0.378214
6.12	1.17158	5.18054	1.41204	0.31574	-0.379352
6.125	1.17078	5.18548	1.41046	0.317053	-0.380486
6.13	1.16997	5.19041	1.40888	0.318369	-0.381614
6.135	1.16916	5.19534	1.40728	0.319688	-0.382738
6.14	1.16834	5.20028	1.40569	0.321011	-0.383858
6.145	1.16751	5.20521	1.40408	0.322337	-0.384972
6.15	1.16667	5.21014	1.40247	0.323667	-0.386082
6.155	1.16582	5.21506	1.40085	0.325	-0.387186
6.16	1.16497	5.21999	1.39923	0.326337	-0.388286
6.165	1.16411	5.22492	1.39759	0.327677	-0.38938
6.17	1.16324	5.22984	1.39596	0.32902	-0.39047
6.175	1.16236	5.23476	1.39431	0.330367	-0.391554
6.18	1.16147	5.23968	1.39266	0.331717	-0.392633
6.185	1.16058	5.2446	1.391	0.333071	-0.393708
6.19	1.15968	5.24952	1.38933	0.334428	-0.394777
6.195	1.15877	5.25444	1.38766	0.335788	-0.39584
6.2	1.15785	5.25935	1.38598	0.337152	-0.396899
6.205	1.15692	5.26426	1.3843	0.338519	-0.397952
6.21	1.15599	5.26918	1.38261	0.33989	-0.399
6.215	1.15504	5.27409	1.38091	0.341264	-0.400042
6.22	1.15409	5.27899	1.3792	0.342641	-0.401079
6.225	1.15313	5.2839	1.37749	0.344022	-0.402111
6.23	1.15216	5.28881	1.37577	0.345406	-0.403137
6.235	1.15118	5.29371	1.37404	0.346794	-0.404158
6.24	1.1502	5.29861	1.37231	0.348185	-0.405173
6.245	1.1492	5.30351	1.37056	0.349579	-0.406182
6.25	1.1482	5.30841	1.36882	0.350977	-0.407186
6.255	1.14719	5.31331	1.36706	0.352378	-0.408184
6.26	1.14617	5.3182	1.3653	0.353782	-0.409176
6.265	1.14514	5.32309	1.36353	0.35519	-0.410163
6.27	1.1441	5.32799	1.36175	0.356601	-0.411144
6.275	1.14305	5.33288	1.35997	0.358015	-0.412119
6.28	1.142	5.33776	1.35818	0.359433	-0.413088
6.285	1.14094	5.34265	1.35638	0.360854	-0.414052
6.29	1.13986	5.34753	1.35458	0.362279	-0.415009
6.295	1.13878	5.35241	1.35277	0.363707	-0.41596
6.3	1.13769	5.35729	1.35095	0.365138	-0.416906
6.305	1.13659	5.36217	1.34912	0.366573	-0.417845
6.31	1.13548	5.36705	1.34729	0.368011	-0.418778
6.315	1.13437	5.37192	1.34545	0.369452	-0.419705
6.32	1.13324	5.37679	1.3436	0.370897	-0.420626
6.325	1.13211	5.38166	1.34175	0.372345	-0.421541
6.33	1.13096	5.38653	1.33989	0.373796	-0.422449
6.335	1.12981	5.39139	1.33802	0.375251	-0.423351
6.34	1.12864	5.39626	1.33614	0.376709	-0.424247
6.345	1.12747	5.40112	1.33426	0.37817	-0.425137
6.35	1.12629	5.40598	1.33237	0.379635	-0.42602
6.355	1.1251	5.41083	1.33047	0.381103	-0.426896
6.36	1.1239	5.41569	1.32856	0.382575	-0.427766
6.365	1.12269	5.42054	1.32665	0.38405	-0.42863
6.37	1.12148	5.42539	1.32473	0.385528	-0.429487
6.375	1.12025	5.43023	1.3228	0.387009	-0.430337
6.38	1.11901	5.43508	1.32087	0.388494	-0.431181
6.385	1.11777	5.43992	1.31893	0.389982	-0.432018
6.39	1.11651	5.44476	1.31698	0.391474	-0.432848
6.395	1.11525	5.4496	1.31502	0.392968	-0.433672
6.4	1.11397	5.45443	1.31305	0.394467	-0.434488
6.405	1.11269	5.45927	1.31108	0.395968	-0.435298
6.41	1.11139	5.46409	1.3091	0.397473	-0.436101
6.415	1.11009	5.46892	1.30711	0.398981	-0.436897
6.42	1.10878	5.47375	1.30512	0.400493	-0.437686
6.425	1.10746	5.47857	1.30312	0.402008	-0.438468
6.43	1.10612	5.48339	1.30111	0.403526	-0.439243
6.435	1.10478	5.4882	1.29909	0.405047	-0.440011
6.44	1.10343	5.49302	1.29706	0.406572	-0.440771
6.445	1.10207	5.49783	1.29503	0.408101	-0.441525
6.45	1.1007	5.50264	1.29299	0.409632	-0.442271
6.455	1.09932	5.50744	1.29094	0.411167	-0.44301
6.46	1.09792	5.51225	1.28889	0.412705	-0.443742
6.465	1.09652	5.51705	1.28682	0.414247	-0.444466
6.47	1.09511	5.52184	1.28475	0.415792	-0.445183
6.475	1.09369	5.52664	1.28267	0.41734	-0.445892
6.48	1.09226	5.53143	1.28059	0.418892	-0.446594
6.485	1.09082	5.53622	1.27849	0.420447	-0.447288
6.49	1.08937	5.541	1.27639	0.422006	-0.447975
6.495	1.08791	5.54578	1.27428	0.423567	-0.448654
6.5	1.08644	5.55056	1.27216	0.425133	-0.449326
6.505	1.08496	5.55534	1.27004	0.426701	-0.44999
6.51	1.08347	5.56011	1.2679	0.428273	-0.450646
6.515	1.08196	5.56488	1.26576	0.429848	-0.451294
6.52	1.08045	5.56964	1.26361	0.431427	-0.451934
6.525	1.07893	5.57441	1.26146	0.433009	-0.452567
6.53	1.0774	5.57917	1.25929	0.434594	-0.453192
6.535	1.07585	5.58392	1.25712	0.436183	-0.453808
6.54	1.0743	5.58867	1.25494	0.437775	-0.454417
6.545	1.07274	5.59342	1.25275	0.439371	-0.455018
6.55	1.07116	5.59817	1.25055	0.44097	-0.45561
6.555	1.06958	5.60291	1.24835	0.442572	-0.456195
6.56	1.06798	5.60765	1.24613	0.444177	-0.456771
6.565	1.06638	5.61239	1.24391	0.445787	-0.457339
6.57	1.06476	5.61712	1.24168	0.447399	-0.457898
6.575	1.06314	5.62185	1.23945	0.449015	-0.45845
6.58	1.0615	5.62657	1.2372	0.450634	-0.458993
6.585	1.05985	5.63129	1.23495	0.452257	-0.459527
6.59	1.05819	5.63601	1.23269	0.453883	-0.460053
6.595	1.05652	5.64072	1.23042	0.455513	-0.460571
6.6	1.05484	5.64543	1.22814	0.457146	-0.46108
6.605	1.05315	5.65014	1.22585	0.458782	-0.461581
6.61	1.05145	5.65484	1.22356	0.460422	-0.462073
6.615	1.04974	5.65953	1.22126	0.462065	-0.462556
6.62	1.04802	5.66423	1.21895	0.463712	-0.46303
6.625	1.04628	5.66892	1.21663	0.465362	-0.463496
6.63	1.04454	5.6736	1.2143	0.467016	-0.463953
6.635	1.04278	5.67828	1.21197	0.468673	-0.464401
6.64	1.04101	5.68296	1.20962	0.470334	-0.46484
6.645	1.03924	5.68764	1.20727	0.471998	-0.46527
6.65	1.03745	5.6923	1.20491	0.473665	-0.465691
6.655	1.03565	5.69697	1.20254	0.475336	-0.466104
6.66	1.03384	5.70163	1.20017	0.477011	-0.466507
6.665	1.03201	5.70629	1.19778	0.478689	-0.466901
6.67	1.03018	5.71094	1.19539	0.48037	-0.467285
6.675	1.02834	5.71559	1.19299	0.482055	-0.467661
6.68	1.02648	5.72023	1.19058	0.483744	-0.468027
6.685	1.02461	5.72487	1.18816	0.485436	-0.468384
6.69	1.02274	5.7295	1.18573	0.487132	-0.468732
6.695	1.02085	5.73413	1.18329	0.488831	-0.46907
6.7	1.01895	5.73875	1.18085	0.490534	-0.469399
6.705	1.01703	5.74337	1.1784	0.49224	-0.469718
6.71	1.01511	5.74799	1.17594	0.49395	-0.470028
6.715	1.01318	5.7526	1.17347	0.495663	-0.470328
6.72	1.01123	5.75721	1.17099	0.49738	-0.470618
6.725	1.00927	5.76181	1.1685	0.499101	-0.470899
6.73	1.0073	5.7664	1.16601	0.500825	-0.47117
6.735	1.00532	5.77099	1.1635	0.502553	-0.471431
6.74	1.00333	5.77558	1.16099	0.504284	-0.471683
6.745	1.00133	5.78016	1.15847	0.506019	-0.471924
6.75	0.999311	5.78474	1.15594	0.507758	-0.472156
6.755	0.997284	5.78931	1.1534	0.5095	-0.472378
6.76	0.995245	5.79387	1.15085	0.511246	-0.472589
6.765	0.993195	5.79843	1.1483	0.512996	-0.472791
6.77	0.991133	5.80299	1.14573	0.514749	-0.472983
6.775	0.98906	5.80754	1.14316	0.516506	-0.473164
6.78	0.986974	5.81208	1.14057	0.518267	-0.473335
6.785	0.984877	5.81662	1.13798	0.520032	-0.473496
6.79	0.982768	5.82115	1.13538	0.5218	-0.473647
6.795	0.980647	5.82568	1.13277	0.523572	-0.473787
6.8	0.978515	5.8302	1.13016	0.525347	-0.473917
6.805	0.97637	5.83472	1.12753	0.527127	-0.474037
6.81	0.974214	5.83923	1.12489	0.52891	-0.474146
6.815	0.972046	5.84374	1.12225	0.530697	-0.474245
6.82	0.969865	5.84824	1.1196	0.532488	-0.474333
6.825	0.967673	5.85273	1.11693	0.534283	-0.47441
6.83	0.965469	5.85722	1.11426	0.536081	-0.474477
6.835	0.963253	5.8617	1.11158	0.537883	-0.474533
6.84	0.961025	5.86618	1.10889	0.53969	-0.474578
6.845	0.958784	5.87065	1.10619	0.5415	-0.474613
6.85	0.956532	5.87511	1.10349	0.543313	-0.474636
6.855	0.954267	5.87957	1.10077	0.545131	-0.474649
6.86	0.951991	5.88402	1.09804	0.546953	-0.474651
6.865	0.949702	5.88847	1.09531	0.548779	-0.474642
6.87	0.947401	5.89291	1.09256	0.550608	-0.474622
6.875	0.945087	5.89734	1.08981	0.552442	-0.47459
6.88	0.942762	5.90176	1.08705	0.554279	-0.474548
6.885	0.940424	5.90618	1.08428	0.556121	-0.474494
6.89	0.938074	5.9106	1.0815	0.557967	-0.47443
6.895	0.935712	5.915	1.07871	0.559816	-0.474354
6.9	0.933337	5.9194	1.07591	0.56167	-0.474266
6.905	0.93095	5.9238	1.0731	0.563528	-0.474168
6.91	0.928551	5.92818	1.07028	0.565389	-0.474058
6.915	0.926139	5.93256	1.06746	0.567255	-0.473936
6.92	0.923715	5.93694	1.06462	0.569125	-0.473803
6.925	0.921278	5.9413	1.06177	0.571	-0.473659
6.93	0.918829	5.94566	1.05892	0.572878	-0.473502
6.935	0.916367	5.95001	1.05605	0.574761	-0.473335
6.94	0.913893	5.95436	1.05318	0.576647	-0.473155
6.945	0.911407	5.9587	1.0503	0.578538	-0.472964
6.95	0.908908	5.96303	1.0474	0.580434	-0.472761
6.955	0.906396	5.96735	1.0445	0.582333	-0.472547
6.96	0.903872	5.97167	1.04159	0.584237	-0.47232
6.965	0.901335	5.97598	1.03867	0.586145	-0.472082
6.97	0.898786	5.98028	1.03574	0.588058	-0.471831
6.975	0.896223	5.98457	1.0328	0.589974	-0.471569
6.98	0.893649	5.98886	1.02985	0.591896	-0.471294
6.985	0.891061	5.99314	1.02689	0.593821	-0.471008
6.99	0.888461	5.99741	1.02392	0.595752	-0.470709
6.995	0.885848	6.00167	1.02094	0.597686	-0.470398
7	0.883223	6.00592	1.01795	0.599625	-0.470075
7.005	0.880585	6.01017	1.01496	0.601569	-0.46974
7.01	0.877934	6.01441	1.01195	0.603517	-0.469392
7.015	0.87527	6.01864	1.00893	0.60547	-0.469033
7.02	0.872593	6.02287	1.0059	0.607427	-0.46866
7.025	0.869904	6.02708	1.00287	0.609389	-0.468275
7.03	0.867201	6.03129	0.999818	0.611356	-0.467878
7.035	0.864486	6.03549	0.996761	0.613327	-0.467468
7.04	0.861758	6.03968	0.993695	0.615303	-0.467046
7.045	0.859017	6.04386	0.990618	0.617284	-0.466611
7.05	0.856264	6.04803	0.987532	0.619269	-0.466164
7.055	0.853497	6.0522	0.984435	0.62126	-0.465703
7.06	0.850717	6.05635	0.981329	0.623255	-0.46523
7.065	0.847925	6.0605	0.978213	0.625255	-0.464744
7.07	0.845119	6.06464	0.975087	0.62726	-0.464246
7.075	0.842301	6.06877	0.97195	0.62927	-0.463734
7.08	0.839469	6.07289	0.968804	0.631285	-0.46321
7.085	0.836625	6.077	0.965648	0.633305	-0.462672
7.09	0.833768	6.0811	0.962481	0.635331	-0.462122
7.095	0.830897	6.0852	0.959304	0.637361	-0.461559
7.1	0.828014	6.08928	0.956118	0.639396	-0.460982
7.105	0.825117	6.09336	0.952921	0.641437	-0.460392
7.11	0.822208	6.09743	0.949713	0.643483	-0.45979
7.115	0.819285	6.10148	0.946496	0.645534	-0.459173
7.12	0.816349	6.10553	0.943268	0.64759	-0.458544
7.125	0.8134	6.10957	0.94003	0.649652	-0.457902
7.13	0.810438	6.1136	0.936782	0.651719	-0.457246
7.135	0.807463	6.11761	0.933523	0.653791	-0.456576
7.14	0.804475	6.12162	0.930255	0.655869	-0.455894
7.145	0.801474	6.12562	0.926975	0.657953	-0.455198
7.15	0.79846	6.12961	0.923685	0.660042	-0.454488
7.155	0.795432	6.13359	0.920385	0.662136	-0.453765
7.16	0.792391	6.13756	0.917075	0.664237	-0.453028
7.165	0.789337	6.14152	0.913753	0.666343	-0.452278
7.17	0.78627	6.14547	0.910422	0.668455	-0.451513
7.175	0.78319	6.14941	0.907079	0.670572	-0.450736
7.18	0.780097	6.15333	0.903727	0.672696	-0.449944
7.185	0.77699	6.15725	0.900363	0.674825	-0.449139
7.19	0.77387	6.16116	0.896989	0.676961	-0.44832
7.195	0.770737	6.16506	0.893604	0.679102	-0.447487
7.2	0.767591	6.16894	0.890209	0.68125	-0.44664
7.205	0.764431	6.17282	0.886802	0.683403	-0.445779
7.21	0.761259	6.17668	0.883385	0.685563	-0.444905
7.215	0.758073	6.18054	0.879958	0.687729	-0.444016
7.22	0.754874	6.18438	0.876519	0.689902	-0.443113
7.225	0.751661	6.18821	0.873069	0.692081	-0.442196
7.23	0.748436	6.19203	0.869609	0.694266	-0.441265
7.235	0.745197	6.19584	0.866138	0.696458	-0.44032
7.24	0.741945	6.19964	0.862655	0.698656	-0.439361
7.245	0.738679	6.20342	0.859162	0.700861	-0.438387
7.25	0.735401	6.2072	0.855658	0.703073	-0.4374
7.255	0.732109	6.21096	0.852142	0.705291	-0.436397
7.26	0.728804	6.21471	0.848616	0.707517	-0.435381
7.265	0.725485	6.21845	0.845078	0.709749	-0.43435
7.27	0.722154	6.22218	0.84153	0.711989	-0.433305
7.275	0.718809	6.2259	0.83797	0.714235	-0.432245
7.28	0.715451	6.2296	0.834398	0.716489	-0.431171
7.285	0.712079	6.2333	0.830816	0.71875	-0.430082
7.29	0.708695	6.23698	0.827222	0.721018	-0.428979
7.295	0.705297	6.24064	0.823617	0.723293	-0.427861
7.3	0.701886	6.2443	0.820001	0.725576	-0.426729
7.305	0.698461	6.24794	0.816373	0.727867	-0.425582
7.31	0.695024	6.25157	0.812734	0.730165	-0.42442
7.315	0.691573	6.25519	0.809083	0.732472	-0.423244
7.32	0.688109	6.2588	0.80542	0.734786	-0.422052
7.325	0.684632	6.26239	0.801746	0.737108	-0.420846
7.33	0.681141	6.26597	0.798061	0.739438	-0.419626
7.335	0.677638	6.26954	0.794364	0.741776	-0.41839
7.34	0.674121	6.27309	0.790655	0.744122	-0.417139
7.345	0.670591	6.27663	0.786934	0.746477	-0.415874
7.35	0.667047	6.28016	0.783202	0.74884	-0.414593
7.355	0.663491	6.28367	0.779458	0.751212	-0.413298
7.36	0.659921	6.28718	0.775702	0.753592	-0.411988
7.365	0.656338	6.29066	0.771934	0.755981	-0.410662
7.37	0.652742	6.29414	0.768154	0.75838	-0.409322
7.375	0.649133	6.2976	0.764362	0.760787	-0.407966
7.38	0.645511	6.30104	0.760558	0.763203	-0.406595
7.385	0.641876	6.30448	0.756742	0.765629	-0.40521
7.39	0.638227	6.3079	0.752914	0.768064	-0.403809
7.395	0.634566	6.3113	0.749073	0.770508	-0.402392
7.4	0.630891	6.31469	0.745221	0.772962	-0.400961
7.405	0.627203	6.31807	0.741356	0.775426	-0.399514
7.41	0.623502	6.32143	0.737479	0.7779	-0.398052
7.415	0.619788	6.32478	0.733589	0.780384	-0.396574
7.42	0.616061	6.32811	0.729687	0.782878	-0.395082
7.425	0.612322	6.33143	0.725773	0.785383	-0.393573
7.43	0.608569	6.33473	0.721846	0.787898	-0.39205
7.435	0.604803	6.33802	0.717907	0.790424	-0.390511
7.44	0.601024	6.3413	0.713955	0.79296	-0.388956
7.445	0.597232	6.34456	0.70999	0.795508	-0.387386
7.45	0.593427	6.3478	0.706012	0.798067	-0.385801
7.455	0.589609	6.35103	0.702022	0.800637	-0.3842
7.46	0.585779	6.35424	0.698019	0.803218	-0.382583
7.465	0.581935	6.35744	0.694003	0.805812	-0.380951
7.47	0.578079	6.36062	0.689974	0.808417	-0.379303
7.475	0.57421	6.36379	0.685931	0.811035	-0.377639
7.48	0.570328	6.36694	0.681876	0.813664	-0.37596
7.485	0.566433	6.37008	0.677808	0.816306	-0.374265
7.49	0.562526	6.3732	0.673726	0.818961	-0.372554
7.495	0.558605	6.3763	0.669632	0.821629	-0.370828
7.5	0.554673	6.37939	0.665523	0.82431	-0.369085
7.505	0.550727	6.38246	0.661402	0.827004	-0.367327
7.51	0.546769	6.38551	0.657267	0.829712	-0.365553
7.515	0.542798	6.38855	0.653118	0.832434	-0.363764
7.52	0.538814	6.39157	0.648956	0.83517	-0.361958
7.525	0.534818	6.39458	0.64478	0.83792	-0.360137
7.53	0.530809	6.39757	0.640591	0.840684	-0.358299
7.535	0.526788	6.40054	0.636387	0.843464	-0.356446
7.54	0.522754	6.40349	0.63217	0.846258	-0.354576
7.545	0.518708	6.40643	0.627939	0.849068	-0.352691
7.55	0.514649	6.40935	0.623693	0.851894	-0.350789
7.555	0.510578	6.41225	0.619434	0.854736	-0.348872
7.56	0.506495	6.41514	0.61516	0.857594	-0.346938
7.565	0.502399	6.41801	0.610872	0.860468	-0.344988
7.57	0.498291	6.42086	0.60657	0.863359	-0.343022
7.575	0.494171	6.42369	0.602253	0.866268	-0.34104
7.58	0.490038	6.4265	0.597922	0.869194	-0.339042
7.585	0.485894	6.4293	0.593576	0.872139	-0.337027
7.59	0.481737	6.43208	0.589215	0.875101	-0.334997
7.595	0.477568	6.43484	0.58484	0.878082	-0.33295
7.6	0.473387	6.43758	0.580449	0.881083	-0.330887
7.605	0.469193	6.4403	0.576044	0.884102	-0.328807
7.61	0.464988	6.44301	0.571623	0.887142	-0.326711
7.615	0.460771	6.4457	0.567188	0.890202	-0.324599
7.62	0.456542	6.44836	0.562737	0.893283	-0.32247
7.625	0.452301	6.45101	0.55827	0.896385	-0.320325
7.63	0.448049	6.45364	0.553788	0.899508	-0.318164
7.635	0.443784	6.45625	0.549291	0.902654	-0.315986
7.64	0.439508	6.45884	0.544777	0.905822	-0.313791
7.645	0.43522	6.46141	0.540248	0.909014	-0.31158
7.65	0.430921	6.46397	0.535703	0.912229	-0.309353
7.655	0.426609	6.4665	0.531142	0.915469	-0.307108
7.66	0.422287	6.46901	0.526565	0.918734	-0.304848
7.665	0.417953	6.47151	0.521971	0.922024	-0.30257
7.67	0.413607	6.47398	0.517361	0.92534	-0.300276
7.675	0.40925	6.47643	0.512734	0.928682	-0.297965
7.68	0.404881	6.47886	0.508091	0.932052	-0.295638
7.685	0.400502	6.48128	0.503431	0.935451	-0.293293
7.69	0.396111	6.48367	0.498753	0.938878	-0.290932
7.695	0.391709	6.48604	0.494059	0.942334	-0.288554
7.7	0.387296	6.48839	0.489347	0.945821	-0.286159
7.705	0.382871	6.49072	0.484618	0.949339	-0.283748
7.71	0.378436	6.49303	0.479871	0.952889	-0.281319
7.715	0.37399	6.49531	0.475107	0.956472	-0.278873
7.72	0.369533	6.49758	0.470325	0.960088	-0.27641
7.725	0.365065	6.49982	0.465524	0.963739	-0.27393
7.73	0.360586	6.50205	0.460706	0.967426	-0.271433
7.735	0.356097	6.50425	0.455868	0.971149	-0.268919
7.74	0.351597	6.50643	0.451013	0.97491	-0.266388
7.745	0.347086	6.50858	0.446138	0.97871	-0.263839
7.75	0.342565	6.51072	0.441245	0.98255	-0.261273
7.755	0.338033	6.51283	0.436332	0.986431	-0.25869
7.76	0.333492	6.51492	0.4314	0.990355	-0.256089
7.765	0.328939	6.51699	0.426448	0.994322	-0.253471
7.77	0.324377	6.51904	0.421476	0.998335	-0.250836
7.775	0.319804	6.52106	0.416485	1.00239	-0.248182
7.78	0.315222	6.52306	0.411473	1.0065	-0.245512
7.785	0.310629	6.52504	0.40644	1.01066	-0.242823
7.79	0.306026	6.52699	0.401387	1.01487	-0.240117
7.795	0.301414	6.52892	0.396312	1.01913	-0.237393
7.8	0.296792	6.53083	0.391217	1.02345	-0.23465
7.805	0.29216	6.53271	0.3861	1.02782	-0.23189
7.81	0.287518	6.53457	0.380961	1.03225	-0.229112
7.815	0.282867	6.5364	0.375799	1.03675	-0.226316
7.82	0.278207	6.53822	0.370616	1.0413	-0.223502
7.825	0.273537	6.54	0.365409	1.04593	-0.220669
7.83	0.268858	6.54176	0.360179	1.05062	-0.217818
7.835	0.264169	6.5435	0.354926	1.05538	-0.214949
7.84	0.259472	6.54521	0.349649	1.06022	-0.21206
7.845	0.254765	6.5469	0.344348	1.06514	-0.209154
7.85	0.25005	6.54857	0.339023	1.07013	-0.206228
7.855	0.245326	6.5502	0.333672	1.07521	-0.203284
7.86	0.240593	6.55181	0.328296	1.08038	-0.20032
7.865	0.235851	6.5534	0.322894	1.08563	-0.197338
7.87	0.231101	6.55496	0.317466	1.09099	-0.194336
7.875	0.226342	6.5565	0.312011	1.09644	-0.191315
7.88	0.221575	6.55801	0.306529	1.102	-0.188275
7.885	0.2168	6.55949	0.301019	1.10767	-0.185214
7.89	0.212017	6.56094	0.29548	1.11345	-0.182134
7.895	0.207226	6.56237	0.289913	1.11935	-0.179035
7.9	0.202426	6.56378	0.284316	1.12538	-0.175915
7.905	0.197619	6.56515	0.278689	1.13155	-0.172775
7.91	0.192804	6.5665	0.273032	1.13786	-0.169614
7.915	0.187982	6.56782	0.267342	1.14432	-0.166434
7.92	0.183152	6.56911	0.261621	1.15093	-0.163232
7.925	0.178315	6.57038	0.255866	1.15772	-0.16001
7.93	0.173471	6.57162	0.250077	1.16468	-0.156766
7.935	0.168619	6.57283	0.244254	1.17184	-0.153502
7.94	0.16376	6.57401	0.238395	1.17919	-0.150216
7.945	0.158895	6.57516	0.232499	1.18677	-0.146909
7.95	0.154023	6.57628	0.226565	1.19457	-0.14358
7.955	0.149144	6.57738	0.220592	1.20263	-0.140229
7.96	0.144258	6.57844	0.214579	1.21096	-0.136857
7.965	0.139367	6.57948	0.208524	1.21957	-0.133463
7.97	0.134469	6.58048	0.202426	1.2285	-0.130046
7.975	0.129565	6.58146	0.196284	1.23777	-0.126608
7.98	0.124655	6.5824	0.190095	1.24741	-0.123147
7.985	0.119739	6.58331	0.183858	1.25746	-0.119664
7.99	0.114818	6.5842	0.177571	1.26796	-0.11616
7.995	0.109891	6.58505	0.171231	1.27896	-0.112635
8	0.104959	6.58587	0.164836	1.29051	-0.109088
8.005	0.100021	6.58666	0.158384	1.30267	-0.105521
8.01	0.0950789	6.58742	0.15187	1.31553	-0.101935
8.015	0.0901316	6.58814	0.145293	1.32918	-0.0983308
8.02	0.0851795	6.58883	0.138647	1.34373	-0.0947107
8.025	0.080223	6.58949	0.131928	1.35933	-0.091077
8.03	0.0752621	6.59011	0.125131	1.37614	-0.0874335
8.035	0.070297	6.5907	0.118251	1.39439	-0.0837849
8.04	0.0653279	6.59126	0.111279	1.41438	-0.0801381
8.045	0.0603551	6.59178	0.104207	1.43649	-0.0765027
8.05	0.0553786	6.59226	0.0970243	1.46125	-0.0728926
8.055	0.0503987	6.59271	0.089718	1.48941	-0.069328
8.06	0.0454156	6.59312	0.082271	1.52204	-0.0658389
8.065	0.0404295	6.59349	0.0746608	1.56082	-0.0624723
8.07	0.0354407	6.59383	0.0668567	1.60839	-0.0593033
8.075	0.0304493	6.59412	0.0588147	1.66936	-0.0564595
8.08	0.0254557	6.59437	0.0504679	1.75228	-0.0541731
8.085	0.0204601	6.59458	0.0417065	1.87513	-0.0529088
8.09	0.0154627	6.59474	0.0323309	2.08177	-0.053741
8.095	0.0104639	6.59485	0.021922	2.50742	-0.0598208
8.1	0.00546409	6.5949	0.00938489	3.76952	-0.0861943
8.105	0.00046431	6.59485	-0.00946272	12.6392	-0.453191
