descriptor s_test R_test Z_test
0	1.6811	9.99999e-006	0.002	-0.401966	-0.0016163
0.005	1.6761	3.00491e-005	0.00400983	-0.403934	-0.00324891
0.01	1.6711	6.01964e-005	0.0060295	-0.405906	-0.00489786
0.015	1.6661	0.000100491	0.00805903	-0.40788	-0.00656314
0.02	1.6611	0.000150982	0.0100984	-0.409857	-0.00824478
0.025	1.6561	0.000211719	0.0121477	-0.411837	-0.00994279
0.03	1.6511	0.000282752	0.0142069	-0.41382	-0.0116572
0.035	1.6461	0.000364128	0.016276	-0.415806	-0.013388
0.04	1.6411	0.000455898	0.018355	-0.417796	-0.0151352
0.045	1.6361	0.000558111	0.020444	-0.419789	-0.0168988
0.05	1.63111	0.000670816	0.022543	-0.421785	-0.0186788
0.055	1.62611	0.000794063	0.0246519	-0.423785	-0.0204753
0.06	1.62111	0.000927901	0.0267708	-0.425788	-0.0222883
0.065	1.61611	0.00107238	0.0288997	-0.427795	-0.0241177
0.07	1.61111	0.00122755	0.0310387	-0.429806	-0.0259636
0.075	1.60612	0.00139346	0.0331878	-0.431821	-0.027826
0.08	1.60112	0.00157015	0.0353469	-0.433839	-0.0297049
0.085	1.59612	0.00175769	0.0375161	-0.435861	-0.0316004
0.09	1.59113	0.00195612	0.0396954	-0.437888	-0.0335123
0.095	1.58613	0.00216548	0.0418848	-0.439918	-0.0354408
0.1	1.58114	0.00238583	0.0440844	-0.441953	-0.0373858
0.105	1.57614	0.00261722	0.0462942	-0.443992	-0.0393474
0.11	1.57115	0.00285969	0.0485141	-0.446036	-0.0413256
0.115	1.56615	0.0031133	0.0507443	-0.448084	-0.0433203
0.12	1.56116	0.0033781	0.0529847	-0.450136	-0.0453316
0.125	1.55617	0.00365414	0.0552354	-0.452194	-0.0473596
0.13	1.55118	0.00394146	0.0574964	-0.454256	-0.0494041
0.135	1.54619	0.00424012	0.0597676	-0.456323	-0.0514653
0.14	1.54119	0.00455017	0.0620492	-0.458394	-0.053543
0.145	1.53621	0.00487166	0.0643412	-0.460471	-0.0556374
0.15	1.53122	0.00520463	0.0666436	-0.462553	-0.0577485
0.155	1.52623	0.00554914	0.0689563	-0.464641	-0.0598762
0.16	1.52124	0.00590523	0.0712795	-0.466734	-0.0620206
0.165	1.51625	0.00627297	0.0736132	-0.468832	-0.0641816
0.17	1.51127	0.00665239	0.0759574	-0.470936	-0.0663593
0.175	1.50628	0.00704355	0.0783121	-0.473045	-0.0685537
0.18	1.5013	0.0074465	0.0806773	-0.47516	-0.0707648
0.185	1.49632	0.00786128	0.0830531	-0.477281	-0.0729926
0.19	1.49134	0.00828796	0.0854395	-0.479408	-0.0752371
0.195	1.48636	0.00872658	0.0878365	-0.481541	-0.0774983
0.2	1.48138	0.00917719	0.0902442	-0.483681	-0.0797762
0.205	1.4764	0.00963984	0.0926626	-0.485826	-0.0820708
0.21	1.47142	0.0101146	0.0950918	-0.487978	-0.0843822
0.215	1.46644	0.0106015	0.0975317	-0.490137	-0.0867103
0.22	1.46147	0.0111005	0.0999823	-0.492302	-0.0890552
0.225	1.45649	0.0116119	0.102444	-0.494474	-0.0914168
0.23	1.45152	0.0121355	0.104916	-0.496653	-0.0937952
0.235	1.44655	0.0126715	0.107399	-0.498838	-0.0961903
0.24	1.44158	0.0132198	0.109894	-0.501031	-0.0986022
0.245	1.43661	0.0137806	0.112399	-0.503231	-0.101031
0.25	1.43165	0.0143539	0.114915	-0.505439	-0.103476
0.255	1.42668	0.0149398	0.117442	-0.507654	-0.105938
0.26	1.42172	0.0155383	0.11998	-0.509876	-0.108417
0.265	1.41675	0.0161494	0.12253	-0.512106	-0.110913
0.27	1.41179	0.0167732	0.12509	-0.514344	-0.113426
0.275	1.40683	0.0174098	0.127662	-0.51659	-0.115955
0.28	1.40188	0.0180592	0.130245	-0.518844	-0.118501
0.285	1.39692	0.0187214	0.132839	-0.521107	-0.121064
0.29	1.39197	0.0193966	0.135445	-0.523377	-0.123644
0.295	1.38701	0.0200847	0.138062	-0.525657	-0.126241
0.3	1.38206	0.0207858	0.14069	-0.527944	-0.128854
0.305	1.37711	0.0215	0.14333	-0.530241	-0.131484
0.31	1.37217	0.0222273	0.145981	-0.532546	-0.134131
0.315	1.36722	0.0229678	0.148644	-0.534861	-0.136795
0.32	1.36228	0.0237215	0.151318	-0.537185	-0.139476
0.325	1.35734	0.0244885	0.154004	-0.539518	-0.142173
0.33	1.3524	0.0252688	0.156701	-0.54186	-0.144888
0.335	1.34746	0.0260625	0.159411	-0.544212	-0.147619
0.34	1.34253	0.0268696	0.162132	-0.546574	-0.150366
0.345	1.3376	0.0276902	0.164865	-0.548946	-0.153131
0.35	1.33267	0.0285243	0.167609	-0.551328	-0.155913
0.355	1.32774	0.029372	0.170366	-0.55372	-0.158711
0.36	1.32281	0.0302334	0.173135	-0.556122	-0.161526
0.365	1.31789	0.0311084	0.175915	-0.558535	-0.164358
0.37	1.31297	0.0319972	0.178708	-0.560959	-0.167207
0.375	1.30805	0.0328998	0.181513	-0.563393	-0.170073
0.38	1.30314	0.0338163	0.18433	-0.565839	-0.172955
0.385	1.29822	0.0347466	0.187159	-0.568295	-0.175854
0.39	1.29331	0.0356909	0.19	-0.570763	-0.17877
0.395	1.28841	0.0366492	0.192854	-0.573243	-0.181703
0.4	1.2835	0.0376216	0.19572	-0.575734	-0.184653
0.405	1.2786	0.038608	0.198599	-0.578237	-0.187619
0.41	1.2737	0.0396087	0.20149	-0.580752	-0.190602
0.415	1.26881	0.0406236	0.204394	-0.583279	-0.193602
0.42	1.26391	0.0416527	0.20731	-0.585818	-0.196619
0.425	1.25902	0.0426962	0.210239	-0.58837	-0.199652
0.43	1.25414	0.043754	0.213181	-0.590935	-0.202702
0.435	1.24925	0.0448263	0.216136	-0.593513	-0.205769
0.44	1.24437	0.0459131	0.219104	-0.596103	-0.208853
0.445	1.23949	0.0470144	0.222084	-0.598707	-0.211954
0.45	1.23462	0.0481303	0.225078	-0.601325	-0.215071
0.455	1.22975	0.0492609	0.228084	-0.603956	-0.218205
0.46	1.22488	0.0504061	0.231104	-0.606601	-0.221355
0.465	1.22002	0.0515661	0.234137	-0.609259	-0.224522
0.47	1.21516	0.052741	0.237183	-0.611933	-0.227706
0.475	1.2103	0.0539307	0.240243	-0.61462	-0.230907
0.48	1.20545	0.0551353	0.243316	-0.617322	-0.234124
0.485	1.2006	0.0563549	0.246403	-0.620039	-0.237358
0.49	1.19576	0.0575895	0.249503	-0.622771	-0.240609
0.495	1.19092	0.0588392	0.252617	-0.625518	-0.243876
0.5	1.18608	0.060104	0.255744	-0.628281	-0.24716
0.505	1.18124	0.061384	0.258886	-0.631059	-0.25046
0.51	1.17642	0.0626793	0.262041	-0.633853	-0.253777
0.515	1.17159	0.0639898	0.26521	-0.636663	-0.25711
0.52	1.16677	0.0653158	0.268394	-0.63949	-0.26046
0.525	1.16195	0.0666571	0.271591	-0.642332	-0.263827
0.53	1.15714	0.0680139	0.274803	-0.645192	-0.26721
0.535	1.15233	0.0693862	0.278029	-0.648069	-0.270609
0.54	1.14753	0.070774	0.281269	-0.650962	-0.274025
0.545	1.14273	0.0721775	0.284524	-0.653873	-0.277457
0.55	1.13794	0.0735967	0.287793	-0.656802	-0.280906
0.555	1.13315	0.0750317	0.291077	-0.659749	-0.284371
0.56	1.12836	0.0764824	0.294376	-0.662713	-0.287853
0.565	1.12358	0.0779489	0.29769	-0.665696	-0.29135
0.57	1.11881	0.0794314	0.301018	-0.668698	-0.294864
0.575	1.11404	0.0809298	0.304362	-0.671718	-0.298395
0.58	1.10927	0.0824442	0.30772	-0.674757	-0.301941
0.585	1.10451	0.0839747	0.311094	-0.677816	-0.305504
0.59	1.09976	0.0855214	0.314483	-0.680894	-0.309083
0.595	1.09501	0.0870842	0.317887	-0.683992	-0.312678
0.6	1.09026	0.0886632	0.321307	-0.68711	-0.316289
0.605	1.08552	0.0902585	0.324743	-0.690248	-0.319916
0.61	1.08079	0.0918702	0.328194	-0.693407	-0.323559
0.615	1.07606	0.0934983	0.331661	-0.696586	-0.327218
0.62	1.07134	0.0951428	0.335144	-0.699786	-0.330893
0.625	1.06662	0.0968038	0.338643	-0.703008	-0.334584
0.63	1.06191	0.0984814	0.342158	-0.706252	-0.338291
0.635	1.05721	0.100176	0.345689	-0.709517	-0.342014
0.64	1.05251	0.101887	0.349237	-0.712804	-0.345752
0.645	1.04782	0.103614	0.352801	-0.716113	-0.349506
0.65	1.04313	0.105359	0.356382	-0.719446	-0.353276
0.655	1.03845	0.10712	0.359979	-0.722801	-0.357061
0.66	1.03378	0.108898	0.363593	-0.726179	-0.360862
0.665	1.02911	0.110693	0.367224	-0.72958	-0.364678
0.67	1.02445	0.112505	0.370872	-0.733006	-0.36851
0.675	1.0198	0.114335	0.374537	-0.736455	-0.372357
0.68	1.01515	0.116181	0.378219	-0.739928	-0.376219
0.685	1.01051	0.118044	0.381919	-0.743426	-0.380096
0.69	1.00588	0.119925	0.385636	-0.746949	-0.383989
0.695	1.00126	0.121823	0.38937	-0.750497	-0.387897
0.7	0.996638	0.123739	0.393123	-0.75407	-0.391819
0.705	0.992026	0.125671	0.396893	-0.757669	-0.395757
0.71	0.987422	0.127622	0.400682	-0.761294	-0.399709
0.715	0.982826	0.129589	0.404488	-0.764945	-0.403676
0.72	0.978237	0.131575	0.408313	-0.768623	-0.407658
0.725	0.973656	0.133578	0.412156	-0.772327	-0.411654
0.73	0.969082	0.135598	0.416018	-0.776059	-0.415665
0.735	0.964516	0.137636	0.419898	-0.779817	-0.41969
0.74	0.959959	0.139693	0.423797	-0.783604	-0.42373
0.745	0.955409	0.141767	0.427715	-0.787418	-0.427783
0.75	0.950868	0.143858	0.431652	-0.791261	-0.431851
0.755	0.946335	0.145968	0.435608	-0.795132	-0.435933
0.76	0.94181	0.148096	0.439584	-0.799032	-0.440028
0.765	0.937294	0.150242	0.443579	-0.802961	-0.444137
0.77	0.932787	0.152406	0.447594	-0.806919	-0.44826
0.775	0.928288	0.154588	0.451629	-0.810907	-0.452396
0.78	0.923798	0.156788	0.455683	-0.814925	-0.456546
0.785	0.919317	0.159007	0.459758	-0.818973	-0.460708
0.79	0.914846	0.161244	0.463853	-0.823051	-0.464884
0.795	0.910383	0.163499	0.467968	-0.827161	-0.469073
0.8	0.90593	0.165773	0.472104	-0.831301	-0.473274
0.805	0.901487	0.168066	0.47626	-0.835472	-0.477488
0.81	0.897053	0.170376	0.480437	-0.839676	-0.481715
0.815	0.892628	0.172706	0.484636	-0.843911	-0.485954
0.82	0.888214	0.175054	0.488855	-0.848178	-0.490205
0.825	0.88381	0.177421	0.493096	-0.852477	-0.494467
0.83	0.879415	0.179806	0.497359	-0.856809	-0.498742
0.835	0.875031	0.182211	0.501643	-0.861175	-0.503028
0.84	0.870658	0.184634	0.505949	-0.865573	-0.507326
0.845	0.866295	0.187076	0.510276	-0.870004	-0.511634
0.85	0.861942	0.189537	0.514626	-0.874469	-0.515954
0.855	0.857601	0.192017	0.518999	-0.878968	-0.520284
0.86	0.85327	0.194516	0.523394	-0.883501	-0.524625
0.865	0.848951	0.197034	0.527811	-0.888069	-0.528976
0.87	0.844642	0.199572	0.532252	-0.89267	-0.533337
0.875	0.840345	0.202128	0.536715	-0.897307	-0.537709
0.88	0.83606	0.204704	0.541201	-0.901978	-0.542089
0.885	0.831786	0.207299	0.545711	-0.906685	-0.546479
0.89	0.827524	0.209914	0.550245	-0.911427	-0.550878
0.895	0.823274	0.212547	0.554802	-0.916204	-0.555286
0.9	0.819036	0.215201	0.559383	-0.921017	-0.559702
0.905	0.814811	0.217874	0.563988	-0.925866	-0.564126
0.91	0.810597	0.220566	0.568617	-0.93075	-0.568559
0.915	0.806397	0.223278	0.573271	-0.935671	-0.572999
0.92	0.802209	0.226009	0.577949	-0.940628	-0.577446
0.925	0.798034	0.228761	0.582653	-0.945621	-0.5819
0.93	0.793872	0.231532	0.587381	-0.95065	-0.586361
0.935	0.789723	0.234322	0.592134	-0.955716	-0.590827
0.94	0.785588	0.237133	0.596912	-0.960819	-0.5953
0.945	0.781466	0.239963	0.601717	-0.965958	-0.599779
0.95	0.777358	0.242813	0.606546	-0.971134	-0.604262
0.955	0.773263	0.245683	0.611402	-0.976346	-0.60875
0.96	0.769183	0.248573	0.616284	-0.981595	-0.613243
0.965	0.765117	0.251483	0.621192	-0.98688	-0.617739
0.97	0.761066	0.254413	0.626126	-0.992202	-0.622239
0.975	0.757029	0.257363	0.631087	-0.997561	-0.626742
0.98	0.753007	0.260334	0.636075	-1.00296	-0.631248
0.985	0.748999	0.263324	0.64109	-1.00839	-0.635755
0.99	0.745007	0.266334	0.646132	-1.01385	-0.640265
0.995	0.741031	0.269365	0.651201	-1.01936	-0.644775
1	0.737069	0.272416	0.656298	-1.0249	-0.649286
1.005	0.733124	0.275487	0.661422	-1.03047	-0.653798
1.01	0.729194	0.278579	0.666575	-1.03608	-0.658309
1.015	0.72528	0.281691	0.671755	-1.04173	-0.662818
1.02	0.721383	0.284823	0.676964	-1.04741	-0.667327
1.025	0.717502	0.287975	0.682201	-1.05312	-0.671833
1.03	0.713638	0.291148	0.687466	-1.05887	-0.676337
1.035	0.70979	0.294341	0.692761	-1.06466	-0.680837
1.04	0.70596	0.297555	0.698084	-1.07047	-0.685333
1.045	0.702147	0.300789	0.703436	-1.07632	-0.689825
1.05	0.698351	0.304044	0.708818	-1.0822	-0.694311
1.055	0.694573	0.307319	0.714229	-1.08812	-0.698791
1.06	0.690813	0.310615	0.71967	-1.09406	-0.703265
1.065	0.687071	0.313931	0.72514	-1.10004	-0.707731
1.07	0.683347	0.317268	0.73064	-1.10605	-0.71219
1.075	0.679642	0.320625	0.73617	-1.11208	-0.716639
1.08	0.675956	0.324003	0.741731	-1.11815	-0.721079
1.085	0.672288	0.327401	0.747321	-1.12424	-0.725508
1.09	0.66864	0.33082	0.752943	-1.13036	-0.729926
1.095	0.665011	0.33426	0.758594	-1.1365	-0.734332
1.1	0.661401	0.33772	0.764277	-1.14267	-0.738724
1.105	0.657812	0.341201	0.76999	-1.14887	-0.743104
1.11	0.654242	0.344702	0.775735	-1.15508	-0.747468
1.115	0.650693	0.348224	0.78151	-1.16132	-0.751817
1.12	0.647164	0.351766	0.787317	-1.16758	-0.756149
1.125	0.643656	0.355329	0.793154	-1.17386	-0.760463
1.13	0.640169	0.358912	0.799024	-1.18016	-0.76476
1.135	0.636703	0.362516	0.804925	-1.18648	-0.769036
1.14	0.633259	0.36614	0.810857	-1.19281	-0.773292
1.145	0.629836	0.369785	0.816821	-1.19915	-0.777527
1.15	0.626435	0.373451	0.822817	-1.20551	-0.781738
1.155	0.623057	0.377136	0.828844	-1.21188	-0.785926
1.16	0.6197	0.380842	0.834904	-1.21825	-0.79009
1.165	0.616367	0.384569	0.840995	-1.22464	-0.794227
1.17	0.613056	0.388316	0.847118	-1.23103	-0.798337
1.175	0.609768	0.392083	0.853273	-1.23742	-0.802418
1.18	0.606504	0.395871	0.85946	-1.24382	-0.80647
1.185	0.603264	0.399678	0.86568	-1.25022	-0.810492
1.19	0.600047	0.403506	0.871931	-1.25661	-0.814481
1.195	0.596854	0.407354	0.878214	-1.263	-0.818437
1.2	0.593686	0.411222	0.884529	-1.26938	-0.822358
1.205	0.590542	0.41511	0.890876	-1.27575	-0.826244
1.21	0.587423	0.419018	0.897254	-1.28211	-0.830092
1.215	0.58433	0.422946	0.903665	-1.28846	-0.833901
1.22	0.581262	0.426894	0.910107	-1.29479	-0.837671
1.225	0.578219	0.430862	0.916581	-1.3011	-0.841399
1.23	0.575202	0.434849	0.923087	-1.30738	-0.845084
1.235	0.572211	0.438856	0.929623	-1.31364	-0.848725
1.24	0.569247	0.442883	0.936192	-1.31988	-0.852321
1.245	0.566309	0.446929	0.942791	-1.32608	-0.855869
1.25	0.563399	0.450994	0.949421	-1.33224	-0.859368
1.255	0.560515	0.455079	0.956083	-1.33837	-0.862817
1.26	0.557659	0.459183	0.962775	-1.34446	-0.866215
1.265	0.55483	0.463306	0.969497	-1.3505	-0.869559
1.27	0.55203	0.467448	0.976249	-1.3565	-0.872848
1.275	0.549257	0.471609	0.983032	-1.36244	-0.87608
1.28	0.546513	0.475788	0.989844	-1.36833	-0.879255
1.285	0.543797	0.479987	0.996686	-1.37415	-0.88237
1.29	0.541111	0.484204	1.00356	-1.37992	-0.885423
1.295	0.538454	0.488439	1.01046	-1.38562	-0.888414
1.3	0.535826	0.492693	1.01738	-1.39124	-0.891339
1.305	0.533227	0.496965	1.02434	-1.39679	-0.894199
1.31	0.530659	0.501254	1.03132	-1.40227	-0.896991
1.315	0.528121	0.505562	1.03834	-1.40766	-0.899713
1.32	0.525613	0.509888	1.04537	-1.41296	-0.902364
1.325	0.523135	0.514231	1.05244	-1.41817	-0.904942
1.33	0.520689	0.518592	1.05953	-1.42328	-0.907445
1.335	0.518274	0.522969	1.06665	-1.42829	-0.909872
1.34	0.51589	0.527365	1.07379	-1.4332	-0.912221
1.345	0.513537	0.531777	1.08095	-1.43799	-0.91449
1.35	0.511217	0.536205	1.08814	-1.44267	-0.916679
1.355	0.508928	0.540651	1.09536	-1.44723	-0.918784
1.36	0.506672	0.545113	1.10259	-1.45167	-0.920804
1.365	0.504448	0.549591	1.10985	-1.45598	-0.922739
1.37	0.502256	0.554085	1.11713	-1.46015	-0.924585
1.375	0.500098	0.558595	1.12443	-1.46419	-0.926343
1.38	0.497972	0.563121	1.13175	-1.46808	-0.928009
1.385	0.49588	0.567662	1.13909	-1.47183	-0.929582
1.39	0.493822	0.572219	1.14645	-1.47542	-0.931061
1.395	0.491797	0.576791	1.15383	-1.47886	-0.932445
1.4	0.489806	0.581377	1.16122	-1.48213	-0.933732
1.405	0.487849	0.585978	1.16863	-1.48523	-0.93492
1.41	0.485926	0.590594	1.17606	-1.48817	-0.936008
1.415	0.484037	0.595223	1.1835	-1.49092	-0.936994
1.42	0.482184	0.599867	1.19096	-1.4935	-0.937878
1.425	0.480364	0.604524	1.19842	-1.49589	-0.938657
1.43	0.47858	0.609195	1.2059	-1.49809	-0.939331
1.435	0.476831	0.613879	1.21339	-1.50009	-0.939899
1.44	0.475117	0.618576	1.22089	-1.5019	-0.940358
1.445	0.473438	0.623286	1.2284	-1.5035	-0.940709
1.45	0.471795	0.628008	1.23592	-1.5049	-0.94095
1.455	0.470187	0.632743	1.24345	-1.50608	-0.941079
1.46	0.468615	0.637489	1.25098	-1.50705	-0.941096
1.465	0.467079	0.642247	1.25851	-1.50779	-0.941001
1.47	0.465579	0.647017	1.26605	-1.50832	-0.940791
1.475	0.464115	0.651798	1.27359	-1.50862	-0.940467
1.48	0.462686	0.656589	1.28113	-1.50868	-0.940027
1.485	0.461295	0.661392	1.28868	-1.50852	-0.939471
1.49	0.459939	0.666204	1.29622	-1.50811	-0.938799
1.495	0.458619	0.671027	1.30376	-1.50747	-0.938009
1.5	0.457337	0.67586	1.3113	-1.50659	-0.937102
1.505	0.45609	0.680702	1.31883	-1.50546	-0.936076
1.51	0.45488	0.685553	1.32636	-1.50408	-0.934932
1.515	0.453706	0.690414	1.33388	-1.50246	-0.933669
1.52	0.452569	0.695283	1.34139	-1.50058	-0.932287
1.525	0.451469	0.70016	1.34889	-1.49845	-0.930786
1.53	0.450405	0.705045	1.35639	-1.49606	-0.929167
1.535	0.449378	0.709939	1.36387	-1.49342	-0.927428
1.54	0.448387	0.71484	1.37133	-1.49053	-0.925571
1.545	0.447433	0.719748	1.37879	-1.48737	-0.923595
1.55	0.446515	0.724663	1.38622	-1.48396	-0.9215
1.555	0.445634	0.729585	1.39364	-1.48029	-0.919288
1.56	0.444789	0.734513	1.40104	-1.47636	-0.916958
1.565	0.443981	0.739447	1.40843	-1.47217	-0.914512
1.57	0.443209	0.744387	1.41579	-1.46772	-0.911949
1.575	0.442474	0.749333	1.42313	-1.46302	-0.909271
1.58	0.441774	0.754283	1.43044	-1.45805	-0.906478
1.585	0.441111	0.759239	1.43773	-1.45284	-0.903571
1.59	0.440483	0.7642	1.445	-1.44737	-0.900551
1.595	0.439892	0.769165	1.45223	-1.44164	-0.897419
1.6	0.439336	0.774134	1.45944	-1.43567	-0.894176
1.605	0.438816	0.779107	1.46662	-1.42945	-0.890823
1.61	0.438332	0.784083	1.47377	-1.42298	-0.887362
1.615	0.437883	0.789063	1.48088	-1.41627	-0.883794
1.62	0.437469	0.794046	1.48796	-1.40932	-0.88012
1.625	0.437091	0.799031	1.49501	-1.40213	-0.876341
1.63	0.436747	0.80402	1.50202	-1.3947	-0.87246
1.635	0.436438	0.80901	1.50899	-1.38705	-0.868477
1.64	0.436164	0.814002	1.51593	-1.37917	-0.864395
1.645	0.435924	0.818997	1.52282	-1.37106	-0.860214
1.65	0.435719	0.823992	1.52968	-1.36274	-0.855938
1.655	0.435547	0.82899	1.53649	-1.3542	-0.851567
1.66	0.43541	0.833988	1.54326	-1.34546	-0.847103
1.665	0.435306	0.838987	1.54999	-1.3365	-0.842549
1.67	0.435235	0.843986	1.55667	-1.32735	-0.837906
1.675	0.435198	0.848986	1.56331	-1.318	-0.833176
1.68	0.435193	0.853986	1.5699	-1.30846	-0.828361
1.685	0.435221	0.858986	1.57644	-1.29874	-0.823464
1.69	0.435282	0.863985	1.58294	-1.28883	-0.818486
1.695	0.435375	0.868985	1.58938	-1.27875	-0.813429
1.7	0.4355	0.873983	1.59577	-1.26851	-0.808296
1.705	0.435656	0.878981	1.60212	-1.2581	-0.803089
1.71	0.435844	0.883977	1.60841	-1.24753	-0.79781
1.715	0.436064	0.888972	1.61465	-1.23681	-0.792461
1.72	0.436314	0.893966	1.62083	-1.22595	-0.787045
1.725	0.436594	0.898958	1.62696	-1.21494	-0.781563
1.73	0.436905	0.903948	1.63303	-1.20381	-0.776018
1.735	0.437246	0.908937	1.63905	-1.19254	-0.770412
1.74	0.437617	0.913923	1.64502	-1.18116	-0.764748
1.745	0.438017	0.918907	1.65092	-1.16966	-0.759028
1.75	0.438447	0.923888	1.65677	-1.15805	-0.753253
1.755	0.438905	0.928867	1.66256	-1.14634	-0.747427
1.76	0.439392	0.933844	1.66829	-1.13453	-0.741551
1.765	0.439906	0.938817	1.67396	-1.12263	-0.735628
1.77	0.440449	0.943788	1.67958	-1.11065	-0.72966
1.775	0.44102	0.948755	1.68513	-1.09859	-0.723649
1.78	0.441617	0.953719	1.69062	-1.08646	-0.717598
1.785	0.442242	0.95868	1.69606	-1.07426	-0.711508
1.79	0.442893	0.963637	1.70143	-1.062	-0.705382
1.795	0.443571	0.968591	1.70674	-1.04968	-0.699222
1.8	0.444275	0.973541	1.71199	-1.03732	-0.69303
1.805	0.445004	0.978488	1.71717	-1.02491	-0.686808
1.81	0.445759	0.983431	1.7223	-1.01247	-0.680559
1.815	0.446538	0.98837	1.72736	-0.999993	-0.674284
1.82	0.447342	0.993304	1.73236	-0.987491	-0.667985
1.825	0.448171	0.998235	1.7373	-0.974968	-0.661665
1.83	0.449024	1.00316	1.74217	-0.962429	-0.655325
1.835	0.4499	1.00808	1.74698	-0.949879	-0.648967
1.84	0.4508	1.013	1.75173	-0.937323	-0.642593
1.845	0.451723	1.01792	1.75642	-0.924767	-0.636205
1.85	0.452668	1.02283	1.76104	-0.912214	-0.629805
1.855	0.453636	1.02773	1.7656	-0.899671	-0.623395
1.86	0.454626	1.03263	1.7701	-0.88714	-0.616976
1.865	0.455638	1.03753	1.77454	-0.874628	-0.61055
1.87	0.456671	1.04242	1.77891	-0.862137	-0.604119
1.875	0.457725	1.04731	1.78322	-0.849673	-0.597685
1.88	0.4588	1.05219	1.78747	-0.837239	-0.591248
1.885	0.459895	1.05707	1.79166	-0.82484	-0.584811
1.89	0.461011	1.06195	1.79578	-0.812479	-0.578376
1.895	0.462146	1.06681	1.79984	-0.800159	-0.571942
1.9	0.463301	1.07168	1.80384	-0.787885	-0.565513
1.905	0.464475	1.07654	1.80778	-0.77566	-0.559089
1.91	0.465667	1.0814	1.81166	-0.763487	-0.552673
1.915	0.466878	1.08625	1.81548	-0.75137	-0.546264
1.92	0.468108	1.09109	1.81924	-0.739311	-0.539865
1.925	0.469355	1.09593	1.82293	-0.727313	-0.533476
1.93	0.47062	1.10077	1.82657	-0.71538	-0.527099
1.935	0.471903	1.10561	1.83015	-0.703514	-0.520736
1.94	0.473202	1.11043	1.83366	-0.691717	-0.514386
1.945	0.474518	1.11526	1.83712	-0.679992	-0.508052
1.95	0.47585	1.12008	1.84052	-0.668342	-0.501734
1.955	0.477199	1.12489	1.84386	-0.656768	-0.495434
1.96	0.478563	1.1297	1.84715	-0.645273	-0.489152
1.965	0.479942	1.13451	1.85037	-0.633858	-0.48289
1.97	0.481337	1.13931	1.85354	-0.622526	-0.476647
1.975	0.482747	1.14411	1.85666	-0.611279	-0.470426
1.98	0.484172	1.1489	1.85971	-0.600118	-0.464227
1.985	0.485611	1.15369	1.86271	-0.589044	-0.45805
1.99	0.487064	1.15847	1.86566	-0.57806	-0.451897
1.995	0.488531	1.16325	1.86855	-0.567166	-0.445769
2	0.490011	1.16803	1.87138	-0.556364	-0.439665
2.005	0.491505	1.1728	1.87417	-0.545654	-0.433587
2.01	0.493012	1.17757	1.87689	-0.53504	-0.427535
2.015	0.494531	1.18233	1.87957	-0.52452	-0.421511
2.02	0.496063	1.18709	1.88219	-0.514096	-0.415514
2.025	0.497607	1.19184	1.88476	-0.503769	-0.409545
2.03	0.499163	1.1966	1.88728	-0.493541	-0.403605
2.035	0.500731	1.20134	1.88975	-0.48341	-0.397694
2.04	0.50231	1.20609	1.89217	-0.473378	-0.391813
2.045	0.503901	1.21083	1.89453	-0.463447	-0.385961
2.05	0.505503	1.21557	1.89685	-0.453615	-0.380141
2.055	0.507115	1.2203	1.89912	-0.443883	-0.374351
2.06	0.508738	1.22503	1.90134	-0.434253	-0.368593
2.065	0.510371	1.22975	1.90351	-0.424723	-0.362866
2.07	0.512014	1.23448	1.90563	-0.415295	-0.357172
2.075	0.513667	1.23919	1.90771	-0.405968	-0.35151
2.08	0.515329	1.24391	1.90974	-0.396743	-0.345881
2.085	0.517001	1.24862	1.91172	-0.387619	-0.340284
2.09	0.518682	1.25333	1.91366	-0.378598	-0.334721
2.095	0.520372	1.25804	1.91555	-0.369677	-0.329191
2.1	0.52207	1.26274	1.9174	-0.360858	-0.323695
2.105	0.523777	1.26744	1.91921	-0.352141	-0.318233
2.11	0.525493	1.27214	1.92097	-0.343524	-0.312805
2.115	0.527216	1.27683	1.92269	-0.335009	-0.307411
2.12	0.528947	1.28152	1.92436	-0.326594	-0.302051
2.125	0.530686	1.28621	1.92599	-0.318279	-0.296726
2.13	0.532432	1.29089	1.92758	-0.310064	-0.291435
2.135	0.534186	1.29558	1.92913	-0.301949	-0.28618
2.14	0.535947	1.30026	1.93064	-0.293933	-0.280959
2.145	0.537714	1.30493	1.93211	-0.286016	-0.275773
2.15	0.539488	1.30961	1.93354	-0.278197	-0.270622
2.155	0.541269	1.31428	1.93494	-0.270476	-0.265506
2.16	0.543056	1.31895	1.93629	-0.262852	-0.260425
2.165	0.544849	1.32362	1.9376	-0.255325	-0.255379
2.17	0.546648	1.32828	1.93888	-0.247893	-0.250368
2.175	0.548453	1.33294	1.94012	-0.240558	-0.245392
2.18	0.550264	1.3376	1.94132	-0.233317	-0.240452
2.185	0.55208	1.34226	1.94249	-0.226171	-0.235546
2.19	0.553901	1.34692	1.94362	-0.219118	-0.230676
2.195	0.555727	1.35157	1.94471	-0.212158	-0.225841
2.2	0.557559	1.35623	1.94577	-0.20529	-0.22104
2.205	0.559395	1.36088	1.9468	-0.198514	-0.216275
2.21	0.561235	1.36553	1.94779	-0.191828	-0.211544
2.215	0.56308	1.37017	1.94875	-0.185233	-0.206848
2.22	0.56493	1.37482	1.94968	-0.178727	-0.202187
2.225	0.566783	1.37946	1.95057	-0.17231	-0.197561
2.23	0.568641	1.38411	1.95143	-0.165981	-0.192969
2.235	0.570502	1.38875	1.95226	-0.159738	-0.188412
2.24	0.572367	1.39338	1.95306	-0.153582	-0.183889
2.245	0.574236	1.39802	1.95383	-0.147512	-0.179401
2.25	0.576108	1.40266	1.95457	-0.141526	-0.174946
2.255	0.577984	1.40729	1.95528	-0.135624	-0.170526
2.26	0.579862	1.41193	1.95595	-0.129806	-0.166139
2.265	0.581744	1.41656	1.9566	-0.12407	-0.161787
2.27	0.583628	1.42119	1.95722	-0.118415	-0.157468
2.275	0.585515	1.42582	1.95782	-0.112841	-0.153183
2.28	0.587405	1.43045	1.95838	-0.107347	-0.148931
2.285	0.589297	1.43508	1.95892	-0.101932	-0.144712
2.29	0.591192	1.43971	1.95943	-0.0965953	-0.140527
2.295	0.593089	1.44433	1.95991	-0.0913362	-0.136374
2.3	0.594988	1.44896	1.96037	-0.0861537	-0.132255
2.305	0.596889	1.45358	1.9608	-0.0810471	-0.128168
2.31	0.598791	1.45821	1.9612	-0.0760155	-0.124113
2.315	0.600696	1.46283	1.96158	-0.0710581	-0.120091
2.32	0.602602	1.46745	1.96194	-0.0661742	-0.116102
2.325	0.60451	1.47207	1.96227	-0.0613629	-0.112144
2.33	0.606419	1.47669	1.96257	-0.0566234	-0.108218
2.335	0.60833	1.48131	1.96286	-0.0519549	-0.104324
2.34	0.610241	1.48593	1.96312	-0.0473567	-0.100462
2.345	0.612154	1.49055	1.96335	-0.0428278	-0.0966308
2.35	0.614068	1.49517	1.96357	-0.0383675	-0.0928309
2.355	0.615982	1.49979	1.96376	-0.0339751	-0.0890622
2.36	0.617898	1.50441	1.96393	-0.0296497	-0.0853243
2.365	0.619814	1.50903	1.96408	-0.0253906	-0.0816172
2.37	0.621731	1.51365	1.96421	-0.0211969	-0.0779406
2.375	0.623648	1.51827	1.96431	-0.017068	-0.0742944
2.38	0.625565	1.52288	1.9644	-0.013003	-0.0706784
2.385	0.627483	1.5275	1.96446	-0.00900125	-0.0670924
2.39	0.629401	1.53212	1.96451	-0.00506189	-0.0635362
2.395	0.63132	1.53674	1.96453	-0.00118421	-0.0600097
2.4	0.633238	1.54135	1.96454	0.00263253	-0.0565127
2.405	0.635156	1.54597	1.96452	0.00638908	-0.053045
2.41	0.637074	1.55059	1.96449	0.0100862	-0.0496064
2.415	0.638992	1.55521	1.96444	0.0137245	-0.0461968
2.42	0.640909	1.55982	1.96437	0.0173048	-0.0428159
2.425	0.642826	1.56444	1.96429	0.0208279	-0.0394637
2.43	0.644743	1.56906	1.96418	0.0242943	-0.0361399
2.435	0.646659	1.57368	1.96406	0.0277048	-0.0328443
2.44	0.648574	1.5783	1.96392	0.0310602	-0.0295768
2.445	0.650489	1.58291	1.96377	0.034361	-0.0263371
2.45	0.652403	1.58753	1.9636	0.037608	-0.0231252
2.455	0.654316	1.59215	1.96341	0.0408019	-0.0199409
2.46	0.656228	1.59677	1.9632	0.0439433	-0.0167839
2.465	0.658139	1.60139	1.96298	0.0470329	-0.013654
2.47	0.660049	1.60601	1.96275	0.0500713	-0.0105512
2.475	0.661958	1.61064	1.9625	0.0530592	-0.00747525
2.48	0.663865	1.61526	1.96223	0.0559973	-0.00442594
2.485	0.665772	1.61988	1.96195	0.0588861	-0.00140313
2.49	0.667677	1.6245	1.96166	0.0617263	0.00159336
2.495	0.66958	1.62913	1.96135	0.0645185	0.00456371
2.5	0.671482	1.63375	1.96103	0.0672634	0.00750807
2.505	0.673383	1.63838	1.96069	0.0699615	0.0104266
2.51	0.675281	1.643	1.96034	0.0726135	0.0133195
2.515	0.677179	1.64763	1.95998	0.0752199	0.016187
2.52	0.679074	1.65225	1.9596	0.0777813	0.0190291
2.525	0.680968	1.65688	1.95921	0.0802984	0.0218461
2.53	0.682859	1.66151	1.95881	0.0827716	0.0246381
2.535	0.684749	1.66614	1.9584	0.0852017	0.0274053
2.54	0.686637	1.67077	1.95797	0.087589	0.0301479
2.545	0.688523	1.6754	1.95753	0.0899342	0.0328659
2.55	0.690407	1.68003	1.95708	0.0922379	0.0355597
2.555	0.692288	1.68466	1.95662	0.0945005	0.0382293
2.56	0.694168	1.6893	1.95615	0.0967226	0.0408748
2.565	0.696045	1.69393	1.95567	0.0989048	0.0434966
2.57	0.69792	1.69857	1.95517	0.101047	0.0460946
2.575	0.699792	1.7032	1.95467	0.103151	0.0486691
2.58	0.701663	1.70784	1.95415	0.105217	0.0512202
2.585	0.70353	1.71248	1.95363	0.107244	0.0537481
2.59	0.705396	1.71712	1.95309	0.109234	0.0562529
2.595	0.707258	1.72176	1.95254	0.111187	0.0587348
2.6	0.709118	1.7264	1.95199	0.113104	0.061194
2.605	0.710976	1.73104	1.95142	0.114985	0.0636305
2.61	0.712831	1.73568	1.95085	0.11683	0.0660445
2.615	0.714683	1.74033	1.95026	0.118641	0.0684362
2.62	0.716532	1.74497	1.94967	0.120417	0.0708058
2.625	0.718379	1.74962	1.94907	0.122158	0.0731533
2.63	0.720223	1.75427	1.94846	0.123866	0.0754789
2.635	0.722063	1.75892	1.94784	0.125541	0.0777827
2.64	0.723901	1.76357	1.94721	0.127184	0.080065
2.645	0.725736	1.76822	1.94657	0.128793	0.0823258
2.65	0.727568	1.77287	1.94593	0.130371	0.0845652
2.655	0.729397	1.77752	1.94528	0.131918	0.0867835
2.66	0.731223	1.78218	1.94462	0.133433	0.0889807
2.665	0.733046	1.78683	1.94395	0.134918	0.091157
2.67	0.734866	1.79149	1.94328	0.136373	0.0933126
2.675	0.736682	1.79615	1.94259	0.137798	0.0954475
2.68	0.738495	1.80081	1.94191	0.139193	0.0975618
2.685	0.740305	1.80547	1.94121	0.14056	0.0996558
2.69	0.742112	1.81013	1.94051	0.141897	0.10173
2.695	0.743915	1.81479	1.9398	0.143207	0.103783
2.7	0.745716	1.81946	1.93908	0.144489	0.105817
2.705	0.747512	1.82413	1.93836	0.145743	0.107831
2.71	0.749306	1.82879	1.93763	0.14697	0.109825
2.715	0.751095	1.83346	1.9369	0.14817	0.111799
2.72	0.752882	1.83813	1.93615	0.149344	0.113754
2.725	0.754665	1.8428	1.93541	0.150492	0.11569
2.73	0.756444	1.84748	1.93466	0.151614	0.117606
2.735	0.75822	1.85215	1.9339	0.15271	0.119503
2.74	0.759992	1.85682	1.93313	0.153782	0.121381
2.745	0.761761	1.8615	1.93236	0.154829	0.123241
2.75	0.763526	1.86618	1.93159	0.155852	0.125081
2.755	0.765288	1.87086	1.93081	0.15685	0.126903
2.76	0.767045	1.87554	1.93003	0.157825	0.128706
2.765	0.768799	1.88022	1.92924	0.158777	0.130491
2.77	0.77055	1.88491	1.92844	0.159705	0.132258
2.775	0.772296	1.88959	1.92765	0.160611	0.134006
2.78	0.774039	1.89428	1.92684	0.161494	0.135737
2.785	0.775778	1.89896	1.92604	0.162355	0.137449
2.79	0.777514	1.90365	1.92522	0.163194	0.139144
2.795	0.779245	1.90834	1.92441	0.164012	0.140821
2.8	0.780973	1.91304	1.92359	0.164808	0.14248
2.805	0.782696	1.91773	1.92276	0.165583	0.144121
2.81	0.784416	1.92243	1.92194	0.166338	0.145746
2.815	0.786132	1.92712	1.9211	0.167072	0.147353
2.82	0.787844	1.93182	1.92027	0.167786	0.148942
2.825	0.789552	1.93652	1.91943	0.168481	0.150515
2.83	0.791256	1.94122	1.91859	0.169155	0.15207
2.835	0.792956	1.94592	1.91774	0.169811	0.153609
2.84	0.794653	1.95062	1.91689	0.170447	0.155131
2.845	0.796345	1.95533	1.91604	0.171064	0.156636
2.85	0.798033	1.96004	1.91518	0.171663	0.158125
2.855	0.799717	1.96474	1.91433	0.172243	0.159597
2.86	0.801397	1.96945	1.91347	0.172806	0.161052
2.865	0.803073	1.97416	1.9126	0.173351	0.162491
2.87	0.804745	1.97888	1.91173	0.173878	0.163914
2.875	0.806412	1.98359	1.91086	0.174387	0.165321
2.88	0.808076	1.9883	1.90999	0.17488	0.166712
2.885	0.809736	1.99302	1.90912	0.175356	0.168087
2.89	0.811391	1.99774	1.90824	0.175815	0.169446
2.895	0.813042	2.00246	1.90736	0.176258	0.17079
2.9	0.814689	2.00718	1.90648	0.176684	0.172117
2.905	0.816332	2.0119	1.9056	0.177095	0.17343
2.91	0.817971	2.01663	1.90471	0.17749	0.174726
2.915	0.819606	2.02135	1.90383	0.177869	0.176008
2.92	0.821236	2.02608	1.90294	0.178233	0.177273
2.925	0.822862	2.03081	1.90204	0.178582	0.178524
2.93	0.824484	2.03554	1.90115	0.178916	0.17976
2.935	0.826102	2.04027	1.90026	0.179236	0.18098
2.94	0.827715	2.045	1.89936	0.179541	0.182186
2.945	0.829324	2.04973	1.89846	0.179831	0.183377
2.95	0.830929	2.05447	1.89756	0.180108	0.184552
2.955	0.83253	2.05921	1.89666	0.18037	0.185714
2.96	0.834126	2.06394	1.89576	0.180619	0.18686
2.965	0.835718	2.06868	1.89486	0.180855	0.187992
2.97	0.837306	2.07343	1.89395	0.181077	0.18911
2.975	0.83889	2.07817	1.89305	0.181286	0.190213
2.98	0.840469	2.08291	1.89214	0.181482	0.191302
2.985	0.842044	2.08766	1.89124	0.181666	0.192376
2.99	0.843614	2.0924	1.89033	0.181836	0.193437
2.995	0.845181	2.09715	1.88942	0.181995	0.194483
3	0.846743	2.1019	1.88851	0.182141	0.195516
3.005	0.8483	2.10665	1.8876	0.182275	0.196534
3.01	0.849853	2.11141	1.88669	0.182397	0.197539
3.015	0.851402	2.11616	1.88577	0.182508	0.19853
3.02	0.852947	2.12092	1.88486	0.182607	0.199507
3.025	0.854487	2.12567	1.88395	0.182694	0.20047
3.03	0.856023	2.13043	1.88303	0.182771	0.20142
3.035	0.857555	2.13519	1.88212	0.182836	0.202357
3.04	0.859082	2.13995	1.88121	0.18289	0.20328
3.045	0.860605	2.14471	1.88029	0.182934	0.204189
3.05	0.862124	2.14948	1.87938	0.182967	0.205086
3.055	0.863638	2.15424	1.87846	0.18299	0.205969
3.06	0.865148	2.15901	1.87755	0.183002	0.206839
3.065	0.866653	2.16378	1.87663	0.183004	0.207696
3.07	0.868154	2.16855	1.87572	0.182996	0.20854
3.075	0.869651	2.17332	1.8748	0.182979	0.209372
3.08	0.871143	2.17809	1.87389	0.182951	0.21019
3.085	0.872631	2.18286	1.87297	0.182915	0.210995
3.09	0.874115	2.18764	1.87206	0.182868	0.211788
3.095	0.875594	2.19241	1.87114	0.182813	0.212568
3.1	0.877069	2.19719	1.87023	0.182748	0.213336
3.105	0.87854	2.20197	1.86932	0.182674	0.214091
3.11	0.880006	2.20675	1.8684	0.182592	0.214834
3.115	0.881467	2.21153	1.86749	0.182501	0.215564
3.12	0.882925	2.21631	1.86658	0.182401	0.216282
3.125	0.884378	2.2211	1.86567	0.182292	0.216987
3.13	0.885827	2.22588	1.86475	0.182176	0.21768
3.135	0.887271	2.23067	1.86384	0.182051	0.218362
3.14	0.888711	2.23546	1.86293	0.181918	0.219031
3.145	0.890147	2.24025	1.86202	0.181777	0.219688
3.15	0.891578	2.24504	1.86111	0.181628	0.220333
3.155	0.893005	2.24983	1.86021	0.181471	0.220966
3.16	0.894428	2.25463	1.8593	0.181307	0.221588
3.165	0.895846	2.25942	1.85839	0.181136	0.222197
3.17	0.89726	2.26422	1.85749	0.180957	0.222795
3.175	0.898669	2.26901	1.85658	0.18077	0.223381
3.18	0.900074	2.27381	1.85568	0.180577	0.223956
3.185	0.901475	2.27861	1.85478	0.180377	0.224519
3.19	0.902872	2.28341	1.85387	0.180169	0.22507
3.195	0.904264	2.28821	1.85297	0.179955	0.22561
3.2	0.905652	2.29302	1.85207	0.179735	0.226139
3.205	0.907036	2.29782	1.85117	0.179507	0.226657
3.21	0.908415	2.30263	1.85028	0.179273	0.227163
3.215	0.90979	2.30744	1.84938	0.179033	0.227657
3.22	0.911161	2.31224	1.84848	0.178787	0.228141
3.225	0.912527	2.31705	1.84759	0.178534	0.228614
3.23	0.913889	2.32187	1.8467	0.178276	0.229075
3.235	0.915247	2.32668	1.84581	0.178011	0.229526
3.24	0.9166	2.33149	1.84492	0.177741	0.229965
3.245	0.917949	2.33631	1.84403	0.177464	0.230394
3.25	0.919294	2.34112	1.84314	0.177183	0.230812
3.255	0.920635	2.34594	1.84225	0.176895	0.231219
3.26	0.921972	2.35076	1.84137	0.176602	0.231615
3.265	0.923304	2.35558	1.84049	0.176304	0.232001
3.27	0.924632	2.3604	1.83961	0.176	0.232376
3.275	0.925955	2.36522	1.83873	0.175692	0.23274
3.28	0.927275	2.37004	1.83785	0.175378	0.233094
3.285	0.92859	2.37486	1.83697	0.175059	0.233437
3.29	0.929901	2.37969	1.8361	0.174736	0.23377
3.295	0.931208	2.38452	1.83522	0.174407	0.234092
3.3	0.93251	2.38934	1.83435	0.174074	0.234405
3.305	0.933809	2.39417	1.83348	0.173736	0.234706
3.31	0.935103	2.399	1.83261	0.173394	0.234998
3.315	0.936393	2.40383	1.83174	0.173047	0.235279
3.32	0.937679	2.40866	1.83088	0.172696	0.23555
3.325	0.93896	2.4135	1.83001	0.17234	0.235812
3.33	0.940238	2.41833	1.82915	0.17198	0.236063
3.335	0.941511	2.42317	1.82829	0.171616	0.236304
3.34	0.94278	2.428	1.82744	0.171248	0.236535
3.345	0.944045	2.43284	1.82658	0.170877	0.236756
3.35	0.945306	2.43768	1.82572	0.170501	0.236967
3.355	0.946563	2.44252	1.82487	0.170121	0.237168
3.36	0.947815	2.44736	1.82402	0.169738	0.23736
3.365	0.949064	2.4522	1.82317	0.169351	0.237542
3.37	0.950308	2.45704	1.82233	0.16896	0.237714
3.375	0.951549	2.46189	1.82148	0.168566	0.237877
3.38	0.952785	2.46673	1.82064	0.168169	0.238029
3.385	0.954017	2.47158	1.8198	0.167768	0.238173
3.39	0.955245	2.47642	1.81896	0.167364	0.238307
3.395	0.956469	2.48127	1.81812	0.166957	0.238431
3.4	0.957689	2.48612	1.81729	0.166546	0.238546
3.405	0.958905	2.49097	1.81645	0.166133	0.238651
3.41	0.960117	2.49582	1.81562	0.165716	0.238747
3.415	0.961325	2.50067	1.81479	0.165297	0.238834
3.42	0.962529	2.50552	1.81397	0.164875	0.238912
3.425	0.963729	2.51038	1.81314	0.16445	0.23898
3.43	0.964925	2.51523	1.81232	0.164022	0.239039
3.435	0.966117	2.52009	1.8115	0.163592	0.239089
3.44	0.967305	2.52495	1.81068	0.163159	0.23913
3.445	0.968489	2.5298	1.80987	0.162723	0.239162
3.45	0.969669	2.53466	1.80905	0.162286	0.239185
3.455	0.970845	2.53952	1.80824	0.161845	0.239199
3.46	0.972017	2.54438	1.80743	0.161403	0.239203
3.465	0.973185	2.54924	1.80663	0.160958	0.239199
3.47	0.97435	2.55411	1.80582	0.160511	0.239186
3.475	0.97551	2.55897	1.80502	0.160062	0.239165
3.48	0.976667	2.56384	1.80422	0.159611	0.239134
3.485	0.977819	2.5687	1.80342	0.159158	0.239095
3.49	0.978968	2.57357	1.80263	0.158702	0.239047
3.495	0.980113	2.57843	1.80183	0.158245	0.23899
3.5	0.981254	2.5833	1.80104	0.157787	0.238925
3.505	0.982391	2.58817	1.80025	0.157326	0.238851
3.51	0.983525	2.59304	1.79946	0.156864	0.238768
3.515	0.984654	2.59791	1.79868	0.1564	0.238677
3.52	0.98578	2.60278	1.7979	0.155935	0.238578
3.525	0.986902	2.60766	1.79712	0.155468	0.23847
3.53	0.98802	2.61253	1.79634	0.154999	0.238353
3.535	0.989135	2.6174	1.79557	0.154529	0.238228
3.54	0.990245	2.62228	1.79479	0.154058	0.238095
3.545	0.991352	2.62715	1.79402	0.153586	0.237954
3.55	0.992455	2.63203	1.79326	0.153112	0.237804
3.555	0.993555	2.63691	1.79249	0.152637	0.237646
3.56	0.994651	2.64179	1.79173	0.152161	0.23748
3.565	0.995742	2.64667	1.79097	0.151684	0.237306
3.57	0.996831	2.65155	1.79021	0.151206	0.237123
3.575	0.997915	2.65643	1.78945	0.150726	0.236933
3.58	0.998996	2.66131	1.7887	0.150246	0.236734
3.585	1.00007	2.66619	1.78795	0.149765	0.236527
3.59	1.00115	2.67108	1.7872	0.149284	0.236313
3.595	1.00222	2.67596	1.78645	0.148801	0.23609
3.6	1.00328	2.68084	1.78571	0.148318	0.23586
3.605	1.00435	2.68573	1.78497	0.147834	0.235621
3.61	1.00541	2.69062	1.78423	0.14735	0.235375
3.615	1.00646	2.6955	1.78349	0.146864	0.235121
3.62	1.00751	2.70039	1.78276	0.146379	0.234859
3.625	1.00856	2.70528	1.78202	0.145893	0.234589
3.63	1.00961	2.71017	1.78129	0.145406	0.234312
3.635	1.01065	2.71506	1.78057	0.144919	0.234027
3.64	1.01168	2.71995	1.77984	0.144432	0.233734
3.645	1.01272	2.72484	1.77912	0.143945	0.233434
3.65	1.01375	2.72974	1.7784	0.143457	0.233126
3.655	1.01478	2.73463	1.77768	0.142969	0.232811
3.66	1.0158	2.73952	1.77697	0.142481	0.232488
3.665	1.01682	2.74442	1.77626	0.141993	0.232157
3.67	1.01784	2.74931	1.77555	0.141505	0.231819
3.675	1.01885	2.75421	1.77484	0.141016	0.231474
3.68	1.01986	2.75911	1.77413	0.140528	0.231121
3.685	1.02087	2.76401	1.77343	0.14004	0.230761
3.69	1.02187	2.7689	1.77273	0.139552	0.230393
3.695	1.02287	2.7738	1.77203	0.139064	0.230018
3.7	1.02386	2.7787	1.77134	0.138577	0.229636
3.705	1.02486	2.7836	1.77065	0.138089	0.229247
3.71	1.02585	2.7885	1.76995	0.137602	0.22885
3.715	1.02683	2.79341	1.76927	0.137115	0.228446
3.72	1.02781	2.79831	1.76858	0.136629	0.228035
3.725	1.02879	2.80321	1.7679	0.136143	0.227617
3.73	1.02977	2.80812	1.76722	0.135658	0.227192
3.735	1.03074	2.81302	1.76654	0.135173	0.22676
3.74	1.03171	2.81793	1.76586	0.134688	0.226321
3.745	1.03268	2.82283	1.76519	0.134204	0.225874
3.75	1.03364	2.82774	1.76452	0.133721	0.225421
3.755	1.0346	2.83265	1.76385	0.133238	0.224961
3.76	1.03555	2.83755	1.76318	0.132757	0.224494
3.765	1.03651	2.84246	1.76252	0.132275	0.22402
3.77	1.03746	2.84737	1.76186	0.131795	0.223539
3.775	1.0384	2.85228	1.7612	0.131315	0.223051
3.78	1.03935	2.85719	1.76054	0.130837	0.222557
3.785	1.04029	2.8621	1.75989	0.130359	0.222056
3.79	1.04122	2.86701	1.75924	0.129882	0.221548
3.795	1.04216	2.87192	1.75859	0.129406	0.221033
3.8	1.04309	2.87684	1.75794	0.128931	0.220511
3.805	1.04401	2.88175	1.7573	0.128457	0.219983
3.81	1.04494	2.88666	1.75665	0.127984	0.219449
3.815	1.04586	2.89158	1.75601	0.127512	0.218907
3.82	1.04678	2.89649	1.75538	0.127042	0.218359
3.825	1.04769	2.90141	1.75474	0.126572	0.217805
3.83	1.0486	2.90633	1.75411	0.126104	0.217244
3.835	1.04951	2.91124	1.75348	0.125637	0.216676
3.84	1.05041	2.91616	1.75285	0.125171	0.216102
3.845	1.05132	2.92108	1.75222	0.124707	0.215522
3.85	1.05222	2.926	1.7516	0.124244	0.214935
3.855	1.05311	2.93092	1.75098	0.123782	0.214342
3.86	1.05401	2.93584	1.75036	0.123322	0.213742
3.865	1.0549	2.94076	1.74974	0.122863	0.213137
3.87	1.05578	2.94568	1.74913	0.122406	0.212524
3.875	1.05667	2.9506	1.74852	0.12195	0.211906
3.88	1.05755	2.95552	1.74791	0.121495	0.211281
3.885	1.05842	2.96044	1.7473	0.121043	0.21065
3.89	1.0593	2.96536	1.74669	0.120591	0.210013
3.895	1.06017	2.97029	1.74609	0.120142	0.20937
3.9	1.06104	2.97521	1.74549	0.119694	0.20872
3.905	1.06191	2.98014	1.74489	0.119248	0.208065
3.91	1.06277	2.98506	1.7443	0.118804	0.207403
3.915	1.06363	2.98999	1.7437	0.118361	0.206736
3.92	1.06449	2.99491	1.74311	0.11792	0.206062
3.925	1.06534	2.99984	1.74252	0.117481	0.205382
3.93	1.06619	3.00477	1.74193	0.117044	0.204696
3.935	1.06704	3.00969	1.74135	0.116609	0.204005
3.94	1.06789	3.01462	1.74076	0.116175	0.203307
3.945	1.06873	3.01955	1.74018	0.115744	0.202603
3.95	1.06957	3.02448	1.73961	0.115315	0.201894
3.955	1.07041	3.02941	1.73903	0.114887	0.201179
3.96	1.07124	3.03434	1.73845	0.114462	0.200457
3.965	1.07207	3.03927	1.73788	0.114038	0.19973
3.97	1.0729	3.0442	1.73731	0.113617	0.198998
3.975	1.07373	3.04913	1.73674	0.113198	0.198259
3.98	1.07455	3.05406	1.73618	0.112781	0.197515
3.985	1.07537	3.05899	1.73561	0.112366	0.196765
3.99	1.07619	3.06393	1.73505	0.111953	0.196009
3.995	1.077	3.06886	1.73449	0.111543	0.195248
4	1.07782	3.07379	1.73393	0.111135	0.194481
4.005	1.07863	3.07873	1.73338	0.110729	0.193708
4.01	1.07943	3.08366	1.73283	0.110325	0.19293
4.015	1.08024	3.0886	1.73227	0.109924	0.192147
4.02	1.08104	3.09353	1.73172	0.109525	0.191357
4.025	1.08184	3.09847	1.73118	0.109128	0.190563
4.03	1.08263	3.1034	1.73063	0.108734	0.189762
4.035	1.08343	3.10834	1.73009	0.108342	0.188957
4.04	1.08422	3.11328	1.72955	0.107953	0.188146
4.045	1.085	3.11822	1.72901	0.107566	0.187329
4.05	1.08579	3.12315	1.72847	0.107182	0.186507
4.055	1.08657	3.12809	1.72793	0.1068	0.18568
4.06	1.08735	3.13303	1.7274	0.106421	0.184847
4.065	1.08813	3.13797	1.72687	0.106045	0.184009
4.07	1.0889	3.14291	1.72634	0.105671	0.183166
4.075	1.08967	3.14785	1.72581	0.105299	0.182317
4.08	1.09044	3.15279	1.72528	0.10493	0.181464
4.085	1.09121	3.15773	1.72476	0.104564	0.180604
4.09	1.09197	3.16267	1.72423	0.104201	0.17974
4.095	1.09274	3.16761	1.72371	0.10384	0.178871
4.1	1.0935	3.17256	1.72319	0.103483	0.177996
4.105	1.09425	3.1775	1.72268	0.103127	0.177117
4.11	1.09501	3.18244	1.72216	0.102775	0.176232
4.115	1.09576	3.18739	1.72165	0.102426	0.175342
4.12	1.09651	3.19233	1.72113	0.102079	0.174447
4.125	1.09725	3.19727	1.72062	0.101735	0.173547
4.13	1.098	3.20222	1.72011	0.101394	0.172642
4.135	1.09874	3.20716	1.71961	0.101056	0.171732
4.14	1.09948	3.21211	1.7191	0.100721	0.170817
4.145	1.10021	3.21705	1.7186	0.100389	0.169897
4.15	1.10095	3.222	1.7181	0.10006	0.168972
4.155	1.10168	3.22694	1.7176	0.0997333	0.168043
4.16	1.10241	3.23189	1.7171	0.0994101	0.167108
4.165	1.10313	3.23684	1.7166	0.0990899	0.166169
4.17	1.10386	3.24179	1.71611	0.0987727	0.165224
4.175	1.10458	3.24673	1.71561	0.0984587	0.164275
4.18	1.1053	3.25168	1.71512	0.0981477	0.163321
4.185	1.10601	3.25663	1.71463	0.0978398	0.162363
4.19	1.10673	3.26158	1.71414	0.097535	0.161399
4.195	1.10744	3.26653	1.71365	0.0972334	0.160431
4.2	1.10815	3.27148	1.71317	0.096935	0.159458
4.205	1.10886	3.27643	1.71268	0.0966397	0.158481
4.21	1.10956	3.28138	1.7122	0.0963477	0.157499
4.215	1.11026	3.28633	1.71172	0.0960588	0.156512
4.22	1.11096	3.29128	1.71124	0.0957733	0.155521
4.225	1.11166	3.29623	1.71076	0.0954909	0.154525
4.23	1.11236	3.30118	1.71028	0.0952119	0.153524
4.235	1.11305	3.30613	1.7098	0.0949362	0.152519
4.24	1.11374	3.31108	1.70933	0.0946637	0.151509
4.245	1.11443	3.31604	1.70886	0.0943947	0.150495
4.25	1.11511	3.32099	1.70838	0.0941289	0.149477
4.255	1.1158	3.32594	1.70791	0.0938666	0.148454
4.26	1.11648	3.3309	1.70744	0.0936076	0.147426
4.265	1.11716	3.33585	1.70698	0.093352	0.146395
4.27	1.11783	3.3408	1.70651	0.0930999	0.145358
4.275	1.11851	3.34576	1.70604	0.0928512	0.144318
4.28	1.11918	3.35071	1.70558	0.0926059	0.143273
4.285	1.11985	3.35567	1.70512	0.0923642	0.142224
4.29	1.12052	3.36062	1.70465	0.0921259	0.14117
4.295	1.12118	3.36558	1.70419	0.0918911	0.140112
4.3	1.12184	3.37053	1.70373	0.0916599	0.13905
4.305	1.1225	3.37549	1.70328	0.0914322	0.137984
4.31	1.12316	3.38045	1.70282	0.091208	0.136914
4.315	1.12382	3.3854	1.70236	0.0909874	0.135839
4.32	1.12447	3.39036	1.70191	0.0907704	0.13476
4.325	1.12512	3.39532	1.70145	0.090557	0.133677
4.33	1.12577	3.40028	1.701	0.0903473	0.13259
4.335	1.12642	3.40523	1.70055	0.0901411	0.131499
4.34	1.12706	3.41019	1.7001	0.0899386	0.130403
4.345	1.12771	3.41515	1.69965	0.0897398	0.129304
4.35	1.12835	3.42011	1.6992	0.0895447	0.128201
4.355	1.12899	3.42507	1.69875	0.0893532	0.127093
4.36	1.12962	3.43003	1.69831	0.0891655	0.125982
4.365	1.13025	3.43499	1.69786	0.0889814	0.124866
4.37	1.13089	3.43995	1.69741	0.0888011	0.123747
4.375	1.13152	3.44491	1.69697	0.0886246	0.122624
4.38	1.13214	3.44987	1.69653	0.0884518	0.121496
4.385	1.13277	3.45483	1.69609	0.0882828	0.120365
4.39	1.13339	3.45979	1.69564	0.0881176	0.11923
4.395	1.13401	3.46475	1.6952	0.0879562	0.118092
4.4	1.13463	3.46971	1.69476	0.0877987	0.116949
4.405	1.13524	3.47468	1.69432	0.0876449	0.115803
4.41	1.13586	3.47964	1.69389	0.087495	0.114652
4.415	1.13647	3.4846	1.69345	0.087349	0.113498
4.42	1.13708	3.48956	1.69301	0.0872068	0.112341
4.425	1.13769	3.49453	1.69258	0.0870685	0.111179
4.43	1.13829	3.49949	1.69214	0.0869341	0.110014
4.435	1.1389	3.50445	1.69171	0.0868036	0.108845
4.44	1.1395	3.50942	1.69127	0.086677	0.107673
4.445	1.1401	3.51438	1.69084	0.0865544	0.106497
4.45	1.14069	3.51934	1.69041	0.0864357	0.105317
4.455	1.14129	3.52431	1.68997	0.086321	0.104134
4.46	1.14188	3.52927	1.68954	0.0862102	0.102947
4.465	1.14247	3.53424	1.68911	0.0861035	0.101756
4.47	1.14306	3.5392	1.68868	0.0860007	0.100562
4.475	1.14364	3.54417	1.68825	0.0859019	0.0993649
4.48	1.14423	3.54914	1.68782	0.0858071	0.0981639
4.485	1.14481	3.5541	1.68739	0.0857163	0.0969595
4.49	1.14539	3.55907	1.68696	0.0856296	0.0957516
4.495	1.14597	3.56403	1.68654	0.085547	0.0945403
4.5	1.14654	3.569	1.68611	0.0854684	0.0933256
4.505	1.14711	3.57397	1.68568	0.0853938	0.0921075
4.51	1.14768	3.57894	1.68525	0.0853233	0.090886
4.515	1.14825	3.5839	1.68483	0.085257	0.0896612
4.52	1.14882	3.58887	1.6844	0.0851947	0.0884331
4.525	1.14939	3.59384	1.68397	0.0851365	0.0872016
4.53	1.14995	3.59881	1.68355	0.0850825	0.0859669
4.535	1.15051	3.60378	1.68312	0.0850325	0.0847289
4.54	1.15107	3.60874	1.6827	0.0849867	0.0834877
4.545	1.15162	3.61371	1.68227	0.0849451	0.0822432
4.55	1.15218	3.61868	1.68185	0.0849076	0.0809956
4.555	1.15273	3.62365	1.68142	0.0848743	0.0797448
4.56	1.15328	3.62862	1.681	0.0848451	0.0784908
4.565	1.15383	3.63359	1.68058	0.0848202	0.0772336
4.57	1.15437	3.63856	1.68015	0.0847994	0.0759734
4.575	1.15492	3.64353	1.67973	0.0847828	0.0747101
4.58	1.15546	3.6485	1.6793	0.0847705	0.0734437
4.585	1.156	3.65347	1.67888	0.0847623	0.0721742
4.59	1.15653	3.65844	1.67846	0.0847584	0.0709017
4.595	1.15707	3.66342	1.67803	0.0847587	0.0696262
4.6	1.1576	3.66839	1.67761	0.0847633	0.0683477
4.605	1.15813	3.67336	1.67718	0.0847721	0.0670662
4.61	1.15866	3.67833	1.67676	0.0847852	0.0657817
4.615	1.15919	3.6833	1.67634	0.0848025	0.0644943
4.62	1.15971	3.68828	1.67591	0.0848241	0.0632041
4.625	1.16024	3.69325	1.67549	0.08485	0.0619109
4.63	1.16076	3.69822	1.67506	0.0848802	0.0606148
4.635	1.16127	3.70319	1.67464	0.0849146	0.0593159
4.64	1.16179	3.70817	1.67422	0.0849534	0.0580142
4.645	1.1623	3.71314	1.67379	0.0849965	0.0567096
4.65	1.16282	3.71811	1.67337	0.0850439	0.0554023
4.655	1.16333	3.72309	1.67294	0.0850956	0.0540922
4.66	1.16383	3.72806	1.67251	0.0851517	0.0527793
4.665	1.16434	3.73304	1.67209	0.0852121	0.0514638
4.67	1.16484	3.73801	1.67166	0.0852768	0.0501455
4.675	1.16534	3.74299	1.67124	0.0853459	0.0488245
4.68	1.16584	3.74796	1.67081	0.0854193	0.0475008
4.685	1.16634	3.75294	1.67038	0.0854971	0.0461745
4.69	1.16684	3.75791	1.66996	0.0855792	0.0448456
4.695	1.16733	3.76289	1.66953	0.0856658	0.043514
4.7	1.16782	3.76786	1.6691	0.0857567	0.0421799
4.705	1.16831	3.77284	1.66867	0.085852	0.0408432
4.71	1.16879	3.77782	1.66824	0.0859516	0.039504
4.715	1.16928	3.78279	1.66781	0.0860557	0.0381622
4.72	1.16976	3.78777	1.66738	0.0861642	0.036818
4.725	1.17024	3.79275	1.66695	0.0862771	0.0354712
4.73	1.17072	3.79772	1.66652	0.0863944	0.034122
4.735	1.17119	3.8027	1.66609	0.0865161	0.0327703
4.74	1.17167	3.80768	1.66565	0.0866422	0.0314162
4.745	1.17214	3.81266	1.66522	0.0867727	0.0300597
4.75	1.17261	3.81763	1.66479	0.0869077	0.0287008
4.755	1.17308	3.82261	1.66435	0.0870471	0.0273396
4.76	1.17354	3.82759	1.66392	0.087191	0.025976
4.765	1.174	3.83257	1.66348	0.0873392	0.02461
4.77	1.17446	3.83755	1.66304	0.087492	0.0232418
4.775	1.17492	3.84253	1.66261	0.0876492	0.0218713
4.78	1.17538	3.84751	1.66217	0.0878108	0.0204985
4.785	1.17583	3.85248	1.66173	0.0879769	0.0191235
4.79	1.17628	3.85746	1.66129	0.0881474	0.0177463
4.795	1.17673	3.86244	1.66085	0.0883225	0.0163668
4.8	1.17718	3.86742	1.66041	0.0885019	0.0149852
4.805	1.17763	3.8724	1.65997	0.0886859	0.0136014
4.81	1.17807	3.87738	1.65952	0.0888743	0.0122155
4.815	1.17851	3.88236	1.65908	0.0890672	0.0108274
4.82	1.17895	3.88735	1.65863	0.0892646	0.00943725
4.825	1.17939	3.89233	1.65819	0.0894665	0.00804501
4.83	1.17982	3.89731	1.65774	0.0896729	0.0066507
4.835	1.18025	3.90229	1.65729	0.0898837	0.00525435
4.84	1.18068	3.90727	1.65684	0.0900991	0.00385598
4.845	1.18111	3.91225	1.65639	0.0903189	0.00245561
4.85	1.18153	3.91723	1.65594	0.0905432	0.00105325
4.855	1.18196	3.92222	1.65549	0.0907721	-0.000351066
4.86	1.18238	3.9272	1.65503	0.0910054	-0.00175732
4.865	1.1828	3.93218	1.65458	0.0912432	-0.00316551
4.87	1.18321	3.93716	1.65412	0.0914856	-0.00457559
4.875	1.18363	3.94215	1.65366	0.0917324	-0.00598755
4.88	1.18404	3.94713	1.6532	0.0919838	-0.00740138
4.885	1.18445	3.95211	1.65274	0.0922397	-0.00881704
4.89	1.18485	3.9571	1.65228	0.0925	-0.0102345
4.895	1.18526	3.96208	1.65182	0.0927649	-0.0116538
4.9	1.18566	3.96706	1.65136	0.0930344	-0.0130749
4.905	1.18606	3.97205	1.65089	0.0933083	-0.0144977
4.91	1.18646	3.97703	1.65043	0.0935867	-0.0159223
4.915	1.18685	3.98202	1.64996	0.0938697	-0.0173486
4.92	1.18725	3.987	1.64949	0.0941572	-0.0187766
4.925	1.18764	3.99198	1.64902	0.0944492	-0.0202062
4.93	1.18803	3.99697	1.64855	0.0947458	-0.0216376
4.935	1.18841	4.00195	1.64807	0.0950468	-0.0230705
4.94	1.1888	4.00694	1.6476	0.0953524	-0.0245051
4.945	1.18918	4.01193	1.64712	0.0956625	-0.0259413
4.95	1.18956	4.01691	1.64664	0.0959772	-0.0273791
4.955	1.18993	4.0219	1.64616	0.0962963	-0.0288184
4.96	1.19031	4.02688	1.64568	0.09662	-0.0302593
4.965	1.19068	4.03187	1.6452	0.0969482	-0.0317016
4.97	1.19105	4.03686	1.64471	0.097281	-0.0331455
4.975	1.19141	4.04184	1.64423	0.0976183	-0.0345909
4.98	1.19178	4.04683	1.64374	0.0979601	-0.0360377
4.985	1.19214	4.05182	1.64325	0.0983064	-0.037486
4.99	1.1925	4.0568	1.64276	0.0986572	-0.0389356
4.995	1.19286	4.06179	1.64226	0.0990126	-0.0403867
5	1.19321	4.06678	1.64177	0.0993725	-0.0418392
5.005	1.19356	4.07176	1.64127	0.099737	-0.043293
5.01	1.19391	4.07675	1.64077	0.100106	-0.0447481
5.015	1.19426	4.08174	1.64027	0.100479	-0.0462046
5.02	1.19461	4.08673	1.63977	0.100857	-0.0476623
5.025	1.19495	4.09172	1.63926	0.10124	-0.0491214
5.03	1.19529	4.09671	1.63876	0.101627	-0.0505816
5.035	1.19562	4.10169	1.63825	0.102019	-0.0520432
5.04	1.19596	4.10668	1.63774	0.102415	-0.0535059
5.045	1.19629	4.11167	1.63723	0.102815	-0.0549698
5.05	1.19662	4.11666	1.63671	0.10322	-0.056435
5.055	1.19695	4.12165	1.6362	0.10363	-0.0579012
5.06	1.19727	4.12664	1.63568	0.104044	-0.0593686
5.065	1.19759	4.13163	1.63516	0.104463	-0.0608371
5.07	1.19791	4.13662	1.63464	0.104886	-0.0623067
5.075	1.19823	4.14161	1.63411	0.105314	-0.0637774
5.08	1.19854	4.1466	1.63359	0.105746	-0.0652492
5.085	1.19885	4.15159	1.63306	0.106183	-0.0667219
5.09	1.19916	4.15658	1.63253	0.106624	-0.0681957
5.095	1.19947	4.16157	1.63199	0.10707	-0.0696705
5.1	1.19977	4.16656	1.63146	0.10752	-0.0711462
5.105	1.20007	4.17155	1.63092	0.107975	-0.0726229
5.11	1.20037	4.17654	1.63038	0.108434	-0.0741005
5.115	1.20066	4.18153	1.62984	0.108898	-0.0755791
5.12	1.20096	4.18653	1.62929	0.109366	-0.0770585
5.125	1.20125	4.19152	1.62875	0.109839	-0.0785388
5.13	1.20153	4.19651	1.6282	0.110316	-0.08002
5.135	1.20182	4.2015	1.62765	0.110798	-0.0815019
5.14	1.2021	4.20649	1.62709	0.111284	-0.0829847
5.145	1.20238	4.21149	1.62654	0.111775	-0.0844683
5.15	1.20265	4.21648	1.62598	0.11227	-0.0859526
5.155	1.20292	4.22147	1.62542	0.11277	-0.0874377
5.16	1.20319	4.22646	1.62485	0.113274	-0.0889235
5.165	1.20346	4.23146	1.62429	0.113782	-0.09041
5.17	1.20373	4.23645	1.62372	0.114295	-0.0918973
5.175	1.20399	4.24144	1.62315	0.114813	-0.0933851
5.18	1.20425	4.24644	1.62257	0.115335	-0.0948736
5.185	1.2045	4.25143	1.62199	0.115861	-0.0963628
5.19	1.20476	4.25642	1.62142	0.116392	-0.0978525
5.195	1.20501	4.26142	1.62083	0.116928	-0.0993428
5.2	1.20525	4.26641	1.62025	0.117467	-0.100834
5.205	1.2055	4.2714	1.61966	0.118012	-0.102325
5.21	1.20574	4.2764	1.61907	0.11856	-0.103817
5.215	1.20598	4.28139	1.61848	0.119114	-0.10531
5.22	1.20621	4.28639	1.61788	0.119671	-0.106802
5.225	1.20644	4.29138	1.61728	0.120233	-0.108296
5.23	1.20667	4.29638	1.61668	0.1208	-0.10979
5.235	1.2069	4.30137	1.61608	0.121371	-0.111284
5.24	1.20712	4.30637	1.61547	0.121946	-0.112779
5.245	1.20734	4.31136	1.61486	0.122526	-0.114274
5.25	1.20756	4.31636	1.61425	0.12311	-0.115769
5.255	1.20778	4.32135	1.61363	0.123699	-0.117265
5.26	1.20799	4.32635	1.61302	0.124292	-0.118761
5.265	1.20819	4.33134	1.61239	0.124889	-0.120257
5.27	1.2084	4.33634	1.61177	0.125491	-0.121753
5.275	1.2086	4.34134	1.61114	0.126097	-0.12325
5.28	1.2088	4.34633	1.61051	0.126708	-0.124747
5.285	1.20899	4.35133	1.60988	0.127323	-0.126245
5.29	1.20919	4.35632	1.60924	0.127942	-0.127742
5.295	1.20938	4.36132	1.6086	0.128566	-0.12924
5.3	1.20956	4.36632	1.60796	0.129194	-0.130737
5.305	1.20974	4.37131	1.60731	0.129826	-0.132235
5.31	1.20992	4.37631	1.60666	0.130463	-0.133733
5.315	1.2101	4.38131	1.60601	0.131104	-0.135231
5.32	1.21027	4.3863	1.60536	0.13175	-0.136729
5.325	1.21044	4.3913	1.6047	0.1324	-0.138228
5.33	1.21061	4.3963	1.60404	0.133054	-0.139726
5.335	1.21077	4.4013	1.60337	0.133713	-0.141224
5.34	1.21093	4.40629	1.6027	0.134376	-0.142722
5.345	1.21109	4.41129	1.60203	0.135043	-0.14422
5.35	1.21124	4.41629	1.60136	0.135715	-0.145718
5.355	1.21139	4.42129	1.60068	0.136391	-0.147216
5.36	1.21153	4.42628	1.59999	0.137071	-0.148714
5.365	1.21168	4.43128	1.59931	0.137756	-0.150212
5.37	1.21182	4.43628	1.59862	0.138445	-0.151709
5.375	1.21195	4.44128	1.59793	0.139138	-0.153207
5.38	1.21208	4.44628	1.59723	0.139836	-0.154704
5.385	1.21221	4.45128	1.59653	0.140537	-0.156201
5.39	1.21234	4.45627	1.59583	0.141244	-0.157698
5.395	1.21246	4.46127	1.59512	0.141954	-0.159194
5.4	1.21258	4.46627	1.59441	0.142669	-0.16069
5.405	1.21269	4.47127	1.5937	0.143388	-0.162186
5.41	1.2128	4.47627	1.59298	0.144111	-0.163682
5.415	1.21291	4.48127	1.59226	0.144838	-0.165177
5.42	1.21301	4.48627	1.59154	0.14557	-0.166672
5.425	1.21311	4.49127	1.59081	0.146306	-0.168166
5.43	1.21321	4.49626	1.59008	0.147047	-0.16966
5.435	1.2133	4.50126	1.58935	0.147791	-0.171154
5.44	1.21339	4.50626	1.58861	0.14854	-0.172647
5.445	1.21348	4.51126	1.58786	0.149293	-0.17414
5.45	1.21356	4.51626	1.58712	0.15005	-0.175632
5.455	1.21364	4.52126	1.58637	0.150812	-0.177123
5.46	1.21371	4.52626	1.58561	0.151578	-0.178615
5.465	1.21378	4.53126	1.58485	0.152347	-0.180105
5.47	1.21385	4.53626	1.58409	0.153122	-0.181595
5.475	1.21391	4.54126	1.58333	0.1539	-0.183084
5.48	1.21397	4.54626	1.58256	0.154682	-0.184573
5.485	1.21402	4.55126	1.58178	0.155469	-0.186061
5.49	1.21408	4.55626	1.58101	0.15626	-0.187548
5.495	1.21412	4.56126	1.58023	0.157055	-0.189035
5.5	1.21417	4.56626	1.57944	0.157854	-0.190521
5.505	1.2142	4.57126	1.57865	0.158658	-0.192006
5.51	1.21424	4.57626	1.57786	0.159465	-0.193491
5.515	1.21427	4.58126	1.57706	0.160277	-0.194974
5.52	1.2143	4.58626	1.57626	0.161093	-0.196457
5.525	1.21432	4.59126	1.57545	0.161913	-0.197939
5.53	1.21434	4.59626	1.57464	0.162737	-0.19942
5.535	1.21436	4.60126	1.57383	0.163566	-0.200901
5.54	1.21437	4.60626	1.57301	0.164398	-0.20238
5.545	1.21437	4.61126	1.57219	0.165235	-0.203858
5.55	1.21438	4.61626	1.57136	0.166076	-0.205336
5.555	1.21438	4.62126	1.57053	0.16692	-0.206812
5.56	1.21437	4.62626	1.5697	0.167769	-0.208288
5.565	1.21436	4.63126	1.56886	0.168622	-0.209762
5.57	1.21435	4.63626	1.56802	0.169479	-0.211236
5.575	1.21433	4.64126	1.56717	0.170341	-0.212708
5.58	1.21431	4.64626	1.56632	0.171206	-0.21418
5.585	1.21428	4.65126	1.56546	0.172075	-0.21565
5.59	1.21425	4.65626	1.5646	0.172949	-0.217119
5.595	1.21421	4.66126	1.56374	0.173826	-0.218587
5.6	1.21417	4.66626	1.56287	0.174708	-0.220054
5.605	1.21413	4.67126	1.56199	0.175593	-0.221519
5.61	1.21408	4.67626	1.56112	0.176483	-0.222983
5.615	1.21403	4.68126	1.56023	0.177377	-0.224446
5.62	1.21397	4.68626	1.55935	0.178274	-0.225908
5.625	1.21391	4.69125	1.55846	0.179176	-0.227369
5.63	1.21384	4.69625	1.55756	0.180082	-0.228828
5.635	1.21377	4.70125	1.55666	0.180992	-0.230286
5.64	1.2137	4.70625	1.55575	0.181905	-0.231742
5.645	1.21362	4.71125	1.55485	0.182823	-0.233197
5.65	1.21353	4.71625	1.55393	0.183745	-0.234651
5.655	1.21344	4.72125	1.55301	0.184671	-0.236103
5.66	1.21335	4.72625	1.55209	0.185601	-0.237554
5.665	1.21325	4.73125	1.55116	0.186534	-0.239003
5.67	1.21315	4.73625	1.55023	0.187472	-0.240451
5.675	1.21304	4.74125	1.54929	0.188414	-0.241897
5.68	1.21293	4.74625	1.54835	0.189359	-0.243342
5.685	1.21281	4.75124	1.5474	0.190309	-0.244785
5.69	1.21269	4.75624	1.54645	0.191262	-0.246226
5.695	1.21257	4.76124	1.54549	0.19222	-0.247666
5.7	1.21243	4.76624	1.54453	0.193181	-0.249104
5.705	1.2123	4.77124	1.54357	0.194147	-0.250541
5.71	1.21216	4.77624	1.5426	0.195116	-0.251975
5.715	1.21201	4.78123	1.54162	0.196089	-0.253408
5.72	1.21186	4.78623	1.54064	0.197066	-0.25484
5.725	1.2117	4.79123	1.53966	0.198047	-0.256269
5.73	1.21154	4.79623	1.53867	0.199032	-0.257697
5.735	1.21138	4.80122	1.53767	0.200021	-0.259123
5.74	1.21121	4.80622	1.53667	0.201014	-0.260547
5.745	1.21103	4.81122	1.53566	0.20201	-0.261969
5.75	1.21085	4.81621	1.53465	0.203011	-0.263389
5.755	1.21067	4.82121	1.53364	0.204015	-0.264807
5.76	1.21047	4.82621	1.53262	0.205023	-0.266224
5.765	1.21028	4.8312	1.53159	0.206035	-0.267638
5.77	1.21008	4.8362	1.53056	0.207051	-0.26905
5.775	1.20987	4.8412	1.52953	0.208071	-0.270461
5.78	1.20966	4.84619	1.52849	0.209094	-0.271869
5.785	1.20944	4.85119	1.52744	0.210121	-0.273275
5.79	1.20922	4.85618	1.52639	0.211153	-0.274679
5.795	1.20899	4.86118	1.52534	0.212188	-0.276081
5.8	1.20876	4.86617	1.52428	0.213226	-0.277481
5.805	1.20852	4.87116	1.52321	0.214269	-0.278878
5.81	1.20828	4.87616	1.52214	0.215316	-0.280274
5.815	1.20803	4.88115	1.52106	0.216366	-0.281667
5.82	1.20778	4.88615	1.51998	0.21742	-0.283058
5.825	1.20752	4.89114	1.51889	0.218478	-0.284446
5.83	1.20725	4.89613	1.5178	0.219539	-0.285832
5.835	1.20698	4.90113	1.5167	0.220604	-0.287216
5.84	1.20671	4.90612	1.5156	0.221673	-0.288598
5.845	1.20643	4.91111	1.51449	0.222746	-0.289977
5.85	1.20614	4.9161	1.51338	0.223823	-0.291354
5.855	1.20585	4.92109	1.51226	0.224903	-0.292728
5.86	1.20555	4.92608	1.51113	0.225987	-0.2941
5.865	1.20524	4.93107	1.51	0.227075	-0.295469
5.87	1.20494	4.93607	1.50887	0.228167	-0.296836
5.875	1.20462	4.94106	1.50773	0.229262	-0.2982
5.88	1.2043	4.94604	1.50658	0.230361	-0.299561
5.885	1.20397	4.95103	1.50543	0.231464	-0.30092
5.89	1.20364	4.95602	1.50427	0.23257	-0.302276
5.895	1.2033	4.96101	1.50311	0.23368	-0.30363
5.9	1.20296	4.966	1.50194	0.234794	-0.304981
5.905	1.20261	4.97099	1.50077	0.235911	-0.306329
5.91	1.20225	4.97597	1.49959	0.237032	-0.307675
5.915	1.20189	4.98096	1.4984	0.238157	-0.309017
5.92	1.20152	4.98595	1.49721	0.239286	-0.310357
5.925	1.20115	4.99093	1.49602	0.240418	-0.311694
5.93	1.20077	4.99592	1.49481	0.241554	-0.313028
5.935	1.20038	5.00091	1.49361	0.242693	-0.31436
5.94	1.19999	5.00589	1.49239	0.243836	-0.315688
5.945	1.1996	5.01087	1.49117	0.244983	-0.317014
5.95	1.19919	5.01586	1.48995	0.246133	-0.318336
5.955	1.19878	5.02084	1.48872	0.247287	-0.319655
5.96	1.19837	5.02582	1.48748	0.248445	-0.320972
5.965	1.19794	5.03081	1.48624	0.249606	-0.322285
5.97	1.19751	5.03579	1.48499	0.250771	-0.323595
5.975	1.19708	5.04077	1.48374	0.251939	-0.324902
5.98	1.19664	5.04575	1.48248	0.253111	-0.326206
5.985	1.19619	5.05073	1.48121	0.254287	-0.327507
5.99	1.19574	5.05571	1.47994	0.255466	-0.328805
5.995	1.19528	5.06069	1.47866	0.256649	-0.330099
6	1.19481	5.06566	1.47738	0.257835	-0.33139
6.005	1.19434	5.07064	1.47609	0.259025	-0.332678
6.01	1.19386	5.07562	1.4748	0.260219	-0.333962
6.015	1.19337	5.0806	1.47349	0.261416	-0.335243
6.02	1.19288	5.08557	1.47219	0.262617	-0.336521
6.025	1.19238	5.09055	1.47087	0.263821	-0.337795
6.03	1.19188	5.09552	1.46955	0.265029	-0.339066
6.035	1.19137	5.10049	1.46823	0.26624	-0.340334
6.04	1.19085	5.10547	1.4669	0.267455	-0.341597
6.045	1.19032	5.11044	1.46556	0.268673	-0.342858
6.05	1.18979	5.11541	1.46422	0.269895	-0.344115
6.055	1.18925	5.12038	1.46287	0.27112	-0.345368
6.06	1.18871	5.12535	1.46151	0.272349	-0.346617
6.065	1.18815	5.13032	1.46015	0.273582	-0.347863
6.07	1.1876	5.13529	1.45878	0.274818	-0.349105
6.075	1.18703	5.14026	1.45741	0.276057	-0.350344
6.08	1.18646	5.14523	1.45603	0.2773	-0.351578
6.085	1.18588	5.15019	1.45464	0.278546	-0.352809
6.09	1.18529	5.15516	1.45325	0.279796	-0.354036
6.095	1.1847	5.16012	1.45185	0.28105	-0.35526
6.1	1.1841	5.16509	1.45045	0.282307	-0.356479
6.105	1.18349	5.17005	1.44903	0.283567	-0.357694
6.11	1.18288	5.17501	1.44762	0.284831	-0.358906
6.115	1.18225	5.17997	1.44619	0.286098	-0.360114
6.12	1.18163	5.18493	1.44476	0.287369	-0.361317
6.125	1.18099	5.18989	1.44332	0.288643	-0.362517
6.13	1.18035	5.19485	1.44188	0.28992	-0.363712
6.135	1.1797	5.19981	1.44043	0.291201	-0.364903
6.14	1.17904	5.20477	1.43898	0.292486	-0.366091
6.145	1.17838	5.20972	1.43751	0.293774	-0.367274
6.15	1.1777	5.21468	1.43604	0.295065	-0.368452
6.155	1.17702	5.21963	1.43457	0.29636	-0.369627
6.16	1.17634	5.22458	1.43309	0.297658	-0.370797
6.165	1.17564	5.22953	1.4316	0.29896	-0.371963
6.17	1.17494	5.23448	1.4301	0.300265	-0.373125
6.175	1.17424	5.23943	1.4286	0.301573	-0.374283
6.18	1.17352	5.24438	1.42709	0.302885	-0.375435
6.185	1.1728	5.24933	1.42558	0.3042	-0.376584
6.19	1.17206	5.25428	1.42406	0.305519	-0.377728
6.195	1.17133	5.25922	1.42253	0.306841	-0.378868
6.2	1.17058	5.26416	1.421	0.308166	-0.380003
6.205	1.16983	5.26911	1.41946	0.309495	-0.381133
6.21	1.16906	5.27405	1.41791	0.310827	-0.382259
6.215	1.1683	5.27899	1.41636	0.312163	-0.38338
6.22	1.16752	5.28393	1.41479	0.313502	-0.384497
6.225	1.16673	5.28887	1.41323	0.314844	-0.385609
6.23	1.16594	5.2938	1.41165	0.31619	-0.386716
6.235	1.16514	5.29874	1.41007	0.317539	-0.387818
6.24	1.16433	5.30367	1.40848	0.318891	-0.388916
6.245	1.16352	5.30861	1.40689	0.320247	-0.390008
6.25	1.16269	5.31354	1.40529	0.321606	-0.391096
6.255	1.16186	5.31847	1.40368	0.322969	-0.392179
6.26	1.16102	5.3234	1.40207	0.324334	-0.393257
6.265	1.16017	5.32833	1.40044	0.325704	-0.39433
6.27	1.15932	5.33325	1.39882	0.327076	-0.395398
6.275	1.15846	5.33818	1.39718	0.328452	-0.396461
6.28	1.15758	5.3431	1.39554	0.329831	-0.397519
6.285	1.1567	5.34802	1.39389	0.331213	-0.398572
6.29	1.15582	5.35294	1.39223	0.332599	-0.399619
6.295	1.15492	5.35786	1.39057	0.333988	-0.400662
6.3	1.15401	5.36278	1.3889	0.335381	-0.401699
6.305	1.1531	5.36769	1.38722	0.336777	-0.402731
6.31	1.15218	5.37261	1.38554	0.338176	-0.403757
6.315	1.15125	5.37752	1.38385	0.339578	-0.404779
6.32	1.15031	5.38243	1.38215	0.340984	-0.405794
6.325	1.14937	5.38734	1.38044	0.342393	-0.406805
6.33	1.14841	5.39225	1.37873	0.343805	-0.40781
6.335	1.14745	5.39716	1.37701	0.345221	-0.408809
6.34	1.14648	5.40206	1.37529	0.346639	-0.409803
6.345	1.1455	5.40697	1.37355	0.348062	-0.410792
6.35	1.14451	5.41187	1.37181	0.349487	-0.411775
6.355	1.14351	5.41677	1.37007	0.350916	-0.412752
6.36	1.14251	5.42166	1.36831	0.352348	-0.413723
6.365	1.14149	5.42656	1.36655	0.353783	-0.414689
6.37	1.14047	5.43145	1.36478	0.355222	-0.415649
6.375	1.13944	5.43635	1.36301	0.356664	-0.416603
6.38	1.1384	5.44124	1.36122	0.358109	-0.417552
6.385	1.13735	5.44613	1.35943	0.359557	-0.418494
6.39	1.13629	5.45101	1.35763	0.361009	-0.419431
6.395	1.13523	5.4559	1.35583	0.362464	-0.420362
6.4	1.13415	5.46078	1.35402	0.363923	-0.421287
6.405	1.13307	5.46566	1.3522	0.365384	-0.422205
6.41	1.13197	5.47054	1.35037	0.366849	-0.423118
6.415	1.13087	5.47542	1.34854	0.368317	-0.424025
6.42	1.12976	5.48029	1.34669	0.369788	-0.424925
6.425	1.12864	5.48517	1.34485	0.371263	-0.425819
6.43	1.12751	5.49004	1.34299	0.372741	-0.426707
6.435	1.12637	5.49491	1.34113	0.374222	-0.427589
6.44	1.12523	5.49977	1.33925	0.375707	-0.428465
6.445	1.12407	5.50464	1.33738	0.377194	-0.429334
6.45	1.1229	5.5095	1.33549	0.378685	-0.430197
6.455	1.12173	5.51436	1.3336	0.38018	-0.431053
6.46	1.12054	5.51922	1.3317	0.381677	-0.431903
6.465	1.11935	5.52407	1.32979	0.383178	-0.432747
6.47	1.11815	5.52893	1.32787	0.384682	-0.433584
6.475	1.11694	5.53378	1.32595	0.386189	-0.434414
6.48	1.11571	5.53862	1.32402	0.3877	-0.435238
6.485	1.11448	5.54347	1.32208	0.389213	-0.436055
6.49	1.11324	5.54831	1.32013	0.39073	-0.436865
6.495	1.11199	5.55316	1.31818	0.392251	-0.437669
6.5	1.11073	5.55799	1.31622	0.393774	-0.438466
6.505	1.10947	5.56283	1.31425	0.395301	-0.439256
6.51	1.10819	5.56766	1.31227	0.396831	-0.440039
6.515	1.1069	5.5725	1.31029	0.398365	-0.440816
6.52	1.1056	5.57732	1.3083	0.399901	-0.441585
6.525	1.1043	5.58215	1.3063	0.401441	-0.442348
6.53	1.10298	5.58697	1.30429	0.402984	-0.443103
6.535	1.10165	5.5918	1.30227	0.40453	-0.443851
6.54	1.10032	5.59661	1.30025	0.40608	-0.444593
6.545	1.09897	5.60143	1.29822	0.407633	-0.445327
6.55	1.09761	5.60624	1.29618	0.409189	-0.446054
6.555	1.09625	5.61105	1.29414	0.410749	-0.446773
6.56	1.09487	5.61586	1.29208	0.412311	-0.447486
6.565	1.09349	5.62066	1.29002	0.413877	-0.448191
6.57	1.09209	5.62546	1.28795	0.415446	-0.448888
6.575	1.09069	5.63026	1.28588	0.417019	-0.449579
6.58	1.08927	5.63506	1.28379	0.418595	-0.450262
6.585	1.08784	5.63985	1.2817	0.420174	-0.450937
6.59	1.08641	5.64464	1.2796	0.421756	-0.451605
6.595	1.08496	5.64943	1.27749	0.423342	-0.452265
6.6	1.08351	5.65421	1.27537	0.42493	-0.452918
6.605	1.08204	5.65899	1.27325	0.426523	-0.453563
6.61	1.08057	5.66377	1.27111	0.428118	-0.4542
6.615	1.07908	5.66854	1.26897	0.429717	-0.45483
6.62	1.07758	5.67331	1.26682	0.431319	-0.455452
6.625	1.07608	5.67808	1.26467	0.432924	-0.456066
6.63	1.07456	5.68284	1.2625	0.434533	-0.456672
6.635	1.07303	5.6876	1.26033	0.436144	-0.45727
6.64	1.07149	5.69236	1.25815	0.43776	-0.45786
6.645	1.06995	5.69712	1.25596	0.439378	-0.458443
6.65	1.06839	5.70187	1.25376	0.441	-0.459017
6.655	1.06682	5.70661	1.25156	0.442625	-0.459583
6.66	1.06524	5.71136	1.24935	0.444253	-0.460141
6.665	1.06365	5.7161	1.24712	0.445885	-0.460691
6.67	1.06205	5.72084	1.2449	0.44752	-0.461232
6.675	1.06044	5.72557	1.24266	0.449158	-0.461765
6.68	1.05881	5.7303	1.24041	0.4508	-0.46229
6.685	1.05718	5.73502	1.23816	0.452445	-0.462807
6.69	1.05554	5.73975	1.2359	0.454093	-0.463315
6.695	1.05388	5.74447	1.23363	0.455745	-0.463815
6.7	1.05222	5.74918	1.23135	0.4574	-0.464306
6.705	1.05054	5.75389	1.22906	0.459058	-0.464789
6.71	1.04886	5.7586	1.22676	0.46072	-0.465263
6.715	1.04716	5.7633	1.22446	0.462385	-0.465729
6.72	1.04545	5.768	1.22215	0.464053	-0.466185
6.725	1.04373	5.7727	1.21983	0.465725	-0.466634
6.73	1.042	5.77739	1.2175	0.4674	-0.467073
6.735	1.04026	5.78207	1.21516	0.469079	-0.467504
6.74	1.03851	5.78676	1.21282	0.470761	-0.467925
6.745	1.03675	5.79144	1.21046	0.472446	-0.468338
6.75	1.03497	5.79611	1.2081	0.474135	-0.468742
6.755	1.03319	5.80078	1.20573	0.475827	-0.469137
6.76	1.03139	5.80545	1.20335	0.477523	-0.469523
6.765	1.02958	5.81011	1.20096	0.479221	-0.469899
6.77	1.02777	5.81477	1.19857	0.480924	-0.470267
6.775	1.02594	5.81942	1.19616	0.48263	-0.470625
6.78	1.02409	5.82407	1.19375	0.484339	-0.470975
6.785	1.02224	5.82871	1.19133	0.486052	-0.471315
6.79	1.02038	5.83335	1.1889	0.487768	-0.471645
6.795	1.0185	5.83799	1.18646	0.489487	-0.471966
6.8	1.01662	5.84262	1.18401	0.49121	-0.472278
6.805	1.01472	5.84724	1.18156	0.492937	-0.472581
6.81	1.01281	5.85187	1.17909	0.494667	-0.472874
6.815	1.01089	5.85648	1.17662	0.4964	-0.473157
6.82	1.00896	5.86109	1.17414	0.498137	-0.473431
6.825	1.00702	5.8657	1.17164	0.499878	-0.473695
6.83	1.00506	5.8703	1.16915	0.501622	-0.47395
6.835	1.0031	5.8749	1.16664	0.503369	-0.474194
6.84	1.00112	5.87949	1.16412	0.50512	-0.474429
6.845	0.999129	5.88408	1.16159	0.506875	-0.474655
6.85	0.997128	5.88866	1.15906	0.508633	-0.47487
6.855	0.995115	5.89324	1.15652	0.510395	-0.475075
6.86	0.993091	5.89781	1.15397	0.51216	-0.475271
6.865	0.991055	5.90238	1.1514	0.513929	-0.475456
6.87	0.989007	5.90694	1.14883	0.515702	-0.475632
6.875	0.986948	5.91149	1.14626	0.517478	-0.475797
6.88	0.984876	5.91605	1.14367	0.519257	-0.475952
6.885	0.982793	5.92059	1.14107	0.521041	-0.476097
6.89	0.980698	5.92513	1.13847	0.522828	-0.476232
6.895	0.978591	5.92967	1.13585	0.524618	-0.476356
6.9	0.976473	5.93419	1.13323	0.526413	-0.47647
6.905	0.974342	5.93872	1.1306	0.528211	-0.476574
6.91	0.9722	5.94324	1.12796	0.530012	-0.476667
6.915	0.970045	5.94775	1.12531	0.531818	-0.47675
6.92	0.967879	5.95225	1.12265	0.533627	-0.476822
6.925	0.9657	5.95675	1.11998	0.53544	-0.476884
6.93	0.96351	5.96125	1.1173	0.537256	-0.476935
6.935	0.961307	5.96574	1.11462	0.539076	-0.476976
6.94	0.959092	5.97022	1.11192	0.540901	-0.477005
6.945	0.956865	5.9747	1.10922	0.542728	-0.477024
6.95	0.954627	5.97917	1.1065	0.54456	-0.477033
6.955	0.952375	5.98363	1.10378	0.546396	-0.47703
6.96	0.950112	5.98809	1.10105	0.548235	-0.477016
6.965	0.947837	5.99254	1.09831	0.550078	-0.476992
6.97	0.945549	5.99699	1.09556	0.551925	-0.476956
6.975	0.943249	6.00143	1.0928	0.553776	-0.47691
6.98	0.940937	6.00586	1.09003	0.555631	-0.476852
6.985	0.938612	6.01029	1.08725	0.55749	-0.476784
6.99	0.936275	6.01471	1.08446	0.559352	-0.476704
6.995	0.933926	6.01912	1.08167	0.561219	-0.476613
7	0.931564	6.02353	1.07886	0.563089	-0.47651
7.005	0.92919	6.02793	1.07604	0.564964	-0.476397
7.01	0.926803	6.03232	1.07322	0.566843	-0.476272
7.015	0.924405	6.03671	1.07039	0.568725	-0.476135
7.02	0.921993	6.04109	1.06754	0.570612	-0.475987
7.025	0.919569	6.04546	1.06469	0.572502	-0.475828
7.03	0.917133	6.04983	1.06183	0.574397	-0.475657
7.035	0.914684	6.05419	1.05895	0.576296	-0.475475
7.04	0.912222	6.05854	1.05607	0.578199	-0.47528
7.045	0.909748	6.06289	1.05318	0.580106	-0.475075
7.05	0.907262	6.06722	1.05028	0.582017	-0.474857
7.055	0.904763	6.07155	1.04737	0.583933	-0.474628
7.06	0.902251	6.07588	1.04445	0.585853	-0.474387
7.065	0.899726	6.08019	1.04152	0.587777	-0.474134
7.07	0.897189	6.0845	1.03858	0.589705	-0.473869
7.075	0.894639	6.0888	1.03563	0.591637	-0.473592
7.08	0.892076	6.0931	1.03268	0.593574	-0.473303
7.085	0.889501	6.09738	1.02971	0.595515	-0.473002
7.09	0.886913	6.10166	1.02673	0.597461	-0.472689
7.095	0.884312	6.10593	1.02374	0.599411	-0.472364
7.1	0.881698	6.11019	1.02075	0.601365	-0.472027
7.105	0.879072	6.11445	1.01774	0.603324	-0.471677
7.11	0.876433	6.11869	1.01472	0.605287	-0.471315
7.115	0.873781	6.12293	1.0117	0.607254	-0.470941
7.12	0.871116	6.12716	1.00866	0.609227	-0.470555
7.125	0.868438	6.13139	1.00561	0.611203	-0.470156
7.13	0.865747	6.1356	1.00256	0.613185	-0.469745
7.135	0.863043	6.13981	0.999492	0.61517	-0.469321
7.14	0.860327	6.144	0.996416	0.617161	-0.468884
7.145	0.857597	6.14819	0.993331	0.619156	-0.468436
7.15	0.854855	6.15237	0.990235	0.621156	-0.467974
7.155	0.852099	6.15655	0.987129	0.623161	-0.4675
7.16	0.849331	6.16071	0.984013	0.62517	-0.467013
7.165	0.84655	6.16486	0.980887	0.627184	-0.466513
7.17	0.843755	6.16901	0.977752	0.629204	-0.466001
7.175	0.840948	6.17315	0.974606	0.631227	-0.465475
7.18	0.838127	6.17728	0.971449	0.633256	-0.464937
7.185	0.835294	6.1814	0.968283	0.63529	-0.464386
7.19	0.832447	6.18551	0.965107	0.637329	-0.463822
7.195	0.829587	6.18961	0.96192	0.639373	-0.463245
7.2	0.826714	6.1937	0.958723	0.641421	-0.462654
7.205	0.823828	6.19778	0.955516	0.643475	-0.462051
7.21	0.820929	6.20186	0.952299	0.645534	-0.461435
7.215	0.818017	6.20592	0.949071	0.647599	-0.460805
7.22	0.815092	6.20998	0.945833	0.649668	-0.460162
7.225	0.812153	6.21402	0.942585	0.651743	-0.459506
7.23	0.809202	6.21806	0.939326	0.653823	-0.458837
7.235	0.806237	6.22208	0.936057	0.655908	-0.458154
7.24	0.803259	6.2261	0.932777	0.657999	-0.457458
7.245	0.800268	6.23011	0.929487	0.660095	-0.456748
7.25	0.797263	6.2341	0.926187	0.662196	-0.456025
7.255	0.794245	6.23809	0.922876	0.664304	-0.455288
7.26	0.791215	6.24207	0.919554	0.666416	-0.454538
7.265	0.78817	6.24603	0.916222	0.668535	-0.453774
7.27	0.785113	6.24999	0.91288	0.670659	-0.452997
7.275	0.782043	6.25394	0.909526	0.672788	-0.452206
7.28	0.778959	6.25787	0.906162	0.674924	-0.451401
7.285	0.775862	6.2618	0.902788	0.677065	-0.450582
7.29	0.772751	6.26571	0.899402	0.679212	-0.44975
7.295	0.769628	6.26962	0.896006	0.681366	-0.448904
7.3	0.766491	6.27351	0.8926	0.683525	-0.448044
7.305	0.76334	6.27739	0.889182	0.68569	-0.44717
7.31	0.760177	6.28126	0.885753	0.687861	-0.446282
7.315	0.757	6.28513	0.882314	0.690039	-0.44538
7.32	0.75381	6.28898	0.878864	0.692222	-0.444464
7.325	0.750606	6.29281	0.875403	0.694413	-0.443534
7.33	0.74739	6.29664	0.871931	0.696609	-0.44259
7.335	0.74416	6.30046	0.868448	0.698812	-0.441631
7.34	0.740916	6.30426	0.864954	0.701021	-0.440659
7.345	0.73766	6.30806	0.861449	0.703237	-0.439672
7.35	0.73439	6.31184	0.857932	0.705459	-0.438671
7.355	0.731106	6.31561	0.854405	0.707688	-0.437656
7.36	0.72781	6.31937	0.850867	0.709924	-0.436627
7.365	0.7245	6.32312	0.847317	0.712167	-0.435583
7.37	0.721176	6.32685	0.843756	0.714417	-0.434524
7.375	0.71784	6.33058	0.840184	0.716673	-0.433452
7.38	0.71449	6.33429	0.836601	0.718937	-0.432364
7.385	0.711126	6.33799	0.833006	0.721208	-0.431263
7.39	0.70775	6.34168	0.8294	0.723486	-0.430146
7.395	0.70436	6.34535	0.825783	0.725772	-0.429016
7.4	0.700957	6.34902	0.822154	0.728064	-0.42787
7.405	0.69754	6.35267	0.818513	0.730365	-0.42671
7.41	0.69411	6.3563	0.814862	0.732673	-0.425535
7.415	0.690667	6.35993	0.811198	0.734988	-0.424346
7.42	0.687211	6.36354	0.807523	0.737311	-0.423141
7.425	0.683741	6.36714	0.803837	0.739643	-0.421922
7.43	0.680258	6.37073	0.800138	0.741982	-0.420689
7.435	0.676762	6.3743	0.796429	0.744329	-0.41944
7.44	0.673252	6.37787	0.792707	0.746684	-0.418176
7.445	0.669729	6.38141	0.788974	0.749047	-0.416898
7.45	0.666193	6.38495	0.785228	0.751419	-0.415604
7.455	0.662644	6.38847	0.781471	0.7538	-0.414296
7.46	0.659081	6.39198	0.777702	0.756189	-0.412973
7.465	0.655505	6.39547	0.773921	0.758586	-0.411634
7.47	0.651916	6.39895	0.770128	0.760992	-0.410281
7.475	0.648314	6.40242	0.766323	0.763408	-0.408912
7.48	0.644698	6.40588	0.762506	0.765832	-0.407528
7.485	0.641069	6.40932	0.758677	0.768265	-0.406129
7.49	0.637427	6.41274	0.754836	0.770708	-0.404715
7.495	0.633772	6.41615	0.750982	0.77316	-0.403286
7.5	0.630104	6.41955	0.747116	0.775622	-0.401841
7.505	0.626423	6.42293	0.743238	0.778093	-0.400381
7.51	0.622728	6.4263	0.739348	0.780574	-0.398906
7.515	0.61902	6.42966	0.735445	0.783066	-0.397416
7.52	0.6153	6.433	0.73153	0.785567	-0.39591
7.525	0.611566	6.43632	0.727602	0.788078	-0.394388
7.53	0.607819	6.43963	0.723661	0.7906	-0.392852
7.535	0.604059	6.44293	0.719708	0.793133	-0.391299
7.54	0.600286	6.44621	0.715743	0.795676	-0.389732
7.545	0.5965	6.44948	0.711764	0.79823	-0.388148
7.55	0.592701	6.45273	0.707773	0.800795	-0.38655
7.555	0.588889	6.45596	0.703769	0.803371	-0.384935
7.56	0.585064	6.45918	0.699752	0.805959	-0.383305
7.565	0.581226	6.46239	0.695723	0.808558	-0.38166
7.57	0.577375	6.46558	0.69168	0.811169	-0.379999
7.575	0.573511	6.46875	0.687624	0.813792	-0.378322
7.58	0.569634	6.47191	0.683555	0.816427	-0.376629
7.585	0.565745	6.47505	0.679473	0.819074	-0.374921
7.59	0.561843	6.47818	0.675378	0.821734	-0.373197
7.595	0.557927	6.48129	0.671269	0.824407	-0.371457
7.6	0.553999	6.48438	0.667147	0.827093	-0.369701
7.605	0.550059	6.48746	0.663011	0.829792	-0.36793
7.61	0.546105	6.49052	0.658862	0.832504	-0.366142
7.615	0.542139	6.49356	0.6547	0.83523	-0.364339
7.62	0.53816	6.49659	0.650524	0.83797	-0.36252
7.625	0.534169	6.4996	0.646334	0.840724	-0.360685
7.63	0.530165	6.5026	0.64213	0.843492	-0.358833
7.635	0.526148	6.50557	0.637913	0.846276	-0.356966
7.64	0.522119	6.50853	0.633681	0.849074	-0.355083
7.645	0.518077	6.51148	0.629436	0.851887	-0.353184
7.65	0.514023	6.5144	0.625177	0.854716	-0.351269
7.655	0.509956	6.51731	0.620903	0.85756	-0.349337
7.66	0.505877	6.5202	0.616615	0.860421	-0.34739
7.665	0.501785	6.52308	0.612313	0.863298	-0.345426
7.67	0.497681	6.52593	0.607997	0.866191	-0.343446
7.675	0.493565	6.52877	0.603666	0.869102	-0.34145
7.68	0.489436	6.53159	0.59932	0.87203	-0.339438
7.685	0.485295	6.5344	0.59496	0.874976	-0.337409
7.69	0.481142	6.53718	0.590585	0.87794	-0.335364
7.695	0.476977	6.53995	0.586195	0.880922	-0.333303
7.7	0.4728	6.54269	0.581791	0.883923	-0.331225
7.705	0.46861	6.54542	0.577371	0.886943	-0.329131
7.71	0.464409	6.54813	0.572937	0.889983	-0.327021
7.715	0.460195	6.55083	0.568487	0.893043	-0.324894
7.72	0.455969	6.5535	0.564021	0.896124	-0.322751
7.725	0.451732	6.55615	0.559541	0.899225	-0.320591
7.73	0.447483	6.55879	0.555045	0.902348	-0.318415
7.735	0.443221	6.5614	0.550533	0.905493	-0.316222
7.74	0.438948	6.564	0.546005	0.90866	-0.314013
7.745	0.434663	6.56658	0.541462	0.91185	-0.311787
7.75	0.430367	6.56913	0.536903	0.915063	-0.309544
7.755	0.426059	6.57167	0.532328	0.9183	-0.307285
7.76	0.421739	6.57419	0.527736	0.921562	-0.305009
7.765	0.417408	6.57669	0.523128	0.924849	-0.302716
7.77	0.413065	6.57916	0.518504	0.928161	-0.300407
7.775	0.408711	6.58162	0.513863	0.9315	-0.29808
7.78	0.404345	6.58406	0.509206	0.934866	-0.295737
7.785	0.399968	6.58648	0.504531	0.938259	-0.293377
7.79	0.39558	6.58887	0.49984	0.941681	-0.291
7.795	0.39118	6.59125	0.495132	0.945132	-0.288606
7.8	0.38677	6.5936	0.490406	0.948612	-0.286195
7.805	0.382348	6.59594	0.485663	0.952124	-0.283767
7.81	0.377915	6.59825	0.480902	0.955666	-0.281321
7.815	0.373471	6.60054	0.476124	0.959241	-0.278859
7.82	0.369016	6.60281	0.471328	0.962849	-0.276379
7.825	0.36455	6.60506	0.466514	0.966491	-0.273883
7.83	0.360074	6.60729	0.461681	0.970168	-0.271369
7.835	0.355587	6.60949	0.45683	0.973881	-0.268837
7.84	0.351089	6.61168	0.451961	0.977631	-0.266288
7.845	0.34658	6.61384	0.447073	0.981419	-0.263722
7.85	0.342061	6.61598	0.442166	0.985246	-0.261138
7.855	0.337531	6.6181	0.437239	0.989114	-0.258537
7.86	0.332991	6.62019	0.432294	0.993023	-0.255918
7.865	0.328441	6.62226	0.427329	0.996975	-0.253282
7.87	0.32388	6.62431	0.422344	1.00097	-0.250627
7.875	0.319309	6.62634	0.417339	1.00501	-0.247955
7.88	0.314728	6.62834	0.412314	1.0091	-0.245265
7.885	0.310137	6.63032	0.407268	1.01324	-0.242557
7.89	0.305536	6.63228	0.402202	1.01743	-0.239831
7.895	0.300925	6.63421	0.397115	1.02167	-0.237086
7.9	0.296305	6.63613	0.392007	1.02596	-0.234324
7.905	0.291674	6.63801	0.386877	1.03031	-0.231543
7.91	0.287034	6.63987	0.381725	1.03472	-0.228744
7.915	0.282384	6.64171	0.376552	1.03918	-0.225926
7.92	0.277725	6.64353	0.371356	1.04371	-0.22309
7.925	0.273057	6.64532	0.366137	1.0483	-0.220235
7.93	0.268379	6.64708	0.360896	1.05296	-0.217361
7.935	0.263692	6.64882	0.355631	1.05769	-0.214468
7.94	0.258995	6.65054	0.350343	1.06249	-0.211556
7.945	0.25429	6.65223	0.34503	1.06736	-0.208625
7.95	0.249576	6.6539	0.339693	1.07231	-0.205675
7.955	0.244853	6.65554	0.334332	1.07735	-0.202705
7.96	0.240121	6.65715	0.328945	1.08246	-0.199715
7.965	0.23538	6.65874	0.323533	1.08767	-0.196706
7.97	0.230631	6.66031	0.318094	1.09296	-0.193677
7.975	0.225873	6.66184	0.31263	1.09835	-0.190627
7.98	0.221107	6.66336	0.307138	1.10385	-0.187558
7.985	0.216333	6.66484	0.301619	1.10944	-0.184467
7.99	0.211551	6.6663	0.296071	1.11515	-0.181356
7.995	0.20676	6.66773	0.290496	1.12097	-0.178225
8	0.201962	6.66914	0.284891	1.12692	-0.175071
8.005	0.197155	6.67052	0.279256	1.13299	-0.171897
8.01	0.192341	6.67187	0.273591	1.13919	-0.168701
8.015	0.18752	6.67319	0.267895	1.14554	-0.165483
8.02	0.18269	6.67449	0.262167	1.15204	-0.162243
8.025	0.177854	6.67575	0.256407	1.15869	-0.15898
8.03	0.17301	6.67699	0.250614	1.16551	-0.155694
8.035	0.168159	6.67821	0.244786	1.17251	-0.152386
8.04	0.163301	6.67939	0.238924	1.1797	-0.149053
8.045	0.158436	6.68054	0.233025	1.18709	-0.145697
8.05	0.153565	6.68167	0.22709	1.19469	-0.142317
8.055	0.148686	6.68277	0.221116	1.20252	-0.138912
8.06	0.143802	6.68383	0.215104	1.2106	-0.135482
8.065	0.138911	6.68487	0.209051	1.21893	-0.132026
8.07	0.134013	6.68588	0.202956	1.22755	-0.128545
8.075	0.12911	6.68686	0.196818	1.23648	-0.125036
8.08	0.1242	6.6878	0.190636	1.24574	-0.121501
8.085	0.119285	6.68872	0.184407	1.25535	-0.117938
8.09	0.114364	6.68961	0.17813	1.26536	-0.114347
8.095	0.109438	6.69046	0.171804	1.27579	-0.110726
8.1	0.104506	6.69128	0.165425	1.2867	-0.107077
8.105	0.0995691	6.69208	0.158991	1.29812	-0.103397
8.11	0.0946271	6.69284	0.152501	1.31012	-0.0996863
8.115	0.0896803	6.69356	0.14595	1.32277	-0.0959443
8.12	0.0847287	6.69426	0.139336	1.33614	-0.0921704
8.125	0.0797727	6.69492	0.132655	1.35033	-0.0883639
8.13	0.0748122	6.69555	0.125904	1.36546	-0.0845247
8.135	0.0698476	6.69614	0.119076	1.38167	-0.0806524
8.14	0.0648791	6.6967	0.112168	1.39914	-0.0767474
8.145	0.0599067	6.69723	0.105172	1.41811	-0.0728105
8.15	0.0549307	6.69771	0.0980818	1.43887	-0.0688433
8.155	0.0499514	6.69817	0.0908875	1.46184	-0.0648493
8.16	0.0449688	6.69859	0.0835783	1.48758	-0.0608341
8.165	0.0399833	6.69897	0.0761403	1.51692	-0.0568081
8.17	0.0349951	6.69931	0.0685558	1.55108	-0.0527893
8.175	0.0300043	6.69961	0.0608003	1.59211	-0.0488103
8.18	0.0250113	6.69988	0.0528398	1.64357	-0.0449342
8.185	0.0200162	6.7001	0.0446219	1.71252	-0.0412917
8.19	0.0150195	6.70028	0.0360593	1.81539	-0.0381918
8.195	0.0100213	6.70041	0.0269824	2.00098	-0.0365342
8.2	0.00502204	6.7005	0.0169775	2.49077	-0.0402883
8.205	2.20873e-005	6.70052	0.00452365	5.9522	-0.115327
