descriptor s_test R_test Z_test
0	1.68293	9.99999e-006	0.002	-0.40197	-0.00161632
0.005	1.67793	3.00492e-005	0.00400985	-0.403942	-0.00324899
0.01	1.67293	6.01968e-005	0.00602956	-0.405917	-0.004898
0.015	1.66793	0.000100492	0.00805914	-0.407895	-0.00656339
0.02	1.66293	0.000150984	0.0100986	-0.409876	-0.00824515
0.025	1.65793	0.000211723	0.012148	-0.41186	-0.00994331
0.03	1.65293	0.000282757	0.0142073	-0.413847	-0.0116579
0.035	1.64793	0.000364136	0.0162765	-0.415837	-0.0133889
0.04	1.64293	0.000455909	0.0183557	-0.41783	-0.0151363
0.045	1.63793	0.000558127	0.0204449	-0.419827	-0.0169002
0.05	1.63294	0.000670837	0.022544	-0.421827	-0.0186805
0.055	1.62794	0.00079409	0.0246531	-0.423831	-0.0204773
0.06	1.62294	0.000927936	0.0267723	-0.425838	-0.0222906
0.065	1.61794	0.00107242	0.0289015	-0.427849	-0.0241204
0.07	1.61294	0.0012276	0.0310407	-0.429863	-0.0259667
0.075	1.60795	0.00139352	0.03319	-0.431881	-0.0278295
0.08	1.60295	0.00157023	0.0353494	-0.433904	-0.0297088
0.085	1.59795	0.00175778	0.037519	-0.43593	-0.0316047
0.09	1.59296	0.00195622	0.0396986	-0.43796	-0.0335172
0.095	1.58796	0.0021656	0.0418884	-0.439994	-0.0354462
0.1	1.58297	0.00238597	0.0440884	-0.442033	-0.0373918
0.105	1.57797	0.00261738	0.0462986	-0.444076	-0.039354
0.11	1.57298	0.00285988	0.0485189	-0.446123	-0.0413328
0.115	1.56798	0.00311352	0.0507495	-0.448175	-0.0433281
0.12	1.56299	0.00337835	0.0529904	-0.450231	-0.0453401
0.125	1.558	0.00365442	0.0552416	-0.452293	-0.0473688
0.13	1.55301	0.00394178	0.057503	-0.454358	-0.049414
0.135	1.54802	0.00424047	0.0597748	-0.456429	-0.051476
0.14	1.54302	0.00455056	0.062057	-0.458505	-0.0535545
0.145	1.53804	0.00487208	0.0643495	-0.460586	-0.0556498
0.15	1.53305	0.0052051	0.0666524	-0.462671	-0.0577617
0.155	1.52806	0.00554965	0.0689658	-0.464763	-0.0598903
0.16	1.52307	0.0059058	0.0712896	-0.466859	-0.0620356
0.165	1.51808	0.00627359	0.0736239	-0.468961	-0.0641976
0.17	1.5131	0.00665307	0.0759687	-0.471069	-0.0663762
0.175	1.50811	0.00704429	0.078324	-0.473182	-0.0685717
0.18	1.50313	0.0074473	0.08069	-0.475301	-0.0707838
0.185	1.49815	0.00786215	0.0830665	-0.477426	-0.0730126
0.19	1.49317	0.0082889	0.0854536	-0.479556	-0.0752582
0.195	1.48819	0.00872759	0.0878514	-0.481693	-0.0775206
0.2	1.48321	0.00917828	0.0902598	-0.483836	-0.0797997
0.205	1.47823	0.00964101	0.092679	-0.485986	-0.0820955
0.21	1.47325	0.0101158	0.0951089	-0.488141	-0.0844082
0.215	1.46827	0.0106028	0.0975496	-0.490304	-0.0867376
0.22	1.4633	0.011102	0.100001	-0.492472	-0.0890837
0.225	1.45832	0.0116134	0.102464	-0.494648	-0.0914467
0.23	1.45335	0.0121371	0.104937	-0.49683	-0.0938264
0.235	1.44838	0.0126732	0.107421	-0.49902	-0.096223
0.24	1.44341	0.0132217	0.109916	-0.501216	-0.0986363
0.245	1.43844	0.0137826	0.112422	-0.50342	-0.101066
0.25	1.43348	0.014356	0.114939	-0.505631	-0.103513
0.255	1.42851	0.014942	0.117467	-0.50785	-0.105977
0.26	1.42355	0.0155406	0.120007	-0.510076	-0.108458
0.265	1.41858	0.0161519	0.122557	-0.51231	-0.110955
0.27	1.41362	0.0167758	0.125119	-0.514551	-0.113469
0.275	1.40866	0.0174126	0.127691	-0.516801	-0.116
0.28	1.40371	0.0180621	0.130275	-0.519059	-0.118548
0.285	1.39875	0.0187245	0.132871	-0.521325	-0.121113
0.29	1.3938	0.0193998	0.135477	-0.523599	-0.123695
0.295	1.38884	0.0200881	0.138095	-0.525881	-0.126293
0.3	1.38389	0.0207894	0.140725	-0.528173	-0.128908
0.305	1.37894	0.0215038	0.143365	-0.530473	-0.13154
0.31	1.374	0.0222313	0.146018	-0.532782	-0.134189
0.315	1.36905	0.0229719	0.148682	-0.5351	-0.136855
0.32	1.36411	0.0237258	0.151357	-0.537427	-0.139538
0.325	1.35917	0.024493	0.154044	-0.539763	-0.142237
0.33	1.35423	0.0252735	0.156743	-0.542109	-0.144954
0.335	1.34929	0.0260674	0.159454	-0.544465	-0.147687
0.34	1.34436	0.0268748	0.162176	-0.54683	-0.150437
0.345	1.33943	0.0276956	0.16491	-0.549205	-0.153204
0.35	1.3345	0.0285299	0.167656	-0.55159	-0.155988
0.355	1.32957	0.0293779	0.170414	-0.553985	-0.158788
0.36	1.32464	0.0302395	0.173184	-0.556391	-0.161606
0.365	1.31972	0.0311148	0.175966	-0.558807	-0.16444
0.37	1.3148	0.0320038	0.17876	-0.561234	-0.167291
0.375	1.30988	0.0329067	0.181566	-0.563672	-0.17016
0.38	1.30497	0.0338234	0.184385	-0.56612	-0.173044
0.385	1.30006	0.034754	0.187215	-0.56858	-0.175946
0.39	1.29515	0.0356986	0.190058	-0.571051	-0.178865
0.395	1.29024	0.0366572	0.192913	-0.573534	-0.1818
0.4	1.28533	0.0376298	0.195781	-0.576028	-0.184752
0.405	1.28043	0.0386166	0.198661	-0.578534	-0.187721
0.41	1.27553	0.0396176	0.201554	-0.581052	-0.190707
0.415	1.27064	0.0406328	0.204459	-0.583582	-0.19371
0.42	1.26574	0.0416622	0.207377	-0.586124	-0.196729
0.425	1.26085	0.042706	0.210308	-0.588679	-0.199766
0.43	1.25597	0.0437642	0.213251	-0.591246	-0.202819
0.435	1.25108	0.0448369	0.216207	-0.593827	-0.205889
0.44	1.2462	0.045924	0.219176	-0.59642	-0.208975
0.445	1.24133	0.0470257	0.222159	-0.599027	-0.212079
0.45	1.23645	0.048142	0.225154	-0.601647	-0.215199
0.455	1.23158	0.0492729	0.228162	-0.60428	-0.218336
0.46	1.22672	0.0504185	0.231183	-0.606928	-0.22149
0.465	1.22185	0.051579	0.234218	-0.609589	-0.22466
0.47	1.21699	0.0527542	0.237266	-0.612265	-0.227847
0.475	1.21214	0.0539443	0.240327	-0.614954	-0.231051
0.48	1.20728	0.0551493	0.243402	-0.617659	-0.234272
0.485	1.20243	0.0563693	0.24649	-0.620378	-0.237509
0.49	1.19759	0.0576044	0.249592	-0.623112	-0.240763
0.495	1.19275	0.0588545	0.252708	-0.625861	-0.244034
0.5	1.18791	0.0601198	0.255837	-0.628626	-0.247321
0.505	1.18308	0.0614003	0.25898	-0.631406	-0.250625
0.51	1.17825	0.062696	0.262137	-0.634202	-0.253945
0.515	1.17342	0.064007	0.265308	-0.637014	-0.257282
0.52	1.1686	0.0653334	0.268493	-0.639843	-0.260636
0.525	1.16379	0.0666752	0.271692	-0.642687	-0.264006
0.53	1.15897	0.0680325	0.274906	-0.645548	-0.267393
0.535	1.15417	0.0694053	0.278134	-0.648427	-0.270796
0.54	1.14936	0.0707937	0.281376	-0.651322	-0.274216
0.545	1.14456	0.0721977	0.284632	-0.654234	-0.277652
0.55	1.13977	0.0736174	0.287904	-0.657165	-0.281104
0.555	1.13498	0.0750529	0.291189	-0.660112	-0.284573
0.56	1.1302	0.0765042	0.29449	-0.663078	-0.288059
0.565	1.12542	0.0779713	0.297805	-0.666062	-0.291561
0.57	1.12064	0.0794543	0.301136	-0.669065	-0.295079
0.575	1.11587	0.0809533	0.304481	-0.672086	-0.298613
0.58	1.11111	0.0824683	0.307841	-0.675126	-0.302164
0.585	1.10635	0.0839994	0.311217	-0.678186	-0.305731
0.59	1.10159	0.0855466	0.314608	-0.681264	-0.309314
0.595	1.09684	0.08711	0.318014	-0.684363	-0.312913
0.6	1.0921	0.0886897	0.321436	-0.687481	-0.316529
0.605	1.08736	0.0902856	0.324874	-0.690619	-0.32016
0.61	1.08263	0.0918979	0.328327	-0.693778	-0.323808
0.615	1.0779	0.0935266	0.331796	-0.696958	-0.327471
0.62	1.07318	0.0951718	0.33528	-0.700158	-0.331151
0.625	1.06846	0.0968335	0.338781	-0.70338	-0.334846
0.63	1.06375	0.0985117	0.342298	-0.706623	-0.338558
0.635	1.05905	0.100207	0.345831	-0.709888	-0.342285
0.64	1.05435	0.101918	0.349381	-0.713174	-0.346028
0.645	1.04966	0.103647	0.352946	-0.716483	-0.349787
0.65	1.04497	0.105392	0.356529	-0.719815	-0.353561
0.655	1.04029	0.107154	0.360128	-0.723169	-0.357351
0.66	1.03562	0.108932	0.363744	-0.726546	-0.361157
0.665	1.03095	0.110728	0.367376	-0.729946	-0.364978
0.67	1.02629	0.112541	0.371026	-0.73337	-0.368815
0.675	1.02164	0.114371	0.374693	-0.736818	-0.372667
0.68	1.01699	0.116218	0.378377	-0.74029	-0.376534
0.685	1.01236	0.118082	0.382079	-0.743786	-0.380417
0.69	1.00772	0.119964	0.385798	-0.747307	-0.384314
0.695	1.0031	0.121863	0.389534	-0.750853	-0.388227
0.7	0.998479	0.123779	0.393288	-0.754424	-0.392155
0.705	0.993868	0.125712	0.39706	-0.75802	-0.396098
0.71	0.989264	0.127663	0.400851	-0.761642	-0.400056
0.715	0.984668	0.129632	0.404659	-0.76529	-0.404028
0.72	0.98008	0.131618	0.408485	-0.768965	-0.408015
0.725	0.975499	0.133622	0.41233	-0.772666	-0.412017
0.73	0.970926	0.135643	0.416193	-0.776394	-0.416033
0.735	0.96636	0.137682	0.420075	-0.780149	-0.420064
0.74	0.961803	0.139739	0.423976	-0.783932	-0.424109
0.745	0.957254	0.141814	0.427896	-0.787742	-0.428168
0.75	0.952713	0.143907	0.431834	-0.79158	-0.432242
0.755	0.94818	0.146017	0.435792	-0.795447	-0.436329
0.76	0.943656	0.148146	0.43977	-0.799342	-0.44043
0.765	0.93914	0.150293	0.443766	-0.803266	-0.444545
0.77	0.934633	0.152458	0.447783	-0.807219	-0.448674
0.775	0.930135	0.154641	0.451819	-0.811201	-0.452816
0.78	0.925645	0.156842	0.455875	-0.815213	-0.456971
0.785	0.921165	0.159061	0.459951	-0.819255	-0.46114
0.79	0.916694	0.161299	0.464047	-0.823328	-0.465322
0.795	0.912232	0.163555	0.468164	-0.82743	-0.469517
0.8	0.907779	0.16583	0.472301	-0.831564	-0.473725
0.805	0.903336	0.168123	0.476459	-0.835728	-0.477945
0.81	0.898903	0.170435	0.480637	-0.839924	-0.482178
0.815	0.894479	0.172765	0.484837	-0.844151	-0.486423
0.82	0.890065	0.175114	0.489058	-0.84841	-0.49068
0.825	0.885661	0.177482	0.4933	-0.852702	-0.494949
0.83	0.881267	0.179868	0.497563	-0.857025	-0.49923
0.835	0.876884	0.182274	0.501848	-0.861381	-0.503523
0.84	0.872511	0.184698	0.506155	-0.86577	-0.507827
0.845	0.868148	0.187141	0.510484	-0.870192	-0.512142
0.85	0.863796	0.189603	0.514835	-0.874647	-0.516468
0.855	0.859455	0.192084	0.519208	-0.879135	-0.520805
0.86	0.855125	0.194584	0.523604	-0.883658	-0.525153
0.865	0.850806	0.197103	0.528022	-0.888214	-0.529511
0.87	0.846498	0.199641	0.532463	-0.892804	-0.533879
0.875	0.842202	0.202199	0.536927	-0.897429	-0.538257
0.88	0.837917	0.204775	0.541415	-0.902088	-0.542645
0.885	0.833644	0.207371	0.545925	-0.906782	-0.547042
0.89	0.829382	0.209987	0.550459	-0.911511	-0.551448
0.895	0.825133	0.212622	0.555016	-0.916275	-0.555862
0.9	0.820896	0.215276	0.559598	-0.921074	-0.560286
0.905	0.81667	0.217949	0.564203	-0.925908	-0.564718
0.91	0.812458	0.220643	0.568833	-0.930778	-0.569157
0.915	0.808258	0.223356	0.573487	-0.935683	-0.573604
0.92	0.80407	0.226088	0.578165	-0.940624	-0.578059
0.925	0.799896	0.22884	0.582868	-0.945601	-0.58252
0.93	0.795735	0.231612	0.587596	-0.950614	-0.586989
0.935	0.791586	0.234403	0.592349	-0.955663	-0.591463
0.94	0.787452	0.237215	0.597128	-0.960748	-0.595944
0.945	0.78333	0.240046	0.601931	-0.965869	-0.60043
0.95	0.779223	0.242897	0.606761	-0.971026	-0.604921
0.955	0.775129	0.245768	0.611616	-0.976219	-0.609417
0.96	0.77105	0.248659	0.616497	-0.981448	-0.613917
0.965	0.766984	0.25157	0.621404	-0.986713	-0.618422
0.97	0.762934	0.254501	0.626338	-0.992014	-0.62293
0.975	0.758897	0.257452	0.631298	-0.997352	-0.627441
0.98	0.754876	0.260423	0.636284	-1.00272	-0.631955
0.985	0.750869	0.263414	0.641298	-1.00813	-0.636471
0.99	0.746878	0.266425	0.646339	-1.01358	-0.640988
0.995	0.742901	0.269457	0.651407	-1.01906	-0.645507
1	0.738941	0.272509	0.656502	-1.02457	-0.650027
1.005	0.734996	0.275581	0.661625	-1.03012	-0.654547
1.01	0.731067	0.278673	0.666775	-1.03571	-0.659066
1.015	0.727154	0.281785	0.671954	-1.04133	-0.663585
1.02	0.723257	0.284918	0.677161	-1.04698	-0.668102
1.025	0.719377	0.288072	0.682395	-1.05267	-0.672617
1.03	0.715513	0.291245	0.687659	-1.05839	-0.677129
1.035	0.711666	0.294439	0.692951	-1.06414	-0.681639
1.04	0.707836	0.297654	0.698271	-1.06993	-0.686144
1.045	0.704024	0.300889	0.703621	-1.07575	-0.690645
1.05	0.700229	0.304144	0.709	-1.0816	-0.695141
1.055	0.696451	0.30742	0.714408	-1.08748	-0.69963
1.06	0.692692	0.310716	0.719845	-1.0934	-0.704114
1.065	0.68895	0.314033	0.725312	-1.09934	-0.70859
1.07	0.685227	0.31737	0.730809	-1.10531	-0.713058
1.075	0.681523	0.320728	0.736335	-1.11131	-0.717517
1.08	0.677837	0.324107	0.741892	-1.11734	-0.721967
1.085	0.67417	0.327506	0.747479	-1.1234	-0.726406
1.09	0.670522	0.330925	0.753096	-1.12948	-0.730834
1.095	0.666893	0.334365	0.758743	-1.13558	-0.73525
1.1	0.663284	0.337826	0.764421	-1.14172	-0.739654
1.105	0.659695	0.341307	0.77013	-1.14787	-0.744044
1.11	0.656126	0.344809	0.775869	-1.15405	-0.748419
1.115	0.652577	0.348331	0.781639	-1.16025	-0.752778
1.12	0.649049	0.351874	0.78744	-1.16647	-0.757122
1.125	0.645541	0.355437	0.793273	-1.1727	-0.761448
1.13	0.642055	0.359021	0.799136	-1.17896	-0.765755
1.135	0.638589	0.362625	0.805031	-1.18523	-0.770043
1.14	0.635145	0.36625	0.810957	-1.19152	-0.774311
1.145	0.631723	0.369895	0.816915	-1.19782	-0.778557
1.15	0.628322	0.37356	0.822904	-1.20413	-0.782781
1.155	0.624944	0.377246	0.828925	-1.21045	-0.786982
1.16	0.621588	0.380953	0.834977	-1.21678	-0.791157
1.165	0.618255	0.38468	0.841061	-1.22311	-0.795307
1.17	0.614944	0.388427	0.847176	-1.22946	-0.79943
1.175	0.611657	0.392194	0.853324	-1.2358	-0.803525
1.18	0.608393	0.395982	0.859503	-1.24215	-0.80759
1.185	0.605152	0.399789	0.865713	-1.24849	-0.811625
1.19	0.601936	0.403617	0.871956	-1.25483	-0.815628
1.195	0.598743	0.407465	0.87823	-1.26117	-0.819598
1.2	0.595575	0.411334	0.884536	-1.26749	-0.823534
1.205	0.592431	0.415222	0.890873	-1.27381	-0.827434
1.21	0.589312	0.41913	0.897242	-1.28012	-0.831297
1.215	0.586219	0.423058	0.903643	-1.28641	-0.835122
1.22	0.58315	0.427005	0.910075	-1.29268	-0.838907
1.225	0.580107	0.430973	0.916538	-1.29893	-0.842651
1.23	0.57709	0.43496	0.923033	-1.30516	-0.846352
1.235	0.574099	0.438967	0.929559	-1.31136	-0.85001
1.24	0.571135	0.442993	0.936115	-1.31754	-0.853622
1.245	0.568197	0.447039	0.942703	-1.32368	-0.857187
1.25	0.565286	0.451104	0.949322	-1.32978	-0.860703
1.255	0.562401	0.455188	0.95597	-1.33585	-0.86417
1.26	0.559545	0.459292	0.96265	-1.34188	-0.867586
1.265	0.556716	0.463415	0.969359	-1.34786	-0.870948
1.27	0.553914	0.467556	0.976098	-1.35379	-0.874256
1.275	0.551141	0.471717	0.982867	-1.35967	-0.877508
1.28	0.548396	0.475896	0.989666	-1.3655	-0.880702
1.285	0.54568	0.480094	0.996493	-1.37126	-0.883837
1.29	0.542993	0.48431	1.00335	-1.37696	-0.886911
1.295	0.540334	0.488545	1.01023	-1.3826	-0.889922
1.3	0.537705	0.492798	1.01715	-1.38816	-0.89287
1.305	0.535106	0.497069	1.02409	-1.39365	-0.895751
1.31	0.532536	0.501358	1.03106	-1.39906	-0.898565
1.315	0.529997	0.505665	1.03805	-1.40438	-0.90131
1.32	0.527488	0.50999	1.04507	-1.40962	-0.903984
1.325	0.525009	0.514333	1.05212	-1.41476	-0.906586
1.33	0.522561	0.518692	1.0592	-1.41981	-0.909114
1.335	0.520144	0.523069	1.06629	-1.42476	-0.911566
1.34	0.517759	0.527464	1.07342	-1.4296	-0.91394
1.345	0.515404	0.531875	1.08057	-1.43433	-0.916236
1.35	0.513082	0.536303	1.08774	-1.43895	-0.918451
1.355	0.510792	0.540747	1.09493	-1.44345	-0.920583
1.36	0.508533	0.545208	1.10215	-1.44783	-0.922631
1.365	0.506307	0.549685	1.10939	-1.45207	-0.924594
1.37	0.504114	0.554178	1.11665	-1.45619	-0.92647
1.375	0.501953	0.558687	1.12393	-1.46016	-0.928256
1.38	0.499825	0.563212	1.13123	-1.464	-0.929953
1.385	0.497731	0.567752	1.13855	-1.46768	-0.931557
1.39	0.495669	0.572308	1.14589	-1.47122	-0.933068
1.395	0.493642	0.576878	1.15325	-1.4746	-0.934484
1.4	0.491648	0.581463	1.16062	-1.47781	-0.935803
1.405	0.489688	0.586063	1.16801	-1.48086	-0.937024
1.41	0.487762	0.590677	1.17541	-1.48374	-0.938146
1.415	0.485871	0.595306	1.18283	-1.48645	-0.939168
1.42	0.484014	0.599948	1.19026	-1.48897	-0.940087
1.425	0.482191	0.604604	1.19771	-1.49131	-0.940903
1.43	0.480403	0.609274	1.20516	-1.49346	-0.941614
1.435	0.478651	0.613956	1.21263	-1.49542	-0.942219
1.44	0.476933	0.618652	1.22011	-1.49718	-0.942716
1.445	0.47525	0.62336	1.22759	-1.49874	-0.943106
1.45	0.473603	0.628081	1.23509	-1.50009	-0.943386
1.455	0.471992	0.632814	1.24259	-1.50123	-0.943556
1.46	0.470415	0.637559	1.2501	-1.50216	-0.943615
1.465	0.468875	0.642316	1.25761	-1.50287	-0.943561
1.47	0.46737	0.647084	1.26512	-1.50336	-0.943394
1.475	0.465901	0.651864	1.27264	-1.50362	-0.943113
1.48	0.464469	0.656654	1.28016	-1.50366	-0.942717
1.485	0.463072	0.661455	1.28767	-1.50346	-0.942205
1.49	0.461711	0.666266	1.29519	-1.50303	-0.941578
1.495	0.460387	0.671088	1.30271	-1.50236	-0.940834
1.5	0.459098	0.675919	1.31022	-1.50146	-0.939973
1.505	0.457847	0.68076	1.31772	-1.50031	-0.938995
1.51	0.456631	0.68561	1.32523	-1.49891	-0.937898
1.515	0.455452	0.690469	1.33272	-1.49727	-0.936684
1.52	0.454309	0.695336	1.34021	-1.49538	-0.935351
1.525	0.453203	0.700212	1.34768	-1.49324	-0.9339
1.53	0.452133	0.705097	1.35515	-1.49084	-0.932331
1.535	0.451099	0.709989	1.3626	-1.48819	-0.930643
1.54	0.450102	0.714888	1.37005	-1.48529	-0.928836
1.545	0.449142	0.719795	1.37747	-1.48214	-0.926912
1.55	0.448218	0.724709	1.38488	-1.47872	-0.92487
1.555	0.44733	0.729629	1.39228	-1.47505	-0.922711
1.56	0.446478	0.734556	1.39965	-1.47113	-0.920435
1.565	0.445663	0.739489	1.40701	-1.46695	-0.918042
1.57	0.444884	0.744428	1.41434	-1.46251	-0.915533
1.575	0.444141	0.749373	1.42165	-1.45781	-0.912909
1.58	0.443434	0.754323	1.42894	-1.45287	-0.910171
1.585	0.442763	0.759277	1.43621	-1.44767	-0.907319
1.59	0.442128	0.764237	1.44345	-1.44221	-0.904355
1.595	0.441529	0.769201	1.45066	-1.43651	-0.901278
1.6	0.440965	0.774169	1.45784	-1.43056	-0.898092
1.605	0.440437	0.779141	1.46499	-1.42437	-0.894795
1.61	0.439945	0.784117	1.47211	-1.41792	-0.891391
1.615	0.439487	0.789096	1.4792	-1.41124	-0.887879
1.62	0.439065	0.794078	1.48626	-1.40432	-0.884262
1.625	0.438678	0.799063	1.49328	-1.39717	-0.88054
1.63	0.438325	0.804051	1.50027	-1.38978	-0.876715
1.635	0.438008	0.80904	1.50722	-1.38216	-0.87279
1.64	0.437725	0.814032	1.51413	-1.37432	-0.868764
1.645	0.437476	0.819026	1.521	-1.36626	-0.864641
1.65	0.437261	0.824022	1.52783	-1.35798	-0.860421
1.655	0.43708	0.829018	1.53462	-1.34948	-0.856107
1.66	0.436933	0.834016	1.54137	-1.34078	-0.8517
1.665	0.436819	0.839015	1.54807	-1.33187	-0.847202
1.67	0.436739	0.844014	1.55473	-1.32277	-0.842615
1.675	0.436692	0.849014	1.56134	-1.31347	-0.837942
1.68	0.436677	0.854014	1.56791	-1.30398	-0.833183
1.685	0.436696	0.859014	1.57443	-1.29431	-0.828341
1.69	0.436746	0.864014	1.5809	-1.28446	-0.823418
1.695	0.436829	0.869013	1.58733	-1.27443	-0.818416
1.7	0.436943	0.874012	1.5937	-1.26424	-0.813338
1.705	0.437089	0.87901	1.60002	-1.25389	-0.808185
1.71	0.437267	0.884006	1.60629	-1.24337	-0.802959
1.715	0.437475	0.889002	1.61251	-1.23271	-0.797663
1.72	0.437715	0.893996	1.61867	-1.22191	-0.792299
1.725	0.437984	0.898989	1.62478	-1.21096	-0.786869
1.73	0.438284	0.90398	1.63083	-1.19988	-0.781376
1.735	0.438614	0.908969	1.63683	-1.18868	-0.775821
1.74	0.438974	0.913956	1.64278	-1.17735	-0.770207
1.745	0.439363	0.918941	1.64866	-1.16591	-0.764536
1.75	0.439781	0.923924	1.65449	-1.15436	-0.758811
1.755	0.440228	0.928904	1.66026	-1.14271	-0.753033
1.76	0.440703	0.933881	1.66598	-1.13096	-0.747205
1.765	0.441206	0.938856	1.67163	-1.11912	-0.741329
1.77	0.441737	0.943827	1.67723	-1.10719	-0.735407
1.775	0.442296	0.948796	1.68276	-1.09519	-0.729441
1.78	0.442882	0.953761	1.68824	-1.08312	-0.723434
1.785	0.443494	0.958724	1.69366	-1.07097	-0.717388
1.79	0.444134	0.963683	1.69901	-1.05877	-0.711305
1.795	0.444799	0.968638	1.7043	-1.04651	-0.705187
1.8	0.445491	0.97359	1.70954	-1.0342	-0.699037
1.805	0.446208	0.978539	1.71471	-1.02185	-0.692855
1.81	0.44695	0.983483	1.71982	-1.00946	-0.686645
1.815	0.447718	0.988424	1.72486	-0.997042	-0.680409
1.82	0.448509	0.993361	1.72985	-0.984592	-0.674148
1.825	0.449326	0.998294	1.73477	-0.97212	-0.667864
1.83	0.450166	1.00322	1.73963	-0.959632	-0.66156
1.835	0.45103	1.00815	1.74443	-0.947132	-0.655237
1.84	0.451917	1.01307	1.74917	-0.934625	-0.648897
1.845	0.452827	1.01798	1.75384	-0.922117	-0.642542
1.85	0.45376	1.0229	1.75845	-0.909611	-0.636174
1.855	0.454715	1.0278	1.763	-0.897113	-0.629795
1.86	0.455692	1.03271	1.76748	-0.884628	-0.623407
1.865	0.456691	1.03761	1.77191	-0.872159	-0.61701
1.87	0.457711	1.0425	1.77627	-0.859711	-0.610607
1.875	0.458752	1.04739	1.78057	-0.847288	-0.6042
1.88	0.459814	1.05228	1.7848	-0.834894	-0.59779
1.885	0.460896	1.05716	1.78898	-0.822533	-0.591378
1.89	0.461999	1.06204	1.79309	-0.81021	-0.584967
1.895	0.463121	1.06691	1.79714	-0.797927	-0.578557
1.9	0.464262	1.07178	1.80113	-0.785688	-0.57215
1.905	0.465423	1.07664	1.80506	-0.773497	-0.565748
1.91	0.466602	1.0815	1.80893	-0.761356	-0.559352
1.915	0.4678	1.08635	1.81273	-0.74927	-0.552963
1.92	0.469016	1.0912	1.81648	-0.737242	-0.546582
1.925	0.47025	1.09605	1.82017	-0.725273	-0.540212
1.93	0.471502	1.10089	1.82379	-0.713368	-0.533852
1.935	0.472771	1.10573	1.82736	-0.701528	-0.527504
1.94	0.474056	1.11056	1.83087	-0.689756	-0.52117
1.945	0.475359	1.11539	1.83432	-0.678055	-0.51485
1.95	0.476677	1.12021	1.83771	-0.666428	-0.508545
1.955	0.478012	1.12503	1.84104	-0.654876	-0.502257
1.96	0.479363	1.12984	1.84431	-0.643401	-0.495987
1.965	0.480729	1.13465	1.84753	-0.632006	-0.489735
1.97	0.48211	1.13946	1.85069	-0.620692	-0.483502
1.975	0.483506	1.14426	1.85379	-0.609461	-0.47729
1.98	0.484917	1.14905	1.85684	-0.598316	-0.471099
1.985	0.486342	1.15385	1.85983	-0.587256	-0.464929
1.99	0.487782	1.15864	1.86277	-0.576285	-0.458783
1.995	0.489235	1.16342	1.86565	-0.565404	-0.45266
2	0.490701	1.1682	1.86848	-0.554613	-0.446561
2.005	0.492181	1.17298	1.87125	-0.543914	-0.440487
2.01	0.493674	1.17775	1.87397	-0.533308	-0.434438
2.015	0.495179	1.18252	1.87664	-0.522797	-0.428416
2.02	0.496697	1.18728	1.87925	-0.51238	-0.422421
2.025	0.498227	1.19204	1.88181	-0.50206	-0.416453
2.03	0.499769	1.1968	1.88432	-0.491836	-0.410513
2.035	0.501323	1.20155	1.88678	-0.481709	-0.404601
2.04	0.502888	1.2063	1.88919	-0.471681	-0.398719
2.045	0.504465	1.21104	1.89155	-0.461751	-0.392865
2.05	0.506052	1.21578	1.89386	-0.451921	-0.387042
2.055	0.50765	1.22052	1.89612	-0.44219	-0.381249
2.06	0.509259	1.22526	1.89833	-0.432559	-0.375487
2.065	0.510877	1.22999	1.90049	-0.423029	-0.369755
2.07	0.512506	1.23471	1.90261	-0.413598	-0.364056
2.075	0.514145	1.23944	1.90467	-0.404269	-0.358387
2.08	0.515793	1.24416	1.9067	-0.39504	-0.352751
2.085	0.51745	1.24888	1.90867	-0.385913	-0.347148
2.09	0.519117	1.25359	1.9106	-0.376886	-0.341576
2.095	0.520792	1.2583	1.91248	-0.36796	-0.336038
2.1	0.522476	1.26301	1.91432	-0.359135	-0.330533
2.105	0.524169	1.26771	1.91612	-0.35041	-0.325061
2.11	0.525869	1.27242	1.91787	-0.341786	-0.319623
2.115	0.527578	1.27711	1.91958	-0.333262	-0.314218
2.12	0.529295	1.28181	1.92125	-0.324838	-0.308847
2.125	0.531019	1.2865	1.92287	-0.316514	-0.30351
2.13	0.532751	1.29119	1.92445	-0.30829	-0.298207
2.135	0.534489	1.29588	1.926	-0.300164	-0.292939
2.14	0.536235	1.30057	1.9275	-0.292137	-0.287704
2.145	0.537988	1.30525	1.92896	-0.284209	-0.282504
2.15	0.539748	1.30993	1.93038	-0.276378	-0.277339
2.155	0.541513	1.31461	1.93176	-0.268644	-0.272208
2.16	0.543286	1.31928	1.9331	-0.261008	-0.267112
2.165	0.545064	1.32396	1.93441	-0.253467	-0.26205
2.17	0.546848	1.32863	1.93568	-0.246022	-0.257023
2.175	0.548638	1.3333	1.93691	-0.238673	-0.252031
2.18	0.550433	1.33796	1.9381	-0.231417	-0.247073
2.185	0.552234	1.34263	1.93926	-0.224256	-0.24215
2.19	0.554041	1.34729	1.94038	-0.217188	-0.237261
2.195	0.555852	1.35195	1.94146	-0.210213	-0.232408
2.2	0.557668	1.35661	1.94251	-0.20333	-0.227589
2.205	0.559489	1.36126	1.94353	-0.196537	-0.222804
2.21	0.561314	1.36592	1.94451	-0.189836	-0.218054
2.215	0.563144	1.37057	1.94546	-0.183224	-0.213338
2.22	0.564978	1.37522	1.94638	-0.176702	-0.208657
2.225	0.566816	1.37987	1.94726	-0.170267	-0.20401
2.23	0.568658	1.38452	1.94811	-0.163921	-0.199397
2.235	0.570504	1.38917	1.94893	-0.157661	-0.194819
2.24	0.572354	1.39381	1.94972	-0.151488	-0.190274
2.245	0.574207	1.39846	1.95048	-0.1454	-0.185763
2.25	0.576063	1.4031	1.95121	-0.139396	-0.181287
2.255	0.577923	1.40774	1.9519	-0.133476	-0.176844
2.26	0.579786	1.41238	1.95257	-0.12764	-0.172434
2.265	0.581652	1.41702	1.95321	-0.121885	-0.168058
2.27	0.58352	1.42166	1.95382	-0.116212	-0.163716
2.275	0.585392	1.4263	1.9544	-0.11062	-0.159407
2.28	0.587266	1.43093	1.95495	-0.105107	-0.155131
2.285	0.589142	1.43557	1.95548	-0.0996738	-0.150888
2.29	0.591021	1.4402	1.95598	-0.0943186	-0.146678
2.295	0.592901	1.44483	1.95645	-0.0890408	-0.1425
2.3	0.594784	1.44946	1.95689	-0.0838396	-0.138355
2.305	0.596669	1.4541	1.95731	-0.0787143	-0.134243
2.31	0.598556	1.45873	1.95771	-0.073664	-0.130163
2.315	0.600444	1.46336	1.95807	-0.0686879	-0.126115
2.32	0.602334	1.46798	1.95842	-0.0637852	-0.122099
2.325	0.604225	1.47261	1.95874	-0.0589552	-0.118115
2.33	0.606118	1.47724	1.95903	-0.054197	-0.114162
2.335	0.608012	1.48187	1.9593	-0.0495098	-0.110241
2.34	0.609907	1.48649	1.95955	-0.0448929	-0.106352
2.345	0.611804	1.49112	1.95977	-0.0403454	-0.102493
2.35	0.613701	1.49575	1.95998	-0.0358666	-0.0986659
2.355	0.615599	1.50037	1.96016	-0.0314557	-0.0948693
2.36	0.617497	1.505	1.96031	-0.0271119	-0.0911034
2.365	0.619397	1.50962	1.96045	-0.0228344	-0.0873681
2.37	0.621297	1.51425	1.96056	-0.0186225	-0.083663
2.375	0.623197	1.51887	1.96066	-0.0144754	-0.0799882
2.38	0.625098	1.5235	1.96073	-0.0103924	-0.0763433
2.385	0.626998	1.52812	1.96078	-0.0063726	-0.0727283
2.39	0.628899	1.53275	1.96081	-0.00241536	-0.0691429
2.395	0.6308	1.53737	1.96082	0.00148008	-0.065587
2.4	0.632701	1.542	1.96082	0.00531446	-0.0620604
2.405	0.634602	1.54662	1.96079	0.00908853	-0.0585629
2.41	0.636503	1.55125	1.96074	0.012803	-0.0550944
2.415	0.638404	1.55587	1.96068	0.0164586	-0.0516547
2.42	0.640304	1.5605	1.9606	0.020056	-0.0482435
2.425	0.642203	1.56512	1.9605	0.023596	-0.0448609
2.43	0.644102	1.56975	1.96038	0.0270793	-0.0415064
2.435	0.646	1.57437	1.96024	0.0305065	-0.0381801
2.44	0.647898	1.579	1.96009	0.0338783	-0.0348816
2.445	0.649795	1.58362	1.95992	0.0371955	-0.0316109
2.45	0.651691	1.58825	1.95974	0.0404587	-0.0283678
2.455	0.653586	1.59288	1.95953	0.0436685	-0.025152
2.46	0.65548	1.5975	1.95932	0.0468258	-0.0219635
2.465	0.657373	1.60213	1.95908	0.049931	-0.018802
2.47	0.659265	1.60676	1.95883	0.0529848	-0.0156673
2.475	0.661156	1.61139	1.95857	0.055988	-0.0125594
2.48	0.663045	1.61602	1.95829	0.0589411	-0.00947799
2.485	0.664933	1.62065	1.95799	0.0618448	-0.00642293
2.49	0.66682	1.62528	1.95768	0.0646997	-0.00339406
2.495	0.668705	1.62991	1.95736	0.0675064	-0.000391196
2.5	0.670588	1.63454	1.95702	0.0702656	0.00258582
2.505	0.67247	1.63917	1.95667	0.0729778	0.00553715
2.51	0.67435	1.64381	1.95631	0.0756436	0.00846298
2.515	0.676229	1.64844	1.95593	0.0782636	0.0113635
2.52	0.678105	1.65308	1.95554	0.0808385	0.0142387
2.525	0.67998	1.65771	1.95513	0.0833688	0.017089
2.53	0.681853	1.66235	1.95472	0.085855	0.0199145
2.535	0.683723	1.66698	1.95429	0.0882978	0.0227152
2.54	0.685592	1.67162	1.95384	0.0906976	0.0254914
2.545	0.687459	1.67626	1.95339	0.0930552	0.0282432
2.55	0.689323	1.6809	1.95293	0.0953709	0.0309709
2.555	0.691186	1.68554	1.95245	0.0976453	0.0336745
2.56	0.693046	1.69018	1.95196	0.0998791	0.0363542
2.565	0.694903	1.69482	1.95146	0.102073	0.0390101
2.57	0.696759	1.69947	1.95095	0.104226	0.0416425
2.575	0.698612	1.70411	1.95043	0.106341	0.0442515
2.58	0.700462	1.70875	1.9499	0.108417	0.0468372
2.585	0.70231	1.7134	1.94936	0.110455	0.0493997
2.59	0.704155	1.71805	1.9488	0.112455	0.0519394
2.595	0.705998	1.7227	1.94824	0.114419	0.0544562
2.6	0.707838	1.72734	1.94767	0.116345	0.0569503
2.605	0.709675	1.73199	1.94709	0.118235	0.0594219
2.61	0.71151	1.73665	1.9465	0.12009	0.0618712
2.615	0.713342	1.7413	1.9459	0.121909	0.0642982
2.62	0.715171	1.74595	1.94529	0.123693	0.0667032
2.625	0.716997	1.75061	1.94467	0.125444	0.0690862
2.63	0.71882	1.75526	1.94404	0.12716	0.0714474
2.635	0.72064	1.75992	1.94341	0.128843	0.073787
2.64	0.722458	1.76458	1.94276	0.130492	0.0761051
2.645	0.724272	1.76924	1.94211	0.13211	0.0784018
2.65	0.726083	1.7739	1.94145	0.133695	0.0806773
2.655	0.727891	1.77856	1.94078	0.135248	0.0829317
2.66	0.729696	1.78322	1.9401	0.13677	0.0851652
2.665	0.731497	1.78789	1.93942	0.138261	0.0873778
2.67	0.733296	1.79255	1.93873	0.139722	0.0895698
2.675	0.735091	1.79722	1.93803	0.141153	0.0917412
2.68	0.736883	1.80189	1.93732	0.142554	0.0938922
2.685	0.738671	1.80655	1.93661	0.143925	0.0960229
2.69	0.740457	1.81122	1.93589	0.145268	0.0981335
2.695	0.742238	1.8159	1.93516	0.146582	0.100224
2.7	0.744017	1.82057	1.93443	0.147869	0.102295
2.705	0.745792	1.82524	1.93369	0.149127	0.104346
2.71	0.747563	1.82992	1.93295	0.150358	0.106377
2.715	0.749331	1.8346	1.9322	0.151562	0.108388
2.72	0.751095	1.83927	1.93144	0.152739	0.110381
2.725	0.752856	1.84395	1.93067	0.15389	0.112354
2.73	0.754613	1.84864	1.9299	0.155015	0.114308
2.735	0.756367	1.85332	1.92913	0.156114	0.116243
2.74	0.758117	1.858	1.92835	0.157188	0.118158
2.745	0.759863	1.86269	1.92756	0.158237	0.120056
2.75	0.761606	1.86737	1.92677	0.159261	0.121934
2.755	0.763344	1.87206	1.92598	0.160261	0.123794
2.76	0.765079	1.87675	1.92517	0.161237	0.125636
2.765	0.766811	1.88144	1.92437	0.16219	0.127459
2.77	0.768538	1.88613	1.92356	0.163119	0.129264
2.775	0.770262	1.89083	1.92274	0.164025	0.131051
2.78	0.771982	1.89552	1.92192	0.164908	0.132819
2.785	0.773697	1.90022	1.9211	0.165769	0.13457
2.79	0.775409	1.90492	1.92027	0.166608	0.136304
2.795	0.777118	1.90962	1.91943	0.167425	0.138019
2.8	0.778822	1.91432	1.9186	0.16822	0.139717
2.805	0.780522	1.91902	1.91776	0.168994	0.141398
2.81	0.782218	1.92372	1.91691	0.169747	0.143061
2.815	0.78391	1.92843	1.91606	0.170479	0.144707
2.82	0.785599	1.93313	1.91521	0.171191	0.146336
2.825	0.787283	1.93784	1.91435	0.171883	0.147948
2.83	0.788963	1.94255	1.91349	0.172555	0.149543
2.835	0.790639	1.94726	1.91263	0.173207	0.151121
2.84	0.792311	1.95197	1.91177	0.17384	0.152682
2.845	0.793979	1.95669	1.9109	0.174454	0.154227
2.85	0.795643	1.9614	1.91002	0.175049	0.155755
2.855	0.797302	1.96612	1.90915	0.175626	0.157267
2.86	0.798958	1.97084	1.90827	0.176184	0.158763
2.865	0.800609	1.97556	1.90739	0.176724	0.160242
2.87	0.802256	1.98028	1.90651	0.177246	0.161705
2.875	0.8039	1.985	1.90562	0.17775	0.163152
2.88	0.805538	1.98972	1.90473	0.178238	0.164583
2.885	0.807173	1.99445	1.90384	0.178708	0.165999
2.89	0.808803	1.99917	1.90295	0.179161	0.167398
2.895	0.810429	2.0039	1.90205	0.179597	0.168782
2.9	0.812051	2.00863	1.90115	0.180017	0.170151
2.905	0.813669	2.01336	1.90025	0.180421	0.171503
2.91	0.815282	2.0181	1.89935	0.180809	0.172841
2.915	0.816891	2.02283	1.89845	0.181181	0.174163
2.92	0.818496	2.02757	1.89754	0.181537	0.17547
2.925	0.820097	2.0323	1.89663	0.181878	0.176762
2.93	0.821693	2.03704	1.89572	0.182204	0.178039
2.935	0.823285	2.04178	1.89481	0.182515	0.1793
2.94	0.824872	2.04652	1.8939	0.182811	0.180547
2.945	0.826456	2.05126	1.89299	0.183092	0.181779
2.95	0.828035	2.05601	1.89207	0.183359	0.182997
2.955	0.829609	2.06075	1.89115	0.183613	0.1842
2.96	0.831179	2.0655	1.89024	0.183852	0.185388
2.965	0.832745	2.07025	1.88932	0.184077	0.186562
2.97	0.834307	2.075	1.8884	0.184289	0.187721
2.975	0.835864	2.07975	1.88747	0.184487	0.188866
2.98	0.837416	2.0845	1.88655	0.184672	0.189997
2.985	0.838965	2.08926	1.88563	0.184844	0.191114
2.99	0.840508	2.09401	1.8847	0.185003	0.192217
2.995	0.842048	2.09877	1.88378	0.18515	0.193305
3	0.843583	2.10353	1.88285	0.185284	0.19438
3.005	0.845114	2.10829	1.88193	0.185406	0.195441
3.01	0.84664	2.11305	1.881	0.185515	0.196488
3.015	0.848162	2.11781	1.88007	0.185613	0.197522
3.02	0.849679	2.12258	1.87915	0.185698	0.198542
3.025	0.851192	2.12734	1.87822	0.185772	0.199548
3.03	0.852701	2.13211	1.87729	0.185835	0.200541
3.035	0.854205	2.13688	1.87636	0.185886	0.201521
3.04	0.855705	2.14165	1.87543	0.185926	0.202487
3.045	0.8572	2.14642	1.8745	0.185955	0.20344
3.05	0.858691	2.15119	1.87357	0.185974	0.20438
3.055	0.860177	2.15597	1.87264	0.185981	0.205307
3.06	0.861659	2.16074	1.87171	0.185978	0.20622
3.065	0.863137	2.16552	1.87078	0.185964	0.207121
3.07	0.86461	2.1703	1.86985	0.185941	0.208009
3.075	0.866078	2.17508	1.86892	0.185907	0.208884
3.08	0.867543	2.17986	1.86799	0.185863	0.209746
3.085	0.869002	2.18464	1.86706	0.185809	0.210595
3.09	0.870458	2.18942	1.86613	0.185746	0.211432
3.095	0.871909	2.19421	1.8652	0.185673	0.212257
3.1	0.873355	2.19899	1.86428	0.185591	0.213068
3.105	0.874797	2.20378	1.86335	0.185499	0.213868
3.11	0.876234	2.20857	1.86242	0.185399	0.214655
3.115	0.877668	2.21336	1.86149	0.185289	0.215429
3.12	0.879096	2.21815	1.86057	0.18517	0.216192
3.125	0.88052	2.22294	1.85964	0.185043	0.216942
3.13	0.88194	2.22774	1.85872	0.184907	0.21768
3.135	0.883356	2.23253	1.85779	0.184763	0.218406
3.14	0.884767	2.23733	1.85687	0.18461	0.21912
3.145	0.886173	2.24213	1.85594	0.184449	0.219823
3.15	0.887575	2.24693	1.85502	0.18428	0.220513
3.155	0.888973	2.25173	1.8541	0.184103	0.221191
3.16	0.890366	2.25653	1.85318	0.183918	0.221858
3.165	0.891755	2.26133	1.85226	0.183725	0.222513
3.17	0.893139	2.26614	1.85134	0.183525	0.223156
3.175	0.894519	2.27094	1.85042	0.183317	0.223788
3.18	0.895895	2.27575	1.84951	0.183102	0.224408
3.185	0.897266	2.28056	1.84859	0.182879	0.225017
3.19	0.898633	2.28537	1.84768	0.18265	0.225615
3.195	0.899995	2.29018	1.84676	0.182413	0.226201
3.2	0.901353	2.29499	1.84585	0.182169	0.226775
3.205	0.902707	2.29981	1.84494	0.181919	0.227339
3.21	0.904056	2.30462	1.84403	0.181661	0.227891
3.215	0.905401	2.30944	1.84312	0.181397	0.228432
3.22	0.906741	2.31425	1.84222	0.181127	0.228962
3.225	0.908077	2.31907	1.84131	0.18085	0.229482
3.23	0.909409	2.32389	1.84041	0.180567	0.22999
3.235	0.910737	2.32871	1.8395	0.180277	0.230487
3.24	0.91206	2.33353	1.8386	0.179982	0.230973
3.245	0.913378	2.33836	1.8377	0.17968	0.231449
3.25	0.914693	2.34318	1.8368	0.179373	0.231913
3.255	0.916003	2.34801	1.83591	0.17906	0.232367
3.26	0.917309	2.35283	1.83501	0.178741	0.232811
3.265	0.91861	2.35766	1.83412	0.178416	0.233244
3.27	0.919907	2.36249	1.83323	0.178086	0.233666
3.275	0.9212	2.36732	1.83234	0.177751	0.234078
3.28	0.922489	2.37215	1.83145	0.17741	0.234479
3.285	0.923773	2.37698	1.83056	0.177064	0.23487
3.29	0.925053	2.38181	1.82967	0.176712	0.23525
3.295	0.926329	2.38665	1.82879	0.176356	0.23562
3.3	0.9276	2.39148	1.82791	0.175994	0.23598
3.305	0.928867	2.39632	1.82703	0.175628	0.23633
3.31	0.93013	2.40116	1.82615	0.175257	0.23667
3.315	0.931389	2.406	1.82527	0.174881	0.236999
3.32	0.932643	2.41084	1.8244	0.174501	0.237318
3.325	0.933894	2.41568	1.82353	0.174116	0.237628
3.33	0.93514	2.42052	1.82266	0.173727	0.237927
3.335	0.936382	2.42537	1.82179	0.173333	0.238217
3.34	0.937619	2.43021	1.82092	0.172935	0.238496
3.345	0.938853	2.43506	1.82006	0.172532	0.238766
3.35	0.940082	2.4399	1.81919	0.172126	0.239026
3.355	0.941307	2.44475	1.81833	0.171715	0.239276
3.36	0.942528	2.4496	1.81748	0.171301	0.239516
3.365	0.943745	2.45445	1.81662	0.170882	0.239747
3.37	0.944957	2.4593	1.81576	0.17046	0.239968
3.375	0.946166	2.46415	1.81491	0.170034	0.24018
3.38	0.94737	2.469	1.81406	0.169605	0.240382
3.385	0.94857	2.47386	1.81321	0.169171	0.240575
3.39	0.949767	2.47871	1.81237	0.168735	0.240758
3.395	0.950959	2.48357	1.81152	0.168294	0.240931
3.4	0.952147	2.48842	1.81068	0.167851	0.241096
3.405	0.95333	2.49328	1.80984	0.167404	0.241251
3.41	0.95451	2.49814	1.80901	0.166954	0.241397
3.415	0.955686	2.503	1.80817	0.166501	0.241533
3.42	0.956858	2.50786	1.80734	0.166044	0.241661
3.425	0.958025	2.51272	1.80651	0.165585	0.241779
3.43	0.959189	2.51759	1.80568	0.165122	0.241888
3.435	0.960349	2.52245	1.80486	0.164657	0.241988
3.44	0.961504	2.52731	1.80403	0.164189	0.242079
3.445	0.962656	2.53218	1.80321	0.163718	0.242161
3.45	0.963804	2.53705	1.80239	0.163245	0.242234
3.455	0.964947	2.54191	1.80158	0.162769	0.242298
3.46	0.966087	2.54678	1.80076	0.16229	0.242354
3.465	0.967223	2.55165	1.79995	0.161809	0.2424
3.47	0.968355	2.55652	1.79914	0.161326	0.242438
3.475	0.969483	2.56139	1.79834	0.16084	0.242467
3.48	0.970607	2.56626	1.79753	0.160352	0.242487
3.485	0.971727	2.57114	1.79673	0.159861	0.242498
3.49	0.972843	2.57601	1.79593	0.159369	0.242501
3.495	0.973955	2.58089	1.79513	0.158874	0.242496
3.5	0.975064	2.58576	1.79434	0.158377	0.242481
3.505	0.976168	2.59064	1.79355	0.157878	0.242459
3.51	0.977269	2.59552	1.79276	0.157378	0.242427
3.515	0.978366	2.60039	1.79197	0.156875	0.242387
3.52	0.979459	2.60527	1.79119	0.156371	0.242339
3.525	0.980548	2.61015	1.7904	0.155865	0.242283
3.53	0.981633	2.61503	1.78963	0.155357	0.242218
3.535	0.982715	2.61992	1.78885	0.154848	0.242145
3.54	0.983793	2.6248	1.78807	0.154337	0.242063
3.545	0.984867	2.62968	1.7873	0.153824	0.241973
3.55	0.985937	2.63456	1.78653	0.15331	0.241876
3.555	0.987004	2.63945	1.78577	0.152795	0.241769
3.56	0.988067	2.64434	1.785	0.152278	0.241655
3.565	0.989126	2.64922	1.78424	0.15176	0.241533
3.57	0.990181	2.65411	1.78348	0.151241	0.241402
3.575	0.991233	2.659	1.78273	0.15072	0.241264
3.58	0.992281	2.66389	1.78197	0.150198	0.241118
3.585	0.993326	2.66878	1.78122	0.149676	0.240963
3.59	0.994366	2.67367	1.78047	0.149152	0.240801
3.595	0.995403	2.67856	1.77973	0.148627	0.240631
3.6	0.996437	2.68345	1.77899	0.148101	0.240453
3.605	0.997467	2.68834	1.77824	0.147575	0.240267
3.61	0.998493	2.69324	1.77751	0.147047	0.240073
3.615	0.999515	2.69813	1.77677	0.146519	0.239872
3.62	1.00053	2.70303	1.77604	0.14599	0.239663
3.625	1.00155	2.70792	1.77531	0.145461	0.239446
3.63	1.00256	2.71282	1.77458	0.14493	0.239221
3.635	1.00357	2.71772	1.77386	0.1444	0.238989
3.64	1.00458	2.72261	1.77313	0.143868	0.238749
3.645	1.00558	2.72751	1.77242	0.143336	0.238502
3.65	1.00657	2.73241	1.7717	0.142804	0.238247
3.655	1.00757	2.73731	1.77098	0.142271	0.237985
3.66	1.00856	2.74221	1.77027	0.141738	0.237715
3.665	1.00955	2.74711	1.76956	0.141205	0.237438
3.67	1.01053	2.75202	1.76886	0.140671	0.237153
3.675	1.01151	2.75692	1.76816	0.140137	0.236861
3.68	1.01249	2.76182	1.76745	0.139603	0.236562
3.685	1.01346	2.76673	1.76676	0.139069	0.236255
3.69	1.01443	2.77163	1.76606	0.138535	0.235941
3.695	1.0154	2.77654	1.76537	0.138001	0.235619
3.7	1.01636	2.78144	1.76468	0.137466	0.235291
3.705	1.01732	2.78635	1.76399	0.136932	0.234955
3.71	1.01828	2.79126	1.76331	0.136398	0.234612
3.715	1.01923	2.79617	1.76262	0.135864	0.234262
3.72	1.02018	2.80108	1.76195	0.13533	0.233905
3.725	1.02113	2.80599	1.76127	0.134797	0.233541
3.73	1.02207	2.8109	1.76059	0.134263	0.23317
3.735	1.02301	2.81581	1.75992	0.13373	0.232792
3.74	1.02395	2.82072	1.75925	0.133197	0.232406
3.745	1.02488	2.82563	1.75859	0.132665	0.232014
3.75	1.02581	2.83054	1.75793	0.132133	0.231615
3.755	1.02674	2.83546	1.75726	0.131602	0.231209
3.76	1.02766	2.84037	1.75661	0.131071	0.230796
3.765	1.02858	2.84528	1.75595	0.130541	0.230376
3.77	1.0295	2.8502	1.7553	0.130011	0.22995
3.775	1.03041	2.85512	1.75465	0.129482	0.229516
3.78	1.03132	2.86003	1.754	0.128953	0.229076
3.785	1.03223	2.86495	1.75336	0.128426	0.228629
3.79	1.03314	2.86987	1.75271	0.127898	0.228176
3.795	1.03404	2.87478	1.75207	0.127372	0.227715
3.8	1.03494	2.8797	1.75144	0.126847	0.227249
3.805	1.03583	2.88462	1.7508	0.126322	0.226775
3.81	1.03672	2.88954	1.75017	0.125798	0.226295
3.815	1.03761	2.89446	1.74954	0.125276	0.225808
3.82	1.0385	2.89938	1.74892	0.124754	0.225315
3.825	1.03938	2.9043	1.74829	0.124233	0.224815
3.83	1.04026	2.90923	1.74767	0.123713	0.224309
3.835	1.04114	2.91415	1.74705	0.123195	0.223796
3.84	1.04201	2.91907	1.74644	0.122677	0.223277
3.845	1.04288	2.924	1.74582	0.12216	0.222751
3.85	1.04375	2.92892	1.74521	0.121645	0.222219
3.855	1.04462	2.93384	1.7446	0.121131	0.221681
3.86	1.04548	2.93877	1.744	0.120618	0.221137
3.865	1.04634	2.9437	1.7434	0.120107	0.220586
3.87	1.04719	2.94862	1.7428	0.119596	0.220028
3.875	1.04804	2.95355	1.7422	0.119088	0.219465
3.88	1.04889	2.95848	1.7416	0.11858	0.218895
3.885	1.04974	2.9634	1.74101	0.118074	0.218319
3.89	1.05059	2.96833	1.74042	0.117569	0.217737
3.895	1.05143	2.97326	1.73983	0.117066	0.217149
3.9	1.05226	2.97819	1.73925	0.116564	0.216555
3.905	1.0531	2.98312	1.73866	0.116064	0.215954
3.91	1.05393	2.98805	1.73808	0.115566	0.215348
3.915	1.05476	2.99298	1.7375	0.115069	0.214735
3.92	1.05559	2.99791	1.73693	0.114573	0.214117
3.925	1.05641	3.00284	1.73636	0.11408	0.213492
3.93	1.05723	3.00778	1.73579	0.113588	0.212862
3.935	1.05805	3.01271	1.73522	0.113098	0.212225
3.94	1.05887	3.01764	1.73465	0.112609	0.211583
3.945	1.05968	3.02257	1.73409	0.112123	0.210934
3.95	1.06049	3.02751	1.73353	0.111638	0.21028
3.955	1.0613	3.03244	1.73297	0.111155	0.20962
3.96	1.0621	3.03738	1.73242	0.110674	0.208954
3.965	1.0629	3.04231	1.73186	0.110194	0.208283
3.97	1.0637	3.04725	1.73131	0.109717	0.207605
3.975	1.0645	3.05218	1.73076	0.109242	0.206922
3.98	1.06529	3.05712	1.73022	0.108769	0.206233
3.985	1.06609	3.06206	1.72967	0.108298	0.205538
3.99	1.06687	3.067	1.72913	0.107828	0.204838
3.995	1.06766	3.07193	1.72859	0.107361	0.204132
4	1.06844	3.07687	1.72805	0.106896	0.20342
4.005	1.06922	3.08181	1.72752	0.106433	0.202703
4.01	1.07	3.08675	1.72699	0.105973	0.20198
4.015	1.07078	3.09169	1.72646	0.105514	0.201252
4.02	1.07155	3.09663	1.72593	0.105058	0.200518
4.025	1.07232	3.10157	1.72541	0.104604	0.199779
4.03	1.07309	3.10651	1.72488	0.104152	0.199034
4.035	1.07385	3.11145	1.72436	0.103703	0.198284
4.04	1.07461	3.11639	1.72384	0.103256	0.197528
4.045	1.07537	3.12133	1.72333	0.102811	0.196767
4.05	1.07613	3.12628	1.72281	0.102369	0.196
4.055	1.07688	3.13122	1.7223	0.101929	0.195228
4.06	1.07764	3.13616	1.72179	0.101491	0.194451
4.065	1.07839	3.14111	1.72128	0.101056	0.193668
4.07	1.07913	3.14605	1.72078	0.100624	0.19288
4.075	1.07988	3.15099	1.72028	0.100194	0.192087
4.08	1.08062	3.15594	1.71977	0.0997664	0.191288
4.085	1.08136	3.16088	1.71928	0.0993415	0.190484
4.09	1.0821	3.16583	1.71878	0.0989192	0.189675
4.095	1.08283	3.17078	1.71828	0.0984995	0.188861
4.1	1.08356	3.17572	1.71779	0.0980824	0.188042
4.105	1.08429	3.18067	1.7173	0.097668	0.187217
4.11	1.08502	3.18561	1.71681	0.0972562	0.186388
4.115	1.08575	3.19056	1.71633	0.0968472	0.185553
4.12	1.08647	3.19551	1.71584	0.0964409	0.184713
4.125	1.08719	3.20046	1.71536	0.0960374	0.183868
4.13	1.08791	3.20541	1.71488	0.0956366	0.183018
4.135	1.08862	3.21035	1.7144	0.0952387	0.182163
4.14	1.08934	3.2153	1.71393	0.0948435	0.181303
4.145	1.09005	3.22025	1.71345	0.0944513	0.180438
4.15	1.09076	3.2252	1.71298	0.0940618	0.179569
4.155	1.09146	3.23015	1.71251	0.0936753	0.178694
4.16	1.09217	3.2351	1.71204	0.0932917	0.177814
4.165	1.09287	3.24005	1.71157	0.092911	0.17693
4.17	1.09357	3.245	1.71111	0.0925333	0.17604
4.175	1.09426	3.24995	1.71065	0.0921586	0.175146
4.18	1.09496	3.25491	1.71019	0.0917869	0.174247
4.185	1.09565	3.25986	1.70973	0.0914182	0.173343
4.19	1.09634	3.26481	1.70927	0.0910525	0.172434
4.195	1.09703	3.26976	1.70881	0.0906899	0.171521
4.2	1.09771	3.27471	1.70836	0.0903304	0.170603
4.205	1.0984	3.27967	1.70791	0.089974	0.16968
4.21	1.09908	3.28462	1.70746	0.0896207	0.168752
4.215	1.09976	3.28958	1.70701	0.0892706	0.16782
4.22	1.10043	3.29453	1.70657	0.0889237	0.166883
4.225	1.10111	3.29948	1.70612	0.0885799	0.165942
4.23	1.10178	3.30444	1.70568	0.0882393	0.164996
4.235	1.10245	3.30939	1.70524	0.087902	0.164045
4.24	1.10312	3.31435	1.7048	0.0875679	0.16309
4.245	1.10379	3.3193	1.70436	0.0872371	0.16213
4.25	1.10445	3.32426	1.70392	0.0869096	0.161166
4.255	1.10511	3.32922	1.70349	0.0865854	0.160197
4.26	1.10577	3.33417	1.70306	0.0862645	0.159224
4.265	1.10643	3.33913	1.70262	0.0859469	0.158246
4.27	1.10708	3.34409	1.70219	0.0856327	0.157264
4.275	1.10774	3.34904	1.70177	0.0853219	0.156277
4.28	1.10839	3.354	1.70134	0.0850145	0.155286
4.285	1.10903	3.35896	1.70091	0.0847105	0.154291
4.29	1.10968	3.36392	1.70049	0.08441	0.153291
4.295	1.11033	3.36887	1.70007	0.0841129	0.152287
4.3	1.11097	3.37383	1.69965	0.0838192	0.151279
4.305	1.11161	3.37879	1.69923	0.0835291	0.150266
4.31	1.11225	3.38375	1.69881	0.0832424	0.149249
4.315	1.11288	3.38871	1.6984	0.0829593	0.148228
4.32	1.11352	3.39367	1.69798	0.0826798	0.147203
4.325	1.11415	3.39863	1.69757	0.0824037	0.146173
4.33	1.11478	3.40359	1.69716	0.0821313	0.145139
4.335	1.11541	3.40855	1.69674	0.0818624	0.144101
4.34	1.11603	3.41351	1.69634	0.0815972	0.143059
4.345	1.11666	3.41847	1.69593	0.0813356	0.142013
4.35	1.11728	3.42343	1.69552	0.0810776	0.140963
4.355	1.1179	3.42839	1.69512	0.0808233	0.139908
4.36	1.11852	3.43336	1.69471	0.0805726	0.13885
4.365	1.11913	3.43832	1.69431	0.0803256	0.137787
4.37	1.11975	3.44328	1.69391	0.0800824	0.136721
4.375	1.12036	3.44824	1.69351	0.0798428	0.13565
4.38	1.12097	3.4532	1.69311	0.079607	0.134576
4.385	1.12158	3.45817	1.69271	0.0793749	0.133497
4.39	1.12218	3.46313	1.69231	0.0791466	0.132415
4.395	1.12279	3.46809	1.69192	0.0789221	0.131328
4.4	1.12339	3.47306	1.69152	0.0787014	0.130238
4.405	1.12399	3.47802	1.69113	0.0784845	0.129144
4.41	1.12459	3.48299	1.69074	0.0782714	0.128046
4.415	1.12519	3.48795	1.69034	0.0780621	0.126944
4.42	1.12578	3.49291	1.68995	0.0778567	0.125838
4.425	1.12637	3.49788	1.68957	0.0776552	0.124729
4.43	1.12696	3.50284	1.68918	0.0774575	0.123615
4.435	1.12755	3.50781	1.68879	0.0772638	0.122498
4.44	1.12814	3.51277	1.6884	0.0770739	0.121378
4.445	1.12872	3.51774	1.68802	0.076888	0.120253
4.45	1.12931	3.52271	1.68763	0.076706	0.119125
4.455	1.12989	3.52767	1.68725	0.0765279	0.117993
4.46	1.13047	3.53264	1.68687	0.0763538	0.116857
4.465	1.13104	3.53761	1.68649	0.0761837	0.115718
4.47	1.13162	3.54257	1.6861	0.0760175	0.114575
4.475	1.13219	3.54754	1.68572	0.0758554	0.113429
4.48	1.13276	3.55251	1.68535	0.0756972	0.112279
4.485	1.13333	3.55747	1.68497	0.0755431	0.111125
4.49	1.1339	3.56244	1.68459	0.0753931	0.109968
4.495	1.13447	3.56741	1.68421	0.075247	0.108807
4.5	1.13503	3.57238	1.68384	0.0751051	0.107643
4.505	1.13559	3.57735	1.68346	0.0749672	0.106475
4.51	1.13615	3.58231	1.68309	0.0748333	0.105304
4.515	1.13671	3.58728	1.68271	0.0747036	0.10413
4.52	1.13727	3.59225	1.68234	0.074578	0.102952
4.525	1.13782	3.59722	1.68196	0.0744565	0.10177
4.53	1.13838	3.60219	1.68159	0.0743391	0.100585
4.535	1.13893	3.60716	1.68122	0.0742259	0.0993972
4.54	1.13948	3.61213	1.68085	0.0741168	0.0982056
4.545	1.14002	3.6171	1.68048	0.0740119	0.0970108
4.55	1.14057	3.62207	1.68011	0.0739111	0.0958126
4.555	1.14111	3.62704	1.67974	0.0738146	0.0946111
4.56	1.14165	3.63201	1.67937	0.0737222	0.0934064
4.565	1.14219	3.63698	1.679	0.073634	0.0921984
4.57	1.14273	3.64195	1.67863	0.07355	0.0909871
4.575	1.14327	3.64692	1.67827	0.0734703	0.0897727
4.58	1.1438	3.65189	1.6779	0.0733948	0.088555
4.585	1.14434	3.65687	1.67753	0.0733235	0.0873342
4.59	1.14487	3.66184	1.67716	0.0732565	0.0861103
4.595	1.14539	3.66681	1.6768	0.0731937	0.0848832
4.6	1.14592	3.67178	1.67643	0.0731352	0.0836529
4.605	1.14645	3.67675	1.67607	0.073081	0.0824196
4.61	1.14697	3.68173	1.6757	0.0730311	0.0811832
4.615	1.14749	3.6867	1.67534	0.0729855	0.0799438
4.62	1.14801	3.69167	1.67497	0.0729442	0.0787013
4.625	1.14853	3.69665	1.67461	0.0729071	0.0774557
4.63	1.14905	3.70162	1.67424	0.0728745	0.0762072
4.635	1.14956	3.70659	1.67388	0.0728461	0.0749557
4.64	1.15007	3.71157	1.67351	0.0728221	0.0737013
4.645	1.15059	3.71654	1.67315	0.0728024	0.0724439
4.65	1.15109	3.72151	1.67279	0.0727871	0.0711835
4.655	1.1516	3.72649	1.67242	0.0727762	0.0699203
4.66	1.15211	3.73146	1.67206	0.0727696	0.0686542
4.665	1.15261	3.73644	1.67169	0.0727674	0.0673852
4.67	1.15311	3.74141	1.67133	0.0727696	0.0661134
4.675	1.15361	3.74639	1.67097	0.0727762	0.0648387
4.68	1.15411	3.75136	1.6706	0.0727871	0.0635613
4.685	1.15461	3.75634	1.67024	0.0728025	0.062281
4.69	1.1551	3.76131	1.66987	0.0728223	0.060998
4.695	1.15559	3.76629	1.66951	0.0728465	0.0597122
4.7	1.15609	3.77126	1.66915	0.0728752	0.0584237
4.705	1.15657	3.77624	1.66878	0.0729083	0.0571325
4.71	1.15706	3.78122	1.66842	0.0729458	0.0558386
4.715	1.15755	3.78619	1.66805	0.0729878	0.054542
4.72	1.15803	3.79117	1.66769	0.0730342	0.0532428
4.725	1.15851	3.79615	1.66732	0.0730851	0.0519409
4.73	1.15899	3.80112	1.66696	0.0731405	0.0506365
4.735	1.15947	3.8061	1.66659	0.0732003	0.0493294
4.74	1.15995	3.81108	1.66623	0.0732646	0.0480197
4.745	1.16042	3.81605	1.66586	0.0733334	0.0467075
4.75	1.16089	3.82103	1.66549	0.0734067	0.0453927
4.755	1.16137	3.82601	1.66513	0.0734845	0.0440755
4.76	1.16184	3.83099	1.66476	0.0735667	0.0427557
4.765	1.1623	3.83597	1.66439	0.0736535	0.0414334
4.77	1.16277	3.84094	1.66402	0.0737448	0.0401087
4.775	1.16323	3.84592	1.66365	0.0738406	0.0387815
4.78	1.16369	3.8509	1.66328	0.0739409	0.0374519
4.785	1.16415	3.85588	1.66291	0.0740458	0.0361199
4.79	1.16461	3.86086	1.66254	0.0741552	0.0347855
4.795	1.16507	3.86584	1.66217	0.0742691	0.0334488
4.8	1.16552	3.87082	1.6618	0.0743875	0.0321097
4.805	1.16597	3.8758	1.66143	0.0745105	0.0307682
4.81	1.16643	3.88078	1.66106	0.0746381	0.0294245
4.815	1.16687	3.88576	1.66068	0.0747702	0.0280784
4.82	1.16732	3.89074	1.66031	0.0749068	0.0267301
4.825	1.16777	3.89572	1.65994	0.075048	0.0253796
4.83	1.16821	3.9007	1.65956	0.0751938	0.0240268
4.835	1.16865	3.90568	1.65918	0.0753442	0.0226718
4.84	1.16909	3.91066	1.65881	0.0754991	0.0213146
4.845	1.16953	3.91564	1.65843	0.0756585	0.0199552
4.85	1.16996	3.92062	1.65805	0.0758226	0.0185936
4.855	1.1704	3.9256	1.65767	0.0759912	0.0172299
4.86	1.17083	3.93058	1.65729	0.0761645	0.0158641
4.865	1.17126	3.93556	1.65691	0.0763423	0.0144962
4.87	1.17169	3.94055	1.65653	0.0765247	0.0131262
4.875	1.17211	3.94553	1.65615	0.0767116	0.0117542
4.88	1.17254	3.95051	1.65576	0.0769032	0.0103801
4.885	1.17296	3.95549	1.65538	0.0770994	0.00900398
4.89	1.17338	3.96047	1.65499	0.0773002	0.00762585
4.895	1.1738	3.96546	1.65461	0.0775055	0.00624574
4.9	1.17422	3.97044	1.65422	0.0777155	0.00486366
4.905	1.17463	3.97542	1.65383	0.0779301	0.00347963
4.91	1.17504	3.9804	1.65344	0.0781493	0.00209368
4.915	1.17545	3.98539	1.65305	0.0783731	0.000705806
4.92	1.17586	3.99037	1.65266	0.0786015	-0.000683955
4.925	1.17627	3.99535	1.65227	0.0788345	-0.00207559
4.93	1.17668	4.00034	1.65187	0.0790722	-0.00346908
4.935	1.17708	4.00532	1.65148	0.0793144	-0.0048644
4.94	1.17748	4.01031	1.65108	0.0795613	-0.00626154
4.945	1.17788	4.01529	1.65068	0.0798128	-0.00766047
4.95	1.17828	4.02027	1.65028	0.0800689	-0.00906118
4.955	1.17867	4.02526	1.64988	0.0803297	-0.0104637
4.96	1.17906	4.03024	1.64948	0.080595	-0.0118679
4.965	1.17945	4.03523	1.64908	0.080865	-0.0132738
4.97	1.17984	4.04021	1.64867	0.0811396	-0.0146814
4.975	1.18023	4.0452	1.64827	0.0814188	-0.0160907
4.98	1.18061	4.05018	1.64786	0.0817027	-0.0175017
4.985	1.181	4.05517	1.64745	0.0819912	-0.0189143
4.99	1.18138	4.06015	1.64704	0.0822843	-0.0203286
4.995	1.18176	4.06514	1.64663	0.082582	-0.0217444
5	1.18213	4.07012	1.64622	0.0828844	-0.0231619
5.005	1.18251	4.07511	1.6458	0.0831914	-0.0245809
5.01	1.18288	4.0801	1.64539	0.083503	-0.0260014
5.015	1.18325	4.08508	1.64497	0.0838192	-0.0274235
5.02	1.18362	4.09007	1.64455	0.0841401	-0.0288471
5.025	1.18399	4.09506	1.64413	0.0844656	-0.0302722
5.03	1.18435	4.10004	1.64371	0.0847957	-0.0316988
5.035	1.18471	4.10503	1.64328	0.0851305	-0.0331268
5.04	1.18507	4.11002	1.64286	0.0854698	-0.0345562
5.045	1.18543	4.115	1.64243	0.0858138	-0.0359871
5.05	1.18579	4.11999	1.642	0.0861625	-0.0374194
5.055	1.18614	4.12498	1.64157	0.0865157	-0.038853
5.06	1.18649	4.12997	1.64114	0.0868736	-0.040288
5.065	1.18684	4.13495	1.6407	0.0872361	-0.0417243
5.07	1.18719	4.13994	1.64027	0.0876032	-0.043162
5.075	1.18753	4.14493	1.63983	0.0879749	-0.0446009
5.08	1.18788	4.14992	1.63939	0.0883513	-0.0460412
5.085	1.18822	4.15491	1.63895	0.0887323	-0.0474827
5.09	1.18855	4.1599	1.6385	0.0891179	-0.0489254
5.095	1.18889	4.16488	1.63806	0.0895081	-0.0503694
5.1	1.18922	4.16987	1.63761	0.0899029	-0.0518146
5.105	1.18956	4.17486	1.63716	0.0903023	-0.0532609
5.11	1.18989	4.17985	1.63671	0.0907064	-0.0547084
5.115	1.19021	4.18484	1.63626	0.091115	-0.0561571
5.12	1.19054	4.18983	1.6358	0.0915283	-0.0576069
5.125	1.19086	4.19482	1.63534	0.0919461	-0.0590578
5.13	1.19118	4.19981	1.63488	0.0923686	-0.0605098
5.135	1.1915	4.2048	1.63442	0.0927957	-0.0619629
5.14	1.19181	4.20979	1.63396	0.0932273	-0.063417
5.145	1.19213	4.21478	1.63349	0.0936636	-0.0648722
5.15	1.19244	4.21977	1.63302	0.0941044	-0.0663283
5.155	1.19275	4.22476	1.63255	0.0945499	-0.0677855
5.16	1.19305	4.22975	1.63208	0.0949999	-0.0692436
5.165	1.19336	4.23474	1.63161	0.0954546	-0.0707027
5.17	1.19366	4.23973	1.63113	0.0959138	-0.0721627
5.175	1.19396	4.24472	1.63065	0.0963776	-0.0736237
5.18	1.19425	4.24971	1.63017	0.0968459	-0.0750855
5.185	1.19455	4.25471	1.62968	0.0973189	-0.0765482
5.19	1.19484	4.2597	1.6292	0.0977964	-0.0780118
5.195	1.19513	4.26469	1.62871	0.0982785	-0.0794762
5.2	1.19542	4.26968	1.62822	0.0987652	-0.0809414
5.205	1.1957	4.27467	1.62772	0.0992564	-0.0824074
5.21	1.19598	4.27966	1.62723	0.0997522	-0.0838742
5.215	1.19626	4.28466	1.62673	0.100253	-0.0853418
5.22	1.19654	4.28965	1.62623	0.100757	-0.0868101
5.225	1.19681	4.29464	1.62572	0.101267	-0.0882792
5.23	1.19709	4.29963	1.62522	0.101781	-0.0897489
5.235	1.19735	4.30463	1.62471	0.102299	-0.0912193
5.24	1.19762	4.30962	1.6242	0.102823	-0.0926904
5.245	1.19789	4.31461	1.62368	0.10335	-0.0941621
5.25	1.19815	4.31961	1.62316	0.103882	-0.0956345
5.255	1.19841	4.3246	1.62264	0.104419	-0.0971074
5.26	1.19866	4.32959	1.62212	0.10496	-0.098581
5.265	1.19892	4.33459	1.6216	0.105506	-0.100055
5.27	1.19917	4.33958	1.62107	0.106056	-0.10153
5.275	1.19942	4.34457	1.62054	0.106611	-0.103005
5.28	1.19966	4.34957	1.62001	0.10717	-0.104481
5.285	1.19991	4.35456	1.61947	0.107734	-0.105957
5.29	1.20015	4.35956	1.61893	0.108302	-0.107433
5.295	1.20038	4.36455	1.61839	0.108875	-0.108911
5.3	1.20062	4.36954	1.61785	0.109452	-0.110388
5.305	1.20085	4.37454	1.6173	0.110034	-0.111866
5.31	1.20108	4.37953	1.61675	0.11062	-0.113344
5.315	1.20131	4.38453	1.6162	0.111211	-0.114823
5.32	1.20153	4.38952	1.61564	0.111806	-0.116302
5.325	1.20175	4.39452	1.61508	0.112406	-0.117781
5.33	1.20197	4.39951	1.61452	0.11301	-0.119261
5.335	1.20219	4.40451	1.61395	0.113619	-0.120741
5.34	1.2024	4.4095	1.61339	0.114232	-0.122221
5.345	1.20261	4.4145	1.61281	0.11485	-0.123702
5.35	1.20282	4.4195	1.61224	0.115472	-0.125183
5.355	1.20302	4.42449	1.61166	0.116098	-0.126664
5.36	1.20322	4.42949	1.61108	0.116729	-0.128145
5.365	1.20342	4.43448	1.6105	0.117364	-0.129626
5.37	1.20362	4.43948	1.60991	0.118004	-0.131107
5.375	1.20381	4.44448	1.60932	0.118648	-0.132589
5.38	1.204	4.44947	1.60873	0.119297	-0.134071
5.385	1.20419	4.45447	1.60813	0.11995	-0.135552
5.39	1.20437	4.45947	1.60753	0.120607	-0.137034
5.395	1.20455	4.46446	1.60693	0.121269	-0.138516
5.4	1.20473	4.46946	1.60632	0.121935	-0.139998
5.405	1.2049	4.47446	1.60571	0.122606	-0.14148
5.41	1.20508	4.47945	1.6051	0.123281	-0.142962
5.415	1.20524	4.48445	1.60448	0.12396	-0.144444
5.42	1.20541	4.48945	1.60386	0.124644	-0.145926
5.425	1.20557	4.49445	1.60324	0.125332	-0.147408
5.43	1.20573	4.49944	1.60261	0.126024	-0.148889
5.435	1.20589	4.50444	1.60198	0.126721	-0.150371
5.44	1.20604	4.50944	1.60135	0.127422	-0.151852
5.445	1.20619	4.51444	1.60071	0.128128	-0.153334
5.45	1.20633	4.51943	1.60007	0.128838	-0.154815
5.455	1.20648	4.52443	1.59943	0.129552	-0.156296
5.46	1.20662	4.52943	1.59878	0.130271	-0.157776
5.465	1.20675	4.53443	1.59813	0.130994	-0.159257
5.47	1.20689	4.53943	1.59747	0.131721	-0.160737
5.475	1.20702	4.54442	1.59682	0.132452	-0.162217
5.48	1.20714	4.54942	1.59615	0.133188	-0.163697
5.485	1.20727	4.55442	1.59549	0.133928	-0.165176
5.49	1.20739	4.55942	1.59482	0.134673	-0.166655
5.495	1.20751	4.56442	1.59415	0.135421	-0.168134
5.5	1.20762	4.56942	1.59347	0.136174	-0.169612
5.505	1.20773	4.57442	1.59279	0.136932	-0.17109
5.51	1.20784	4.57941	1.5921	0.137693	-0.172567
5.515	1.20794	4.58441	1.59141	0.138459	-0.174045
5.52	1.20804	4.58941	1.59072	0.139229	-0.175521
5.525	1.20813	4.59441	1.59003	0.140004	-0.176997
5.53	1.20823	4.59941	1.58933	0.140782	-0.178473
5.535	1.20832	4.60441	1.58862	0.141565	-0.179948
5.54	1.2084	4.60941	1.58791	0.142352	-0.181422
5.545	1.20848	4.61441	1.5872	0.143143	-0.182896
5.55	1.20856	4.61941	1.58649	0.143939	-0.18437
5.555	1.20864	4.62441	1.58577	0.144739	-0.185842
5.56	1.20871	4.62941	1.58504	0.145543	-0.187314
5.565	1.20878	4.63441	1.58432	0.146351	-0.188786
5.57	1.20884	4.63941	1.58358	0.147163	-0.190257
5.575	1.2089	4.64441	1.58285	0.14798	-0.191727
5.58	1.20896	4.64941	1.58211	0.1488	-0.193196
5.585	1.20901	4.65441	1.58136	0.149625	-0.194665
5.59	1.20906	4.6594	1.58062	0.150455	-0.196133
5.595	1.2091	4.6644	1.57986	0.151288	-0.1976
5.6	1.20914	4.6694	1.57911	0.152125	-0.199066
5.605	1.20918	4.6744	1.57835	0.152967	-0.200532
5.61	1.20922	4.6794	1.57758	0.153812	-0.201996
5.615	1.20925	4.6844	1.57681	0.154662	-0.20346
5.62	1.20927	4.6894	1.57604	0.155516	-0.204923
5.625	1.2093	4.6944	1.57526	0.156374	-0.206385
5.63	1.20931	4.6994	1.57448	0.157237	-0.207846
5.635	1.20933	4.7044	1.57369	0.158103	-0.209306
5.64	1.20934	4.7094	1.5729	0.158974	-0.210765
5.645	1.20935	4.7144	1.57211	0.159848	-0.212223
5.65	1.20935	4.7194	1.57131	0.160727	-0.21368
5.655	1.20935	4.7244	1.57051	0.16161	-0.215137
5.66	1.20934	4.7294	1.5697	0.162496	-0.216592
5.665	1.20933	4.7344	1.56888	0.163387	-0.218045
5.67	1.20932	4.7394	1.56807	0.164282	-0.219498
5.675	1.2093	4.7444	1.56725	0.165181	-0.22095
5.68	1.20928	4.7494	1.56642	0.166084	-0.2224
5.685	1.20925	4.7544	1.56559	0.166992	-0.22385
5.69	1.20922	4.7594	1.56475	0.167903	-0.225298
5.695	1.20919	4.7644	1.56392	0.168818	-0.226745
5.7	1.20915	4.7694	1.56307	0.169737	-0.228191
5.705	1.20911	4.7744	1.56222	0.17066	-0.229635
5.71	1.20906	4.7794	1.56137	0.171588	-0.231078
5.715	1.20901	4.7844	1.56051	0.172519	-0.23252
5.72	1.20895	4.7894	1.55965	0.173454	-0.233961
5.725	1.20889	4.7944	1.55878	0.174394	-0.2354
5.73	1.20883	4.7994	1.55791	0.175337	-0.236838
5.735	1.20876	4.8044	1.55703	0.176284	-0.238274
5.74	1.20868	4.8094	1.55615	0.177235	-0.239709
5.745	1.20861	4.8144	1.55527	0.17819	-0.241142
5.75	1.20853	4.8194	1.55437	0.17915	-0.242574
5.755	1.20844	4.8244	1.55348	0.180113	-0.244005
5.76	1.20835	4.8294	1.55258	0.18108	-0.245434
5.765	1.20825	4.8344	1.55167	0.182051	-0.246861
5.77	1.20815	4.8394	1.55076	0.183026	-0.248287
5.775	1.20805	4.84439	1.54985	0.184004	-0.249712
5.78	1.20794	4.84939	1.54893	0.184987	-0.251134
5.785	1.20782	4.85439	1.548	0.185974	-0.252556
5.79	1.20771	4.85939	1.54707	0.186964	-0.253975
5.795	1.20758	4.86439	1.54614	0.187959	-0.255393
5.8	1.20745	4.86939	1.5452	0.188957	-0.256809
5.805	1.20732	4.87439	1.54425	0.189959	-0.258223
5.81	1.20718	4.87938	1.5433	0.190966	-0.259636
5.815	1.20704	4.88438	1.54235	0.191976	-0.261047
5.82	1.20689	4.88938	1.54139	0.192989	-0.262456
5.825	1.20674	4.89438	1.54042	0.194007	-0.263863
5.83	1.20659	4.89938	1.53945	0.195029	-0.265268
5.835	1.20642	4.90437	1.53848	0.196054	-0.266671
5.84	1.20626	4.90937	1.5375	0.197083	-0.268073
5.845	1.20609	4.91437	1.53651	0.198116	-0.269473
5.85	1.20591	4.91936	1.53552	0.199153	-0.27087
5.855	1.20573	4.92436	1.53453	0.200194	-0.272266
5.86	1.20554	4.92936	1.53353	0.201238	-0.27366
5.865	1.20535	4.93435	1.53252	0.202287	-0.275052
5.87	1.20515	4.93935	1.53151	0.203339	-0.276441
5.875	1.20495	4.94435	1.53049	0.204395	-0.277829
5.88	1.20475	4.94934	1.52947	0.205455	-0.279214
5.885	1.20454	4.95434	1.52844	0.206518	-0.280598
5.89	1.20432	4.95933	1.52741	0.207585	-0.281979
5.895	1.2041	4.96433	1.52637	0.208656	-0.283358
5.9	1.20387	4.96932	1.52533	0.209731	-0.284735
5.905	1.20364	4.97432	1.52428	0.210809	-0.28611
5.91	1.2034	4.97931	1.52323	0.211892	-0.287482
5.915	1.20316	4.9843	1.52217	0.212978	-0.288852
5.92	1.20291	4.9893	1.5211	0.214067	-0.29022
5.925	1.20265	4.99429	1.52003	0.215161	-0.291585
5.93	1.20239	4.99929	1.51895	0.216258	-0.292949
5.935	1.20213	5.00428	1.51787	0.217359	-0.294309
5.94	1.20186	5.00927	1.51679	0.218463	-0.295668
5.945	1.20158	5.01426	1.51569	0.219572	-0.297024
5.95	1.2013	5.01926	1.5146	0.220684	-0.298377
5.955	1.20102	5.02425	1.51349	0.221799	-0.299728
5.96	1.20073	5.02924	1.51238	0.222919	-0.301077
5.965	1.20043	5.03423	1.51127	0.224042	-0.302423
5.97	1.20013	5.03922	1.51015	0.225168	-0.303767
5.975	1.19982	5.04421	1.50902	0.226299	-0.305107
5.98	1.1995	5.0492	1.50789	0.227433	-0.306446
5.985	1.19918	5.05419	1.50675	0.22857	-0.307781
5.99	1.19886	5.05918	1.50561	0.229711	-0.309114
5.995	1.19852	5.06417	1.50446	0.230856	-0.310445
6	1.19819	5.06916	1.50331	0.232005	-0.311772
6.005	1.19784	5.07415	1.50215	0.233157	-0.313097
6.01	1.1975	5.07913	1.50098	0.234313	-0.314419
6.015	1.19714	5.08412	1.49981	0.235472	-0.315738
6.02	1.19678	5.08911	1.49863	0.236635	-0.317055
6.025	1.19641	5.0941	1.49745	0.237802	-0.318368
6.03	1.19604	5.09908	1.49626	0.238972	-0.319679
6.035	1.19566	5.10407	1.49507	0.240146	-0.320987
6.04	1.19528	5.10905	1.49387	0.241323	-0.322292
6.045	1.19489	5.11404	1.49266	0.242504	-0.323594
6.05	1.19449	5.11902	1.49145	0.243688	-0.324893
6.055	1.19409	5.12401	1.49023	0.244876	-0.326188
6.06	1.19368	5.12899	1.489	0.246068	-0.327481
6.065	1.19327	5.13397	1.48777	0.247263	-0.328771
6.07	1.19285	5.13895	1.48654	0.248461	-0.330058
6.075	1.19242	5.14394	1.4853	0.249664	-0.331341
6.08	1.19199	5.14892	1.48405	0.250869	-0.332622
6.085	1.19155	5.1539	1.48279	0.252079	-0.333899
6.09	1.1911	5.15888	1.48153	0.253291	-0.335173
6.095	1.19065	5.16386	1.48027	0.254508	-0.336444
6.1	1.19019	5.16884	1.47899	0.255727	-0.337711
6.105	1.18973	5.17381	1.47772	0.256951	-0.338975
6.11	1.18926	5.17879	1.47643	0.258177	-0.340236
6.115	1.18878	5.18377	1.47514	0.259408	-0.341493
6.12	1.18829	5.18875	1.47384	0.260641	-0.342748
6.125	1.1878	5.19372	1.47254	0.261879	-0.343998
6.13	1.18731	5.1987	1.47123	0.263119	-0.345245
6.135	1.1868	5.20367	1.46991	0.264363	-0.346489
6.14	1.18629	5.20864	1.46859	0.265611	-0.347729
6.145	1.18578	5.21362	1.46726	0.266862	-0.348966
6.15	1.18525	5.21859	1.46593	0.268117	-0.350199
6.155	1.18472	5.22356	1.46459	0.269375	-0.351429
6.16	1.18419	5.22853	1.46324	0.270636	-0.352654
6.165	1.18364	5.2335	1.46189	0.271901	-0.353877
6.17	1.18309	5.23847	1.46053	0.273169	-0.355095
6.175	1.18253	5.24344	1.45916	0.274441	-0.35631
6.18	1.18197	5.24841	1.45779	0.275716	-0.357521
6.185	1.1814	5.25338	1.45641	0.276995	-0.358728
6.19	1.18082	5.25834	1.45503	0.278277	-0.359932
6.195	1.18024	5.26331	1.45364	0.279562	-0.361131
6.2	1.17965	5.26828	1.45224	0.280851	-0.362327
6.205	1.17905	5.27324	1.45083	0.282143	-0.363519
6.21	1.17844	5.2782	1.44942	0.283438	-0.364707
6.215	1.17783	5.28316	1.44801	0.284737	-0.365891
6.22	1.17721	5.28813	1.44658	0.28604	-0.367071
6.225	1.17658	5.29309	1.44515	0.287345	-0.368247
6.23	1.17595	5.29805	1.44372	0.288654	-0.369419
6.235	1.17531	5.30301	1.44227	0.289967	-0.370586
6.24	1.17466	5.30796	1.44082	0.291283	-0.37175
6.245	1.17401	5.31292	1.43937	0.292602	-0.372909
6.25	1.17334	5.31788	1.4379	0.293924	-0.374065
6.255	1.17267	5.32283	1.43643	0.29525	-0.375216
6.26	1.172	5.32778	1.43496	0.296579	-0.376363
6.265	1.17131	5.33274	1.43348	0.297912	-0.377505
6.27	1.17062	5.33769	1.43199	0.299247	-0.378643
6.275	1.16992	5.34264	1.43049	0.300587	-0.379777
6.28	1.16922	5.34759	1.42899	0.301929	-0.380907
6.285	1.1685	5.35254	1.42748	0.303275	-0.382032
6.29	1.16778	5.35749	1.42596	0.304624	-0.383152
6.295	1.16705	5.36243	1.42444	0.305976	-0.384268
6.3	1.16631	5.36738	1.42291	0.307332	-0.38538
6.305	1.16557	5.37232	1.42137	0.308691	-0.386487
6.31	1.16482	5.37727	1.41983	0.310054	-0.387589
6.315	1.16406	5.38221	1.41828	0.311419	-0.388687
6.32	1.16329	5.38715	1.41672	0.312788	-0.38978
6.325	1.16252	5.39209	1.41516	0.31416	-0.390869
6.33	1.16173	5.39703	1.41359	0.315536	-0.391952
6.335	1.16094	5.40196	1.41201	0.316915	-0.393031
6.34	1.16014	5.4069	1.41042	0.318297	-0.394106
6.345	1.15934	5.41183	1.40883	0.319682	-0.395175
6.35	1.15852	5.41677	1.40723	0.321071	-0.39624
6.355	1.1577	5.4217	1.40563	0.322463	-0.397299
6.36	1.15687	5.42663	1.40402	0.323858	-0.398354
6.365	1.15603	5.43156	1.4024	0.325256	-0.399404
6.37	1.15519	5.43649	1.40077	0.326658	-0.400448
6.375	1.15433	5.44141	1.39914	0.328063	-0.401488
6.38	1.15347	5.44634	1.3975	0.329471	-0.402523
6.385	1.1526	5.45126	1.39585	0.330882	-0.403552
6.39	1.15172	5.45618	1.39419	0.332297	-0.404577
6.395	1.15084	5.46111	1.39253	0.333715	-0.405596
6.4	1.14994	5.46602	1.39086	0.335136	-0.40661
6.405	1.14904	5.47094	1.38919	0.33656	-0.407619
6.41	1.14813	5.47586	1.38751	0.337988	-0.408622
6.415	1.14721	5.48077	1.38582	0.339419	-0.40962
6.42	1.14628	5.48569	1.38412	0.340853	-0.410613
6.425	1.14534	5.4906	1.38241	0.34229	-0.4116
6.43	1.1444	5.49551	1.3807	0.343731	-0.412582
6.435	1.14344	5.50042	1.37898	0.345174	-0.413559
6.44	1.14248	5.50532	1.37726	0.346621	-0.41453
6.445	1.14151	5.51023	1.37553	0.348071	-0.415495
6.45	1.14053	5.51513	1.37379	0.349525	-0.416455
6.455	1.13955	5.52003	1.37204	0.350981	-0.417409
6.46	1.13855	5.52493	1.37028	0.352441	-0.418358
6.465	1.13755	5.52983	1.36852	0.353904	-0.419301
6.47	1.13653	5.53473	1.36675	0.35537	-0.420238
6.475	1.13551	5.53962	1.36497	0.356839	-0.42117
6.48	1.13448	5.54451	1.36319	0.358312	-0.422095
6.485	1.13344	5.5494	1.3614	0.359788	-0.423015
6.49	1.13239	5.55429	1.3596	0.361267	-0.423929
6.495	1.13134	5.55918	1.35779	0.362749	-0.424837
6.5	1.13027	5.56407	1.35598	0.364234	-0.425739
6.505	1.1292	5.56895	1.35416	0.365723	-0.426635
6.51	1.12811	5.57383	1.35233	0.367214	-0.427525
6.515	1.12702	5.57871	1.35049	0.368709	-0.428409
6.52	1.12592	5.58359	1.34865	0.370207	-0.429287
6.525	1.12481	5.58846	1.3468	0.371709	-0.430158
6.53	1.12369	5.59333	1.34494	0.373213	-0.431024
6.535	1.12256	5.59821	1.34307	0.374721	-0.431883
6.54	1.12142	5.60307	1.3412	0.376232	-0.432736
6.545	1.12027	5.60794	1.33932	0.377746	-0.433583
6.55	1.11912	5.61281	1.33743	0.379263	-0.434423
6.555	1.11795	5.61767	1.33553	0.380783	-0.435257
6.56	1.11678	5.62253	1.33363	0.382307	-0.436085
6.565	1.11559	5.62739	1.33172	0.383833	-0.436906
6.57	1.1144	5.63224	1.3298	0.385363	-0.43772
6.575	1.1132	5.63709	1.32787	0.386896	-0.438528
6.58	1.11198	5.64195	1.32594	0.388433	-0.43933
6.585	1.11076	5.64679	1.324	0.389972	-0.440125
6.59	1.10953	5.65164	1.32205	0.391515	-0.440913
6.595	1.10829	5.65648	1.32009	0.39306	-0.441694
6.6	1.10704	5.66132	1.31812	0.394609	-0.442469
6.605	1.10578	5.66616	1.31615	0.396161	-0.443237
6.61	1.10451	5.671	1.31417	0.397717	-0.443998
6.615	1.10323	5.67583	1.31218	0.399275	-0.444752
6.62	1.10195	5.68066	1.31018	0.400837	-0.4455
6.625	1.10065	5.68549	1.30818	0.402402	-0.44624
6.63	1.09934	5.69032	1.30617	0.40397	-0.446973
6.635	1.09802	5.69514	1.30415	0.405541	-0.4477
6.64	1.0967	5.69996	1.30212	0.407115	-0.448419
6.645	1.09536	5.70478	1.30009	0.408693	-0.449131
6.65	1.09401	5.7096	1.29804	0.410274	-0.449836
6.655	1.09265	5.71441	1.29599	0.411857	-0.450534
6.66	1.09129	5.71922	1.29393	0.413444	-0.451224
6.665	1.08991	5.72402	1.29186	0.415035	-0.451908
6.67	1.08852	5.72883	1.28979	0.416628	-0.452583
6.675	1.08713	5.73363	1.28771	0.418225	-0.453252
6.68	1.08572	5.73843	1.28561	0.419825	-0.453913
6.685	1.0843	5.74322	1.28352	0.421428	-0.454567
6.69	1.08288	5.74801	1.28141	0.423034	-0.455213
6.695	1.08144	5.7528	1.27929	0.424643	-0.455852
6.7	1.07999	5.75759	1.27717	0.426256	-0.456483
6.705	1.07854	5.76237	1.27504	0.427872	-0.457106
6.71	1.07707	5.76715	1.2729	0.429491	-0.457722
6.715	1.07559	5.77193	1.27075	0.431113	-0.45833
6.72	1.0741	5.7767	1.2686	0.432738	-0.45893
6.725	1.0726	5.78147	1.26643	0.434367	-0.459523
6.73	1.0711	5.78624	1.26426	0.435999	-0.460107
6.735	1.06958	5.791	1.26208	0.437634	-0.460684
6.74	1.06805	5.79576	1.25989	0.439272	-0.461253
6.745	1.06651	5.80052	1.2577	0.440914	-0.461813
6.75	1.06496	5.80527	1.25549	0.442558	-0.462366
6.755	1.0634	5.81002	1.25328	0.444206	-0.462911
6.76	1.06182	5.81477	1.25106	0.445858	-0.463448
6.765	1.06024	5.81951	1.24883	0.447512	-0.463976
6.77	1.05865	5.82425	1.24659	0.44917	-0.464496
6.775	1.05705	5.82899	1.24435	0.450831	-0.465008
6.78	1.05543	5.83372	1.24209	0.452495	-0.465512
6.785	1.05381	5.83845	1.23983	0.454162	-0.466007
6.79	1.05217	5.84318	1.23756	0.455833	-0.466495
6.795	1.05052	5.8479	1.23528	0.457507	-0.466973
6.8	1.04887	5.85261	1.23299	0.459184	-0.467443
6.805	1.0472	5.85733	1.2307	0.460864	-0.467905
6.81	1.04552	5.86204	1.22839	0.462548	-0.468358
6.815	1.04383	5.86674	1.22608	0.464235	-0.468802
6.82	1.04213	5.87144	1.22376	0.465925	-0.469238
6.825	1.04042	5.87614	1.22143	0.467619	-0.469665
6.83	1.0387	5.88084	1.21909	0.469316	-0.470084
6.835	1.03696	5.88553	1.21674	0.471016	-0.470493
6.84	1.03522	5.89021	1.21439	0.472719	-0.470894
6.845	1.03346	5.89489	1.21202	0.474426	-0.471286
6.85	1.0317	5.89957	1.20965	0.476136	-0.471669
6.855	1.02992	5.90424	1.20727	0.47785	-0.472043
6.86	1.02813	5.90891	1.20488	0.479567	-0.472408
6.865	1.02633	5.91358	1.20248	0.481287	-0.472764
6.87	1.02452	5.91824	1.20008	0.48301	-0.473111
6.875	1.02269	5.92289	1.19766	0.484737	-0.473449
6.88	1.02086	5.92755	1.19524	0.486467	-0.473777
6.885	1.01902	5.93219	1.19281	0.488201	-0.474097
6.89	1.01716	5.93684	1.19037	0.489938	-0.474407
6.895	1.01529	5.94147	1.18792	0.491678	-0.474707
6.9	1.01341	5.94611	1.18546	0.493422	-0.474999
6.905	1.01152	5.95074	1.18299	0.495169	-0.475281
6.91	1.00962	5.95536	1.18051	0.496919	-0.475553
6.915	1.0077	5.95998	1.17803	0.498673	-0.475816
6.92	1.00578	5.96459	1.17554	0.500431	-0.476069
6.925	1.00384	5.9692	1.17303	0.502191	-0.476313
6.93	1.00189	5.97381	1.17052	0.503956	-0.476547
6.935	0.999935	5.97841	1.168	0.505723	-0.476771
6.94	0.997963	5.983	1.16547	0.507494	-0.476986
6.945	0.99598	5.98759	1.16294	0.509269	-0.477191
6.95	0.993985	5.99218	1.16039	0.511047	-0.477386
6.955	0.991978	5.99676	1.15784	0.512829	-0.477571
6.96	0.98996	6.00133	1.15527	0.514614	-0.477746
6.965	0.98793	6.0059	1.1527	0.516403	-0.477911
6.97	0.985888	6.01046	1.15012	0.518195	-0.478066
6.975	0.983834	6.01502	1.14753	0.51999	-0.478211
6.98	0.981769	6.01958	1.14493	0.52179	-0.478346
6.985	0.979691	6.02413	1.14232	0.523592	-0.478471
6.99	0.977602	6.02867	1.1397	0.525399	-0.478586
6.995	0.975501	6.0332	1.13707	0.527209	-0.47869
7	0.973387	6.03774	1.13444	0.529022	-0.478784
7.005	0.971262	6.04226	1.13179	0.53084	-0.478867
7.01	0.969125	6.04678	1.12914	0.53266	-0.478941
7.015	0.966976	6.0513	1.12647	0.534485	-0.479003
7.02	0.964814	6.05581	1.1238	0.536313	-0.479056
7.025	0.962641	6.06031	1.12112	0.538145	-0.479097
7.03	0.960456	6.06481	1.11843	0.53998	-0.479129
7.035	0.958258	6.0693	1.11573	0.541819	-0.479149
7.04	0.956048	6.07378	1.11302	0.543662	-0.479159
7.045	0.953826	6.07826	1.1103	0.545509	-0.479158
7.05	0.951592	6.08273	1.10757	0.547359	-0.479146
7.055	0.949346	6.0872	1.10484	0.549213	-0.479124
7.06	0.947087	6.09166	1.10209	0.551071	-0.47909
7.065	0.944816	6.09612	1.09934	0.552932	-0.479046
7.07	0.942533	6.10056	1.09657	0.554798	-0.478991
7.075	0.940237	6.10501	1.0938	0.556667	-0.478924
7.08	0.937929	6.10944	1.09101	0.55854	-0.478847
7.085	0.935609	6.11387	1.08822	0.560417	-0.478759
7.09	0.933276	6.11829	1.08542	0.562298	-0.478659
7.095	0.930931	6.12271	1.08261	0.564182	-0.478548
7.1	0.928574	6.12712	1.07979	0.566071	-0.478426
7.105	0.926203	6.13152	1.07696	0.567963	-0.478293
7.11	0.923821	6.13592	1.07412	0.56986	-0.478148
7.115	0.921426	6.14031	1.07127	0.57176	-0.477992
7.12	0.919018	6.14469	1.06841	0.573664	-0.477825
7.125	0.916598	6.14906	1.06554	0.575573	-0.477646
7.13	0.914165	6.15343	1.06266	0.577485	-0.477455
7.135	0.91172	6.15779	1.05977	0.579402	-0.477253
7.14	0.909262	6.16215	1.05688	0.581322	-0.477039
7.145	0.906791	6.16649	1.05397	0.583247	-0.476814
7.15	0.904308	6.17083	1.05105	0.585176	-0.476577
7.155	0.901812	6.17517	1.04813	0.587108	-0.476328
7.16	0.899304	6.17949	1.04519	0.589045	-0.476068
7.165	0.896782	6.18381	1.04225	0.590987	-0.475795
7.17	0.894248	6.18812	1.03929	0.592932	-0.475511
7.175	0.891701	6.19242	1.03633	0.594882	-0.475214
7.18	0.889141	6.19672	1.03335	0.596836	-0.474906
7.185	0.886569	6.201	1.03037	0.598794	-0.474586
7.19	0.883983	6.20528	1.02738	0.600756	-0.474253
7.195	0.881385	6.20956	1.02437	0.602723	-0.473909
7.2	0.878774	6.21382	1.02136	0.604694	-0.473552
7.205	0.87615	6.21808	1.01833	0.60667	-0.473183
7.21	0.873514	6.22232	1.0153	0.60865	-0.472802
7.215	0.870864	6.22656	1.01226	0.610634	-0.472409
7.22	0.868201	6.2308	1.00921	0.612623	-0.472003
7.225	0.865526	6.23502	1.00614	0.614616	-0.471585
7.23	0.862837	6.23924	1.00307	0.616614	-0.471154
7.235	0.860135	6.24344	0.999986	0.618617	-0.470711
7.24	0.857421	6.24764	0.996893	0.620624	-0.470256
7.245	0.854693	6.25183	0.99379	0.622635	-0.469787
7.25	0.851953	6.25602	0.990676	0.624652	-0.469307
7.255	0.849199	6.26019	0.987553	0.626673	-0.468813
7.26	0.846432	6.26435	0.98442	0.628699	-0.468307
7.265	0.843652	6.26851	0.981276	0.630729	-0.467788
7.27	0.840859	6.27266	0.978123	0.632765	-0.467257
7.275	0.838053	6.27679	0.974959	0.634805	-0.466712
7.28	0.835234	6.28092	0.971785	0.63685	-0.466155
7.285	0.832402	6.28504	0.968601	0.6389	-0.465584
7.29	0.829557	6.28916	0.965406	0.640955	-0.465001
7.295	0.826698	6.29326	0.962201	0.643014	-0.464405
7.3	0.823826	6.29735	0.958986	0.645079	-0.463796
7.305	0.820941	6.30144	0.955761	0.647149	-0.463173
7.31	0.818043	6.30551	0.952525	0.649224	-0.462538
7.315	0.815132	6.30957	0.949279	0.651304	-0.461889
7.32	0.812207	6.31363	0.946022	0.65339	-0.461227
7.325	0.80927	6.31768	0.942756	0.65548	-0.460552
7.33	0.806318	6.32171	0.939478	0.657576	-0.459863
7.335	0.803354	6.32574	0.93619	0.659677	-0.459162
7.34	0.800377	6.32976	0.932892	0.661784	-0.458446
7.345	0.797386	6.33376	0.929583	0.663896	-0.457718
7.35	0.794382	6.33776	0.926263	0.666013	-0.456976
7.355	0.791364	6.34175	0.922933	0.668136	-0.45622
7.36	0.788333	6.34572	0.919593	0.670264	-0.455451
7.365	0.785289	6.34969	0.916241	0.672398	-0.454668
7.37	0.782232	6.35365	0.912879	0.674538	-0.453872
7.375	0.779161	6.35759	0.909507	0.676683	-0.453062
7.38	0.776077	6.36153	0.906123	0.678835	-0.452238
7.385	0.77298	6.36545	0.902729	0.680992	-0.451401
7.39	0.769869	6.36937	0.899324	0.683154	-0.450549
7.395	0.766745	6.37327	0.895908	0.685323	-0.449684
7.4	0.763608	6.37716	0.892482	0.687498	-0.448805
7.405	0.760457	6.38105	0.889044	0.689679	-0.447913
7.41	0.757293	6.38492	0.885596	0.691865	-0.447006
7.415	0.754115	6.38878	0.882137	0.694058	-0.446085
7.42	0.750925	6.39263	0.878666	0.696258	-0.44515
7.425	0.74772	6.39647	0.875185	0.698463	-0.444201
7.43	0.744503	6.40029	0.871693	0.700675	-0.443238
7.435	0.741272	6.40411	0.868189	0.702893	-0.442261
7.44	0.738027	6.40791	0.864675	0.705118	-0.44127
7.445	0.734769	6.41171	0.861149	0.70735	-0.440265
7.45	0.731498	6.41549	0.857612	0.709588	-0.439245
7.455	0.728214	6.41926	0.854065	0.711832	-0.438211
7.46	0.724915	6.42302	0.850505	0.714084	-0.437163
7.465	0.721604	6.42676	0.846935	0.716342	-0.4361
7.47	0.718279	6.4305	0.843353	0.718607	-0.435023
7.475	0.714941	6.43422	0.83976	0.720879	-0.433932
7.48	0.711589	6.43793	0.836156	0.723159	-0.432826
7.485	0.708224	6.44163	0.83254	0.725445	-0.431705
7.49	0.704846	6.44531	0.828913	0.727739	-0.43057
7.495	0.701454	6.44899	0.825274	0.73004	-0.429421
7.5	0.698049	6.45265	0.821624	0.732348	-0.428257
7.505	0.694631	6.4563	0.817962	0.734664	-0.427078
7.51	0.691199	6.45993	0.814289	0.736988	-0.425885
7.515	0.687753	6.46356	0.810604	0.739319	-0.424676
7.52	0.684295	6.46717	0.806907	0.741658	-0.423454
7.525	0.680823	6.47077	0.803199	0.744005	-0.422216
7.53	0.677337	6.47435	0.799479	0.74636	-0.420964
7.535	0.673838	6.47792	0.795747	0.748723	-0.419696
7.54	0.670326	6.48148	0.792004	0.751094	-0.418414
7.545	0.666801	6.48503	0.788248	0.753473	-0.417117
7.55	0.663262	6.48856	0.784481	0.755861	-0.415805
7.555	0.65971	6.49208	0.780701	0.758257	-0.414478
7.56	0.656145	6.49558	0.77691	0.760662	-0.413136
7.565	0.652566	6.49908	0.773107	0.763076	-0.411779
7.57	0.648974	6.50255	0.769291	0.765498	-0.410407
7.575	0.645369	6.50602	0.765464	0.76793	-0.40902
7.58	0.64175	6.50947	0.761624	0.770371	-0.407618
7.585	0.638118	6.5129	0.757772	0.77282	-0.406201
7.59	0.634473	6.51633	0.753908	0.775279	-0.404768
7.595	0.630815	6.51974	0.750032	0.777748	-0.403321
7.6	0.627143	6.52313	0.746143	0.780226	-0.401858
7.605	0.623458	6.52651	0.742242	0.782714	-0.400379
7.61	0.61976	6.52987	0.738329	0.785212	-0.398886
7.615	0.616049	6.53323	0.734402	0.78772	-0.397377
7.62	0.612325	6.53656	0.730464	0.790238	-0.395853
7.625	0.608587	6.53988	0.726513	0.792767	-0.394313
7.63	0.604837	6.54319	0.722549	0.795306	-0.392758
7.635	0.601073	6.54648	0.718572	0.797856	-0.391188
7.64	0.597296	6.54976	0.714583	0.800416	-0.389602
7.645	0.593506	6.55302	0.710581	0.802988	-0.388
7.65	0.589703	6.55626	0.706566	0.80557	-0.386384
7.655	0.585887	6.5595	0.702538	0.808164	-0.384751
7.66	0.582058	6.56271	0.698497	0.81077	-0.383103
7.665	0.578216	6.56591	0.694443	0.813387	-0.381439
7.67	0.574361	6.56909	0.690377	0.816016	-0.37976
7.675	0.570493	6.57226	0.686296	0.818657	-0.378065
7.68	0.566612	6.57542	0.682203	0.821311	-0.376354
7.685	0.562718	6.57855	0.678097	0.823977	-0.374628
7.69	0.558812	6.58167	0.673977	0.826656	-0.372886
7.695	0.554892	6.58478	0.669843	0.829348	-0.371128
7.7	0.55096	6.58787	0.665697	0.832052	-0.369355
7.705	0.547014	6.59094	0.661536	0.834771	-0.367565
7.71	0.543056	6.59399	0.657363	0.837503	-0.36576
7.715	0.539086	6.59703	0.653175	0.840248	-0.363939
7.72	0.535102	6.60005	0.648974	0.843008	-0.362102
7.725	0.531106	6.60306	0.644759	0.845782	-0.360249
7.73	0.527097	6.60605	0.64053	0.848571	-0.35838
7.735	0.523075	6.60902	0.636287	0.851375	-0.356495
7.74	0.519041	6.61197	0.63203	0.854194	-0.354594
7.745	0.514995	6.61491	0.627759	0.857028	-0.352678
7.75	0.510935	6.61783	0.623474	0.859879	-0.350745
7.755	0.506864	6.62073	0.619175	0.862745	-0.348796
7.76	0.502779	6.62361	0.614861	0.865628	-0.346831
7.765	0.498683	6.62648	0.610533	0.868527	-0.34485
7.77	0.494573	6.62933	0.60619	0.871443	-0.342852
7.775	0.490452	6.63216	0.601833	0.874377	-0.340839
7.78	0.486318	6.63497	0.597461	0.877328	-0.338809
7.785	0.482172	6.63777	0.593074	0.880298	-0.336763
7.79	0.478014	6.64054	0.588673	0.883286	-0.334701
7.795	0.473843	6.6433	0.584257	0.886293	-0.332623
7.8	0.46966	6.64604	0.579825	0.889319	-0.330528
7.805	0.465465	6.64876	0.575378	0.892365	-0.328417
7.81	0.461258	6.65146	0.570917	0.89543	-0.32629
7.815	0.457039	6.65415	0.566439	0.898517	-0.324146
7.82	0.452808	6.65681	0.561947	0.901624	-0.321986
7.825	0.448565	6.65945	0.557439	0.904753	-0.31981
7.83	0.44431	6.66208	0.552915	0.907904	-0.317617
7.835	0.440043	6.66469	0.548375	0.911077	-0.315408
7.84	0.435764	6.66727	0.54382	0.914273	-0.313182
7.845	0.431474	6.66984	0.539249	0.917492	-0.310939
7.85	0.427172	6.67239	0.534661	0.920736	-0.30868
7.855	0.422858	6.67492	0.530058	0.924004	-0.306404
7.86	0.418532	6.67742	0.525438	0.927297	-0.304112
7.865	0.414195	6.67991	0.520801	0.930616	-0.301803
7.87	0.409847	6.68238	0.516148	0.933961	-0.299477
7.875	0.405486	6.68483	0.511478	0.937334	-0.297135
7.88	0.401115	6.68725	0.506792	0.940734	-0.294776
7.885	0.396732	6.68966	0.502088	0.944163	-0.2924
7.89	0.392338	6.69205	0.497367	0.947621	-0.290007
7.895	0.387932	6.69441	0.492629	0.951109	-0.287598
7.9	0.383516	6.69676	0.487873	0.954628	-0.285171
7.905	0.379088	6.69908	0.4831	0.958178	-0.282728
7.91	0.374649	6.70138	0.478309	0.961761	-0.280267
7.915	0.370199	6.70366	0.473501	0.965378	-0.27779
7.92	0.365738	6.70592	0.468674	0.969028	-0.275296
7.925	0.361267	6.70815	0.463829	0.972714	-0.272784
7.93	0.356784	6.71037	0.458965	0.976436	-0.270255
7.935	0.352291	6.71256	0.454083	0.980196	-0.267709
7.94	0.347787	6.71473	0.449182	0.983994	-0.265146
7.945	0.343272	6.71688	0.444262	0.987831	-0.262566
7.95	0.338747	6.71901	0.439323	0.991709	-0.259968
7.955	0.334211	6.72111	0.434364	0.99563	-0.257353
7.96	0.329665	6.7232	0.429386	0.999594	-0.254721
7.965	0.325109	6.72525	0.424388	1.0036	-0.252071
7.97	0.320542	6.72729	0.41937	1.00766	-0.249403
7.975	0.315965	6.7293	0.414332	1.01176	-0.246718
7.98	0.311378	6.73129	0.409273	1.01591	-0.244015
7.985	0.306781	6.73326	0.404193	1.02011	-0.241294
7.99	0.302174	6.7352	0.399093	1.02437	-0.238556
7.995	0.297557	6.73712	0.393971	1.02868	-0.2358
8	0.29293	6.73902	0.388828	1.03305	-0.233026
8.005	0.288294	6.74089	0.383662	1.03747	-0.230234
8.01	0.283647	6.74274	0.378475	1.04196	-0.227423
8.015	0.278992	6.74456	0.373265	1.0465	-0.224595
8.02	0.274326	6.74636	0.368033	1.05112	-0.221748
8.025	0.269652	6.74813	0.362777	1.0558	-0.218883
8.03	0.264968	6.74988	0.357498	1.06055	-0.216
8.035	0.260275	6.75161	0.352195	1.06538	-0.213098
8.04	0.255573	6.75331	0.346868	1.07028	-0.210177
8.045	0.250861	6.75498	0.341517	1.07526	-0.207238
8.05	0.246141	6.75663	0.336141	1.08032	-0.20428
8.055	0.241412	6.75825	0.330739	1.08547	-0.201303
8.06	0.236675	6.75985	0.325312	1.09072	-0.198306
8.065	0.231928	6.76142	0.319858	1.09605	-0.195291
8.07	0.227173	6.76297	0.314378	1.10149	-0.192257
8.075	0.22241	6.76449	0.308871	1.10702	-0.189203
8.08	0.217638	6.76598	0.303335	1.11267	-0.186129
8.085	0.212858	6.76745	0.297772	1.11843	-0.183036
8.09	0.20807	6.76889	0.29218	1.12431	-0.179923
8.095	0.203274	6.7703	0.286558	1.13032	-0.17679
8.1	0.19847	6.77169	0.280907	1.13646	-0.173637
8.105	0.193658	6.77305	0.275224	1.14274	-0.170463
8.11	0.188839	6.77438	0.269511	1.14917	-0.167269
8.115	0.184011	6.77568	0.263765	1.15575	-0.164055
8.12	0.179177	6.77696	0.257986	1.1625	-0.16082
8.125	0.174335	6.77821	0.252174	1.16943	-0.157564
8.13	0.169486	6.77943	0.246327	1.17654	-0.154287
8.135	0.16463	6.78062	0.240444	1.18386	-0.150988
8.14	0.159767	6.78178	0.234525	1.19139	-0.147669
8.145	0.154897	6.78291	0.228568	1.19915	-0.144327
8.15	0.15002	6.78402	0.222572	1.20715	-0.140965
8.155	0.145137	6.78509	0.216536	1.21542	-0.13758
8.16	0.140247	6.78613	0.210459	1.22398	-0.134174
8.165	0.135351	6.78715	0.204339	1.23284	-0.130745
8.17	0.130449	6.78813	0.198175	1.24205	-0.127295
8.175	0.125541	6.78909	0.191965	1.25161	-0.123823
8.18	0.120627	6.79001	0.185707	1.26158	-0.120328
8.185	0.115707	6.7909	0.179399	1.27199	-0.116813
8.19	0.110782	6.79176	0.173039	1.28289	-0.113276
8.195	0.105851	6.79259	0.166624	1.29432	-0.109718
8.2	0.100915	6.79339	0.160153	1.30636	-0.106139
8.205	0.0959739	6.79416	0.153621	1.31908	-0.102542
8.21	0.0910279	6.79489	0.147025	1.33258	-0.0989264
8.215	0.086077	6.79559	0.140363	1.34695	-0.0952948
8.22	0.0811216	6.79625	0.133628	1.36233	-0.0916494
8.225	0.0761618	6.79689	0.126816	1.3789	-0.0879937
8.23	0.0711977	6.79748	0.119922	1.39687	-0.0843324
8.235	0.0662295	6.79805	0.112937	1.41652	-0.0806719
8.24	0.0612575	6.79858	0.105855	1.43821	-0.0770215
8.245	0.0562818	6.79907	0.0986637	1.46244	-0.0733942
8.25	0.0513027	6.79952	0.0913514	1.48992	-0.0698089
8.255	0.0463203	6.79994	0.0839019	1.52165	-0.0662941
8.26	0.0413348	6.80032	0.0762936	1.55918	-0.062893
8.265	0.0363465	6.80067	0.0684977	1.60494	-0.0596752
8.27	0.0313557	6.80097	0.060473	1.66308	-0.0567571
8.275	0.0263625	6.80123	0.0521576	1.74122	-0.0543472
8.28	0.0213672	6.80145	0.0434515	1.85496	-0.0528549
8.285	0.0163701	6.80162	0.0341767	2.04124	-0.0531975
8.29	0.0113716	6.80174	0.0239705	2.40825	-0.0579219
8.295	0.00637192	6.8018	0.0119292	3.40713	-0.0777782
8.3	0.00137198	6.80177	-0.00510639	8.94445	-0.258692
