descriptor s_test R_test Z_test
0	1.68415	9.99999e-006	0.002	-0.401973	-0.00161635
0.005	1.67915	3.00493e-005	0.00400987	-0.40395	-0.00324905
0.01	1.67415	6.01972e-005	0.00602962	-0.405929	-0.00489813
0.015	1.66915	0.000100493	0.00805926	-0.40791	-0.0065636
0.02	1.66415	0.000150986	0.0100988	-0.409895	-0.00824548
0.025	1.65915	0.000211726	0.0121483	-0.411883	-0.00994377
0.03	1.65415	0.000282762	0.0142077	-0.413874	-0.0116585
0.035	1.64915	0.000364144	0.0162771	-0.415868	-0.0133897
0.04	1.64415	0.000455921	0.0183564	-0.417865	-0.0151373
0.045	1.63915	0.000558142	0.0204457	-0.419866	-0.0169014
0.05	1.63416	0.000670858	0.0225451	-0.42187	-0.018682
0.055	1.62916	0.000794118	0.0246544	-0.423877	-0.020479
0.06	1.62416	0.000927971	0.0267738	-0.425888	-0.0222926
0.065	1.61916	0.00107247	0.0289032	-0.427903	-0.0241227
0.07	1.61416	0.00122766	0.0310428	-0.429922	-0.0259694
0.075	1.60917	0.00139359	0.0331924	-0.431944	-0.0278326
0.08	1.60417	0.00157031	0.0353521	-0.43397	-0.0297123
0.085	1.59917	0.00175788	0.0375219	-0.436	-0.0316086
0.09	1.59418	0.00195633	0.0397019	-0.438035	-0.0335215
0.095	1.58918	0.00216573	0.0418921	-0.440073	-0.035451
0.1	1.58419	0.00238612	0.0440925	-0.442116	-0.0373971
0.105	1.57919	0.00261756	0.0463031	-0.444162	-0.0393598
0.11	1.5742	0.00286008	0.0485239	-0.446214	-0.0413392
0.115	1.5692	0.00311375	0.0507549	-0.44827	-0.0433351
0.12	1.56421	0.0033786	0.0529963	-0.45033	-0.0453477
0.125	1.55922	0.0036547	0.0552479	-0.452395	-0.047377
0.13	1.55423	0.00394209	0.0575099	-0.454465	-0.0494229
0.135	1.54924	0.00424083	0.0597822	-0.45654	-0.0514855
0.14	1.54424	0.00455095	0.0620649	-0.45862	-0.0535648
0.145	1.53926	0.00487252	0.064358	-0.460705	-0.0556608
0.15	1.53427	0.00520558	0.0666616	-0.462795	-0.0577735
0.155	1.52928	0.00555019	0.0689755	-0.46489	-0.0599029
0.16	1.52429	0.00590638	0.0713	-0.466991	-0.062049
0.165	1.5193	0.00627423	0.0736349	-0.469097	-0.0642119
0.17	1.51432	0.00665376	0.0759804	-0.471208	-0.0663915
0.175	1.50933	0.00704504	0.0783365	-0.473326	-0.0685878
0.18	1.50435	0.00744812	0.0807031	-0.475449	-0.0708009
0.185	1.49937	0.00786305	0.0830803	-0.477578	-0.0730307
0.19	1.49439	0.00828987	0.0854682	-0.479713	-0.0752773
0.195	1.48941	0.00872864	0.0878668	-0.481854	-0.0775407
0.2	1.48443	0.0091794	0.090276	-0.484001	-0.0798209
0.205	1.47945	0.00964222	0.0926961	-0.486154	-0.0821179
0.21	1.47447	0.0101171	0.0951268	-0.488314	-0.0844316
0.215	1.46949	0.0106042	0.0975684	-0.490481	-0.0867622
0.22	1.46452	0.0111035	0.100021	-0.492654	-0.0891095
0.225	1.45954	0.011615	0.102484	-0.494834	-0.0914737
0.23	1.45457	0.0121388	0.104958	-0.49702	-0.0938547
0.235	1.4496	0.012675	0.107443	-0.499214	-0.0962526
0.24	1.44463	0.0132236	0.109939	-0.501415	-0.0986672
0.245	1.43966	0.0137847	0.112446	-0.503623	-0.101099
0.25	1.4347	0.0143582	0.114965	-0.505838	-0.103547
0.255	1.42973	0.0149443	0.117494	-0.508061	-0.106012
0.26	1.42477	0.0155431	0.120034	-0.510291	-0.108494
0.265	1.4198	0.0161545	0.122586	-0.512529	-0.110993
0.27	1.41484	0.0167786	0.125148	-0.514775	-0.113509
0.275	1.40988	0.0174154	0.127722	-0.517029	-0.116042
0.28	1.40493	0.0180651	0.130307	-0.519291	-0.118591
0.285	1.39997	0.0187277	0.132904	-0.521561	-0.121158
0.29	1.39502	0.0194032	0.135511	-0.523839	-0.123741
0.295	1.39006	0.0200916	0.138131	-0.526126	-0.126341
0.3	1.38511	0.0207931	0.140761	-0.528422	-0.128958
0.305	1.38016	0.0215077	0.143403	-0.530726	-0.131592
0.31	1.37522	0.0222354	0.146057	-0.53304	-0.134243
0.315	1.37027	0.0229762	0.148722	-0.535362	-0.13691
0.32	1.36533	0.0237304	0.151399	-0.537693	-0.139595
0.325	1.36039	0.0244977	0.154088	-0.540034	-0.142296
0.33	1.35545	0.0252785	0.156788	-0.542384	-0.145015
0.335	1.35051	0.0260726	0.1595	-0.544744	-0.14775
0.34	1.34558	0.0268802	0.162223	-0.547113	-0.150502
0.345	1.34065	0.0277012	0.164959	-0.549493	-0.153271
0.35	1.33572	0.0285358	0.167706	-0.551882	-0.156057
0.355	1.33079	0.029384	0.170466	-0.554282	-0.15886
0.36	1.32586	0.0302459	0.173237	-0.556692	-0.161679
0.365	1.32094	0.0311215	0.176021	-0.559112	-0.164516
0.37	1.31602	0.0320108	0.178816	-0.561543	-0.167369
0.375	1.3111	0.0329139	0.181624	-0.563985	-0.17024
0.38	1.30619	0.0338309	0.184444	-0.566438	-0.173127
0.385	1.30128	0.0347618	0.187276	-0.568902	-0.176031
0.39	1.29637	0.0357067	0.190121	-0.571377	-0.178952
0.395	1.29146	0.0366656	0.192977	-0.573864	-0.18189
0.4	1.28655	0.0376386	0.195847	-0.576362	-0.184845
0.405	1.28165	0.0386257	0.198729	-0.578872	-0.187816
0.41	1.27675	0.039627	0.201623	-0.581395	-0.190805
0.415	1.27186	0.0406426	0.20453	-0.583929	-0.19381
0.42	1.26697	0.0416724	0.20745	-0.586475	-0.196832
0.425	1.26208	0.0427166	0.210382	-0.589034	-0.199871
0.43	1.25719	0.0437751	0.213327	-0.591606	-0.202927
0.435	1.25231	0.0448481	0.216285	-0.594191	-0.206
0.44	1.24743	0.0459356	0.219256	-0.596788	-0.209089
0.445	1.24255	0.0470377	0.22224	-0.599399	-0.212195
0.45	1.23768	0.0481544	0.225237	-0.602023	-0.215319
0.455	1.2328	0.0492858	0.228247	-0.604661	-0.218459
0.46	1.22794	0.0504318	0.23127	-0.607312	-0.221615
0.465	1.22307	0.0515927	0.234307	-0.609978	-0.224789
0.47	1.21821	0.0527684	0.237357	-0.612657	-0.227979
0.475	1.21336	0.0539589	0.24042	-0.615351	-0.231186
0.48	1.20851	0.0551644	0.243497	-0.61806	-0.23441
0.485	1.20366	0.0563849	0.246587	-0.620783	-0.23765
0.49	1.19881	0.0576204	0.249691	-0.623521	-0.240907
0.495	1.19397	0.058871	0.252809	-0.626274	-0.244181
0.5	1.18913	0.0601368	0.25594	-0.629043	-0.247472
0.505	1.1843	0.0614178	0.259085	-0.631827	-0.250779
0.51	1.17947	0.062714	0.262244	-0.634627	-0.254103
0.515	1.17465	0.0640256	0.265418	-0.637443	-0.257444
0.52	1.16983	0.0653525	0.268605	-0.640275	-0.260801
0.525	1.16501	0.0666949	0.271806	-0.643123	-0.264175
0.53	1.1602	0.0680527	0.275022	-0.645988	-0.267565
0.535	1.15539	0.0694261	0.278252	-0.64887	-0.270972
0.54	1.15059	0.0708151	0.281496	-0.651769	-0.274395
0.545	1.14579	0.0722197	0.284755	-0.654685	-0.277835
0.55	1.14099	0.07364	0.288028	-0.657619	-0.281292
0.555	1.1362	0.075076	0.291316	-0.660571	-0.284764
0.56	1.13142	0.0765279	0.294619	-0.66354	-0.288254
0.565	1.12664	0.0779957	0.297937	-0.666528	-0.291759
0.57	1.12187	0.0794793	0.30127	-0.669534	-0.295282
0.575	1.1171	0.080979	0.304617	-0.672558	-0.29882
0.58	1.11233	0.0824946	0.30798	-0.675602	-0.302375
0.585	1.10757	0.0840264	0.311358	-0.678665	-0.305946
0.59	1.10282	0.0855743	0.314751	-0.681747	-0.309533
0.595	1.09807	0.0871384	0.31816	-0.684848	-0.313137
0.6	1.09332	0.0887187	0.321584	-0.68797	-0.316757
0.605	1.08859	0.0903154	0.325024	-0.691112	-0.320392
0.61	1.08385	0.0919284	0.32848	-0.694274	-0.324044
0.615	1.07913	0.0935579	0.331951	-0.697456	-0.327712
0.62	1.07441	0.0952038	0.335438	-0.70066	-0.331396
0.625	1.06969	0.0968662	0.338942	-0.703884	-0.335097
0.63	1.06498	0.0985453	0.342461	-0.70713	-0.338813
0.635	1.06028	0.100241	0.345997	-0.710398	-0.342544
0.64	1.05558	0.101953	0.349549	-0.713687	-0.346292
0.645	1.05089	0.103682	0.353117	-0.716999	-0.350056
0.65	1.0462	0.105428	0.356702	-0.720333	-0.353835
0.655	1.04152	0.107191	0.360304	-0.723689	-0.35763
0.66	1.03685	0.108971	0.363922	-0.727069	-0.36144
0.665	1.03218	0.110768	0.367558	-0.730471	-0.365266
0.67	1.02752	0.112581	0.37121	-0.733898	-0.369108
0.675	1.02287	0.114412	0.37488	-0.737348	-0.372965
0.68	1.01823	0.11626	0.378566	-0.740822	-0.376837
0.685	1.01359	0.118125	0.38227	-0.74432	-0.380725
0.69	1.00896	0.120008	0.385992	-0.747843	-0.384628
0.695	1.00433	0.121907	0.389731	-0.75139	-0.388546
0.7	0.999712	0.123824	0.393488	-0.754963	-0.392479
0.705	0.995101	0.125759	0.397263	-0.758561	-0.396427
0.71	0.990498	0.127711	0.401056	-0.762185	-0.400391
0.715	0.985902	0.12968	0.404867	-0.765834	-0.404369
0.72	0.981314	0.131667	0.408696	-0.76951	-0.408361
0.725	0.976734	0.133672	0.412543	-0.773212	-0.412369
0.73	0.972161	0.135694	0.416409	-0.776941	-0.416391
0.735	0.967596	0.137735	0.420294	-0.780697	-0.420427
0.74	0.963039	0.139792	0.424198	-0.784481	-0.424478
0.745	0.958491	0.141868	0.42812	-0.788292	-0.428543
0.75	0.95395	0.143962	0.432062	-0.792131	-0.432622
0.755	0.949418	0.146074	0.436022	-0.795998	-0.436715
0.76	0.944894	0.148203	0.440002	-0.799893	-0.440822
0.765	0.940379	0.150351	0.444002	-0.803817	-0.444943
0.77	0.935872	0.152517	0.448021	-0.80777	-0.449078
0.775	0.931375	0.154701	0.45206	-0.811752	-0.453226
0.78	0.926886	0.156904	0.456118	-0.815764	-0.457388
0.785	0.922406	0.159124	0.460197	-0.819806	-0.461563
0.79	0.917935	0.161363	0.464296	-0.823877	-0.465751
0.795	0.913474	0.16362	0.468416	-0.827979	-0.469952
0.8	0.909022	0.165896	0.472555	-0.832112	-0.474166
0.805	0.904579	0.168191	0.476716	-0.836275	-0.478393
0.81	0.900146	0.170503	0.480897	-0.840469	-0.482632
0.815	0.895723	0.172835	0.4851	-0.844695	-0.486884
0.82	0.89131	0.175185	0.489323	-0.848952	-0.491147
0.825	0.886907	0.177554	0.493568	-0.853242	-0.495423
0.83	0.882514	0.179942	0.497834	-0.857563	-0.499711
0.835	0.878131	0.182348	0.502122	-0.861917	-0.50401
0.84	0.873758	0.184773	0.506432	-0.866303	-0.508321
0.845	0.869397	0.187218	0.510763	-0.870722	-0.512643
0.85	0.865045	0.189681	0.515117	-0.875174	-0.516977
0.855	0.860705	0.192163	0.519493	-0.879659	-0.521321
0.86	0.856376	0.194664	0.523891	-0.884178	-0.525675
0.865	0.852057	0.197185	0.528312	-0.88873	-0.530041
0.87	0.84775	0.199724	0.532755	-0.893317	-0.534416
0.875	0.843455	0.202283	0.537222	-0.897937	-0.538801
0.88	0.83917	0.204861	0.541712	-0.902592	-0.543196
0.885	0.834898	0.207458	0.546225	-0.907281	-0.5476
0.89	0.830637	0.210075	0.550761	-0.912004	-0.552014
0.895	0.826389	0.212711	0.555321	-0.916763	-0.556436
0.9	0.822152	0.215366	0.559905	-0.921556	-0.560867
0.905	0.817928	0.218042	0.564513	-0.926384	-0.565306
0.91	0.813716	0.220736	0.569145	-0.931248	-0.569753
0.915	0.809517	0.22345	0.573801	-0.936147	-0.574208
0.92	0.80533	0.226184	0.578482	-0.941081	-0.578671
0.925	0.801157	0.228937	0.583187	-0.946051	-0.58314
0.93	0.796996	0.231711	0.587917	-0.951056	-0.587616
0.935	0.792849	0.234503	0.592672	-0.956097	-0.592098
0.94	0.788715	0.237316	0.597453	-0.961173	-0.596587
0.945	0.784595	0.240149	0.602259	-0.966285	-0.601081
0.95	0.780488	0.243001	0.60709	-0.971433	-0.60558
0.955	0.776396	0.245873	0.611947	-0.976617	-0.610085
0.96	0.772317	0.248766	0.61683	-0.981836	-0.614593
0.965	0.768253	0.251678	0.62174	-0.987091	-0.619106
0.97	0.764203	0.25461	0.626675	-0.992382	-0.623623
0.975	0.760168	0.257563	0.631637	-0.997708	-0.628142
0.98	0.756147	0.260535	0.636626	-1.00307	-0.632664
0.985	0.752142	0.263527	0.641641	-1.00847	-0.637189
0.99	0.748151	0.26654	0.646683	-1.0139	-0.641715
0.995	0.744176	0.269573	0.651753	-1.01937	-0.646243
1	0.740216	0.272626	0.65685	-1.02487	-0.650771
1.005	0.736272	0.2757	0.661974	-1.0304	-0.6553
1.01	0.732344	0.278793	0.667126	-1.03597	-0.659829
1.015	0.728433	0.281907	0.672306	-1.04158	-0.664356
1.02	0.724537	0.285042	0.677514	-1.04722	-0.668882
1.025	0.720658	0.288196	0.68275	-1.05289	-0.673407
1.03	0.716795	0.291371	0.688014	-1.05859	-0.677928
1.035	0.712949	0.294567	0.693307	-1.06433	-0.682447
1.04	0.709121	0.297782	0.698629	-1.0701	-0.686962
1.045	0.705309	0.301019	0.703979	-1.0759	-0.691472
1.05	0.701516	0.304275	0.709359	-1.08173	-0.695977
1.055	0.697739	0.307553	0.714768	-1.0876	-0.700477
1.06	0.693981	0.31085	0.720206	-1.09349	-0.70497
1.065	0.690241	0.314169	0.725673	-1.09941	-0.709456
1.07	0.686519	0.317507	0.73117	-1.10537	-0.713934
1.075	0.682815	0.320866	0.736697	-1.11134	-0.718403
1.08	0.679131	0.324246	0.742254	-1.11735	-0.722863
1.085	0.675465	0.327647	0.74784	-1.12338	-0.727312
1.09	0.671818	0.331067	0.753457	-1.12944	-0.731751
1.095	0.668191	0.334509	0.759104	-1.13553	-0.736177
1.1	0.664583	0.337971	0.764782	-1.14163	-0.740591
1.105	0.660995	0.341453	0.77049	-1.14776	-0.744992
1.11	0.657428	0.344956	0.776229	-1.15392	-0.749377
1.115	0.65388	0.348479	0.781999	-1.16009	-0.753748
1.12	0.650353	0.352024	0.787799	-1.16628	-0.758102
1.125	0.646847	0.355588	0.793631	-1.17249	-0.762439
1.13	0.643361	0.359173	0.799493	-1.17872	-0.766758
1.135	0.639897	0.362779	0.805387	-1.18496	-0.771057
1.14	0.636454	0.366404	0.811311	-1.19122	-0.775336
1.145	0.633033	0.370051	0.817267	-1.19749	-0.779594
1.15	0.629634	0.373718	0.823255	-1.20377	-0.78383
1.155	0.626257	0.377405	0.829274	-1.21005	-0.788042
1.16	0.622902	0.381112	0.835324	-1.21635	-0.792229
1.165	0.61957	0.38484	0.841406	-1.22266	-0.796391
1.17	0.616261	0.388589	0.847519	-1.22896	-0.800526
1.175	0.612975	0.392357	0.853664	-1.23527	-0.804633
1.18	0.609712	0.396146	0.85984	-1.24158	-0.808711
1.185	0.606473	0.399955	0.866048	-1.24789	-0.812759
1.19	0.603258	0.403784	0.872288	-1.25419	-0.816774
1.195	0.600066	0.407633	0.878559	-1.26049	-0.820757
1.2	0.596899	0.411502	0.884861	-1.26678	-0.824706
1.205	0.593757	0.415391	0.891195	-1.27306	-0.82862
1.21	0.590639	0.4193	0.89756	-1.27933	-0.832496
1.215	0.587547	0.423229	0.903957	-1.28557	-0.836334
1.22	0.58448	0.427178	0.910385	-1.29181	-0.840133
1.225	0.581438	0.431146	0.916844	-1.29802	-0.843891
1.23	0.578422	0.435134	0.923334	-1.3042	-0.847607
1.235	0.575432	0.439142	0.929855	-1.31036	-0.851279
1.24	0.572469	0.443169	0.936407	-1.31649	-0.854905
1.245	0.569532	0.447216	0.942989	-1.32259	-0.858485
1.25	0.566622	0.451281	0.949602	-1.32865	-0.862017
1.255	0.563739	0.455367	0.956245	-1.33467	-0.865499
1.26	0.560883	0.459471	0.962919	-1.34065	-0.86893
1.265	0.558055	0.463594	0.969622	-1.34659	-0.872308
1.27	0.555255	0.467737	0.976355	-1.35247	-0.875632
1.275	0.552483	0.471898	0.983117	-1.3583	-0.8789
1.28	0.549739	0.476078	0.989909	-1.36408	-0.882111
1.285	0.547024	0.480276	0.996729	-1.36979	-0.885263
1.29	0.544337	0.484493	1.00358	-1.37544	-0.888354
1.295	0.54168	0.488728	1.01046	-1.38103	-0.891383
1.3	0.539052	0.492982	1.01736	-1.38654	-0.894348
1.305	0.536453	0.497254	1.02429	-1.39198	-0.897247
1.31	0.533885	0.501544	1.03125	-1.39733	-0.90008
1.315	0.531346	0.505851	1.03824	-1.40261	-0.902843
1.32	0.528838	0.510176	1.04525	-1.40779	-0.905536
1.325	0.52636	0.514519	1.05229	-1.41288	-0.908157
1.33	0.523913	0.518879	1.05936	-1.41788	-0.910704
1.335	0.521496	0.523257	1.06645	-1.42277	-0.913176
1.34	0.519111	0.527651	1.07356	-1.42756	-0.915571
1.345	0.516758	0.532063	1.0807	-1.43224	-0.917887
1.35	0.514436	0.536491	1.08786	-1.43681	-0.920123
1.355	0.512146	0.540936	1.09504	-1.44125	-0.922277
1.36	0.509888	0.545397	1.10225	-1.44557	-0.924347
1.365	0.507662	0.549874	1.10948	-1.44977	-0.926332
1.37	0.505469	0.554367	1.11673	-1.45383	-0.92823
1.375	0.503309	0.558877	1.12399	-1.45775	-0.93004
1.38	0.501181	0.563401	1.13128	-1.46153	-0.931759
1.385	0.499087	0.567942	1.13859	-1.46516	-0.933388
1.39	0.497026	0.572497	1.14592	-1.46864	-0.934923
1.395	0.494998	0.577068	1.15326	-1.47196	-0.936363
1.4	0.493004	0.581653	1.16062	-1.47513	-0.937708
1.405	0.491044	0.586253	1.168	-1.47813	-0.938955
1.41	0.489118	0.590867	1.17539	-1.48095	-0.940103
1.415	0.487227	0.595495	1.18279	-1.4836	-0.94115
1.42	0.485369	0.600137	1.19021	-1.48608	-0.942097
1.425	0.483547	0.604793	1.19764	-1.48837	-0.94294
1.43	0.481759	0.609463	1.20508	-1.49047	-0.943679
1.435	0.480005	0.614145	1.21253	-1.49237	-0.944312
1.44	0.478287	0.618841	1.22	-1.49408	-0.944839
1.445	0.476604	0.623549	1.22747	-1.49559	-0.945258
1.45	0.474956	0.62827	1.23494	-1.4969	-0.945568
1.455	0.473344	0.633002	1.24243	-1.49799	-0.945768
1.46	0.471767	0.637747	1.24992	-1.49888	-0.945857
1.465	0.470225	0.642504	1.25741	-1.49954	-0.945835
1.47	0.468719	0.647272	1.26491	-1.49999	-0.945699
1.475	0.46725	0.652051	1.27241	-1.50021	-0.94545
1.48	0.465816	0.656841	1.27991	-1.5002	-0.945087
1.485	0.464418	0.661641	1.28741	-1.49997	-0.944609
1.49	0.463056	0.666452	1.29491	-1.4995	-0.944016
1.495	0.46173	0.671273	1.30241	-1.49879	-0.943306
1.5	0.46044	0.676104	1.3099	-1.49785	-0.94248
1.505	0.459186	0.680944	1.31739	-1.49666	-0.941536
1.51	0.457969	0.685794	1.32488	-1.49524	-0.940476
1.515	0.456788	0.690652	1.33235	-1.49356	-0.939297
1.52	0.455644	0.695519	1.33982	-1.49164	-0.938001
1.525	0.454535	0.700395	1.34728	-1.48947	-0.936587
1.53	0.453463	0.705279	1.35473	-1.48705	-0.935055
1.535	0.452428	0.71017	1.36216	-1.48437	-0.933405
1.54	0.451428	0.71507	1.36958	-1.48145	-0.931637
1.545	0.450465	0.719976	1.37699	-1.47827	-0.929752
1.55	0.449539	0.724889	1.38438	-1.47483	-0.927749
1.555	0.448648	0.729809	1.39176	-1.47114	-0.925629
1.56	0.447794	0.734736	1.39911	-1.4672	-0.923392
1.565	0.446976	0.739668	1.40645	-1.463	-0.92104
1.57	0.446194	0.744607	1.41376	-1.45855	-0.918572
1.575	0.445448	0.749551	1.42105	-1.45384	-0.915989
1.58	0.444738	0.7545	1.42832	-1.44888	-0.913292
1.585	0.444064	0.759455	1.43557	-1.44367	-0.910481
1.59	0.443426	0.764414	1.44279	-1.43821	-0.907559
1.595	0.442823	0.769377	1.44998	-1.4325	-0.904525
1.6	0.442256	0.774345	1.45714	-1.42655	-0.90138
1.605	0.441725	0.779317	1.46427	-1.42035	-0.898126
1.61	0.441228	0.784292	1.47137	-1.4139	-0.894764
1.615	0.440767	0.789271	1.47844	-1.40722	-0.891296
1.62	0.440341	0.794253	1.48548	-1.4003	-0.887721
1.625	0.43995	0.799237	1.49248	-1.39315	-0.884043
1.63	0.439593	0.804225	1.49945	-1.38577	-0.880262
1.635	0.439272	0.809214	1.50638	-1.37816	-0.87638
1.64	0.438984	0.814206	1.51327	-1.37032	-0.872398
1.645	0.438731	0.819199	1.52012	-1.36227	-0.868318
1.65	0.438512	0.824195	1.52693	-1.354	-0.864142
1.655	0.438326	0.829191	1.5337	-1.34552	-0.859872
1.66	0.438174	0.834189	1.54043	-1.33683	-0.855508
1.665	0.438056	0.839188	1.54711	-1.32794	-0.851054
1.67	0.437971	0.844187	1.55375	-1.31885	-0.846511
1.675	0.437918	0.849187	1.56035	-1.30957	-0.841881
1.68	0.437899	0.854186	1.56689	-1.3001	-0.837165
1.685	0.437912	0.859186	1.57339	-1.29044	-0.832367
1.69	0.437957	0.864186	1.57985	-1.28061	-0.827487
1.695	0.438034	0.869186	1.58625	-1.27061	-0.822528
1.7	0.438143	0.874184	1.5926	-1.26044	-0.817492
1.705	0.438284	0.879182	1.5989	-1.25011	-0.812382
1.71	0.438456	0.88418	1.60516	-1.23962	-0.807199
1.715	0.438658	0.889175	1.61135	-1.22898	-0.801945
1.72	0.438892	0.89417	1.6175	-1.2182	-0.796623
1.725	0.439156	0.899163	1.62359	-1.20728	-0.791234
1.73	0.43945	0.904154	1.62963	-1.19623	-0.785782
1.735	0.439773	0.909144	1.63561	-1.18506	-0.780268
1.74	0.440127	0.914131	1.64153	-1.17376	-0.774695
1.745	0.44051	0.919117	1.6474	-1.16235	-0.769064
1.75	0.440921	0.9241	1.65321	-1.15083	-0.763378
1.755	0.441361	0.92908	1.65897	-1.1392	-0.757639
1.76	0.44183	0.934058	1.66466	-1.12749	-0.75185
1.765	0.442327	0.939034	1.6703	-1.11568	-0.746012
1.77	0.442851	0.944006	1.67588	-1.10378	-0.740128
1.775	0.443403	0.948975	1.6814	-1.09181	-0.7342
1.78	0.443982	0.953942	1.68686	-1.07977	-0.72823
1.785	0.444588	0.958905	1.69226	-1.06765	-0.722221
1.79	0.44522	0.963865	1.69759	-1.05548	-0.716173
1.795	0.445879	0.968821	1.70287	-1.04325	-0.710091
1.8	0.446563	0.973774	1.70809	-1.03098	-0.703975
1.805	0.447273	0.978724	1.71324	-1.01866	-0.697828
1.81	0.448008	0.983669	1.71834	-1.0063	-0.691651
1.815	0.448768	0.988611	1.72337	-0.993907	-0.685448
1.82	0.449552	0.993549	1.72834	-0.981488	-0.679219
1.825	0.450361	0.998483	1.73324	-0.969046	-0.672967
1.83	0.451193	1.00341	1.73809	-0.956587	-0.666694
1.835	0.452049	1.00834	1.74287	-0.944117	-0.660401
1.84	0.452929	1.01326	1.74759	-0.931639	-0.654091
1.845	0.453831	1.01818	1.75225	-0.919159	-0.647766
1.85	0.454756	1.02309	1.75685	-0.906682	-0.641427
1.855	0.455703	1.028	1.76138	-0.894211	-0.635075
1.86	0.456672	1.03291	1.76585	-0.881753	-0.628714
1.865	0.457663	1.03781	1.77026	-0.869311	-0.622344
1.87	0.458675	1.04271	1.77461	-0.856889	-0.615967
1.875	0.459708	1.0476	1.77889	-0.844491	-0.609585
1.88	0.460762	1.05249	1.78311	-0.832122	-0.603199
1.885	0.461836	1.05737	1.78727	-0.819786	-0.596812
1.89	0.46293	1.06225	1.79137	-0.807486	-0.590423
1.895	0.464043	1.06712	1.79541	-0.795226	-0.584036
1.9	0.465176	1.07199	1.79939	-0.78301	-0.577651
1.905	0.466328	1.07686	1.8033	-0.770841	-0.57127
1.91	0.467499	1.08172	1.80716	-0.758721	-0.564894
1.915	0.468688	1.08657	1.81095	-0.746656	-0.558525
1.92	0.469896	1.09143	1.81468	-0.734647	-0.552163
1.925	0.471121	1.09627	1.81836	-0.722697	-0.545811
1.93	0.472364	1.10112	1.82197	-0.71081	-0.539469
1.935	0.473624	1.10596	1.82552	-0.698988	-0.533138
1.94	0.4749	1.11079	1.82902	-0.687233	-0.52682
1.945	0.476194	1.11562	1.83245	-0.675548	-0.520516
1.95	0.477504	1.12045	1.83583	-0.663936	-0.514226
1.955	0.478829	1.12527	1.83915	-0.652398	-0.507952
1.96	0.480171	1.13008	1.84241	-0.640937	-0.501695
1.965	0.481528	1.1349	1.84562	-0.629555	-0.495456
1.97	0.4829	1.1397	1.84877	-0.618254	-0.489236
1.975	0.484286	1.14451	1.85186	-0.607035	-0.483035
1.98	0.485688	1.14931	1.85489	-0.595901	-0.476855
1.985	0.487104	1.1541	1.85787	-0.584852	-0.470696
1.99	0.488533	1.15889	1.8608	-0.57389	-0.464559
1.995	0.489977	1.16368	1.86367	-0.563018	-0.458445
2	0.491434	1.16846	1.86648	-0.552235	-0.452354
2.005	0.492904	1.17324	1.86924	-0.541543	-0.446288
2.01	0.494387	1.17802	1.87195	-0.530944	-0.440247
2.015	0.495883	1.18279	1.8746	-0.520439	-0.434232
2.02	0.497391	1.18756	1.87721	-0.510028	-0.428242
2.025	0.498912	1.19232	1.87976	-0.499712	-0.42228
2.03	0.500444	1.19708	1.88226	-0.489492	-0.416344
2.035	0.501988	1.20183	1.8847	-0.479369	-0.410437
2.04	0.503543	1.20659	1.8871	-0.469344	-0.404558
2.045	0.505109	1.21133	1.88945	-0.459416	-0.398708
2.05	0.506687	1.21608	1.89174	-0.449587	-0.392887
2.055	0.508275	1.22082	1.89399	-0.439858	-0.387096
2.06	0.509873	1.22556	1.89619	-0.430227	-0.381335
2.065	0.511482	1.23029	1.89834	-0.420696	-0.375605
2.07	0.5131	1.23502	1.90045	-0.411265	-0.369905
2.075	0.514729	1.23975	1.9025	-0.401935	-0.364237
2.08	0.516366	1.24447	1.90451	-0.392704	-0.3586
2.085	0.518013	1.2492	1.90648	-0.383574	-0.352996
2.09	0.519669	1.25391	1.90839	-0.374544	-0.347423
2.095	0.521334	1.25863	1.91027	-0.365615	-0.341882
2.1	0.523008	1.26334	1.91209	-0.356786	-0.336375
2.105	0.52469	1.26805	1.91388	-0.348057	-0.3309
2.11	0.52638	1.27275	1.91562	-0.339428	-0.325458
2.115	0.528078	1.27746	1.91732	-0.330899	-0.320049
2.12	0.529784	1.28216	1.91897	-0.32247	-0.314673
2.125	0.531498	1.28685	1.92058	-0.314139	-0.309331
2.13	0.533218	1.29155	1.92215	-0.305908	-0.304023
2.135	0.534946	1.29624	1.92368	-0.297776	-0.298749
2.14	0.536681	1.30093	1.92517	-0.289742	-0.293508
2.145	0.538423	1.30562	1.92662	-0.281805	-0.288302
2.15	0.540172	1.3103	1.92803	-0.273966	-0.283129
2.155	0.541927	1.31498	1.9294	-0.266224	-0.277991
2.16	0.543688	1.31966	1.93073	-0.258579	-0.272886
2.165	0.545455	1.32434	1.93202	-0.251029	-0.267816
2.17	0.547228	1.32901	1.93328	-0.243575	-0.262781
2.175	0.549006	1.33369	1.9345	-0.236215	-0.257779
2.18	0.550791	1.33836	1.93568	-0.22895	-0.252812
2.185	0.55258	1.34303	1.93682	-0.221779	-0.247879
2.19	0.554375	1.34769	1.93793	-0.2147	-0.242981
2.195	0.556174	1.35236	1.939	-0.207714	-0.238116
2.2	0.557979	1.35702	1.94004	-0.200819	-0.233286
2.205	0.559788	1.36168	1.94105	-0.194016	-0.22849
2.21	0.561602	1.36634	1.94202	-0.187303	-0.223729
2.215	0.56342	1.371	1.94295	-0.180679	-0.219001
2.22	0.565243	1.37566	1.94386	-0.174145	-0.214308
2.225	0.567069	1.38031	1.94473	-0.167699	-0.209648
2.23	0.568899	1.38496	1.94557	-0.16134	-0.205022
2.235	0.570733	1.38962	1.94637	-0.155067	-0.200431
2.24	0.572571	1.39427	1.94715	-0.148881	-0.195873
2.245	0.574412	1.39891	1.94789	-0.14278	-0.191348
2.25	0.576256	1.40356	1.94861	-0.136764	-0.186857
2.255	0.578104	1.40821	1.94929	-0.130831	-0.1824
2.26	0.579955	1.41285	1.94994	-0.124981	-0.177976
2.265	0.581808	1.4175	1.95057	-0.119213	-0.173585
2.27	0.583665	1.42214	1.95117	-0.113527	-0.169227
2.275	0.585523	1.42678	1.95173	-0.107921	-0.164903
2.28	0.587385	1.43142	1.95227	-0.102394	-0.160611
2.285	0.589249	1.43606	1.95278	-0.0969472	-0.156352
2.29	0.591115	1.4407	1.95327	-0.0915781	-0.152125
2.295	0.592983	1.44534	1.95373	-0.0862864	-0.147931
2.3	0.594853	1.44997	1.95416	-0.0810712	-0.14377
2.305	0.596725	1.45461	1.95456	-0.0759319	-0.13964
2.31	0.598599	1.45925	1.95494	-0.0708675	-0.135543
2.315	0.600475	1.46388	1.9553	-0.0658773	-0.131477
2.32	0.602352	1.46852	1.95563	-0.0609605	-0.127444
2.325	0.60423	1.47315	1.95593	-0.0561163	-0.123442
2.33	0.60611	1.47778	1.95621	-0.0513439	-0.119471
2.335	0.607991	1.48242	1.95647	-0.0466426	-0.115531
2.34	0.609873	1.48705	1.9567	-0.0420115	-0.111623
2.345	0.611756	1.49168	1.95691	-0.0374498	-0.107746
2.35	0.61364	1.49631	1.9571	-0.0329568	-0.103899
2.355	0.615524	1.50094	1.95726	-0.0285317	-0.100083
2.36	0.617409	1.50557	1.95741	-0.0241738	-0.0962979
2.365	0.619295	1.5102	1.95753	-0.0198822	-0.0925428
2.37	0.621181	1.51483	1.95763	-0.0156562	-0.0888178
2.375	0.623068	1.51946	1.95771	-0.011495	-0.0851228
2.38	0.624955	1.52409	1.95776	-0.00739795	-0.0814576
2.385	0.626842	1.52873	1.9578	-0.00336421	-0.0778221
2.39	0.628729	1.53336	1.95782	0.000606924	-0.074216
2.395	0.630616	1.53799	1.95781	0.00451621	-0.0706392
2.4	0.632503	1.54262	1.95779	0.00836438	-0.0670915
2.405	0.63439	1.54725	1.95775	0.0121522	-0.0635727
2.41	0.636277	1.55188	1.95769	0.0158803	-0.0600828
2.415	0.638163	1.55651	1.95761	0.0195494	-0.0566214
2.42	0.640049	1.56114	1.95751	0.0231603	-0.0531885
2.425	0.641934	1.56577	1.9574	0.0267137	-0.0497838
2.43	0.643819	1.5704	1.95726	0.0302103	-0.0464073
2.435	0.645702	1.57503	1.95711	0.0336507	-0.0430586
2.44	0.647586	1.57966	1.95694	0.0370356	-0.0397377
2.445	0.649468	1.5843	1.95676	0.0403658	-0.0364444
2.45	0.651349	1.58893	1.95656	0.0436419	-0.0331784
2.455	0.653229	1.59356	1.95634	0.0468645	-0.0299397
2.46	0.655109	1.59819	1.9561	0.0500344	-0.026728
2.465	0.656987	1.60283	1.95585	0.0531522	-0.0235433
2.47	0.658864	1.60746	1.95559	0.0562185	-0.0203852
2.475	0.660739	1.6121	1.95531	0.059234	-0.0172537
2.48	0.662613	1.61673	1.95501	0.0621993	-0.0141485
2.485	0.664486	1.62137	1.9547	0.065115	-0.0110696
2.49	0.666357	1.62601	1.95437	0.0679818	-0.0080167
2.495	0.668227	1.63064	1.95403	0.0708003	-0.00498967
2.5	0.670095	1.63528	1.95368	0.0735711	-0.00198834
2.505	0.671961	1.63992	1.95331	0.0762947	0.00098745
2.51	0.673826	1.64456	1.95293	0.0789719	0.00393787
2.515	0.675688	1.6492	1.95254	0.0816032	0.00686309
2.52	0.677549	1.65384	1.95213	0.0841891	0.00976326
2.525	0.679408	1.65848	1.95171	0.0867302	0.0126386
2.53	0.681265	1.66312	1.95127	0.0892272	0.0154891
2.535	0.683119	1.66777	1.95083	0.0916806	0.0183151
2.54	0.684972	1.67241	1.95037	0.0940909	0.0211168
2.545	0.686822	1.67706	1.9499	0.0964586	0.0238942
2.55	0.688671	1.6817	1.94942	0.0987844	0.0266475
2.555	0.690516	1.68635	1.94892	0.101069	0.0293769
2.56	0.69236	1.691	1.94842	0.103312	0.0320825
2.565	0.694201	1.69565	1.9479	0.105515	0.0347645
2.57	0.69604	1.7003	1.94737	0.107679	0.0374231
2.575	0.697876	1.70495	1.94683	0.109803	0.0400584
2.58	0.69971	1.7096	1.94628	0.111888	0.0426705
2.585	0.701541	1.71425	1.94573	0.113934	0.0452597
2.59	0.703369	1.7189	1.94516	0.115943	0.047826
2.595	0.705195	1.72356	1.94458	0.117915	0.0503696
2.6	0.707018	1.72821	1.94399	0.11985	0.0528907
2.605	0.708838	1.73287	1.94339	0.121748	0.0553893
2.61	0.710655	1.73753	1.94278	0.123611	0.0578658
2.615	0.71247	1.74219	1.94216	0.125438	0.0603201
2.62	0.714281	1.74685	1.94153	0.12723	0.0627525
2.625	0.71609	1.75151	1.9409	0.128987	0.065163
2.63	0.717895	1.75617	1.94025	0.130711	0.0675519
2.635	0.719698	1.76084	1.9396	0.1324	0.0699193
2.64	0.721497	1.7655	1.93894	0.134057	0.0722652
2.645	0.723293	1.77017	1.93827	0.135681	0.0745899
2.65	0.725087	1.77484	1.93759	0.137272	0.0768935
2.655	0.726876	1.7795	1.9369	0.138832	0.0791762
2.66	0.728663	1.78417	1.93621	0.14036	0.081438
2.665	0.730446	1.78885	1.93551	0.141857	0.0836791
2.67	0.732227	1.79352	1.9348	0.143323	0.0858996
2.675	0.734003	1.79819	1.93408	0.144759	0.0880997
2.68	0.735777	1.80287	1.93336	0.146165	0.0902794
2.685	0.737547	1.80754	1.93262	0.147542	0.0924391
2.69	0.739313	1.81222	1.93189	0.14889	0.0945786
2.695	0.741076	1.8169	1.93114	0.150208	0.0966983
2.7	0.742835	1.82158	1.93039	0.151499	0.0987981
2.705	0.744591	1.82626	1.92963	0.152761	0.100878
2.71	0.746344	1.83094	1.92887	0.153996	0.102939
2.715	0.748093	1.83563	1.9281	0.155204	0.10498
2.72	0.749838	1.84031	1.92732	0.156384	0.107002
2.725	0.751579	1.845	1.92654	0.157538	0.109005
2.73	0.753317	1.84969	1.92575	0.158666	0.110989
2.735	0.755051	1.85438	1.92496	0.159768	0.112954
2.74	0.756781	1.85907	1.92416	0.160845	0.1149
2.745	0.758508	1.86376	1.92336	0.161896	0.116827
2.75	0.76023	1.86846	1.92255	0.162923	0.118736
2.755	0.761949	1.87315	1.92173	0.163925	0.120626
2.76	0.763664	1.87785	1.92091	0.164903	0.122498
2.765	0.765376	1.88255	1.92009	0.165856	0.124352
2.77	0.767083	1.88725	1.91926	0.166787	0.126188
2.775	0.768786	1.89195	1.91843	0.167694	0.128005
2.78	0.770486	1.89665	1.91759	0.168578	0.129805
2.785	0.772181	1.90135	1.91675	0.169439	0.131587
2.79	0.773872	1.90606	1.9159	0.170278	0.133352
2.795	0.77556	1.91076	1.91505	0.171095	0.135098
2.8	0.777243	1.91547	1.91419	0.171891	0.136828
2.805	0.778923	1.92018	1.91333	0.172664	0.13854
2.81	0.780598	1.92489	1.91247	0.173417	0.140235
2.815	0.782269	1.9296	1.9116	0.174149	0.141912
2.82	0.783936	1.93432	1.91073	0.17486	0.143573
2.825	0.785599	1.93903	1.90986	0.17555	0.145217
2.83	0.787258	1.94375	1.90898	0.176221	0.146844
2.835	0.788913	1.94847	1.9081	0.176871	0.148454
2.84	0.790564	1.95319	1.90721	0.177502	0.150048
2.845	0.79221	1.95791	1.90633	0.178114	0.151625
2.85	0.793852	1.96263	1.90544	0.178707	0.153185
2.855	0.79549	1.96736	1.90454	0.17928	0.15473
2.86	0.797124	1.97208	1.90365	0.179836	0.156258
2.865	0.798753	1.97681	1.90275	0.180373	0.15777
2.87	0.800378	1.98154	1.90184	0.180892	0.159266
2.875	0.801999	1.98627	1.90094	0.181393	0.160746
2.88	0.803616	1.991	1.90003	0.181876	0.16221
2.885	0.805228	1.99573	1.89912	0.182342	0.163659
2.89	0.806836	2.00047	1.89821	0.182791	0.165092
2.895	0.80844	2.0052	1.8973	0.183223	0.166509
2.9	0.810039	2.00994	1.89638	0.183638	0.167911
2.905	0.811634	2.01468	1.89546	0.184037	0.169297
2.91	0.813225	2.01942	1.89454	0.18442	0.170668
2.915	0.814811	2.02416	1.89362	0.184786	0.172024
2.92	0.816393	2.0289	1.8927	0.185137	0.173365
2.925	0.81797	2.03365	1.89177	0.185472	0.174691
2.93	0.819543	2.03839	1.89084	0.185792	0.176002
2.935	0.821112	2.04314	1.88992	0.186096	0.177298
2.94	0.822676	2.04789	1.88898	0.186386	0.178579
2.945	0.824236	2.05264	1.88805	0.18666	0.179845
2.95	0.825791	2.05739	1.88712	0.18692	0.181097
2.955	0.827342	2.06215	1.88619	0.187166	0.182335
2.96	0.828889	2.0669	1.88525	0.187398	0.183558
2.965	0.830431	2.07166	1.88431	0.187615	0.184767
2.97	0.831968	2.07642	1.88337	0.187819	0.185961
2.975	0.833501	2.08117	1.88244	0.188009	0.187141
2.98	0.83503	2.08594	1.8815	0.188186	0.188307
2.985	0.836554	2.0907	1.88055	0.188349	0.189459
2.99	0.838074	2.09546	1.87961	0.188499	0.190597
2.995	0.839589	2.10023	1.87867	0.188636	0.191721
3	0.8411	2.10499	1.87773	0.188761	0.192832
3.005	0.842606	2.10976	1.87678	0.188873	0.193928
3.01	0.844107	2.11453	1.87584	0.188973	0.195011
3.015	0.845605	2.1193	1.87489	0.18906	0.196081
3.02	0.847097	2.12407	1.87395	0.189135	0.197137
3.025	0.848585	2.12885	1.873	0.189199	0.198179
3.03	0.850069	2.13362	1.87206	0.18925	0.199208
3.035	0.851548	2.1384	1.87111	0.18929	0.200224
3.04	0.853023	2.14317	1.87016	0.189319	0.201227
3.045	0.854493	2.14795	1.86922	0.189337	0.202216
3.05	0.855958	2.15273	1.86827	0.189343	0.203193
3.055	0.857419	2.15751	1.86732	0.189338	0.204156
3.06	0.858876	2.1623	1.86638	0.189323	0.205107
3.065	0.860328	2.16708	1.86543	0.189297	0.206044
3.07	0.861775	2.17187	1.86448	0.18926	0.206969
3.075	0.863218	2.17666	1.86354	0.189213	0.207881
3.08	0.864656	2.18144	1.86259	0.189156	0.208781
3.085	0.86609	2.18623	1.86165	0.189089	0.209667
3.09	0.86752	2.19103	1.8607	0.189012	0.210542
3.095	0.868944	2.19582	1.85976	0.188925	0.211404
3.1	0.870365	2.20061	1.85881	0.188828	0.212253
3.105	0.87178	2.20541	1.85787	0.188722	0.21309
3.11	0.873191	2.2102	1.85692	0.188607	0.213915
3.115	0.874598	2.215	1.85598	0.188482	0.214728
3.12	0.876	2.2198	1.85504	0.188348	0.215528
3.125	0.877398	2.2246	1.8541	0.188206	0.216317
3.13	0.878791	2.2294	1.85316	0.188054	0.217093
3.135	0.88018	2.23421	1.85221	0.187894	0.217858
3.14	0.881564	2.23901	1.85128	0.187725	0.21861
3.145	0.882943	2.24382	1.85034	0.187547	0.219351
3.15	0.884318	2.24863	1.8494	0.187361	0.22008
3.155	0.885689	2.25343	1.84846	0.187167	0.220797
3.16	0.887055	2.25824	1.84753	0.186965	0.221503
3.165	0.888416	2.26306	1.84659	0.186755	0.222197
3.17	0.889774	2.26787	1.84566	0.186537	0.22288
3.175	0.891126	2.27268	1.84472	0.186311	0.223551
3.18	0.892474	2.2775	1.84379	0.186078	0.22421
3.185	0.893818	2.28231	1.84286	0.185837	0.224858
3.19	0.895157	2.28713	1.84193	0.185589	0.225495
3.195	0.896492	2.29195	1.84101	0.185333	0.226121
3.2	0.897822	2.29677	1.84008	0.18507	0.226736
3.205	0.899148	2.30159	1.83915	0.1848	0.227339
3.21	0.900469	2.30641	1.83823	0.184524	0.227931
3.215	0.901786	2.31123	1.83731	0.18424	0.228513
3.22	0.903098	2.31606	1.83639	0.183949	0.229083
3.225	0.904406	2.32089	1.83547	0.183652	0.229642
3.23	0.90571	2.32571	1.83455	0.183348	0.230191
3.235	0.907009	2.33054	1.83363	0.183038	0.230728
3.24	0.908303	2.33537	1.83272	0.182722	0.231255
3.245	0.909594	2.3402	1.8318	0.182399	0.231772
3.25	0.910879	2.34503	1.83089	0.18207	0.232277
3.255	0.912161	2.34987	1.82998	0.181735	0.232772
3.26	0.913438	2.3547	1.82907	0.181394	0.233257
3.265	0.914711	2.35953	1.82816	0.181047	0.233731
3.27	0.915979	2.36437	1.82726	0.180695	0.234194
3.275	0.917243	2.36921	1.82636	0.180336	0.234647
3.28	0.918502	2.37405	1.82545	0.179972	0.23509
3.285	0.919758	2.37889	1.82455	0.179603	0.235522
3.29	0.921009	2.38373	1.82366	0.179228	0.235944
3.295	0.922255	2.38857	1.82276	0.178848	0.236356
3.3	0.923497	2.39341	1.82187	0.178463	0.236758
3.305	0.924735	2.39826	1.82097	0.178073	0.23715
3.31	0.925969	2.4031	1.82008	0.177677	0.237531
3.315	0.927198	2.40795	1.81919	0.177277	0.237903
3.32	0.928423	2.4128	1.81831	0.176871	0.238265
3.325	0.929644	2.41765	1.81742	0.176461	0.238616
3.33	0.93086	2.4225	1.81654	0.176047	0.238958
3.335	0.932072	2.42735	1.81566	0.175627	0.23929
3.34	0.93328	2.4322	1.81478	0.175203	0.239612
3.345	0.934484	2.43705	1.81391	0.174775	0.239925
3.35	0.935683	2.44191	1.81303	0.174342	0.240228
3.355	0.936878	2.44676	1.81216	0.173905	0.240521
3.36	0.938069	2.45162	1.81129	0.173464	0.240804
3.365	0.939256	2.45647	1.81042	0.173018	0.241078
3.37	0.940438	2.46133	1.80956	0.172569	0.241343
3.375	0.941617	2.46619	1.8087	0.172116	0.241598
3.38	0.942791	2.47105	1.80784	0.171658	0.241844
3.385	0.943961	2.47591	1.80698	0.171197	0.24208
3.39	0.945127	2.48078	1.80612	0.170732	0.242307
3.395	0.946288	2.48564	1.80527	0.170263	0.242524
3.4	0.947446	2.4905	1.80442	0.169791	0.242732
3.405	0.948599	2.49537	1.80357	0.169316	0.242931
3.41	0.949748	2.50023	1.80272	0.168836	0.243121
3.415	0.950893	2.5051	1.80188	0.168354	0.243302
3.42	0.952035	2.50997	1.80104	0.167868	0.243474
3.425	0.953171	2.51484	1.8002	0.167379	0.243636
3.43	0.954304	2.51971	1.79936	0.166886	0.24379
3.435	0.955433	2.52458	1.79853	0.166391	0.243935
3.44	0.956558	2.52945	1.79769	0.165892	0.24407
3.445	0.957679	2.53432	1.79686	0.165391	0.244197
3.45	0.958795	2.5392	1.79604	0.164886	0.244315
3.455	0.959908	2.54407	1.79521	0.164379	0.244424
3.46	0.961017	2.54895	1.79439	0.163869	0.244525
3.465	0.962121	2.55382	1.79357	0.163356	0.244616
3.47	0.963222	2.5587	1.79275	0.162841	0.244699
3.475	0.964319	2.56358	1.79194	0.162323	0.244773
3.48	0.965412	2.56846	1.79113	0.161802	0.244839
3.485	0.9665	2.57334	1.79032	0.161279	0.244896
3.49	0.967585	2.57822	1.78951	0.160754	0.244945
3.495	0.968666	2.5831	1.78871	0.160226	0.244985
3.5	0.969743	2.58798	1.78791	0.159696	0.245016
3.505	0.970817	2.59287	1.78711	0.159164	0.245039
3.51	0.971886	2.59775	1.78631	0.15863	0.245054
3.515	0.972951	2.60264	1.78552	0.158093	0.24506
3.52	0.974013	2.60752	1.78473	0.157555	0.245058
3.525	0.97507	2.61241	1.78394	0.157014	0.245048
3.53	0.976124	2.6173	1.78316	0.156472	0.24503
3.535	0.977174	2.62219	1.78238	0.155927	0.245003
3.54	0.97822	2.62708	1.7816	0.155381	0.244968
3.545	0.979263	2.63197	1.78082	0.154834	0.244925
3.55	0.980301	2.63686	1.78004	0.154284	0.244874
3.555	0.981336	2.64175	1.77927	0.153733	0.244815
3.56	0.982367	2.64664	1.7785	0.15318	0.244747
3.565	0.983395	2.65153	1.77774	0.152626	0.244672
3.57	0.984418	2.65643	1.77698	0.15207	0.244589
3.575	0.985438	2.66132	1.77621	0.151513	0.244497
3.58	0.986454	2.66622	1.77546	0.150955	0.244398
3.585	0.987467	2.67111	1.7747	0.150395	0.244291
3.59	0.988476	2.67601	1.77395	0.149834	0.244176
3.595	0.989481	2.68091	1.7732	0.149272	0.244054
3.6	0.990482	2.68581	1.77245	0.148708	0.243923
3.605	0.99148	2.69071	1.77171	0.148144	0.243785
3.61	0.992474	2.69561	1.77097	0.147578	0.243639
3.615	0.993465	2.70051	1.77023	0.147012	0.243486
3.62	0.994452	2.70541	1.7695	0.146444	0.243324
3.625	0.995435	2.71031	1.76877	0.145876	0.243156
3.63	0.996415	2.71522	1.76804	0.145307	0.242979
3.635	0.997391	2.72012	1.76731	0.144737	0.242795
3.64	0.998364	2.72502	1.76659	0.144166	0.242604
3.645	0.999333	2.72993	1.76587	0.143594	0.242405
3.65	1.0003	2.73484	1.76515	0.143022	0.242198
3.655	1.00126	2.73974	1.76443	0.142449	0.241984
3.66	1.00222	2.74465	1.76372	0.141876	0.241763
3.665	1.00317	2.74956	1.76301	0.141302	0.241535
3.67	1.00413	2.75447	1.7623	0.140728	0.241299
3.675	1.00507	2.75938	1.7616	0.140153	0.241055
3.68	1.00602	2.76429	1.7609	0.139578	0.240805
3.685	1.00696	2.7692	1.7602	0.139003	0.240547
3.69	1.0079	2.77411	1.75951	0.138427	0.240282
3.695	1.00883	2.77902	1.75881	0.137851	0.24001
3.7	1.00976	2.78393	1.75813	0.137275	0.239731
3.705	1.01069	2.78884	1.75744	0.136699	0.239444
3.71	1.01162	2.79376	1.75676	0.136122	0.239151
3.715	1.01254	2.79867	1.75607	0.135546	0.23885
3.72	1.01346	2.80359	1.7554	0.134969	0.238542
3.725	1.01437	2.8085	1.75472	0.134393	0.238228
3.73	1.01528	2.81342	1.75405	0.133816	0.237906
3.735	1.01619	2.81834	1.75338	0.13324	0.237578
3.74	1.01709	2.82325	1.75271	0.132664	0.237242
3.745	1.018	2.82817	1.75205	0.132088	0.2369
3.75	1.01889	2.83309	1.75139	0.131512	0.236551
3.755	1.01979	2.83801	1.75073	0.130936	0.236194
3.76	1.02068	2.84293	1.75008	0.130361	0.235832
3.765	1.02157	2.84785	1.74943	0.129786	0.235462
3.77	1.02245	2.85277	1.74878	0.129212	0.235085
3.775	1.02334	2.85769	1.74813	0.128638	0.234702
3.78	1.02421	2.86262	1.74749	0.128064	0.234312
3.785	1.02509	2.86754	1.74685	0.127491	0.233916
3.79	1.02596	2.87246	1.74621	0.126919	0.233513
3.795	1.02683	2.87738	1.74558	0.126347	0.233103
3.8	1.0277	2.88231	1.74494	0.125776	0.232687
3.805	1.02856	2.88723	1.74432	0.125205	0.232264
3.81	1.02942	2.89216	1.74369	0.124635	0.231834
3.815	1.03028	2.89709	1.74307	0.124066	0.231398
3.82	1.03113	2.90201	1.74245	0.123498	0.230956
3.825	1.03198	2.90694	1.74183	0.12293	0.230507
3.83	1.03283	2.91187	1.74121	0.122363	0.230051
3.835	1.03368	2.91679	1.7406	0.121798	0.22959
3.84	1.03452	2.92172	1.73999	0.121233	0.229121
3.845	1.03536	2.92665	1.73939	0.120669	0.228647
3.85	1.03619	2.93158	1.73878	0.120106	0.228166
3.855	1.03703	2.93651	1.73818	0.119544	0.227679
3.86	1.03786	2.94144	1.73759	0.118983	0.227186
3.865	1.03868	2.94637	1.73699	0.118423	0.226686
3.87	1.03951	2.95131	1.7364	0.117865	0.22618
3.875	1.04033	2.95624	1.73581	0.117307	0.225668
3.88	1.04115	2.96117	1.73522	0.116751	0.22515
3.885	1.04196	2.9661	1.73464	0.116196	0.224625
3.89	1.04278	2.97104	1.73406	0.115642	0.224095
3.895	1.04359	2.97597	1.73348	0.11509	0.223558
3.9	1.04439	2.98091	1.7329	0.114539	0.223015
3.905	1.0452	2.98584	1.73233	0.113989	0.222466
3.91	1.046	2.99078	1.73176	0.113441	0.221912
3.915	1.0468	2.99571	1.73119	0.112894	0.221351
3.92	1.04759	3.00065	1.73063	0.112349	0.220784
3.925	1.04839	3.00558	1.73007	0.111805	0.220211
3.93	1.04918	3.01052	1.72951	0.111262	0.219632
3.935	1.04996	3.01546	1.72895	0.110722	0.219048
3.94	1.05075	3.0204	1.7284	0.110182	0.218457
3.945	1.05153	3.02534	1.72785	0.109645	0.217861
3.95	1.05231	3.03027	1.7273	0.109109	0.217259
3.955	1.05309	3.03521	1.72675	0.108575	0.216651
3.96	1.05386	3.04015	1.72621	0.108042	0.216037
3.965	1.05463	3.04509	1.72567	0.107512	0.215417
3.97	1.0554	3.05003	1.72513	0.106983	0.214792
3.975	1.05617	3.05498	1.7246	0.106456	0.214161
3.98	1.05693	3.05992	1.72407	0.10593	0.213524
3.985	1.05769	3.06486	1.72354	0.105407	0.212882
3.99	1.05845	3.0698	1.72301	0.104886	0.212234
3.995	1.0592	3.07474	1.72249	0.104366	0.21158
4	1.05996	3.07969	1.72196	0.103849	0.210921
4.005	1.06071	3.08463	1.72144	0.103333	0.210256
4.01	1.06146	3.08957	1.72093	0.10282	0.209586
4.015	1.0622	3.09452	1.72041	0.102308	0.20891
4.02	1.06294	3.09946	1.7199	0.101799	0.208228
4.025	1.06368	3.10441	1.71939	0.101291	0.207541
4.03	1.06442	3.10935	1.71889	0.100786	0.206849
4.035	1.06516	3.1143	1.71838	0.100283	0.206151
4.04	1.06589	3.11924	1.71788	0.0997824	0.205448
4.045	1.06662	3.12419	1.71738	0.0992838	0.204739
4.05	1.06735	3.12914	1.71689	0.0987875	0.204025
4.055	1.06807	3.13408	1.71639	0.0982935	0.203306
4.06	1.0688	3.13903	1.7159	0.0978017	0.202581
4.065	1.06952	3.14398	1.71541	0.0973123	0.201851
4.07	1.07023	3.14893	1.71493	0.0968252	0.201115
4.075	1.07095	3.15388	1.71444	0.0963406	0.200375
4.08	1.07166	3.15882	1.71396	0.0958583	0.199629
4.085	1.07237	3.16377	1.71348	0.0953785	0.198878
4.09	1.07308	3.16872	1.713	0.0949011	0.198121
4.095	1.07379	3.17367	1.71253	0.0944262	0.19736
4.1	1.07449	3.17862	1.71206	0.0939538	0.196593
4.105	1.0752	3.18357	1.71159	0.093484	0.195821
4.11	1.07589	3.18852	1.71112	0.0930167	0.195044
4.115	1.07659	3.19348	1.71065	0.092552	0.194262
4.12	1.07729	3.19843	1.71019	0.0920899	0.193475
4.125	1.07798	3.20338	1.70973	0.0916305	0.192683
4.13	1.07867	3.20833	1.70927	0.0911737	0.191886
4.135	1.07936	3.21328	1.70882	0.0907196	0.191084
4.14	1.08004	3.21824	1.70836	0.0902682	0.190277
4.145	1.08073	3.22319	1.70791	0.0898196	0.189464
4.15	1.08141	3.22814	1.70746	0.0893737	0.188647
4.155	1.08209	3.2331	1.70702	0.0889305	0.187825
4.16	1.08276	3.23805	1.70657	0.0884902	0.186998
4.165	1.08344	3.24301	1.70613	0.0880528	0.186167
4.17	1.08411	3.24796	1.70569	0.0876181	0.18533
4.175	1.08478	3.25291	1.70525	0.0871864	0.184488
4.18	1.08545	3.25787	1.70481	0.0867575	0.183642
4.185	1.08611	3.26283	1.70438	0.0863316	0.182791
4.19	1.08678	3.26778	1.70395	0.0859086	0.181935
4.195	1.08744	3.27274	1.70352	0.0854886	0.181074
4.2	1.0881	3.27769	1.70309	0.0850715	0.180209
4.205	1.08876	3.28265	1.70267	0.0846575	0.179338
4.21	1.08941	3.28761	1.70224	0.0842465	0.178464
4.215	1.09007	3.29256	1.70182	0.0838386	0.177584
4.22	1.09072	3.29752	1.7014	0.0834337	0.1767
4.225	1.09137	3.30248	1.70099	0.0830319	0.175811
4.23	1.09201	3.30744	1.70057	0.0826333	0.174917
4.235	1.09266	3.3124	1.70016	0.0822377	0.174019
4.24	1.0933	3.31735	1.69975	0.0818454	0.173117
4.245	1.09394	3.32231	1.69934	0.0814562	0.172209
4.25	1.09458	3.32727	1.69893	0.0810702	0.171298
4.255	1.09522	3.33223	1.69852	0.0806875	0.170381
4.26	1.09585	3.33719	1.69812	0.080308	0.169461
4.265	1.09649	3.34215	1.69772	0.0799317	0.168535
4.27	1.09712	3.34711	1.69732	0.0795587	0.167606
4.275	1.09775	3.35207	1.69692	0.0791891	0.166671
4.28	1.09837	3.35703	1.69653	0.0788227	0.165733
4.285	1.099	3.36199	1.69613	0.0784597	0.16479
4.29	1.09962	3.36695	1.69574	0.0781001	0.163842
4.295	1.10024	3.37191	1.69535	0.0777438	0.162891
4.3	1.10086	3.37688	1.69496	0.0773909	0.161935
4.305	1.10148	3.38184	1.69457	0.0770415	0.160974
4.31	1.10209	3.3868	1.69419	0.0766954	0.160009
4.315	1.10271	3.39176	1.69381	0.0763529	0.15904
4.32	1.10332	3.39672	1.69342	0.0760138	0.158067
4.325	1.10393	3.40169	1.69304	0.0756782	0.15709
4.33	1.10454	3.40665	1.69266	0.0753461	0.156108
4.335	1.10514	3.41161	1.69229	0.0750175	0.155122
4.34	1.10575	3.41658	1.69191	0.0746925	0.154132
4.345	1.10635	3.42154	1.69154	0.0743711	0.153138
4.35	1.10695	3.4265	1.69117	0.0740532	0.152139
4.355	1.10755	3.43147	1.6908	0.0737389	0.151137
4.36	1.10814	3.43643	1.69043	0.0734283	0.15013
4.365	1.10874	3.4414	1.69006	0.0731213	0.149119
4.37	1.10933	3.44636	1.6897	0.0728179	0.148104
4.375	1.10992	3.45133	1.68933	0.0725182	0.147085
4.38	1.11051	3.45629	1.68897	0.0722222	0.146063
4.385	1.1111	3.46126	1.68861	0.0719299	0.145036
4.39	1.11169	3.46622	1.68825	0.0716413	0.144005
4.395	1.11227	3.47119	1.68789	0.0713564	0.14297
4.4	1.11285	3.47615	1.68753	0.0710753	0.141931
4.405	1.11343	3.48112	1.68718	0.0707979	0.140888
4.41	1.11401	3.48609	1.68682	0.0705243	0.139841
4.415	1.11459	3.49105	1.68647	0.0702545	0.138791
4.42	1.11516	3.49602	1.68612	0.0699886	0.137736
4.425	1.11574	3.50099	1.68577	0.0697264	0.136678
4.43	1.11631	3.50595	1.68542	0.0694681	0.135616
4.435	1.11688	3.51092	1.68507	0.0692137	0.13455
4.44	1.11745	3.51589	1.68473	0.0689631	0.13348
4.445	1.11802	3.52086	1.68438	0.0687165	0.132406
4.45	1.11858	3.52582	1.68404	0.0684737	0.131329
4.455	1.11914	3.53079	1.6837	0.0682348	0.130248
4.46	1.11971	3.53576	1.68336	0.0679999	0.129163
4.465	1.12027	3.54073	1.68302	0.0677689	0.128074
4.47	1.12082	3.5457	1.68268	0.0675419	0.126982
4.475	1.12138	3.55067	1.68234	0.0673188	0.125886
4.48	1.12194	3.55564	1.682	0.0670998	0.124786
4.485	1.12249	3.56061	1.68167	0.0668847	0.123683
4.49	1.12304	3.56558	1.68133	0.0666737	0.122576
4.495	1.12359	3.57054	1.681	0.0664666	0.121466
4.5	1.12414	3.57551	1.68067	0.0662637	0.120352
4.505	1.12468	3.58048	1.68034	0.0660647	0.119234
4.51	1.12523	3.58545	1.68001	0.0658699	0.118113
4.515	1.12577	3.59043	1.67968	0.0656791	0.116989
4.52	1.12631	3.5954	1.67935	0.0654924	0.11586
4.525	1.12685	3.60037	1.67902	0.0653099	0.114729
4.53	1.12739	3.60534	1.67869	0.0651314	0.113594
4.535	1.12793	3.61031	1.67837	0.0649571	0.112455
4.54	1.12847	3.61528	1.67804	0.0647869	0.111313
4.545	1.129	3.62025	1.67772	0.0646209	0.110168
4.55	1.12953	3.62522	1.6774	0.064459	0.109019
4.555	1.13006	3.63019	1.67707	0.0643013	0.107867
4.56	1.13059	3.63517	1.67675	0.0641478	0.106711
4.565	1.13112	3.64014	1.67643	0.0639985	0.105552
4.57	1.13164	3.64511	1.67611	0.0638534	0.10439
4.575	1.13217	3.65008	1.67579	0.0637126	0.103225
4.58	1.13269	3.65506	1.67547	0.063576	0.102056
4.585	1.13321	3.66003	1.67516	0.0634436	0.100884
4.59	1.13373	3.665	1.67484	0.0633155	0.0997084
4.595	1.13425	3.66997	1.67452	0.0631916	0.0985299
4.6	1.13476	3.67495	1.67421	0.0630721	0.0973481
4.605	1.13528	3.67992	1.67389	0.0629568	0.0961632
4.61	1.13579	3.6849	1.67358	0.0628458	0.0949751
4.615	1.1363	3.68987	1.67326	0.0627391	0.0937838
4.62	1.13681	3.69484	1.67295	0.0626368	0.0925894
4.625	1.13732	3.69982	1.67264	0.0625387	0.0913919
4.63	1.13783	3.70479	1.67232	0.0624451	0.0901912
4.635	1.13833	3.70977	1.67201	0.0623557	0.0889875
4.64	1.13884	3.71474	1.6717	0.0622707	0.0877808
4.645	1.13934	3.71972	1.67139	0.0621901	0.0865709
4.65	1.13984	3.72469	1.67108	0.0621139	0.0853581
4.655	1.14034	3.72967	1.67077	0.062042	0.0841422
4.66	1.14084	3.73464	1.67046	0.0619746	0.0829234
4.665	1.14133	3.73962	1.67015	0.0619115	0.0817015
4.67	1.14183	3.74459	1.66984	0.0618529	0.0804768
4.675	1.14232	3.74957	1.66953	0.0617987	0.079249
4.68	1.14281	3.75454	1.66922	0.0617489	0.0780184
4.685	1.1433	3.75952	1.66891	0.0617035	0.0767849
4.69	1.14379	3.76449	1.6686	0.0616626	0.0755484
4.695	1.14427	3.76947	1.66829	0.0616262	0.0743091
4.7	1.14476	3.77445	1.66798	0.0615942	0.073067
4.705	1.14524	3.77942	1.66768	0.0615667	0.071822
4.71	1.14573	3.7844	1.66737	0.0615436	0.0705743
4.715	1.14621	3.78938	1.66706	0.061525	0.0693237
4.72	1.14668	3.79435	1.66675	0.061511	0.0680704
4.725	1.14716	3.79933	1.66645	0.0615014	0.0668143
4.73	1.14764	3.80431	1.66614	0.0614964	0.0655554
4.735	1.14811	3.80929	1.66583	0.0614958	0.0642939
4.74	1.14859	3.81426	1.66552	0.0614998	0.0630296
4.745	1.14906	3.81924	1.66522	0.0615083	0.0617627
4.75	1.14953	3.82422	1.66491	0.0615213	0.0604931
4.755	1.15	3.8292	1.6646	0.0615389	0.0592208
4.76	1.15046	3.83418	1.66429	0.061561	0.0579459
4.765	1.15093	3.83915	1.66399	0.0615877	0.0566684
4.77	1.15139	3.84413	1.66368	0.0616189	0.0553883
4.775	1.15185	3.84911	1.66337	0.0616547	0.0541057
4.78	1.15231	3.85409	1.66306	0.0616951	0.0528204
4.785	1.15277	3.85907	1.66275	0.06174	0.0515327
4.79	1.15323	3.86405	1.66244	0.0617896	0.0502424
4.795	1.15369	3.86903	1.66213	0.0618437	0.0489496
4.8	1.15414	3.87401	1.66183	0.0619024	0.0476543
4.805	1.15459	3.87899	1.66152	0.0619657	0.0463566
4.81	1.15505	3.88397	1.66121	0.0620336	0.0450564
4.815	1.1555	3.88894	1.6609	0.0621062	0.0437538
4.82	1.15594	3.89392	1.66059	0.0621833	0.0424487
4.825	1.15639	3.8989	1.66027	0.0622651	0.0411413
4.83	1.15684	3.90388	1.65996	0.0623514	0.0398315
4.835	1.15728	3.90887	1.65965	0.0624425	0.0385193
4.84	1.15772	3.91385	1.65934	0.0625381	0.0372048
4.845	1.15816	3.91883	1.65903	0.0626384	0.035888
4.85	1.1586	3.92381	1.65871	0.0627433	0.0345688
4.855	1.15904	3.92879	1.6584	0.0628529	0.0332474
4.86	1.15947	3.93377	1.65809	0.0629671	0.0319237
4.865	1.15991	3.93875	1.65777	0.063086	0.0305978
4.87	1.16034	3.94373	1.65746	0.0632095	0.0292696
4.875	1.16077	3.94871	1.65714	0.0633377	0.0279392
4.88	1.1612	3.95369	1.65682	0.0634706	0.0266066
4.885	1.16163	3.95868	1.6565	0.0636081	0.0252718
4.89	1.16206	3.96366	1.65619	0.0637503	0.0239349
4.895	1.16248	3.96864	1.65587	0.0638972	0.0225958
4.9	1.16291	3.97362	1.65555	0.0640487	0.0212546
4.905	1.16333	3.9786	1.65523	0.064205	0.0199113
4.91	1.16375	3.98359	1.65491	0.0643659	0.0185659
4.915	1.16417	3.98857	1.65459	0.0645315	0.0172184
4.92	1.16458	3.99355	1.65426	0.0647018	0.0158689
4.925	1.165	3.99853	1.65394	0.0648768	0.0145173
4.93	1.16541	4.00352	1.65362	0.0650565	0.0131637
4.935	1.16582	4.0085	1.65329	0.0652408	0.0118081
4.94	1.16623	4.01348	1.65296	0.0654299	0.0104506
4.945	1.16664	4.01847	1.65264	0.0656237	0.00909103
4.95	1.16705	4.02345	1.65231	0.0658222	0.00772956
4.955	1.16745	4.02843	1.65198	0.0660253	0.00636616
4.96	1.16786	4.03342	1.65165	0.0662332	0.00500085
4.965	1.16826	4.0384	1.65132	0.0664458	0.00363364
4.97	1.16866	4.04338	1.65099	0.0666632	0.00226456
4.975	1.16906	4.04837	1.65065	0.0668852	0.000893631
4.98	1.16946	4.05335	1.65032	0.0671119	-0.000479141
4.985	1.16985	4.05834	1.64998	0.0673434	-0.00185373
4.99	1.17025	4.06332	1.64965	0.0675795	-0.00323013
4.995	1.17064	4.06831	1.64931	0.0678204	-0.00460831
5	1.17103	4.07329	1.64897	0.068066	-0.00598825
5.005	1.17142	4.07828	1.64863	0.0683163	-0.00736994
5.01	1.17181	4.08326	1.64829	0.0685713	-0.00875337
5.015	1.17219	4.08825	1.64794	0.0688311	-0.0101385
5.02	1.17257	4.09323	1.6476	0.0690956	-0.0115253
5.025	1.17296	4.09822	1.64725	0.0693648	-0.0129138
5.03	1.17334	4.1032	1.64691	0.0696387	-0.014304
5.035	1.17371	4.10819	1.64656	0.0699173	-0.0156958
5.04	1.17409	4.11317	1.64621	0.0702007	-0.0170892
5.045	1.17447	4.11816	1.64586	0.0704888	-0.0184843
5.05	1.17484	4.12314	1.64551	0.0707816	-0.0198809
5.055	1.17521	4.12813	1.64515	0.0710791	-0.0212791
5.06	1.17558	4.13312	1.6448	0.0713813	-0.0226788
5.065	1.17595	4.1381	1.64444	0.0716883	-0.02408
5.07	1.17631	4.14309	1.64408	0.072	-0.0254828
5.075	1.17668	4.14808	1.64372	0.0723164	-0.0268871
5.08	1.17704	4.15306	1.64336	0.0726375	-0.0282929
5.085	1.1774	4.15805	1.643	0.0729633	-0.0297001
5.09	1.17776	4.16304	1.64263	0.0732939	-0.0311087
5.095	1.17812	4.16803	1.64227	0.0736292	-0.0325188
5.1	1.17847	4.17301	1.6419	0.0739692	-0.0339303
5.105	1.17883	4.178	1.64153	0.0743139	-0.0353431
5.11	1.17918	4.18299	1.64116	0.0746633	-0.0367574
5.115	1.17953	4.18798	1.64078	0.0750174	-0.038173
5.12	1.17988	4.19296	1.64041	0.0753763	-0.0395899
5.125	1.18022	4.19795	1.64003	0.0757398	-0.0410081
5.13	1.18057	4.20294	1.63965	0.0761081	-0.0424277
5.135	1.18091	4.20793	1.63927	0.076481	-0.0438485
5.14	1.18125	4.21292	1.63889	0.0768587	-0.0452706
5.145	1.18159	4.2179	1.6385	0.0772411	-0.0466939
5.15	1.18192	4.22289	1.63812	0.0776282	-0.0481184
5.155	1.18226	4.22788	1.63773	0.0780199	-0.0495442
5.16	1.18259	4.23287	1.63734	0.0784164	-0.0509711
5.165	1.18292	4.23786	1.63695	0.0788176	-0.0523992
5.17	1.18325	4.24285	1.63655	0.0792234	-0.0538285
5.175	1.18357	4.24784	1.63616	0.079634	-0.0552589
5.18	1.1839	4.25283	1.63576	0.0800492	-0.0566904
5.185	1.18422	4.25782	1.63536	0.0804691	-0.058123
5.19	1.18454	4.26281	1.63496	0.0808937	-0.0595567
5.195	1.18486	4.2678	1.63455	0.081323	-0.0609914
5.2	1.18518	4.27279	1.63415	0.081757	-0.0624272
5.205	1.18549	4.27778	1.63374	0.0821956	-0.063864
5.21	1.1858	4.28277	1.63333	0.0826389	-0.0653018
5.215	1.18612	4.28776	1.63291	0.0830869	-0.0667406
5.22	1.18642	4.29275	1.6325	0.0835396	-0.0681804
5.225	1.18673	4.29774	1.63208	0.0839969	-0.0696211
5.23	1.18703	4.30273	1.63166	0.0844589	-0.0710628
5.235	1.18734	4.30772	1.63124	0.0849255	-0.0725053
5.24	1.18764	4.31271	1.63081	0.0853968	-0.0739488
5.245	1.18793	4.3177	1.63039	0.0858727	-0.0753932
5.25	1.18823	4.32269	1.62996	0.0863533	-0.0768384
5.255	1.18852	4.32769	1.62953	0.0868385	-0.0782844
5.26	1.18881	4.33268	1.62909	0.0873284	-0.0797313
5.265	1.1891	4.33767	1.62865	0.0878229	-0.081179
5.27	1.18939	4.34266	1.62822	0.088322	-0.0826274
5.275	1.18967	4.34765	1.62777	0.0888257	-0.0840767
5.28	1.18996	4.35264	1.62733	0.0893341	-0.0855266
5.285	1.19024	4.35764	1.62688	0.0898471	-0.0869774
5.29	1.19052	4.36263	1.62643	0.0903647	-0.0884288
5.295	1.19079	4.36762	1.62598	0.090887	-0.0898809
5.3	1.19106	4.37261	1.62553	0.0914138	-0.0913337
5.305	1.19134	4.37761	1.62507	0.0919453	-0.0927871
5.31	1.19161	4.3826	1.62461	0.0924813	-0.0942412
5.315	1.19187	4.38759	1.62415	0.093022	-0.0956959
5.32	1.19214	4.39258	1.62368	0.0935672	-0.0971513
5.325	1.1924	4.39758	1.62322	0.094117	-0.0986071
5.33	1.19266	4.40257	1.62274	0.0946714	-0.100064
5.335	1.19291	4.40756	1.62227	0.0952304	-0.101521
5.34	1.19317	4.41256	1.62179	0.0957939	-0.102978
5.345	1.19342	4.41755	1.62132	0.0963621	-0.104436
5.35	1.19367	4.42255	1.62083	0.0969348	-0.105895
5.355	1.19392	4.42754	1.62035	0.097512	-0.107354
5.36	1.19417	4.43253	1.61986	0.0980938	-0.108813
5.365	1.19441	4.43753	1.61937	0.0986802	-0.110273
5.37	1.19465	4.44252	1.61888	0.099271	-0.111733
5.375	1.19489	4.44752	1.61838	0.0998665	-0.113194
5.38	1.19512	4.45251	1.61788	0.100466	-0.114655
5.385	1.19535	4.45751	1.61738	0.101071	-0.116117
5.39	1.19558	4.4625	1.61687	0.10168	-0.117578
5.395	1.19581	4.46749	1.61637	0.102294	-0.11904
5.4	1.19604	4.47249	1.61585	0.102912	-0.120503
5.405	1.19626	4.47748	1.61534	0.103534	-0.121966
5.41	1.19648	4.48248	1.61482	0.104161	-0.123429
5.415	1.1967	4.48748	1.6143	0.104793	-0.124892
5.42	1.19691	4.49247	1.61378	0.105429	-0.126355
5.425	1.19712	4.49747	1.61325	0.106069	-0.127819
5.43	1.19733	4.50246	1.61272	0.106714	-0.129283
5.435	1.19754	4.50746	1.61219	0.107364	-0.130747
5.44	1.19775	4.51245	1.61165	0.108018	-0.132211
5.445	1.19795	4.51745	1.61111	0.108676	-0.133675
5.45	1.19815	4.52245	1.61057	0.109339	-0.135139
5.455	1.19834	4.52744	1.61002	0.110006	-0.136604
5.46	1.19854	4.53244	1.60947	0.110678	-0.138069
5.465	1.19873	4.53743	1.60892	0.111354	-0.139533
5.47	1.19891	4.54243	1.60836	0.112035	-0.140998
5.475	1.1991	4.54743	1.6078	0.11272	-0.142462
5.48	1.19928	4.55242	1.60724	0.11341	-0.143927
5.485	1.19946	4.55742	1.60667	0.114104	-0.145392
5.49	1.19964	4.56242	1.6061	0.114802	-0.146856
5.495	1.19981	4.56741	1.60552	0.115505	-0.148321
5.5	1.19998	4.57241	1.60495	0.116212	-0.149785
5.505	1.20015	4.57741	1.60437	0.116923	-0.15125
5.51	1.20031	4.58241	1.60378	0.117639	-0.152714
5.515	1.20048	4.5874	1.60319	0.118359	-0.154178
5.52	1.20063	4.5924	1.6026	0.119084	-0.155642
5.525	1.20079	4.5974	1.60201	0.119813	-0.157106
5.53	1.20094	4.6024	1.60141	0.120547	-0.15857
5.535	1.20109	4.60739	1.6008	0.121284	-0.160033
5.54	1.20124	4.61239	1.6002	0.122026	-0.161496
5.545	1.20138	4.61739	1.59959	0.122773	-0.162959
5.55	1.20153	4.62239	1.59897	0.123524	-0.164422
5.555	1.20166	4.62739	1.59836	0.124279	-0.165884
5.56	1.2018	4.63238	1.59773	0.125038	-0.167346
5.565	1.20193	4.63738	1.59711	0.125802	-0.168808
5.57	1.20206	4.64238	1.59648	0.12657	-0.170269
5.575	1.20218	4.64738	1.59585	0.127342	-0.17173
5.58	1.2023	4.65238	1.59521	0.128119	-0.173191
5.585	1.20242	4.65738	1.59457	0.1289	-0.174651
5.59	1.20254	4.66237	1.59393	0.129685	-0.176111
5.595	1.20265	4.66737	1.59328	0.130474	-0.17757
5.6	1.20276	4.67237	1.59262	0.131268	-0.179029
5.605	1.20287	4.67737	1.59197	0.132066	-0.180487
5.61	1.20297	4.68237	1.59131	0.132868	-0.181945
5.615	1.20307	4.68737	1.59064	0.133675	-0.183402
5.62	1.20316	4.69237	1.58998	0.134485	-0.184859
5.625	1.20326	4.69737	1.5893	0.1353	-0.186315
5.63	1.20335	4.70237	1.58863	0.136119	-0.187771
5.635	1.20343	4.70737	1.58795	0.136943	-0.189225
5.64	1.20351	4.71236	1.58726	0.13777	-0.19068
5.645	1.20359	4.71736	1.58657	0.138602	-0.192133
5.65	1.20367	4.72236	1.58588	0.139438	-0.193586
5.655	1.20374	4.72736	1.58518	0.140278	-0.195039
5.66	1.20381	4.73236	1.58448	0.141123	-0.19649
5.665	1.20387	4.73736	1.58378	0.141971	-0.197941
5.67	1.20394	4.74236	1.58307	0.142824	-0.199391
5.675	1.20399	4.74736	1.58235	0.143681	-0.200841
5.68	1.20405	4.75236	1.58163	0.144542	-0.202289
5.685	1.2041	4.75736	1.58091	0.145407	-0.203737
5.69	1.20414	4.76236	1.58018	0.146276	-0.205184
5.695	1.20419	4.76736	1.57945	0.14715	-0.20663
5.7	1.20423	4.77236	1.57872	0.148027	-0.208075
5.705	1.20426	4.77736	1.57798	0.148909	-0.209519
5.71	1.2043	4.78236	1.57723	0.149795	-0.210963
5.715	1.20432	4.78736	1.57648	0.150685	-0.212405
5.72	1.20435	4.79236	1.57573	0.151578	-0.213846
5.725	1.20437	4.79736	1.57497	0.152477	-0.215287
5.73	1.20439	4.80236	1.57421	0.153379	-0.216726
5.735	1.2044	4.80736	1.57344	0.154285	-0.218165
5.74	1.20441	4.81236	1.57267	0.155195	-0.219602
5.745	1.20441	4.81736	1.57189	0.15611	-0.221038
5.75	1.20442	4.82236	1.57111	0.157028	-0.222474
5.755	1.20441	4.82736	1.57033	0.15795	-0.223908
5.76	1.20441	4.83236	1.56954	0.158877	-0.225341
5.765	1.2044	4.83736	1.56874	0.159807	-0.226773
5.77	1.20438	4.84236	1.56795	0.160742	-0.228203
5.775	1.20436	4.84736	1.56714	0.16168	-0.229633
5.78	1.20434	4.85236	1.56633	0.162623	-0.231061
5.785	1.20432	4.85736	1.56552	0.163569	-0.232488
5.79	1.20429	4.86236	1.5647	0.16452	-0.233914
5.795	1.20425	4.86736	1.56388	0.165475	-0.235338
5.8	1.20421	4.87236	1.56305	0.166433	-0.236761
5.805	1.20417	4.87736	1.56222	0.167395	-0.238183
5.81	1.20412	4.88236	1.56138	0.168362	-0.239604
5.815	1.20407	4.88736	1.56054	0.169332	-0.241023
5.82	1.20402	4.89236	1.55969	0.170307	-0.24244
5.825	1.20396	4.89736	1.55884	0.171285	-0.243857
5.83	1.20389	4.90236	1.55799	0.172267	-0.245272
5.835	1.20382	4.90736	1.55713	0.173253	-0.246685
5.84	1.20375	4.91236	1.55626	0.174243	-0.248097
5.845	1.20367	4.91736	1.55539	0.175237	-0.249507
5.85	1.20359	4.92236	1.55451	0.176235	-0.250916
5.855	1.20351	4.92735	1.55363	0.177237	-0.252323
5.86	1.20342	4.93235	1.55274	0.178242	-0.253729
5.865	1.20332	4.93735	1.55185	0.179252	-0.255133
5.87	1.20322	4.94235	1.55096	0.180265	-0.256536
5.875	1.20312	4.94735	1.55006	0.181283	-0.257937
5.88	1.20301	4.95235	1.54915	0.182304	-0.259336
5.885	1.2029	4.95735	1.54824	0.183329	-0.260734
5.89	1.20278	4.96235	1.54732	0.184358	-0.26213
5.895	1.20266	4.96735	1.5464	0.18539	-0.263524
5.9	1.20253	4.97234	1.54547	0.186427	-0.264916
5.905	1.2024	4.97734	1.54454	0.187467	-0.266307
5.91	1.20226	4.98234	1.5436	0.188511	-0.267696
5.915	1.20212	4.98734	1.54266	0.189559	-0.269082
5.92	1.20198	4.99234	1.54171	0.190611	-0.270468
5.925	1.20183	4.99733	1.54076	0.191666	-0.271851
5.93	1.20167	5.00233	1.5398	0.192726	-0.273232
5.935	1.20151	5.00733	1.53884	0.193789	-0.274612
5.94	1.20135	5.01233	1.53787	0.194856	-0.275989
5.945	1.20118	5.01732	1.53689	0.195926	-0.277365
5.95	1.20101	5.02232	1.53591	0.197001	-0.278738
5.955	1.20083	5.02732	1.53493	0.198079	-0.28011
5.96	1.20064	5.03231	1.53394	0.199161	-0.281479
5.965	1.20045	5.03731	1.53294	0.200246	-0.282847
5.97	1.20026	5.04231	1.53194	0.201335	-0.284212
5.975	1.20006	5.0473	1.53094	0.202429	-0.285575
5.98	1.19985	5.0523	1.52992	0.203525	-0.286936
5.985	1.19965	5.05729	1.52891	0.204626	-0.288295
5.99	1.19943	5.06229	1.52788	0.20573	-0.289652
5.995	1.19921	5.06728	1.52685	0.206838	-0.291007
6	1.19899	5.07228	1.52582	0.207949	-0.292359
6.005	1.19876	5.07727	1.52478	0.209065	-0.293709
6.01	1.19852	5.08227	1.52373	0.210183	-0.295057
6.015	1.19828	5.08726	1.52268	0.211306	-0.296402
6.02	1.19803	5.09226	1.52163	0.212432	-0.297745
6.025	1.19778	5.09725	1.52056	0.213562	-0.299086
6.03	1.19753	5.10224	1.5195	0.214696	-0.300425
6.035	1.19727	5.10724	1.51842	0.215833	-0.301761
6.04	1.197	5.11223	1.51734	0.216974	-0.303094
6.045	1.19673	5.11722	1.51626	0.218118	-0.304425
6.05	1.19645	5.12221	1.51517	0.219266	-0.305754
6.055	1.19616	5.12721	1.51407	0.220418	-0.30708
6.06	1.19588	5.1322	1.51297	0.221573	-0.308404
6.065	1.19558	5.13719	1.51186	0.222732	-0.309725
6.07	1.19528	5.14218	1.51075	0.223894	-0.311043
6.075	1.19498	5.14717	1.50963	0.22506	-0.312359
6.08	1.19466	5.15216	1.5085	0.22623	-0.313672
6.085	1.19435	5.15715	1.50737	0.227403	-0.314983
6.09	1.19402	5.16214	1.50624	0.228579	-0.31629
6.095	1.1937	5.16713	1.50509	0.22976	-0.317596
6.1	1.19336	5.17212	1.50394	0.230943	-0.318898
6.105	1.19302	5.17711	1.50279	0.232131	-0.320197
6.11	1.19268	5.1821	1.50163	0.233322	-0.321494
6.115	1.19233	5.18708	1.50046	0.234516	-0.322788
6.12	1.19197	5.19207	1.49929	0.235714	-0.324079
6.125	1.19161	5.19706	1.49811	0.236916	-0.325368
6.13	1.19124	5.20204	1.49693	0.23812	-0.326653
6.135	1.19086	5.20703	1.49574	0.239329	-0.327935
6.14	1.19048	5.21202	1.49454	0.240541	-0.329215
6.145	1.19009	5.217	1.49334	0.241756	-0.330491
6.15	1.1897	5.22198	1.49213	0.242975	-0.331765
6.155	1.1893	5.22697	1.49091	0.244198	-0.333035
6.16	1.1889	5.23195	1.48969	0.245424	-0.334302
6.165	1.18849	5.23694	1.48847	0.246653	-0.335567
6.17	1.18807	5.24192	1.48723	0.247886	-0.336828
6.175	1.18764	5.2469	1.48599	0.249122	-0.338086
6.18	1.18721	5.25188	1.48475	0.250362	-0.33934
6.185	1.18678	5.25686	1.48349	0.251605	-0.340592
6.19	1.18634	5.26184	1.48224	0.252851	-0.34184
6.195	1.18589	5.26682	1.48097	0.254101	-0.343085
6.2	1.18543	5.2718	1.4797	0.255355	-0.344327
6.205	1.18497	5.27678	1.47843	0.256612	-0.345566
6.21	1.1845	5.28176	1.47714	0.257872	-0.346801
6.215	1.18403	5.28674	1.47585	0.259136	-0.348032
6.22	1.18355	5.29171	1.47456	0.260403	-0.349261
6.225	1.18306	5.29669	1.47326	0.261673	-0.350486
6.23	1.18257	5.30166	1.47195	0.262947	-0.351707
6.235	1.18207	5.30664	1.47063	0.264224	-0.352925
6.24	1.18156	5.31161	1.46931	0.265505	-0.354139
6.245	1.18105	5.31659	1.46798	0.266789	-0.35535
6.25	1.18053	5.32156	1.46665	0.268076	-0.356557
6.255	1.18	5.32653	1.46531	0.269367	-0.357761
6.26	1.17947	5.3315	1.46396	0.270661	-0.358961
6.265	1.17893	5.33648	1.46261	0.271958	-0.360157
6.27	1.17838	5.34145	1.46125	0.273259	-0.36135
6.275	1.17783	5.34641	1.45988	0.274563	-0.362539
6.28	1.17727	5.35138	1.45851	0.275871	-0.363724
6.285	1.1767	5.35635	1.45713	0.277181	-0.364905
6.29	1.17613	5.36132	1.45574	0.278496	-0.366083
6.295	1.17555	5.36628	1.45435	0.279813	-0.367256
6.3	1.17496	5.37125	1.45295	0.281134	-0.368426
6.305	1.17437	5.37621	1.45155	0.282458	-0.369592
6.31	1.17376	5.38118	1.45014	0.283785	-0.370754
6.315	1.17315	5.38614	1.44872	0.285116	-0.371911
6.32	1.17254	5.3911	1.44729	0.286449	-0.373065
6.325	1.17192	5.39606	1.44586	0.287787	-0.374215
6.33	1.17129	5.40102	1.44442	0.289127	-0.375361
6.335	1.17065	5.40598	1.44297	0.290471	-0.376503
6.34	1.17	5.41094	1.44152	0.291818	-0.37764
6.345	1.16935	5.4159	1.44006	0.293168	-0.378773
6.35	1.16869	5.42085	1.4386	0.294522	-0.379903
6.355	1.16803	5.42581	1.43712	0.295879	-0.381027
6.36	1.16735	5.43076	1.43564	0.297239	-0.382148
6.365	1.16667	5.43572	1.43416	0.298602	-0.383264
6.37	1.16598	5.44067	1.43267	0.299969	-0.384376
6.375	1.16529	5.44562	1.43117	0.301338	-0.385484
6.38	1.16458	5.45057	1.42966	0.302711	-0.386587
6.385	1.16387	5.45552	1.42815	0.304088	-0.387686
6.39	1.16315	5.46047	1.42663	0.305467	-0.388781
6.395	1.16243	5.46542	1.4251	0.30685	-0.38987
6.4	1.1617	5.47036	1.42356	0.308236	-0.390956
6.405	1.16095	5.47531	1.42202	0.309625	-0.392037
6.41	1.16021	5.48025	1.42047	0.311017	-0.393113
6.415	1.15945	5.48519	1.41892	0.312413	-0.394184
6.42	1.15868	5.49013	1.41736	0.313812	-0.395251
6.425	1.15791	5.49507	1.41579	0.315214	-0.396313
6.43	1.15713	5.50001	1.41421	0.316619	-0.397371
6.435	1.15635	5.50495	1.41263	0.318027	-0.398424
6.44	1.15555	5.50989	1.41104	0.319439	-0.399472
6.445	1.15475	5.51482	1.40944	0.320854	-0.400515
6.45	1.15394	5.51976	1.40784	0.322272	-0.401553
6.455	1.15312	5.52469	1.40623	0.323693	-0.402586
6.46	1.15229	5.52962	1.40461	0.325117	-0.403615
6.465	1.15145	5.53455	1.40298	0.326544	-0.404638
6.47	1.15061	5.53948	1.40135	0.327975	-0.405656
6.475	1.14976	5.5444	1.39971	0.329409	-0.40667
6.48	1.1489	5.54933	1.39806	0.330846	-0.407678
6.485	1.14803	5.55425	1.39641	0.332286	-0.408681
6.49	1.14716	5.55918	1.39475	0.333729	-0.409679
6.495	1.14627	5.5641	1.39308	0.335176	-0.410672
6.5	1.14538	5.56902	1.3914	0.336625	-0.41166
6.505	1.14448	5.57394	1.38972	0.338078	-0.412642
6.51	1.14357	5.57885	1.38803	0.339534	-0.413619
6.515	1.14265	5.58377	1.38633	0.340993	-0.414591
6.52	1.14173	5.58868	1.38463	0.342455	-0.415558
6.525	1.1408	5.59359	1.38291	0.34392	-0.416519
6.53	1.13985	5.5985	1.38119	0.345388	-0.417474
6.535	1.1389	5.60341	1.37947	0.34686	-0.418424
6.54	1.13794	5.60832	1.37773	0.348335	-0.419369
6.545	1.13697	5.61322	1.37599	0.349812	-0.420308
6.55	1.136	5.61813	1.37424	0.351293	-0.421241
6.555	1.13501	5.62303	1.37249	0.352777	-0.422169
6.56	1.13402	5.62793	1.37072	0.354264	-0.423091
6.565	1.13302	5.63283	1.36895	0.355755	-0.424008
6.57	1.13201	5.63773	1.36717	0.357248	-0.424919
6.575	1.13099	5.64262	1.36539	0.358745	-0.425824
6.58	1.12996	5.64751	1.36359	0.360244	-0.426723
6.585	1.12892	5.65241	1.36179	0.361747	-0.427616
6.59	1.12787	5.65729	1.35998	0.363253	-0.428504
6.595	1.12682	5.66218	1.35817	0.364762	-0.429385
6.6	1.12575	5.66707	1.35634	0.366274	-0.430261
6.605	1.12468	5.67195	1.35451	0.367789	-0.43113
6.61	1.1236	5.67683	1.35267	0.369307	-0.431994
6.615	1.12251	5.68171	1.35082	0.370828	-0.432852
6.62	1.12141	5.68659	1.34897	0.372353	-0.433703
6.625	1.1203	5.69146	1.34711	0.37388	-0.434548
6.63	1.11918	5.69634	1.34524	0.375411	-0.435387
6.635	1.11805	5.70121	1.34336	0.376945	-0.43622
6.64	1.11692	5.70608	1.34148	0.378481	-0.437046
6.645	1.11577	5.71095	1.33959	0.380021	-0.437867
6.65	1.11462	5.71581	1.33769	0.381564	-0.438681
6.655	1.11345	5.72067	1.33578	0.38311	-0.439488
6.66	1.11228	5.72553	1.33386	0.38466	-0.440289
6.665	1.1111	5.73039	1.33194	0.386212	-0.441084
6.67	1.1099	5.73525	1.33001	0.387767	-0.441872
6.675	1.1087	5.7401	1.32807	0.389326	-0.442653
6.68	1.10749	5.74495	1.32612	0.390887	-0.443428
6.685	1.10627	5.7498	1.32417	0.392452	-0.444197
6.69	1.10504	5.75465	1.32221	0.39402	-0.444958
6.695	1.1038	5.75949	1.32024	0.395591	-0.445713
6.7	1.10255	5.76433	1.31826	0.397164	-0.446461
6.705	1.10129	5.76917	1.31627	0.398741	-0.447203
6.71	1.10002	5.77401	1.31428	0.400322	-0.447937
6.715	1.09874	5.77884	1.31228	0.401905	-0.448665
6.72	1.09746	5.78367	1.31027	0.403491	-0.449386
6.725	1.09616	5.7885	1.30825	0.40508	-0.4501
6.73	1.09485	5.79333	1.30622	0.406673	-0.450806
6.735	1.09353	5.79815	1.30419	0.408269	-0.451506
6.74	1.09221	5.80297	1.30215	0.409867	-0.452199
6.745	1.09087	5.80779	1.3001	0.411469	-0.452884
6.75	1.08952	5.8126	1.29804	0.413074	-0.453563
6.755	1.08817	5.81742	1.29598	0.414682	-0.454234
6.76	1.0868	5.82223	1.2939	0.416293	-0.454898
6.765	1.08542	5.82703	1.29182	0.417907	-0.455555
6.77	1.08404	5.83184	1.28973	0.419524	-0.456204
6.775	1.08264	5.83664	1.28763	0.421145	-0.456846
6.78	1.08123	5.84144	1.28553	0.422768	-0.45748
6.785	1.07981	5.84623	1.28342	0.424395	-0.458107
6.79	1.07839	5.85102	1.28129	0.426025	-0.458727
6.795	1.07695	5.85581	1.27916	0.427657	-0.459339
6.8	1.0755	5.8606	1.27702	0.429293	-0.459943
6.805	1.07404	5.86538	1.27488	0.430933	-0.46054
6.81	1.07258	5.87016	1.27272	0.432575	-0.461129
6.815	1.0711	5.87494	1.27056	0.43422	-0.46171
6.82	1.06961	5.87971	1.26839	0.435869	-0.462284
6.825	1.06811	5.88448	1.26621	0.43752	-0.46285
6.83	1.0666	5.88924	1.26402	0.439175	-0.463408
6.835	1.06508	5.89401	1.26183	0.440833	-0.463958
6.84	1.06355	5.89877	1.25962	0.442494	-0.4645
6.845	1.06201	5.90352	1.25741	0.444158	-0.465034
6.85	1.06045	5.90828	1.25519	0.445825	-0.46556
6.855	1.05889	5.91303	1.25296	0.447496	-0.466078
6.86	1.05732	5.91777	1.25072	0.449169	-0.466588
6.865	1.05573	5.92252	1.24848	0.450846	-0.46709
6.87	1.05414	5.92725	1.24622	0.452526	-0.467583
6.875	1.05253	5.93199	1.24396	0.454209	-0.468069
6.88	1.05092	5.93672	1.24169	0.455895	-0.468546
6.885	1.04929	5.94145	1.23941	0.457585	-0.469014
6.89	1.04765	5.94617	1.23712	0.459277	-0.469474
6.895	1.04601	5.95089	1.23483	0.460973	-0.469926
6.9	1.04435	5.95561	1.23252	0.462672	-0.47037
6.905	1.04268	5.96032	1.23021	0.464374	-0.470804
6.91	1.04099	5.96503	1.22789	0.46608	-0.471231
6.915	1.0393	5.96974	1.22555	0.467788	-0.471648
6.92	1.0376	5.97444	1.22322	0.4695	-0.472057
6.925	1.03589	5.97914	1.22087	0.471215	-0.472458
6.93	1.03416	5.98383	1.21851	0.472933	-0.472849
6.935	1.03242	5.98852	1.21615	0.474655	-0.473232
6.94	1.03068	5.9932	1.21377	0.47638	-0.473606
6.945	1.02892	5.99788	1.21139	0.478108	-0.473971
6.95	1.02715	6.00256	1.209	0.479839	-0.474327
6.955	1.02537	6.00723	1.2066	0.481573	-0.474674
6.96	1.02357	6.0119	1.20419	0.483311	-0.475012
6.965	1.02177	6.01656	1.20178	0.485052	-0.475341
6.97	1.01996	6.02122	1.19935	0.486796	-0.475661
6.975	1.01813	6.02588	1.19692	0.488544	-0.475972
6.98	1.01629	6.03053	1.19448	0.490295	-0.476274
6.985	1.01444	6.03517	1.19202	0.492049	-0.476566
6.99	1.01258	6.03981	1.18956	0.493806	-0.476849
6.995	1.01071	6.04445	1.1871	0.495567	-0.477123
7	1.00883	6.04908	1.18462	0.497331	-0.477387
7.005	1.00693	6.05371	1.18213	0.499099	-0.477642
7.01	1.00503	6.05833	1.17964	0.50087	-0.477887
7.015	1.00311	6.06295	1.17713	0.502644	-0.478123
7.02	1.00118	6.06756	1.17462	0.504421	-0.478349
7.025	0.999239	6.07217	1.1721	0.506202	-0.478566
7.03	0.997286	6.07677	1.16957	0.507987	-0.478773
7.035	0.995322	6.08137	1.16703	0.509774	-0.47897
7.04	0.993346	6.08596	1.16448	0.511565	-0.479157
7.045	0.991358	6.09055	1.16192	0.51336	-0.479335
7.05	0.989358	6.09513	1.15935	0.515158	-0.479503
7.055	0.987347	6.09971	1.15678	0.516959	-0.479661
7.06	0.985323	6.10428	1.15419	0.518764	-0.479809
7.065	0.983288	6.10885	1.1516	0.520572	-0.479947
7.07	0.981241	6.11341	1.14899	0.522384	-0.480075
7.075	0.979182	6.11797	1.14638	0.524199	-0.480192
7.08	0.977111	6.12252	1.14376	0.526018	-0.4803
7.085	0.975028	6.12706	1.14113	0.52784	-0.480398
7.09	0.972934	6.1316	1.13849	0.529665	-0.480485
7.095	0.970827	6.13614	1.13584	0.531495	-0.480562
7.1	0.968708	6.14067	1.13319	0.533327	-0.480628
7.105	0.966577	6.14519	1.13052	0.535164	-0.480685
7.11	0.964434	6.14971	1.12784	0.537004	-0.480731
7.115	0.962279	6.15422	1.12516	0.538847	-0.480766
7.12	0.960111	6.15873	1.12246	0.540694	-0.480791
7.125	0.957932	6.16323	1.11976	0.542545	-0.480805
7.13	0.95574	6.16772	1.11705	0.544399	-0.480809
7.135	0.953536	6.17221	1.11433	0.546257	-0.480802
7.14	0.95132	6.17669	1.1116	0.548119	-0.480784
7.145	0.949092	6.18117	1.10885	0.549984	-0.480756
7.15	0.946851	6.18564	1.1061	0.551853	-0.480716
7.155	0.944598	6.1901	1.10335	0.553725	-0.480666
7.16	0.942333	6.19456	1.10058	0.555602	-0.480605
7.165	0.940055	6.19901	1.0978	0.557482	-0.480534
7.17	0.937765	6.20345	1.09501	0.559366	-0.480451
7.175	0.935462	6.20789	1.09221	0.561253	-0.480357
7.18	0.933147	6.21232	1.08941	0.563145	-0.480252
7.185	0.930819	6.21675	1.08659	0.56504	-0.480136
7.19	0.928479	6.22117	1.08377	0.566939	-0.480008
7.195	0.926127	6.22558	1.08093	0.568842	-0.47987
7.2	0.923762	6.22998	1.07809	0.570749	-0.47972
7.205	0.921384	6.23438	1.07523	0.572659	-0.479559
7.21	0.918994	6.23877	1.07237	0.574574	-0.479387
7.215	0.916591	6.24316	1.0695	0.576492	-0.479203
7.22	0.914176	6.24754	1.06662	0.578415	-0.479007
7.225	0.911748	6.25191	1.06372	0.580341	-0.478801
7.23	0.909307	6.25627	1.06082	0.582271	-0.478582
7.235	0.906853	6.26063	1.05791	0.584206	-0.478352
7.24	0.904387	6.26498	1.05499	0.586144	-0.478111
7.245	0.901908	6.26932	1.05206	0.588086	-0.477857
7.25	0.899417	6.27365	1.04912	0.590033	-0.477592
7.255	0.896912	6.27798	1.04617	0.591983	-0.477316
7.26	0.894395	6.2823	1.04321	0.593938	-0.477027
7.265	0.891865	6.28661	1.04024	0.595897	-0.476727
7.27	0.889322	6.29092	1.03726	0.59786	-0.476414
7.275	0.886766	6.29522	1.03427	0.599827	-0.47609
7.28	0.884197	6.29951	1.03127	0.601799	-0.475753
7.285	0.881616	6.30379	1.02826	0.603774	-0.475405
7.29	0.879021	6.30806	1.02524	0.605754	-0.475045
7.295	0.876414	6.31233	1.02221	0.607739	-0.474672
7.3	0.873794	6.31659	1.01918	0.609727	-0.474287
7.305	0.87116	6.32084	1.01613	0.61172	-0.47389
7.31	0.868514	6.32508	1.01307	0.613718	-0.473481
7.315	0.865855	6.32931	1.01	0.61572	-0.473059
7.32	0.863182	6.33354	1.00692	0.617726	-0.472625
7.325	0.860497	6.33776	1.00383	0.619737	-0.472178
7.33	0.857799	6.34197	1.00073	0.621752	-0.471719
7.335	0.855087	6.34617	0.997625	0.623772	-0.471248
7.34	0.852363	6.35036	0.994506	0.625796	-0.470764
7.345	0.849625	6.35454	0.991377	0.627825	-0.470267
7.35	0.846874	6.35872	0.988238	0.629858	-0.469758
7.355	0.84411	6.36289	0.985089	0.631897	-0.469236
7.36	0.841333	6.36704	0.981929	0.63394	-0.468702
7.365	0.838543	6.37119	0.97876	0.635987	-0.468154
7.37	0.835739	6.37533	0.97558	0.63804	-0.467594
7.375	0.832923	6.37946	0.97239	0.640097	-0.467021
7.38	0.830093	6.38359	0.969189	0.642159	-0.466435
7.385	0.82725	6.3877	0.965978	0.644226	-0.465836
7.39	0.824394	6.3918	0.962757	0.646298	-0.465224
7.395	0.821524	6.3959	0.959526	0.648375	-0.4646
7.4	0.818641	6.39998	0.956284	0.650457	-0.463962
7.405	0.815745	6.40406	0.953032	0.652545	-0.46331
7.41	0.812836	6.40813	0.949769	0.654637	-0.462646
7.415	0.809913	6.41218	0.946496	0.656734	-0.461969
7.42	0.806977	6.41623	0.943212	0.658836	-0.461278
7.425	0.804028	6.42027	0.939918	0.660944	-0.460574
7.43	0.801065	6.4243	0.936613	0.663057	-0.459857
7.435	0.798089	6.42831	0.933298	0.665175	-0.459126
7.44	0.7951	6.43232	0.929972	0.667299	-0.458382
7.445	0.792097	6.43632	0.926635	0.669428	-0.457625
7.45	0.789081	6.44031	0.923288	0.671563	-0.456854
7.455	0.786052	6.44428	0.91993	0.673703	-0.456069
7.46	0.783009	6.44825	0.916562	0.675848	-0.455271
7.465	0.779953	6.45221	0.913183	0.678	-0.454459
7.47	0.776884	6.45616	0.909793	0.680157	-0.453634
7.475	0.773801	6.46009	0.906392	0.682319	-0.452795
7.48	0.770704	6.46402	0.90298	0.684488	-0.451942
7.485	0.767594	6.46793	0.899558	0.686662	-0.451075
7.49	0.764471	6.47184	0.896125	0.688842	-0.450195
7.495	0.761335	6.47573	0.89268	0.691028	-0.449301
7.5	0.758185	6.47962	0.889225	0.69322	-0.448393
7.505	0.755021	6.48349	0.885759	0.695418	-0.447471
7.51	0.751844	6.48735	0.882282	0.697623	-0.446535
7.515	0.748654	6.4912	0.878794	0.699833	-0.445585
7.52	0.74545	6.49504	0.875295	0.70205	-0.444621
7.525	0.742233	6.49886	0.871785	0.704273	-0.443643
7.53	0.739002	6.50268	0.868263	0.706503	-0.44265
7.535	0.735758	6.50648	0.864731	0.708739	-0.441644
7.54	0.7325	6.51028	0.861187	0.710981	-0.440623
7.545	0.729229	6.51406	0.857632	0.71323	-0.439589
7.55	0.725944	6.51783	0.854066	0.715486	-0.438539
7.555	0.722646	6.52159	0.850488	0.717748	-0.437476
7.56	0.719334	6.52533	0.8469	0.720018	-0.436398
7.565	0.716009	6.52907	0.8433	0.722294	-0.435306
7.57	0.712671	6.53279	0.839688	0.724577	-0.4342
7.575	0.709319	6.5365	0.836065	0.726868	-0.433079
7.58	0.705954	6.5402	0.832431	0.729165	-0.431943
7.585	0.702575	6.54388	0.828785	0.73147	-0.430793
7.59	0.699182	6.54756	0.825128	0.733782	-0.429629
7.595	0.695777	6.55122	0.821459	0.736101	-0.42845
7.6	0.692358	6.55487	0.817778	0.738428	-0.427256
7.605	0.688925	6.5585	0.814086	0.740763	-0.426048
7.61	0.685479	6.56212	0.810382	0.743105	-0.424825
7.615	0.682019	6.56573	0.806667	0.745455	-0.423587
7.62	0.678546	6.56933	0.80294	0.747813	-0.422334
7.625	0.67506	6.57291	0.799201	0.750179	-0.421067
7.63	0.67156	6.57649	0.79545	0.752553	-0.419785
7.635	0.668047	6.58004	0.791687	0.754935	-0.418488
7.64	0.66452	6.58359	0.787912	0.757326	-0.417176
7.645	0.66098	6.58712	0.784126	0.759724	-0.415849
7.65	0.657427	6.59064	0.780327	0.762132	-0.414508
7.655	0.65386	6.59414	0.776516	0.764548	-0.413151
7.66	0.65028	6.59763	0.772694	0.766973	-0.411779
7.665	0.646686	6.60111	0.768859	0.769406	-0.410393
7.67	0.643079	6.60457	0.765012	0.771849	-0.408991
7.675	0.639459	6.60802	0.761152	0.774301	-0.407574
7.68	0.635826	6.61145	0.757281	0.776762	-0.406142
7.685	0.632179	6.61487	0.753397	0.779232	-0.404695
7.69	0.628519	6.61828	0.749501	0.781712	-0.403232
7.695	0.624845	6.62167	0.745592	0.784201	-0.401755
7.7	0.621158	6.62505	0.741671	0.786701	-0.400262
7.705	0.617458	6.62841	0.737738	0.78921	-0.398754
7.71	0.613745	6.63176	0.733792	0.791729	-0.39723
7.715	0.610019	6.6351	0.729833	0.794259	-0.395691
7.72	0.606279	6.63841	0.725862	0.796799	-0.394137
7.725	0.602526	6.64172	0.721878	0.799349	-0.392568
7.73	0.59876	6.64501	0.717881	0.801911	-0.390983
7.735	0.594981	6.64828	0.713872	0.804483	-0.389382
7.74	0.591189	6.65154	0.709849	0.807066	-0.387766
7.745	0.587384	6.65478	0.705814	0.809661	-0.386135
7.75	0.583565	6.65801	0.701766	0.812266	-0.384488
7.755	0.579733	6.66122	0.697704	0.814884	-0.382826
7.76	0.575889	6.66442	0.69363	0.817513	-0.381148
7.765	0.572031	6.6676	0.689542	0.820154	-0.379454
7.77	0.56816	6.67077	0.685441	0.822808	-0.377745
7.775	0.564277	6.67391	0.681327	0.825474	-0.37602
7.78	0.56038	6.67705	0.6772	0.828152	-0.374279
7.785	0.55647	6.68016	0.673059	0.830843	-0.372523
7.79	0.552548	6.68327	0.668905	0.833548	-0.370751
7.795	0.548613	6.68635	0.664737	0.836265	-0.368963
7.8	0.544664	6.68942	0.660556	0.838996	-0.367159
7.805	0.540703	6.69247	0.656361	0.841741	-0.36534
7.81	0.536729	6.6955	0.652152	0.8445	-0.363505
7.815	0.532743	6.69852	0.64793	0.847273	-0.361653
7.82	0.528743	6.70152	0.643693	0.85006	-0.359786
7.825	0.524731	6.7045	0.639443	0.852863	-0.357904
7.83	0.520706	6.70747	0.635179	0.85568	-0.356005
7.835	0.516669	6.71042	0.6309	0.858513	-0.35409
7.84	0.512619	6.71335	0.626608	0.861361	-0.352159
7.845	0.508556	6.71627	0.622301	0.864226	-0.350212
7.85	0.504481	6.71916	0.61798	0.867106	-0.348249
7.855	0.500393	6.72204	0.613644	0.870003	-0.346271
7.86	0.496293	6.72491	0.609294	0.872917	-0.344276
7.865	0.49218	6.72775	0.60493	0.875849	-0.342265
7.87	0.488055	6.73057	0.600551	0.878797	-0.340237
7.875	0.483917	6.73338	0.596157	0.881764	-0.338194
7.88	0.479767	6.73617	0.591748	0.884749	-0.336135
7.885	0.475605	6.73894	0.587324	0.887753	-0.334059
7.89	0.471431	6.74169	0.582885	0.890776	-0.331967
7.895	0.467244	6.74443	0.578431	0.893818	-0.329859
7.9	0.463046	6.74714	0.573962	0.896881	-0.327734
7.905	0.458835	6.74984	0.569478	0.899964	-0.325593
7.91	0.454612	6.75251	0.564978	0.903067	-0.323436
7.915	0.450377	6.75517	0.560463	0.906192	-0.321263
7.92	0.44613	6.75781	0.555932	0.909339	-0.319073
7.925	0.441871	6.76043	0.551385	0.912507	-0.316867
7.93	0.4376	6.76303	0.546822	0.915699	-0.314644
7.935	0.433317	6.76561	0.542244	0.918914	-0.312405
7.94	0.429022	6.76817	0.537649	0.922153	-0.31015
7.945	0.424716	6.77071	0.533039	0.925416	-0.307878
7.95	0.420398	6.77323	0.528412	0.928704	-0.305589
7.955	0.416068	6.77573	0.523768	0.932018	-0.303284
7.96	0.411727	6.77821	0.519108	0.935359	-0.300962
7.965	0.407374	6.78067	0.514431	0.938726	-0.298623
7.97	0.40301	6.78311	0.509738	0.94212	-0.296268
7.975	0.398634	6.78553	0.505027	0.945543	-0.293897
7.98	0.394247	6.78793	0.500299	0.948996	-0.291508
7.985	0.389848	6.79031	0.495554	0.952478	-0.289103
7.99	0.385438	6.79267	0.490792	0.95599	-0.286681
7.995	0.381017	6.795	0.486012	0.959534	-0.284242
8	0.376585	6.79732	0.481214	0.963111	-0.281787
8.005	0.372142	6.79961	0.476399	0.96672	-0.279314
8.01	0.367688	6.80188	0.471565	0.970364	-0.276825
8.015	0.363222	6.80413	0.466713	0.974043	-0.274318
8.02	0.358746	6.80636	0.461843	0.977758	-0.271795
8.025	0.354259	6.80856	0.456954	0.98151	-0.269254
8.03	0.349761	6.81075	0.452047	0.9853	-0.266697
8.035	0.345253	6.81291	0.44712	0.98913	-0.264122
8.04	0.340734	6.81505	0.442175	0.993001	-0.26153
8.045	0.336204	6.81717	0.43721	0.996913	-0.258921
8.05	0.331664	6.81926	0.432225	1.00087	-0.256295
8.055	0.327113	6.82133	0.427221	1.00487	-0.253651
8.06	0.322552	6.82338	0.422196	1.00892	-0.250991
8.065	0.317981	6.82541	0.417152	1.01301	-0.248312
8.07	0.3134	6.82741	0.412087	1.01715	-0.245616
8.075	0.308808	6.82939	0.407001	1.02135	-0.242903
8.08	0.304207	6.83134	0.401894	1.02559	-0.240172
8.085	0.299595	6.83328	0.396766	1.02989	-0.237424
8.09	0.294974	6.83519	0.391617	1.03425	-0.234658
8.095	0.290342	6.83707	0.386446	1.03867	-0.231874
8.1	0.285701	6.83893	0.381252	1.04314	-0.229072
8.105	0.281051	6.84077	0.376036	1.04768	-0.226253
8.11	0.27639	6.84258	0.370798	1.05229	-0.223415
8.115	0.271721	6.84437	0.365537	1.05696	-0.22056
8.12	0.267042	6.84613	0.360252	1.0617	-0.217686
8.125	0.262353	6.84787	0.354943	1.06652	-0.214795
8.13	0.257656	6.84958	0.349611	1.07141	-0.211885
8.135	0.252949	6.85127	0.344254	1.07638	-0.208956
8.14	0.248234	6.85293	0.338872	1.08144	-0.20601
8.145	0.243509	6.85456	0.333465	1.08658	-0.203045
8.15	0.238776	6.85618	0.328032	1.09181	-0.200061
8.155	0.234034	6.85776	0.322573	1.09714	-0.197059
8.16	0.229283	6.85932	0.317087	1.10256	-0.194038
8.165	0.224524	6.86085	0.311574	1.10809	-0.190998
8.17	0.219756	6.86236	0.306034	1.11373	-0.187939
8.175	0.21498	6.86384	0.300465	1.11949	-0.184861
8.18	0.210196	6.86529	0.294868	1.12536	-0.181764
8.185	0.205403	6.86672	0.289241	1.13136	-0.178648
8.19	0.200603	6.86812	0.283584	1.1375	-0.175513
8.195	0.195795	6.86949	0.277896	1.14378	-0.172358
8.2	0.190979	6.87083	0.272178	1.1502	-0.169183
8.205	0.186155	6.87215	0.266427	1.15679	-0.165989
8.21	0.181324	6.87344	0.260643	1.16354	-0.162776
8.215	0.176486	6.8747	0.254825	1.17047	-0.159543
8.22	0.17164	6.87593	0.248973	1.1776	-0.15629
8.225	0.166787	6.87713	0.243085	1.18492	-0.153017
8.23	0.161927	6.87831	0.23716	1.19246	-0.149724
8.235	0.15706	6.87945	0.231198	1.20024	-0.146411
8.24	0.152186	6.88057	0.225196	1.20827	-0.143079
8.245	0.147306	6.88166	0.219155	1.21656	-0.139727
8.25	0.142419	6.88271	0.213072	1.22515	-0.136355
8.255	0.137525	6.88374	0.206947	1.23406	-0.132963
8.26	0.132626	6.88474	0.200776	1.24331	-0.129553
8.265	0.12772	6.88571	0.19456	1.25293	-0.126123
8.27	0.122809	6.88664	0.188295	1.26298	-0.122675
8.275	0.117891	6.88755	0.18198	1.27347	-0.119209
8.28	0.112968	6.88842	0.175613	1.28447	-0.115725
8.285	0.108039	6.88926	0.16919	1.29603	-0.112226
8.29	0.103105	6.89007	0.16271	1.30823	-0.108711
8.295	0.0981663	6.89085	0.156169	1.32113	-0.105183
8.3	0.0932221	6.89159	0.149563	1.33484	-0.101645
8.305	0.0882731	6.89231	0.142889	1.34949	-0.0980981
8.31	0.0833194	6.89299	0.136142	1.3652	-0.0945472
8.315	0.0783611	6.89363	0.129316	1.38217	-0.0909971
8.32	0.0733985	6.89424	0.122405	1.40064	-0.0874545
8.325	0.0684318	6.89482	0.115402	1.4209	-0.0839286
8.33	0.0634611	6.89536	0.108297	1.44337	-0.0804319
8.335	0.0584866	6.89586	0.10108	1.46858	-0.0769816
8.34	0.0535085	6.89633	0.0937375	1.49731	-0.0736026
8.345	0.0485271	6.89676	0.0862509	1.53067	-0.0703306
8.35	0.0435426	6.89715	0.0785976	1.57031	-0.0672194
8.355	0.0385551	6.89751	0.070746	1.61885	-0.0643525
8.36	0.0335649	6.89782	0.0626518	1.68067	-0.0618659
8.365	0.0285722	6.89809	0.0542485	1.7636	-0.0599949
8.37	0.0235774	6.89832	0.0454305	1.88307	-0.0591808
8.375	0.0185806	6.8985	0.0360151	2.07349	-0.0603535
8.38	0.0135823	6.89863	0.0256477	2.42645	-0.0658586
8.385	0.00858274	6.89869	0.0135154	3.26335	-0.0838808
8.39	0.00358276	6.89868	-0.00280133	6.45361	-0.17523
