descriptor s_test R_test Z_test
0	1.6849	9.99999e-006	0.002	-0.401978	-0.00161637
0.005	1.6799	3.00494e-005	0.00400989	-0.403958	-0.00324911
0.01	1.6749	6.01976e-005	0.00602968	-0.405941	-0.00489826
0.015	1.6699	0.000100494	0.00805938	-0.407927	-0.00656381
0.02	1.6649	0.000150988	0.010099	-0.409916	-0.00824579
0.025	1.6599	0.00021173	0.0121486	-0.411908	-0.0099442
0.03	1.6549	0.000282768	0.0142081	-0.413903	-0.0116591
0.035	1.6499	0.000364153	0.0162776	-0.415901	-0.0133904
0.04	1.6449	0.000455933	0.0183572	-0.417903	-0.0151382
0.045	1.6399	0.00055816	0.0204467	-0.419908	-0.0169025
0.05	1.63491	0.000670881	0.0225462	-0.421916	-0.0186834
0.055	1.62991	0.000794147	0.0246558	-0.423928	-0.0204807
0.06	1.62491	0.000928009	0.0267754	-0.425943	-0.0222946
0.065	1.61991	0.00107251	0.0289051	-0.427962	-0.024125
0.07	1.61491	0.00122771	0.031045	-0.429985	-0.025972
0.075	1.60992	0.00139366	0.0331949	-0.432012	-0.0278355
0.08	1.60492	0.0015704	0.0353549	-0.434042	-0.0297156
0.085	1.59992	0.00175798	0.0375251	-0.436077	-0.0316124
0.09	1.59493	0.00195645	0.0397055	-0.438115	-0.0335257
0.095	1.58993	0.00216587	0.0418961	-0.440158	-0.0354556
0.1	1.58494	0.00238629	0.0440969	-0.442205	-0.0374022
0.105	1.57994	0.00261774	0.0463079	-0.444257	-0.0393654
0.11	1.57495	0.00286029	0.0485292	-0.446312	-0.0413453
0.115	1.56995	0.00311399	0.0507608	-0.448373	-0.0433418
0.12	1.56496	0.00337888	0.0530026	-0.450438	-0.045355
0.125	1.55997	0.00365501	0.0552548	-0.452508	-0.0473849
0.13	1.55498	0.00394244	0.0575174	-0.454582	-0.0494314
0.135	1.54999	0.00424121	0.0597903	-0.456661	-0.0514947
0.14	1.54499	0.00455138	0.0620736	-0.458746	-0.0535747
0.145	1.54001	0.00487299	0.0643673	-0.460835	-0.0556714
0.15	1.53502	0.00520611	0.0666715	-0.46293	-0.0577848
0.155	1.53003	0.00555076	0.0689861	-0.46503	-0.059915
0.16	1.52504	0.00590702	0.0713113	-0.467135	-0.0620619
0.165	1.52005	0.00627492	0.073647	-0.469246	-0.0642256
0.17	1.51507	0.00665452	0.0759932	-0.471362	-0.0664061
0.175	1.51008	0.00704587	0.07835	-0.473484	-0.0686033
0.18	1.5051	0.00744902	0.0807174	-0.475612	-0.0708173
0.185	1.50012	0.00786402	0.0830955	-0.477746	-0.0730481
0.19	1.49514	0.00829092	0.0854842	-0.479885	-0.0752957
0.195	1.49016	0.00872977	0.0878836	-0.482031	-0.0775601
0.2	1.48518	0.00918063	0.0902938	-0.484183	-0.0798413
0.205	1.4802	0.00964354	0.0927147	-0.486342	-0.0821394
0.21	1.47522	0.0101186	0.0951464	-0.488506	-0.0844542
0.215	1.47024	0.0106057	0.0975889	-0.490678	-0.0867859
0.22	1.46527	0.0111051	0.100042	-0.492856	-0.0891345
0.225	1.46029	0.0116167	0.102507	-0.49504	-0.0914999
0.23	1.45532	0.0121407	0.104982	-0.497232	-0.0938821
0.235	1.45035	0.012677	0.107468	-0.499431	-0.0962812
0.24	1.44538	0.0132257	0.109965	-0.501636	-0.0986972
0.245	1.44041	0.0137869	0.112473	-0.503849	-0.10113
0.25	1.43545	0.0143606	0.114993	-0.50607	-0.10358
0.255	1.43048	0.0149468	0.117523	-0.508298	-0.106046
0.26	1.42552	0.0155457	0.120064	-0.510533	-0.10853
0.265	1.42055	0.0161573	0.122617	-0.512776	-0.11103
0.27	1.41559	0.0167815	0.125181	-0.515027	-0.113548
0.275	1.41063	0.0174186	0.127756	-0.517286	-0.116082
0.28	1.40568	0.0180685	0.130343	-0.519553	-0.118633
0.285	1.40072	0.0187312	0.13294	-0.521828	-0.121201
0.29	1.39577	0.0194069	0.135549	-0.524112	-0.123786
0.295	1.39081	0.0200955	0.13817	-0.526404	-0.126388
0.3	1.38586	0.0207972	0.140802	-0.528705	-0.129006
0.305	1.38091	0.021512	0.143446	-0.531014	-0.131642
0.31	1.37597	0.0222399	0.146101	-0.533333	-0.134294
0.315	1.37102	0.022981	0.148767	-0.53566	-0.136964
0.32	1.36608	0.0237353	0.151446	-0.537997	-0.13965
0.325	1.36114	0.024503	0.154136	-0.540343	-0.142354
0.33	1.3562	0.0252839	0.156837	-0.542699	-0.145074
0.335	1.35126	0.0260783	0.159551	-0.545064	-0.147811
0.34	1.34633	0.0268861	0.162276	-0.547439	-0.150565
0.345	1.3414	0.0277075	0.165013	-0.549823	-0.153337
0.35	1.33647	0.0285423	0.167762	-0.552218	-0.156125
0.355	1.33154	0.0293908	0.170523	-0.554623	-0.158929
0.36	1.32662	0.030253	0.173297	-0.557038	-0.161751
0.365	1.32169	0.0311289	0.176082	-0.559464	-0.16459
0.37	1.31677	0.0320185	0.178879	-0.561901	-0.167446
0.375	1.31186	0.0329219	0.181689	-0.564348	-0.170319
0.38	1.30694	0.0338393	0.18451	-0.566807	-0.173208
0.385	1.30203	0.0347705	0.187344	-0.569276	-0.176115
0.39	1.29712	0.0357157	0.190191	-0.571757	-0.179038
0.395	1.29221	0.036675	0.19305	-0.574249	-0.181978
0.4	1.28731	0.0376484	0.195921	-0.576753	-0.184936
0.405	1.2824	0.0386358	0.198805	-0.579269	-0.18791
0.41	1.27751	0.0396375	0.201701	-0.581797	-0.190901
0.415	1.27261	0.0406535	0.20461	-0.584336	-0.193909
0.42	1.26772	0.0416837	0.207532	-0.586889	-0.196934
0.425	1.26283	0.0427283	0.210466	-0.589453	-0.199976
0.43	1.25794	0.0437872	0.213413	-0.592031	-0.203034
0.435	1.25306	0.0448607	0.216373	-0.594621	-0.20611
0.44	1.24818	0.0459486	0.219347	-0.597224	-0.209202
0.445	1.2433	0.0470512	0.222333	-0.599841	-0.212311
0.45	1.23843	0.0481683	0.225332	-0.60247	-0.215438
0.455	1.23356	0.0493001	0.228344	-0.605114	-0.21858
0.46	1.22869	0.0504467	0.23137	-0.607771	-0.22174
0.465	1.22383	0.051608	0.234409	-0.610442	-0.224917
0.47	1.21897	0.0527842	0.237461	-0.613128	-0.22811
0.475	1.21411	0.0539753	0.240526	-0.615827	-0.231321
0.48	1.20926	0.0551813	0.243606	-0.618542	-0.234548
0.485	1.20441	0.0564023	0.246698	-0.621271	-0.237791
0.49	1.19957	0.0576384	0.249805	-0.624015	-0.241052
0.495	1.19472	0.0588896	0.252925	-0.626774	-0.244329
0.5	1.18989	0.0601559	0.256059	-0.629548	-0.247623
0.505	1.18505	0.0614375	0.259206	-0.632338	-0.250934
0.51	1.18023	0.0627343	0.262368	-0.635144	-0.254261
0.515	1.1754	0.0640465	0.265544	-0.637966	-0.257606
0.52	1.17058	0.0653741	0.268734	-0.640803	-0.260966
0.525	1.16576	0.0667171	0.271938	-0.643658	-0.264344
0.53	1.16095	0.0680755	0.275156	-0.646529	-0.267738
0.535	1.15614	0.0694496	0.278389	-0.649417	-0.271149
0.54	1.15134	0.0708392	0.281636	-0.652321	-0.274576
0.545	1.14654	0.0722445	0.284897	-0.655244	-0.27802
0.55	1.14175	0.0736655	0.288173	-0.658183	-0.28148
0.555	1.13696	0.0751023	0.291464	-0.661141	-0.284957
0.56	1.13218	0.0765549	0.29477	-0.664116	-0.288451
0.565	1.1274	0.0780234	0.298091	-0.667109	-0.29196
0.57	1.12262	0.0795078	0.301426	-0.670121	-0.295487
0.575	1.11785	0.0810082	0.304777	-0.673152	-0.299029
0.58	1.11309	0.0825246	0.308143	-0.676201	-0.302589
0.585	1.10833	0.0840572	0.311524	-0.67927	-0.306164
0.59	1.10357	0.0856059	0.31492	-0.682358	-0.309756
0.595	1.09883	0.0871708	0.318332	-0.685465	-0.313364
0.6	1.09408	0.088752	0.321759	-0.688593	-0.316988
0.605	1.08934	0.0903495	0.325202	-0.69174	-0.320628
0.61	1.08461	0.0919633	0.328661	-0.694908	-0.324285
0.615	1.07989	0.0935937	0.332135	-0.698097	-0.327958
0.62	1.07516	0.0952405	0.335626	-0.701306	-0.331646
0.625	1.07045	0.0969038	0.339132	-0.704536	-0.335351
0.63	1.06574	0.0985837	0.342655	-0.707788	-0.339072
0.635	1.06104	0.10028	0.346194	-0.711061	-0.342809
0.64	1.05634	0.101994	0.349749	-0.714357	-0.346562
0.645	1.05165	0.103724	0.353321	-0.717674	-0.35033
0.65	1.04696	0.105471	0.356909	-0.721014	-0.354114
0.655	1.04228	0.107234	0.360514	-0.724376	-0.357915
0.66	1.03761	0.109015	0.364136	-0.727761	-0.36173
0.665	1.03295	0.110813	0.367775	-0.73117	-0.365562
0.67	1.02829	0.112628	0.371431	-0.734601	-0.369409
0.675	1.02364	0.114459	0.375104	-0.738057	-0.373271
0.68	1.01899	0.116308	0.378794	-0.741537	-0.377149
0.685	1.01435	0.118175	0.382502	-0.74504	-0.381042
0.69	1.00972	0.120058	0.386227	-0.748569	-0.38495
0.695	1.00509	0.121959	0.38997	-0.752122	-0.388874
0.7	1.00048	0.123877	0.393731	-0.7557	-0.392813
0.705	0.995867	0.125813	0.397509	-0.759303	-0.396767
0.71	0.991264	0.127766	0.401306	-0.762932	-0.400736
0.715	0.986669	0.129736	0.40512	-0.766587	-0.40472
0.72	0.982081	0.131725	0.408953	-0.770268	-0.408718
0.725	0.977501	0.133731	0.412805	-0.773976	-0.412732
0.73	0.972929	0.135754	0.416674	-0.77771	-0.41676
0.735	0.968365	0.137796	0.420563	-0.781471	-0.420802
0.74	0.963809	0.139855	0.42447	-0.78526	-0.424859
0.745	0.95926	0.141932	0.428397	-0.789075	-0.42893
0.75	0.954721	0.144027	0.432342	-0.792919	-0.433016
0.755	0.950189	0.14614	0.436307	-0.796791	-0.437115
0.76	0.945666	0.148271	0.440291	-0.800691	-0.441229
0.765	0.941151	0.15042	0.444294	-0.80462	-0.445357
0.77	0.936645	0.152587	0.448317	-0.808578	-0.449498
0.775	0.932148	0.154773	0.45236	-0.812564	-0.453653
0.78	0.92766	0.156976	0.456423	-0.816581	-0.457821
0.785	0.923181	0.159198	0.460506	-0.820627	-0.462003
0.79	0.918711	0.161439	0.464609	-0.824702	-0.466198
0.795	0.91425	0.163697	0.468732	-0.828808	-0.470406
0.8	0.909799	0.165975	0.472876	-0.832945	-0.474627
0.805	0.905357	0.16827	0.477041	-0.837112	-0.47886
0.81	0.900925	0.170585	0.481227	-0.841311	-0.483107
0.815	0.896503	0.172918	0.485433	-0.84554	-0.487365
0.82	0.89209	0.175269	0.489661	-0.849801	-0.491636
0.825	0.887688	0.17764	0.49391	-0.854094	-0.49592
0.83	0.883295	0.180029	0.49818	-0.858419	-0.500215
0.835	0.878914	0.182437	0.502473	-0.862776	-0.504522
0.84	0.874542	0.184864	0.506786	-0.867165	-0.50884
0.845	0.870181	0.187309	0.511122	-0.871587	-0.51317
0.85	0.865831	0.189774	0.51548	-0.876042	-0.51751
0.855	0.861491	0.192258	0.51986	-0.88053	-0.521862
0.86	0.857163	0.194761	0.524263	-0.885052	-0.526225
0.865	0.852845	0.197283	0.528688	-0.889606	-0.530597
0.87	0.848539	0.199824	0.533136	-0.894195	-0.534981
0.875	0.844245	0.202385	0.537607	-0.898818	-0.539374
0.88	0.839962	0.204964	0.542101	-0.903474	-0.543777
0.885	0.83569	0.207563	0.546619	-0.908165	-0.548189
0.89	0.831431	0.210182	0.55116	-0.91289	-0.552611
0.895	0.827183	0.212819	0.555724	-0.91765	-0.557041
0.9	0.822948	0.215477	0.560312	-0.922444	-0.56148
0.905	0.818724	0.218153	0.564924	-0.927274	-0.565928
0.91	0.814514	0.22085	0.569561	-0.932138	-0.570383
0.915	0.810316	0.223566	0.574222	-0.937037	-0.574847
0.92	0.80613	0.226301	0.578907	-0.941972	-0.579318
0.925	0.801958	0.229056	0.583617	-0.946942	-0.583796
0.93	0.797799	0.231831	0.588351	-0.951947	-0.588281
0.935	0.793653	0.234626	0.593111	-0.956987	-0.592772
0.94	0.78952	0.237441	0.597896	-0.962063	-0.597269
0.945	0.785401	0.240275	0.602706	-0.967174	-0.601772
0.95	0.781296	0.243129	0.607542	-0.972321	-0.60628
0.955	0.777204	0.246003	0.612404	-0.977503	-0.610794
0.96	0.773127	0.248898	0.617291	-0.982721	-0.615312
0.965	0.769064	0.251812	0.622205	-0.987974	-0.619833
0.97	0.765016	0.254746	0.627145	-0.993262	-0.624359
0.975	0.760982	0.2577	0.632111	-0.998586	-0.628888
0.98	0.756963	0.260674	0.637104	-1.00394	-0.63342
0.985	0.752958	0.263669	0.642124	-1.00934	-0.637954
0.99	0.748969	0.266684	0.64717	-1.01477	-0.642489
0.995	0.744996	0.269718	0.652244	-1.02023	-0.647027
1	0.741038	0.272774	0.657345	-1.02573	-0.651565
1.005	0.737095	0.275849	0.662474	-1.03126	-0.656103
1.01	0.733169	0.278945	0.66763	-1.03682	-0.660641
1.015	0.729259	0.28206	0.672814	-1.04242	-0.665179
1.02	0.725365	0.285197	0.678027	-1.04806	-0.669715
1.025	0.721487	0.288353	0.683267	-1.05372	-0.674249
1.03	0.717626	0.29153	0.688535	-1.05942	-0.678781
1.035	0.713782	0.294728	0.693832	-1.06515	-0.68331
1.04	0.709955	0.297946	0.699158	-1.07091	-0.687835
1.045	0.706146	0.301184	0.704513	-1.07671	-0.692356
1.05	0.702353	0.304443	0.709896	-1.08253	-0.696871
1.055	0.698579	0.307722	0.715309	-1.08838	-0.701381
1.06	0.694822	0.311022	0.720751	-1.09427	-0.705885
1.065	0.691084	0.314342	0.726222	-1.10018	-0.710381
1.07	0.687364	0.317683	0.731723	-1.10612	-0.71487
1.075	0.683662	0.321044	0.737254	-1.11209	-0.719349
1.08	0.679979	0.324426	0.742814	-1.11809	-0.72382
1.085	0.676316	0.327828	0.748405	-1.12411	-0.72828
1.09	0.672671	0.331251	0.754025	-1.13015	-0.73273
1.095	0.669046	0.334695	0.759676	-1.13622	-0.737168
1.1	0.66544	0.338159	0.765357	-1.14232	-0.741593
1.105	0.661854	0.341643	0.771069	-1.14843	-0.746004
1.11	0.658288	0.345148	0.776811	-1.15457	-0.750401
1.115	0.654743	0.348674	0.782584	-1.16073	-0.754783
1.12	0.651218	0.35222	0.788387	-1.1669	-0.759148
1.125	0.647714	0.355786	0.794222	-1.1731	-0.763497
1.13	0.64423	0.359373	0.800087	-1.17931	-0.767827
1.135	0.640768	0.362981	0.805984	-1.18553	-0.772138
1.14	0.637328	0.366609	0.811912	-1.19177	-0.776429
1.145	0.633909	0.370258	0.81787	-1.19802	-0.780699
1.15	0.630512	0.373926	0.82386	-1.20428	-0.784946
1.155	0.627137	0.377616	0.829882	-1.21055	-0.78917
1.16	0.623785	0.381325	0.835935	-1.21682	-0.79337
1.165	0.620455	0.385055	0.842019	-1.22311	-0.797544
1.17	0.617148	0.388805	0.848134	-1.22939	-0.801691
1.175	0.613864	0.392576	0.854281	-1.23568	-0.80581
1.18	0.610604	0.396367	0.86046	-1.24196	-0.809901
1.185	0.607367	0.400178	0.866669	-1.24825	-0.813961
1.19	0.604154	0.404009	0.872911	-1.25452	-0.817989
1.195	0.600965	0.40786	0.879183	-1.2608	-0.821985
1.2	0.5978	0.411731	0.885487	-1.26706	-0.825947
1.205	0.594661	0.415622	0.891823	-1.27331	-0.829873
1.21	0.591545	0.419533	0.898189	-1.27955	-0.833762
1.215	0.588455	0.423464	0.904587	-1.28577	-0.837614
1.22	0.585391	0.427414	0.911016	-1.29197	-0.841426
1.225	0.582351	0.431385	0.917475	-1.29815	-0.845197
1.23	0.579338	0.435375	0.923966	-1.3043	-0.848926
1.235	0.576351	0.439384	0.930488	-1.31043	-0.852612
1.24	0.57339	0.443413	0.93704	-1.31652	-0.856252
1.245	0.570456	0.447462	0.943622	-1.32259	-0.859846
1.25	0.567548	0.451529	0.950235	-1.32861	-0.863392
1.255	0.564668	0.455616	0.956878	-1.3346	-0.866888
1.26	0.561815	0.459723	0.963551	-1.34054	-0.870333
1.265	0.558989	0.463848	0.970254	-1.34644	-0.873726
1.27	0.556192	0.467992	0.976986	-1.35229	-0.877064
1.275	0.553422	0.472155	0.983748	-1.35808	-0.880347
1.28	0.550681	0.476336	0.990538	-1.36381	-0.883573
1.285	0.547968	0.480537	0.997357	-1.36949	-0.886739
1.29	0.545285	0.484755	1.0042	-1.3751	-0.889845
1.295	0.54263	0.488992	1.01108	-1.38064	-0.89289
1.3	0.540005	0.493247	1.01798	-1.38611	-0.89587
1.305	0.537409	0.497521	1.02491	-1.3915	-0.898785
1.31	0.534843	0.501812	1.03187	-1.39682	-0.901633
1.315	0.532307	0.506121	1.03886	-1.40204	-0.904413
1.32	0.529801	0.510448	1.04587	-1.40718	-0.907122
1.325	0.527326	0.514792	1.0529	-1.41223	-0.90976
1.33	0.524881	0.519154	1.05996	-1.41718	-0.912323
1.335	0.522467	0.523533	1.06705	-1.42202	-0.914812
1.34	0.520085	0.527929	1.07416	-1.42677	-0.917224
1.345	0.517734	0.532342	1.08129	-1.43139	-0.919557
1.35	0.515415	0.536771	1.08845	-1.43591	-0.92181
1.355	0.513127	0.541217	1.09563	-1.4403	-0.923982
1.36	0.510872	0.54568	1.10283	-1.44458	-0.92607
1.365	0.508649	0.550158	1.11005	-1.44872	-0.928073
1.37	0.506458	0.554653	1.1173	-1.45273	-0.929989
1.375	0.504301	0.559163	1.12456	-1.4566	-0.931818
1.38	0.502176	0.563689	1.13184	-1.46032	-0.933556
1.385	0.500084	0.568231	1.13915	-1.4639	-0.935203
1.39	0.498025	0.572787	1.14646	-1.46733	-0.936758
1.395	0.496	0.577359	1.1538	-1.4706	-0.938218
1.4	0.494009	0.581945	1.16115	-1.47371	-0.939583
1.405	0.492051	0.586546	1.16852	-1.47665	-0.94085
1.41	0.490128	0.591161	1.17591	-1.47943	-0.942018
1.415	0.488238	0.595791	1.1833	-1.48202	-0.943087
1.42	0.486383	0.600434	1.19071	-1.48444	-0.944054
1.425	0.484563	0.605091	1.19814	-1.48668	-0.944919
1.43	0.482777	0.609761	1.20557	-1.48872	-0.945679
1.435	0.481026	0.614444	1.21301	-1.49058	-0.946335
1.44	0.47931	0.61914	1.22047	-1.49223	-0.946884
1.445	0.477629	0.623849	1.22793	-1.49369	-0.947325
1.45	0.475983	0.628571	1.2354	-1.49494	-0.947658
1.455	0.474373	0.633304	1.24287	-1.49598	-0.947882
1.46	0.472798	0.63805	1.25035	-1.49681	-0.947995
1.465	0.471259	0.642807	1.25783	-1.49742	-0.947996
1.47	0.469755	0.647575	1.26532	-1.49781	-0.947885
1.475	0.468287	0.652355	1.27281	-1.49798	-0.947661
1.48	0.466855	0.657146	1.2803	-1.49792	-0.947323
1.485	0.465459	0.661947	1.28779	-1.49764	-0.94687
1.49	0.464098	0.666758	1.29528	-1.49711	-0.946302
1.495	0.462774	0.67158	1.30276	-1.49636	-0.945619
1.5	0.461486	0.676411	1.31025	-1.49536	-0.944819
1.505	0.460234	0.681252	1.31772	-1.49413	-0.943902
1.51	0.459018	0.686102	1.32519	-1.49265	-0.942869
1.515	0.457839	0.69096	1.33266	-1.49093	-0.941718
1.52	0.456696	0.695828	1.34011	-1.48896	-0.94045
1.525	0.455589	0.700704	1.34756	-1.48674	-0.939064
1.53	0.454518	0.705588	1.35499	-1.48428	-0.93756
1.535	0.453484	0.71048	1.36241	-1.48156	-0.935939
1.54	0.452486	0.715379	1.36982	-1.47859	-0.9342
1.545	0.451524	0.720286	1.37721	-1.47536	-0.932344
1.55	0.450598	0.725199	1.38459	-1.47189	-0.930371
1.555	0.449708	0.73012	1.39195	-1.46816	-0.928282
1.56	0.448855	0.735046	1.39929	-1.46417	-0.926076
1.565	0.448038	0.739979	1.40661	-1.45994	-0.923754
1.57	0.447257	0.744918	1.41391	-1.45545	-0.921317
1.575	0.446511	0.749862	1.42119	-1.4507	-0.918765
1.58	0.445802	0.754811	1.42844	-1.44571	-0.9161
1.585	0.445128	0.759766	1.43567	-1.44047	-0.913322
1.59	0.444491	0.764725	1.44287	-1.43498	-0.910431
1.595	0.443888	0.769688	1.45005	-1.42924	-0.90743
1.6	0.443321	0.774656	1.45719	-1.42325	-0.904318
1.605	0.44279	0.779628	1.46431	-1.41702	-0.901097
1.61	0.442294	0.784603	1.47139	-1.41055	-0.897768
1.615	0.441833	0.789582	1.47845	-1.40385	-0.894333
1.62	0.441407	0.794564	1.48546	-1.3969	-0.890792
1.625	0.441015	0.799548	1.49245	-1.38973	-0.887148
1.63	0.440659	0.804535	1.4994	-1.38232	-0.883401
1.635	0.440336	0.809525	1.50631	-1.37469	-0.879553
1.64	0.440048	0.814517	1.51318	-1.36684	-0.875606
1.645	0.439795	0.81951	1.52002	-1.35877	-0.87156
1.65	0.439575	0.824505	1.52681	-1.35048	-0.867419
1.655	0.439389	0.829502	1.53356	-1.34198	-0.863183
1.66	0.439236	0.8345	1.54027	-1.33328	-0.858854
1.665	0.439117	0.839498	1.54694	-1.32438	-0.854435
1.67	0.439031	0.844498	1.55356	-1.31528	-0.849927
1.675	0.438977	0.849497	1.56014	-1.30599	-0.845332
1.68	0.438957	0.854497	1.56667	-1.29651	-0.840651
1.685	0.438968	0.859497	1.57315	-1.28685	-0.835887
1.69	0.439012	0.864497	1.57958	-1.27701	-0.831043
1.695	0.439088	0.869496	1.58597	-1.267	-0.826119
1.7	0.439196	0.874495	1.5923	-1.25683	-0.821118
1.705	0.439335	0.879493	1.59859	-1.24649	-0.816043
1.71	0.439505	0.88449	1.60482	-1.23601	-0.810894
1.715	0.439706	0.889486	1.611	-1.22537	-0.805675
1.72	0.439937	0.894481	1.61713	-1.21459	-0.800388
1.725	0.440199	0.899474	1.6232	-1.20367	-0.795034
1.73	0.440491	0.904466	1.62922	-1.19262	-0.789616
1.735	0.440813	0.909455	1.63518	-1.18145	-0.784137
1.74	0.441164	0.914443	1.64109	-1.17015	-0.778597
1.745	0.441544	0.919428	1.64694	-1.15875	-0.773
1.75	0.441954	0.924412	1.65273	-1.14723	-0.767348
1.755	0.442392	0.929392	1.65847	-1.13561	-0.761643
1.76	0.442858	0.934371	1.66415	-1.1239	-0.755887
1.765	0.443352	0.939346	1.66977	-1.1121	-0.750082
1.77	0.443873	0.944319	1.67533	-1.10022	-0.744231
1.775	0.444422	0.949289	1.68083	-1.08825	-0.738335
1.78	0.444999	0.954255	1.68627	-1.07622	-0.732397
1.785	0.445601	0.959219	1.69165	-1.06412	-0.726419
1.79	0.446231	0.964179	1.69697	-1.05195	-0.720404
1.795	0.446886	0.969136	1.70223	-1.03974	-0.714352
1.8	0.447567	0.974089	1.70743	-1.02747	-0.708267
1.805	0.448273	0.979039	1.71257	-1.01516	-0.702151
1.81	0.449005	0.983985	1.71764	-1.00282	-0.696004
1.815	0.449761	0.988928	1.72266	-0.990437	-0.689831
1.82	0.450542	0.993867	1.72761	-0.97803	-0.683631
1.825	0.451347	0.998801	1.7325	-0.965601	-0.677408
1.83	0.452176	1.00373	1.73733	-0.953156	-0.671164
1.835	0.453028	1.00866	1.74209	-0.940698	-0.664899
1.84	0.453904	1.01358	1.7468	-0.928233	-0.658617
1.845	0.454802	1.0185	1.75144	-0.915767	-0.652319
1.85	0.455723	1.02341	1.75602	-0.903303	-0.646007
1.855	0.456666	1.02833	1.76053	-0.890846	-0.639682
1.86	0.457631	1.03323	1.76499	-0.878401	-0.633347
1.865	0.458617	1.03813	1.76938	-0.865972	-0.627002
1.87	0.459625	1.04303	1.77371	-0.853563	-0.62065
1.875	0.460653	1.04792	1.77798	-0.841179	-0.614293
1.88	0.461702	1.05281	1.78218	-0.828823	-0.607931
1.885	0.462772	1.0577	1.78633	-0.8165	-0.601567
1.89	0.463861	1.06258	1.79041	-0.804213	-0.595202
1.895	0.46497	1.06745	1.79443	-0.791965	-0.588837
1.9	0.466098	1.07232	1.79839	-0.779761	-0.582474
1.905	0.467245	1.07719	1.80229	-0.767604	-0.576115
1.91	0.468411	1.08205	1.80613	-0.755497	-0.56976
1.915	0.469595	1.08691	1.80991	-0.743443	-0.563411
1.92	0.470798	1.09176	1.81362	-0.731445	-0.55707
1.925	0.472018	1.09661	1.81728	-0.719507	-0.550737
1.93	0.473255	1.10146	1.82088	-0.707631	-0.544414
1.935	0.47451	1.1063	1.82442	-0.695819	-0.538102
1.94	0.475781	1.11113	1.8279	-0.684074	-0.531802
1.945	0.477069	1.11596	1.83132	-0.6724	-0.525515
1.95	0.478373	1.12079	1.83468	-0.660797	-0.519243
1.955	0.479693	1.12561	1.83798	-0.649269	-0.512985
1.96	0.481029	1.13043	1.84123	-0.637817	-0.506744
1.965	0.48238	1.13524	1.84442	-0.626443	-0.500521
1.97	0.483746	1.14005	1.84755	-0.61515	-0.494315
1.975	0.485127	1.14486	1.85063	-0.603939	-0.488129
1.98	0.486522	1.14966	1.85364	-0.592811	-0.481963
1.985	0.487932	1.15446	1.85661	-0.581769	-0.475817
1.99	0.489356	1.15925	1.85952	-0.570814	-0.469693
1.995	0.490793	1.16404	1.86237	-0.559948	-0.463592
2	0.492244	1.16883	1.86517	-0.549171	-0.457513
2.005	0.493708	1.17361	1.86792	-0.538485	-0.451459
2.01	0.495184	1.17838	1.87061	-0.527891	-0.445428
2.015	0.496674	1.18316	1.87325	-0.51739	-0.439423
2.02	0.498175	1.18793	1.87584	-0.506983	-0.433444
2.025	0.499689	1.19269	1.87837	-0.49667	-0.427491
2.03	0.501215	1.19745	1.88085	-0.486454	-0.421565
2.035	0.502752	1.20221	1.88329	-0.476334	-0.415666
2.04	0.5043	1.20696	1.88567	-0.466311	-0.409795
2.045	0.50586	1.21172	1.888	-0.456386	-0.403952
2.05	0.50743	1.21646	1.89028	-0.446558	-0.398139
2.055	0.509011	1.22121	1.89251	-0.43683	-0.392355
2.06	0.510603	1.22595	1.8947	-0.4272	-0.3866
2.065	0.512204	1.23068	1.89683	-0.41767	-0.380875
2.07	0.513815	1.23542	1.89892	-0.408239	-0.375181
2.075	0.515436	1.24015	1.90096	-0.398908	-0.369518
2.08	0.517067	1.24487	1.90296	-0.389677	-0.363885
2.085	0.518706	1.2496	1.90491	-0.380546	-0.358285
2.09	0.520355	1.25432	1.90681	-0.371515	-0.352715
2.095	0.522012	1.25903	1.90867	-0.362583	-0.347178
2.1	0.523678	1.26375	1.91048	-0.353752	-0.341673
2.105	0.525353	1.26846	1.91225	-0.345021	-0.3362
2.11	0.527035	1.27317	1.91397	-0.336389	-0.33076
2.115	0.528725	1.27787	1.91566	-0.327857	-0.325353
2.12	0.530423	1.28258	1.9173	-0.319424	-0.319979
2.125	0.532129	1.28728	1.91889	-0.31109	-0.314637
2.13	0.533842	1.29197	1.92045	-0.302855	-0.309329
2.135	0.535562	1.29667	1.92196	-0.294718	-0.304055
2.14	0.537289	1.30136	1.92344	-0.286679	-0.298814
2.145	0.539022	1.30605	1.92487	-0.278738	-0.293606
2.15	0.540762	1.31074	1.92626	-0.270893	-0.288433
2.155	0.542509	1.31542	1.92762	-0.263146	-0.283293
2.16	0.544262	1.32011	1.92893	-0.255494	-0.278187
2.165	0.54602	1.32479	1.93021	-0.247938	-0.273114
2.17	0.547785	1.32946	1.93145	-0.240478	-0.268076
2.175	0.549555	1.33414	1.93265	-0.233112	-0.263071
2.18	0.55133	1.33881	1.93382	-0.22584	-0.258101
2.185	0.553111	1.34349	1.93495	-0.218661	-0.253164
2.19	0.554897	1.34816	1.93604	-0.211575	-0.248262
2.195	0.556688	1.35283	1.9371	-0.204581	-0.243393
2.2	0.558483	1.35749	1.93812	-0.197679	-0.238558
2.205	0.560284	1.36216	1.93911	-0.190868	-0.233757
2.21	0.562088	1.36682	1.94006	-0.184146	-0.22899
2.215	0.563897	1.37148	1.94099	-0.177514	-0.224257
2.22	0.56571	1.37614	1.94187	-0.170971	-0.219558
2.225	0.567527	1.3808	1.94273	-0.164516	-0.214892
2.23	0.569348	1.38546	1.94355	-0.158148	-0.21026
2.235	0.571173	1.39011	1.94434	-0.151867	-0.205661
2.24	0.573001	1.39476	1.9451	-0.145672	-0.201096
2.245	0.574832	1.39942	1.94583	-0.139561	-0.196564
2.25	0.576667	1.40407	1.94653	-0.133535	-0.192065
2.255	0.578505	1.40872	1.94719	-0.127592	-0.1876
2.26	0.580346	1.41337	1.94783	-0.121733	-0.183167
2.265	0.58219	1.41801	1.94844	-0.115955	-0.178768
2.27	0.584036	1.42266	1.94902	-0.110258	-0.174401
2.275	0.585885	1.42731	1.94957	-0.104642	-0.170068
2.28	0.587736	1.43195	1.9501	-0.0991055	-0.165766
2.285	0.58959	1.43659	1.95059	-0.0936478	-0.161498
2.29	0.591446	1.44124	1.95106	-0.0882682	-0.157261
2.295	0.593304	1.44588	1.9515	-0.0829659	-0.153057
2.3	0.595163	1.45052	1.95191	-0.0777401	-0.148885
2.305	0.597025	1.45516	1.9523	-0.0725899	-0.144745
2.31	0.598888	1.4598	1.95267	-0.0675147	-0.140637
2.315	0.600753	1.46444	1.953	-0.0625136	-0.13656
2.32	0.602619	1.46908	1.95332	-0.0575859	-0.132515
2.325	0.604487	1.47372	1.9536	-0.0527307	-0.128501
2.33	0.606356	1.47835	1.95387	-0.0479472	-0.124518
2.335	0.608226	1.48299	1.95411	-0.0432348	-0.120567
2.34	0.610097	1.48763	1.95432	-0.0385925	-0.116646
2.345	0.611969	1.49227	1.95452	-0.0340197	-0.112756
2.35	0.613841	1.4969	1.95469	-0.0295155	-0.108897
2.355	0.615715	1.50154	1.95483	-0.0250792	-0.105068
2.36	0.617589	1.50617	1.95496	-0.02071	-0.10127
2.365	0.619463	1.51081	1.95506	-0.0164072	-0.0975011
2.37	0.621338	1.51544	1.95515	-0.0121699	-0.0937625
2.375	0.623213	1.52008	1.95521	-0.00799751	-0.0900537
2.38	0.625088	1.52471	1.95525	-0.00388919	-0.0863744
2.385	0.626963	1.52935	1.95527	0.000155783	-0.0827246
2.39	0.628839	1.53398	1.95527	0.00413815	-0.0791041
2.395	0.630714	1.53862	1.95524	0.00805866	-0.0755126
2.4	0.632589	1.54325	1.9552	0.011918	-0.0719501
2.405	0.634464	1.54789	1.95514	0.015717	-0.0684164
2.41	0.636338	1.55252	1.95507	0.0194562	-0.0649112
2.415	0.638212	1.55716	1.95497	0.0231365	-0.0614344
2.42	0.640086	1.5618	1.95485	0.0267585	-0.0579859
2.425	0.641958	1.56643	1.95472	0.0303229	-0.0545655
2.43	0.643831	1.57107	1.95457	0.0338304	-0.051173
2.435	0.645702	1.5757	1.9544	0.0372818	-0.0478082
2.44	0.647572	1.58034	1.95421	0.0406776	-0.0444709
2.445	0.649442	1.58498	1.95401	0.0440186	-0.0411611
2.45	0.65131	1.58962	1.95379	0.0473055	-0.0378784
2.455	0.653178	1.59425	1.95355	0.0505388	-0.0346229
2.46	0.655044	1.59889	1.9533	0.0537194	-0.0313942
2.465	0.656909	1.60353	1.95303	0.0568477	-0.0281922
2.47	0.658773	1.60817	1.95275	0.0599245	-0.0250168
2.475	0.660635	1.61281	1.95245	0.0629504	-0.0218677
2.48	0.662496	1.61745	1.95213	0.065926	-0.0187449
2.485	0.664355	1.62209	1.9518	0.068852	-0.0156481
2.49	0.666213	1.62674	1.95146	0.071729	-0.0125771
2.495	0.668069	1.63138	1.9511	0.0745576	-0.00953191
2.5	0.669923	1.63602	1.95073	0.0773384	-0.00651222
2.505	0.671775	1.64067	1.95034	0.0800719	-0.00351792
2.51	0.673626	1.64531	1.94994	0.0827589	-0.000548826
2.515	0.675475	1.64996	1.94953	0.0853999	0.00239522
2.52	0.677321	1.6546	1.9491	0.0879954	0.00531437
2.525	0.679166	1.65925	1.94866	0.090546	0.0082088
2.53	0.681009	1.6639	1.94821	0.0930524	0.0110787
2.535	0.682849	1.66855	1.94774	0.095515	0.0139241
2.54	0.684687	1.6732	1.94726	0.0979345	0.0167454
2.545	0.686523	1.67785	1.94677	0.100311	0.0195425
2.55	0.688357	1.6825	1.94627	0.102646	0.0223157
2.555	0.690188	1.68715	1.94576	0.104939	0.0250651
2.56	0.692017	1.69181	1.94523	0.107191	0.027791
2.565	0.693843	1.69646	1.9447	0.109403	0.0304933
2.57	0.695667	1.70112	1.94415	0.111575	0.0331724
2.575	0.697488	1.70577	1.94359	0.113707	0.0358283
2.58	0.699306	1.71043	1.94303	0.1158	0.0384612
2.585	0.701122	1.71509	1.94245	0.117855	0.0410712
2.59	0.702935	1.71975	1.94186	0.119872	0.0436586
2.595	0.704745	1.72441	1.94126	0.121851	0.0462234
2.6	0.706553	1.72907	1.94065	0.123794	0.0487658
2.605	0.708357	1.73374	1.94003	0.125699	0.0512859
2.61	0.710159	1.7384	1.9394	0.127569	0.0537839
2.615	0.711957	1.74306	1.93876	0.129403	0.05626
2.62	0.713753	1.74773	1.93812	0.131203	0.0587143
2.625	0.715545	1.7524	1.93746	0.132967	0.0611468
2.63	0.717335	1.75707	1.9368	0.134697	0.0635579
2.635	0.719121	1.76174	1.93612	0.136394	0.0659475
2.64	0.720904	1.76641	1.93544	0.138057	0.0683159
2.645	0.722684	1.77108	1.93475	0.139687	0.0706632
2.65	0.724461	1.77576	1.93405	0.141284	0.0729895
2.655	0.726234	1.78043	1.93334	0.14285	0.0752949
2.66	0.728004	1.78511	1.93263	0.144384	0.0775797
2.665	0.72977	1.78978	1.93191	0.145886	0.0798438
2.67	0.731534	1.79446	1.93118	0.147358	0.0820876
2.675	0.733293	1.79914	1.93044	0.148799	0.084311
2.68	0.735049	1.80382	1.9297	0.150211	0.0865143
2.685	0.736802	1.80851	1.92895	0.151592	0.0886975
2.69	0.738551	1.81319	1.92819	0.152945	0.0908608
2.695	0.740297	1.81788	1.92742	0.154268	0.0930043
2.7	0.742039	1.82256	1.92665	0.155563	0.0951282
2.705	0.743777	1.82725	1.92588	0.15683	0.0972325
2.71	0.745512	1.83194	1.92509	0.158069	0.0993174
2.715	0.747243	1.83663	1.9243	0.15928	0.101383
2.72	0.74897	1.84132	1.9235	0.160465	0.10343
2.725	0.750693	1.84602	1.9227	0.161622	0.105457
2.73	0.752413	1.85071	1.92189	0.162754	0.107466
2.735	0.754129	1.85541	1.92108	0.163859	0.109455
2.74	0.755841	1.86011	1.92026	0.164939	0.111426
2.745	0.757549	1.86481	1.91944	0.165993	0.113379
2.75	0.759253	1.86951	1.91861	0.167022	0.115313
2.755	0.760953	1.87421	1.91777	0.168026	0.117229
2.76	0.76265	1.87891	1.91693	0.169007	0.119126
2.765	0.764342	1.88362	1.91609	0.169963	0.121006
2.77	0.76603	1.88832	1.91524	0.170895	0.122867
2.775	0.767715	1.89303	1.91438	0.171804	0.124711
2.78	0.769395	1.89774	1.91352	0.172689	0.126536
2.785	0.771071	1.90245	1.91266	0.173552	0.128345
2.79	0.772743	1.90716	1.91179	0.174392	0.130135
2.795	0.774411	1.91188	1.91092	0.17521	0.131909
2.8	0.776075	1.91659	1.91004	0.176006	0.133664
2.805	0.777735	1.92131	1.90916	0.176781	0.135403
2.81	0.779391	1.92603	1.90828	0.177534	0.137125
2.815	0.781042	1.93075	1.90739	0.178265	0.138829
2.82	0.782689	1.93547	1.9065	0.178976	0.140517
2.825	0.784332	1.94019	1.90561	0.179667	0.142188
2.83	0.785971	1.94491	1.90471	0.180337	0.143842
2.835	0.787605	1.94964	1.90381	0.180987	0.14548
2.84	0.789235	1.95436	1.9029	0.181617	0.147101
2.845	0.790861	1.95909	1.90199	0.182228	0.148705
2.85	0.792483	1.96382	1.90108	0.182819	0.150294
2.855	0.7941	1.96855	1.90017	0.183392	0.151866
2.86	0.795713	1.97329	1.89925	0.183945	0.153422
2.865	0.797322	1.97802	1.89833	0.184481	0.154962
2.87	0.798926	1.98276	1.89741	0.184997	0.156487
2.875	0.800525	1.98749	1.89648	0.185496	0.157995
2.88	0.802121	1.99223	1.89556	0.185977	0.159488
2.885	0.803712	1.99697	1.89463	0.18644	0.160965
2.89	0.805298	2.00171	1.89369	0.186887	0.162427
2.895	0.806881	2.00646	1.89276	0.187315	0.163873
2.9	0.808458	2.0112	1.89182	0.187727	0.165303
2.905	0.810032	2.01595	1.89088	0.188123	0.166719
2.91	0.8116	2.02069	1.88994	0.188502	0.168119
2.915	0.813165	2.02544	1.889	0.188864	0.169505
2.92	0.814724	2.03019	1.88806	0.189211	0.170875
2.925	0.81628	2.03495	1.88711	0.189542	0.17223
2.93	0.817831	2.0397	1.88616	0.189857	0.173571
2.935	0.819377	2.04445	1.88521	0.190157	0.174897
2.94	0.820919	2.04921	1.88426	0.190441	0.176208
2.945	0.822456	2.05397	1.88331	0.190711	0.177505
2.95	0.823989	2.05873	1.88236	0.190965	0.178787
2.955	0.825517	2.06349	1.8814	0.191206	0.180055
2.96	0.827041	2.06825	1.88045	0.191431	0.181308
2.965	0.82856	2.07301	1.87949	0.191643	0.182547
2.97	0.830074	2.07778	1.87853	0.19184	0.183772
2.975	0.831584	2.08255	1.87757	0.192024	0.184983
2.98	0.833089	2.08731	1.87661	0.192194	0.18618
2.985	0.83459	2.09208	1.87565	0.19235	0.187364
2.99	0.836086	2.09685	1.87469	0.192493	0.188533
2.995	0.837578	2.10163	1.87373	0.192623	0.189688
3	0.839065	2.1064	1.87276	0.19274	0.19083
3.005	0.840547	2.11118	1.8718	0.192844	0.191958
3.01	0.842025	2.11595	1.87084	0.192936	0.193073
3.015	0.843498	2.12073	1.86987	0.193015	0.194174
3.02	0.844967	2.12551	1.86891	0.193082	0.195262
3.025	0.846431	2.13029	1.86794	0.193136	0.196337
3.03	0.84789	2.13507	1.86697	0.193179	0.197398
3.035	0.849345	2.13986	1.86601	0.19321	0.198446
3.04	0.850795	2.14464	1.86504	0.193229	0.199481
3.045	0.85224	2.14943	1.86408	0.193237	0.200503
3.05	0.853681	2.15422	1.86311	0.193234	0.201512
3.055	0.855117	2.15901	1.86214	0.193219	0.202509
3.06	0.856549	2.1638	1.86118	0.193193	0.203492
3.065	0.857976	2.16859	1.86021	0.193157	0.204463
3.07	0.859398	2.17338	1.85925	0.19311	0.205421
3.075	0.860816	2.17818	1.85828	0.193052	0.206366
3.08	0.862229	2.18297	1.85732	0.192983	0.207299
3.085	0.863638	2.18777	1.85635	0.192905	0.208219
3.09	0.865041	2.19257	1.85539	0.192816	0.209127
3.095	0.866441	2.19737	1.85442	0.192717	0.210023
3.1	0.867835	2.20217	1.85346	0.192609	0.210907
3.105	0.869225	2.20697	1.8525	0.19249	0.211778
3.11	0.87061	2.21178	1.85153	0.192362	0.212637
3.115	0.871991	2.21658	1.85057	0.192225	0.213484
3.12	0.873367	2.22139	1.84961	0.192078	0.214319
3.125	0.874739	2.2262	1.84865	0.191922	0.215142
3.13	0.876105	2.23101	1.84769	0.191757	0.215953
3.135	0.877468	2.23582	1.84673	0.191583	0.216752
3.14	0.878825	2.24063	1.84577	0.1914	0.21754
3.145	0.880178	2.24545	1.84482	0.191208	0.218316
3.15	0.881527	2.25026	1.84386	0.191008	0.21908
3.155	0.882871	2.25508	1.8429	0.190799	0.219832
3.16	0.88421	2.25989	1.84195	0.190582	0.220573
3.165	0.885544	2.26471	1.841	0.190357	0.221303
3.17	0.886874	2.26953	1.84005	0.190124	0.222021
3.175	0.8882	2.27435	1.8391	0.189883	0.222728
3.18	0.889521	2.27918	1.83815	0.189633	0.223424
3.185	0.890837	2.284	1.8372	0.189377	0.224108
3.19	0.892149	2.28882	1.83625	0.189112	0.224781
3.195	0.893456	2.29365	1.83531	0.18884	0.225443
3.2	0.894759	2.29848	1.83436	0.18856	0.226094
3.205	0.896057	2.30331	1.83342	0.188273	0.226734
3.21	0.89735	2.30814	1.83248	0.187979	0.227363
3.215	0.898639	2.31297	1.83154	0.187678	0.227981
3.22	0.899924	2.3178	1.8306	0.18737	0.228588
3.225	0.901204	2.32263	1.82966	0.187055	0.229185
3.23	0.902479	2.32747	1.82873	0.186733	0.229771
3.235	0.90375	2.3323	1.82779	0.186404	0.230346
3.24	0.905016	2.33714	1.82686	0.186069	0.23091
3.245	0.906278	2.34198	1.82593	0.185728	0.231464
3.25	0.907535	2.34682	1.825	0.18538	0.232007
3.255	0.908788	2.35166	1.82408	0.185025	0.23254
3.26	0.910037	2.3565	1.82315	0.184665	0.233062
3.265	0.911281	2.36134	1.82223	0.184298	0.233574
3.27	0.91252	2.36619	1.82131	0.183926	0.234076
3.275	0.913755	2.37103	1.82039	0.183547	0.234567
3.28	0.914986	2.37588	1.81947	0.183163	0.235049
3.285	0.916212	2.38072	1.81855	0.182773	0.235519
3.29	0.917434	2.38557	1.81764	0.182377	0.23598
3.295	0.918651	2.39042	1.81673	0.181976	0.236431
3.3	0.919864	2.39527	1.81582	0.181569	0.236872
3.305	0.921072	2.40012	1.81491	0.181157	0.237303
3.31	0.922276	2.40498	1.814	0.180739	0.237723
3.315	0.923476	2.40983	1.8131	0.180317	0.238134
3.32	0.924671	2.41469	1.8122	0.179889	0.238535
3.325	0.925862	2.41954	1.8113	0.179457	0.238927
3.33	0.927049	2.4244	1.8104	0.179019	0.239308
3.335	0.928231	2.42926	1.80951	0.178576	0.23968
3.34	0.929409	2.43412	1.80861	0.178129	0.240042
3.345	0.930583	2.43898	1.80772	0.177677	0.240395
3.35	0.931752	2.44384	1.80683	0.177221	0.240738
3.355	0.932917	2.4487	1.80595	0.176759	0.241071
3.36	0.934078	2.45356	1.80506	0.176294	0.241395
3.365	0.935234	2.45843	1.80418	0.175824	0.24171
3.37	0.936386	2.46329	1.8033	0.17535	0.242015
3.375	0.937534	2.46816	1.80243	0.174871	0.242311
3.38	0.938677	2.47303	1.80155	0.174389	0.242597
3.385	0.939817	2.4779	1.80068	0.173902	0.242874
3.39	0.940952	2.48277	1.79981	0.173411	0.243143
3.395	0.942083	2.48764	1.79894	0.172917	0.243401
3.4	0.943209	2.49251	1.79808	0.172418	0.243651
3.405	0.944332	2.49738	1.79722	0.171916	0.243892
3.41	0.94545	2.50225	1.79636	0.17141	0.244123
3.415	0.946564	2.50713	1.7955	0.170901	0.244346
3.42	0.947674	2.512	1.79465	0.170388	0.244559
3.425	0.94878	2.51688	1.79379	0.169871	0.244764
3.43	0.949881	2.52176	1.79294	0.169351	0.24496
3.435	0.950979	2.52664	1.7921	0.168828	0.245147
3.44	0.952072	2.53151	1.79125	0.168301	0.245325
3.445	0.953162	2.53639	1.79041	0.167771	0.245494
3.45	0.954247	2.54127	1.78957	0.167238	0.245654
3.455	0.955328	2.54616	1.78874	0.166702	0.245806
3.46	0.956405	2.55104	1.7879	0.166163	0.24595
3.465	0.957478	2.55592	1.78707	0.165621	0.246084
3.47	0.958547	2.56081	1.78624	0.165076	0.24621
3.475	0.959612	2.56569	1.78542	0.164529	0.246328
3.48	0.960673	2.57058	1.7846	0.163978	0.246437
3.485	0.961729	2.57547	1.78378	0.163425	0.246537
3.49	0.962782	2.58035	1.78296	0.162869	0.246629
3.495	0.963831	2.58524	1.78215	0.162311	0.246713
3.5	0.964876	2.59013	1.78133	0.16175	0.246788
3.505	0.965917	2.59502	1.78053	0.161186	0.246855
3.51	0.966954	2.59991	1.77972	0.160621	0.246914
3.515	0.967987	2.60481	1.77892	0.160053	0.246965
3.52	0.969016	2.6097	1.77812	0.159482	0.247007
3.525	0.970042	2.61459	1.77732	0.15891	0.247041
3.53	0.971063	2.61949	1.77652	0.158335	0.247067
3.535	0.972081	2.62438	1.77573	0.157758	0.247085
3.54	0.973094	2.62928	1.77494	0.157179	0.247094
3.545	0.974104	2.63418	1.77416	0.156599	0.247096
3.55	0.97511	2.63907	1.77337	0.156016	0.24709
3.555	0.976112	2.64397	1.77259	0.155431	0.247076
3.56	0.977111	2.64887	1.77182	0.154845	0.247054
3.565	0.978105	2.65377	1.77104	0.154257	0.247024
3.57	0.979096	2.65867	1.77027	0.153667	0.246986
3.575	0.980083	2.66357	1.7695	0.153075	0.24694
3.58	0.981066	2.66848	1.76874	0.152482	0.246886
3.585	0.982046	2.67338	1.76798	0.151888	0.246825
3.59	0.983022	2.67828	1.76722	0.151291	0.246756
3.595	0.983994	2.68319	1.76646	0.150694	0.246679
3.6	0.984962	2.68809	1.76571	0.150095	0.246595
3.605	0.985927	2.693	1.76496	0.149495	0.246503
3.61	0.986888	2.69791	1.76421	0.148893	0.246403
3.615	0.987845	2.70281	1.76346	0.14829	0.246296
3.62	0.988799	2.70772	1.76272	0.147686	0.246181
3.625	0.989749	2.71263	1.76198	0.147081	0.246059
3.63	0.990696	2.71754	1.76125	0.146475	0.245929
3.635	0.991638	2.72245	1.76052	0.145868	0.245792
3.64	0.992578	2.72736	1.75979	0.14526	0.245648
3.645	0.993514	2.73227	1.75906	0.144651	0.245496
3.65	0.994446	2.73718	1.75834	0.144041	0.245336
3.655	0.995374	2.7421	1.75762	0.14343	0.24517
3.66	0.9963	2.74701	1.7569	0.142818	0.244996
3.665	0.997221	2.75193	1.75619	0.142206	0.244815
3.67	0.998139	2.75684	1.75547	0.141593	0.244626
3.675	0.999054	2.76176	1.75477	0.140979	0.244431
3.68	0.999965	2.76667	1.75406	0.140365	0.244228
3.685	1.00087	2.77159	1.75336	0.13975	0.244018
3.69	1.00178	2.77651	1.75266	0.139135	0.243801
3.695	1.00268	2.78143	1.75197	0.138519	0.243577
3.7	1.00358	2.78634	1.75127	0.137903	0.243346
3.705	1.00447	2.79126	1.75058	0.137286	0.243107
3.71	1.00536	2.79618	1.7499	0.136669	0.242862
3.715	1.00625	2.8011	1.74921	0.136052	0.24261
3.72	1.00713	2.80603	1.74853	0.135435	0.242351
3.725	1.00801	2.81095	1.74786	0.134817	0.242085
3.73	1.00889	2.81587	1.74718	0.134199	0.241812
3.735	1.00976	2.82079	1.74651	0.133581	0.241532
3.74	1.01063	2.82572	1.74584	0.132963	0.241246
3.745	1.0115	2.83064	1.74518	0.132345	0.240952
3.75	1.01237	2.83557	1.74452	0.131728	0.240652
3.755	1.01323	2.84049	1.74386	0.13111	0.240345
3.76	1.01409	2.84542	1.7432	0.130492	0.240032
3.765	1.01494	2.85034	1.74255	0.129874	0.239711
3.77	1.01579	2.85527	1.7419	0.129257	0.239384
3.775	1.01664	2.8602	1.74125	0.128639	0.239051
3.78	1.01748	2.86513	1.74061	0.128022	0.23871
3.785	1.01833	2.87005	1.73997	0.127406	0.238364
3.79	1.01916	2.87498	1.73933	0.126789	0.23801
3.795	1.02	2.87991	1.7387	0.126173	0.23765
3.8	1.02083	2.88484	1.73807	0.125558	0.237284
3.805	1.02166	2.88977	1.73744	0.124942	0.236911
3.81	1.02249	2.89471	1.73682	0.124328	0.236532
3.815	1.02331	2.89964	1.7362	0.123714	0.236146
3.82	1.02413	2.90457	1.73558	0.1231	0.235754
3.825	1.02495	2.9095	1.73496	0.122487	0.235355
3.83	1.02576	2.91444	1.73435	0.121875	0.234951
3.835	1.02657	2.91937	1.73374	0.121263	0.234539
3.84	1.02738	2.9243	1.73313	0.120653	0.234122
3.845	1.02819	2.92924	1.73253	0.120042	0.233698
3.85	1.02899	2.93417	1.73193	0.119433	0.233268
3.855	1.02979	2.93911	1.73133	0.118825	0.232832
3.86	1.03059	2.94405	1.73074	0.118217	0.232389
3.865	1.03138	2.94898	1.73015	0.11761	0.231941
3.87	1.03217	2.95392	1.72956	0.117005	0.231486
3.875	1.03296	2.95886	1.72897	0.1164	0.231025
3.88	1.03374	2.96379	1.72839	0.115796	0.230558
3.885	1.03452	2.96873	1.72781	0.115193	0.230085
3.89	1.0353	2.97367	1.72724	0.114592	0.229606
3.895	1.03608	2.97861	1.72666	0.113991	0.22912
3.9	1.03685	2.98355	1.72609	0.113392	0.228629
3.905	1.03762	2.98849	1.72553	0.112794	0.228132
3.91	1.03839	2.99343	1.72496	0.112197	0.227629
3.915	1.03916	2.99837	1.7244	0.111601	0.22712
3.92	1.03992	3.00331	1.72384	0.111006	0.226605
3.925	1.04068	3.00826	1.72329	0.110413	0.226084
3.93	1.04143	3.0132	1.72274	0.109821	0.225557
3.935	1.04219	3.01814	1.72219	0.109231	0.225025
3.94	1.04294	3.02309	1.72164	0.108642	0.224486
3.945	1.04369	3.02803	1.7211	0.108055	0.223942
3.95	1.04443	3.03297	1.72056	0.107469	0.223392
3.955	1.04518	3.03792	1.72002	0.106884	0.222837
3.96	1.04592	3.04286	1.71949	0.106301	0.222275
3.965	1.04666	3.04781	1.71896	0.10572	0.221708
3.97	1.04739	3.05275	1.71843	0.10514	0.221135
3.975	1.04812	3.0577	1.7179	0.104562	0.220557
3.98	1.04885	3.06265	1.71738	0.103985	0.219973
3.985	1.04958	3.06759	1.71686	0.10341	0.219383
3.99	1.05031	3.07254	1.71634	0.102837	0.218787
3.995	1.05103	3.07749	1.71583	0.102266	0.218187
4	1.05175	3.08243	1.71532	0.101696	0.21758
4.005	1.05247	3.08738	1.71481	0.101129	0.216968
4.01	1.05318	3.09233	1.7143	0.100563	0.216351
4.015	1.0539	3.09728	1.7138	0.099999	0.215728
4.02	1.05461	3.10223	1.7133	0.099437	0.215099
4.025	1.05531	3.10718	1.7128	0.0988769	0.214465
4.03	1.05602	3.11213	1.71231	0.0983188	0.213826
4.035	1.05672	3.11708	1.71182	0.0977627	0.213181
4.04	1.05742	3.12203	1.71133	0.0972086	0.212531
4.045	1.05812	3.12698	1.71084	0.0966566	0.211876
4.05	1.05882	3.13193	1.71036	0.0961066	0.211215
4.055	1.05951	3.13688	1.70988	0.0955588	0.210549
4.06	1.0602	3.14184	1.7094	0.0950131	0.209878
4.065	1.06089	3.14679	1.70892	0.0944696	0.209201
4.07	1.06157	3.15174	1.70845	0.0939282	0.208519
4.075	1.06226	3.15669	1.70798	0.0933892	0.207832
4.08	1.06294	3.16165	1.70752	0.0928523	0.20714
4.085	1.06362	3.1666	1.70705	0.0923178	0.206442
4.09	1.0643	3.17156	1.70659	0.0917855	0.20574
4.095	1.06497	3.17651	1.70613	0.0912556	0.205032
4.1	1.06564	3.18146	1.70567	0.090728	0.204319
4.105	1.06631	3.18642	1.70522	0.0902029	0.203601
4.11	1.06698	3.19137	1.70477	0.0896801	0.202878
4.115	1.06765	3.19633	1.70432	0.0891598	0.202149
4.12	1.06831	3.20129	1.70388	0.0886419	0.201416
4.125	1.06897	3.20624	1.70343	0.0881266	0.200678
4.13	1.06963	3.2112	1.70299	0.0876137	0.199935
4.135	1.07029	3.21616	1.70255	0.0871035	0.199186
4.14	1.07094	3.22111	1.70212	0.0865957	0.198433
4.145	1.07159	3.22607	1.70168	0.0860906	0.197675
4.15	1.07224	3.23103	1.70125	0.0855881	0.196912
4.155	1.07289	3.23598	1.70083	0.0850882	0.196144
4.16	1.07354	3.24094	1.7004	0.084591	0.195371
4.165	1.07418	3.2459	1.69998	0.0840965	0.194593
4.17	1.07482	3.25086	1.69956	0.0836048	0.193811
4.175	1.07546	3.25582	1.69914	0.0831157	0.193023
4.18	1.0761	3.26078	1.69872	0.0826294	0.192231
4.185	1.07674	3.26574	1.69831	0.082146	0.191434
4.19	1.07737	3.2707	1.6979	0.0816653	0.190632
4.195	1.078	3.27566	1.69749	0.0811875	0.189826
4.2	1.07863	3.28062	1.69709	0.0807125	0.189014
4.205	1.07926	3.28558	1.69668	0.0802404	0.188198
4.21	1.07989	3.29054	1.69628	0.0797712	0.187378
4.215	1.08051	3.2955	1.69588	0.079305	0.186553
4.22	1.08113	3.30046	1.69549	0.0788417	0.185723
4.225	1.08175	3.30542	1.69509	0.0783814	0.184888
4.23	1.08237	3.31038	1.6947	0.0779241	0.184049
4.235	1.08299	3.31535	1.69431	0.0774698	0.183205
4.24	1.0836	3.32031	1.69392	0.0770186	0.182357
4.245	1.08421	3.32527	1.69354	0.0765704	0.181504
4.25	1.08482	3.33023	1.69315	0.0761253	0.180646
4.255	1.08543	3.3352	1.69277	0.0756834	0.179784
4.26	1.08604	3.34016	1.6924	0.0752445	0.178918
4.265	1.08664	3.34512	1.69202	0.0748088	0.178047
4.27	1.08725	3.35009	1.69165	0.0743763	0.177171
4.275	1.08785	3.35505	1.69127	0.073947	0.176291
4.28	1.08845	3.36001	1.6909	0.0735209	0.175407
4.285	1.08904	3.36498	1.69054	0.073098	0.174519
4.29	1.08964	3.36994	1.69017	0.0726784	0.173625
4.295	1.09023	3.37491	1.68981	0.0722621	0.172728
4.3	1.09082	3.37987	1.68945	0.0718491	0.171826
4.305	1.09141	3.38484	1.68909	0.0714394	0.17092
4.31	1.092	3.3898	1.68873	0.071033	0.17001
4.315	1.09259	3.39477	1.68837	0.07063	0.169095
4.32	1.09317	3.39973	1.68802	0.0702304	0.168176
4.325	1.09376	3.4047	1.68767	0.0698342	0.167253
4.33	1.09434	3.40966	1.68732	0.0694414	0.166325
4.335	1.09492	3.41463	1.68697	0.0690521	0.165393
4.34	1.0955	3.4196	1.68663	0.0686662	0.164458
4.345	1.09607	3.42456	1.68628	0.0682837	0.163517
4.35	1.09665	3.42953	1.68594	0.0679048	0.162573
4.355	1.09722	3.4345	1.6856	0.0675294	0.161625
4.36	1.09779	3.43947	1.68527	0.0671575	0.160672
4.365	1.09836	3.44443	1.68493	0.0667892	0.159716
4.37	1.09893	3.4494	1.6846	0.0664245	0.158755
4.375	1.09949	3.45437	1.68426	0.0660633	0.15779
4.38	1.10006	3.45934	1.68393	0.0657058	0.156821
4.385	1.10062	3.4643	1.68361	0.0653518	0.155848
4.39	1.10118	3.46927	1.68328	0.0650016	0.154871
4.395	1.10174	3.47424	1.68295	0.064655	0.15389
4.4	1.1023	3.47921	1.68263	0.064312	0.152905
4.405	1.10286	3.48418	1.68231	0.0639728	0.151917
4.41	1.10341	3.48915	1.68199	0.0636373	0.150924
4.415	1.10396	3.49412	1.68167	0.0633055	0.149927
4.42	1.10452	3.49909	1.68135	0.0629774	0.148926
4.425	1.10507	3.50406	1.68104	0.0626531	0.147922
4.43	1.10561	3.50903	1.68073	0.0623326	0.146913
4.435	1.10616	3.514	1.68041	0.0620159	0.145901
4.44	1.10671	3.51897	1.6801	0.0617031	0.144885
4.445	1.10725	3.52394	1.6798	0.061394	0.143865
4.45	1.10779	3.52891	1.67949	0.0610888	0.142841
4.455	1.10833	3.53388	1.67918	0.0607875	0.141813
4.46	1.10887	3.53885	1.67888	0.06049	0.140782
4.465	1.10941	3.54382	1.67858	0.0601964	0.139747
4.47	1.10995	3.54879	1.67828	0.0599068	0.138708
4.475	1.11048	3.55376	1.67798	0.059621	0.137665
4.48	1.11102	3.55873	1.67768	0.0593393	0.136619
4.485	1.11155	3.56371	1.67738	0.0590614	0.135569
4.49	1.11208	3.56868	1.67709	0.0587876	0.134516
4.495	1.11261	3.57365	1.67679	0.0585177	0.133458
4.5	1.11313	3.57862	1.6765	0.0582518	0.132398
4.505	1.11366	3.58359	1.67621	0.05799	0.131333
4.51	1.11419	3.58857	1.67592	0.0577321	0.130265
4.515	1.11471	3.59354	1.67563	0.0574783	0.129193
4.52	1.11523	3.59851	1.67534	0.0572286	0.128118
4.525	1.11575	3.60348	1.67506	0.056983	0.127039
4.53	1.11627	3.60846	1.67477	0.0567414	0.125957
4.535	1.11679	3.61343	1.67449	0.0565039	0.124871
4.54	1.1173	3.6184	1.67421	0.0562706	0.123782
4.545	1.11782	3.62338	1.67392	0.0560414	0.122689
4.55	1.11833	3.62835	1.67364	0.0558163	0.121593
4.555	1.11884	3.63332	1.67336	0.0555954	0.120493
4.56	1.11935	3.6383	1.67309	0.0553786	0.11939
4.565	1.11986	3.64327	1.67281	0.055166	0.118283
4.57	1.12037	3.64825	1.67253	0.0549576	0.117173
4.575	1.12088	3.65322	1.67226	0.0547535	0.11606
4.58	1.12138	3.65819	1.67199	0.0545535	0.114944
4.585	1.12189	3.66317	1.67171	0.0543578	0.113824
4.59	1.12239	3.66814	1.67144	0.0541663	0.1127
4.595	1.12289	3.67312	1.67117	0.053979	0.111574
4.6	1.12339	3.67809	1.6709	0.0537961	0.110444
4.605	1.12389	3.68307	1.67063	0.0536174	0.109311
4.61	1.12438	3.68804	1.67036	0.053443	0.108174
4.615	1.12488	3.69302	1.6701	0.0532729	0.107035
4.62	1.12537	3.698	1.66983	0.0531071	0.105892
4.625	1.12587	3.70297	1.66956	0.0529457	0.104746
4.63	1.12636	3.70795	1.6693	0.0527885	0.103597
4.635	1.12685	3.71292	1.66904	0.0526358	0.102444
4.64	1.12734	3.7179	1.66877	0.0524874	0.101289
4.645	1.12783	3.72287	1.66851	0.0523433	0.10013
4.65	1.12831	3.72785	1.66825	0.0522036	0.0989682
4.655	1.1288	3.73283	1.66799	0.0520684	0.0978033
4.66	1.12928	3.7378	1.66773	0.0519375	0.0966354
4.665	1.12976	3.74278	1.66747	0.051811	0.0954644
4.67	1.13025	3.74776	1.66721	0.051689	0.0942903
4.675	1.13073	3.75273	1.66695	0.0515714	0.0931132
4.68	1.1312	3.75771	1.66669	0.0514582	0.0919331
4.685	1.13168	3.76269	1.66643	0.0513494	0.09075
4.69	1.13216	3.76767	1.66618	0.0512452	0.0895639
4.695	1.13263	3.77264	1.66592	0.0511454	0.0883749
4.7	1.13311	3.77762	1.66567	0.0510501	0.0871829
4.705	1.13358	3.7826	1.66541	0.0509592	0.085988
4.71	1.13405	3.78758	1.66516	0.0508729	0.0847902
4.715	1.13452	3.79255	1.6649	0.0507911	0.0835895
4.72	1.13499	3.79753	1.66465	0.0507137	0.0823859
4.725	1.13546	3.80251	1.66439	0.050641	0.0811795
4.73	1.13592	3.80749	1.66414	0.0505727	0.0799702
4.735	1.13639	3.81247	1.66389	0.050509	0.0787581
4.74	1.13685	3.81744	1.66364	0.0504498	0.0775432
4.745	1.13731	3.82242	1.66338	0.0503952	0.0763255
4.75	1.13777	3.8274	1.66313	0.0503451	0.075105
4.755	1.13823	3.83238	1.66288	0.0502996	0.0738818
4.76	1.13869	3.83736	1.66263	0.0502587	0.0726558
4.765	1.13915	3.84234	1.66238	0.0502224	0.0714271
4.77	1.13961	3.84732	1.66213	0.0501907	0.0701957
4.775	1.14006	3.8523	1.66187	0.0501635	0.0689616
4.78	1.14051	3.85728	1.66162	0.050141	0.0677248
4.785	1.14097	3.86226	1.66137	0.0501231	0.0664854
4.79	1.14142	3.86724	1.66112	0.0501099	0.0652434
4.795	1.14187	3.87222	1.66087	0.0501012	0.0639987
4.8	1.14232	3.8772	1.66062	0.0500972	0.0627514
4.805	1.14276	3.88218	1.66037	0.0500978	0.0615015
4.81	1.14321	3.88716	1.66012	0.0501031	0.0602491
4.815	1.14365	3.89214	1.65987	0.050113	0.0589941
4.82	1.1441	3.89712	1.65962	0.0501276	0.0577366
4.825	1.14454	3.9021	1.65937	0.0501469	0.0564765
4.83	1.14498	3.90708	1.65912	0.0501708	0.055214
4.835	1.14542	3.91206	1.65887	0.0501994	0.0539489
4.84	1.14586	3.91704	1.65862	0.0502327	0.0526814
4.845	1.1463	3.92202	1.65836	0.0502707	0.0514115
4.85	1.14673	3.927	1.65811	0.0503134	0.0501391
4.855	1.14717	3.93198	1.65786	0.0503608	0.0488643
4.86	1.1476	3.93696	1.65761	0.0504129	0.047587
4.865	1.14803	3.94194	1.65736	0.0504697	0.0463074
4.87	1.14846	3.94692	1.65711	0.0505312	0.0450255
4.875	1.14889	3.95191	1.65685	0.0505975	0.0437412
4.88	1.14932	3.95689	1.6566	0.0506684	0.0424545
4.885	1.14975	3.96187	1.65635	0.0507441	0.0411655
4.89	1.15017	3.96685	1.65609	0.0508246	0.0398743
4.895	1.1506	3.97183	1.65584	0.0509098	0.0385807
4.9	1.15102	3.97682	1.65558	0.0509997	0.0372849
4.905	1.15144	3.9818	1.65533	0.0510943	0.0359868
4.91	1.15187	3.98678	1.65507	0.0511937	0.0346865
4.915	1.15229	3.99176	1.65482	0.0512979	0.033384
4.92	1.1527	3.99674	1.65456	0.0514068	0.0320793
4.925	1.15312	4.00173	1.6543	0.0515205	0.0307724
4.93	1.15354	4.00671	1.65405	0.051639	0.0294633
4.935	1.15395	4.01169	1.65379	0.0517622	0.0281521
4.94	1.15436	4.01668	1.65353	0.0518902	0.0268388
4.945	1.15478	4.02166	1.65327	0.052023	0.0255233
4.95	1.15519	4.02664	1.65301	0.0521605	0.0242057
4.955	1.1556	4.03163	1.65275	0.0523028	0.0228861
4.96	1.156	4.03661	1.65249	0.05245	0.0215644
4.965	1.15641	4.04159	1.65223	0.0526019	0.0202406
4.97	1.15682	4.04658	1.65196	0.0527585	0.0189149
4.975	1.15722	4.05156	1.6517	0.05292	0.0175871
4.98	1.15762	4.05654	1.65143	0.0530863	0.0162573
4.985	1.15802	4.06153	1.65117	0.0532574	0.0149255
4.99	1.15842	4.06651	1.6509	0.0534332	0.0135918
4.995	1.15882	4.07149	1.65064	0.0536139	0.0122561
5	1.15922	4.07648	1.65037	0.0537994	0.0109185
5.005	1.15962	4.08146	1.6501	0.0539896	0.00957896
5.01	1.16001	4.08645	1.64983	0.0541847	0.00823754
5.015	1.1604	4.09143	1.64956	0.0543846	0.00689424
5.02	1.1608	4.09642	1.64929	0.0545893	0.00554909
5.025	1.16119	4.1014	1.64901	0.0547988	0.00420209
5.03	1.16158	4.10639	1.64874	0.0550131	0.00285326
5.035	1.16196	4.11137	1.64846	0.0552322	0.00150262
5.04	1.16235	4.11636	1.64819	0.0554561	0.000150189
5.045	1.16274	4.12134	1.64791	0.0556849	-0.00120402
5.05	1.16312	4.12633	1.64763	0.0559185	-0.00255999
5.055	1.1635	4.13131	1.64735	0.0561568	-0.0039177
5.06	1.16388	4.1363	1.64707	0.0564	-0.00527714
5.065	1.16426	4.14128	1.64679	0.056648	-0.00663829
5.07	1.16464	4.14627	1.64651	0.0569009	-0.00800113
5.075	1.16502	4.15125	1.64622	0.0571585	-0.00936564
5.08	1.16539	4.15624	1.64594	0.0574209	-0.0107318
5.085	1.16577	4.16123	1.64565	0.0576882	-0.0120996
5.09	1.16614	4.16621	1.64536	0.0579603	-0.0134691
5.095	1.16651	4.1712	1.64507	0.0582372	-0.0148401
5.1	1.16688	4.17618	1.64478	0.0585189	-0.0162128
5.105	1.16725	4.18117	1.64449	0.0588055	-0.017587
5.11	1.16762	4.18616	1.64419	0.0590968	-0.0189627
5.115	1.16798	4.19114	1.6439	0.059393	-0.02034
5.12	1.16834	4.19613	1.6436	0.0596939	-0.0217189
5.125	1.16871	4.20112	1.6433	0.0599997	-0.0230992
5.13	1.16907	4.20611	1.643	0.0603103	-0.024481
5.135	1.16943	4.21109	1.6427	0.0606257	-0.0258643
5.14	1.16978	4.21608	1.6424	0.060946	-0.0272491
5.145	1.17014	4.22107	1.64209	0.061271	-0.0286353
5.15	1.1705	4.22605	1.64179	0.0616008	-0.0300229
5.155	1.17085	4.23104	1.64148	0.0619355	-0.0314119
5.16	1.1712	4.23603	1.64117	0.0622749	-0.0328023
5.165	1.17155	4.24102	1.64086	0.0626192	-0.034194
5.17	1.1719	4.246	1.64054	0.0629682	-0.0355872
5.175	1.17225	4.25099	1.64023	0.0633221	-0.0369816
5.18	1.17259	4.25598	1.63991	0.0636807	-0.0383774
5.185	1.17293	4.26097	1.63959	0.0640441	-0.0397745
5.19	1.17328	4.26596	1.63927	0.0644124	-0.0411728
5.195	1.17362	4.27095	1.63895	0.0647854	-0.0425725
5.2	1.17396	4.27593	1.63863	0.0651632	-0.0439733
5.205	1.17429	4.28092	1.6383	0.0655458	-0.0453754
5.21	1.17463	4.28591	1.63797	0.0659332	-0.0467788
5.215	1.17496	4.2909	1.63764	0.0663254	-0.0481833
5.22	1.17529	4.29589	1.63731	0.0667223	-0.049589
5.225	1.17563	4.30088	1.63698	0.0671241	-0.0509959
5.23	1.17595	4.30587	1.63664	0.0675305	-0.0524039
5.235	1.17628	4.31086	1.63631	0.0679418	-0.053813
5.24	1.17661	4.31585	1.63597	0.0683579	-0.0552233
5.245	1.17693	4.32084	1.63562	0.0687787	-0.0566347
5.25	1.17725	4.32583	1.63528	0.0692042	-0.0580471
5.255	1.17757	4.33081	1.63493	0.0696345	-0.0594606
5.26	1.17789	4.3358	1.63459	0.0700696	-0.0608751
5.265	1.17821	4.34079	1.63424	0.0705095	-0.0622907
5.27	1.17853	4.34578	1.63388	0.070954	-0.0637073
5.275	1.17884	4.35077	1.63353	0.0714034	-0.0651249
5.28	1.17915	4.35577	1.63317	0.0718574	-0.0665434
5.285	1.17946	4.36076	1.63281	0.0723162	-0.0679629
5.29	1.17977	4.36575	1.63245	0.0727798	-0.0693834
5.295	1.18007	4.37074	1.63209	0.073248	-0.0708047
5.3	1.18038	4.37573	1.63172	0.073721	-0.072227
5.305	1.18068	4.38072	1.63135	0.0741988	-0.0736502
5.31	1.18098	4.38571	1.63098	0.0746812	-0.0750742
5.315	1.18128	4.3907	1.63061	0.0751684	-0.0764991
5.32	1.18158	4.39569	1.63023	0.0756602	-0.0779248
5.325	1.18187	4.40068	1.62985	0.0761568	-0.0793514
5.33	1.18217	4.40567	1.62947	0.0766581	-0.0807787
5.335	1.18246	4.41067	1.62909	0.077164	-0.0822069
5.34	1.18275	4.41566	1.6287	0.0776747	-0.0836358
5.345	1.18303	4.42065	1.62832	0.0781901	-0.0850654
5.35	1.18332	4.42564	1.62792	0.0787101	-0.0864958
5.355	1.1836	4.43063	1.62753	0.0792348	-0.0879269
5.36	1.18388	4.43562	1.62713	0.0797642	-0.0893587
5.365	1.18416	4.44062	1.62674	0.0802983	-0.0907912
5.37	1.18444	4.44561	1.62633	0.080837	-0.0922244
5.375	1.18472	4.4506	1.62593	0.0813804	-0.0936582
5.38	1.18499	4.45559	1.62552	0.0819284	-0.0950926
5.385	1.18526	4.46059	1.62511	0.0824811	-0.0965276
5.39	1.18553	4.46558	1.6247	0.0830385	-0.0979633
5.395	1.1858	4.47057	1.62429	0.0836005	-0.0993995
5.4	1.18606	4.47557	1.62387	0.0841671	-0.100836
5.405	1.18633	4.48056	1.62345	0.0847383	-0.102274
5.41	1.18659	4.48555	1.62302	0.0853142	-0.103711
5.415	1.18685	4.49054	1.6226	0.0858947	-0.10515
5.42	1.1871	4.49554	1.62217	0.0864798	-0.106588
5.425	1.18736	4.50053	1.62173	0.0870695	-0.108028
5.43	1.18761	4.50553	1.6213	0.0876638	-0.109468
5.435	1.18786	4.51052	1.62086	0.0882627	-0.110908
5.44	1.18811	4.51551	1.62042	0.0888662	-0.112348
5.445	1.18836	4.52051	1.61998	0.0894742	-0.113789
5.45	1.1886	4.5255	1.61953	0.0900869	-0.115231
5.455	1.18884	4.5305	1.61908	0.0907041	-0.116672
5.46	1.18908	4.53549	1.61862	0.0913259	-0.118114
5.465	1.18932	4.54048	1.61817	0.0919523	-0.119557
5.47	1.18955	4.54548	1.61771	0.0925832	-0.121
5.475	1.18978	4.55047	1.61724	0.0932187	-0.122443
5.48	1.19001	4.55547	1.61678	0.0938587	-0.123886
5.485	1.19024	4.56046	1.61631	0.0945032	-0.125329
5.49	1.19047	4.56546	1.61584	0.0951523	-0.126773
5.495	1.19069	4.57045	1.61536	0.0958059	-0.128217
5.5	1.19091	4.57545	1.61488	0.096464	-0.129662
5.505	1.19113	4.58044	1.6144	0.0971266	-0.131106
5.51	1.19134	4.58544	1.61391	0.0977937	-0.13255
5.515	1.19155	4.59043	1.61343	0.0984654	-0.133995
5.52	1.19177	4.59543	1.61293	0.0991415	-0.13544
5.525	1.19197	4.60042	1.61244	0.0998221	-0.136885
5.53	1.19218	4.60542	1.61194	0.100507	-0.13833
5.535	1.19238	4.61042	1.61144	0.101197	-0.139775
5.54	1.19258	4.61541	1.61093	0.101891	-0.14122
5.545	1.19278	4.62041	1.61042	0.102589	-0.142666
5.55	1.19298	4.6254	1.60991	0.103292	-0.144111
5.555	1.19317	4.6304	1.60939	0.104	-0.145556
5.56	1.19336	4.6354	1.60887	0.104711	-0.147001
5.565	1.19355	4.64039	1.60835	0.105428	-0.148447
5.57	1.19373	4.64539	1.60782	0.106148	-0.149892
5.575	1.19391	4.65039	1.60729	0.106873	-0.151337
5.58	1.19409	4.65538	1.60675	0.107603	-0.152782
5.585	1.19427	4.66038	1.60622	0.108337	-0.154227
5.59	1.19445	4.66538	1.60568	0.109075	-0.155672
5.595	1.19462	4.67037	1.60513	0.109818	-0.157116
5.6	1.19479	4.67537	1.60458	0.110565	-0.158561
5.605	1.19495	4.68037	1.60403	0.111316	-0.160005
5.61	1.19512	4.68537	1.60347	0.112072	-0.161449
5.615	1.19528	4.69036	1.60291	0.112832	-0.162893
5.62	1.19543	4.69536	1.60235	0.113597	-0.164337
5.625	1.19559	4.70036	1.60178	0.114366	-0.16578
5.63	1.19574	4.70536	1.60121	0.115139	-0.167223
5.635	1.19589	4.71035	1.60063	0.115916	-0.168666
5.64	1.19604	4.71535	1.60005	0.116698	-0.170109
5.645	1.19618	4.72035	1.59947	0.117484	-0.171551
5.65	1.19632	4.72535	1.59888	0.118275	-0.172993
5.655	1.19646	4.73035	1.59829	0.11907	-0.174434
5.66	1.19659	4.73534	1.59769	0.119869	-0.175875
5.665	1.19672	4.74034	1.59709	0.120672	-0.177316
5.67	1.19685	4.74534	1.59649	0.12148	-0.178756
5.675	1.19698	4.75034	1.59588	0.122292	-0.180196
5.68	1.1971	4.75534	1.59527	0.123108	-0.181635
5.685	1.19722	4.76034	1.59466	0.123928	-0.183074
5.69	1.19734	4.76534	1.59404	0.124753	-0.184513
5.695	1.19745	4.77033	1.59341	0.125582	-0.185951
5.7	1.19756	4.77533	1.59279	0.126415	-0.187388
5.705	1.19767	4.78033	1.59215	0.127252	-0.188825
5.71	1.19777	4.78533	1.59152	0.128094	-0.190261
5.715	1.19787	4.79033	1.59088	0.12894	-0.191697
5.72	1.19797	4.79533	1.59023	0.12979	-0.193132
5.725	1.19806	4.80033	1.58958	0.130644	-0.194566
5.73	1.19815	4.80533	1.58893	0.131502	-0.196
5.735	1.19824	4.81033	1.58827	0.132365	-0.197433
5.74	1.19832	4.81533	1.58761	0.133231	-0.198865
5.745	1.1984	4.82032	1.58694	0.134102	-0.200297
5.75	1.19848	4.82532	1.58627	0.134977	-0.201728
5.755	1.19855	4.83032	1.5856	0.135857	-0.203158
5.76	1.19863	4.83532	1.58492	0.13674	-0.204587
5.765	1.19869	4.84032	1.58424	0.137627	-0.206016
5.77	1.19876	4.84532	1.58355	0.138519	-0.207444
5.775	1.19882	4.85032	1.58286	0.139415	-0.208871
5.78	1.19887	4.85532	1.58216	0.140314	-0.210297
5.785	1.19893	4.86032	1.58146	0.141218	-0.211722
5.79	1.19898	4.86532	1.58075	0.142126	-0.213146
5.795	1.19902	4.87032	1.58004	0.143038	-0.21457
5.8	1.19907	4.87532	1.57932	0.143955	-0.215992
5.805	1.1991	4.88032	1.57861	0.144875	-0.217414
5.81	1.19914	4.88532	1.57788	0.145799	-0.218835
5.815	1.19917	4.89032	1.57715	0.146727	-0.220254
5.82	1.1992	4.89532	1.57642	0.14766	-0.221673
5.825	1.19922	4.90032	1.57568	0.148596	-0.22309
5.83	1.19924	4.90532	1.57494	0.149537	-0.224507
5.835	1.19926	4.91032	1.57419	0.150481	-0.225922
5.84	1.19927	4.91532	1.57344	0.15143	-0.227337
5.845	1.19928	4.92032	1.57268	0.152382	-0.22875
5.85	1.19929	4.92532	1.57192	0.153338	-0.230162
5.855	1.19929	4.93032	1.57115	0.154299	-0.231573
5.86	1.19929	4.93532	1.57038	0.155263	-0.232983
5.865	1.19928	4.94032	1.5696	0.156232	-0.234392
5.87	1.19927	4.94532	1.56882	0.157204	-0.235799
5.875	1.19926	4.95032	1.56804	0.15818	-0.237205
5.88	1.19924	4.95532	1.56725	0.159161	-0.23861
5.885	1.19922	4.96032	1.56645	0.160145	-0.240014
5.89	1.19919	4.96532	1.56565	0.161133	-0.241416
5.895	1.19917	4.97032	1.56484	0.162125	-0.242817
5.9	1.19913	4.97532	1.56403	0.163121	-0.244217
5.905	1.19909	4.98032	1.56322	0.164121	-0.245615
5.91	1.19905	4.98532	1.5624	0.165125	-0.247012
5.915	1.19901	4.99032	1.56157	0.166132	-0.248407
5.92	1.19895	4.99532	1.56074	0.167144	-0.249801
5.925	1.1989	5.00032	1.5599	0.168159	-0.251194
5.93	1.19884	5.00532	1.55906	0.169179	-0.252585
5.935	1.19878	5.01032	1.55822	0.170202	-0.253975
5.94	1.19871	5.01532	1.55737	0.171229	-0.255363
5.945	1.19864	5.02032	1.55651	0.17226	-0.25675
5.95	1.19856	5.02532	1.55565	0.173294	-0.258135
5.955	1.19848	5.03032	1.55478	0.174333	-0.259518
5.96	1.1984	5.03532	1.55391	0.175375	-0.2609
5.965	1.19831	5.04031	1.55303	0.176421	-0.262281
5.97	1.19822	5.04531	1.55215	0.177471	-0.263659
5.975	1.19812	5.05031	1.55126	0.178525	-0.265036
5.98	1.19802	5.05531	1.55037	0.179583	-0.266412
5.985	1.19791	5.06031	1.54947	0.180644	-0.267785
5.99	1.1978	5.06531	1.54857	0.181709	-0.269157
5.995	1.19768	5.07031	1.54766	0.182778	-0.270527
6	1.19756	5.07531	1.54675	0.183851	-0.271895
6.005	1.19744	5.0803	1.54583	0.184927	-0.273262
6.01	1.19731	5.0853	1.5449	0.186007	-0.274627
6.015	1.19718	5.0903	1.54397	0.187091	-0.27599
6.02	1.19704	5.0953	1.54304	0.188178	-0.277351
6.025	1.19689	5.1003	1.5421	0.18927	-0.27871
6.03	1.19675	5.1053	1.54115	0.190365	-0.280067
6.035	1.19659	5.11029	1.5402	0.191463	-0.281422
6.04	1.19644	5.11529	1.53924	0.192566	-0.282775
6.045	1.19627	5.12029	1.53828	0.193672	-0.284127
6.05	1.19611	5.12528	1.53731	0.194781	-0.285476
6.055	1.19593	5.13028	1.53634	0.195895	-0.286823
6.06	1.19576	5.13528	1.53536	0.197012	-0.288169
6.065	1.19557	5.14028	1.53437	0.198133	-0.289512
6.07	1.19539	5.14527	1.53338	0.199257	-0.290853
6.075	1.19519	5.15027	1.53239	0.200385	-0.292192
6.08	1.195	5.15526	1.53138	0.201517	-0.293528
6.085	1.1948	5.16026	1.53038	0.202652	-0.294863
6.09	1.19459	5.16526	1.52936	0.203791	-0.296195
6.095	1.19438	5.17025	1.52834	0.204934	-0.297526
6.1	1.19416	5.17525	1.52732	0.20608	-0.298854
6.105	1.19394	5.18024	1.52629	0.207229	-0.300179
6.11	1.19371	5.18524	1.52525	0.208383	-0.301503
6.115	1.19348	5.19023	1.52421	0.20954	-0.302824
6.12	1.19324	5.19523	1.52316	0.2107	-0.304142
6.125	1.19299	5.20022	1.52211	0.211864	-0.305459
6.13	1.19275	5.20521	1.52105	0.213032	-0.306773
6.135	1.19249	5.21021	1.51999	0.214203	-0.308084
6.14	1.19223	5.2152	1.51891	0.215378	-0.309393
6.145	1.19197	5.22019	1.51784	0.216556	-0.3107
6.15	1.1917	5.22519	1.51675	0.217738	-0.312004
6.155	1.19142	5.23018	1.51567	0.218923	-0.313306
6.16	1.19114	5.23517	1.51457	0.220112	-0.314605
6.165	1.19086	5.24016	1.51347	0.221304	-0.315902
6.17	1.19056	5.24515	1.51236	0.2225	-0.317195
6.175	1.19027	5.25014	1.51125	0.223699	-0.318487
6.18	1.18996	5.25514	1.51013	0.224902	-0.319776
6.185	1.18965	5.26013	1.50901	0.226108	-0.321062
6.19	1.18934	5.26512	1.50788	0.227318	-0.322345
6.195	1.18902	5.27011	1.50674	0.228531	-0.323626
6.2	1.18869	5.2751	1.5056	0.229748	-0.324903
6.205	1.18836	5.28008	1.50445	0.230968	-0.326179
6.21	1.18802	5.28507	1.5033	0.232192	-0.327451
6.215	1.18768	5.29006	1.50213	0.233419	-0.32872
6.22	1.18733	5.29505	1.50097	0.234649	-0.329987
6.225	1.18698	5.30004	1.49979	0.235883	-0.331251
6.23	1.18662	5.30502	1.49861	0.23712	-0.332512
6.235	1.18625	5.31001	1.49743	0.238361	-0.33377
6.24	1.18588	5.315	1.49624	0.239605	-0.335024
6.245	1.1855	5.31998	1.49504	0.240853	-0.336276
6.25	1.18512	5.32497	1.49384	0.242104	-0.337525
6.255	1.18473	5.32995	1.49262	0.243358	-0.338771
6.26	1.18433	5.33494	1.49141	0.244616	-0.340014
6.265	1.18393	5.33992	1.49018	0.245877	-0.341254
6.27	1.18352	5.3449	1.48896	0.247141	-0.342491
6.275	1.1831	5.34989	1.48772	0.248409	-0.343724
6.28	1.18268	5.35487	1.48648	0.24968	-0.344955
6.285	1.18225	5.35985	1.48523	0.250955	-0.346182
6.29	1.18182	5.36483	1.48397	0.252232	-0.347406
6.295	1.18138	5.36981	1.48271	0.253514	-0.348626
6.3	1.18093	5.37479	1.48145	0.254798	-0.349844
6.305	1.18048	5.37977	1.48017	0.256086	-0.351058
6.31	1.18002	5.38475	1.47889	0.257377	-0.352268
6.315	1.17956	5.38973	1.4776	0.258672	-0.353476
6.32	1.17909	5.39471	1.47631	0.259969	-0.35468
6.325	1.17861	5.39968	1.47501	0.261271	-0.35588
6.33	1.17812	5.40466	1.4737	0.262575	-0.357077
6.335	1.17763	5.40964	1.47239	0.263883	-0.358271
6.34	1.17713	5.41461	1.47107	0.265194	-0.359461
6.345	1.17663	5.41958	1.46975	0.266508	-0.360648
6.35	1.17612	5.42456	1.46841	0.267825	-0.36183
6.355	1.1756	5.42953	1.46707	0.269146	-0.36301
6.36	1.17508	5.4345	1.46573	0.27047	-0.364186
6.365	1.17455	5.43948	1.46438	0.271797	-0.365358
6.37	1.17401	5.44445	1.46302	0.273128	-0.366526
6.375	1.17346	5.44942	1.46165	0.274462	-0.367691
6.38	1.17291	5.45439	1.46028	0.275799	-0.368851
6.385	1.17235	5.45936	1.4589	0.277139	-0.370009
6.39	1.17179	5.46432	1.45752	0.278483	-0.371162
6.395	1.17122	5.46929	1.45612	0.279829	-0.372311
6.4	1.17064	5.47426	1.45472	0.281179	-0.373457
6.405	1.17005	5.47922	1.45332	0.282532	-0.374599
6.41	1.16946	5.48419	1.45191	0.283889	-0.375736
6.415	1.16886	5.48915	1.45049	0.285248	-0.37687
6.42	1.16825	5.49411	1.44906	0.286611	-0.378
6.425	1.16764	5.49908	1.44763	0.287977	-0.379126
6.43	1.16701	5.50404	1.44619	0.289346	-0.380247
6.435	1.16639	5.509	1.44474	0.290718	-0.381365
6.44	1.16575	5.51396	1.44329	0.292094	-0.382479
6.445	1.16511	5.51892	1.44183	0.293473	-0.383588
6.45	1.16446	5.52387	1.44036	0.294854	-0.384693
6.455	1.1638	5.52883	1.43888	0.296239	-0.385794
6.46	1.16313	5.53379	1.4374	0.297628	-0.386891
6.465	1.16246	5.53874	1.43591	0.299019	-0.387983
6.47	1.16178	5.54369	1.43442	0.300413	-0.389071
6.475	1.1611	5.54865	1.43292	0.301811	-0.390155
6.48	1.1604	5.5536	1.43141	0.303212	-0.391234
6.485	1.1597	5.55855	1.42989	0.304616	-0.392309
6.49	1.15899	5.5635	1.42837	0.306023	-0.39338
6.495	1.15827	5.56845	1.42684	0.307433	-0.394446
6.5	1.15755	5.57339	1.4253	0.308846	-0.395508
6.505	1.15681	5.57834	1.42376	0.310263	-0.396565
6.51	1.15607	5.58328	1.42221	0.311682	-0.397617
6.515	1.15533	5.58823	1.42065	0.313105	-0.398665
6.52	1.15457	5.59317	1.41908	0.31453	-0.399708
6.525	1.15381	5.59811	1.41751	0.315959	-0.400747
6.53	1.15304	5.60305	1.41593	0.317391	-0.401781
6.535	1.15226	5.60799	1.41434	0.318826	-0.40281
6.54	1.15147	5.61293	1.41275	0.320264	-0.403834
6.545	1.15067	5.61786	1.41115	0.321706	-0.404853
6.55	1.14987	5.6228	1.40954	0.32315	-0.405868
6.555	1.14906	5.62773	1.40792	0.324597	-0.406878
6.56	1.14824	5.63267	1.4063	0.326048	-0.407883
6.565	1.14742	5.6376	1.40467	0.327501	-0.408883
6.57	1.14658	5.64253	1.40303	0.328958	-0.409878
6.575	1.14574	5.64746	1.40139	0.330418	-0.410868
6.58	1.14489	5.65238	1.39974	0.33188	-0.411852
6.585	1.14403	5.65731	1.39808	0.333346	-0.412832
6.59	1.14316	5.66223	1.39641	0.334815	-0.413807
6.595	1.14228	5.66715	1.39474	0.336287	-0.414776
6.6	1.1414	5.67208	1.39305	0.337762	-0.415741
6.605	1.14051	5.677	1.39137	0.33924	-0.4167
6.61	1.13961	5.68191	1.38967	0.340721	-0.417654
6.615	1.1387	5.68683	1.38797	0.342205	-0.418602
6.62	1.13778	5.69175	1.38625	0.343693	-0.419545
6.625	1.13685	5.69666	1.38454	0.345183	-0.420483
6.63	1.13592	5.70157	1.38281	0.346676	-0.421415
6.635	1.13498	5.70648	1.38108	0.348172	-0.422342
6.64	1.13403	5.71139	1.37934	0.349672	-0.423264
6.645	1.13307	5.7163	1.37759	0.351174	-0.42418
6.65	1.1321	5.7212	1.37583	0.35268	-0.42509
6.655	1.13112	5.72611	1.37407	0.354188	-0.425995
6.66	1.13013	5.73101	1.3723	0.355699	-0.426894
6.665	1.12914	5.73591	1.37052	0.357214	-0.427788
6.67	1.12814	5.74081	1.36873	0.358731	-0.428675
6.675	1.12712	5.7457	1.36694	0.360252	-0.429558
6.68	1.1261	5.7506	1.36514	0.361775	-0.430434
6.685	1.12507	5.75549	1.36333	0.363302	-0.431304
6.69	1.12403	5.76038	1.36151	0.364832	-0.432169
6.695	1.12299	5.76527	1.35969	0.366364	-0.433028
6.7	1.12193	5.77016	1.35786	0.3679	-0.43388
6.705	1.12086	5.77504	1.35602	0.369438	-0.434727
6.71	1.11979	5.77993	1.35417	0.37098	-0.435568
6.715	1.1187	5.78481	1.35231	0.372525	-0.436403
6.72	1.11761	5.78969	1.35045	0.374072	-0.437231
6.725	1.11651	5.79456	1.34858	0.375623	-0.438054
6.73	1.1154	5.79944	1.3467	0.377177	-0.43887
6.735	1.11428	5.80431	1.34482	0.378733	-0.43968
6.74	1.11315	5.80918	1.34292	0.380293	-0.440484
6.745	1.11201	5.81405	1.34102	0.381856	-0.441282
6.75	1.11086	5.81892	1.33911	0.383421	-0.442073
6.755	1.1097	5.82378	1.3372	0.38499	-0.442858
6.76	1.10854	5.82864	1.33527	0.386562	-0.443637
6.765	1.10736	5.8335	1.33334	0.388136	-0.444409
6.77	1.10618	5.83836	1.3314	0.389714	-0.445174
6.775	1.10498	5.84321	1.32945	0.391295	-0.445933
6.78	1.10378	5.84807	1.32749	0.392878	-0.446686
6.785	1.10256	5.85292	1.32553	0.394465	-0.447432
6.79	1.10134	5.85777	1.32356	0.396055	-0.448171
6.795	1.10011	5.86261	1.32158	0.397647	-0.448904
6.8	1.09886	5.86745	1.31959	0.399243	-0.44963
6.805	1.09761	5.87229	1.31759	0.400842	-0.450349
6.81	1.09635	5.87713	1.31559	0.402443	-0.451061
6.815	1.09508	5.88197	1.31358	0.404048	-0.451766
6.82	1.09379	5.8868	1.31155	0.405656	-0.452465
6.825	1.0925	5.89163	1.30953	0.407266	-0.453157
6.83	1.0912	5.89646	1.30749	0.40888	-0.453841
6.835	1.08989	5.90128	1.30545	0.410497	-0.454519
6.84	1.08857	5.90611	1.30339	0.412116	-0.455189
6.845	1.08724	5.91093	1.30133	0.413739	-0.455853
6.85	1.0859	5.91574	1.29926	0.415365	-0.456509
6.855	1.08455	5.92056	1.29719	0.416994	-0.457158
6.86	1.08318	5.92537	1.2951	0.418626	-0.4578
6.865	1.08181	5.93018	1.29301	0.42026	-0.458435
6.87	1.08043	5.93498	1.29091	0.421898	-0.459062
6.875	1.07904	5.93978	1.2888	0.423539	-0.459682
6.88	1.07764	5.94458	1.28668	0.425183	-0.460295
6.885	1.07623	5.94938	1.28455	0.42683	-0.4609
6.89	1.07481	5.95417	1.28242	0.42848	-0.461498
6.895	1.07337	5.95896	1.28028	0.430133	-0.462088
6.9	1.07193	5.96375	1.27813	0.431789	-0.46267
6.905	1.07048	5.96854	1.27597	0.433448	-0.463245
6.91	1.06901	5.97332	1.2738	0.43511	-0.463813
6.915	1.06754	5.97809	1.27163	0.436775	-0.464372
6.92	1.06606	5.98287	1.26944	0.438443	-0.464924
6.925	1.06456	5.98764	1.26725	0.440114	-0.465468
6.93	1.06306	5.99241	1.26505	0.441788	-0.466004
6.935	1.06154	5.99717	1.26284	0.443465	-0.466533
6.94	1.06002	6.00194	1.26062	0.445146	-0.467053
6.945	1.05848	6.00669	1.2584	0.446829	-0.467566
6.95	1.05693	6.01145	1.25616	0.448516	-0.46807
6.955	1.05537	6.0162	1.25392	0.450205	-0.468567
6.96	1.05381	6.02095	1.25167	0.451898	-0.469055
6.965	1.05223	6.02569	1.24941	0.453593	-0.469535
6.97	1.05064	6.03043	1.24714	0.455292	-0.470007
6.975	1.04903	6.03517	1.24487	0.456994	-0.470471
6.98	1.04742	6.0399	1.24258	0.458699	-0.470927
6.985	1.0458	6.04463	1.24029	0.460407	-0.471374
6.99	1.04417	6.04936	1.23798	0.462118	-0.471813
6.995	1.04252	6.05408	1.23567	0.463832	-0.472243
7	1.04087	6.0588	1.23336	0.46555	-0.472665
7.005	1.0392	6.06351	1.23103	0.46727	-0.473078
7.01	1.03752	6.06822	1.22869	0.468994	-0.473483
7.015	1.03583	6.07293	1.22635	0.470721	-0.47388
7.02	1.03414	6.07763	1.22399	0.47245	-0.474267
7.025	1.03242	6.08233	1.22163	0.474183	-0.474646
7.03	1.0307	6.08702	1.21926	0.47592	-0.475017
7.035	1.02897	6.09171	1.21688	0.477659	-0.475378
7.04	1.02723	6.0964	1.21449	0.479401	-0.475731
7.045	1.02547	6.10108	1.21209	0.481147	-0.476075
7.05	1.0237	6.10576	1.20969	0.482896	-0.47641
7.055	1.02193	6.11043	1.20727	0.484648	-0.476736
7.06	1.02014	6.1151	1.20485	0.486403	-0.477053
7.065	1.01834	6.11976	1.20242	0.488161	-0.477361
7.07	1.01652	6.12442	1.19998	0.489923	-0.477659
7.075	1.0147	6.12908	1.19753	0.491688	-0.477949
7.08	1.01287	6.13373	1.19507	0.493456	-0.47823
7.085	1.01102	6.13838	1.1926	0.495227	-0.478501
7.09	1.00916	6.14302	1.19013	0.497001	-0.478763
7.095	1.00729	6.14766	1.18764	0.498779	-0.479015
7.1	1.00541	6.15229	1.18515	0.50056	-0.479259
7.105	1.00352	6.15692	1.18265	0.502344	-0.479493
7.11	1.00162	6.16154	1.18013	0.504132	-0.479717
7.115	0.999701	6.16616	1.17761	0.505922	-0.479932
7.12	0.997773	6.17077	1.17508	0.507716	-0.480137
7.125	0.995834	6.17538	1.17254	0.509514	-0.480333
7.13	0.993884	6.17999	1.17	0.511314	-0.480519
7.135	0.991921	6.18458	1.16744	0.513118	-0.480695
7.14	0.989947	6.18918	1.16487	0.514926	-0.480862
7.145	0.987961	6.19377	1.1623	0.516736	-0.481019
7.15	0.985963	6.19835	1.15972	0.51855	-0.481166
7.155	0.983953	6.20293	1.15712	0.520368	-0.481303
7.16	0.981931	6.2075	1.15452	0.522188	-0.48143
7.165	0.979897	6.21207	1.15191	0.524012	-0.481547
7.17	0.977852	6.21663	1.14929	0.52584	-0.481654
7.175	0.975794	6.22119	1.14666	0.527671	-0.481751
7.18	0.973724	6.22574	1.14402	0.529505	-0.481838
7.185	0.971643	6.23029	1.14138	0.531343	-0.481915
7.19	0.969549	6.23483	1.13872	0.533184	-0.481981
7.195	0.967443	6.23936	1.13605	0.535029	-0.482037
7.2	0.965325	6.24389	1.13338	0.536877	-0.482083
7.205	0.963195	6.24841	1.13069	0.538729	-0.482119
7.21	0.961052	6.25293	1.128	0.540584	-0.482144
7.215	0.958898	6.25744	1.1253	0.542443	-0.482159
7.22	0.956731	6.26195	1.12258	0.544305	-0.482163
7.225	0.954552	6.26645	1.11986	0.54617	-0.482157
7.23	0.952361	6.27094	1.11713	0.54804	-0.48214
7.235	0.950157	6.27543	1.11439	0.549913	-0.482112
7.24	0.947941	6.27991	1.11164	0.551789	-0.482074
7.245	0.945713	6.28439	1.10888	0.553669	-0.482025
7.25	0.943472	6.28886	1.10612	0.555553	-0.481965
7.255	0.941219	6.29332	1.10334	0.55744	-0.481894
7.26	0.938954	6.29778	1.10055	0.559331	-0.481813
7.265	0.936676	6.30223	1.09775	0.561226	-0.48172
7.27	0.934385	6.30668	1.09495	0.563124	-0.481617
7.275	0.932082	6.31111	1.09213	0.565026	-0.481502
7.28	0.929767	6.31555	1.08931	0.566932	-0.481377
7.285	0.927439	6.31997	1.08647	0.568842	-0.48124
7.29	0.925098	6.32439	1.08363	0.570755	-0.481092
7.295	0.922745	6.3288	1.08077	0.572672	-0.480933
7.3	0.920379	6.33321	1.07791	0.574593	-0.480763
7.305	0.918	6.3376	1.07504	0.576518	-0.480582
7.31	0.915609	6.342	1.07216	0.578446	-0.480389
7.315	0.913205	6.34638	1.06926	0.580379	-0.480184
7.32	0.910789	6.35076	1.06636	0.582315	-0.479969
7.325	0.908359	6.35513	1.06345	0.584255	-0.479741
7.33	0.905917	6.35949	1.06053	0.5862	-0.479502
7.335	0.903463	6.36385	1.0576	0.588148	-0.479252
7.34	0.900995	6.36819	1.05466	0.5901	-0.47899
7.345	0.898514	6.37254	1.05171	0.592056	-0.478716
7.35	0.896021	6.37687	1.04875	0.594016	-0.478431
7.355	0.893515	6.3812	1.04578	0.59598	-0.478134
7.36	0.890996	6.38552	1.0428	0.597949	-0.477825
7.365	0.888464	6.38983	1.03981	0.599921	-0.477504
7.37	0.885919	6.39413	1.03681	0.601897	-0.477171
7.375	0.883361	6.39843	1.0338	0.603878	-0.476826
7.38	0.880791	6.40272	1.03078	0.605863	-0.476469
7.385	0.878207	6.407	1.02775	0.607852	-0.476101
7.39	0.87561	6.41127	1.02471	0.609845	-0.47572
7.395	0.873	6.41553	1.02166	0.611843	-0.475327
7.4	0.870378	6.41979	1.0186	0.613844	-0.474921
7.405	0.867742	6.42404	1.01553	0.61585	-0.474504
7.41	0.865093	6.42828	1.01245	0.617861	-0.474074
7.415	0.862431	6.43251	1.00936	0.619876	-0.473632
7.42	0.859756	6.43674	1.00626	0.621895	-0.473178
7.425	0.857068	6.44095	1.00315	0.623919	-0.472711
7.43	0.854366	6.44516	1.00003	0.625947	-0.472232
7.435	0.851652	6.44936	0.996905	0.627979	-0.47174
7.44	0.848924	6.45355	0.993765	0.630017	-0.471235
7.445	0.846183	6.45773	0.990615	0.632058	-0.470719
7.45	0.843429	6.4619	0.987454	0.634105	-0.470189
7.455	0.840662	6.46607	0.984284	0.636156	-0.469647
7.46	0.837881	6.47022	0.981103	0.638211	-0.469092
7.465	0.835087	6.47437	0.977912	0.640272	-0.468524
7.47	0.83228	6.47851	0.974711	0.642337	-0.467944
7.475	0.82946	6.48264	0.971499	0.644407	-0.46735
7.48	0.826626	6.48676	0.968277	0.646481	-0.466744
7.485	0.82378	6.49087	0.965045	0.648561	-0.466125
7.49	0.820919	6.49497	0.961802	0.650645	-0.465493
7.495	0.818046	6.49906	0.958549	0.652735	-0.464847
7.5	0.815159	6.50314	0.955285	0.654829	-0.464189
7.505	0.812259	6.50722	0.952011	0.656929	-0.463518
7.51	0.809345	6.51128	0.948726	0.659033	-0.462833
7.515	0.806418	6.51533	0.945431	0.661143	-0.462135
7.52	0.803478	6.51938	0.942125	0.663258	-0.461424
7.525	0.800524	6.52341	0.938809	0.665378	-0.4607
7.53	0.797557	6.52744	0.935482	0.667503	-0.459962
7.535	0.794576	6.53145	0.932144	0.669634	-0.459211
7.54	0.791582	6.53545	0.928796	0.671769	-0.458447
7.545	0.788575	6.53945	0.925437	0.673911	-0.457669
7.55	0.785554	6.54343	0.922068	0.676058	-0.456878
7.555	0.78252	6.54741	0.918688	0.67821	-0.456073
7.56	0.779472	6.55137	0.915297	0.680368	-0.455255
7.565	0.776411	6.55532	0.911895	0.682531	-0.454423
7.57	0.773336	6.55927	0.908482	0.6847	-0.453577
7.575	0.770248	6.5632	0.905059	0.686875	-0.452718
7.58	0.767146	6.56712	0.901624	0.689055	-0.451845
7.585	0.764031	6.57103	0.898179	0.691242	-0.450958
7.59	0.760902	6.57493	0.894723	0.693434	-0.450057
7.595	0.75776	6.57882	0.891256	0.695632	-0.449143
7.6	0.754604	6.5827	0.887777	0.697836	-0.448214
7.605	0.751435	6.58657	0.884288	0.700047	-0.447272
7.61	0.748252	6.59042	0.880788	0.702263	-0.446316
7.615	0.745056	6.59427	0.877277	0.704486	-0.445346
7.62	0.741846	6.5981	0.873754	0.706715	-0.444361
7.625	0.738623	6.60192	0.870221	0.70895	-0.443363
7.63	0.735386	6.60574	0.866676	0.711191	-0.44235
7.635	0.732136	6.60953	0.86312	0.71344	-0.441324
7.64	0.728872	6.61332	0.859553	0.715694	-0.440283
7.645	0.725595	6.6171	0.855974	0.717955	-0.439228
7.65	0.722304	6.62086	0.852384	0.720223	-0.438158
7.655	0.718999	6.62462	0.848783	0.722498	-0.437075
7.66	0.715681	6.62836	0.845171	0.72478	-0.435977
7.665	0.71235	6.63208	0.841547	0.727068	-0.434864
7.67	0.709005	6.6358	0.837912	0.729364	-0.433738
7.675	0.705646	6.6395	0.834265	0.731666	-0.432597
7.68	0.702274	6.6432	0.830606	0.733976	-0.431441
7.685	0.698888	6.64688	0.826937	0.736293	-0.430271
7.69	0.695489	6.65054	0.823255	0.738618	-0.429086
7.695	0.692076	6.6542	0.819562	0.740949	-0.427887
7.7	0.68865	6.65784	0.815857	0.743289	-0.426673
7.705	0.68521	6.66147	0.812141	0.745636	-0.425444
7.71	0.681757	6.66508	0.808413	0.74799	-0.424201
7.715	0.67829	6.66869	0.804673	0.750353	-0.422943
7.72	0.67481	6.67228	0.800921	0.752724	-0.42167
7.725	0.671316	6.67585	0.797157	0.755102	-0.420383
7.73	0.667809	6.67942	0.793382	0.757489	-0.419081
7.735	0.664289	6.68297	0.789594	0.759884	-0.417763
7.74	0.660754	6.6865	0.785795	0.762287	-0.416431
7.745	0.657207	6.69003	0.781984	0.764699	-0.415084
7.75	0.653646	6.69354	0.77816	0.767119	-0.413723
7.755	0.650071	6.69703	0.774324	0.769548	-0.412346
7.76	0.646483	6.70052	0.770477	0.771986	-0.410954
7.765	0.642882	6.70398	0.766617	0.774432	-0.409547
7.77	0.639267	6.70744	0.762745	0.776888	-0.408125
7.775	0.635639	6.71088	0.75886	0.779353	-0.406688
7.78	0.631998	6.71431	0.754963	0.781828	-0.405236
7.785	0.628343	6.71772	0.751054	0.784311	-0.403769
7.79	0.624675	6.72111	0.747133	0.786805	-0.402286
7.795	0.620993	6.7245	0.743199	0.789308	-0.400788
7.8	0.617298	6.72787	0.739252	0.791821	-0.399276
7.805	0.61359	6.73122	0.735293	0.794344	-0.397747
7.81	0.609869	6.73456	0.731321	0.796878	-0.396204
7.815	0.606134	6.73788	0.727337	0.799421	-0.394645
7.82	0.602386	6.74119	0.72334	0.801975	-0.393071
7.825	0.598625	6.74449	0.71933	0.80454	-0.391481
7.83	0.59485	6.74777	0.715307	0.807116	-0.389876
7.835	0.591063	6.75103	0.711272	0.809703	-0.388256
7.84	0.587262	6.75428	0.707223	0.812301	-0.38662
7.845	0.583448	6.75751	0.703162	0.81491	-0.384969
7.85	0.579621	6.76073	0.699087	0.817531	-0.383302
7.855	0.57578	6.76393	0.694999	0.820164	-0.38162
7.86	0.571927	6.76712	0.690899	0.822808	-0.379922
7.865	0.568061	6.77029	0.686785	0.825465	-0.378208
7.87	0.564181	6.77344	0.682657	0.828134	-0.376479
7.875	0.560289	6.77658	0.678517	0.830816	-0.374734
7.88	0.556383	6.7797	0.674363	0.83351	-0.372974
7.885	0.552465	6.78281	0.670195	0.836218	-0.371198
7.89	0.548533	6.7859	0.666014	0.838939	-0.369406
7.895	0.544589	6.78897	0.661819	0.841673	-0.367599
7.9	0.540631	6.79203	0.657611	0.844421	-0.365775
7.905	0.536661	6.79507	0.653389	0.847183	-0.363936
7.91	0.532678	6.79809	0.649153	0.849959	-0.362081
7.915	0.528682	6.8011	0.644903	0.85275	-0.36021
7.92	0.524674	6.80408	0.640639	0.855555	-0.358324
7.925	0.520653	6.80706	0.636361	0.858376	-0.356421
7.93	0.516619	6.81001	0.63207	0.861211	-0.354503
7.935	0.512572	6.81295	0.627764	0.864063	-0.352569
7.94	0.508512	6.81587	0.623443	0.86693	-0.350618
7.945	0.504441	6.81877	0.619109	0.869814	-0.348652
7.95	0.500356	6.82165	0.61476	0.872714	-0.34667
7.955	0.496259	6.82452	0.610396	0.875631	-0.344672
7.96	0.492149	6.82736	0.606018	0.878566	-0.342657
7.965	0.488027	6.83019	0.601625	0.881518	-0.340627
7.97	0.483893	6.83301	0.597217	0.884488	-0.338581
7.975	0.479746	6.8358	0.592795	0.887476	-0.336518
7.98	0.475586	6.83857	0.588358	0.890483	-0.334439
7.985	0.471415	6.84133	0.583905	0.893509	-0.332344
7.99	0.467231	6.84407	0.579438	0.896555	-0.330233
7.995	0.463035	6.84679	0.574955	0.899621	-0.328106
8	0.458827	6.84949	0.570457	0.902707	-0.325963
8.005	0.454606	6.85217	0.565943	0.905814	-0.323803
8.01	0.450374	6.85483	0.561414	0.908942	-0.321627
8.015	0.446129	6.85747	0.556869	0.912093	-0.319435
8.02	0.441873	6.8601	0.552309	0.915265	-0.317226
8.025	0.437604	6.8627	0.547733	0.918461	-0.315001
8.03	0.433324	6.86528	0.54314	0.921679	-0.31276
8.035	0.429031	6.86785	0.538532	0.924922	-0.310502
8.04	0.424727	6.87039	0.533907	0.928189	-0.308228
8.045	0.420411	6.87292	0.529266	0.931482	-0.305937
8.05	0.416084	6.87542	0.524609	0.9348	-0.30363
8.055	0.411744	6.87791	0.519935	0.938144	-0.301307
8.06	0.407394	6.88037	0.515244	0.941516	-0.298967
8.065	0.403031	6.88281	0.510537	0.944915	-0.29661
8.07	0.398657	6.88524	0.505812	0.948343	-0.294237
8.075	0.394272	6.88764	0.50107	0.9518	-0.291847
8.08	0.389875	6.89002	0.496311	0.955288	-0.28944
8.085	0.385467	6.89238	0.491535	0.958806	-0.287017
8.09	0.381048	6.89472	0.486741	0.962355	-0.284577
8.095	0.376617	6.89703	0.481929	0.965937	-0.282121
8.1	0.372176	6.89933	0.477099	0.969553	-0.279648
8.105	0.367723	6.90161	0.472252	0.973203	-0.277157
8.11	0.363259	6.90386	0.467386	0.976888	-0.27465
8.115	0.358784	6.90609	0.462501	0.98061	-0.272127
8.12	0.354299	6.9083	0.457598	0.984369	-0.269586
8.125	0.349802	6.91048	0.452676	0.988167	-0.267028
8.13	0.345295	6.91265	0.447735	0.992005	-0.264454
8.135	0.340778	6.91479	0.442775	0.995884	-0.261862
8.14	0.336249	6.91691	0.437796	0.999805	-0.259254
8.145	0.33171	6.91901	0.432797	1.00377	-0.256628
8.15	0.327161	6.92108	0.427778	1.00778	-0.253985
8.155	0.322601	6.92313	0.422739	1.01184	-0.251326
8.16	0.318031	6.92516	0.41768	1.01594	-0.248649
8.165	0.31345	6.92717	0.4126	1.0201	-0.245954
8.17	0.30886	6.92915	0.4075	1.0243	-0.243243
8.175	0.304259	6.93111	0.402378	1.02856	-0.240514
8.18	0.299648	6.93304	0.397236	1.03287	-0.237767
8.185	0.295028	6.93495	0.392071	1.03725	-0.235004
8.19	0.290397	6.93684	0.386885	1.04168	-0.232222
8.195	0.285757	6.9387	0.381677	1.04617	-0.229424
8.2	0.281107	6.94054	0.376446	1.05072	-0.226607
8.205	0.276448	6.94235	0.371192	1.05535	-0.223774
8.21	0.271779	6.94414	0.365915	1.06004	-0.220922
8.215	0.2671	6.94591	0.360615	1.0648	-0.218053
8.22	0.262413	6.94764	0.355291	1.06964	-0.215166
8.225	0.257716	6.94936	0.349943	1.07456	-0.212261
8.23	0.25301	6.95105	0.34457	1.07955	-0.209338
8.235	0.248294	6.95271	0.339172	1.08463	-0.206397
8.24	0.24357	6.95435	0.333749	1.0898	-0.203438
8.245	0.238837	6.95596	0.3283	1.09507	-0.200461
8.25	0.234096	6.95755	0.322825	1.10043	-0.197466
8.255	0.229345	6.95911	0.317323	1.10589	-0.194453
8.26	0.224586	6.96064	0.311793	1.11146	-0.191422
8.265	0.219819	6.96215	0.306236	1.11714	-0.188372
8.27	0.215043	6.96363	0.30065	1.12294	-0.185304
8.275	0.210259	6.96508	0.295036	1.12886	-0.182217
8.28	0.205467	6.96651	0.289391	1.13491	-0.179113
8.285	0.200667	6.96791	0.283717	1.1411	-0.175989
8.29	0.195859	6.96928	0.278011	1.14744	-0.172847
8.295	0.191043	6.97063	0.272274	1.15393	-0.169687
8.3	0.18622	6.97194	0.266504	1.16059	-0.166508
8.305	0.181389	6.97323	0.260701	1.16742	-0.163311
8.31	0.17655	6.97449	0.254864	1.17444	-0.160095
8.315	0.171704	6.97573	0.248992	1.18166	-0.15686
8.32	0.166851	6.97693	0.243084	1.18908	-0.153608
8.325	0.161991	6.9781	0.237138	1.19674	-0.150337
8.33	0.157124	6.97925	0.231155	1.20464	-0.147048
8.335	0.15225	6.98037	0.225132	1.2128	-0.143741
8.34	0.14737	6.98145	0.219068	1.22125	-0.140416
8.345	0.142483	6.98251	0.212961	1.23001	-0.137074
8.35	0.137589	6.98354	0.206811	1.2391	-0.133715
8.355	0.13269	6.98453	0.200616	1.24857	-0.13034
8.36	0.127784	6.9855	0.194373	1.25843	-0.126949
8.365	0.122872	6.98643	0.188081	1.26874	-0.123543
8.37	0.117954	6.98734	0.181737	1.27954	-0.120123
8.375	0.113031	6.98821	0.175339	1.29088	-0.116691
8.38	0.108102	6.98905	0.168885	1.30284	-0.113248
8.385	0.103168	6.98986	0.162371	1.31549	-0.109796
8.39	0.0982286	6.99063	0.155793	1.32892	-0.106338
8.395	0.0932841	6.99138	0.149149	1.34324	-0.102878
8.4	0.0883347	6.99209	0.142432	1.3586	-0.0994192
8.405	0.0833806	6.99276	0.135639	1.37516	-0.095968
8.41	0.078422	6.9934	0.128764	1.39315	-0.0925314
8.415	0.0734591	6.99401	0.121798	1.41284	-0.0891193
8.42	0.0684919	6.99458	0.114734	1.4346	-0.0857444
8.425	0.0635208	6.99512	0.107561	1.45892	-0.0824243
8.43	0.0585459	6.99562	0.100266	1.48647	-0.0791831
8.435	0.0535675	6.99608	0.0928337	1.51818	-0.0760548
8.44	0.0485856	6.99651	0.0852428	1.55544	-0.0730884
8.445	0.0436006	6.9969	0.0774656	1.60033	-0.0703571
8.45	0.0386127	6.99724	0.0694639	1.65616	-0.0679741
8.455	0.033622	6.99755	0.0611831	1.72848	-0.0661231
8.46	0.0286289	6.99781	0.0525407	1.82733	-0.0651213
8.465	0.0236336	6.99803	0.0434041	1.97261	-0.0655644
8.47	0.0186365	6.9982	0.0335411	2.20888	-0.068713
8.475	0.0136377	6.99831	0.0224967	2.65526	-0.0777873
8.48	0.00863794	6.99836	0.00922036	3.73016	-0.10437
8.485	0.00363816	6.99831	-0.00943043	7.85722	-0.240415
