descriptor s_test R_test Z_test
0	1.68516	9.99999e-006	0.002	-0.401982	-0.00161638
0.005	1.68016	3.00495e-005	0.00400991	-0.403966	-0.00324917
0.01	1.67516	6.0198e-005	0.00602974	-0.405954	-0.00489837
0.015	1.67016	0.000100495	0.00805951	-0.407944	-0.00656399
0.02	1.66516	0.00015099	0.0100992	-0.409937	-0.00824606
0.025	1.66016	0.000211733	0.0121489	-0.411933	-0.00994459
0.03	1.65516	0.000282774	0.0142086	-0.413933	-0.0116596
0.035	1.65016	0.000364162	0.0162782	-0.415935	-0.0133911
0.04	1.64516	0.000455946	0.0183579	-0.417941	-0.0151391
0.045	1.64016	0.000558177	0.0204476	-0.41995	-0.0169036
0.05	1.63517	0.000670904	0.0225474	-0.421963	-0.0186846
0.055	1.63017	0.000794178	0.0246572	-0.423979	-0.0204822
0.06	1.62517	0.000928047	0.0267771	-0.425999	-0.0222963
0.065	1.62017	0.00107256	0.0289071	-0.428023	-0.024127
0.07	1.61517	0.00122777	0.0310472	-0.43005	-0.0259743
0.075	1.61018	0.00139373	0.0331975	-0.432081	-0.0278381
0.08	1.60518	0.00157048	0.0353579	-0.434116	-0.0297186
0.085	1.60018	0.00175808	0.0375284	-0.436156	-0.0316157
0.09	1.59519	0.00195657	0.0397092	-0.438199	-0.0335294
0.095	1.59019	0.00216601	0.0419002	-0.440246	-0.0354598
0.1	1.5852	0.00238645	0.0441014	-0.442298	-0.0374068
0.105	1.5802	0.00261793	0.0463129	-0.444354	-0.0393705
0.11	1.57521	0.00286051	0.0485347	-0.446415	-0.0413508
0.115	1.57021	0.00311424	0.0507668	-0.44848	-0.0433479
0.12	1.56522	0.00337916	0.0530092	-0.45055	-0.0453616
0.125	1.56023	0.00365533	0.0552619	-0.452624	-0.047392
0.13	1.55524	0.00394279	0.057525	-0.454703	-0.0494392
0.135	1.55025	0.00424161	0.0597986	-0.456788	-0.0515031
0.14	1.54525	0.00455182	0.0620825	-0.458877	-0.0535837
0.145	1.54027	0.00487348	0.0643769	-0.460971	-0.0556811
0.15	1.53528	0.00520664	0.0666817	-0.463071	-0.0577952
0.155	1.53029	0.00555136	0.0689971	-0.465176	-0.0599261
0.16	1.5253	0.00590767	0.071323	-0.467286	-0.0620738
0.165	1.52031	0.00627563	0.0736594	-0.469402	-0.0642382
0.17	1.51533	0.0066553	0.0760064	-0.471523	-0.0664195
0.175	1.51034	0.00704672	0.078364	-0.47365	-0.0686175
0.18	1.50536	0.00744994	0.0807323	-0.475783	-0.0708324
0.185	1.50038	0.00786502	0.0831112	-0.477922	-0.0730641
0.19	1.4954	0.008292	0.0855008	-0.480067	-0.0753126
0.195	1.49042	0.00873094	0.0879011	-0.482218	-0.0775779
0.2	1.48544	0.00918189	0.0903122	-0.484375	-0.0798601
0.205	1.48046	0.0096449	0.0927341	-0.486539	-0.0821592
0.21	1.47548	0.01012	0.0951668	-0.488709	-0.0844751
0.215	1.4705	0.0106073	0.0976103	-0.490885	-0.0868078
0.22	1.46553	0.0111068	0.100065	-0.493069	-0.0891575
0.225	1.46055	0.0116185	0.10253	-0.495259	-0.091524
0.23	1.45558	0.0121426	0.105006	-0.497456	-0.0939074
0.235	1.45061	0.012679	0.107494	-0.49966	-0.0963077
0.24	1.44564	0.0132279	0.109992	-0.501871	-0.0987249
0.245	1.44067	0.0137892	0.112501	-0.50409	-0.101159
0.25	1.43571	0.014363	0.115022	-0.506315	-0.10361
0.255	1.43074	0.0149495	0.117553	-0.508549	-0.106078
0.26	1.42578	0.0155485	0.120096	-0.51079	-0.108563
0.265	1.42081	0.0161602	0.12265	-0.513039	-0.111065
0.27	1.41585	0.0167847	0.125215	-0.515295	-0.113583
0.275	1.41089	0.0174219	0.127792	-0.51756	-0.116119
0.28	1.40594	0.0180719	0.13038	-0.519833	-0.118672
0.285	1.40098	0.0187349	0.132979	-0.522114	-0.121241
0.29	1.39603	0.0194107	0.135589	-0.524403	-0.123827
0.295	1.39107	0.0200996	0.138211	-0.526701	-0.126431
0.3	1.38612	0.0208015	0.140845	-0.529008	-0.129051
0.305	1.38118	0.0215165	0.14349	-0.531323	-0.131689
0.31	1.37623	0.0222446	0.146146	-0.533648	-0.134343
0.315	1.37128	0.0229859	0.148815	-0.535981	-0.137014
0.32	1.36634	0.0237405	0.151495	-0.538324	-0.139702
0.325	1.3614	0.0245084	0.154186	-0.540676	-0.142408
0.33	1.35646	0.0252896	0.15689	-0.543038	-0.14513
0.335	1.35153	0.0260843	0.159605	-0.545409	-0.147869
0.34	1.34659	0.0268924	0.162332	-0.54779	-0.150625
0.345	1.34166	0.027714	0.165071	-0.550181	-0.153398
0.35	1.33673	0.0285492	0.167822	-0.552582	-0.156188
0.355	1.3318	0.029398	0.170585	-0.554993	-0.158995
0.36	1.32688	0.0302604	0.17336	-0.557415	-0.161819
0.365	1.32195	0.0311366	0.176147	-0.559847	-0.16466
0.37	1.31703	0.0320266	0.178946	-0.56229	-0.167518
0.375	1.31212	0.0329304	0.181757	-0.564744	-0.170393
0.38	1.3072	0.033848	0.184581	-0.567209	-0.173285
0.385	1.30229	0.0347796	0.187417	-0.569685	-0.176194
0.39	1.29738	0.0357252	0.190265	-0.572172	-0.179119
0.395	1.29247	0.0366849	0.193126	-0.574671	-0.182062
0.4	1.28757	0.0376586	0.196	-0.577181	-0.185022
0.405	1.28267	0.0386465	0.198886	-0.579704	-0.187998
0.41	1.27777	0.0396486	0.201784	-0.582238	-0.190992
0.415	1.27287	0.0406649	0.204695	-0.584785	-0.194003
0.42	1.26798	0.0416956	0.207619	-0.587344	-0.19703
0.425	1.26309	0.0427406	0.210556	-0.589915	-0.200075
0.43	1.2582	0.0438	0.213506	-0.592499	-0.203136
0.435	1.25332	0.0448739	0.216468	-0.595097	-0.206214
0.44	1.24844	0.0459624	0.219444	-0.597707	-0.209309
0.445	1.24356	0.0470654	0.222432	-0.60033	-0.212422
0.45	1.23869	0.048183	0.225434	-0.602967	-0.215551
0.455	1.23382	0.0493154	0.228449	-0.605618	-0.218696
0.46	1.22895	0.0504624	0.231477	-0.608282	-0.221859
0.465	1.22409	0.0516243	0.234518	-0.61096	-0.225039
0.47	1.21923	0.052801	0.237573	-0.613653	-0.228235
0.475	1.21437	0.0539927	0.240641	-0.61636	-0.231449
0.48	1.20952	0.0551992	0.243723	-0.619081	-0.234679
0.485	1.20467	0.0564208	0.246818	-0.621817	-0.237926
0.49	1.19983	0.0576575	0.249927	-0.624569	-0.24119
0.495	1.19499	0.0589093	0.25305	-0.627335	-0.244471
0.5	1.19015	0.0601763	0.256187	-0.630117	-0.247768
0.505	1.18532	0.0614585	0.259337	-0.632914	-0.251082
0.51	1.18049	0.062756	0.262502	-0.635728	-0.254413
0.515	1.17567	0.0640688	0.265681	-0.638557	-0.257761
0.52	1.17085	0.065397	0.268873	-0.641402	-0.261125
0.525	1.16603	0.0667407	0.272081	-0.644264	-0.264507
0.53	1.16122	0.0680999	0.275302	-0.647143	-0.267904
0.535	1.15641	0.0694746	0.278538	-0.650038	-0.271319
0.54	1.15161	0.070865	0.281788	-0.652951	-0.27475
0.545	1.14681	0.072271	0.285052	-0.655881	-0.278198
0.55	1.14202	0.0736928	0.288332	-0.658828	-0.281662
0.555	1.13723	0.0751304	0.291626	-0.661794	-0.285143
0.56	1.13244	0.0765838	0.294935	-0.664777	-0.28864
0.565	1.12766	0.078053	0.298259	-0.667778	-0.292154
0.57	1.12289	0.0795383	0.301598	-0.670798	-0.295685
0.575	1.11812	0.0810395	0.304952	-0.673837	-0.299232
0.58	1.11336	0.0825568	0.308321	-0.676894	-0.302795
0.585	1.1086	0.0840902	0.311705	-0.679971	-0.306375
0.59	1.10384	0.0856398	0.315105	-0.683067	-0.309971
0.595	1.09909	0.0872056	0.318521	-0.686183	-0.313584
0.6	1.09435	0.0887877	0.321952	-0.689318	-0.317212
0.605	1.08961	0.0903861	0.325398	-0.692474	-0.320857
0.61	1.08488	0.0920009	0.32886	-0.69565	-0.324519
0.615	1.08015	0.0936322	0.332339	-0.698847	-0.328196
0.62	1.07543	0.09528	0.335833	-0.702064	-0.33189
0.625	1.07072	0.0969443	0.339343	-0.705303	-0.335599
0.63	1.06601	0.0986253	0.34287	-0.708563	-0.339325
0.635	1.06131	0.100323	0.346413	-0.711845	-0.343067
0.64	1.05661	0.102037	0.349972	-0.715149	-0.346824
0.645	1.05192	0.103768	0.353548	-0.718474	-0.350598
0.65	1.04724	0.105516	0.35714	-0.721823	-0.354388
0.655	1.04256	0.107281	0.360749	-0.725194	-0.358193
0.66	1.03789	0.109063	0.364375	-0.728587	-0.362014
0.665	1.03322	0.110862	0.368018	-0.732004	-0.36585
0.67	1.02856	0.112678	0.371678	-0.735445	-0.369703
0.675	1.02391	0.114511	0.375355	-0.738909	-0.373571
0.68	1.01926	0.116361	0.37905	-0.742397	-0.377454
0.685	1.01463	0.118228	0.382762	-0.74591	-0.381353
0.69	1.00999	0.120113	0.386491	-0.749447	-0.385267
0.695	1.00537	0.122015	0.390239	-0.753009	-0.389196
0.7	1.00075	0.123935	0.394004	-0.756596	-0.393141
0.705	0.996144	0.125872	0.397787	-0.760208	-0.397101
0.71	0.991542	0.127826	0.401588	-0.763846	-0.401076
0.715	0.986947	0.129798	0.405407	-0.767509	-0.405066
0.72	0.98236	0.131787	0.409244	-0.771199	-0.40907
0.725	0.977781	0.133795	0.4131	-0.774916	-0.41309
0.73	0.973209	0.13582	0.416975	-0.778659	-0.417124
0.735	0.968646	0.137862	0.420868	-0.782429	-0.421173
0.74	0.96409	0.139923	0.42478	-0.786226	-0.425236
0.745	0.959543	0.142002	0.428712	-0.790051	-0.429314
0.75	0.955003	0.144098	0.432662	-0.793904	-0.433406
0.755	0.950472	0.146212	0.436631	-0.797784	-0.437512
0.76	0.94595	0.148345	0.44062	-0.801693	-0.441632
0.765	0.941436	0.150496	0.444629	-0.805631	-0.445766
0.77	0.936931	0.152664	0.448657	-0.809598	-0.449914
0.775	0.932435	0.154851	0.452705	-0.813593	-0.454076
0.78	0.927947	0.157057	0.456773	-0.817618	-0.458251
0.785	0.923469	0.15928	0.460861	-0.821673	-0.46244
0.79	0.919	0.161522	0.464969	-0.825758	-0.466642
0.795	0.91454	0.163783	0.469098	-0.829873	-0.470857
0.8	0.910089	0.166062	0.473247	-0.834018	-0.475085
0.805	0.905648	0.168359	0.477417	-0.838195	-0.479326
0.81	0.901217	0.170675	0.481608	-0.842402	-0.48358
0.815	0.896796	0.17301	0.48582	-0.84664	-0.487846
0.82	0.892384	0.175363	0.490054	-0.85091	-0.492125
0.825	0.887983	0.177735	0.494308	-0.855211	-0.496415
0.83	0.883591	0.180126	0.498584	-0.859545	-0.500718
0.835	0.87921	0.182536	0.502882	-0.86391	-0.505032
0.84	0.87484	0.184964	0.507202	-0.868308	-0.509359
0.845	0.87048	0.187412	0.511543	-0.872739	-0.513696
0.85	0.866131	0.189879	0.515907	-0.877202	-0.518045
0.855	0.861792	0.192364	0.520293	-0.881699	-0.522405
0.86	0.857465	0.194869	0.524701	-0.886229	-0.526775
0.865	0.853149	0.197393	0.529132	-0.890792	-0.531156
0.87	0.848844	0.199936	0.533586	-0.895389	-0.535548
0.875	0.84455	0.202499	0.538063	-0.90002	-0.539949
0.88	0.840268	0.20508	0.542563	-0.904684	-0.54436
0.885	0.835998	0.207681	0.547087	-0.909383	-0.548781
0.89	0.83174	0.210302	0.551634	-0.914116	-0.553211
0.895	0.827493	0.212941	0.556204	-0.918884	-0.55765
0.9	0.823259	0.215601	0.560799	-0.923686	-0.562098
0.905	0.819037	0.21828	0.565417	-0.928523	-0.566554
0.91	0.814828	0.220978	0.57006	-0.933395	-0.571019
0.915	0.810631	0.223696	0.574727	-0.938302	-0.575491
0.92	0.806447	0.226434	0.579418	-0.943244	-0.579971
0.925	0.802277	0.229191	0.584135	-0.948221	-0.584458
0.93	0.798119	0.231968	0.588876	-0.953233	-0.588952
0.935	0.793974	0.234765	0.593642	-0.95828	-0.593452
0.94	0.789843	0.237582	0.598433	-0.963363	-0.597959
0.945	0.785726	0.240419	0.60325	-0.968481	-0.602471
0.95	0.781622	0.243275	0.608092	-0.973634	-0.606989
0.955	0.777532	0.246152	0.612961	-0.978823	-0.611511
0.96	0.773457	0.249048	0.617855	-0.984047	-0.616039
0.965	0.769395	0.251964	0.622775	-0.989305	-0.62057
0.97	0.765348	0.254901	0.627721	-0.9946	-0.625106
0.975	0.761316	0.257858	0.632694	-0.999929	-0.629644
0.98	0.757299	0.260834	0.637694	-1.00529	-0.634186
0.985	0.753296	0.263831	0.642721	-1.01069	-0.638729
0.99	0.749309	0.266848	0.647774	-1.01612	-0.643275
0.995	0.745338	0.269885	0.652855	-1.02159	-0.647822
1	0.741381	0.272943	0.657963	-1.02709	-0.65237
1.005	0.737441	0.276021	0.663098	-1.03263	-0.656919
1.01	0.733516	0.279119	0.668261	-1.0382	-0.661467
1.015	0.729608	0.282237	0.673452	-1.0438	-0.666015
1.02	0.725716	0.285376	0.678671	-1.04944	-0.670562
1.025	0.721841	0.288535	0.683918	-1.05511	-0.675106
1.03	0.717982	0.291715	0.689194	-1.06081	-0.679649
1.035	0.71414	0.294915	0.694498	-1.06654	-0.684188
1.04	0.710315	0.298135	0.699831	-1.07231	-0.688723
1.045	0.706508	0.301376	0.705192	-1.0781	-0.693255
1.05	0.702718	0.304638	0.710583	-1.08393	-0.697781
1.055	0.698946	0.307919	0.716002	-1.08978	-0.702301
1.06	0.695191	0.311222	0.721451	-1.09567	-0.706816
1.065	0.691455	0.314545	0.72693	-1.10158	-0.711323
1.07	0.687738	0.317888	0.732438	-1.10752	-0.715822
1.075	0.684038	0.321252	0.737975	-1.11349	-0.720313
1.08	0.680358	0.324637	0.743543	-1.11948	-0.724795
1.085	0.676697	0.328042	0.74914	-1.1255	-0.729266
1.09	0.673054	0.331467	0.754768	-1.13155	-0.733727
1.095	0.669432	0.334913	0.760425	-1.13762	-0.738175
1.1	0.665829	0.33838	0.766113	-1.14371	-0.742612
1.105	0.662246	0.341867	0.771832	-1.14982	-0.747034
1.11	0.658682	0.345375	0.777581	-1.15596	-0.751443
1.115	0.65514	0.348903	0.783361	-1.16211	-0.755836
1.12	0.651618	0.352452	0.789171	-1.16828	-0.760213
1.125	0.648116	0.356022	0.795013	-1.17447	-0.764573
1.13	0.644636	0.359612	0.800885	-1.18067	-0.768914
1.135	0.641177	0.363222	0.806788	-1.18689	-0.773237
1.14	0.637739	0.366853	0.812723	-1.19312	-0.777539
1.145	0.634323	0.370504	0.818689	-1.19936	-0.781821
1.15	0.630929	0.374176	0.824685	-1.20562	-0.78608
1.155	0.627558	0.377868	0.830713	-1.21188	-0.790315
1.16	0.624208	0.38158	0.836773	-1.21814	-0.794527
1.165	0.620882	0.385313	0.842864	-1.22441	-0.798712
1.17	0.617578	0.389066	0.848986	-1.23069	-0.802872
1.175	0.614297	0.392839	0.855139	-1.23696	-0.807003
1.18	0.61104	0.396633	0.861324	-1.24324	-0.811105
1.185	0.607807	0.400446	0.86754	-1.24951	-0.815177
1.19	0.604597	0.40428	0.873788	-1.25577	-0.819217
1.195	0.601411	0.408134	0.880066	-1.26203	-0.823225
1.2	0.59825	0.412008	0.886377	-1.26827	-0.827199
1.205	0.595114	0.415902	0.892718	-1.27451	-0.831137
1.21	0.592002	0.419816	0.89909	-1.28073	-0.835038
1.215	0.588916	0.423749	0.905494	-1.28693	-0.838902
1.22	0.585855	0.427703	0.911929	-1.29311	-0.842726
1.225	0.582819	0.431676	0.918394	-1.29927	-0.84651
1.23	0.57981	0.435669	0.924891	-1.30541	-0.850251
1.235	0.576826	0.439681	0.931418	-1.31151	-0.853948
1.24	0.573869	0.443713	0.937975	-1.31759	-0.857601
1.245	0.570938	0.447764	0.944563	-1.32363	-0.861207
1.25	0.568035	0.451835	0.951181	-1.32963	-0.864765
1.255	0.565158	0.455924	0.95783	-1.33559	-0.868274
1.26	0.562309	0.460033	0.964508	-1.34151	-0.871731
1.265	0.559488	0.464161	0.971215	-1.34738	-0.875136
1.27	0.556694	0.468308	0.977952	-1.3532	-0.878487
1.275	0.553929	0.472473	0.984718	-1.35896	-0.881783
1.28	0.551192	0.476658	0.991513	-1.36467	-0.885021
1.285	0.548483	0.480861	0.998336	-1.37032	-0.8882
1.29	0.545803	0.485082	1.00519	-1.37589	-0.891319
1.295	0.543153	0.489322	1.01207	-1.3814	-0.894375
1.3	0.540532	0.493579	1.01897	-1.38684	-0.897369
1.305	0.53794	0.497855	1.02591	-1.3922	-0.900296
1.31	0.535378	0.502149	1.03287	-1.39748	-0.903157
1.315	0.532847	0.506461	1.03986	-1.40267	-0.90595
1.32	0.530345	0.51079	1.04687	-1.40777	-0.908672
1.325	0.527874	0.515137	1.05391	-1.41278	-0.911322
1.33	0.525434	0.519501	1.06097	-1.41769	-0.913899
1.335	0.523025	0.523882	1.06806	-1.42249	-0.916401
1.34	0.520647	0.528281	1.07517	-1.42719	-0.918825
1.345	0.518301	0.532696	1.08231	-1.43178	-0.921172
1.35	0.515986	0.537128	1.08947	-1.43625	-0.923438
1.355	0.513703	0.541576	1.09665	-1.4406	-0.925623
1.36	0.511452	0.546041	1.10385	-1.44483	-0.927724
1.365	0.509234	0.550522	1.11108	-1.44892	-0.929741
1.37	0.507048	0.555019	1.11832	-1.45288	-0.931671
1.375	0.504894	0.559531	1.12559	-1.45671	-0.933513
1.38	0.502774	0.56406	1.13287	-1.46039	-0.935265
1.385	0.500687	0.568603	1.14017	-1.46392	-0.936926
1.39	0.498633	0.573162	1.14749	-1.46729	-0.938494
1.395	0.496613	0.577735	1.15483	-1.47051	-0.939969
1.4	0.494626	0.582324	1.16218	-1.47357	-0.941347
1.405	0.492673	0.586927	1.16955	-1.47646	-0.942628
1.41	0.490754	0.591544	1.17693	-1.47918	-0.943811
1.415	0.48887	0.596175	1.18433	-1.48172	-0.944894
1.42	0.48702	0.60082	1.19173	-1.48409	-0.945876
1.425	0.485204	0.605479	1.19916	-1.48626	-0.946755
1.43	0.483423	0.610151	1.20659	-1.48825	-0.947531
1.435	0.481677	0.614836	1.21403	-1.49005	-0.948201
1.44	0.479965	0.619534	1.22148	-1.49165	-0.948765
1.445	0.478289	0.624245	1.22894	-1.49304	-0.949222
1.45	0.476648	0.628968	1.2364	-1.49424	-0.949571
1.455	0.475042	0.633703	1.24387	-1.49522	-0.94981
1.46	0.473472	0.63845	1.25135	-1.49599	-0.949938
1.465	0.471938	0.643209	1.25883	-1.49654	-0.949956
1.47	0.470439	0.647979	1.26631	-1.49687	-0.949861
1.475	0.468975	0.65276	1.2738	-1.49698	-0.949653
1.48	0.467548	0.657552	1.28128	-1.49686	-0.949332
1.485	0.466156	0.662354	1.28877	-1.49651	-0.948896
1.49	0.464801	0.667167	1.29625	-1.49593	-0.948345
1.495	0.463481	0.67199	1.30373	-1.49511	-0.947678
1.5	0.462198	0.676822	1.3112	-1.49406	-0.946896
1.505	0.46095	0.681664	1.31867	-1.49276	-0.945996
1.51	0.459739	0.686515	1.32614	-1.49122	-0.944981
1.515	0.458564	0.691375	1.33359	-1.48944	-0.943848
1.52	0.457426	0.696244	1.34104	-1.48741	-0.942598
1.525	0.456323	0.701121	1.34848	-1.48513	-0.94123
1.53	0.455257	0.706006	1.3559	-1.48261	-0.939745
1.535	0.454227	0.710898	1.36332	-1.47983	-0.938143
1.54	0.453233	0.715799	1.37072	-1.4768	-0.936423
1.545	0.452276	0.720706	1.3781	-1.47351	-0.934587
1.55	0.451354	0.72562	1.38547	-1.46998	-0.932634
1.555	0.450469	0.730541	1.39282	-1.46619	-0.930564
1.56	0.44962	0.735469	1.40015	-1.46215	-0.928378
1.565	0.448807	0.740402	1.40746	-1.45786	-0.926076
1.57	0.44803	0.745342	1.41475	-1.45331	-0.92366
1.575	0.447289	0.750286	1.42201	-1.44851	-0.921129
1.58	0.446583	0.755236	1.42926	-1.44346	-0.918485
1.585	0.445914	0.760191	1.43647	-1.43817	-0.915728
1.59	0.44528	0.765151	1.44366	-1.43262	-0.912859
1.595	0.444681	0.770115	1.45083	-1.42683	-0.90988
1.6	0.444119	0.775083	1.45796	-1.42079	-0.90679
1.605	0.443591	0.780055	1.46507	-1.41451	-0.903592
1.61	0.443098	0.785031	1.47214	-1.40799	-0.900286
1.615	0.442641	0.79001	1.47918	-1.40124	-0.896873
1.62	0.442218	0.794992	1.48618	-1.39424	-0.893356
1.625	0.441831	0.799977	1.49316	-1.38702	-0.889734
1.63	0.441477	0.804965	1.50009	-1.37957	-0.886011
1.635	0.441158	0.809954	1.50699	-1.3719	-0.882186
1.64	0.440874	0.814946	1.51385	-1.364	-0.878263
1.645	0.440623	0.81994	1.52067	-1.35589	-0.874242
1.65	0.440407	0.824935	1.52745	-1.34756	-0.870125
1.655	0.440224	0.829932	1.53419	-1.33902	-0.865913
1.66	0.440074	0.83493	1.54088	-1.33028	-0.86161
1.665	0.439958	0.839928	1.54753	-1.32134	-0.857215
1.67	0.439875	0.844928	1.55414	-1.3122	-0.852732
1.675	0.439824	0.849927	1.5607	-1.30288	-0.848162
1.68	0.439806	0.854927	1.56721	-1.29336	-0.843506
1.685	0.439821	0.859927	1.57368	-1.28367	-0.838768
1.69	0.439867	0.864927	1.5801	-1.2738	-0.833949
1.695	0.439945	0.869926	1.58647	-1.26376	-0.829051
1.7	0.440055	0.874925	1.59279	-1.25356	-0.824076
1.705	0.440197	0.879923	1.59906	-1.2432	-0.819027
1.71	0.440369	0.88492	1.60527	-1.23268	-0.813904
1.715	0.440572	0.889916	1.61143	-1.22202	-0.808711
1.72	0.440806	0.894911	1.61754	-1.21122	-0.80345
1.725	0.44107	0.899904	1.6236	-1.20028	-0.798122
1.73	0.441364	0.904895	1.6296	-1.1892	-0.792731
1.735	0.441687	0.909885	1.63555	-1.17801	-0.787277
1.74	0.44204	0.914872	1.64144	-1.1667	-0.781764
1.745	0.442422	0.919858	1.64727	-1.15527	-0.776194
1.75	0.442833	0.924841	1.65305	-1.14374	-0.770568
1.755	0.443272	0.929821	1.65877	-1.13211	-0.764889
1.76	0.44374	0.934799	1.66443	-1.12038	-0.759159
1.765	0.444235	0.939775	1.67003	-1.10856	-0.75338
1.77	0.444758	0.944747	1.67557	-1.09666	-0.747555
1.775	0.445308	0.949717	1.68106	-1.08469	-0.741686
1.78	0.445885	0.954684	1.68648	-1.07264	-0.735774
1.785	0.446489	0.959647	1.69184	-1.06053	-0.729822
1.79	0.447119	0.964607	1.69714	-1.04836	-0.723832
1.795	0.447775	0.969564	1.70239	-1.03613	-0.717807
1.8	0.448457	0.974517	1.70757	-1.02386	-0.711747
1.805	0.449164	0.979467	1.71269	-1.01154	-0.705656
1.81	0.449896	0.984413	1.71774	-0.99919	-0.699535
1.815	0.450653	0.989356	1.72274	-0.986804	-0.693387
1.82	0.451434	0.994294	1.72767	-0.974393	-0.687212
1.825	0.452239	0.999229	1.73255	-0.961959	-0.681014
1.83	0.453068	1.00416	1.73736	-0.94951	-0.674794
1.835	0.45392	1.00909	1.7421	-0.937049	-0.668555
1.84	0.454796	1.01401	1.74679	-0.924582	-0.662297
1.845	0.455694	1.01893	1.75141	-0.912113	-0.656023
1.85	0.456615	1.02384	1.75597	-0.899648	-0.649734
1.855	0.457557	1.02875	1.76047	-0.88719	-0.643433
1.86	0.458522	1.03366	1.76491	-0.874745	-0.637121
1.865	0.459508	1.03856	1.76928	-0.862316	-0.6308
1.87	0.460515	1.04346	1.77359	-0.849907	-0.624471
1.875	0.461543	1.04835	1.77784	-0.837524	-0.618136
1.88	0.462591	1.05324	1.78203	-0.825169	-0.611797
1.885	0.463659	1.05812	1.78615	-0.812847	-0.605455
1.89	0.464748	1.063	1.79022	-0.800562	-0.599111
1.895	0.465856	1.06788	1.79422	-0.788317	-0.592768
1.9	0.466983	1.07275	1.79816	-0.776115	-0.586427
1.905	0.468129	1.07762	1.80204	-0.76396	-0.580088
1.91	0.469293	1.08248	1.80586	-0.751856	-0.573754
1.915	0.470476	1.08734	1.80962	-0.739805	-0.567426
1.92	0.471677	1.09219	1.81332	-0.72781	-0.561104
1.925	0.472895	1.09704	1.81696	-0.715875	-0.554791
1.93	0.474131	1.10189	1.82054	-0.704002	-0.548488
1.935	0.475384	1.10673	1.82406	-0.692193	-0.542195
1.94	0.476653	1.11156	1.82752	-0.680452	-0.535913
1.945	0.477939	1.1164	1.83092	-0.668781	-0.529645
1.95	0.479241	1.12122	1.83427	-0.657182	-0.52339
1.955	0.480559	1.12605	1.83755	-0.645657	-0.517151
1.96	0.481893	1.13087	1.84078	-0.634209	-0.510928
1.965	0.483242	1.13568	1.84395	-0.622839	-0.504721
1.97	0.484606	1.14049	1.84707	-0.611549	-0.498532
1.975	0.485984	1.1453	1.85012	-0.600341	-0.492362
1.98	0.487377	1.1501	1.85313	-0.589218	-0.486212
1.985	0.488784	1.1549	1.85607	-0.578179	-0.480082
1.99	0.490205	1.15969	1.85896	-0.567227	-0.473974
1.995	0.49164	1.16448	1.8618	-0.556364	-0.467887
2	0.493088	1.16927	1.86458	-0.54559	-0.461823
2.005	0.494549	1.17405	1.86731	-0.534907	-0.455783
2.01	0.496022	1.17883	1.86998	-0.524316	-0.449766
2.015	0.497509	1.1836	1.87261	-0.513817	-0.443775
2.02	0.499007	1.18837	1.87517	-0.503413	-0.437808
2.025	0.500518	1.19314	1.87769	-0.493103	-0.431868
2.03	0.50204	1.1979	1.88016	-0.482889	-0.425955
2.035	0.503574	1.20266	1.88257	-0.472771	-0.420068
2.04	0.505119	1.20741	1.88494	-0.46275	-0.414209
2.045	0.506675	1.21216	1.88725	-0.452827	-0.408378
2.05	0.508241	1.21691	1.88951	-0.443001	-0.402575
2.055	0.509819	1.22166	1.89173	-0.433274	-0.396801
2.06	0.511406	1.2264	1.89389	-0.423645	-0.391057
2.065	0.513004	1.23114	1.89601	-0.414116	-0.385343
2.07	0.514611	1.23587	1.89808	-0.404686	-0.379658
2.075	0.516228	1.2406	1.90011	-0.395356	-0.374004
2.08	0.517854	1.24533	1.90208	-0.386125	-0.368381
2.085	0.51949	1.25006	1.90401	-0.376994	-0.362788
2.09	0.521134	1.25478	1.9059	-0.367963	-0.357228
2.095	0.522787	1.2595	1.90774	-0.359032	-0.351698
2.1	0.524449	1.26421	1.90953	-0.3502	-0.346201
2.105	0.526118	1.26893	1.91129	-0.341468	-0.340735
2.11	0.527796	1.27364	1.91299	-0.332836	-0.335302
2.115	0.529482	1.27834	1.91466	-0.324303	-0.329901
2.12	0.531175	1.28305	1.91628	-0.315868	-0.324533
2.125	0.532876	1.28775	1.91786	-0.307533	-0.319198
2.13	0.534584	1.29245	1.9194	-0.299296	-0.313896
2.135	0.536299	1.29715	1.92089	-0.291157	-0.308627
2.14	0.53802	1.30184	1.92235	-0.283116	-0.30339
2.145	0.539749	1.30653	1.92376	-0.275173	-0.298188
2.15	0.541484	1.31122	1.92514	-0.267326	-0.293018
2.155	0.543225	1.31591	1.92648	-0.259576	-0.287882
2.16	0.544972	1.32059	1.92777	-0.251922	-0.28278
2.165	0.546725	1.32527	1.92903	-0.244363	-0.277711
2.17	0.548484	1.32996	1.93025	-0.236899	-0.272676
2.175	0.550248	1.33463	1.93144	-0.229529	-0.267674
2.18	0.552018	1.33931	1.93259	-0.222254	-0.262706
2.185	0.553793	1.34398	1.9337	-0.215071	-0.257772
2.19	0.555573	1.34866	1.93477	-0.207981	-0.252871
2.195	0.557358	1.35333	1.93581	-0.200984	-0.248004
2.2	0.559147	1.358	1.93682	-0.194077	-0.243171
2.205	0.560941	1.36266	1.93779	-0.187261	-0.238371
2.21	0.56274	1.36733	1.93872	-0.180535	-0.233605
2.215	0.564542	1.37199	1.93963	-0.173898	-0.228872
2.22	0.566349	1.37665	1.9405	-0.16735	-0.224172
2.225	0.56816	1.38132	1.94133	-0.16089	-0.219507
2.23	0.569974	1.38597	1.94214	-0.154517	-0.214874
2.235	0.571792	1.39063	1.94291	-0.14823	-0.210275
2.24	0.573613	1.39529	1.94365	-0.142029	-0.205709
2.245	0.575438	1.39994	1.94436	-0.135913	-0.201176
2.25	0.577266	1.4046	1.94504	-0.129881	-0.196676
2.255	0.579097	1.40925	1.94569	-0.123932	-0.192209
2.26	0.58093	1.4139	1.94631	-0.118066	-0.187774
2.265	0.582767	1.41855	1.9469	-0.112282	-0.183373
2.27	0.584606	1.4232	1.94746	-0.106579	-0.179004
2.275	0.586448	1.42785	1.948	-0.100957	-0.174667
2.28	0.588292	1.4325	1.9485	-0.0954134	-0.170363
2.285	0.590138	1.43714	1.94898	-0.089949	-0.166091
2.29	0.591986	1.44179	1.94943	-0.0845625	-0.161852
2.295	0.593836	1.44644	1.94985	-0.0792533	-0.157644
2.3	0.595688	1.45108	1.95025	-0.0740204	-0.153468
2.305	0.597542	1.45572	1.95062	-0.0688632	-0.149324
2.31	0.599397	1.46037	1.95096	-0.0637807	-0.145211
2.315	0.601254	1.46501	1.95128	-0.0587724	-0.14113
2.32	0.603112	1.46965	1.95157	-0.0538372	-0.13708
2.325	0.604972	1.47429	1.95184	-0.0489745	-0.133061
2.33	0.606833	1.47893	1.95209	-0.0441836	-0.129073
2.335	0.608694	1.48357	1.95231	-0.0394635	-0.125116
2.34	0.610557	1.48821	1.95251	-0.0348135	-0.12119
2.345	0.61242	1.49285	1.95268	-0.030233	-0.117294
2.35	0.614284	1.49749	1.95283	-0.025721	-0.113429
2.355	0.616149	1.50213	1.95296	-0.0212768	-0.109593
2.36	0.618014	1.50677	1.95307	-0.0168997	-0.105788
2.365	0.619879	1.51141	1.95315	-0.0125889	-0.102013
2.37	0.621745	1.51605	1.95321	-0.00834367	-0.0982673
2.375	0.623611	1.52069	1.95326	-0.00416323	-0.0945513
2.38	0.625477	1.52533	1.95328	-4.68315e-005	-0.0908647
2.385	0.627343	1.52997	1.95328	0.00400625	-0.0872073
2.39	0.629209	1.5346	1.95326	0.00799676	-0.083579
2.395	0.631075	1.53924	1.95322	0.0119254	-0.0799796
2.4	0.632941	1.54388	1.95316	0.015793	-0.0764089
2.405	0.634806	1.54852	1.95308	0.0196001	-0.0728668
2.41	0.636671	1.55316	1.95298	0.0233476	-0.0693531
2.415	0.638535	1.5578	1.95286	0.0270361	-0.0658675
2.42	0.640399	1.56244	1.95273	0.0306663	-0.0624101
2.425	0.642261	1.56708	1.95257	0.034239	-0.0589805
2.43	0.644123	1.57172	1.9524	0.0377548	-0.0555787
2.435	0.645985	1.57636	1.95221	0.0412143	-0.0522044
2.44	0.647845	1.581	1.95201	0.0446184	-0.0488574
2.445	0.649704	1.58564	1.95179	0.0479677	-0.0455377
2.45	0.651562	1.59029	1.95155	0.0512627	-0.0422451
2.455	0.653419	1.59493	1.95129	0.0545043	-0.0389793
2.46	0.655275	1.59957	1.95102	0.057693	-0.0357402
2.465	0.657129	1.60421	1.95073	0.0608295	-0.0325276
2.47	0.658982	1.60886	1.95042	0.0639144	-0.0293414
2.475	0.660833	1.6135	1.9501	0.0669485	-0.0261814
2.48	0.662683	1.61815	1.94977	0.0699322	-0.0230475
2.485	0.664531	1.62279	1.94942	0.0728662	-0.0199394
2.49	0.666378	1.62744	1.94906	0.0757512	-0.016857
2.495	0.668222	1.63209	1.94868	0.0785878	-0.0138002
2.5	0.670065	1.63674	1.94828	0.0813765	-0.0107687
2.505	0.671906	1.64138	1.94788	0.0841179	-0.00776247
2.51	0.673746	1.64603	1.94746	0.0868128	-0.00478127
2.515	0.675583	1.65068	1.94702	0.0894615	-0.00182495
2.52	0.677418	1.65534	1.94657	0.0920648	0.00110665
2.525	0.67925	1.65999	1.94611	0.0946231	0.00401368
2.53	0.681081	1.66464	1.94564	0.0971371	0.00689631
2.535	0.682909	1.66929	1.94516	0.0996073	0.0097547
2.54	0.684736	1.67395	1.94466	0.102034	0.012589
2.545	0.686559	1.6786	1.94415	0.104419	0.0153994
2.55	0.68838	1.68326	1.94363	0.106761	0.018186
2.555	0.690199	1.68792	1.94309	0.109061	0.020949
2.56	0.692015	1.69258	1.94255	0.111321	0.0236885
2.565	0.693829	1.69724	1.94199	0.113539	0.0264047
2.57	0.69564	1.7019	1.94142	0.115718	0.0290978
2.575	0.697448	1.70656	1.94084	0.117857	0.0317679
2.58	0.699254	1.71122	1.94025	0.119958	0.0344151
2.585	0.701057	1.71588	1.93965	0.122019	0.0370397
2.59	0.702857	1.72055	1.93904	0.124043	0.0396416
2.595	0.704654	1.72521	1.93842	0.126029	0.0422212
2.6	0.706448	1.72988	1.93779	0.127978	0.0447785
2.605	0.708239	1.73455	1.93715	0.12989	0.0473138
2.61	0.710027	1.73922	1.9365	0.131766	0.049827
2.615	0.711812	1.74389	1.93585	0.133607	0.0523185
2.62	0.713594	1.74856	1.93518	0.135412	0.0547883
2.625	0.715372	1.75323	1.9345	0.137183	0.0572365
2.63	0.717148	1.75791	1.93381	0.138919	0.0596633
2.635	0.71892	1.76258	1.93312	0.140621	0.062069
2.64	0.720689	1.76726	1.93242	0.14229	0.0644534
2.645	0.722455	1.77194	1.93171	0.143926	0.066817
2.65	0.724217	1.77662	1.93099	0.145529	0.0691597
2.655	0.725976	1.7813	1.93026	0.1471	0.0714816
2.66	0.727731	1.78598	1.92952	0.148639	0.0737831
2.665	0.729483	1.79066	1.92878	0.150147	0.0760641
2.67	0.731232	1.79535	1.92803	0.151624	0.0783248
2.675	0.732976	1.80003	1.92727	0.15307	0.0805653
2.68	0.734718	1.80472	1.92651	0.154487	0.0827858
2.685	0.736455	1.80941	1.92573	0.155873	0.0849864
2.69	0.738189	1.8141	1.92495	0.15723	0.0871673
2.695	0.73992	1.81879	1.92417	0.158558	0.0893285
2.7	0.741646	1.82348	1.92337	0.159857	0.0914701
2.705	0.743369	1.82818	1.92258	0.161128	0.0935924
2.71	0.745088	1.83287	1.92177	0.162371	0.0956954
2.715	0.746803	1.83757	1.92096	0.163587	0.0977793
2.72	0.748515	1.84227	1.92014	0.164775	0.0998441
2.725	0.750222	1.84696	1.91932	0.165937	0.10189
2.73	0.751926	1.85167	1.91849	0.167072	0.103917
2.735	0.753626	1.85637	1.91765	0.16818	0.105926
2.74	0.755321	1.86107	1.91681	0.169263	0.107916
2.745	0.757013	1.86578	1.91596	0.170321	0.109887
2.75	0.758701	1.87048	1.91511	0.171353	0.111841
2.755	0.760385	1.87519	1.91426	0.17236	0.113776
2.76	0.762064	1.8799	1.91339	0.173343	0.115693
2.765	0.76374	1.88461	1.91253	0.174302	0.117592
2.77	0.765411	1.88932	1.91166	0.175237	0.119473
2.775	0.767079	1.89404	1.91078	0.176148	0.121336
2.78	0.768742	1.89875	1.9099	0.177036	0.123182
2.785	0.770401	1.90347	1.90901	0.1779	0.12501
2.79	0.772056	1.90819	1.90812	0.178743	0.126821
2.795	0.773706	1.91291	1.90723	0.179562	0.128615
2.8	0.775353	1.91763	1.90633	0.18036	0.130392
2.805	0.776995	1.92235	1.90543	0.181136	0.132151
2.81	0.778633	1.92708	1.90452	0.18189	0.133893
2.815	0.780266	1.9318	1.90362	0.182623	0.135619
2.82	0.781896	1.93653	1.9027	0.183335	0.137328
2.825	0.78352	1.94126	1.90179	0.184026	0.13902
2.83	0.785141	1.94599	1.90087	0.184697	0.140695
2.835	0.786757	1.95072	1.89994	0.185347	0.142354
2.84	0.788369	1.95545	1.89902	0.185978	0.143997
2.845	0.789976	1.96019	1.89809	0.186589	0.145624
2.85	0.791579	1.96492	1.89715	0.18718	0.147234
2.855	0.793178	1.96966	1.89622	0.187752	0.148828
2.86	0.794772	1.9744	1.89528	0.188306	0.150407
2.865	0.796362	1.97914	1.89434	0.18884	0.151969
2.87	0.797947	1.98388	1.89339	0.189356	0.153516
2.875	0.799527	1.98862	1.89245	0.189854	0.155047
2.88	0.801104	1.99337	1.8915	0.190334	0.156562
2.885	0.802675	1.99812	1.89054	0.190796	0.158062
2.89	0.804242	2.00286	1.88959	0.191241	0.159547
2.895	0.805805	2.00761	1.88863	0.191669	0.161016
2.9	0.807363	2.01237	1.88768	0.192079	0.16247
2.905	0.808916	2.01712	1.88672	0.192472	0.163909
2.91	0.810465	2.02187	1.88575	0.192849	0.165333
2.915	0.81201	2.02663	1.88479	0.193209	0.166742
2.92	0.813549	2.03138	1.88382	0.193554	0.168136
2.925	0.815084	2.03614	1.88286	0.193882	0.169515
2.93	0.816615	2.0409	1.88189	0.194194	0.17088
2.935	0.818141	2.04566	1.88091	0.194491	0.17223
2.94	0.819662	2.05043	1.87994	0.194772	0.173565
2.945	0.821178	2.05519	1.87897	0.195039	0.174887
2.95	0.82269	2.05996	1.87799	0.19529	0.176193
2.955	0.824198	2.06473	1.87702	0.195526	0.177486
2.96	0.8257	2.06949	1.87604	0.195748	0.178764
2.965	0.827198	2.07426	1.87506	0.195956	0.180028
2.97	0.828692	2.07904	1.87408	0.196149	0.181279
2.975	0.83018	2.08381	1.8731	0.196328	0.182515
2.98	0.831664	2.08858	1.87212	0.196493	0.183737
2.985	0.833143	2.09336	1.87114	0.196645	0.184946
2.99	0.834618	2.09814	1.87015	0.196783	0.186141
2.995	0.836088	2.10292	1.86917	0.196908	0.187322
3	0.837553	2.1077	1.86818	0.197019	0.18849
3.005	0.839013	2.11248	1.8672	0.197118	0.189644
3.01	0.840469	2.11726	1.86621	0.197204	0.190785
3.015	0.84192	2.12205	1.86523	0.197277	0.191913
3.02	0.843366	2.12683	1.86424	0.197337	0.193027
3.025	0.844808	2.13162	1.86325	0.197386	0.194128
3.03	0.846244	2.13641	1.86227	0.197422	0.195216
3.035	0.847676	2.1412	1.86128	0.197446	0.196291
3.04	0.849104	2.14599	1.86029	0.197459	0.197354
3.045	0.850526	2.15079	1.85931	0.197459	0.198403
3.05	0.851944	2.15558	1.85832	0.197448	0.199439
3.055	0.853357	2.16038	1.85733	0.197426	0.200463
3.06	0.854766	2.16517	1.85634	0.197393	0.201474
3.065	0.85617	2.16997	1.85536	0.197348	0.202472
3.07	0.857569	2.17477	1.85437	0.197293	0.203458
3.075	0.858963	2.17958	1.85338	0.197227	0.204432
3.08	0.860352	2.18438	1.8524	0.19715	0.205393
3.085	0.861737	2.18918	1.85141	0.197062	0.206341
3.09	0.863117	2.19399	1.85043	0.196965	0.207278
3.095	0.864492	2.1988	1.84944	0.196857	0.208202
3.1	0.865863	2.2036	1.84846	0.196739	0.209114
3.105	0.867229	2.20841	1.84747	0.196611	0.210014
3.11	0.86859	2.21323	1.84649	0.196473	0.210902
3.115	0.869946	2.21804	1.84551	0.196326	0.211778
3.12	0.871298	2.22285	1.84453	0.196169	0.212642
3.125	0.872645	2.22767	1.84355	0.196002	0.213495
3.13	0.873987	2.23248	1.84257	0.195827	0.214335
3.135	0.875324	2.2373	1.84159	0.195642	0.215164
3.14	0.876657	2.24212	1.84061	0.195448	0.215982
3.145	0.877985	2.24694	1.83963	0.195245	0.216787
3.15	0.879308	2.25176	1.83866	0.195033	0.217582
3.155	0.880627	2.25659	1.83768	0.194813	0.218364
3.16	0.881941	2.26141	1.83671	0.194584	0.219136
3.165	0.88325	2.26624	1.83573	0.194347	0.219896
3.17	0.884555	2.27106	1.83476	0.194101	0.220645
3.175	0.885855	2.27589	1.83379	0.193847	0.221382
3.18	0.88715	2.28072	1.83282	0.193586	0.222109
3.185	0.88844	2.28555	1.83185	0.193316	0.222824
3.19	0.889726	2.29038	1.83089	0.193038	0.223528
3.195	0.891007	2.29522	1.82992	0.192753	0.224222
3.2	0.892284	2.30005	1.82896	0.192459	0.224904
3.205	0.893556	2.30489	1.828	0.192159	0.225576
3.21	0.894823	2.30972	1.82703	0.191851	0.226236
3.215	0.896085	2.31456	1.82608	0.191535	0.226886
3.22	0.897343	2.3194	1.82512	0.191213	0.227526
3.225	0.898597	2.32424	1.82416	0.190883	0.228154
3.23	0.899845	2.32908	1.82321	0.190546	0.228772
3.235	0.901089	2.33392	1.82225	0.190203	0.22938
3.24	0.902329	2.33877	1.8213	0.189852	0.229976
3.245	0.903564	2.34361	1.82035	0.189495	0.230563
3.25	0.904794	2.34846	1.81941	0.189131	0.231139
3.255	0.90602	2.35331	1.81846	0.188761	0.231705
3.26	0.907241	2.35816	1.81752	0.188384	0.23226
3.265	0.908457	2.363	1.81658	0.188001	0.232806
3.27	0.909669	2.36786	1.81564	0.187612	0.233341
3.275	0.910877	2.37271	1.8147	0.187216	0.233865
3.28	0.91208	2.37756	1.81376	0.186815	0.23438
3.285	0.913278	2.38242	1.81283	0.186408	0.234885
3.29	0.914472	2.38727	1.8119	0.185994	0.23538
3.295	0.915661	2.39213	1.81097	0.185575	0.235865
3.3	0.916846	2.39698	1.81004	0.185151	0.23634
3.305	0.918027	2.40184	1.80911	0.18472	0.236805
3.31	0.919202	2.4067	1.80819	0.184285	0.23726
3.315	0.920374	2.41156	1.80727	0.183843	0.237706
3.32	0.921541	2.41643	1.80635	0.183397	0.238141
3.325	0.922703	2.42129	1.80543	0.182945	0.238568
3.33	0.923861	2.42615	1.80452	0.182488	0.238984
3.335	0.925015	2.43102	1.8036	0.182026	0.239391
3.34	0.926164	2.43588	1.80269	0.181559	0.239789
3.345	0.927308	2.44075	1.80179	0.181087	0.240177
3.35	0.928449	2.44562	1.80088	0.18061	0.240555
3.355	0.929585	2.45049	1.79998	0.180129	0.240925
3.36	0.930716	2.45536	1.79908	0.179643	0.241284
3.365	0.931843	2.46023	1.79818	0.179152	0.241635
3.37	0.932966	2.4651	1.79728	0.178656	0.241976
3.375	0.934085	2.46998	1.79639	0.178157	0.242308
3.38	0.935199	2.47485	1.7955	0.177653	0.242631
3.385	0.936308	2.47973	1.79461	0.177144	0.242945
3.39	0.937414	2.4846	1.79372	0.176631	0.24325
3.395	0.938515	2.48948	1.79284	0.176115	0.243546
3.4	0.939612	2.49436	1.79196	0.175594	0.243832
3.405	0.940704	2.49924	1.79108	0.175069	0.24411
3.41	0.941793	2.50412	1.79021	0.17454	0.244379
3.415	0.942877	2.509	1.78933	0.174007	0.244639
3.42	0.943956	2.51388	1.78846	0.173471	0.24489
3.425	0.945032	2.51876	1.7876	0.17293	0.245132
3.43	0.946103	2.52365	1.78673	0.172387	0.245366
3.435	0.94717	2.52853	1.78587	0.171839	0.24559
3.44	0.948233	2.53342	1.78501	0.171288	0.245807
3.445	0.949292	2.5383	1.78416	0.170734	0.246014
3.45	0.950346	2.54319	1.7833	0.170176	0.246213
3.455	0.951397	2.54808	1.78245	0.169615	0.246403
3.46	0.952443	2.55297	1.7816	0.169051	0.246585
3.465	0.953485	2.55786	1.78076	0.168483	0.246759
3.47	0.954523	2.56275	1.77991	0.167913	0.246924
3.475	0.955557	2.56764	1.77908	0.167339	0.24708
3.48	0.956587	2.57254	1.77824	0.166762	0.247228
3.485	0.957613	2.57743	1.7774	0.166183	0.247368
3.49	0.958634	2.58232	1.77657	0.1656	0.2475
3.495	0.959652	2.58722	1.77575	0.165015	0.247623
3.5	0.960665	2.59211	1.77492	0.164427	0.247738
3.505	0.961675	2.59701	1.7741	0.163836	0.247845
3.51	0.96268	2.60191	1.77328	0.163243	0.247943
3.515	0.963682	2.60681	1.77246	0.162647	0.248034
3.52	0.964679	2.61171	1.77165	0.162049	0.248116
3.525	0.965673	2.61661	1.77084	0.161448	0.248191
3.53	0.966663	2.62151	1.77003	0.160845	0.248257
3.535	0.967648	2.62641	1.76923	0.160239	0.248316
3.54	0.96863	2.63131	1.76843	0.159632	0.248366
3.545	0.969608	2.63622	1.76763	0.159022	0.248409
3.55	0.970582	2.64112	1.76683	0.158409	0.248444
3.555	0.971552	2.64603	1.76604	0.157795	0.248471
3.56	0.972518	2.65093	1.76525	0.157179	0.24849
3.565	0.97348	2.65584	1.76447	0.156561	0.248501
3.57	0.974439	2.66075	1.76368	0.15594	0.248505
3.575	0.975393	2.66565	1.7629	0.155318	0.248501
3.58	0.976344	2.67056	1.76213	0.154695	0.248489
3.585	0.977291	2.67547	1.76135	0.154069	0.24847
3.59	0.978234	2.68038	1.76058	0.153442	0.248443
3.595	0.979174	2.68529	1.75982	0.152813	0.248408
3.6	0.98011	2.69021	1.75905	0.152182	0.248366
3.605	0.981042	2.69512	1.75829	0.15155	0.248317
3.61	0.98197	2.70003	1.75753	0.150916	0.24826
3.615	0.982894	2.70494	1.75678	0.150281	0.248195
3.62	0.983815	2.70986	1.75603	0.149644	0.248123
3.625	0.984733	2.71477	1.75528	0.149006	0.248044
3.63	0.985646	2.71969	1.75453	0.148367	0.247957
3.635	0.986556	2.72461	1.75379	0.147727	0.247863
3.64	0.987462	2.72952	1.75305	0.147085	0.247762
3.645	0.988365	2.73444	1.75232	0.146442	0.247654
3.65	0.989264	2.73936	1.75159	0.145798	0.247538
3.655	0.990159	2.74428	1.75086	0.145153	0.247415
3.66	0.991051	2.7492	1.75013	0.144507	0.247285
3.665	0.99194	2.75412	1.74941	0.14386	0.247148
3.67	0.992824	2.75904	1.74869	0.143212	0.247003
3.675	0.993706	2.76396	1.74797	0.142563	0.246852
3.68	0.994583	2.76888	1.74726	0.141914	0.246694
3.685	0.995458	2.77381	1.74655	0.141263	0.246528
3.69	0.996328	2.77873	1.74585	0.140612	0.246356
3.695	0.997196	2.78366	1.74514	0.13996	0.246176
3.7	0.99806	2.78858	1.74444	0.139308	0.24599
3.705	0.99892	2.79351	1.74375	0.138655	0.245797
3.71	0.999777	2.79843	1.74305	0.138001	0.245596
3.715	1.00063	2.80336	1.74236	0.137347	0.245389
3.72	1.00148	2.80829	1.74168	0.136692	0.245176
3.725	1.00233	2.81321	1.74099	0.136037	0.244955
3.73	1.00317	2.81814	1.74031	0.135382	0.244728
3.735	1.00401	2.82307	1.73964	0.134726	0.244493
3.74	1.00485	2.828	1.73896	0.13407	0.244253
3.745	1.00568	2.83293	1.73829	0.133414	0.244005
3.75	1.00651	2.83786	1.73762	0.132758	0.243751
3.755	1.00734	2.84279	1.73696	0.132101	0.24349
3.76	1.00816	2.84772	1.7363	0.131444	0.243223
3.765	1.00898	2.85266	1.73564	0.130787	0.242949
3.77	1.0098	2.85759	1.73499	0.13013	0.242668
3.775	1.01061	2.86252	1.73434	0.129474	0.242381
3.78	1.01143	2.86746	1.73369	0.128817	0.242088
3.785	1.01223	2.87239	1.73305	0.12816	0.241788
3.79	1.01304	2.87732	1.73241	0.127503	0.241481
3.795	1.01384	2.88226	1.73177	0.126847	0.241168
3.8	1.01464	2.8872	1.73113	0.126191	0.240849
3.805	1.01543	2.89213	1.7305	0.125534	0.240523
3.81	1.01622	2.89707	1.72988	0.124879	0.240191
3.815	1.01701	2.90201	1.72925	0.124223	0.239853
3.82	1.0178	2.90694	1.72863	0.123568	0.239508
3.825	1.01858	2.91188	1.72801	0.122914	0.239157
3.83	1.01936	2.91682	1.7274	0.122259	0.2388
3.835	1.02014	2.92176	1.72679	0.121605	0.238437
3.84	1.02091	2.9267	1.72618	0.120952	0.238067
3.845	1.02168	2.93164	1.72557	0.120299	0.237692
3.85	1.02245	2.93658	1.72497	0.119647	0.23731
3.855	1.02322	2.94152	1.72437	0.118996	0.236922
3.86	1.02398	2.94646	1.72378	0.118345	0.236528
3.865	1.02474	2.95141	1.72319	0.117695	0.236127
3.87	1.02549	2.95635	1.7226	0.117045	0.235721
3.875	1.02625	2.96129	1.72201	0.116397	0.235309
3.88	1.027	2.96623	1.72143	0.115749	0.234891
3.885	1.02774	2.97118	1.72085	0.115102	0.234466
3.89	1.02849	2.97612	1.72028	0.114456	0.234036
3.895	1.02923	2.98107	1.7197	0.11381	0.2336
3.9	1.02997	2.98601	1.71914	0.113166	0.233158
3.905	1.03071	2.99096	1.71857	0.112523	0.23271
3.91	1.03144	2.9959	1.71801	0.11188	0.232256
3.915	1.03217	3.00085	1.71745	0.111239	0.231797
3.92	1.0329	3.0058	1.71689	0.110599	0.231331
3.925	1.03362	3.01074	1.71634	0.10996	0.23086
3.93	1.03435	3.01569	1.71579	0.109322	0.230383
3.935	1.03507	3.02064	1.71524	0.108685	0.2299
3.94	1.03578	3.02559	1.7147	0.10805	0.229412
3.945	1.0365	3.03054	1.71416	0.107415	0.228917
3.95	1.03721	3.03549	1.71362	0.106782	0.228418
3.955	1.03792	3.04044	1.71309	0.106151	0.227912
3.96	1.03862	3.04539	1.71256	0.10552	0.227401
3.965	1.03933	3.05034	1.71203	0.104891	0.226884
3.97	1.04003	3.05529	1.7115	0.104264	0.226362
3.975	1.04073	3.06024	1.71098	0.103638	0.225834
3.98	1.04142	3.06519	1.71047	0.103013	0.2253
3.985	1.04212	3.07014	1.70995	0.10239	0.224761
3.99	1.04281	3.07509	1.70944	0.101769	0.224216
3.995	1.0435	3.08004	1.70893	0.101149	0.223666
4	1.04418	3.085	1.70842	0.10053	0.223111
4.005	1.04487	3.08995	1.70792	0.0999134	0.22255
4.01	1.04555	3.0949	1.70742	0.0992983	0.221983
4.015	1.04623	3.09986	1.70693	0.0986849	0.221411
4.02	1.0469	3.10481	1.70643	0.0980733	0.220834
4.025	1.04758	3.10977	1.70594	0.0974633	0.220251
4.03	1.04825	3.11472	1.70545	0.0968552	0.219664
4.035	1.04892	3.11968	1.70497	0.0962489	0.21907
4.04	1.04958	3.12463	1.70449	0.0956445	0.218472
4.045	1.05025	3.12959	1.70401	0.0950419	0.217868
4.05	1.05091	3.13454	1.70354	0.0944412	0.217259
4.055	1.05157	3.1395	1.70306	0.0938424	0.216644
4.06	1.05222	3.14446	1.70259	0.0932457	0.216025
4.065	1.05288	3.14941	1.70213	0.0926509	0.2154
4.07	1.05353	3.15437	1.70166	0.0920581	0.21477
4.075	1.05418	3.15933	1.7012	0.0914674	0.214135
4.08	1.05483	3.16429	1.70075	0.0908787	0.213495
4.085	1.05548	3.16924	1.70029	0.0902922	0.212849
4.09	1.05612	3.1742	1.69984	0.0897078	0.212199
4.095	1.05676	3.17916	1.69939	0.0891256	0.211543
4.1	1.0574	3.18412	1.69895	0.0885455	0.210882
4.105	1.05804	3.18908	1.6985	0.0879677	0.210217
4.11	1.05867	3.19404	1.69806	0.0873921	0.209546
4.115	1.0593	3.199	1.69763	0.0868188	0.20887
4.12	1.05993	3.20396	1.69719	0.0862478	0.20819
4.125	1.06056	3.20892	1.69676	0.0856791	0.207504
4.13	1.06119	3.21388	1.69633	0.0851128	0.206813
4.135	1.06181	3.21884	1.69591	0.0845488	0.206118
4.14	1.06243	3.2238	1.69548	0.0839873	0.205417
4.145	1.06305	3.22876	1.69506	0.0834282	0.204712
4.15	1.06367	3.23372	1.69465	0.0828716	0.204002
4.155	1.06429	3.23869	1.69423	0.0823174	0.203287
4.16	1.0649	3.24365	1.69382	0.0817657	0.202567
4.165	1.06551	3.24861	1.69341	0.0812166	0.201842
4.17	1.06612	3.25357	1.69301	0.0806701	0.201112
4.175	1.06673	3.25854	1.6926	0.0801261	0.200378
4.18	1.06733	3.2635	1.6922	0.0795848	0.199639
4.185	1.06794	3.26846	1.69181	0.0790461	0.198895
4.19	1.06854	3.27343	1.69141	0.07851	0.198147
4.195	1.06914	3.27839	1.69102	0.0779767	0.197393
4.2	1.06974	3.28336	1.69063	0.0774461	0.196635
4.205	1.07033	3.28832	1.69024	0.0769182	0.195873
4.21	1.07093	3.29328	1.68986	0.076393	0.195106
4.215	1.07152	3.29825	1.68947	0.0758707	0.194334
4.22	1.07211	3.30321	1.68909	0.0753512	0.193557
4.225	1.0727	3.30818	1.68872	0.0748345	0.192776
4.23	1.07328	3.31314	1.68834	0.0743206	0.191991
4.235	1.07387	3.31811	1.68797	0.0738097	0.1912
4.24	1.07445	3.32308	1.6876	0.0733016	0.190406
4.245	1.07503	3.32804	1.68724	0.0727965	0.189606
4.25	1.07561	3.33301	1.68687	0.0722943	0.188803
4.255	1.07619	3.33798	1.68651	0.0717951	0.187994
4.26	1.07676	3.34294	1.68615	0.0712989	0.187182
4.265	1.07734	3.34791	1.6858	0.0708058	0.186364
4.27	1.07791	3.35288	1.68544	0.0703157	0.185543
4.275	1.07848	3.35784	1.68509	0.0698286	0.184717
4.28	1.07905	3.36281	1.68474	0.0693446	0.183886
4.285	1.07961	3.36778	1.68439	0.0688638	0.183051
4.29	1.08018	3.37275	1.68405	0.0683861	0.182212
4.295	1.08074	3.37772	1.68371	0.0679115	0.181369
4.3	1.0813	3.38268	1.68337	0.0674401	0.180521
4.305	1.08186	3.38765	1.68303	0.0669719	0.179669
4.31	1.08242	3.39262	1.6827	0.066507	0.178812
4.315	1.08298	3.39759	1.68236	0.0660452	0.177952
4.32	1.08353	3.40256	1.68203	0.0655868	0.177087
4.325	1.08409	3.40753	1.68171	0.0651316	0.176217
4.33	1.08464	3.4125	1.68138	0.0646798	0.175344
4.335	1.08519	3.41747	1.68106	0.0642312	0.174466
4.34	1.08574	3.42244	1.68073	0.063786	0.173584
4.345	1.08628	3.42741	1.68042	0.0633442	0.172698
4.35	1.08683	3.43238	1.6801	0.0629058	0.171808
4.355	1.08737	3.43735	1.67978	0.0624707	0.170914
4.36	1.08792	3.44232	1.67947	0.0620392	0.170015
4.365	1.08846	3.44729	1.67916	0.061611	0.169113
4.37	1.089	3.45226	1.67885	0.0611863	0.168206
4.375	1.08953	3.45723	1.67855	0.0607651	0.167296
4.38	1.09007	3.4622	1.67824	0.0603475	0.166381
4.385	1.09061	3.46717	1.67794	0.0599333	0.165462
4.39	1.09114	3.47214	1.67764	0.0595227	0.164539
4.395	1.09167	3.47712	1.67735	0.0591157	0.163612
4.4	1.0922	3.48209	1.67705	0.0587122	0.162682
4.405	1.09273	3.48706	1.67676	0.0583124	0.161747
4.41	1.09326	3.49203	1.67646	0.0579161	0.160808
4.415	1.09378	3.497	1.67618	0.0575236	0.159865
4.42	1.09431	3.50198	1.67589	0.0571346	0.158919
4.425	1.09483	3.50695	1.6756	0.0567494	0.157968
4.43	1.09535	3.51192	1.67532	0.0563678	0.157014
4.435	1.09587	3.51689	1.67504	0.05599	0.156056
4.44	1.09639	3.52187	1.67476	0.0556159	0.155094
4.445	1.09691	3.52684	1.67448	0.0552455	0.154128
4.45	1.09742	3.53181	1.6742	0.054879	0.153158
4.455	1.09794	3.53679	1.67393	0.0545162	0.152184
4.46	1.09845	3.54176	1.67366	0.0541572	0.151207
4.465	1.09896	3.54674	1.67338	0.053802	0.150226
4.47	1.09948	3.55171	1.67312	0.0534506	0.149241
4.475	1.09998	3.55668	1.67285	0.0531031	0.148252
4.48	1.10049	3.56166	1.67258	0.0527595	0.14726
4.485	1.101	3.56663	1.67232	0.0524198	0.146264
4.49	1.1015	3.57161	1.67206	0.052084	0.145264
4.495	1.10201	3.57658	1.6718	0.0517521	0.144261
4.5	1.10251	3.58155	1.67154	0.0514241	0.143254
4.505	1.10301	3.58653	1.67128	0.0511001	0.142243
4.51	1.10351	3.5915	1.67102	0.05078	0.141229
4.515	1.10401	3.59648	1.67077	0.050464	0.140211
4.52	1.10451	3.60145	1.67052	0.0501519	0.139189
4.525	1.10501	3.60643	1.67027	0.0498439	0.138164
4.53	1.1055	3.61141	1.67002	0.0495399	0.137136
4.535	1.106	3.61638	1.66977	0.0492399	0.136104
4.54	1.10649	3.62136	1.66952	0.048944	0.135068
4.545	1.10698	3.62633	1.66928	0.0486521	0.134029
4.55	1.10747	3.63131	1.66904	0.0483644	0.132986
4.555	1.10796	3.63628	1.66879	0.0480808	0.13194
4.56	1.10845	3.64126	1.66855	0.0478013	0.13089
4.565	1.10894	3.64624	1.66832	0.0475259	0.129837
4.57	1.10942	3.65121	1.66808	0.0472546	0.12878
4.575	1.10991	3.65619	1.66784	0.0469876	0.12772
4.58	1.11039	3.66117	1.66761	0.0467247	0.126657
4.585	1.11087	3.66614	1.66737	0.046466	0.12559
4.59	1.11135	3.67112	1.66714	0.0462115	0.12452
4.595	1.11183	3.6761	1.66691	0.0459612	0.123447
4.6	1.11231	3.68107	1.66668	0.0457152	0.12237
4.605	1.11279	3.68605	1.66645	0.0454734	0.12129
4.61	1.11326	3.69103	1.66622	0.0452359	0.120207
4.615	1.11374	3.69601	1.666	0.0450026	0.11912
4.62	1.11421	3.70098	1.66577	0.0447736	0.11803
4.625	1.11469	3.70596	1.66555	0.0445489	0.116937
4.63	1.11516	3.71094	1.66533	0.0443286	0.11584
4.635	1.11563	3.71592	1.6651	0.0441125	0.114741
4.64	1.1161	3.72089	1.66488	0.0439008	0.113638
4.645	1.11657	3.72587	1.66466	0.0436934	0.112532
4.65	1.11704	3.73085	1.66445	0.0434904	0.111423
4.655	1.1175	3.73583	1.66423	0.0432918	0.11031
4.66	1.11797	3.74081	1.66401	0.0430975	0.109195
4.665	1.11843	3.74578	1.6638	0.0429077	0.108076
4.67	1.1189	3.75076	1.66358	0.0427222	0.106954
4.675	1.11936	3.75574	1.66337	0.0425412	0.10583
4.68	1.11982	3.76072	1.66316	0.0423646	0.104702
4.685	1.12028	3.7657	1.66294	0.0421924	0.103571
4.69	1.12074	3.77068	1.66273	0.0420247	0.102437
4.695	1.1212	3.77566	1.66252	0.0418614	0.1013
4.7	1.12165	3.78064	1.66231	0.0417027	0.100159
4.705	1.12211	3.78562	1.6621	0.0415484	0.0990164
4.71	1.12256	3.79059	1.6619	0.0413986	0.0978703
4.715	1.12302	3.79557	1.66169	0.0412533	0.0967213
4.72	1.12347	3.80055	1.66148	0.0411125	0.0955693
4.725	1.12392	3.80553	1.66128	0.0409762	0.0944144
4.73	1.12437	3.81051	1.66107	0.0408445	0.0932566
4.735	1.12482	3.81549	1.66087	0.0407173	0.0920959
4.74	1.12527	3.82047	1.66067	0.0405947	0.0909323
4.745	1.12572	3.82545	1.66046	0.0404767	0.0897658
4.75	1.12617	3.83043	1.66026	0.0403632	0.0885964
4.755	1.12661	3.83541	1.66006	0.0402543	0.0874242
4.76	1.12706	3.84039	1.65986	0.04015	0.0862492
4.765	1.1275	3.84537	1.65966	0.0400502	0.0850714
4.77	1.12794	3.85035	1.65946	0.0399551	0.0838908
4.775	1.12838	3.85533	1.65926	0.0398646	0.0827074
4.78	1.12882	3.86031	1.65906	0.0397788	0.0815212
4.785	1.12926	3.86529	1.65886	0.0396976	0.0803323
4.79	1.1297	3.87028	1.65866	0.039621	0.0791407
4.795	1.13014	3.87526	1.65846	0.039549	0.0779463
4.8	1.13058	3.88024	1.65826	0.0394818	0.0767493
4.805	1.13101	3.88522	1.65807	0.0394192	0.0755496
4.81	1.13145	3.8902	1.65787	0.0393612	0.0743472
4.815	1.13188	3.89518	1.65767	0.039308	0.0731421
4.82	1.13232	3.90016	1.65748	0.0392594	0.0719344
4.825	1.13275	3.90514	1.65728	0.0392156	0.0707241
4.83	1.13318	3.91012	1.65708	0.0391764	0.0695112
4.835	1.13361	3.91511	1.65689	0.0391419	0.0682957
4.84	1.13404	3.92009	1.65669	0.0391122	0.0670777
4.845	1.13446	3.92507	1.6565	0.0390872	0.0658571
4.85	1.13489	3.93005	1.6563	0.0390669	0.0646339
4.855	1.13532	3.93503	1.65611	0.0390514	0.0634082
4.86	1.13574	3.94001	1.65591	0.0390406	0.06218
4.865	1.13617	3.945	1.65572	0.0390346	0.0609493
4.87	1.13659	3.94998	1.65552	0.0390333	0.0597161
4.875	1.13701	3.95496	1.65532	0.0390368	0.0584805
4.88	1.13743	3.95994	1.65513	0.0390451	0.0572424
4.885	1.13785	3.96492	1.65493	0.0390581	0.0560019
4.89	1.13827	3.96991	1.65474	0.0390759	0.054759
4.895	1.13869	3.97489	1.65454	0.0390985	0.0535137
4.9	1.13911	3.97987	1.65435	0.0391259	0.052266
4.905	1.13952	3.98485	1.65415	0.0391581	0.0510159
4.91	1.13994	3.98984	1.65396	0.0391951	0.0497635
4.915	1.14035	3.99482	1.65376	0.0392368	0.0485087
4.92	1.14077	3.9998	1.65356	0.0392835	0.0472516
4.925	1.14118	4.00479	1.65337	0.0393349	0.0459922
4.93	1.14159	4.00977	1.65317	0.0393911	0.0447306
4.935	1.142	4.01475	1.65297	0.0394522	0.0434666
4.94	1.14241	4.01974	1.65278	0.0395181	0.0422004
4.945	1.14282	4.02472	1.65258	0.0395888	0.0409319
4.95	1.14323	4.0297	1.65238	0.0396644	0.0396613
4.955	1.14363	4.03469	1.65218	0.0397448	0.0383884
4.96	1.14404	4.03967	1.65198	0.0398301	0.0371133
4.965	1.14444	4.04465	1.65179	0.0399202	0.035836
4.97	1.14485	4.04964	1.65159	0.0400152	0.0345566
4.975	1.14525	4.05462	1.65139	0.040115	0.0332751
4.98	1.14565	4.0596	1.65119	0.0402197	0.0319913
4.985	1.14605	4.06459	1.65098	0.0403292	0.0307055
4.99	1.14645	4.06957	1.65078	0.0404437	0.0294176
4.995	1.14685	4.07456	1.65058	0.040563	0.0281276
5	1.14725	4.07954	1.65038	0.0406871	0.0268355
5.005	1.14764	4.08452	1.65017	0.0408162	0.0255414
5.01	1.14804	4.08951	1.64997	0.0409501	0.0242453
5.015	1.14843	4.09449	1.64977	0.0410889	0.0229471
5.02	1.14883	4.09948	1.64956	0.0412326	0.0216469
5.025	1.14922	4.10446	1.64935	0.0413811	0.0203447
5.03	1.14961	4.10945	1.64915	0.0415346	0.0190406
5.035	1.15	4.11443	1.64894	0.0416929	0.0177345
5.04	1.15039	4.11942	1.64873	0.0418562	0.0164264
5.045	1.15078	4.1244	1.64852	0.0420243	0.0151165
5.05	1.15117	4.12939	1.64831	0.0421973	0.0138046
5.055	1.15155	4.13437	1.6481	0.0423752	0.0124908
5.06	1.15194	4.13936	1.64789	0.0425581	0.0111751
5.065	1.15232	4.14434	1.64768	0.0427458	0.00985762
5.07	1.1527	4.14933	1.64746	0.0429384	0.00853825
5.075	1.15309	4.15431	1.64725	0.0431359	0.00721706
5.08	1.15347	4.1593	1.64703	0.0433384	0.00589404
5.085	1.15385	4.16428	1.64681	0.0435457	0.00456923
5.09	1.15423	4.16927	1.6466	0.0437579	0.00324263
5.095	1.1546	4.17426	1.64638	0.0439751	0.00191427
5.1	1.15498	4.17924	1.64616	0.0441971	0.000584155
5.105	1.15535	4.18423	1.64594	0.0444241	-0.000747696
5.11	1.15573	4.18921	1.64572	0.0446559	-0.00208127
5.115	1.1561	4.1942	1.64549	0.0448927	-0.00341654
5.12	1.15647	4.19919	1.64527	0.0451344	-0.00475351
5.125	1.15684	4.20417	1.64504	0.045381	-0.00609215
5.13	1.15721	4.20916	1.64482	0.0456324	-0.00743244
5.135	1.15758	4.21414	1.64459	0.0458888	-0.00877438
5.14	1.15795	4.21913	1.64436	0.0461501	-0.0101179
5.145	1.15832	4.22412	1.64413	0.0464164	-0.0114631
5.15	1.15868	4.2291	1.64389	0.0466875	-0.0128099
5.155	1.15905	4.23409	1.64366	0.0469635	-0.0141582
5.16	1.15941	4.23908	1.64343	0.0472444	-0.0155081
5.165	1.15977	4.24406	1.64319	0.0475302	-0.0168596
5.17	1.16013	4.24905	1.64295	0.047821	-0.0182125
5.175	1.16049	4.25404	1.64271	0.0481166	-0.019567
5.18	1.16085	4.25903	1.64247	0.0484171	-0.020923
5.185	1.16121	4.26401	1.64223	0.0487225	-0.0222805
5.19	1.16156	4.269	1.64199	0.0490329	-0.0236394
5.195	1.16192	4.27399	1.64174	0.0493481	-0.0249998
5.2	1.16227	4.27897	1.6415	0.0496682	-0.0263616
5.205	1.16262	4.28396	1.64125	0.0499932	-0.0277248
5.21	1.16297	4.28895	1.641	0.0503231	-0.0290895
5.215	1.16332	4.29394	1.64075	0.0506579	-0.0304555
5.22	1.16367	4.29893	1.64049	0.0509976	-0.0318229
5.225	1.16402	4.30391	1.64024	0.0513421	-0.0331916
5.23	1.16436	4.3089	1.63998	0.0516916	-0.0345617
5.235	1.16471	4.31389	1.63972	0.0520459	-0.0359331
5.24	1.16505	4.31888	1.63946	0.0524051	-0.0373058
5.245	1.16539	4.32387	1.6392	0.0527692	-0.0386798
5.25	1.16573	4.32885	1.63894	0.0531381	-0.0400551
5.255	1.16607	4.33384	1.63867	0.0535119	-0.0414316
5.26	1.16641	4.33883	1.6384	0.0538906	-0.0428094
5.265	1.16674	4.34382	1.63813	0.0542742	-0.0441884
5.27	1.16708	4.34881	1.63786	0.0546626	-0.0455686
5.275	1.16741	4.3538	1.63759	0.0550559	-0.04695
5.28	1.16775	4.35879	1.63731	0.055454	-0.0483326
5.285	1.16808	4.36378	1.63704	0.055857	-0.0497163
5.29	1.16841	4.36877	1.63676	0.0562648	-0.0511012
5.295	1.16873	4.37375	1.63648	0.0566775	-0.0524872
5.3	1.16906	4.37874	1.63619	0.057095	-0.0538743
5.305	1.16939	4.38373	1.63591	0.0575173	-0.0552625
5.31	1.16971	4.38872	1.63562	0.0579445	-0.0566518
5.315	1.17003	4.39371	1.63533	0.0583765	-0.0580422
5.32	1.17035	4.3987	1.63504	0.0588134	-0.0594336
5.325	1.17067	4.40369	1.63474	0.0592551	-0.0608261
5.33	1.17099	4.40868	1.63445	0.0597016	-0.0622195
5.335	1.17131	4.41367	1.63415	0.0601529	-0.063614
5.34	1.17162	4.41866	1.63385	0.060609	-0.0650094
5.345	1.17194	4.42365	1.63354	0.0610699	-0.0664058
5.35	1.17225	4.42864	1.63324	0.0615356	-0.0678032
5.355	1.17256	4.43363	1.63293	0.0620062	-0.0692015
5.36	1.17287	4.43862	1.63262	0.0624815	-0.0706007
5.365	1.17318	4.44361	1.63231	0.0629616	-0.0720008
5.37	1.17348	4.4486	1.63199	0.0634465	-0.0734018
5.375	1.17379	4.45359	1.63168	0.0639362	-0.0748037
5.38	1.17409	4.45859	1.63136	0.0644307	-0.0762064
5.385	1.17439	4.46358	1.63104	0.0649299	-0.07761
5.39	1.17469	4.46857	1.63071	0.0654339	-0.0790143
5.395	1.17499	4.47356	1.63038	0.0659426	-0.0804195
5.4	1.17528	4.47855	1.63005	0.0664561	-0.0818255
5.405	1.17558	4.48354	1.62972	0.0669744	-0.0832322
5.41	1.17587	4.48853	1.62939	0.0674974	-0.0846397
5.415	1.17616	4.49352	1.62905	0.0680251	-0.086048
5.42	1.17645	4.49852	1.62871	0.0685576	-0.0874569
5.425	1.17674	4.50351	1.62837	0.0690948	-0.0888666
5.43	1.17702	4.5085	1.62802	0.0696368	-0.0902769
5.435	1.17731	4.51349	1.62767	0.0701834	-0.091688
5.44	1.17759	4.51848	1.62732	0.0707348	-0.0930997
5.445	1.17787	4.52348	1.62697	0.0712909	-0.094512
5.45	1.17815	4.52847	1.62661	0.0718516	-0.0959249
5.455	1.17843	4.53346	1.62625	0.0724171	-0.0973385
5.46	1.1787	4.53845	1.62589	0.0729873	-0.0987526
5.465	1.17898	4.54344	1.62553	0.0735621	-0.100167
5.47	1.17925	4.54844	1.62516	0.0741416	-0.101583
5.475	1.17952	4.55343	1.62479	0.0747258	-0.102998
5.48	1.17979	4.55842	1.62441	0.0753147	-0.104415
5.485	1.18005	4.56342	1.62404	0.0759082	-0.105832
5.49	1.18032	4.56841	1.62366	0.0765064	-0.107249
5.495	1.18058	4.5734	1.62327	0.0771092	-0.108667
5.5	1.18084	4.5784	1.62289	0.0777166	-0.110085
5.505	1.1811	4.58339	1.6225	0.0783287	-0.111504
5.51	1.18135	4.58838	1.62211	0.0789454	-0.112923
5.515	1.18161	4.59338	1.62171	0.0795668	-0.114342
5.52	1.18186	4.59837	1.62132	0.0801927	-0.115762
5.525	1.18211	4.60336	1.62092	0.0808233	-0.117183
5.53	1.18236	4.60836	1.62051	0.0814585	-0.118603
5.535	1.18261	4.61335	1.6201	0.0820982	-0.120024
5.54	1.18285	4.61834	1.61969	0.0827426	-0.121446
5.545	1.18309	4.62334	1.61928	0.0833915	-0.122867
5.55	1.18333	4.62833	1.61886	0.084045	-0.124289
5.555	1.18357	4.63333	1.61844	0.0847031	-0.125711
5.56	1.18381	4.63832	1.61802	0.0853657	-0.127134
5.565	1.18404	4.64332	1.61759	0.0860329	-0.128556
5.57	1.18427	4.64831	1.61716	0.0867046	-0.129979
5.575	1.1845	4.65331	1.61673	0.0873809	-0.131402
5.58	1.18473	4.6583	1.61629	0.0880617	-0.132826
5.585	1.18495	4.6633	1.61585	0.088747	-0.134249
5.59	1.18518	4.66829	1.61541	0.0894368	-0.135673
5.595	1.1854	4.67329	1.61496	0.0901312	-0.137097
5.6	1.18562	4.67828	1.61451	0.09083	-0.13852
5.605	1.18583	4.68328	1.61406	0.0915334	-0.139944
5.61	1.18605	4.68827	1.6136	0.0922412	-0.141369
5.615	1.18626	4.69327	1.61314	0.0929535	-0.142793
5.62	1.18647	4.69826	1.61267	0.0936703	-0.144217
5.625	1.18667	4.70326	1.6122	0.0943915	-0.145641
5.63	1.18688	4.70825	1.61173	0.0951172	-0.147065
5.635	1.18708	4.71325	1.61126	0.0958474	-0.14849
5.64	1.18728	4.71825	1.61078	0.096582	-0.149914
5.645	1.18748	4.72324	1.61029	0.097321	-0.151338
5.65	1.18767	4.72824	1.60981	0.0980645	-0.152762
5.655	1.18787	4.73323	1.60932	0.0988124	-0.154186
5.66	1.18806	4.73823	1.60882	0.0995646	-0.15561
5.665	1.18824	4.74323	1.60832	0.100321	-0.157034
5.67	1.18843	4.74822	1.60782	0.101082	-0.158458
5.675	1.18861	4.75322	1.60732	0.101848	-0.159881
5.68	1.18879	4.75822	1.60681	0.102618	-0.161305
5.685	1.18897	4.76321	1.6063	0.103392	-0.162728
5.69	1.18914	4.76821	1.60578	0.104171	-0.164151
5.695	1.18932	4.77321	1.60526	0.104953	-0.165574
5.7	1.18949	4.77821	1.60473	0.105741	-0.166997
5.705	1.18965	4.7832	1.6042	0.106532	-0.168419
5.71	1.18982	4.7882	1.60367	0.107328	-0.169841
5.715	1.18998	4.7932	1.60313	0.108129	-0.171263
5.72	1.19014	4.79819	1.60259	0.108933	-0.172685
5.725	1.19029	4.80319	1.60205	0.109742	-0.174106
5.73	1.19045	4.80819	1.6015	0.110555	-0.175527
5.735	1.1906	4.81319	1.60095	0.111373	-0.176947
5.74	1.19075	4.81819	1.60039	0.112195	-0.178367
5.745	1.19089	4.82318	1.59983	0.113021	-0.179787
5.75	1.19103	4.82818	1.59927	0.113851	-0.181207
5.755	1.19117	4.83318	1.5987	0.114686	-0.182626
5.76	1.19131	4.83818	1.59812	0.115524	-0.184044
5.765	1.19144	4.84318	1.59754	0.116367	-0.185462
5.77	1.19157	4.84817	1.59696	0.117215	-0.18688
5.775	1.1917	4.85317	1.59638	0.118066	-0.188297
5.78	1.19183	4.85817	1.59579	0.118922	-0.189713
5.785	1.19195	4.86317	1.59519	0.119782	-0.191129
5.79	1.19207	4.86817	1.59459	0.120646	-0.192545
5.795	1.19218	4.87317	1.59399	0.121514	-0.19396
5.8	1.1923	4.87817	1.59338	0.122387	-0.195374
5.805	1.19241	4.88316	1.59277	0.123264	-0.196788
5.81	1.19251	4.88816	1.59215	0.124144	-0.198201
5.815	1.19262	4.89316	1.59153	0.125029	-0.199613
5.82	1.19272	4.89816	1.59091	0.125919	-0.201025
5.825	1.19282	4.90316	1.59028	0.126812	-0.202436
5.83	1.19291	4.90816	1.58964	0.127709	-0.203847
5.835	1.193	4.91316	1.58901	0.128611	-0.205256
5.84	1.19309	4.91816	1.58836	0.129516	-0.206665
5.845	1.19317	4.92316	1.58772	0.130426	-0.208073
5.85	1.19325	4.92816	1.58706	0.13134	-0.209481
5.855	1.19333	4.93316	1.58641	0.132258	-0.210887
5.86	1.19341	4.93816	1.58575	0.13318	-0.212293
5.865	1.19348	4.94315	1.58508	0.134106	-0.213698
5.87	1.19355	4.94815	1.58441	0.135036	-0.215102
5.875	1.19361	4.95315	1.58373	0.13597	-0.216506
5.88	1.19367	4.95815	1.58305	0.136909	-0.217908
5.885	1.19373	4.96315	1.58237	0.137851	-0.219309
5.89	1.19378	4.96815	1.58168	0.138797	-0.22071
5.895	1.19384	4.97315	1.58099	0.139747	-0.22211
5.9	1.19388	4.97815	1.58029	0.140702	-0.223508
5.905	1.19393	4.98315	1.57958	0.14166	-0.224906
5.91	1.19397	4.98815	1.57888	0.142622	-0.226302
5.915	1.194	4.99315	1.57816	0.143589	-0.227698
5.92	1.19404	4.99815	1.57744	0.144559	-0.229093
5.925	1.19407	5.00315	1.57672	0.145533	-0.230486
5.93	1.19409	5.00815	1.57599	0.146512	-0.231878
5.935	1.19412	5.01315	1.57526	0.147494	-0.23327
5.94	1.19413	5.01815	1.57452	0.14848	-0.23466
5.945	1.19415	5.02315	1.57378	0.14947	-0.236049
5.95	1.19416	5.02815	1.57303	0.150464	-0.237437
5.955	1.19417	5.03315	1.57228	0.151462	-0.238824
5.96	1.19417	5.03815	1.57152	0.152463	-0.240209
5.965	1.19417	5.04315	1.57076	0.153469	-0.241593
5.97	1.19417	5.04815	1.56999	0.154479	-0.242976
5.975	1.19416	5.05315	1.56922	0.155492	-0.244358
5.98	1.19415	5.05815	1.56844	0.156509	-0.245739
5.985	1.19413	5.06315	1.56766	0.157531	-0.247118
5.99	1.19411	5.06815	1.56687	0.158556	-0.248496
5.995	1.19409	5.07315	1.56608	0.159584	-0.249872
6	1.19406	5.07815	1.56528	0.160617	-0.251247
6.005	1.19403	5.08315	1.56448	0.161654	-0.252621
6.01	1.19399	5.08815	1.56367	0.162694	-0.253993
6.015	1.19395	5.09315	1.56286	0.163738	-0.255364
6.02	1.19391	5.09815	1.56204	0.164786	-0.256734
6.025	1.19386	5.10315	1.56122	0.165838	-0.258102
6.03	1.19381	5.10815	1.56039	0.166894	-0.259468
6.035	1.19375	5.11315	1.55955	0.167953	-0.260833
6.04	1.19369	5.11815	1.55871	0.169016	-0.262197
6.045	1.19363	5.12315	1.55787	0.170083	-0.263559
6.05	1.19356	5.12815	1.55702	0.171154	-0.264919
6.055	1.19349	5.13315	1.55616	0.172228	-0.266278
6.06	1.19341	5.13815	1.5553	0.173306	-0.267635
6.065	1.19333	5.14315	1.55443	0.174388	-0.268991
6.07	1.19324	5.14815	1.55356	0.175473	-0.270344
6.075	1.19315	5.15315	1.55268	0.176563	-0.271697
6.08	1.19306	5.15814	1.5518	0.177656	-0.273047
6.085	1.19296	5.16314	1.55091	0.178752	-0.274396
6.09	1.19285	5.16814	1.55002	0.179853	-0.275743
6.095	1.19274	5.17314	1.54912	0.180957	-0.277088
6.1	1.19263	5.17814	1.54822	0.182064	-0.278431
6.105	1.19251	5.18314	1.54731	0.183176	-0.279773
6.11	1.19239	5.18814	1.54639	0.184291	-0.281113
6.115	1.19227	5.19314	1.54547	0.185409	-0.282451
6.12	1.19213	5.19813	1.54454	0.186532	-0.283787
6.125	1.192	5.20313	1.54361	0.187658	-0.285121
6.13	1.19186	5.20813	1.54267	0.188787	-0.286453
6.135	1.19171	5.21313	1.54173	0.18992	-0.287784
6.14	1.19156	5.21813	1.54078	0.191057	-0.289112
6.145	1.19141	5.22312	1.53982	0.192197	-0.290438
6.15	1.19125	5.22812	1.53886	0.193341	-0.291763
6.155	1.19108	5.23312	1.53789	0.194489	-0.293085
6.16	1.19091	5.23811	1.53692	0.19564	-0.294405
6.165	1.19074	5.24311	1.53594	0.196795	-0.295723
6.17	1.19056	5.24811	1.53496	0.197953	-0.297039
6.175	1.19038	5.25311	1.53397	0.199115	-0.298353
6.18	1.19019	5.2581	1.53297	0.20028	-0.299665
6.185	1.18999	5.2631	1.53197	0.201449	-0.300975
6.19	1.18979	5.26809	1.53097	0.202621	-0.302282
6.195	1.18959	5.27309	1.52995	0.203797	-0.303587
6.2	1.18938	5.27809	1.52893	0.204977	-0.30489
6.205	1.18917	5.28308	1.52791	0.20616	-0.306191
6.21	1.18895	5.28808	1.52688	0.207346	-0.307489
6.215	1.18872	5.29307	1.52584	0.208536	-0.308785
6.22	1.18849	5.29807	1.5248	0.209729	-0.310079
6.225	1.18826	5.30306	1.52375	0.210926	-0.31137
6.23	1.18802	5.30805	1.52269	0.212126	-0.312659
6.235	1.18777	5.31305	1.52163	0.21333	-0.313946
6.24	1.18752	5.31804	1.52057	0.214537	-0.31523
6.245	1.18726	5.32304	1.51949	0.215748	-0.316511
6.25	1.187	5.32803	1.51842	0.216962	-0.31779
6.255	1.18673	5.33302	1.51733	0.21818	-0.319067
6.26	1.18646	5.33801	1.51624	0.219401	-0.320341
6.265	1.18618	5.34301	1.51514	0.220625	-0.321613
6.27	1.1859	5.348	1.51404	0.221853	-0.322882
6.275	1.18561	5.35299	1.51293	0.223084	-0.324148
6.28	1.18532	5.35798	1.51182	0.224318	-0.325412
6.285	1.18502	5.36297	1.51069	0.225556	-0.326673
6.29	1.18471	5.36796	1.50957	0.226798	-0.327931
6.295	1.1844	5.37295	1.50843	0.228042	-0.329187
6.3	1.18408	5.37794	1.50729	0.22929	-0.33044
6.305	1.18376	5.38293	1.50615	0.230542	-0.33169
6.31	1.18343	5.38792	1.50499	0.231797	-0.332937
6.315	1.18309	5.39291	1.50383	0.233055	-0.334182
6.32	1.18275	5.3979	1.50267	0.234316	-0.335423
6.325	1.18241	5.40289	1.5015	0.235581	-0.336662
6.33	1.18206	5.40787	1.50032	0.236849	-0.337898
6.335	1.1817	5.41286	1.49913	0.23812	-0.339131
6.34	1.18133	5.41785	1.49794	0.239395	-0.340361
6.345	1.18096	5.42283	1.49675	0.240673	-0.341588
6.35	1.18059	5.42782	1.49554	0.241954	-0.342813
6.355	1.18021	5.43281	1.49433	0.243239	-0.344034
6.36	1.17982	5.43779	1.49312	0.244527	-0.345252
6.365	1.17942	5.44278	1.4919	0.245818	-0.346467
6.37	1.17902	5.44776	1.49067	0.247112	-0.347678
6.375	1.17862	5.45274	1.48943	0.24841	-0.348887
6.38	1.17821	5.45773	1.48819	0.249711	-0.350093
6.385	1.17779	5.46271	1.48694	0.251015	-0.351295
6.39	1.17736	5.46769	1.48568	0.252323	-0.352494
6.395	1.17693	5.47267	1.48442	0.253633	-0.35369
6.4	1.17649	5.47765	1.48316	0.254947	-0.354883
6.405	1.17605	5.48263	1.48188	0.256264	-0.356072
6.41	1.1756	5.48761	1.4806	0.257585	-0.357258
6.415	1.17514	5.49259	1.47931	0.258908	-0.358441
6.42	1.17468	5.49757	1.47802	0.260235	-0.35962
6.425	1.17421	5.50255	1.47672	0.261565	-0.360796
6.43	1.17373	5.50752	1.47541	0.262898	-0.361968
6.435	1.17325	5.5125	1.47409	0.264234	-0.363137
6.44	1.17276	5.51748	1.47277	0.265574	-0.364302
6.445	1.17226	5.52245	1.47144	0.266917	-0.365464
6.45	1.17176	5.52743	1.47011	0.268262	-0.366623
6.455	1.17125	5.5324	1.46877	0.269611	-0.367777
6.46	1.17074	5.53737	1.46742	0.270964	-0.368929
6.465	1.17021	5.54235	1.46607	0.272319	-0.370076
6.47	1.16968	5.54732	1.4647	0.273677	-0.37122
6.475	1.16915	5.55229	1.46334	0.275039	-0.37236
6.48	1.1686	5.55726	1.46196	0.276404	-0.373496
6.485	1.16805	5.56223	1.46058	0.277772	-0.374629
6.49	1.1675	5.5672	1.45919	0.279143	-0.375758
6.495	1.16693	5.57217	1.45779	0.280517	-0.376883
6.5	1.16636	5.57713	1.45639	0.281894	-0.378004
6.505	1.16579	5.5821	1.45498	0.283275	-0.379121
6.51	1.1652	5.58707	1.45357	0.284658	-0.380235
6.515	1.16461	5.59203	1.45214	0.286045	-0.381344
6.52	1.16401	5.597	1.45071	0.287434	-0.38245
6.525	1.1634	5.60196	1.44927	0.288827	-0.383551
6.53	1.16279	5.60692	1.44783	0.290223	-0.384649
6.535	1.16217	5.61188	1.44638	0.291622	-0.385742
6.54	1.16154	5.61684	1.44492	0.293024	-0.386831
6.545	1.16091	5.6218	1.44346	0.294429	-0.387916
6.55	1.16026	5.62676	1.44198	0.295837	-0.388997
6.555	1.15962	5.63172	1.4405	0.297248	-0.390074
6.56	1.15896	5.63668	1.43902	0.298663	-0.391146
6.565	1.15829	5.64163	1.43753	0.30008	-0.392215
6.57	1.15762	5.64659	1.43602	0.3015	-0.393279
6.575	1.15694	5.65154	1.43452	0.302924	-0.394338
6.58	1.15626	5.65649	1.433	0.30435	-0.395394
6.585	1.15556	5.66144	1.43148	0.30578	-0.396445
6.59	1.15486	5.66639	1.42995	0.307212	-0.397491
6.595	1.15415	5.67134	1.42842	0.308648	-0.398533
6.6	1.15343	5.67629	1.42687	0.310086	-0.399571
6.605	1.15271	5.68124	1.42532	0.311528	-0.400604
6.61	1.15198	5.68618	1.42376	0.312973	-0.401632
6.615	1.15124	5.69113	1.4222	0.31442	-0.402656
6.62	1.15049	5.69607	1.42063	0.315871	-0.403676
6.625	1.14973	5.70102	1.41905	0.317325	-0.40469
6.63	1.14897	5.70596	1.41746	0.318781	-0.4057
6.635	1.1482	5.7109	1.41587	0.320241	-0.406705
6.64	1.14742	5.71584	1.41427	0.321703	-0.407706
6.645	1.14663	5.72077	1.41266	0.323169	-0.408702
6.65	1.14583	5.72571	1.41104	0.324638	-0.409693
6.655	1.14503	5.73065	1.40942	0.326109	-0.410679
6.66	1.14422	5.73558	1.40779	0.327584	-0.41166
6.665	1.1434	5.74051	1.40615	0.329061	-0.412636
6.67	1.14257	5.74544	1.40451	0.330542	-0.413607
6.675	1.14174	5.75037	1.40285	0.332025	-0.414574
6.68	1.14089	5.7553	1.40119	0.333512	-0.415535
6.685	1.14004	5.76023	1.39952	0.335001	-0.416491
6.69	1.13918	5.76515	1.39785	0.336494	-0.417442
6.695	1.13831	5.77008	1.39617	0.337989	-0.418388
6.7	1.13743	5.775	1.39448	0.339487	-0.419329
6.705	1.13655	5.77992	1.39278	0.340988	-0.420264
6.71	1.13566	5.78484	1.39108	0.342493	-0.421195
6.715	1.13475	5.78976	1.38936	0.344	-0.42212
6.72	1.13384	5.79467	1.38764	0.34551	-0.42304
6.725	1.13292	5.79959	1.38591	0.347023	-0.423954
6.73	1.132	5.8045	1.38418	0.348539	-0.424863
6.735	1.13106	5.80941	1.38244	0.350058	-0.425767
6.74	1.13011	5.81432	1.38069	0.35158	-0.426665
6.745	1.12916	5.81923	1.37893	0.353104	-0.427557
6.75	1.1282	5.82414	1.37716	0.354632	-0.428445
6.755	1.12723	5.82904	1.37539	0.356163	-0.429326
6.76	1.12625	5.83395	1.37361	0.357696	-0.430202
6.765	1.12526	5.83885	1.37182	0.359233	-0.431072
6.77	1.12426	5.84375	1.37002	0.360772	-0.431937
6.775	1.12326	5.84864	1.36822	0.362314	-0.432796
6.78	1.12224	5.85354	1.36641	0.36386	-0.433649
6.785	1.12122	5.85843	1.36459	0.365408	-0.434496
6.79	1.12019	5.86333	1.36276	0.366959	-0.435338
6.795	1.11914	5.86822	1.36093	0.368513	-0.436174
6.8	1.11809	5.87311	1.35909	0.37007	-0.437003
6.805	1.11703	5.87799	1.35724	0.37163	-0.437827
6.81	1.11596	5.88288	1.35538	0.373192	-0.438645
6.815	1.11489	5.88776	1.35351	0.374758	-0.439457
6.82	1.1138	5.89264	1.35164	0.376327	-0.440262
6.825	1.1127	5.89752	1.34976	0.377898	-0.441062
6.83	1.1116	5.90239	1.34787	0.379472	-0.441855
6.835	1.11048	5.90727	1.34597	0.38105	-0.442643
6.84	1.10936	5.91214	1.34406	0.38263	-0.443424
6.845	1.10823	5.91701	1.34215	0.384213	-0.444199
6.85	1.10708	5.92188	1.34023	0.385799	-0.444967
6.855	1.10593	5.92674	1.3383	0.387388	-0.445729
6.86	1.10477	5.93161	1.33636	0.38898	-0.446485
6.865	1.1036	5.93647	1.33442	0.390574	-0.447234
6.87	1.10242	5.94133	1.33247	0.392172	-0.447977
6.875	1.10123	5.94618	1.3305	0.393773	-0.448714
6.88	1.10003	5.95104	1.32854	0.395376	-0.449444
6.885	1.09882	5.95589	1.32656	0.396982	-0.450167
6.89	1.0976	5.96074	1.32457	0.398592	-0.450884
6.895	1.09637	5.96558	1.32258	0.400204	-0.451594
6.9	1.09514	5.97043	1.32058	0.401819	-0.452297
6.905	1.09389	5.97527	1.31857	0.403437	-0.452993
6.91	1.09263	5.98011	1.31655	0.405058	-0.453683
6.915	1.09136	5.98495	1.31453	0.406682	-0.454366
6.92	1.09009	5.98978	1.3125	0.408308	-0.455042
6.925	1.0888	5.99461	1.31045	0.409938	-0.455711
6.93	1.0875	5.99944	1.3084	0.411571	-0.456374
6.935	1.08619	6.00427	1.30635	0.413206	-0.457029
6.94	1.08488	6.00909	1.30428	0.414845	-0.457677
6.945	1.08355	6.01391	1.30221	0.416486	-0.458318
6.95	1.08221	6.01873	1.30012	0.41813	-0.458952
6.955	1.08087	6.02354	1.29803	0.419777	-0.459579
6.96	1.07951	6.02836	1.29593	0.421427	-0.460198
6.965	1.07814	6.03317	1.29383	0.42308	-0.460811
6.97	1.07677	6.03797	1.29171	0.424736	-0.461416
6.975	1.07538	6.04278	1.28959	0.426395	-0.462014
6.98	1.07398	6.04758	1.28746	0.428057	-0.462604
6.985	1.07257	6.05237	1.28532	0.429722	-0.463187
6.99	1.07115	6.05717	1.28317	0.431389	-0.463762
6.995	1.06972	6.06196	1.28101	0.43306	-0.46433
7	1.06829	6.06675	1.27884	0.434734	-0.464891
7.005	1.06684	6.07153	1.27667	0.43641	-0.465444
7.01	1.06538	6.07632	1.27449	0.438089	-0.465989
7.015	1.06391	6.08109	1.2723	0.439772	-0.466526
7.02	1.06242	6.08587	1.2701	0.441457	-0.467056
7.025	1.06093	6.09064	1.26789	0.443146	-0.467578
7.03	1.05943	6.09541	1.26568	0.444837	-0.468092
7.035	1.05792	6.10018	1.26345	0.446531	-0.468599
7.04	1.0564	6.10494	1.26122	0.448228	-0.469097
7.045	1.05486	6.1097	1.25898	0.449928	-0.469588
7.05	1.05332	6.11445	1.25673	0.451632	-0.47007
7.055	1.05176	6.11921	1.25447	0.453338	-0.470545
7.06	1.0502	6.12395	1.2522	0.455047	-0.471011
7.065	1.04862	6.1287	1.24993	0.456759	-0.471469
7.07	1.04703	6.13344	1.24765	0.458474	-0.471919
7.075	1.04543	6.13818	1.24535	0.460192	-0.472361
7.08	1.04382	6.14291	1.24305	0.461913	-0.472795
7.085	1.0422	6.14764	1.24074	0.463638	-0.47322
7.09	1.04057	6.15237	1.23842	0.465365	-0.473637
7.095	1.03893	6.15709	1.2361	0.467095	-0.474046
7.1	1.03727	6.16181	1.23376	0.468828	-0.474446
7.105	1.03561	6.16652	1.23142	0.470564	-0.474838
7.11	1.03393	6.17124	1.22906	0.472304	-0.475221
7.115	1.03225	6.17594	1.2267	0.474046	-0.475595
7.12	1.03055	6.18065	1.22433	0.475791	-0.475961
7.125	1.02884	6.18534	1.22195	0.47754	-0.476319
7.13	1.02712	6.19004	1.21957	0.479291	-0.476667
7.135	1.02539	6.19473	1.21717	0.481046	-0.477007
7.14	1.02365	6.19942	1.21476	0.482804	-0.477338
7.145	1.02189	6.2041	1.21235	0.484564	-0.47766
7.15	1.02013	6.20878	1.20993	0.486328	-0.477973
7.155	1.01835	6.21345	1.2075	0.488095	-0.478278
7.16	1.01656	6.21812	1.20506	0.489865	-0.478573
7.165	1.01476	6.22278	1.20261	0.491638	-0.478859
7.17	1.01295	6.22744	1.20015	0.493414	-0.479136
7.175	1.01113	6.2321	1.19768	0.495194	-0.479405
7.18	1.00929	6.23675	1.19521	0.496976	-0.479663
7.185	1.00745	6.2414	1.19272	0.498762	-0.479913
7.19	1.00559	6.24604	1.19023	0.500551	-0.480153
7.195	1.00372	6.25068	1.18772	0.502343	-0.480385
7.2	1.00184	6.25531	1.18521	0.504138	-0.480606
7.205	0.99995	6.25994	1.18269	0.505936	-0.480819
7.21	0.998046	6.26456	1.18016	0.507738	-0.481021
7.215	0.99613	6.26918	1.17762	0.509543	-0.481215
7.22	0.994203	6.27379	1.17508	0.511351	-0.481398
7.225	0.992264	6.2784	1.17252	0.513162	-0.481573
7.23	0.990313	6.28301	1.16995	0.514976	-0.481737
7.235	0.98835	6.28761	1.16738	0.516794	-0.481892
7.24	0.986375	6.2922	1.16479	0.518615	-0.482037
7.245	0.984388	6.29679	1.1622	0.520439	-0.482172
7.25	0.98239	6.30137	1.1596	0.522266	-0.482298
7.255	0.980379	6.30595	1.15699	0.524097	-0.482413
7.26	0.978357	6.31052	1.15437	0.525931	-0.482519
7.265	0.976322	6.31509	1.15174	0.527769	-0.482615
7.27	0.974276	6.31965	1.1491	0.529609	-0.4827
7.275	0.972217	6.32421	1.14645	0.531453	-0.482776
7.28	0.970147	6.32876	1.14379	0.533301	-0.482841
7.285	0.968064	6.3333	1.14113	0.535151	-0.482897
7.29	0.965969	6.33784	1.13845	0.537006	-0.482942
7.295	0.963861	6.34238	1.13577	0.538863	-0.482977
7.3	0.961742	6.34691	1.13307	0.540724	-0.483001
7.305	0.95961	6.35143	1.13037	0.542588	-0.483015
7.31	0.957467	6.35595	1.12765	0.544456	-0.483019
7.315	0.95531	6.36046	1.12493	0.546327	-0.483012
7.32	0.953142	6.36496	1.1222	0.548202	-0.482995
7.325	0.950961	6.36946	1.11946	0.55008	-0.482967
7.33	0.948768	6.37396	1.11671	0.551962	-0.482929
7.335	0.946562	6.37844	1.11395	0.553847	-0.48288
7.34	0.944344	6.38292	1.11118	0.555735	-0.48282
7.345	0.942114	6.3874	1.1084	0.557627	-0.48275
7.35	0.939871	6.39187	1.10561	0.559523	-0.482668
7.355	0.937615	6.39633	1.10282	0.561422	-0.482576
7.36	0.935347	6.40079	1.10001	0.563325	-0.482473
7.365	0.933067	6.40524	1.09719	0.565232	-0.48236
7.37	0.930774	6.40968	1.09437	0.567142	-0.482235
7.375	0.928468	6.41412	1.09153	0.569056	-0.482099
7.38	0.92615	6.41855	1.08869	0.570973	-0.481952
7.385	0.923819	6.42297	1.08583	0.572894	-0.481794
7.39	0.921476	6.42739	1.08297	0.574819	-0.481625
7.395	0.919119	6.4318	1.08009	0.576748	-0.481444
7.4	0.91675	6.4362	1.07721	0.57868	-0.481252
7.405	0.914369	6.4406	1.07431	0.580616	-0.481049
7.41	0.911974	6.44499	1.07141	0.582556	-0.480835
7.415	0.909567	6.44937	1.0685	0.5845	-0.480609
7.42	0.907147	6.45374	1.06558	0.586447	-0.480372
7.425	0.904714	6.45811	1.06264	0.588398	-0.480123
7.43	0.902269	6.46247	1.0597	0.590353	-0.479863
7.435	0.89981	6.46683	1.05675	0.592312	-0.479591
7.44	0.897339	6.47117	1.05379	0.594275	-0.479308
7.445	0.894854	6.47551	1.05082	0.596242	-0.479013
7.45	0.892357	6.47984	1.04784	0.598213	-0.478706
7.455	0.889847	6.48417	1.04484	0.600188	-0.478387
7.46	0.887324	6.48848	1.04184	0.602167	-0.478057
7.465	0.884788	6.49279	1.03883	0.60415	-0.477714
7.47	0.882239	6.49709	1.03581	0.606137	-0.47736
7.475	0.879676	6.50139	1.03278	0.608128	-0.476994
7.48	0.877101	6.50567	1.02974	0.610123	-0.476616
7.485	0.874513	6.50995	1.02669	0.612123	-0.476225
7.49	0.871912	6.51422	1.02363	0.614126	-0.475823
7.495	0.869297	6.51848	1.02056	0.616134	-0.475408
7.5	0.86667	6.52274	1.01748	0.618146	-0.474982
7.505	0.864029	6.52698	1.01439	0.620162	-0.474543
7.51	0.861375	6.53122	1.01129	0.622182	-0.474091
7.515	0.858708	6.53545	1.00818	0.624207	-0.473628
7.52	0.856028	6.53967	1.00506	0.626236	-0.473152
7.525	0.853334	6.54388	1.00192	0.62827	-0.472664
7.53	0.850628	6.54809	0.998783	0.630308	-0.472163
7.535	0.847908	6.55228	0.995631	0.63235	-0.471649
7.54	0.845175	6.55647	0.992469	0.634397	-0.471123
7.545	0.842428	6.56065	0.989297	0.636449	-0.470585
7.55	0.839669	6.56482	0.986115	0.638505	-0.470034
7.555	0.836896	6.56898	0.982923	0.640565	-0.46947
7.56	0.834109	6.57313	0.97972	0.642631	-0.468893
7.565	0.83131	6.57727	0.976507	0.644701	-0.468304
7.57	0.828497	6.58141	0.973283	0.646775	-0.467702
7.575	0.825671	6.58553	0.970049	0.648854	-0.467087
7.58	0.822831	6.58965	0.966805	0.650938	-0.466459
7.585	0.819978	6.59375	0.96355	0.653027	-0.465818
7.59	0.817111	6.59785	0.960285	0.655121	-0.465164
7.595	0.814232	6.60194	0.957009	0.65722	-0.464497
7.6	0.811338	6.60602	0.953723	0.659323	-0.463818
7.605	0.808432	6.61008	0.950427	0.661432	-0.463124
7.61	0.805512	6.61414	0.94712	0.663546	-0.462418
7.615	0.802578	6.61819	0.943802	0.665664	-0.461699
7.62	0.799631	6.62223	0.940474	0.667788	-0.460966
7.625	0.79667	6.62626	0.937135	0.669917	-0.46022
7.63	0.793697	6.63028	0.933785	0.672051	-0.459461
7.635	0.790709	6.63429	0.930425	0.674191	-0.458688
7.64	0.787708	6.63829	0.927054	0.676336	-0.457902
7.645	0.784694	6.64228	0.923672	0.678486	-0.457102
7.65	0.781666	6.64626	0.92028	0.680641	-0.456289
7.655	0.778624	6.65022	0.916877	0.682802	-0.455462
7.66	0.775569	6.65418	0.913462	0.684969	-0.454622
7.665	0.7725	6.65813	0.910038	0.687141	-0.453768
7.67	0.769418	6.66207	0.906602	0.689319	-0.452901
7.675	0.766323	6.66599	0.903155	0.691502	-0.45202
7.68	0.763213	6.66991	0.899698	0.693691	-0.451125
7.685	0.760091	6.67381	0.896229	0.695886	-0.450216
7.69	0.756954	6.67771	0.89275	0.698087	-0.449293
7.695	0.753804	6.68159	0.88926	0.700294	-0.448357
7.7	0.750641	6.68546	0.885758	0.702506	-0.447407
7.705	0.747464	6.68932	0.882246	0.704725	-0.446443
7.71	0.744273	6.69317	0.878722	0.70695	-0.445464
7.715	0.741069	6.69701	0.875187	0.709181	-0.444472
7.72	0.737851	6.70084	0.871641	0.711418	-0.443466
7.725	0.734619	6.70465	0.868084	0.713662	-0.442445
7.73	0.731374	6.70846	0.864516	0.715912	-0.441411
7.735	0.728116	6.71225	0.860936	0.718168	-0.440362
7.74	0.724844	6.71603	0.857345	0.720431	-0.439299
7.745	0.721558	6.7198	0.853743	0.7227	-0.438222
7.75	0.718258	6.72356	0.85013	0.724977	-0.437131
7.755	0.714945	6.7273	0.846505	0.72726	-0.436025
7.76	0.711619	6.73103	0.842869	0.729549	-0.434905
7.765	0.708278	6.73475	0.839221	0.731846	-0.43377
7.77	0.704925	6.73846	0.835562	0.73415	-0.432622
7.775	0.701557	6.74216	0.831891	0.736461	-0.431458
7.78	0.698176	6.74584	0.828209	0.738778	-0.43028
7.785	0.694782	6.74951	0.824515	0.741104	-0.429088
7.79	0.691374	6.75317	0.820809	0.743436	-0.427881
7.795	0.687952	6.75682	0.817092	0.745776	-0.42666
7.8	0.684517	6.76045	0.813363	0.748124	-0.425423
7.805	0.681068	6.76407	0.809622	0.750479	-0.424173
7.81	0.677605	6.76768	0.80587	0.752842	-0.422907
7.815	0.674129	6.77127	0.802106	0.755212	-0.421627
7.82	0.67064	6.77485	0.79833	0.757591	-0.420332
7.825	0.667137	6.77842	0.794542	0.759978	-0.419022
7.83	0.66362	6.78198	0.790742	0.762372	-0.417697
7.835	0.66009	6.78552	0.78693	0.764775	-0.416358
7.84	0.656546	6.78904	0.783106	0.767187	-0.415003
7.845	0.652989	6.79256	0.77927	0.769607	-0.413634
7.85	0.649419	6.79606	0.775422	0.772035	-0.41225
7.855	0.645835	6.79954	0.771562	0.774472	-0.410851
7.86	0.642237	6.80302	0.76769	0.776918	-0.409436
7.865	0.638626	6.80647	0.763805	0.779373	-0.408007
7.87	0.635001	6.80992	0.759908	0.781837	-0.406563
7.875	0.631363	6.81335	0.755999	0.78431	-0.405103
7.88	0.627712	6.81676	0.752078	0.786793	-0.403628
7.885	0.624047	6.82017	0.748144	0.789285	-0.402138
7.89	0.620369	6.82355	0.744197	0.791787	-0.400633
7.895	0.616678	6.82693	0.740238	0.794298	-0.399113
7.9	0.612973	6.83028	0.736267	0.79682	-0.397578
7.905	0.609254	6.83363	0.732283	0.799351	-0.396027
7.91	0.605523	6.83695	0.728286	0.801893	-0.394461
7.915	0.601778	6.84027	0.724276	0.804445	-0.392879
7.92	0.59802	6.84356	0.720254	0.807008	-0.391282
7.925	0.594248	6.84685	0.716219	0.809581	-0.38967
7.93	0.590464	6.85011	0.712171	0.812166	-0.388042
7.935	0.586666	6.85337	0.70811	0.814761	-0.386399
7.94	0.582854	6.8566	0.704037	0.817368	-0.384741
7.945	0.57903	6.85982	0.69995	0.819986	-0.383067
7.95	0.575193	6.86303	0.69585	0.822616	-0.381377
7.955	0.571342	6.86622	0.691737	0.825257	-0.379672
7.96	0.567478	6.86939	0.68761	0.827911	-0.377951
7.965	0.563601	6.87255	0.683471	0.830576	-0.376214
7.97	0.559711	6.87569	0.679318	0.833255	-0.374462
7.975	0.555808	6.87882	0.675152	0.835945	-0.372695
7.98	0.551892	6.88192	0.670972	0.838649	-0.370911
7.985	0.547963	6.88502	0.666779	0.841366	-0.369112
7.99	0.544021	6.88809	0.662572	0.844096	-0.367297
7.995	0.540066	6.89115	0.658351	0.84684	-0.365467
8	0.536098	6.89419	0.654117	0.849597	-0.36362
8.005	0.532117	6.89722	0.649869	0.852369	-0.361758
8.01	0.528123	6.90023	0.645607	0.855155	-0.35988
8.015	0.524117	6.90322	0.641332	0.857955	-0.357986
8.02	0.520098	6.90619	0.637042	0.860771	-0.356076
8.025	0.516066	6.90915	0.632738	0.863601	-0.35415
8.03	0.512021	6.91209	0.62842	0.866447	-0.352209
8.035	0.507963	6.91501	0.624088	0.869309	-0.350251
8.04	0.503893	6.91792	0.619741	0.872187	-0.348277
8.045	0.49981	6.9208	0.61538	0.875081	-0.346288
8.05	0.495715	6.92367	0.611005	0.877992	-0.344282
8.055	0.491607	6.92652	0.606615	0.88092	-0.34226
8.06	0.487487	6.92935	0.60221	0.883865	-0.340223
8.065	0.483354	6.93217	0.597791	0.886828	-0.338169
8.07	0.479208	6.93496	0.593357	0.88981	-0.336099
8.075	0.475051	6.93774	0.588908	0.892809	-0.334012
8.08	0.470881	6.9405	0.584444	0.895828	-0.33191
8.085	0.466698	6.94324	0.579965	0.898866	-0.329791
8.09	0.462503	6.94596	0.57547	0.901924	-0.327656
8.095	0.458297	6.94866	0.570961	0.905002	-0.325505
8.1	0.454077	6.95135	0.566436	0.9081	-0.323338
8.105	0.449846	6.95401	0.561895	0.91122	-0.321154
8.11	0.445603	6.95665	0.557339	0.914361	-0.318954
8.115	0.441348	6.95928	0.552767	0.917524	-0.316738
8.12	0.43708	6.96188	0.54818	0.92071	-0.314505
8.125	0.432801	6.96447	0.543576	0.923919	-0.312256
8.13	0.42851	6.96704	0.538957	0.927151	-0.30999
8.135	0.424207	6.96958	0.534321	0.930408	-0.307708
8.14	0.419892	6.97211	0.529669	0.93369	-0.30541
8.145	0.415565	6.97462	0.525	0.936997	-0.303095
8.15	0.411227	6.9771	0.520315	0.94033	-0.300763
8.155	0.406877	6.97957	0.515614	0.943689	-0.298415
8.16	0.402515	6.98201	0.510895	0.947076	-0.29605
8.165	0.398142	6.98444	0.50616	0.950492	-0.293669
8.17	0.393758	6.98684	0.501407	0.953936	-0.29127
8.175	0.389362	6.98922	0.496638	0.957409	-0.288856
8.18	0.384954	6.99158	0.491851	0.960913	-0.286424
8.185	0.380536	6.99392	0.487046	0.964449	-0.283976
8.19	0.376106	6.99624	0.482224	0.968016	-0.28151
8.195	0.371665	6.99854	0.477384	0.971616	-0.279029
8.2	0.367213	7.00081	0.472526	0.97525	-0.27653
8.205	0.36275	7.00307	0.467649	0.978919	-0.274014
8.21	0.358276	7.0053	0.462755	0.982624	-0.271481
8.215	0.353791	7.00751	0.457842	0.986366	-0.268931
8.22	0.349295	7.0097	0.45291	0.990146	-0.266365
8.225	0.344788	7.01186	0.447959	0.993964	-0.263781
8.23	0.340271	7.01401	0.442989	0.997824	-0.26118
8.235	0.335743	7.01613	0.438	1.00172	-0.258562
8.24	0.331204	7.01823	0.432992	1.00567	-0.255927
8.245	0.326655	7.0203	0.427963	1.00966	-0.253274
8.25	0.322095	7.02235	0.422915	1.01369	-0.250604
8.255	0.317526	7.02438	0.417847	1.01777	-0.247917
8.26	0.312946	7.02639	0.412758	1.0219	-0.245212
8.265	0.308355	7.02837	0.407648	1.02608	-0.24249
8.27	0.303755	7.03033	0.402518	1.03031	-0.239751
8.275	0.299144	7.03226	0.397366	1.0346	-0.236993
8.28	0.294524	7.03417	0.392193	1.03894	-0.234219
8.285	0.289894	7.03606	0.386998	1.04334	-0.231426
8.29	0.285254	7.03792	0.381782	1.04781	-0.228616
8.295	0.280604	7.03976	0.376543	1.05233	-0.225788
8.3	0.275945	7.04158	0.371281	1.05692	-0.222942
8.305	0.271276	7.04337	0.365996	1.06157	-0.220078
8.31	0.266598	7.04513	0.360689	1.0663	-0.217196
8.315	0.26191	7.04687	0.355357	1.0711	-0.214296
8.32	0.257213	7.04859	0.350002	1.07597	-0.211377
8.325	0.252507	7.05027	0.344622	1.08093	-0.208441
8.33	0.247792	7.05194	0.339217	1.08596	-0.205486
8.335	0.243068	7.05358	0.333787	1.09109	-0.202512
8.34	0.238335	7.05519	0.328332	1.0963	-0.199521
8.345	0.233594	7.05677	0.32285	1.1016	-0.19651
8.35	0.228843	7.05834	0.317342	1.10701	-0.193481
8.355	0.224084	7.05987	0.311807	1.11252	-0.190433
8.36	0.219317	7.06138	0.306245	1.11814	-0.187366
8.365	0.214541	7.06286	0.300654	1.12387	-0.18428
8.37	0.209757	7.06431	0.295035	1.12972	-0.181175
8.375	0.204965	7.06574	0.289386	1.1357	-0.17805
8.38	0.200165	7.06714	0.283708	1.14181	-0.174907
8.385	0.195357	7.06851	0.277999	1.14806	-0.171744
8.39	0.190541	7.06985	0.272258	1.15446	-0.168561
8.395	0.185718	7.07117	0.266486	1.16102	-0.165359
8.4	0.180887	7.07246	0.260681	1.16774	-0.162138
8.405	0.176048	7.07372	0.254842	1.17464	-0.158896
8.41	0.171202	7.07495	0.248969	1.18173	-0.155635
8.415	0.166349	7.07616	0.24306	1.18903	-0.152354
8.42	0.161489	7.07733	0.237115	1.19653	-0.149052
8.425	0.156622	7.07848	0.231133	1.20428	-0.145731
8.43	0.151748	7.07959	0.225111	1.21227	-0.14239
8.435	0.146868	7.08068	0.21905	1.22052	-0.13903
8.44	0.141981	7.08173	0.212947	1.22907	-0.135649
8.445	0.137087	7.08276	0.206802	1.23794	-0.132248
8.45	0.132187	7.08376	0.200612	1.24714	-0.128828
8.455	0.127282	7.08472	0.194376	1.25672	-0.125389
8.46	0.12237	7.08566	0.188093	1.26671	-0.121931
8.465	0.117452	7.08656	0.181759	1.27715	-0.118455
8.47	0.112529	7.08743	0.175374	1.2881	-0.114961
8.475	0.1076	7.08828	0.168933	1.2996	-0.111451
8.48	0.102666	7.08908	0.162435	1.31172	-0.107925
8.485	0.0977265	7.08986	0.155876	1.32456	-0.104385
8.49	0.0927821	7.0906	0.149254	1.33819	-0.100834
8.495	0.0878328	7.09131	0.142563	1.35274	-0.0972739
8.5	0.0828788	7.09199	0.135799	1.36836	-0.0937084
8.505	0.0779204	7.09263	0.128957	1.38523	-0.0901426
8.51	0.0729575	7.09324	0.122031	1.40358	-0.086583
8.515	0.0679906	7.09382	0.115013	1.42371	-0.0830383
8.52	0.0630197	7.09435	0.107895	1.44602	-0.0795207
8.525	0.058045	7.09486	0.100665	1.47106	-0.0760472
8.53	0.0530667	7.09532	0.0933092	1.49959	-0.0726418
8.535	0.0480851	7.09575	0.0858112	1.53271	-0.0693397
8.54	0.0431004	7.09614	0.0781477	1.57208	-0.0661938
8.545	0.0381127	7.09649	0.0702873	1.62034	-0.0632867
8.55	0.0331224	7.0968	0.0621856	1.68186	-0.0607537
8.555	0.0281296	7.09707	0.0537763	1.76459	-0.0588298
8.56	0.0231347	7.0973	0.0449533	1.88427	-0.0579603
8.565	0.0181378	7.09747	0.035532	2.07644	-0.0590937
8.57	0.0131394	7.0976	0.0251498	2.43746	-0.0646674
8.575	0.00813982	7.09767	0.0129625	3.31623	-0.0834958
8.58	0.00313986	7.09765	-0.00361866	6.88149	-0.188026
