descriptor s_test R_test Z_test
0	1.68497	9.99999e-006	0.002	-0.401986	-0.0016164
0.005	1.67997	3.00496e-005	0.00400993	-0.403975	-0.00324922
0.01	1.67497	6.01984e-005	0.00602981	-0.405967	-0.00489847
0.015	1.66997	0.000100496	0.00805964	-0.407961	-0.00656416
0.02	1.66497	0.000150993	0.0100994	-0.409959	-0.00824632
0.025	1.65997	0.000211737	0.0121492	-0.41196	-0.00994495
0.03	1.65497	0.00028278	0.014209	-0.413964	-0.0116601
0.035	1.64997	0.000364171	0.0162789	-0.415971	-0.0133917
0.04	1.64497	0.000455959	0.0183587	-0.417982	-0.0151399
0.045	1.63997	0.000558195	0.0204486	-0.419996	-0.0169045
0.05	1.63498	0.000670929	0.0225486	-0.422013	-0.0186858
0.055	1.62998	0.00079421	0.0246587	-0.424034	-0.0204836
0.06	1.62498	0.000928088	0.0267788	-0.426059	-0.0222979
0.065	1.61998	0.00107261	0.0289091	-0.428087	-0.0241289
0.07	1.61498	0.00122784	0.0310496	-0.430119	-0.0259764
0.075	1.60999	0.00139381	0.0332002	-0.432155	-0.0278406
0.08	1.60499	0.00157057	0.0353609	-0.434195	-0.0297214
0.085	1.59999	0.00175819	0.0375319	-0.436239	-0.0316188
0.09	1.595	0.0019567	0.0397131	-0.438287	-0.0335329
0.095	1.59	0.00216616	0.0419045	-0.44034	-0.0354637
0.1	1.58501	0.00238662	0.0441062	-0.442396	-0.0374111
0.105	1.58001	0.00261813	0.0463182	-0.444457	-0.0393752
0.11	1.57502	0.00286074	0.0485405	-0.446523	-0.041356
0.115	1.57002	0.0031145	0.0507731	-0.448593	-0.0433535
0.12	1.56503	0.00337945	0.0530161	-0.450668	-0.0453678
0.125	1.56004	0.00365566	0.0552694	-0.452748	-0.0473987
0.13	1.55505	0.00394317	0.0575332	-0.454832	-0.0494464
0.135	1.55006	0.00424202	0.0598073	-0.456922	-0.0515109
0.14	1.54506	0.00455229	0.0620919	-0.459016	-0.0535921
0.145	1.54008	0.004874	0.064387	-0.461116	-0.0556901
0.15	1.53509	0.00520721	0.0666926	-0.463221	-0.0578049
0.155	1.5301	0.00555198	0.0690087	-0.465331	-0.0599365
0.16	1.52511	0.00590836	0.0713354	-0.467447	-0.0620849
0.165	1.52012	0.00627639	0.0736726	-0.469568	-0.0642501
0.17	1.51514	0.00665612	0.0760204	-0.471695	-0.0664321
0.175	1.51015	0.00704762	0.0783789	-0.473828	-0.0686309
0.18	1.50517	0.00745092	0.0807481	-0.475966	-0.0708466
0.185	1.50019	0.00786608	0.0831279	-0.478111	-0.0730791
0.19	1.49521	0.00829315	0.0855184	-0.480261	-0.0753285
0.195	1.49023	0.00873218	0.0879198	-0.482418	-0.0775948
0.2	1.48525	0.00918323	0.0903318	-0.484581	-0.0798779
0.205	1.48027	0.00964634	0.0927548	-0.486751	-0.0821779
0.21	1.47529	0.0101216	0.0951885	-0.488927	-0.0844948
0.215	1.47031	0.010609	0.0976331	-0.491109	-0.0868286
0.22	1.46534	0.0111086	0.100089	-0.493298	-0.0891793
0.225	1.46037	0.0116204	0.102555	-0.495494	-0.0915469
0.23	1.45539	0.0121446	0.105033	-0.497697	-0.0939315
0.235	1.45042	0.0126812	0.107521	-0.499908	-0.0963329
0.24	1.44545	0.0132302	0.110021	-0.502125	-0.0987513
0.245	1.44048	0.0137917	0.112531	-0.50435	-0.101187
0.25	1.43552	0.0143657	0.115053	-0.506582	-0.103639
0.255	1.43055	0.0149522	0.117586	-0.508821	-0.106108
0.26	1.42559	0.0155515	0.12013	-0.511069	-0.108594
0.265	1.42062	0.0161633	0.122685	-0.513324	-0.111097
0.27	1.41566	0.016788	0.125252	-0.515587	-0.113617
0.275	1.4107	0.0174254	0.12783	-0.517858	-0.116155
0.28	1.40575	0.0180756	0.130419	-0.520137	-0.118709
0.285	1.40079	0.0187388	0.13302	-0.522425	-0.12128
0.29	1.39584	0.0194148	0.135632	-0.524721	-0.123868
0.295	1.39088	0.0201039	0.138256	-0.527025	-0.126473
0.3	1.38593	0.0208061	0.140891	-0.529339	-0.129095
0.305	1.38099	0.0215213	0.143537	-0.531661	-0.131734
0.31	1.37604	0.0222497	0.146196	-0.533992	-0.13439
0.315	1.37109	0.0229912	0.148866	-0.536332	-0.137062
0.32	1.36615	0.0237461	0.151547	-0.538682	-0.139752
0.325	1.36121	0.0245142	0.154241	-0.541041	-0.142459
0.33	1.35627	0.0252957	0.156946	-0.54341	-0.145183
0.335	1.35134	0.0260907	0.159663	-0.545788	-0.147924
0.34	1.3464	0.0268991	0.162392	-0.548176	-0.150682
0.345	1.34147	0.027721	0.165133	-0.550574	-0.153458
0.35	1.33654	0.0285565	0.167886	-0.552982	-0.15625
0.355	1.33161	0.0294056	0.170651	-0.555401	-0.159059
0.36	1.32669	0.0302684	0.173428	-0.55783	-0.161885
0.365	1.32177	0.0311449	0.176217	-0.56027	-0.164728
0.37	1.31685	0.0320352	0.179018	-0.56272	-0.167588
0.375	1.31193	0.0329394	0.181832	-0.565181	-0.170465
0.38	1.30701	0.0338574	0.184658	-0.567654	-0.173359
0.385	1.3021	0.0347894	0.187496	-0.570137	-0.17627
0.39	1.29719	0.0357354	0.190347	-0.572632	-0.179198
0.395	1.29228	0.0366955	0.19321	-0.575139	-0.182144
0.4	1.28738	0.0376696	0.196085	-0.577657	-0.185106
0.405	1.28248	0.038658	0.198974	-0.580187	-0.188085
0.41	1.27758	0.0396605	0.201875	-0.58273	-0.191081
0.415	1.27268	0.0406773	0.204788	-0.585284	-0.194094
0.42	1.26779	0.0417084	0.207715	-0.587851	-0.197124
0.425	1.2629	0.0427539	0.210654	-0.590431	-0.200171
0.43	1.25802	0.0438138	0.213606	-0.593023	-0.203235
0.435	1.25313	0.0448882	0.216571	-0.595629	-0.206317
0.44	1.24825	0.0459772	0.219549	-0.598247	-0.209415
0.445	1.24338	0.0470807	0.222541	-0.600879	-0.21253
0.45	1.2385	0.0481989	0.225545	-0.603524	-0.215661
0.455	1.23363	0.0493318	0.228563	-0.606183	-0.21881
0.46	1.22877	0.0504795	0.231594	-0.608856	-0.221976
0.465	1.2239	0.0516419	0.234638	-0.611543	-0.225159
0.47	1.21904	0.0528192	0.237696	-0.614244	-0.228359
0.475	1.21419	0.0540115	0.240767	-0.61696	-0.231575
0.48	1.20934	0.0552187	0.243852	-0.61969	-0.234809
0.485	1.20449	0.0564409	0.24695	-0.622435	-0.238059
0.49	1.19964	0.0576782	0.250062	-0.625196	-0.241326
0.495	1.1948	0.0589307	0.253188	-0.627971	-0.24461
0.5	1.18997	0.0601984	0.256328	-0.630762	-0.247911
0.505	1.18513	0.0614813	0.259482	-0.633569	-0.251229
0.51	1.1803	0.0627795	0.26265	-0.636391	-0.254563
0.515	1.17548	0.064093	0.265832	-0.63923	-0.257915
0.52	1.17066	0.065422	0.269028	-0.642085	-0.261283
0.525	1.16584	0.0667664	0.272238	-0.644956	-0.264668
0.53	1.16103	0.0681264	0.275463	-0.647844	-0.268069
0.535	1.15623	0.0695019	0.278702	-0.650749	-0.271488
0.54	1.15142	0.0708931	0.281956	-0.653672	-0.274923
0.545	1.14663	0.0723	0.285224	-0.656611	-0.278374
0.55	1.14183	0.0737226	0.288507	-0.659568	-0.281843
0.555	1.13704	0.075161	0.291805	-0.662544	-0.285328
0.56	1.13226	0.0766152	0.295118	-0.665537	-0.288829
0.565	1.12748	0.0780854	0.298446	-0.668548	-0.292348
0.57	1.12271	0.0795716	0.301788	-0.671578	-0.295882
0.575	1.11794	0.0810737	0.305146	-0.674627	-0.299434
0.58	1.11317	0.082592	0.308519	-0.677695	-0.303001
0.585	1.10841	0.0841263	0.311908	-0.680782	-0.306586
0.59	1.10366	0.0856769	0.315312	-0.683888	-0.310186
0.595	1.09891	0.0872437	0.318731	-0.687015	-0.313803
0.6	1.09417	0.0888268	0.322166	-0.690161	-0.317437
0.605	1.08943	0.0904263	0.325617	-0.693327	-0.321087
0.61	1.0847	0.0920422	0.329084	-0.696514	-0.324753
0.615	1.07998	0.0936745	0.332566	-0.699722	-0.328435
0.62	1.07525	0.0953234	0.336065	-0.70295	-0.332134
0.625	1.07054	0.0969889	0.33958	-0.7062	-0.335848
0.63	1.06583	0.0986709	0.343111	-0.709471	-0.339579
0.635	1.06113	0.10037	0.346658	-0.712764	-0.343326
0.64	1.05643	0.102085	0.350222	-0.716079	-0.347089
0.645	1.05174	0.103818	0.353802	-0.719416	-0.350868
0.65	1.04706	0.105567	0.357399	-0.722775	-0.354663
0.655	1.04238	0.107333	0.361013	-0.726158	-0.358473
0.66	1.03771	0.109116	0.364644	-0.729563	-0.3623
0.665	1.03304	0.110916	0.368292	-0.732992	-0.366142
0.67	1.02839	0.112733	0.371957	-0.736444	-0.37
0.675	1.02374	0.114568	0.375639	-0.73992	-0.373874
0.68	1.01909	0.116419	0.379339	-0.74342	-0.377763
0.685	1.01445	0.118288	0.383056	-0.746944	-0.381667
0.69	1.00982	0.120174	0.38679	-0.750493	-0.385587
0.695	1.0052	0.122077	0.390543	-0.754067	-0.389523
0.7	1.00058	0.123998	0.394313	-0.757666	-0.393474
0.705	0.995974	0.125937	0.398102	-0.761291	-0.39744
0.71	0.991372	0.127893	0.401908	-0.764941	-0.401421
0.715	0.986778	0.129866	0.405733	-0.768617	-0.405417
0.72	0.982192	0.131857	0.409576	-0.77232	-0.409428
0.725	0.977613	0.133866	0.413437	-0.776049	-0.413454
0.73	0.973042	0.135892	0.417318	-0.779804	-0.417495
0.735	0.968479	0.137937	0.421217	-0.783587	-0.42155
0.74	0.963924	0.139999	0.425135	-0.787397	-0.42562
0.745	0.959377	0.142079	0.429072	-0.791235	-0.429704
0.75	0.954839	0.144177	0.433028	-0.7951	-0.433803
0.755	0.950309	0.146293	0.437003	-0.798994	-0.437916
0.76	0.945787	0.148428	0.440998	-0.802916	-0.442043
0.765	0.941274	0.15058	0.445013	-0.806867	-0.446185
0.77	0.93677	0.152751	0.449047	-0.810847	-0.45034
0.775	0.932274	0.154939	0.453101	-0.814856	-0.454509
0.78	0.927788	0.157146	0.457176	-0.818894	-0.458691
0.785	0.92331	0.159372	0.46127	-0.822962	-0.462888
0.79	0.918842	0.161616	0.465385	-0.82706	-0.467097
0.795	0.914383	0.163878	0.46952	-0.831189	-0.47132
0.8	0.909934	0.166159	0.473676	-0.835348	-0.475556
0.805	0.905494	0.168458	0.477853	-0.839538	-0.479804
0.81	0.901063	0.170776	0.482051	-0.843758	-0.484066
0.815	0.896643	0.173113	0.486269	-0.84801	-0.48834
0.82	0.892233	0.175468	0.490509	-0.852294	-0.492626
0.825	0.887832	0.177842	0.494771	-0.856609	-0.496925
0.83	0.883442	0.180235	0.499054	-0.860956	-0.501236
0.835	0.879062	0.182647	0.503359	-0.865336	-0.505559
0.84	0.874693	0.185078	0.507685	-0.869748	-0.509893
0.845	0.870334	0.187528	0.512034	-0.874193	-0.514239
0.85	0.865986	0.189996	0.516405	-0.87867	-0.518596
0.855	0.861649	0.192484	0.520799	-0.883181	-0.522964
0.86	0.857323	0.194991	0.525214	-0.887724	-0.527344
0.865	0.853008	0.197517	0.529653	-0.892302	-0.531733
0.87	0.848704	0.200063	0.534115	-0.896913	-0.536133
0.875	0.844412	0.202628	0.538599	-0.901558	-0.540544
0.88	0.840132	0.205212	0.543107	-0.906236	-0.544964
0.885	0.835863	0.207815	0.547638	-0.910949	-0.549394
0.89	0.831606	0.210438	0.552193	-0.915697	-0.553833
0.895	0.827361	0.21308	0.556771	-0.920479	-0.558281
0.9	0.823129	0.215742	0.561374	-0.925295	-0.562738
0.905	0.818908	0.218423	0.566	-0.930146	-0.567204
0.91	0.814701	0.221124	0.570651	-0.935032	-0.571678
0.915	0.810505	0.223844	0.575326	-0.939953	-0.57616
0.92	0.806323	0.226585	0.580026	-0.944909	-0.580649
0.925	0.802154	0.229345	0.58475	-0.9499	-0.585146
0.93	0.797998	0.232124	0.5895	-0.954926	-0.589649
0.935	0.793855	0.234924	0.594275	-0.959988	-0.59416
0.94	0.789726	0.237743	0.599074	-0.965084	-0.598676
0.945	0.78561	0.240583	0.6039	-0.970216	-0.603198
0.95	0.781508	0.243442	0.608751	-0.975383	-0.607726
0.955	0.777421	0.246321	0.613628	-0.980586	-0.612259
0.96	0.773347	0.24922	0.618531	-0.985823	-0.616796
0.965	0.769288	0.252139	0.62346	-0.991096	-0.621338
0.97	0.765243	0.255079	0.628415	-0.996403	-0.625884
0.975	0.761213	0.258038	0.633397	-1.00175	-0.630433
0.98	0.757197	0.261018	0.638406	-1.00712	-0.634984
0.985	0.753197	0.264017	0.643442	-1.01254	-0.639539
0.99	0.749212	0.267037	0.648504	-1.01798	-0.644095
0.995	0.745243	0.270078	0.653594	-1.02346	-0.648653
1	0.741289	0.273138	0.658712	-1.02898	-0.653212
1.005	0.737351	0.276219	0.663857	-1.03453	-0.657771
1.01	0.733429	0.27932	0.669029	-1.04011	-0.66233
1.015	0.729523	0.282442	0.67423	-1.04572	-0.666889
1.02	0.725633	0.285583	0.679458	-1.05137	-0.671446
1.025	0.72176	0.288746	0.684715	-1.05705	-0.676002
1.03	0.717904	0.291928	0.69	-1.06276	-0.680555
1.035	0.714065	0.295131	0.695314	-1.06851	-0.685106
1.04	0.710243	0.298355	0.700657	-1.07428	-0.689652
1.045	0.706438	0.301599	0.706028	-1.08009	-0.694195
1.05	0.702651	0.304864	0.711429	-1.08593	-0.698732
1.055	0.698881	0.308149	0.716858	-1.09179	-0.703264
1.06	0.69513	0.311454	0.722317	-1.09769	-0.70779
1.065	0.691397	0.314781	0.727806	-1.10361	-0.712309
1.07	0.687682	0.318127	0.733324	-1.10956	-0.716819
1.075	0.683986	0.321495	0.738872	-1.11554	-0.721322
1.08	0.680309	0.324882	0.744449	-1.12154	-0.725815
1.085	0.67665	0.328291	0.750057	-1.12757	-0.730298
1.09	0.673011	0.33172	0.755695	-1.13363	-0.73477
1.095	0.669392	0.335169	0.761363	-1.1397	-0.73923
1.1	0.665792	0.338639	0.767062	-1.1458	-0.743678
1.105	0.662212	0.34213	0.772791	-1.15192	-0.748112
1.11	0.658653	0.345641	0.77855	-1.15806	-0.752533
1.115	0.655113	0.349173	0.78434	-1.16422	-0.756937
1.12	0.651595	0.352726	0.790162	-1.1704	-0.761326
1.125	0.648097	0.356298	0.796014	-1.17659	-0.765698
1.13	0.64462	0.359892	0.801897	-1.1828	-0.770051
1.135	0.641165	0.363506	0.807811	-1.18902	-0.774385
1.14	0.637731	0.36714	0.813756	-1.19526	-0.778699
1.145	0.634319	0.370795	0.819732	-1.2015	-0.782992
1.15	0.630929	0.37447	0.825739	-1.20776	-0.787263
1.155	0.627561	0.378166	0.831778	-1.21402	-0.791511
1.16	0.624216	0.381882	0.837848	-1.22029	-0.795734
1.165	0.620893	0.385618	0.84395	-1.22656	-0.799931
1.17	0.617593	0.389375	0.850082	-1.23283	-0.804102
1.175	0.614317	0.393152	0.856247	-1.2391	-0.808245
1.18	0.611064	0.396949	0.862442	-1.24538	-0.812359
1.185	0.607835	0.400766	0.868669	-1.25164	-0.816442
1.19	0.60463	0.404604	0.874927	-1.25791	-0.820494
1.195	0.601449	0.408461	0.881217	-1.26416	-0.824514
1.2	0.598292	0.412339	0.887538	-1.2704	-0.828499
1.205	0.59516	0.416236	0.89389	-1.27663	-0.832449
1.21	0.592053	0.420154	0.900273	-1.28284	-0.836362
1.215	0.588971	0.424091	0.906687	-1.28904	-0.840237
1.22	0.585915	0.428048	0.913132	-1.29521	-0.844072
1.225	0.582884	0.432025	0.919608	-1.30136	-0.847867
1.23	0.57988	0.436022	0.926115	-1.30749	-0.85162
1.235	0.576901	0.440038	0.932653	-1.31358	-0.855329
1.24	0.573949	0.444073	0.93922	-1.31965	-0.858993
1.245	0.571024	0.448128	0.945819	-1.32567	-0.86261
1.25	0.568125	0.452202	0.952447	-1.33166	-0.866179
1.255	0.565254	0.456296	0.959105	-1.33761	-0.869699
1.26	0.56241	0.460408	0.965793	-1.34351	-0.873167
1.265	0.559594	0.46454	0.972511	-1.34936	-0.876583
1.27	0.556806	0.46869	0.979258	-1.35516	-0.879945
1.275	0.554046	0.472859	0.986034	-1.36091	-0.883251
1.28	0.551314	0.477047	0.992838	-1.36659	-0.8865
1.285	0.548611	0.481254	0.999671	-1.37222	-0.88969
1.29	0.545937	0.485479	1.00653	-1.37777	-0.892819
1.295	0.543292	0.489722	1.01342	-1.38326	-0.895887
1.3	0.540677	0.493983	1.02034	-1.38867	-0.89889
1.305	0.538091	0.498263	1.02728	-1.394	-0.901828
1.31	0.535535	0.50256	1.03425	-1.39925	-0.904699
1.315	0.53301	0.506875	1.04125	-1.40441	-0.907502
1.32	0.530514	0.511208	1.04827	-1.40948	-0.910234
1.325	0.52805	0.515558	1.05532	-1.41446	-0.912895
1.33	0.525616	0.519926	1.06239	-1.41933	-0.915482
1.335	0.523213	0.524311	1.06949	-1.4241	-0.917993
1.34	0.520841	0.528712	1.07661	-1.42877	-0.920428
1.345	0.518501	0.533131	1.08375	-1.43332	-0.922784
1.35	0.516193	0.537566	1.09092	-1.43775	-0.92506
1.355	0.513916	0.542018	1.0981	-1.44206	-0.927254
1.36	0.511672	0.546486	1.10532	-1.44624	-0.929365
1.365	0.50946	0.55097	1.11255	-1.4503	-0.931391
1.37	0.507281	0.55547	1.1198	-1.45421	-0.933331
1.375	0.505134	0.559986	1.12707	-1.45799	-0.935182
1.38	0.503021	0.564517	1.13436	-1.46162	-0.936943
1.385	0.50094	0.569064	1.14167	-1.4651	-0.938614
1.39	0.498893	0.573626	1.14899	-1.46843	-0.940191
1.395	0.49688	0.578202	1.15633	-1.4716	-0.941674
1.4	0.4949	0.582794	1.16369	-1.4746	-0.943062
1.405	0.492954	0.5874	1.17107	-1.47744	-0.944352
1.41	0.491042	0.59202	1.17845	-1.4801	-0.945544
1.415	0.489165	0.596654	1.18585	-1.48259	-0.946636
1.42	0.487322	0.601302	1.19327	-1.48489	-0.947627
1.425	0.485513	0.605963	1.20069	-1.48701	-0.948515
1.43	0.483739	0.610638	1.20813	-1.48894	-0.949299
1.435	0.482	0.615326	1.21557	-1.49068	-0.949978
1.44	0.480296	0.620026	1.22302	-1.49221	-0.950552
1.445	0.478627	0.62474	1.23048	-1.49355	-0.951017
1.45	0.476994	0.629465	1.23795	-1.49468	-0.951375
1.455	0.475395	0.634203	1.24543	-1.49559	-0.951623
1.46	0.473833	0.638952	1.2529	-1.49629	-0.95176
1.465	0.472305	0.643713	1.26039	-1.49678	-0.951786
1.47	0.470814	0.648486	1.26787	-1.49704	-0.951701
1.475	0.469358	0.653269	1.27535	-1.49708	-0.951502
1.48	0.467938	0.658063	1.28284	-1.49689	-0.951189
1.485	0.466554	0.662868	1.29032	-1.49647	-0.950762
1.49	0.465206	0.667683	1.29781	-1.49582	-0.950221
1.495	0.463894	0.672508	1.30529	-1.49493	-0.949563
1.5	0.462618	0.677342	1.31276	-1.4938	-0.94879
1.505	0.461378	0.682186	1.32023	-1.49243	-0.947901
1.51	0.460175	0.687039	1.32769	-1.49082	-0.946894
1.515	0.459007	0.691901	1.33515	-1.48896	-0.945771
1.52	0.457876	0.696771	1.34259	-1.48685	-0.944531
1.525	0.456781	0.70165	1.35002	-1.4845	-0.943173
1.53	0.455722	0.706536	1.35745	-1.4819	-0.941699
1.535	0.4547	0.711431	1.36486	-1.47904	-0.940107
1.54	0.453714	0.716332	1.37225	-1.47593	-0.938398
1.545	0.452764	0.721241	1.37963	-1.47258	-0.936572
1.55	0.45185	0.726157	1.38699	-1.46896	-0.934629
1.555	0.450972	0.731079	1.39434	-1.4651	-0.93257
1.56	0.450131	0.736008	1.40166	-1.46098	-0.930395
1.565	0.449325	0.740943	1.40897	-1.45661	-0.928105
1.57	0.448555	0.745883	1.41625	-1.45199	-0.9257
1.575	0.447822	0.750829	1.42351	-1.44711	-0.923181
1.58	0.447124	0.75578	1.43075	-1.44199	-0.920549
1.585	0.446461	0.760736	1.43796	-1.43662	-0.917804
1.59	0.445835	0.765697	1.44514	-1.431	-0.914948
1.595	0.445244	0.770662	1.4523	-1.42513	-0.911981
1.6	0.444688	0.775631	1.45942	-1.41902	-0.908904
1.605	0.444168	0.780603	1.46652	-1.41267	-0.905719
1.61	0.443682	0.78558	1.47358	-1.40608	-0.902426
1.615	0.443232	0.79056	1.48061	-1.39925	-0.899027
1.62	0.442816	0.795542	1.48761	-1.39219	-0.895524
1.625	0.442436	0.800528	1.49457	-1.38489	-0.891916
1.63	0.442089	0.805516	1.50149	-1.37737	-0.888207
1.635	0.441778	0.810506	1.50838	-1.36963	-0.884398
1.64	0.4415	0.815498	1.51523	-1.36167	-0.880489
1.645	0.441256	0.820492	1.52204	-1.35349	-0.876483
1.65	0.441046	0.825488	1.5288	-1.34509	-0.872382
1.655	0.44087	0.830485	1.53553	-1.33649	-0.868186
1.66	0.440727	0.835483	1.54221	-1.32769	-0.863898
1.665	0.440617	0.840482	1.54885	-1.31869	-0.85952
1.67	0.440541	0.845481	1.55544	-1.30949	-0.855053
1.675	0.440497	0.850481	1.56199	-1.3001	-0.8505
1.68	0.440485	0.855481	1.56849	-1.29053	-0.845862
1.685	0.440506	0.860481	1.57494	-1.28078	-0.841141
1.69	0.440558	0.86548	1.58135	-1.27086	-0.836339
1.695	0.440643	0.87048	1.5877	-1.26076	-0.831459
1.7	0.440759	0.875478	1.59401	-1.25051	-0.826502
1.705	0.440906	0.880476	1.60026	-1.24009	-0.821471
1.71	0.441085	0.885473	1.60646	-1.22953	-0.816367
1.715	0.441294	0.890469	1.61261	-1.21882	-0.811193
1.72	0.441533	0.895463	1.6187	-1.20797	-0.80595
1.725	0.441803	0.900456	1.62474	-1.19698	-0.800642
1.73	0.442102	0.905447	1.63073	-1.18586	-0.79527
1.735	0.442431	0.910436	1.63665	-1.17463	-0.789836
1.74	0.442789	0.915423	1.64253	-1.16327	-0.784343
1.745	0.443177	0.920408	1.64834	-1.1518	-0.778792
1.75	0.443593	0.925391	1.6541	-1.14023	-0.773186
1.755	0.444037	0.930371	1.6598	-1.12856	-0.767528
1.76	0.44451	0.935348	1.66545	-1.1168	-0.761818
1.765	0.44501	0.940323	1.67103	-1.10495	-0.75606
1.77	0.445538	0.945295	1.67656	-1.09302	-0.750256
1.775	0.446093	0.950265	1.68202	-1.08101	-0.744407
1.78	0.446675	0.955231	1.68743	-1.06893	-0.738517
1.785	0.447283	0.960193	1.69277	-1.05679	-0.732586
1.79	0.447918	0.965153	1.69805	-1.04459	-0.726617
1.795	0.448578	0.970109	1.70328	-1.03234	-0.720613
1.8	0.449264	0.975062	1.70844	-1.02004	-0.714575
1.805	0.449976	0.980011	1.71354	-1.0077	-0.708505
1.81	0.450712	0.984957	1.71858	-0.99532	-0.702406
1.815	0.451473	0.989898	1.72355	-0.982912	-0.696279
1.82	0.452258	0.994836	1.72847	-0.970479	-0.690126
1.825	0.453067	0.99977	1.73332	-0.958026	-0.68395
1.83	0.453899	1.0047	1.73811	-0.945558	-0.677752
1.835	0.454755	1.00963	1.74284	-0.933079	-0.671534
1.84	0.455634	1.01455	1.7475	-0.920595	-0.665297
1.845	0.456536	1.01947	1.75211	-0.908111	-0.659045
1.85	0.45746	1.02438	1.75665	-0.89563	-0.652778
1.855	0.458406	1.02929	1.76113	-0.883159	-0.646499
1.86	0.459373	1.0342	1.76554	-0.8707	-0.640208
1.865	0.460362	1.0391	1.7699	-0.858259	-0.633908
1.87	0.461372	1.04399	1.77419	-0.845839	-0.627601
1.875	0.462403	1.04889	1.77842	-0.833445	-0.621288
1.88	0.463454	1.05378	1.78258	-0.821081	-0.61497
1.885	0.464525	1.05866	1.78669	-0.80875	-0.608649
1.89	0.465616	1.06354	1.79073	-0.796456	-0.602327
1.895	0.466726	1.06841	1.79471	-0.784203	-0.596005
1.9	0.467856	1.07328	1.79864	-0.771995	-0.589684
1.905	0.469004	1.07815	1.8025	-0.759834	-0.583367
1.91	0.47017	1.08301	1.80629	-0.747724	-0.577053
1.915	0.471355	1.08787	1.81003	-0.735668	-0.570745
1.92	0.472558	1.09272	1.81371	-0.723668	-0.564444
1.925	0.473778	1.09757	1.81733	-0.711729	-0.558152
1.93	0.475015	1.10242	1.82089	-0.699853	-0.551868
1.935	0.47627	1.10726	1.82439	-0.688041	-0.545595
1.94	0.477541	1.11209	1.82783	-0.676297	-0.539333
1.945	0.478828	1.11692	1.83121	-0.664624	-0.533085
1.95	0.480132	1.12175	1.83453	-0.653023	-0.52685
1.955	0.481451	1.12657	1.8378	-0.641497	-0.520629
1.96	0.482786	1.13139	1.84101	-0.630047	-0.514425
1.965	0.484135	1.13621	1.84416	-0.618676	-0.508237
1.97	0.4855	1.14102	1.84725	-0.607386	-0.502067
1.975	0.48688	1.14582	1.85029	-0.596178	-0.495916
1.98	0.488273	1.15063	1.85327	-0.585055	-0.489784
1.985	0.489681	1.15542	1.85619	-0.574016	-0.483672
1.99	0.491102	1.16022	1.85906	-0.563065	-0.477581
1.995	0.492537	1.16501	1.86188	-0.552202	-0.471512
2	0.493985	1.16979	1.86464	-0.541429	-0.465465
2.005	0.495447	1.17457	1.86735	-0.530747	-0.459442
2.01	0.49692	1.17935	1.87	-0.520157	-0.453442
2.015	0.498407	1.18413	1.8726	-0.50966	-0.447467
2.02	0.499905	1.1889	1.87515	-0.499257	-0.441518
2.025	0.501415	1.19366	1.87764	-0.488948	-0.435594
2.03	0.502937	1.19842	1.88009	-0.478736	-0.429696
2.035	0.50447	1.20318	1.88248	-0.468619	-0.423825
2.04	0.506015	1.20794	1.88483	-0.4586	-0.417981
2.045	0.50757	1.21269	1.88712	-0.448678	-0.412165
2.05	0.509136	1.21744	1.88936	-0.438854	-0.406377
2.055	0.510713	1.22218	1.89156	-0.429128	-0.400618
2.06	0.512299	1.22693	1.8937	-0.419502	-0.394888
2.065	0.513896	1.23166	1.8958	-0.409974	-0.389188
2.07	0.515502	1.2364	1.89785	-0.400546	-0.383517
2.075	0.517118	1.24113	1.89985	-0.391217	-0.377876
2.08	0.518743	1.24586	1.90181	-0.381988	-0.372266
2.085	0.520377	1.25059	1.90372	-0.372858	-0.366687
2.09	0.52202	1.25531	1.90558	-0.363829	-0.361139
2.095	0.523671	1.26003	1.9074	-0.354899	-0.355622
2.1	0.525331	1.26474	1.90918	-0.346068	-0.350137
2.105	0.526999	1.26946	1.91091	-0.337337	-0.344683
2.11	0.528675	1.27417	1.91259	-0.328706	-0.339262
2.115	0.530359	1.27888	1.91424	-0.320174	-0.333872
2.12	0.53205	1.28358	1.91584	-0.31174	-0.328515
2.125	0.533748	1.28828	1.9174	-0.303406	-0.323191
2.13	0.535454	1.29298	1.91891	-0.29517	-0.317899
2.135	0.537167	1.29768	1.92039	-0.287031	-0.31264
2.14	0.538886	1.30238	1.92182	-0.278991	-0.307414
2.145	0.540612	1.30707	1.92322	-0.271048	-0.302221
2.15	0.542344	1.31176	1.92458	-0.263201	-0.297061
2.155	0.544082	1.31645	1.92589	-0.255451	-0.291935
2.16	0.545827	1.32113	1.92717	-0.247796	-0.286841
2.165	0.547577	1.32582	1.92841	-0.240237	-0.281781
2.17	0.549333	1.3305	1.92961	-0.232773	-0.276754
2.175	0.551094	1.33518	1.93077	-0.225403	-0.271761
2.18	0.55286	1.33986	1.9319	-0.218127	-0.266801
2.185	0.554632	1.34453	1.93299	-0.210944	-0.261874
2.19	0.556409	1.34921	1.93404	-0.203853	-0.256981
2.195	0.55819	1.35388	1.93506	-0.196854	-0.252121
2.2	0.559976	1.35855	1.93605	-0.189946	-0.247294
2.205	0.561766	1.36322	1.937	-0.183129	-0.242501
2.21	0.563561	1.36788	1.93791	-0.176401	-0.237741
2.215	0.56536	1.37255	1.9388	-0.169763	-0.233015
2.22	0.567162	1.37721	1.93964	-0.163213	-0.228321
2.225	0.568969	1.38187	1.94046	-0.156751	-0.223661
2.23	0.570779	1.38653	1.94124	-0.150376	-0.219034
2.235	0.572593	1.39119	1.942	-0.144087	-0.21444
2.24	0.57441	1.39585	1.94272	-0.137884	-0.209878
2.245	0.57623	1.40051	1.94341	-0.131765	-0.20535
2.25	0.578053	1.40516	1.94406	-0.125731	-0.200854
2.255	0.57988	1.40982	1.94469	-0.119779	-0.196391
2.26	0.581709	1.41447	1.94529	-0.11391	-0.191961
2.265	0.58354	1.41913	1.94586	-0.108123	-0.187563
2.27	0.585374	1.42378	1.9464	-0.102417	-0.183198
2.275	0.587211	1.42843	1.94691	-0.0967913	-0.178864
2.28	0.58905	1.43308	1.9474	-0.0912448	-0.174563
2.285	0.590891	1.43773	1.94785	-0.085777	-0.170294
2.29	0.592734	1.44237	1.94828	-0.0803869	-0.166057
2.295	0.594578	1.44702	1.94869	-0.075074	-0.161851
2.3	0.596425	1.45167	1.94906	-0.0698373	-0.157677
2.305	0.598273	1.45631	1.94941	-0.0646761	-0.153535
2.31	0.600123	1.46096	1.94973	-0.0595896	-0.149423
2.315	0.601974	1.4656	1.95003	-0.054577	-0.145344
2.32	0.603826	1.47025	1.9503	-0.0496376	-0.141295
2.325	0.60568	1.47489	1.95055	-0.0447705	-0.137277
2.33	0.607534	1.47953	1.95078	-0.0399751	-0.13329
2.335	0.60939	1.48418	1.95098	-0.0352504	-0.129333
2.34	0.611246	1.48882	1.95115	-0.0305958	-0.125407
2.345	0.613103	1.49346	1.95131	-0.0260105	-0.121511
2.35	0.61496	1.4981	1.95144	-0.0214936	-0.117646
2.355	0.616818	1.50275	1.95154	-0.0170445	-0.11381
2.36	0.618677	1.50739	1.95163	-0.0126624	-0.110004
2.365	0.620536	1.51203	1.95169	-0.00834649	-0.106228
2.37	0.622395	1.51667	1.95173	-0.00409606	-0.102481
2.375	0.624254	1.52131	1.95175	8.96528e-005	-0.0987641
2.38	0.626113	1.52595	1.95175	0.00421138	-0.095076
2.385	0.627972	1.5306	1.95173	0.00826988	-0.091417
2.39	0.62983	1.53524	1.95169	0.0122659	-0.0877868
2.395	0.631689	1.53988	1.95163	0.0162001	-0.0841853
2.4	0.633547	1.54452	1.95155	0.0200732	-0.0806123
2.405	0.635405	1.54916	1.95145	0.023886	-0.0770677
2.41	0.637262	1.55381	1.95133	0.0276392	-0.0735513
2.415	0.639118	1.55845	1.95119	0.0313335	-0.0700629
2.42	0.640974	1.56309	1.95103	0.0349695	-0.0666024
2.425	0.642829	1.56773	1.95086	0.038548	-0.0631696
2.43	0.644683	1.57238	1.95067	0.0420697	-0.0597643
2.435	0.646536	1.57702	1.95046	0.0455353	-0.0563863
2.44	0.648388	1.58167	1.95023	0.0489453	-0.0530355
2.445	0.650239	1.58631	1.94998	0.0523006	-0.0497118
2.45	0.652088	1.59096	1.94972	0.0556017	-0.0464149
2.455	0.653936	1.5956	1.94944	0.0588493	-0.0431447
2.46	0.655783	1.60025	1.94915	0.0620442	-0.039901
2.465	0.657629	1.6049	1.94884	0.0651868	-0.0366837
2.47	0.659473	1.60954	1.94851	0.0682779	-0.0334926
2.475	0.661315	1.61419	1.94817	0.0713181	-0.0303274
2.48	0.663156	1.61884	1.94782	0.074308	-0.0271882
2.485	0.664995	1.62349	1.94744	0.0772482	-0.0240746
2.49	0.666832	1.62814	1.94706	0.0801394	-0.0209865
2.495	0.668668	1.63279	1.94666	0.0829822	-0.0179238
2.5	0.670501	1.63744	1.94624	0.0857771	-0.0148863
2.505	0.672333	1.6421	1.94581	0.0885248	-0.0118739
2.51	0.674162	1.64675	1.94537	0.0912259	-0.00888628
2.515	0.675989	1.6514	1.94491	0.0938808	-0.0059234
2.52	0.677814	1.65606	1.94445	0.0964903	-0.00298507
2.525	0.679637	1.66071	1.94396	0.0990549	-7.11227e-005
2.53	0.681458	1.66537	1.94347	0.101575	0.00281859
2.535	0.683276	1.67003	1.94296	0.104051	0.00568423
2.54	0.685092	1.67469	1.94244	0.106485	0.00852596
2.545	0.686905	1.67935	1.94191	0.108875	0.0113439
2.55	0.688716	1.68401	1.94136	0.111223	0.0141383
2.555	0.690524	1.68867	1.94081	0.11353	0.0169092
2.56	0.692329	1.69333	1.94024	0.115795	0.0196569
2.565	0.694132	1.698	1.93966	0.11802	0.0223814
2.57	0.695932	1.70266	1.93907	0.120205	0.0250829
2.575	0.697729	1.70733	1.93847	0.12235	0.0277615
2.58	0.699524	1.71199	1.93786	0.124456	0.0304175
2.585	0.701315	1.71666	1.93723	0.126524	0.033051
2.59	0.703104	1.72133	1.9366	0.128553	0.0356621
2.595	0.704889	1.726	1.93596	0.130545	0.0382509
2.6	0.706671	1.73067	1.93531	0.1325	0.0408176
2.605	0.708451	1.73534	1.93464	0.134418	0.0433624
2.61	0.710227	1.74002	1.93397	0.1363	0.0458854
2.615	0.712	1.74469	1.93329	0.138146	0.0483868
2.62	0.71377	1.74937	1.9326	0.139957	0.0508666
2.625	0.715536	1.75405	1.9319	0.141733	0.053325
2.63	0.7173	1.75873	1.93119	0.143475	0.0557623
2.635	0.71906	1.76341	1.93047	0.145182	0.0581784
2.64	0.720816	1.76809	1.92975	0.146857	0.0605736
2.645	0.722569	1.77277	1.92901	0.148498	0.062948
2.65	0.724319	1.77745	1.92827	0.150106	0.0653016
2.655	0.726065	1.78214	1.92752	0.151682	0.0676348
2.66	0.727807	1.78683	1.92676	0.153226	0.0699475
2.665	0.729546	1.79151	1.926	0.154739	0.07224
2.67	0.731281	1.7962	1.92522	0.156221	0.0745123
2.675	0.733013	1.80089	1.92444	0.157672	0.0767647
2.68	0.734741	1.80559	1.92365	0.159093	0.0789971
2.685	0.736465	1.81028	1.92286	0.160484	0.0812098
2.69	0.738185	1.81497	1.92206	0.161846	0.0834029
2.695	0.739902	1.81967	1.92125	0.163178	0.0855764
2.7	0.741615	1.82437	1.92043	0.164482	0.0877307
2.705	0.743324	1.82907	1.91961	0.165758	0.0898656
2.71	0.745029	1.83377	1.91878	0.167005	0.0919815
2.715	0.74673	1.83847	1.91794	0.168225	0.0940784
2.72	0.748427	1.84317	1.9171	0.169417	0.0961564
2.725	0.75012	1.84788	1.91626	0.170583	0.0982156
2.73	0.751809	1.85258	1.9154	0.171721	0.100256
2.735	0.753494	1.85729	1.91454	0.172834	0.102278
2.74	0.755175	1.862	1.91368	0.173921	0.104282
2.745	0.756852	1.86671	1.91281	0.174982	0.106268
2.75	0.758525	1.87142	1.91194	0.176017	0.108235
2.755	0.760194	1.87613	1.91106	0.177028	0.110184
2.76	0.761858	1.88085	1.91017	0.178014	0.112116
2.765	0.763518	1.88557	1.90928	0.178976	0.114029
2.77	0.765174	1.89028	1.90839	0.179914	0.115925
2.775	0.766826	1.895	1.90749	0.180828	0.117803
2.78	0.768474	1.89972	1.90658	0.181719	0.119664
2.785	0.770117	1.90445	1.90567	0.182586	0.121507
2.79	0.771756	1.90917	1.90476	0.183431	0.123334
2.795	0.773391	1.91389	1.90384	0.184253	0.125143
2.8	0.775021	1.91862	1.90292	0.185053	0.126935
2.805	0.776647	1.92335	1.902	0.185831	0.12871
2.81	0.778268	1.92808	1.90107	0.186588	0.130468
2.815	0.779885	1.93281	1.90013	0.187322	0.13221
2.82	0.781498	1.93754	1.8992	0.188036	0.133934
2.825	0.783106	1.94228	1.89826	0.188729	0.135643
2.83	0.78471	1.94701	1.89731	0.189402	0.137335
2.835	0.786309	1.95175	1.89637	0.190054	0.139011
2.84	0.787904	1.95649	1.89542	0.190686	0.14067
2.845	0.789494	1.96123	1.89446	0.191298	0.142313
2.85	0.79108	1.96597	1.89351	0.19189	0.143941
2.855	0.792661	1.97071	1.89255	0.192463	0.145552
2.86	0.794238	1.97546	1.89158	0.193018	0.147148
2.865	0.79581	1.98021	1.89062	0.193553	0.148728
2.87	0.797377	1.98495	1.88965	0.19407	0.150292
2.875	0.79894	1.9897	1.88868	0.194568	0.151841
2.88	0.800498	1.99445	1.88771	0.195048	0.153374
2.885	0.802051	1.99921	1.88673	0.195511	0.154892
2.89	0.8036	2.00396	1.88576	0.195955	0.156395
2.895	0.805145	2.00872	1.88478	0.196382	0.157883
2.9	0.806684	2.01347	1.88379	0.196792	0.159355
2.905	0.808219	2.01823	1.88281	0.197185	0.160813
2.91	0.809749	2.02299	1.88182	0.197562	0.162256
2.915	0.811275	2.02775	1.88084	0.197921	0.163684
2.92	0.812795	2.03252	1.87985	0.198265	0.165097
2.925	0.814312	2.03728	1.87886	0.198592	0.166495
2.93	0.815823	2.04205	1.87786	0.198903	0.167879
2.935	0.817329	2.04682	1.87687	0.199198	0.169249
2.94	0.818831	2.05158	1.87587	0.199478	0.170604
2.945	0.820328	2.05636	1.87487	0.199743	0.171945
2.95	0.821821	2.06113	1.87388	0.199992	0.173272
2.955	0.823308	2.0659	1.87288	0.200227	0.174585
2.96	0.824791	2.07068	1.87188	0.200446	0.175883
2.965	0.826269	2.07545	1.87087	0.200651	0.177168
2.97	0.827742	2.08023	1.86987	0.200842	0.178439
2.975	0.82921	2.08501	1.86887	0.201019	0.179696
2.98	0.830674	2.08979	1.86786	0.201181	0.180939
2.985	0.832133	2.09457	1.86685	0.20133	0.182169
2.99	0.833587	2.09936	1.86585	0.201465	0.183385
2.995	0.835036	2.10414	1.86484	0.201586	0.184587
3	0.83648	2.10893	1.86383	0.201694	0.185777
3.005	0.83792	2.11372	1.86282	0.201789	0.186953
3.01	0.839354	2.11851	1.86182	0.201871	0.188115
3.015	0.840784	2.1233	1.86081	0.201941	0.189265
3.02	0.842209	2.12809	1.8598	0.201997	0.190401
3.025	0.843629	2.13289	1.85879	0.202041	0.191525
3.03	0.845044	2.13768	1.85778	0.202073	0.192635
3.035	0.846455	2.14248	1.85677	0.202092	0.193733
3.04	0.84786	2.14728	1.85575	0.2021	0.194818
3.045	0.849261	2.15208	1.85474	0.202096	0.19589
3.05	0.850657	2.15688	1.85373	0.20208	0.196949
3.055	0.852048	2.16168	1.85272	0.202052	0.197996
3.06	0.853434	2.16648	1.85171	0.202013	0.19903
3.065	0.854816	2.17129	1.8507	0.201963	0.200052
3.07	0.856192	2.1761	1.84969	0.201901	0.201061
3.075	0.857564	2.1809	1.84868	0.201829	0.202059
3.08	0.858931	2.18571	1.84767	0.201746	0.203044
3.085	0.860292	2.19053	1.84667	0.201652	0.204016
3.09	0.86165	2.19534	1.84566	0.201548	0.204977
3.095	0.863002	2.20015	1.84465	0.201433	0.205925
3.1	0.864349	2.20497	1.84364	0.201308	0.206862
3.105	0.865692	2.20978	1.84264	0.201173	0.207787
3.11	0.867029	2.2146	1.84163	0.201028	0.2087
3.115	0.868362	2.21942	1.84063	0.200873	0.209601
3.12	0.86969	2.22424	1.83962	0.200708	0.21049
3.125	0.871013	2.22906	1.83862	0.200533	0.211368
3.13	0.872332	2.23388	1.83761	0.20035	0.212234
3.135	0.873645	2.23871	1.83661	0.200156	0.213088
3.14	0.874954	2.24354	1.83561	0.199954	0.213931
3.145	0.876258	2.24836	1.83461	0.199742	0.214763
3.15	0.877557	2.25319	1.83361	0.199522	0.215583
3.155	0.878851	2.25802	1.83262	0.199292	0.216392
3.16	0.88014	2.26285	1.83162	0.199054	0.21719
3.165	0.881425	2.26768	1.83062	0.198807	0.217976
3.17	0.882704	2.27252	1.82963	0.198552	0.218752
3.175	0.883979	2.27735	1.82864	0.198288	0.219516
3.18	0.88525	2.28219	1.82765	0.198016	0.22027
3.185	0.886515	2.28702	1.82666	0.197736	0.221012
3.19	0.887776	2.29186	1.82567	0.197448	0.221744
3.195	0.889031	2.2967	1.82468	0.197152	0.222464
3.2	0.890283	2.30154	1.82369	0.196847	0.223174
3.205	0.891529	2.30639	1.82271	0.196536	0.223874
3.21	0.89277	2.31123	1.82173	0.196216	0.224562
3.215	0.894007	2.31607	1.82075	0.195889	0.22524
3.22	0.895239	2.32092	1.81977	0.195555	0.225908
3.225	0.896466	2.32577	1.81879	0.195213	0.226564
3.23	0.897689	2.33061	1.81781	0.194864	0.227211
3.235	0.898907	2.33546	1.81684	0.194508	0.227847
3.24	0.90012	2.34031	1.81587	0.194145	0.228473
3.245	0.901328	2.34517	1.8149	0.193775	0.229088
3.25	0.902532	2.35002	1.81393	0.193398	0.229693
3.255	0.903731	2.35487	1.81296	0.193015	0.230288
3.26	0.904925	2.35973	1.81199	0.192625	0.230873
3.265	0.906115	2.36459	1.81103	0.192228	0.231448
3.27	0.9073	2.36944	1.81007	0.191825	0.232013
3.275	0.90848	2.3743	1.80911	0.191416	0.232568
3.28	0.909656	2.37916	1.80815	0.191	0.233113
3.285	0.910827	2.38402	1.8072	0.190578	0.233648
3.29	0.911994	2.38888	1.80625	0.19015	0.234173
3.295	0.913155	2.39375	1.8053	0.189716	0.234688
3.3	0.914312	2.39861	1.80435	0.189276	0.235194
3.305	0.915465	2.40348	1.8034	0.188831	0.23569
3.31	0.916613	2.40834	1.80246	0.188379	0.236176
3.315	0.917756	2.41321	1.80151	0.187922	0.236653
3.32	0.918895	2.41808	1.80057	0.18746	0.23712
3.325	0.920029	2.42295	1.79964	0.186992	0.237578
3.33	0.921159	2.42782	1.7987	0.186518	0.238026
3.335	0.922284	2.43269	1.79777	0.18604	0.238464
3.34	0.923405	2.43756	1.79684	0.185556	0.238894
3.345	0.924521	2.44244	1.79591	0.185067	0.239314
3.35	0.925633	2.44731	1.79499	0.184573	0.239725
3.355	0.92674	2.45219	1.79406	0.184074	0.240126
3.36	0.927842	2.45707	1.79314	0.18357	0.240519
3.365	0.92894	2.46194	1.79223	0.183061	0.240902
3.37	0.930034	2.46682	1.79131	0.182547	0.241276
3.375	0.931123	2.4717	1.7904	0.182029	0.241641
3.38	0.932208	2.47658	1.78949	0.181506	0.241997
3.385	0.933288	2.48147	1.78858	0.180979	0.242345
3.39	0.934364	2.48635	1.78768	0.180447	0.242683
3.395	0.935436	2.49123	1.78677	0.179911	0.243012
3.4	0.936503	2.49612	1.78587	0.17937	0.243333
3.405	0.937566	2.501	1.78498	0.178826	0.243644
3.41	0.938624	2.50589	1.78408	0.178277	0.243947
3.415	0.939678	2.51078	1.78319	0.177724	0.244241
3.42	0.940728	2.51567	1.7823	0.177167	0.244527
3.425	0.941773	2.52056	1.78142	0.176606	0.244804
3.43	0.942814	2.52545	1.78053	0.176041	0.245072
3.435	0.943851	2.53034	1.77965	0.175473	0.245332
3.44	0.944883	2.53523	1.77878	0.1749	0.245583
3.445	0.945911	2.54012	1.7779	0.174324	0.245826
3.45	0.946935	2.54502	1.77703	0.173745	0.24606
3.455	0.947955	2.54991	1.77616	0.173161	0.246286
3.46	0.94897	2.55481	1.7753	0.172575	0.246503
3.465	0.949981	2.5597	1.77443	0.171985	0.246713
3.47	0.950988	2.5646	1.77357	0.171391	0.246913
3.475	0.951991	2.5695	1.77272	0.170795	0.247106
3.48	0.95299	2.5744	1.77186	0.170195	0.24729
3.485	0.953984	2.5793	1.77101	0.169592	0.247467
3.49	0.954974	2.5842	1.77016	0.168986	0.247635
3.495	0.95596	2.5891	1.76932	0.168376	0.247795
3.5	0.956942	2.594	1.76848	0.167764	0.247947
3.505	0.95792	2.59891	1.76764	0.167149	0.248091
3.51	0.958894	2.60381	1.7668	0.166531	0.248227
3.515	0.959864	2.60872	1.76597	0.165911	0.248355
3.52	0.960829	2.61362	1.76514	0.165287	0.248475
3.525	0.961791	2.61853	1.76431	0.164661	0.248587
3.53	0.962748	2.62344	1.76349	0.164032	0.248691
3.535	0.963702	2.62835	1.76267	0.163401	0.248788
3.54	0.964651	2.63325	1.76185	0.162767	0.248876
3.545	0.965597	2.63816	1.76104	0.162131	0.248957
3.55	0.966538	2.64308	1.76023	0.161492	0.24903
3.555	0.967476	2.64799	1.75942	0.160851	0.249096
3.56	0.968409	2.6529	1.75862	0.160208	0.249154
3.565	0.969339	2.65781	1.75781	0.159563	0.249204
3.57	0.970265	2.66273	1.75702	0.158915	0.249247
3.575	0.971186	2.66764	1.75622	0.158265	0.249282
3.58	0.972104	2.67255	1.75543	0.157613	0.24931
3.585	0.973018	2.67747	1.75464	0.15696	0.24933
3.59	0.973929	2.68239	1.75386	0.156304	0.249342
3.595	0.974835	2.6873	1.75308	0.155646	0.249348
3.6	0.975738	2.69222	1.7523	0.154987	0.249346
3.605	0.976636	2.69714	1.75152	0.154325	0.249336
3.61	0.977531	2.70206	1.75075	0.153662	0.249319
3.615	0.978422	2.70698	1.74998	0.152998	0.249295
3.62	0.97931	2.7119	1.74922	0.152331	0.249264
3.625	0.980193	2.71682	1.74846	0.151663	0.249225
3.63	0.981073	2.72174	1.7477	0.150994	0.24918
3.635	0.98195	2.72667	1.74694	0.150323	0.249127
3.64	0.982822	2.73159	1.74619	0.14965	0.249066
3.645	0.983691	2.73651	1.74544	0.148976	0.248999
3.65	0.984556	2.74144	1.7447	0.148301	0.248925
3.655	0.985417	2.74636	1.74396	0.147625	0.248844
3.66	0.986275	2.75129	1.74322	0.146947	0.248755
3.665	0.98713	2.75622	1.74248	0.146268	0.24866
3.67	0.98798	2.76114	1.74175	0.145588	0.248558
3.675	0.988827	2.76607	1.74103	0.144907	0.248448
3.68	0.989671	2.771	1.7403	0.144224	0.248332
3.685	0.990511	2.77593	1.73958	0.143541	0.248209
3.69	0.991347	2.78086	1.73886	0.142857	0.248079
3.695	0.99218	2.78579	1.73815	0.142172	0.247943
3.7	0.993009	2.79072	1.73744	0.141485	0.247799
3.705	0.993835	2.79565	1.73673	0.140799	0.247649
3.71	0.994657	2.80058	1.73603	0.140111	0.247492
3.715	0.995476	2.80551	1.73532	0.139422	0.247328
3.72	0.996292	2.81045	1.73463	0.138733	0.247158
3.725	0.997104	2.81538	1.73393	0.138043	0.246981
3.73	0.997913	2.82031	1.73324	0.137353	0.246797
3.735	0.998718	2.82525	1.73256	0.136662	0.246607
3.74	0.99952	2.83018	1.73187	0.135971	0.24641
3.745	1.00032	2.83512	1.73119	0.135278	0.246207
3.75	1.00111	2.84006	1.73052	0.134586	0.245997
3.755	1.00191	2.84499	1.72984	0.133893	0.245781
3.76	1.00269	2.84993	1.72918	0.1332	0.245558
3.765	1.00348	2.85487	1.72851	0.132506	0.245329
3.77	1.00426	2.85981	1.72785	0.131813	0.245093
3.775	1.00504	2.86475	1.72719	0.131119	0.244851
3.78	1.00582	2.86969	1.72653	0.130424	0.244603
3.785	1.00659	2.87463	1.72588	0.12973	0.244348
3.79	1.00736	2.87957	1.72523	0.129036	0.244087
3.795	1.00812	2.88451	1.72459	0.128341	0.243819
3.8	1.00889	2.88945	1.72394	0.127646	0.243546
3.805	1.00965	2.89439	1.72331	0.126952	0.243266
3.81	1.0104	2.89933	1.72267	0.126257	0.24298
3.815	1.01116	2.90428	1.72204	0.125563	0.242688
3.82	1.01191	2.90922	1.72141	0.124868	0.242389
3.825	1.01265	2.91416	1.72079	0.124174	0.242085
3.83	1.0134	2.91911	1.72017	0.12348	0.241774
3.835	1.01414	2.92405	1.71955	0.122787	0.241457
3.84	1.01488	2.929	1.71894	0.122093	0.241134
3.845	1.01561	2.93394	1.71833	0.1214	0.240805
3.85	1.01634	2.93889	1.71772	0.120707	0.240471
3.855	1.01707	2.94384	1.71711	0.120015	0.24013
3.86	1.0178	2.94878	1.71651	0.119323	0.239783
3.865	1.01852	2.95373	1.71592	0.118631	0.23943
3.87	1.01924	2.95868	1.71532	0.11794	0.239071
3.875	1.01996	2.96363	1.71474	0.11725	0.238707
3.88	1.02067	2.96858	1.71415	0.11656	0.238336
3.885	1.02138	2.97352	1.71357	0.115871	0.23796
3.89	1.02209	2.97847	1.71299	0.115182	0.237578
3.895	1.0228	2.98342	1.71241	0.114494	0.23719
3.9	1.0235	2.98837	1.71184	0.113807	0.236796
3.905	1.0242	2.99333	1.71127	0.11312	0.236396
3.91	1.0249	2.99828	1.7107	0.112435	0.235991
3.915	1.02559	3.00323	1.71014	0.11175	0.23558
3.92	1.02628	3.00818	1.70958	0.111066	0.235163
3.925	1.02697	3.01313	1.70903	0.110383	0.234741
3.93	1.02766	3.01808	1.70848	0.109701	0.234313
3.935	1.02834	3.02304	1.70793	0.109019	0.233879
3.94	1.02902	3.02799	1.70738	0.108339	0.23344
3.945	1.0297	3.03294	1.70684	0.10766	0.232995
3.95	1.03038	3.0379	1.7063	0.106982	0.232544
3.955	1.03105	3.04285	1.70577	0.106305	0.232088
3.96	1.03172	3.04781	1.70524	0.105629	0.231627
3.965	1.03239	3.05276	1.70471	0.104954	0.23116
3.97	1.03305	3.05772	1.70418	0.10428	0.230687
3.975	1.03372	3.06268	1.70366	0.103608	0.230209
3.98	1.03438	3.06763	1.70314	0.102937	0.229726
3.985	1.03503	3.07259	1.70263	0.102267	0.229237
3.99	1.03569	3.07755	1.70212	0.101599	0.228742
3.995	1.03634	3.0825	1.70161	0.100932	0.228243
4	1.03699	3.08746	1.7011	0.100266	0.227738
4.005	1.03764	3.09242	1.7006	0.0996018	0.227227
4.01	1.03828	3.09738	1.70011	0.098939	0.226712
4.015	1.03892	3.10233	1.69961	0.0982776	0.226191
4.02	1.03956	3.10729	1.69912	0.0976178	0.225664
4.025	1.0402	3.11225	1.69863	0.0969595	0.225133
4.03	1.04084	3.11721	1.69815	0.0963028	0.224596
4.035	1.04147	3.12217	1.69766	0.0956477	0.224054
4.04	1.0421	3.12713	1.69719	0.0949943	0.223507
4.045	1.04273	3.13209	1.69671	0.0943425	0.222954
4.05	1.04335	3.13705	1.69624	0.0936924	0.222397
4.055	1.04398	3.14201	1.69577	0.093044	0.221834
4.06	1.0446	3.14698	1.69531	0.0923974	0.221266
4.065	1.04521	3.15194	1.69484	0.0917526	0.220693
4.07	1.04583	3.1569	1.69439	0.0911096	0.220115
4.075	1.04645	3.16186	1.69393	0.0904685	0.219532
4.08	1.04706	3.16682	1.69348	0.0898292	0.218944
4.085	1.04767	3.17179	1.69303	0.0891918	0.218351
4.09	1.04827	3.17675	1.69258	0.0885564	0.217753
4.095	1.04888	3.18171	1.69214	0.087923	0.217149
4.1	1.04948	3.18668	1.6917	0.0872915	0.216541
4.105	1.05008	3.19164	1.69126	0.0866621	0.215928
4.11	1.05068	3.1966	1.69083	0.0860347	0.21531
4.115	1.05128	3.20157	1.6904	0.0854093	0.214687
4.12	1.05187	3.20653	1.68997	0.0847861	0.214059
4.125	1.05247	3.2115	1.68955	0.0841651	0.213426
4.13	1.05306	3.21646	1.68913	0.0835462	0.212789
4.135	1.05364	3.22143	1.68871	0.0829294	0.212146
4.14	1.05423	3.22639	1.6883	0.0823149	0.211499
4.145	1.05481	3.23136	1.68788	0.0817027	0.210847
4.15	1.0554	3.23633	1.68748	0.0810927	0.21019
4.155	1.05598	3.24129	1.68707	0.080485	0.209528
4.16	1.05655	3.24626	1.68667	0.0798797	0.208862
4.165	1.05713	3.25122	1.68627	0.0792767	0.208191
4.17	1.0577	3.25619	1.68587	0.078676	0.207515
4.175	1.05828	3.26116	1.68548	0.0780778	0.206834
4.18	1.05885	3.26613	1.68509	0.077482	0.206149
4.185	1.05942	3.27109	1.6847	0.0768887	0.205459
4.19	1.05998	3.27606	1.68432	0.0762979	0.204765
4.195	1.06055	3.28103	1.68393	0.0757096	0.204065
4.2	1.06111	3.286	1.68356	0.0751238	0.203362
4.205	1.06167	3.29097	1.68318	0.0745405	0.202653
4.21	1.06223	3.29593	1.68281	0.0739599	0.20194
4.215	1.06279	3.3009	1.68244	0.0733819	0.201223
4.22	1.06334	3.30587	1.68207	0.0728065	0.2005
4.225	1.06389	3.31084	1.68171	0.0722338	0.199774
4.23	1.06445	3.31581	1.68135	0.0716638	0.199043
4.235	1.065	3.32078	1.68099	0.0710965	0.198307
4.24	1.06554	3.32575	1.68063	0.0705319	0.197567
4.245	1.06609	3.33072	1.68028	0.0699701	0.196822
4.25	1.06663	3.33569	1.67993	0.0694111	0.196073
4.255	1.06718	3.34066	1.67958	0.0688549	0.19532
4.26	1.06772	3.34563	1.67924	0.0683015	0.194562
4.265	1.06826	3.3506	1.6789	0.067751	0.1938
4.27	1.0688	3.35557	1.67856	0.0672034	0.193033
4.275	1.06933	3.36055	1.67822	0.0666586	0.192262
4.28	1.06987	3.36552	1.67789	0.0661169	0.191487
4.285	1.0704	3.37049	1.67756	0.065578	0.190707
4.29	1.07093	3.37546	1.67723	0.0650422	0.189923
4.295	1.07146	3.38043	1.67691	0.0645094	0.189135
4.3	1.07199	3.3854	1.67658	0.0639795	0.188342
4.305	1.07251	3.39038	1.67626	0.0634528	0.187545
4.31	1.07304	3.39535	1.67595	0.0629291	0.186744
4.315	1.07356	3.40032	1.67563	0.0624085	0.185939
4.32	1.07408	3.40529	1.67532	0.061891	0.185129
4.325	1.0746	3.41027	1.67501	0.0613767	0.184315
4.33	1.07512	3.41524	1.6747	0.0608655	0.183498
4.335	1.07564	3.42021	1.6744	0.0603575	0.182676
4.34	1.07616	3.42519	1.6741	0.0598527	0.181849
4.345	1.07667	3.43016	1.6738	0.0593512	0.181019
4.35	1.07718	3.43513	1.6735	0.0588529	0.180184
4.355	1.07769	3.44011	1.67321	0.0583578	0.179346
4.36	1.0782	3.44508	1.67291	0.0578661	0.178503
4.365	1.07871	3.45006	1.67262	0.0573776	0.177656
4.37	1.07922	3.45503	1.67234	0.0568926	0.176806
4.375	1.07972	3.46	1.67205	0.0564108	0.175951
4.38	1.08023	3.46498	1.67177	0.0559325	0.175092
4.385	1.08073	3.46995	1.67149	0.0554575	0.174229
4.39	1.08123	3.47493	1.67121	0.054986	0.173362
4.395	1.08173	3.4799	1.67094	0.0545179	0.172491
4.4	1.08223	3.48488	1.67067	0.0540532	0.171617
4.405	1.08273	3.48985	1.6704	0.0535921	0.170738
4.41	1.08322	3.49483	1.67013	0.0531344	0.169855
4.415	1.08372	3.4998	1.66986	0.0526803	0.168969
4.42	1.08421	3.50478	1.6696	0.0522297	0.168078
4.425	1.0847	3.50976	1.66934	0.0517827	0.167184
4.43	1.08519	3.51473	1.66908	0.0513392	0.166285
4.435	1.08568	3.51971	1.66882	0.0508994	0.165383
4.44	1.08617	3.52468	1.66857	0.0504632	0.164477
4.445	1.08666	3.52966	1.66832	0.0500306	0.163568
4.45	1.08714	3.53464	1.66807	0.0496017	0.162654
4.455	1.08763	3.53961	1.66782	0.0491764	0.161737
4.46	1.08811	3.54459	1.66757	0.0487549	0.160816
4.465	1.08859	3.54957	1.66733	0.048337	0.159891
4.47	1.08907	3.55454	1.66709	0.0479229	0.158962
4.475	1.08955	3.55952	1.66685	0.0475126	0.15803
4.48	1.09003	3.5645	1.66661	0.047106	0.157094
4.485	1.09051	3.56947	1.66637	0.0467032	0.156154
4.49	1.09098	3.57445	1.66614	0.0463042	0.155211
4.495	1.09146	3.57943	1.66591	0.045909	0.154263
4.5	1.09193	3.58441	1.66568	0.0455177	0.153313
4.505	1.0924	3.58938	1.66545	0.0451303	0.152358
4.51	1.09288	3.59436	1.66523	0.0447467	0.1514
4.515	1.09335	3.59934	1.665	0.044367	0.150439
4.52	1.09382	3.60432	1.66478	0.0439912	0.149473
4.525	1.09428	3.6093	1.66456	0.0436194	0.148505
4.53	1.09475	3.61427	1.66434	0.0432515	0.147532
4.535	1.09522	3.61925	1.66413	0.0428875	0.146556
4.54	1.09568	3.62423	1.66391	0.0425276	0.145577
4.545	1.09615	3.62921	1.6637	0.0421716	0.144594
4.55	1.09661	3.63419	1.66349	0.0418197	0.143607
4.555	1.09707	3.63917	1.66328	0.0414718	0.142617
4.56	1.09753	3.64414	1.66307	0.0411279	0.141624
4.565	1.09799	3.64912	1.66287	0.0407881	0.140627
4.57	1.09845	3.6541	1.66266	0.0404524	0.139627
4.575	1.09891	3.65908	1.66246	0.0401207	0.138623
4.58	1.09936	3.66406	1.66226	0.0397932	0.137616
4.585	1.09982	3.66904	1.66206	0.0394698	0.136605
4.59	1.10027	3.67402	1.66186	0.0391505	0.135591
4.595	1.10073	3.679	1.66167	0.0388354	0.134574
4.6	1.10118	3.68398	1.66147	0.0385245	0.133553
4.605	1.10163	3.68896	1.66128	0.0382177	0.132529
4.61	1.10208	3.69394	1.66109	0.0379152	0.131502
4.615	1.10253	3.69892	1.6609	0.0376168	0.130471
4.62	1.10298	3.7039	1.66071	0.0373227	0.129437
4.625	1.10343	3.70888	1.66053	0.0370328	0.1284
4.63	1.10388	3.71386	1.66034	0.0367472	0.127359
4.635	1.10432	3.71884	1.66016	0.0364659	0.126315
4.64	1.10477	3.72382	1.65997	0.0361888	0.125268
4.645	1.10521	3.7288	1.65979	0.0359161	0.124218
4.65	1.10566	3.73378	1.65961	0.0356476	0.123165
4.655	1.1061	3.73876	1.65944	0.0353835	0.122108
4.66	1.10654	3.74374	1.65926	0.0351238	0.121048
4.665	1.10698	3.74872	1.65908	0.0348683	0.119985
4.67	1.10742	3.7537	1.65891	0.0346173	0.118919
4.675	1.10786	3.75868	1.65874	0.0343706	0.11785
4.68	1.1083	3.76366	1.65856	0.0341283	0.116777
4.685	1.10874	3.76864	1.65839	0.0338905	0.115702
4.69	1.10917	3.77362	1.65822	0.033657	0.114623
4.695	1.10961	3.7786	1.65806	0.033428	0.113541
4.7	1.11004	3.78358	1.65789	0.0332034	0.112457
4.705	1.11048	3.78856	1.65772	0.0329833	0.111369
4.71	1.11091	3.79355	1.65756	0.0327676	0.110278
4.715	1.11134	3.79853	1.65739	0.0325564	0.109184
4.72	1.11178	3.80351	1.65723	0.0323497	0.108087
4.725	1.11221	3.80849	1.65707	0.0321475	0.106988
4.73	1.11264	3.81347	1.65691	0.0319499	0.105885
4.735	1.11307	3.81845	1.65675	0.0317567	0.104779
4.74	1.11349	3.82343	1.65659	0.0315681	0.10367
4.745	1.11392	3.82842	1.65643	0.0313841	0.102559
4.75	1.11435	3.8334	1.65627	0.0312045	0.101444
4.755	1.11477	3.83838	1.65612	0.0310296	0.100327
4.76	1.1152	3.84336	1.65596	0.0308593	0.0992064
4.765	1.11562	3.84834	1.65581	0.0306935	0.0980832
4.77	1.11605	3.85333	1.65566	0.0305323	0.0969571
4.775	1.11647	3.85831	1.6555	0.0303758	0.0958282
4.78	1.11689	3.86329	1.65535	0.0302238	0.0946965
4.785	1.11732	3.86827	1.6552	0.0300765	0.0935619
4.79	1.11774	3.87325	1.65505	0.0299339	0.0924245
4.795	1.11816	3.87824	1.6549	0.0297959	0.0912844
4.8	1.11858	3.88322	1.65475	0.0296625	0.0901415
4.805	1.11899	3.8882	1.6546	0.0295339	0.0889958
4.81	1.11941	3.89318	1.65445	0.0294099	0.0878474
4.815	1.11983	3.89817	1.65431	0.0292905	0.0866963
4.82	1.12024	3.90315	1.65416	0.0291759	0.0855424
4.825	1.12066	3.90813	1.65402	0.029066	0.0843858
4.83	1.12108	3.91311	1.65387	0.0289608	0.0832266
4.835	1.12149	3.9181	1.65373	0.0288604	0.0820647
4.84	1.1219	3.92308	1.65358	0.0287646	0.0809002
4.845	1.12232	3.92806	1.65344	0.0286736	0.079733
4.85	1.12273	3.93305	1.65329	0.0285874	0.0785631
4.855	1.12314	3.93803	1.65315	0.0285059	0.0773907
4.86	1.12355	3.94301	1.65301	0.0284292	0.0762157
4.865	1.12396	3.948	1.65287	0.0283572	0.075038
4.87	1.12437	3.95298	1.65272	0.0282901	0.0738579
4.875	1.12478	3.95796	1.65258	0.0282277	0.0726751
4.88	1.12519	3.96295	1.65244	0.0281701	0.0714899
4.885	1.12559	3.96793	1.6523	0.0281173	0.0703021
4.89	1.126	3.97291	1.65216	0.0280693	0.0691118
4.895	1.1264	3.9779	1.65202	0.0280262	0.067919
4.9	1.12681	3.98288	1.65188	0.0279878	0.0667237
4.905	1.12721	3.98786	1.65174	0.0279543	0.0655259
4.91	1.12762	3.99285	1.6516	0.0279257	0.0643257
4.915	1.12802	3.99783	1.65146	0.0279018	0.0631231
4.92	1.12842	4.00281	1.65132	0.0278828	0.061918
4.925	1.12882	4.0078	1.65118	0.0278687	0.0607106
4.93	1.12922	4.01278	1.65104	0.0278595	0.0595007
4.935	1.12962	4.01777	1.6509	0.0278551	0.0582885
4.94	1.13002	4.02275	1.65076	0.0278555	0.0570739
4.945	1.13042	4.02773	1.65062	0.0278609	0.055857
4.95	1.13082	4.03272	1.65049	0.0278711	0.0546377
4.955	1.13122	4.0377	1.65035	0.0278863	0.0534161
4.96	1.13161	4.04269	1.65021	0.0279063	0.0521922
4.965	1.13201	4.04767	1.65007	0.0279312	0.050966
4.97	1.13241	4.05266	1.64993	0.027961	0.0497375
4.975	1.1328	4.05764	1.64979	0.0279958	0.0485067
4.98	1.13319	4.06262	1.64965	0.0280354	0.0472738
4.985	1.13359	4.06761	1.64951	0.02808	0.0460385
4.99	1.13398	4.07259	1.64937	0.0281295	0.0448011
4.995	1.13437	4.07758	1.64923	0.0281839	0.0435615
5	1.13476	4.08256	1.64909	0.0282432	0.0423196
5.005	1.13515	4.08755	1.64894	0.0283075	0.0410756
5.01	1.13554	4.09253	1.6488	0.0283768	0.0398295
5.015	1.13593	4.09752	1.64866	0.0284509	0.0385812
5.02	1.13632	4.1025	1.64852	0.02853	0.0373307
5.025	1.13671	4.10749	1.64838	0.0286141	0.0360782
5.03	1.13709	4.11247	1.64823	0.0287031	0.0348235
5.035	1.13748	4.11746	1.64809	0.0287971	0.0335668
5.04	1.13787	4.12244	1.64795	0.028896	0.032308
5.045	1.13825	4.12743	1.6478	0.0289999	0.0310471
5.05	1.13863	4.13241	1.64766	0.0291088	0.0297842
5.055	1.13902	4.1374	1.64751	0.0292226	0.0285193
5.06	1.1394	4.14238	1.64736	0.0293414	0.0272523
5.065	1.13978	4.14737	1.64722	0.0294652	0.0259833
5.07	1.14016	4.15235	1.64707	0.029594	0.0247124
5.075	1.14054	4.15734	1.64692	0.0297277	0.0234395
5.08	1.14092	4.16233	1.64677	0.0298664	0.0221646
5.085	1.1413	4.16731	1.64662	0.0300101	0.0208878
5.09	1.14168	4.1723	1.64647	0.0301588	0.0196091
5.095	1.14206	4.17728	1.64632	0.0303125	0.0183285
5.1	1.14243	4.18227	1.64617	0.0304711	0.0170459
5.105	1.14281	4.18725	1.64602	0.0306347	0.0157615
5.11	1.14318	4.19224	1.64587	0.0308034	0.0144752
5.115	1.14356	4.19723	1.64571	0.030977	0.0131871
5.12	1.14393	4.20221	1.64556	0.0311556	0.0118971
5.125	1.1443	4.2072	1.6454	0.0313392	0.0106053
5.13	1.14468	4.21218	1.64524	0.0315278	0.00931175
5.135	1.14505	4.21717	1.64509	0.0317214	0.00801635
5.14	1.14542	4.22216	1.64493	0.03192	0.00671918
5.145	1.14579	4.22714	1.64477	0.0321236	0.00542025
5.15	1.14616	4.23213	1.64461	0.0323322	0.00411956
5.155	1.14652	4.23712	1.64445	0.0325458	0.00281714
5.16	1.14689	4.2421	1.64428	0.0327644	0.001513
5.165	1.14726	4.24709	1.64412	0.032988	0.00020716
5.17	1.14762	4.25208	1.64396	0.0332166	-0.00110037
5.175	1.14799	4.25706	1.64379	0.0334501	-0.00240958
5.18	1.14835	4.26205	1.64362	0.0336887	-0.00372045
5.185	1.14871	4.26704	1.64345	0.0339323	-0.00503296
5.19	1.14908	4.27202	1.64328	0.0341809	-0.00634711
5.195	1.14944	4.27701	1.64311	0.0344344	-0.00766287
5.2	1.1498	4.282	1.64294	0.034693	-0.00898023
5.205	1.15016	4.28698	1.64277	0.0349565	-0.0102992
5.21	1.15052	4.29197	1.64259	0.0352251	-0.0116197
5.215	1.15087	4.29696	1.64242	0.0354986	-0.0129418
5.22	1.15123	4.30195	1.64224	0.0357772	-0.0142654
5.225	1.15159	4.30693	1.64206	0.0360607	-0.0155905
5.23	1.15194	4.31192	1.64188	0.0363492	-0.0169172
5.235	1.1523	4.31691	1.6417	0.0366427	-0.0182453
5.24	1.15265	4.32189	1.64151	0.0369412	-0.019575
5.245	1.153	4.32688	1.64133	0.0372446	-0.0209061
5.25	1.15335	4.33187	1.64114	0.0375531	-0.0222386
5.255	1.1537	4.33686	1.64096	0.0378665	-0.0235726
5.26	1.15405	4.34185	1.64077	0.0381849	-0.024908
5.265	1.1544	4.34683	1.64058	0.0385083	-0.0262448
5.27	1.15475	4.35182	1.64038	0.0388366	-0.0275831
5.275	1.1551	4.35681	1.64019	0.0391699	-0.0289227
5.28	1.15544	4.3618	1.63999	0.0395082	-0.0302636
5.285	1.15579	4.36679	1.6398	0.0398515	-0.0316059
5.29	1.15613	4.37177	1.6396	0.0401997	-0.0329495
5.295	1.15647	4.37676	1.6394	0.0405529	-0.0342945
5.3	1.15681	4.38175	1.63919	0.040911	-0.0356408
5.305	1.15716	4.38674	1.63899	0.0412741	-0.0369883
5.31	1.15749	4.39173	1.63878	0.0416421	-0.0383371
5.315	1.15783	4.39672	1.63857	0.0420151	-0.0396872
5.32	1.15817	4.4017	1.63836	0.0423931	-0.0410385
5.325	1.15851	4.40669	1.63815	0.0427759	-0.0423911
5.33	1.15884	4.41168	1.63794	0.0431638	-0.0437448
5.335	1.15918	4.41667	1.63772	0.0435565	-0.0450998
5.34	1.15951	4.42166	1.6375	0.0439542	-0.0464559
5.345	1.15984	4.42665	1.63728	0.0443568	-0.0478132
5.35	1.16017	4.43164	1.63706	0.0447643	-0.0491717
5.355	1.1605	4.43663	1.63684	0.0451768	-0.0505313
5.36	1.16083	4.44162	1.63661	0.0455941	-0.051892
5.365	1.16116	4.4466	1.63638	0.0460164	-0.0532538
5.37	1.16149	4.45159	1.63615	0.0464436	-0.0546168
5.375	1.16181	4.45658	1.63592	0.0468757	-0.0559808
5.38	1.16214	4.46157	1.63569	0.0473127	-0.0573458
5.385	1.16246	4.46656	1.63545	0.0477546	-0.0587119
5.39	1.16278	4.47155	1.63521	0.0482013	-0.0600791
5.395	1.1631	4.47654	1.63497	0.048653	-0.0614472
5.4	1.16342	4.48153	1.63473	0.0491095	-0.0628164
5.405	1.16374	4.48652	1.63448	0.049571	-0.0641865
5.41	1.16406	4.49151	1.63424	0.0500372	-0.0655577
5.415	1.16437	4.4965	1.63398	0.0505084	-0.0669297
5.42	1.16469	4.50149	1.63373	0.0509844	-0.0683027
5.425	1.165	4.50648	1.63348	0.0514653	-0.0696767
5.43	1.16531	4.51147	1.63322	0.051951	-0.0710515
5.435	1.16562	4.51646	1.63296	0.0524416	-0.0724273
5.44	1.16593	4.52145	1.6327	0.052937	-0.0738039
5.445	1.16624	4.52644	1.63243	0.0534372	-0.0751814
5.45	1.16655	4.53143	1.63217	0.0539423	-0.0765597
5.455	1.16685	4.53642	1.6319	0.0544522	-0.0779389
5.46	1.16716	4.54141	1.63162	0.0549669	-0.0793189
5.465	1.16746	4.54641	1.63135	0.0554864	-0.0806997
5.47	1.16776	4.5514	1.63107	0.0560107	-0.0820813
5.475	1.16806	4.55639	1.63079	0.0565399	-0.0834636
5.48	1.16836	4.56138	1.63051	0.0570738	-0.0848467
5.485	1.16865	4.56637	1.63022	0.0576125	-0.0862306
5.49	1.16895	4.57136	1.62994	0.058156	-0.0876151
5.495	1.16924	4.57635	1.62965	0.0587042	-0.0890004
5.5	1.16954	4.58134	1.62935	0.0592573	-0.0903864
5.505	1.16983	4.58634	1.62906	0.0598151	-0.0917731
5.51	1.17012	4.59133	1.62876	0.0603777	-0.0931604
5.515	1.17041	4.59632	1.62845	0.060945	-0.0945484
5.52	1.17069	4.60131	1.62815	0.061517	-0.095937
5.525	1.17098	4.6063	1.62784	0.0620938	-0.0973262
5.53	1.17126	4.61129	1.62753	0.0626753	-0.0987161
5.535	1.17154	4.61629	1.62722	0.0632616	-0.100106
5.54	1.17182	4.62128	1.6269	0.0638526	-0.101497
5.545	1.1721	4.62627	1.62658	0.0644482	-0.102889
5.55	1.17238	4.63126	1.62626	0.0650486	-0.104281
5.555	1.17266	4.63626	1.62594	0.0656537	-0.105674
5.56	1.17293	4.64125	1.62561	0.0662635	-0.107067
5.565	1.1732	4.64624	1.62528	0.0668779	-0.10846
5.57	1.17347	4.65123	1.62494	0.067497	-0.109855
5.575	1.17374	4.65623	1.6246	0.0681208	-0.111249
5.58	1.17401	4.66122	1.62426	0.0687493	-0.112644
5.585	1.17427	4.66621	1.62392	0.0693824	-0.114039
5.59	1.17454	4.6712	1.62357	0.0700202	-0.115435
5.595	1.1748	4.6762	1.62322	0.0706626	-0.116832
5.6	1.17506	4.68119	1.62287	0.0713096	-0.118228
5.605	1.17532	4.68618	1.62251	0.0719613	-0.119625
5.61	1.17557	4.69118	1.62215	0.0726175	-0.121023
5.615	1.17583	4.69617	1.62179	0.0732784	-0.12242
5.62	1.17608	4.70117	1.62142	0.0739439	-0.123818
5.625	1.17633	4.70616	1.62105	0.074614	-0.125217
5.63	1.17658	4.71115	1.62068	0.0752886	-0.126615
5.635	1.17683	4.71615	1.6203	0.0759679	-0.128014
5.64	1.17708	4.72114	1.61992	0.0766517	-0.129413
5.645	1.17732	4.72613	1.61954	0.0773401	-0.130812
5.65	1.17756	4.73113	1.61915	0.078033	-0.132212
5.655	1.1778	4.73612	1.61876	0.0787305	-0.133612
5.66	1.17804	4.74112	1.61837	0.0794325	-0.135012
5.665	1.17827	4.74611	1.61797	0.080139	-0.136412
5.67	1.17851	4.75111	1.61757	0.0808501	-0.137812
5.675	1.17874	4.7561	1.61717	0.0815657	-0.139213
5.68	1.17897	4.7611	1.61676	0.0822858	-0.140613
5.685	1.1792	4.76609	1.61635	0.0830104	-0.142014
5.69	1.17942	4.77109	1.61593	0.0837394	-0.143415
5.695	1.17965	4.77608	1.61552	0.084473	-0.144816
5.7	1.17987	4.78108	1.61509	0.085211	-0.146217
5.705	1.18009	4.78607	1.61467	0.0859535	-0.147618
5.71	1.1803	4.79107	1.61424	0.0867005	-0.149019
5.715	1.18052	4.79606	1.6138	0.0874519	-0.15042
5.72	1.18073	4.80106	1.61337	0.0882077	-0.151821
5.725	1.18094	4.80605	1.61293	0.088968	-0.153222
5.73	1.18115	4.81105	1.61248	0.0897327	-0.154623
5.735	1.18136	4.81604	1.61203	0.0905018	-0.156024
5.74	1.18156	4.82104	1.61158	0.0912753	-0.157424
5.745	1.18176	4.82604	1.61112	0.0920532	-0.158825
5.75	1.18196	4.83103	1.61066	0.0928355	-0.160226
5.755	1.18216	4.83603	1.6102	0.0936222	-0.161626
5.76	1.18235	4.84102	1.60973	0.0944132	-0.163027
5.765	1.18255	4.84602	1.60926	0.0952086	-0.164427
5.77	1.18274	4.85102	1.60878	0.0960084	-0.165827
5.775	1.18292	4.85601	1.6083	0.0968125	-0.167227
5.78	1.18311	4.86101	1.60782	0.0976209	-0.168627
5.785	1.18329	4.86601	1.60733	0.0984337	-0.170026
5.79	1.18347	4.871	1.60684	0.0992508	-0.171426
5.795	1.18365	4.876	1.60634	0.100072	-0.172825
5.8	1.18382	4.881	1.60584	0.100898	-0.174223
5.805	1.184	4.88599	1.60534	0.101728	-0.175622
5.81	1.18417	4.89099	1.60483	0.102562	-0.17702
5.815	1.18433	4.89599	1.60432	0.103401	-0.178418
5.82	1.1845	4.90099	1.6038	0.104243	-0.179815
5.825	1.18466	4.90598	1.60328	0.10509	-0.181213
5.83	1.18482	4.91098	1.60275	0.105942	-0.182609
5.835	1.18498	4.91598	1.60222	0.106797	-0.184006
5.84	1.18513	4.92098	1.60169	0.107657	-0.185402
5.845	1.18528	4.92597	1.60115	0.108521	-0.186797
5.85	1.18543	4.93097	1.60061	0.109389	-0.188192
5.855	1.18558	4.93597	1.60006	0.110262	-0.189587
5.86	1.18572	4.94097	1.59951	0.111138	-0.190981
5.865	1.18586	4.94596	1.59895	0.112019	-0.192375
5.87	1.186	4.95096	1.59839	0.112904	-0.193768
5.875	1.18614	4.95596	1.59783	0.113793	-0.195161
5.88	1.18627	4.96096	1.59726	0.114686	-0.196553
5.885	1.1864	4.96596	1.59669	0.115584	-0.197945
5.89	1.18653	4.97096	1.59611	0.116485	-0.199335
5.895	1.18665	4.97595	1.59553	0.117391	-0.200726
5.9	1.18677	4.98095	1.59494	0.118301	-0.202116
5.905	1.18689	4.98595	1.59435	0.119215	-0.203505
5.91	1.187	4.99095	1.59375	0.120133	-0.204893
5.915	1.18711	4.99595	1.59315	0.121055	-0.206281
5.92	1.18722	5.00095	1.59255	0.121981	-0.207668
5.925	1.18733	5.00595	1.59194	0.122911	-0.209055
5.93	1.18743	5.01095	1.59132	0.123845	-0.210441
5.935	1.18753	5.01594	1.5907	0.124784	-0.211826
5.94	1.18763	5.02094	1.59008	0.125726	-0.21321
5.945	1.18772	5.02594	1.58945	0.126672	-0.214593
5.95	1.18781	5.03094	1.58882	0.127623	-0.215976
5.955	1.1879	5.03594	1.58818	0.128577	-0.217358
5.96	1.18798	5.04094	1.58753	0.129536	-0.218739
5.965	1.18806	5.04594	1.58689	0.130498	-0.220119
5.97	1.18814	5.05094	1.58623	0.131465	-0.221498
5.975	1.18821	5.05594	1.58558	0.132435	-0.222877
5.98	1.18828	5.06094	1.58491	0.13341	-0.224254
5.985	1.18835	5.06594	1.58425	0.134388	-0.225631
5.99	1.18841	5.07094	1.58358	0.13537	-0.227007
5.995	1.18848	5.07594	1.5829	0.136357	-0.228381
6	1.18853	5.08094	1.58222	0.137347	-0.229755
6.005	1.18859	5.08594	1.58153	0.138341	-0.231128
6.01	1.18864	5.09094	1.58084	0.139339	-0.2325
6.015	1.18868	5.09594	1.58014	0.140341	-0.23387
6.02	1.18873	5.10094	1.57944	0.141347	-0.23524
6.025	1.18877	5.10594	1.57873	0.142356	-0.236608
6.03	1.1888	5.11094	1.57802	0.14337	-0.237976
6.035	1.18883	5.11594	1.57731	0.144387	-0.239342
6.04	1.18886	5.12094	1.57658	0.145409	-0.240708
6.045	1.18889	5.12594	1.57586	0.146434	-0.242072
6.05	1.18891	5.13094	1.57512	0.147463	-0.243435
6.055	1.18893	5.13593	1.57439	0.148496	-0.244796
6.06	1.18894	5.14093	1.57364	0.149533	-0.246157
6.065	1.18895	5.14593	1.5729	0.150573	-0.247516
6.07	1.18896	5.15093	1.57214	0.151617	-0.248874
6.075	1.18896	5.15593	1.57139	0.152665	-0.250231
6.08	1.18896	5.16093	1.57062	0.153717	-0.251587
6.085	1.18896	5.16593	1.56985	0.154773	-0.252941
6.09	1.18895	5.17093	1.56908	0.155832	-0.254294
6.095	1.18894	5.17593	1.5683	0.156896	-0.255646
6.1	1.18892	5.18093	1.56752	0.157962	-0.256996
6.105	1.1889	5.18593	1.56673	0.159033	-0.258345
6.11	1.18887	5.19093	1.56593	0.160107	-0.259692
6.115	1.18885	5.19593	1.56513	0.161186	-0.261038
6.12	1.18881	5.20093	1.56432	0.162267	-0.262383
6.125	1.18878	5.20593	1.56351	0.163353	-0.263726
6.13	1.18874	5.21093	1.5627	0.164442	-0.265067
6.135	1.18869	5.21593	1.56187	0.165535	-0.266408
6.14	1.18864	5.22093	1.56105	0.166632	-0.267746
6.145	1.18859	5.22593	1.56021	0.167732	-0.269083
6.15	1.18853	5.23093	1.55937	0.168836	-0.270419
6.155	1.18847	5.23593	1.55853	0.169944	-0.271753
6.16	1.18841	5.24093	1.55768	0.171055	-0.273085
6.165	1.18834	5.24593	1.55683	0.17217	-0.274416
6.17	1.18826	5.25093	1.55596	0.173288	-0.275745
6.175	1.18818	5.25593	1.5551	0.17441	-0.277072
6.18	1.1881	5.26093	1.55423	0.175536	-0.278398
6.185	1.18801	5.26593	1.55335	0.176665	-0.279722
6.19	1.18792	5.27093	1.55247	0.177798	-0.281044
6.195	1.18783	5.27593	1.55158	0.178935	-0.282365
6.2	1.18773	5.28093	1.55068	0.180075	-0.283683
6.205	1.18762	5.28593	1.54978	0.181218	-0.285
6.21	1.18751	5.29092	1.54888	0.182366	-0.286315
6.215	1.1874	5.29592	1.54796	0.183516	-0.287629
6.22	1.18728	5.30092	1.54705	0.184671	-0.28894
6.225	1.18716	5.30592	1.54612	0.185829	-0.29025
6.23	1.18703	5.31092	1.54519	0.18699	-0.291557
6.235	1.18689	5.31592	1.54426	0.188155	-0.292863
6.24	1.18676	5.32091	1.54332	0.189323	-0.294167
6.245	1.18661	5.32591	1.54237	0.190495	-0.295468
6.25	1.18647	5.33091	1.54142	0.19167	-0.296768
6.255	1.18632	5.33591	1.54046	0.192849	-0.298066
6.26	1.18616	5.34091	1.5395	0.194031	-0.299362
6.265	1.186	5.3459	1.53853	0.195217	-0.300655
6.27	1.18583	5.3509	1.53755	0.196406	-0.301947
6.275	1.18566	5.3559	1.53657	0.197599	-0.303236
6.28	1.18549	5.36089	1.53558	0.198795	-0.304524
6.285	1.1853	5.36589	1.53459	0.199995	-0.305809
6.29	1.18512	5.37089	1.53359	0.201198	-0.307092
6.295	1.18493	5.37588	1.53258	0.202404	-0.308373
6.3	1.18473	5.38088	1.53157	0.203614	-0.309652
6.305	1.18453	5.38588	1.53055	0.204827	-0.310928
6.31	1.18432	5.39087	1.52953	0.206044	-0.312202
6.315	1.18411	5.39587	1.5285	0.207264	-0.313474
6.32	1.1839	5.40086	1.52746	0.208487	-0.314744
6.325	1.18367	5.40586	1.52642	0.209714	-0.316011
6.33	1.18345	5.41085	1.52537	0.210944	-0.317276
6.335	1.18321	5.41585	1.52431	0.212177	-0.318538
6.34	1.18298	5.42084	1.52325	0.213414	-0.319798
6.345	1.18273	5.42584	1.52219	0.214654	-0.321056
6.35	1.18249	5.43083	1.52111	0.215898	-0.322311
6.355	1.18223	5.43582	1.52003	0.217145	-0.323563
6.36	1.18197	5.44082	1.51895	0.218395	-0.324814
6.365	1.18171	5.44581	1.51785	0.219648	-0.326061
6.37	1.18144	5.4508	1.51676	0.220905	-0.327306
6.375	1.18116	5.45579	1.51565	0.222165	-0.328549
6.38	1.18088	5.46079	1.51454	0.223428	-0.329789
6.385	1.18059	5.46578	1.51342	0.224695	-0.331026
6.39	1.1803	5.47077	1.5123	0.225965	-0.332261
6.395	1.18	5.47576	1.51117	0.227238	-0.333493
6.4	1.1797	5.48075	1.51003	0.228514	-0.334722
6.405	1.17939	5.48574	1.50889	0.229794	-0.335949
6.41	1.17908	5.49073	1.50774	0.231077	-0.337172
6.415	1.17876	5.49572	1.50659	0.232363	-0.338393
6.42	1.17843	5.50071	1.50543	0.233652	-0.339611
6.425	1.1781	5.5057	1.50426	0.234945	-0.340827
6.43	1.17776	5.51069	1.50308	0.23624	-0.342039
6.435	1.17741	5.51568	1.5019	0.237539	-0.343249
6.44	1.17706	5.52066	1.50071	0.238842	-0.344456
6.445	1.17671	5.52565	1.49952	0.240147	-0.34566
6.45	1.17635	5.53064	1.49832	0.241455	-0.34686
6.455	1.17598	5.53563	1.49711	0.242767	-0.348058
6.46	1.1756	5.54061	1.4959	0.244082	-0.349253
6.465	1.17522	5.5456	1.49468	0.2454	-0.350445
6.47	1.17484	5.55058	1.49345	0.246722	-0.351634
6.475	1.17444	5.55557	1.49222	0.248046	-0.352819
6.48	1.17405	5.56055	1.49098	0.249373	-0.354002
6.485	1.17364	5.56553	1.48973	0.250704	-0.355181
6.49	1.17323	5.57052	1.48848	0.252038	-0.356357
6.495	1.17281	5.5755	1.48722	0.253375	-0.35753
6.5	1.17239	5.58048	1.48595	0.254715	-0.3587
6.505	1.17196	5.58546	1.48468	0.256058	-0.359867
6.51	1.17152	5.59044	1.4834	0.257405	-0.36103
6.515	1.17108	5.59542	1.48211	0.258754	-0.36219
6.52	1.17063	5.6004	1.48081	0.260107	-0.363346
6.525	1.17017	5.60538	1.47951	0.261462	-0.3645
6.53	1.16971	5.61036	1.47821	0.262821	-0.365649
6.535	1.16924	5.61534	1.47689	0.264183	-0.366796
6.54	1.16877	5.62032	1.47557	0.265548	-0.367939
6.545	1.16829	5.62529	1.47424	0.266915	-0.369078
6.55	1.1678	5.63027	1.47291	0.268286	-0.370214
6.555	1.1673	5.63525	1.47157	0.269661	-0.371346
6.56	1.1668	5.64022	1.47022	0.271038	-0.372475
6.565	1.16629	5.64519	1.46886	0.272418	-0.373601
6.57	1.16578	5.65017	1.4675	0.273801	-0.374722
6.575	1.16525	5.65514	1.46613	0.275187	-0.37584
6.58	1.16472	5.66011	1.46476	0.276576	-0.376954
6.585	1.16419	5.66508	1.46337	0.277969	-0.378065
6.59	1.16364	5.67005	1.46198	0.279364	-0.379172
6.595	1.16309	5.67502	1.46059	0.280762	-0.380275
6.6	1.16254	5.67999	1.45918	0.282164	-0.381374
6.605	1.16197	5.68496	1.45777	0.283568	-0.38247
6.61	1.1614	5.68993	1.45636	0.284975	-0.383561
6.615	1.16082	5.69489	1.45493	0.286386	-0.384649
6.62	1.16024	5.69986	1.4535	0.287799	-0.385732
6.625	1.15965	5.70482	1.45206	0.289215	-0.386812
6.63	1.15905	5.70979	1.45061	0.290634	-0.387888
6.635	1.15844	5.71475	1.44916	0.292057	-0.38896
6.64	1.15783	5.71971	1.4477	0.293482	-0.390028
6.645	1.15721	5.72467	1.44623	0.29491	-0.391091
6.65	1.15658	5.72964	1.44476	0.296341	-0.392151
6.655	1.15594	5.73459	1.44328	0.297775	-0.393206
6.66	1.1553	5.73955	1.44179	0.299212	-0.394257
6.665	1.15465	5.74451	1.44029	0.300652	-0.395304
6.67	1.15399	5.74947	1.43879	0.302095	-0.396347
6.675	1.15332	5.75442	1.43728	0.303541	-0.397386
6.68	1.15265	5.75938	1.43576	0.30499	-0.39842
6.685	1.15197	5.76433	1.43423	0.306442	-0.39945
6.69	1.15128	5.76928	1.4327	0.307896	-0.400475
6.695	1.15059	5.77423	1.43116	0.309354	-0.401496
6.7	1.14988	5.77918	1.42962	0.310814	-0.402513
6.705	1.14917	5.78413	1.42806	0.312278	-0.403525
6.71	1.14845	5.78908	1.4265	0.313744	-0.404533
6.715	1.14773	5.79403	1.42493	0.315213	-0.405536
6.72	1.14699	5.79897	1.42336	0.316686	-0.406535
6.725	1.14625	5.80392	1.42177	0.318161	-0.407529
6.73	1.1455	5.80886	1.42018	0.319639	-0.408518
6.735	1.14474	5.8138	1.41858	0.321119	-0.409503
6.74	1.14397	5.81875	1.41698	0.322603	-0.410483
6.745	1.1432	5.82369	1.41537	0.32409	-0.411458
6.75	1.14242	5.82862	1.41374	0.325579	-0.412429
6.755	1.14163	5.83356	1.41212	0.327071	-0.413395
6.76	1.14083	5.8385	1.41048	0.328567	-0.414356
6.765	1.14002	5.84343	1.40884	0.330065	-0.415312
6.77	1.13921	5.84836	1.40719	0.331566	-0.416263
6.775	1.13839	5.8533	1.40553	0.333069	-0.417209
6.78	1.13756	5.85823	1.40387	0.334576	-0.41815
6.785	1.13672	5.86316	1.40219	0.336086	-0.419087
6.79	1.13587	5.86808	1.40051	0.337598	-0.420018
6.795	1.13501	5.87301	1.39882	0.339113	-0.420944
6.8	1.13415	5.87793	1.39713	0.340631	-0.421865
6.805	1.13328	5.88286	1.39543	0.342152	-0.422781
6.81	1.1324	5.88778	1.39371	0.343676	-0.423691
6.815	1.13151	5.8927	1.392	0.345203	-0.424597
6.82	1.13061	5.89762	1.39027	0.346732	-0.425497
6.825	1.1297	5.90254	1.38854	0.348265	-0.426392
6.83	1.12879	5.90745	1.3868	0.3498	-0.427282
6.835	1.12787	5.91237	1.38505	0.351338	-0.428166
6.84	1.12693	5.91728	1.38329	0.352878	-0.429045
6.845	1.12599	5.92219	1.38152	0.354422	-0.429918
6.85	1.12504	5.9271	1.37975	0.355969	-0.430786
6.855	1.12408	5.93201	1.37797	0.357518	-0.431648
6.86	1.12312	5.93691	1.37619	0.35907	-0.432505
6.865	1.12214	5.94181	1.37439	0.360625	-0.433356
6.87	1.12116	5.94672	1.37259	0.362183	-0.434202
6.875	1.12016	5.95162	1.37078	0.363743	-0.435042
6.88	1.11916	5.95652	1.36896	0.365307	-0.435876
6.885	1.11815	5.96141	1.36713	0.366873	-0.436704
6.89	1.11713	5.96631	1.3653	0.368442	-0.437527
6.895	1.1161	5.9712	1.36345	0.370014	-0.438344
6.9	1.11506	5.97609	1.3616	0.371588	-0.439155
6.905	1.11402	5.98098	1.35975	0.373166	-0.43996
6.91	1.11296	5.98587	1.35788	0.374746	-0.44076
6.915	1.11189	5.99075	1.35601	0.376329	-0.441553
6.92	1.11082	5.99564	1.35412	0.377915	-0.44234
6.925	1.10973	6.00052	1.35224	0.379504	-0.443121
6.93	1.10864	6.0054	1.35034	0.381096	-0.443896
6.935	1.10754	6.01027	1.34843	0.38269	-0.444665
6.94	1.10643	6.01515	1.34652	0.384287	-0.445428
6.945	1.1053	6.02002	1.3446	0.385887	-0.446185
6.95	1.10417	6.02489	1.34267	0.38749	-0.446935
6.955	1.10303	6.02976	1.34073	0.389095	-0.447679
6.96	1.10188	6.03462	1.33879	0.390704	-0.448417
6.965	1.10072	6.03949	1.33683	0.392315	-0.449149
6.97	1.09956	6.04435	1.33487	0.393929	-0.449874
6.975	1.09838	6.04921	1.3329	0.395546	-0.450592
6.98	1.09719	6.05407	1.33092	0.397165	-0.451304
6.985	1.09599	6.05892	1.32894	0.398788	-0.45201
6.99	1.09478	6.06377	1.32694	0.400413	-0.452709
6.995	1.09357	6.06862	1.32494	0.402041	-0.453401
7	1.09234	6.07347	1.32293	0.403672	-0.454087
7.005	1.0911	6.07831	1.32091	0.405305	-0.454766
7.01	1.08986	6.08316	1.31889	0.406942	-0.455438
7.015	1.0886	6.088	1.31685	0.408581	-0.456104
7.02	1.08734	6.09283	1.31481	0.410223	-0.456763
7.025	1.08606	6.09767	1.31276	0.411868	-0.457414
7.03	1.08477	6.1025	1.3107	0.413516	-0.458059
7.035	1.08348	6.10733	1.30863	0.415167	-0.458697
7.04	1.08217	6.11215	1.30655	0.41682	-0.459328
7.045	1.08086	6.11698	1.30447	0.418476	-0.459953
7.05	1.07953	6.1218	1.30238	0.420135	-0.460569
7.055	1.07819	6.12662	1.30028	0.421797	-0.461179
7.06	1.07685	6.13143	1.29817	0.423462	-0.461782
7.065	1.07549	6.13625	1.29605	0.425129	-0.462378
7.07	1.07413	6.14105	1.29393	0.426799	-0.462966
7.075	1.07275	6.14586	1.29179	0.428473	-0.463547
7.08	1.07136	6.15066	1.28965	0.430149	-0.46412
7.085	1.06996	6.15547	1.2875	0.431828	-0.464687
7.09	1.06856	6.16026	1.28534	0.433509	-0.465246
7.095	1.06714	6.16506	1.28317	0.435194	-0.465797
7.1	1.06571	6.16985	1.281	0.436881	-0.466341
7.105	1.06427	6.17464	1.27881	0.438571	-0.466877
7.11	1.06282	6.17942	1.27662	0.440264	-0.467406
7.115	1.06136	6.18421	1.27442	0.44196	-0.467927
7.12	1.05989	6.18898	1.27221	0.443659	-0.468441
7.125	1.05841	6.19376	1.26999	0.445361	-0.468947
7.13	1.05691	6.19853	1.26776	0.447065	-0.469445
7.135	1.05541	6.2033	1.26553	0.448773	-0.469935
7.14	1.0539	6.20807	1.26328	0.450483	-0.470417
7.145	1.05237	6.21283	1.26103	0.452196	-0.470892
7.15	1.05084	6.21759	1.25877	0.453912	-0.471358
7.155	1.04929	6.22234	1.2565	0.455631	-0.471817
7.16	1.04774	6.22709	1.25422	0.457353	-0.472267
7.165	1.04617	6.23184	1.25193	0.459078	-0.47271
7.17	1.04459	6.23659	1.24964	0.460806	-0.473144
7.175	1.043	6.24133	1.24734	0.462536	-0.47357
7.18	1.0414	6.24606	1.24502	0.46427	-0.473988
7.185	1.03979	6.2508	1.2427	0.466006	-0.474398
7.19	1.03817	6.25553	1.24037	0.467745	-0.4748
7.195	1.03653	6.26025	1.23803	0.469488	-0.475193
7.2	1.03489	6.26497	1.23569	0.471233	-0.475577
7.205	1.03324	6.26969	1.23333	0.472981	-0.475954
7.21	1.03157	6.27441	1.23096	0.474732	-0.476321
7.215	1.02989	6.27912	1.22859	0.476486	-0.47668
7.22	1.0282	6.28382	1.22621	0.478243	-0.477031
7.225	1.0265	6.28852	1.22382	0.480003	-0.477373
7.23	1.02479	6.29322	1.22142	0.481766	-0.477707
7.235	1.02307	6.29792	1.21901	0.483532	-0.478031
7.24	1.02133	6.3026	1.21659	0.485301	-0.478347
7.245	1.01959	6.30729	1.21416	0.487073	-0.478654
7.25	1.01783	6.31197	1.21173	0.488848	-0.478952
7.255	1.01606	6.31665	1.20928	0.490626	-0.479242
7.26	1.01428	6.32132	1.20683	0.492407	-0.479522
7.265	1.01249	6.32599	1.20437	0.49419	-0.479794
7.27	1.01069	6.33065	1.2019	0.495977	-0.480056
7.275	1.00887	6.33531	1.19942	0.497767	-0.480309
7.28	1.00705	6.33997	1.19693	0.499561	-0.480553
7.285	1.00521	6.34462	1.19443	0.501357	-0.480788
7.29	1.00336	6.34926	1.19192	0.503156	-0.481014
7.295	1.0015	6.3539	1.18941	0.504958	-0.48123
7.3	0.999626	6.35854	1.18688	0.506764	-0.481438
7.305	0.997741	6.36317	1.18435	0.508572	-0.481635
7.31	0.995845	6.3678	1.18181	0.510384	-0.481824
7.315	0.993937	6.37242	1.17926	0.512198	-0.482003
7.32	0.992017	6.37703	1.17669	0.514016	-0.482172
7.325	0.990085	6.38165	1.17412	0.515837	-0.482332
7.33	0.988142	6.38625	1.17155	0.517661	-0.482482
7.335	0.986186	6.39085	1.16896	0.519489	-0.482623
7.34	0.984219	6.39545	1.16636	0.521319	-0.482753
7.345	0.982239	6.40004	1.16375	0.523153	-0.482874
7.35	0.980248	6.40463	1.16114	0.524989	-0.482986
7.355	0.978244	6.40921	1.15851	0.526829	-0.483087
7.36	0.976229	6.41379	1.15588	0.528673	-0.483179
7.365	0.974201	6.41836	1.15323	0.530519	-0.48326
7.37	0.972161	6.42292	1.15058	0.532369	-0.483332
7.375	0.970109	6.42748	1.14792	0.534222	-0.483394
7.38	0.968045	6.43203	1.14525	0.536078	-0.483445
7.385	0.965969	6.43658	1.14257	0.537937	-0.483487
7.39	0.96388	6.44113	1.13988	0.5398	-0.483518
7.395	0.961779	6.44566	1.13718	0.541666	-0.483539
7.4	0.959666	6.4502	1.13447	0.543536	-0.48355
7.405	0.957541	6.45472	1.13175	0.545408	-0.48355
7.41	0.955403	6.45924	1.12903	0.547284	-0.48354
7.415	0.953253	6.46375	1.12629	0.549164	-0.48352
7.42	0.951091	6.46826	1.12354	0.551047	-0.483489
7.425	0.948916	6.47277	1.12079	0.552933	-0.483448
7.43	0.946729	6.47726	1.11803	0.554822	-0.483396
7.435	0.944529	6.48175	1.11525	0.556716	-0.483333
7.44	0.942317	6.48624	1.11247	0.558612	-0.48326
7.445	0.940092	6.49071	1.10967	0.560512	-0.483176
7.45	0.937855	6.49518	1.10687	0.562415	-0.483081
7.455	0.935605	6.49965	1.10406	0.564322	-0.482976
7.46	0.933342	6.50411	1.10124	0.566233	-0.48286
7.465	0.931067	6.50856	1.09841	0.568147	-0.482733
7.47	0.928779	6.51301	1.09557	0.570064	-0.482594
7.475	0.926479	6.51745	1.09272	0.571985	-0.482445
7.48	0.924166	6.52188	1.08986	0.57391	-0.482285
7.485	0.92184	6.52631	1.08699	0.575838	-0.482114
7.49	0.919502	6.53073	1.08411	0.57777	-0.481932
7.495	0.91715	6.53514	1.08122	0.579705	-0.481738
7.5	0.914786	6.53954	1.07832	0.581644	-0.481533
7.505	0.91241	6.54394	1.07541	0.583587	-0.481317
7.51	0.91002	6.54833	1.07249	0.585534	-0.48109
7.515	0.907617	6.55272	1.06957	0.587484	-0.480851
7.52	0.905202	6.5571	1.06663	0.589438	-0.480601
7.525	0.902774	6.56147	1.06368	0.591396	-0.480339
7.53	0.900333	6.56583	1.06072	0.593357	-0.480066
7.535	0.897878	6.57019	1.05776	0.595323	-0.479781
7.54	0.895411	6.57454	1.05478	0.597292	-0.479485
7.545	0.892931	6.57888	1.05179	0.599265	-0.479177
7.55	0.890438	6.58321	1.0488	0.601242	-0.478857
7.555	0.887932	6.58754	1.04579	0.603223	-0.478526
7.56	0.885413	6.59186	1.04278	0.605208	-0.478183
7.565	0.882881	6.59617	1.03975	0.607196	-0.477828
7.57	0.880335	6.60047	1.03671	0.609189	-0.477461
7.575	0.877777	6.60477	1.03367	0.611186	-0.477082
7.58	0.875206	6.60906	1.03061	0.613187	-0.476691
7.585	0.872621	6.61334	1.02755	0.615192	-0.476288
7.59	0.870023	6.61761	1.02447	0.617201	-0.475873
7.595	0.867412	6.62187	1.02138	0.619214	-0.475446
7.6	0.864788	6.62613	1.01829	0.621231	-0.475007
7.605	0.862151	6.63038	1.01518	0.623252	-0.474555
7.61	0.8595	6.63462	1.01207	0.625278	-0.474092
7.615	0.856837	6.63885	1.00894	0.627308	-0.473616
7.62	0.85416	6.64307	1.0058	0.629342	-0.473127
7.625	0.851469	6.64729	1.00266	0.63138	-0.472627
7.63	0.848766	6.65149	0.999499	0.633423	-0.472113
7.635	0.846049	6.65569	0.996332	0.63547	-0.471588
7.64	0.843318	6.65988	0.993155	0.637522	-0.471049
7.645	0.840575	6.66406	0.989967	0.639578	-0.470499
7.65	0.837818	6.66823	0.986769	0.641639	-0.469935
7.655	0.835048	6.67239	0.983561	0.643704	-0.469359
7.66	0.832264	6.67655	0.980342	0.645773	-0.46877
7.665	0.829467	6.68069	0.977113	0.647847	-0.468169
7.67	0.826656	6.68483	0.973874	0.649926	-0.467554
7.675	0.823832	6.68895	0.970625	0.65201	-0.466927
7.68	0.820995	6.69307	0.967365	0.654098	-0.466287
7.685	0.818144	6.69718	0.964094	0.656191	-0.465634
7.69	0.81528	6.70127	0.960813	0.658288	-0.464968
7.695	0.812402	6.70536	0.957522	0.660391	-0.464289
7.7	0.809511	6.70944	0.95422	0.662498	-0.463597
7.705	0.806606	6.71351	0.950907	0.66461	-0.462892
7.71	0.803688	6.71757	0.947584	0.666728	-0.462174
7.715	0.800756	6.72162	0.944251	0.66885	-0.461442
7.72	0.797811	6.72566	0.940906	0.670977	-0.460697
7.725	0.794852	6.72969	0.937551	0.67311	-0.459939
7.73	0.79188	6.73371	0.934186	0.675247	-0.459168
7.735	0.788894	6.73772	0.93081	0.67739	-0.458383
7.74	0.785894	6.74173	0.927423	0.679538	-0.457585
7.745	0.782881	6.74572	0.924025	0.681691	-0.456774
7.75	0.779855	6.7497	0.920617	0.683849	-0.455949
7.755	0.776814	6.75366	0.917197	0.686013	-0.45511
7.76	0.773761	6.75762	0.913767	0.688183	-0.454258
7.765	0.770693	6.76157	0.910326	0.690358	-0.453392
7.77	0.767612	6.76551	0.906874	0.692538	-0.452513
7.775	0.764517	6.76944	0.903412	0.694724	-0.45162
7.78	0.761409	6.77335	0.899938	0.696916	-0.450713
7.785	0.758287	6.77726	0.896454	0.699113	-0.449793
7.79	0.755152	6.78115	0.892958	0.701316	-0.448858
7.795	0.752002	6.78504	0.889451	0.703525	-0.44791
7.8	0.74884	6.78891	0.885934	0.70574	-0.446948
7.805	0.745663	6.79277	0.882405	0.707961	-0.445972
7.81	0.742473	6.79662	0.878865	0.710188	-0.444982
7.815	0.739269	6.80046	0.875314	0.712421	-0.443978
7.82	0.736052	6.80429	0.871752	0.71466	-0.44296
7.825	0.732821	6.8081	0.868179	0.716906	-0.441928
7.83	0.729576	6.81191	0.864594	0.719158	-0.440882
7.835	0.726318	6.8157	0.860999	0.721416	-0.439821
7.84	0.723046	6.81948	0.857392	0.72368	-0.438747
7.845	0.71976	6.82325	0.853773	0.725951	-0.437658
7.85	0.71646	6.82701	0.850143	0.728229	-0.436555
7.855	0.713147	6.83075	0.846502	0.730513	-0.435437
7.86	0.709821	6.83448	0.84285	0.732804	-0.434306
7.865	0.70648	6.8382	0.839186	0.735102	-0.43316
7.87	0.703126	6.84191	0.83551	0.737407	-0.431999
7.875	0.699759	6.84561	0.831823	0.739719	-0.430824
7.88	0.696377	6.84929	0.828125	0.742038	-0.429635
7.885	0.692983	6.85296	0.824414	0.744364	-0.428431
7.89	0.689574	6.85662	0.820693	0.746698	-0.427212
7.895	0.686152	6.86027	0.816959	0.749039	-0.425979
7.9	0.682716	6.8639	0.813214	0.751387	-0.424731
7.905	0.679266	6.86752	0.809457	0.753743	-0.423469
7.91	0.675803	6.87112	0.805688	0.756106	-0.422192
7.915	0.672327	6.87472	0.801908	0.758477	-0.4209
7.92	0.668836	6.8783	0.798115	0.760856	-0.419593
7.925	0.665333	6.88187	0.794311	0.763243	-0.418272
7.93	0.661815	6.88542	0.790495	0.765638	-0.416936
7.935	0.658284	6.88896	0.786667	0.768041	-0.415585
7.94	0.654739	6.89248	0.782826	0.770453	-0.414219
7.945	0.651181	6.896	0.778974	0.772873	-0.412838
7.95	0.647609	6.8995	0.77511	0.775301	-0.411442
7.955	0.644024	6.90298	0.771233	0.777738	-0.410031
7.96	0.640425	6.90645	0.767345	0.780184	-0.408605
7.965	0.636813	6.90991	0.763444	0.782639	-0.407164
7.97	0.633187	6.91335	0.75953	0.785102	-0.405708
7.975	0.629548	6.91678	0.755605	0.787575	-0.404237
7.98	0.625895	6.9202	0.751667	0.790057	-0.402751
7.985	0.622229	6.9236	0.747717	0.792549	-0.40125
7.99	0.618549	6.92698	0.743754	0.79505	-0.399733
7.995	0.614856	6.93035	0.739779	0.79756	-0.398201
8	0.61115	6.93371	0.735791	0.800081	-0.396654
8.005	0.60743	6.93705	0.731791	0.802612	-0.395092
8.01	0.603697	6.94037	0.727778	0.805152	-0.393514
8.015	0.59995	6.94369	0.723752	0.807703	-0.391921
8.02	0.59619	6.94698	0.719713	0.810265	-0.390312
8.025	0.592417	6.95026	0.715662	0.812837	-0.388689
8.03	0.58863	6.95353	0.711598	0.81542	-0.387049
8.035	0.58483	6.95678	0.707521	0.818014	-0.385395
8.04	0.581017	6.96001	0.703431	0.820619	-0.383724
8.045	0.577191	6.96323	0.699327	0.823235	-0.382039
8.05	0.573351	6.96643	0.695211	0.825863	-0.380337
8.055	0.569498	6.96962	0.691082	0.828503	-0.378621
8.06	0.565632	6.97279	0.686939	0.831154	-0.376888
8.065	0.561753	6.97594	0.682784	0.833818	-0.37514
8.07	0.557861	6.97908	0.678615	0.836494	-0.373376
8.075	0.553956	6.98221	0.674432	0.839183	-0.371597
8.08	0.550037	6.98531	0.670236	0.841884	-0.369802
8.085	0.546106	6.9884	0.666027	0.844598	-0.367991
8.09	0.542162	6.99147	0.661804	0.847326	-0.366165
8.095	0.538204	6.99453	0.657567	0.850067	-0.364322
8.1	0.534234	6.99757	0.653317	0.852822	-0.362464
8.105	0.530251	7.00059	0.649053	0.855591	-0.36059
8.11	0.526254	7.0036	0.644775	0.858374	-0.3587
8.115	0.522245	7.00658	0.640483	0.861171	-0.356795
8.12	0.518223	7.00955	0.636177	0.863983	-0.354873
8.125	0.514189	7.01251	0.631857	0.866811	-0.352935
8.13	0.510141	7.01544	0.627523	0.869653	-0.350982
8.135	0.506081	7.01836	0.623175	0.872512	-0.349012
8.14	0.502008	7.02126	0.618812	0.875386	-0.347027
8.145	0.497923	7.02414	0.614435	0.878276	-0.345025
8.15	0.493825	7.02701	0.610044	0.881183	-0.343008
8.155	0.489714	7.02986	0.605638	0.884107	-0.340974
8.16	0.485591	7.03268	0.601218	0.887049	-0.338924
8.165	0.481455	7.03549	0.596782	0.890007	-0.336858
8.17	0.477307	7.03828	0.592332	0.892984	-0.334776
8.175	0.473146	7.04106	0.587867	0.89598	-0.332678
8.18	0.468973	7.04381	0.583387	0.898994	-0.330563
8.185	0.464788	7.04655	0.578892	0.902027	-0.328432
8.19	0.46059	7.04926	0.574382	0.90508	-0.326285
8.195	0.45638	7.05196	0.569857	0.908152	-0.324122
8.2	0.452158	7.05464	0.565316	0.911246	-0.321942
8.205	0.447924	7.0573	0.56076	0.91436	-0.319746
8.21	0.443678	7.05994	0.556188	0.917495	-0.317534
8.215	0.439419	7.06256	0.551601	0.920653	-0.315305
8.22	0.435149	7.06516	0.546997	0.923833	-0.31306
8.225	0.430866	7.06774	0.542378	0.927036	-0.310798
8.23	0.426572	7.0703	0.537743	0.930262	-0.30852
8.235	0.422266	7.07284	0.533092	0.933512	-0.306225
8.24	0.417948	7.07536	0.528424	0.936787	-0.303914
8.245	0.413618	7.07786	0.52374	0.940087	-0.301586
8.25	0.409277	7.08034	0.51904	0.943413	-0.299241
8.255	0.404923	7.0828	0.514323	0.946765	-0.29688
8.26	0.400559	7.08524	0.509589	0.950145	-0.294502
8.265	0.396182	7.08766	0.504838	0.953552	-0.292107
8.27	0.391795	7.09006	0.50007	0.956988	-0.289696
8.275	0.387396	7.09244	0.495285	0.960454	-0.287268
8.28	0.382985	7.09479	0.490483	0.963949	-0.284823
8.285	0.378563	7.09712	0.485663	0.967476	-0.282361
8.29	0.37413	7.09944	0.480826	0.971034	-0.279882
8.295	0.369686	7.10173	0.475971	0.974624	-0.277386
8.3	0.365231	7.104	0.471098	0.978249	-0.274874
8.305	0.360764	7.10625	0.466207	0.981908	-0.272344
8.31	0.356287	7.10847	0.461297	0.985602	-0.269797
8.315	0.351798	7.11067	0.456369	0.989333	-0.267233
8.32	0.347299	7.11286	0.451422	0.993101	-0.264652
8.325	0.342789	7.11501	0.446457	0.996909	-0.262053
8.33	0.338269	7.11715	0.441472	1.00076	-0.259438
8.335	0.333738	7.11926	0.436469	1.00464	-0.256805
8.34	0.329196	7.12136	0.431445	1.00857	-0.254154
8.345	0.324643	7.12342	0.426402	1.01255	-0.251486
8.35	0.320081	7.12547	0.42134	1.01657	-0.248801
8.355	0.315508	7.12749	0.416257	1.02064	-0.246098
8.36	0.310924	7.12949	0.411154	1.02475	-0.243378
8.365	0.306331	7.13146	0.40603	1.02891	-0.240639
8.37	0.301727	7.13341	0.400885	1.03313	-0.237883
8.375	0.297114	7.13534	0.39572	1.0374	-0.235109
8.38	0.29249	7.13724	0.390533	1.04172	-0.232318
8.385	0.287857	7.13912	0.385324	1.04611	-0.229508
8.39	0.283214	7.14098	0.380094	1.05055	-0.22668
8.395	0.278561	7.14281	0.374841	1.05505	-0.223834
8.4	0.273898	7.14462	0.369566	1.05962	-0.22097
8.405	0.269226	7.1464	0.364267	1.06425	-0.218087
8.41	0.264545	7.14815	0.358946	1.06895	-0.215186
8.415	0.259854	7.14989	0.353601	1.07372	-0.212266
8.42	0.255155	7.15159	0.348233	1.07857	-0.209328
8.425	0.250446	7.15327	0.34284	1.08349	-0.206371
8.43	0.245728	7.15493	0.337423	1.0885	-0.203395
8.435	0.241001	7.15656	0.33198	1.09359	-0.2004
8.44	0.236265	7.15816	0.326512	1.09877	-0.197386
8.445	0.23152	7.15974	0.321018	1.10404	-0.194352
8.45	0.226767	7.16129	0.315498	1.10941	-0.191299
8.455	0.222005	7.16281	0.309951	1.11487	-0.188227
8.46	0.217235	7.16431	0.304377	1.12045	-0.185135
8.465	0.212457	7.16579	0.298774	1.12613	-0.182023
8.47	0.20767	7.16723	0.293144	1.13193	-0.178891
8.475	0.202875	7.16865	0.287484	1.13785	-0.175739
8.48	0.198072	7.17004	0.281795	1.14391	-0.172567
8.485	0.193262	7.1714	0.276075	1.15009	-0.169373
8.49	0.188443	7.17274	0.270325	1.15643	-0.16616
8.495	0.183617	7.17404	0.264543	1.16291	-0.162925
8.5	0.178784	7.17532	0.258728	1.16955	-0.159669
8.505	0.173943	7.17657	0.25288	1.17637	-0.156392
8.51	0.169094	7.1778	0.246999	1.18336	-0.153093
8.515	0.164239	7.17899	0.241082	1.19055	-0.149772
8.52	0.159376	7.18015	0.235129	1.19795	-0.14643
8.525	0.154507	7.18129	0.229139	1.20556	-0.143065
8.53	0.149631	7.1824	0.223111	1.21341	-0.139677
8.535	0.144748	7.18347	0.217044	1.22152	-0.136267
8.54	0.139859	7.18452	0.210937	1.2299	-0.132834
8.545	0.134964	7.18554	0.204787	1.23857	-0.129377
8.55	0.130062	7.18652	0.198594	1.24756	-0.125898
8.555	0.125154	7.18748	0.192357	1.2569	-0.122394
8.56	0.12024	7.1884	0.186072	1.26662	-0.118867
8.565	0.115321	7.1893	0.179739	1.27676	-0.115316
8.57	0.110396	7.19016	0.173355	1.28735	-0.111741
8.575	0.105465	7.19099	0.166919	1.29845	-0.108143
8.58	0.10053	7.19179	0.160426	1.31011	-0.104521
8.585	0.0955887	7.19256	0.153876	1.32241	-0.100875
8.59	0.0906429	7.19329	0.147264	1.33541	-0.0972068
8.595	0.0856922	7.19399	0.140587	1.34923	-0.0935167
8.6	0.0807369	7.19466	0.13384	1.36397	-0.0898061
8.605	0.0757772	7.19529	0.127021	1.37979	-0.086077
8.61	0.0708132	7.19589	0.120122	1.39687	-0.0823321
8.615	0.0658452	7.19646	0.113137	1.41544	-0.0785755
8.62	0.0608733	7.19698	0.10606	1.43582	-0.0748133
8.625	0.0558977	7.19748	0.098881	1.45843	-0.071054
8.63	0.0509187	7.19794	0.0915888	1.48385	-0.0673106
8.635	0.0459364	7.19836	0.0841695	1.51291	-0.0636027
8.64	0.040951	7.19874	0.076605	1.54686	-0.0599609
8.645	0.0359629	7.19908	0.0688706	1.58767	-0.0564345
8.65	0.0309722	7.19939	0.0609323	1.63864	-0.0531077
8.655	0.0259791	7.19965	0.0527391	1.70583	-0.0501327
8.66	0.020984	7.19987	0.0442099	1.80156	-0.0478114
8.665	0.0159871	7.20005	0.0352021	1.95503	-0.0468258
8.67	0.0109887	7.20017	0.025427	2.25259	-0.0490844
8.675	0.00598922	7.20025	0.0141641	3.06422	-0.0626767
8.68	0.000989219	7.20024	-0.00115703	7.879	-0.202422
