descriptor s_test R_test Z_test
0	1.68441	9.99999e-006	0.002	-0.40199	-0.00161641
0.005	1.67941	3.00497e-005	0.00400995	-0.403983	-0.00324926
0.01	1.67441	6.01989e-005	0.00602987	-0.405979	-0.00489855
0.015	1.66941	0.000100497	0.00805976	-0.407978	-0.0065643
0.02	1.66441	0.000150995	0.0100997	-0.40998	-0.00824653
0.025	1.65941	0.000211741	0.0121496	-0.411985	-0.00994525
0.03	1.65441	0.000282786	0.0142095	-0.413993	-0.0116605
0.035	1.64941	0.00036418	0.0162794	-0.416005	-0.0133922
0.04	1.64441	0.000455972	0.0183595	-0.41802	-0.0151405
0.045	1.63941	0.000558213	0.0204496	-0.420038	-0.0169053
0.05	1.63442	0.000670952	0.0225498	-0.42206	-0.0186867
0.055	1.62942	0.00079424	0.0246601	-0.424086	-0.0204847
0.06	1.62442	0.000928126	0.0267805	-0.426115	-0.0222993
0.065	1.61942	0.00107266	0.0289111	-0.428148	-0.0241305
0.07	1.61442	0.0012279	0.0310518	-0.430184	-0.0259782
0.075	1.60943	0.00139388	0.0332027	-0.432225	-0.0278427
0.08	1.60443	0.00157066	0.0353639	-0.43427	-0.0297237
0.085	1.59943	0.00175829	0.0375352	-0.436318	-0.0316215
0.09	1.59444	0.00195682	0.0397168	-0.438371	-0.0335359
0.095	1.58944	0.00216631	0.0419086	-0.440428	-0.0354669
0.1	1.58445	0.00238679	0.0441108	-0.44249	-0.0374147
0.105	1.57945	0.00261832	0.0463232	-0.444556	-0.0393792
0.11	1.57446	0.00286096	0.048546	-0.446626	-0.0413604
0.115	1.56946	0.00311474	0.0507791	-0.448702	-0.0433583
0.12	1.56447	0.00337973	0.0530227	-0.450781	-0.045373
0.125	1.55948	0.00365597	0.0552766	-0.452866	-0.0474044
0.13	1.55449	0.00394352	0.0575409	-0.454956	-0.0494526
0.135	1.5495	0.00424242	0.0598157	-0.45705	-0.0515175
0.14	1.5445	0.00455273	0.0621009	-0.45915	-0.0535993
0.145	1.53952	0.00487449	0.0643967	-0.461255	-0.0556978
0.15	1.53453	0.00520775	0.0667029	-0.463365	-0.0578132
0.155	1.52954	0.00555258	0.0690198	-0.46548	-0.0599453
0.16	1.52455	0.00590901	0.0713472	-0.467601	-0.0620943
0.165	1.51956	0.0062771	0.0736852	-0.469728	-0.0642601
0.17	1.51458	0.00665691	0.0760338	-0.47186	-0.0664428
0.175	1.50959	0.00704847	0.0783931	-0.473999	-0.0686423
0.18	1.50461	0.00745185	0.0807631	-0.476143	-0.0708587
0.185	1.49963	0.00786709	0.0831438	-0.478293	-0.073092
0.19	1.49465	0.00829424	0.0855353	-0.480449	-0.0753421
0.195	1.48967	0.00873337	0.0879375	-0.482611	-0.0776092
0.2	1.48469	0.0091845	0.0903506	-0.48478	-0.0798931
0.205	1.47971	0.00964771	0.0927745	-0.486955	-0.082194
0.21	1.47473	0.010123	0.0952093	-0.489136	-0.0845117
0.215	1.46975	0.0106105	0.0976549	-0.491325	-0.0868464
0.22	1.46478	0.0111103	0.100112	-0.49352	-0.089198
0.225	1.45981	0.0116223	0.102579	-0.495722	-0.0915666
0.23	1.45483	0.0121466	0.105058	-0.497931	-0.0939521
0.235	1.44986	0.0126833	0.107547	-0.500147	-0.0963546
0.24	1.44489	0.0132324	0.110048	-0.50237	-0.098774
0.245	1.43992	0.013794	0.11256	-0.504601	-0.10121
0.25	1.43496	0.0143682	0.115083	-0.506839	-0.103664
0.255	1.42999	0.0149549	0.117617	-0.509085	-0.106134
0.26	1.42503	0.0155543	0.120163	-0.511339	-0.108621
0.265	1.42006	0.0161663	0.122719	-0.5136	-0.111126
0.27	1.4151	0.0167911	0.125287	-0.51587	-0.113647
0.275	1.41014	0.0174287	0.127867	-0.518147	-0.116185
0.28	1.40519	0.0180792	0.130457	-0.520433	-0.118741
0.285	1.40023	0.0187425	0.13306	-0.522727	-0.121313
0.29	1.39528	0.0194188	0.135673	-0.52503	-0.123902
0.295	1.39033	0.0201081	0.138298	-0.527341	-0.126509
0.3	1.38537	0.0208104	0.140935	-0.529661	-0.129132
0.305	1.38043	0.0215259	0.143583	-0.53199	-0.131773
0.31	1.37548	0.0222545	0.146243	-0.534328	-0.13443
0.315	1.37053	0.0229963	0.148915	-0.536676	-0.137105
0.32	1.36559	0.0237514	0.151598	-0.539032	-0.139796
0.325	1.36065	0.0245198	0.154294	-0.541398	-0.142505
0.33	1.35571	0.0253016	0.157001	-0.543774	-0.14523
0.335	1.35078	0.0260968	0.159719	-0.546159	-0.147973
0.34	1.34584	0.0269055	0.16245	-0.548555	-0.150733
0.345	1.34091	0.0277277	0.165193	-0.55096	-0.153509
0.35	1.33598	0.0285635	0.167948	-0.553376	-0.156303
0.355	1.33105	0.0294129	0.170715	-0.555802	-0.159114
0.36	1.32613	0.030276	0.173494	-0.558238	-0.161942
0.365	1.32121	0.0311529	0.176285	-0.560685	-0.164787
0.37	1.31629	0.0320436	0.179088	-0.563143	-0.167649
0.375	1.31137	0.0329481	0.181904	-0.565612	-0.170528
0.38	1.30645	0.0338665	0.184732	-0.568093	-0.173424
0.385	1.30154	0.0347989	0.187573	-0.570584	-0.176338
0.39	1.29663	0.0357453	0.190425	-0.573087	-0.179268
0.395	1.29173	0.0367057	0.193291	-0.575602	-0.182215
0.4	1.28682	0.0376803	0.196169	-0.578128	-0.185179
0.405	1.28192	0.038669	0.19906	-0.580666	-0.188161
0.41	1.27702	0.039672	0.201963	-0.583217	-0.191159
0.415	1.27213	0.0406892	0.204879	-0.58578	-0.194175
0.42	1.26723	0.0417208	0.207808	-0.588355	-0.197207
0.425	1.26234	0.0427668	0.21075	-0.590943	-0.200257
0.43	1.25746	0.0438272	0.213704	-0.593544	-0.203323
0.435	1.25257	0.0449021	0.216672	-0.596158	-0.206407
0.44	1.24769	0.0459915	0.219653	-0.598785	-0.209508
0.445	1.24282	0.0470956	0.222647	-0.601426	-0.212625
0.45	1.23795	0.0482143	0.225654	-0.60408	-0.21576
0.455	1.23308	0.0493477	0.228674	-0.606748	-0.218911
0.46	1.22821	0.0504959	0.231708	-0.609429	-0.22208
0.465	1.22335	0.051659	0.234755	-0.612125	-0.225265
0.47	1.21849	0.0528369	0.237816	-0.614836	-0.228468
0.475	1.21363	0.0540297	0.24089	-0.617561	-0.231687
0.48	1.20878	0.0552375	0.243978	-0.6203	-0.234924
0.485	1.20393	0.0564604	0.247079	-0.623055	-0.238177
0.49	1.19909	0.0576983	0.250195	-0.625825	-0.241447
0.495	1.19425	0.0589515	0.253324	-0.62861	-0.244735
0.5	1.18941	0.0602198	0.256467	-0.63141	-0.248039
0.505	1.18458	0.0615034	0.259624	-0.634227	-0.25136
0.51	1.17975	0.0628023	0.262795	-0.637059	-0.254697
0.515	1.17492	0.0641165	0.26598	-0.639908	-0.258052
0.52	1.1701	0.0654462	0.26918	-0.642773	-0.261424
0.525	1.16529	0.0667914	0.272394	-0.645654	-0.264812
0.53	1.16048	0.0681522	0.275622	-0.648553	-0.268217
0.535	1.15567	0.0695285	0.278865	-0.651468	-0.271639
0.54	1.15087	0.0709205	0.282122	-0.654401	-0.275078
0.545	1.14607	0.0723281	0.285394	-0.657351	-0.278533
0.55	1.14128	0.0737516	0.288681	-0.660319	-0.282005
0.555	1.13649	0.0751908	0.291982	-0.663305	-0.285494
0.56	1.13171	0.076646	0.295299	-0.666309	-0.288999
0.565	1.12693	0.078117	0.29863	-0.669331	-0.292522
0.57	1.12215	0.0796041	0.301977	-0.672372	-0.29606
0.575	1.11738	0.0811071	0.305339	-0.675432	-0.299616
0.58	1.11262	0.0826263	0.308716	-0.678511	-0.303187
0.585	1.10786	0.0841617	0.312109	-0.681609	-0.306776
0.59	1.10311	0.0857132	0.315517	-0.684727	-0.310381
0.595	1.09836	0.087281	0.31894	-0.687865	-0.314002
0.6	1.09362	0.0888651	0.32238	-0.691023	-0.31764
0.605	1.08888	0.0904656	0.325835	-0.694201	-0.321294
0.61	1.08415	0.0920825	0.329306	-0.6974	-0.324965
0.615	1.07943	0.093716	0.332793	-0.700619	-0.328651
0.62	1.07471	0.0953659	0.336296	-0.70386	-0.332355
0.625	1.06999	0.0970325	0.339815	-0.707122	-0.336074
0.63	1.06528	0.0987157	0.343351	-0.710405	-0.339809
0.635	1.06058	0.100416	0.346903	-0.713711	-0.343561
0.64	1.05588	0.102132	0.350471	-0.717038	-0.347329
0.645	1.0512	0.103866	0.354057	-0.720388	-0.351113
0.65	1.04651	0.105616	0.357658	-0.72376	-0.354913
0.655	1.04183	0.107384	0.361277	-0.727155	-0.358728
0.66	1.03716	0.109168	0.364913	-0.730574	-0.36256
0.665	1.0325	0.110969	0.368566	-0.734015	-0.366407
0.67	1.02784	0.112788	0.372236	-0.737481	-0.370271
0.675	1.02319	0.114624	0.375923	-0.74097	-0.37415
0.68	1.01855	0.116476	0.379628	-0.744484	-0.378044
0.685	1.01391	0.118347	0.383351	-0.748021	-0.381954
0.69	1.00928	0.120234	0.387091	-0.751584	-0.38588
0.695	1.00466	0.122139	0.390849	-0.755172	-0.389821
0.7	1.00004	0.124061	0.394625	-0.758785	-0.393778
0.705	0.995433	0.126001	0.398418	-0.762423	-0.39775
0.71	0.990832	0.127958	0.402231	-0.766088	-0.401736
0.715	0.986238	0.129933	0.406061	-0.769778	-0.405739
0.72	0.981653	0.131926	0.40991	-0.773495	-0.409756
0.725	0.977075	0.133936	0.413777	-0.777238	-0.413788
0.73	0.972504	0.135964	0.417664	-0.781009	-0.417835
0.735	0.967942	0.13801	0.421569	-0.784806	-0.421896
0.74	0.963388	0.140074	0.425493	-0.788631	-0.425973
0.745	0.958842	0.142156	0.429436	-0.792484	-0.430063
0.75	0.954304	0.144256	0.433398	-0.796364	-0.434169
0.755	0.949775	0.146374	0.43738	-0.800273	-0.438288
0.76	0.945254	0.14851	0.441381	-0.804211	-0.442422
0.765	0.940742	0.150664	0.445402	-0.808177	-0.44657
0.77	0.936238	0.152836	0.449443	-0.812172	-0.450732
0.775	0.931744	0.155027	0.453504	-0.816197	-0.454908
0.78	0.927258	0.157236	0.457585	-0.820251	-0.459098
0.785	0.922782	0.159463	0.461686	-0.824335	-0.463301
0.79	0.918314	0.161709	0.465808	-0.82845	-0.467518
0.795	0.913856	0.163973	0.46995	-0.832594	-0.471747
0.8	0.909408	0.166256	0.474113	-0.83677	-0.475991
0.805	0.904969	0.168557	0.478297	-0.840976	-0.480247
0.81	0.90054	0.170877	0.482502	-0.845213	-0.484516
0.815	0.896121	0.173216	0.486728	-0.849482	-0.488797
0.82	0.891711	0.175573	0.490976	-0.853782	-0.493091
0.825	0.887312	0.177949	0.495244	-0.858114	-0.497398
0.83	0.882923	0.180344	0.499535	-0.862479	-0.501716
0.835	0.878544	0.182758	0.503847	-0.866875	-0.506047
0.84	0.874176	0.185191	0.508182	-0.871304	-0.510389
0.845	0.869819	0.187643	0.512538	-0.875766	-0.514743
0.85	0.865472	0.190114	0.516917	-0.880261	-0.519109
0.855	0.861136	0.192604	0.521318	-0.884789	-0.523485
0.86	0.856811	0.195114	0.525742	-0.889351	-0.527872
0.865	0.852498	0.197642	0.530189	-0.893946	-0.532271
0.87	0.848195	0.20019	0.534659	-0.898574	-0.536679
0.875	0.843905	0.202757	0.539152	-0.903237	-0.541098
0.88	0.839626	0.205343	0.543668	-0.907934	-0.545527
0.885	0.835358	0.207949	0.548208	-0.912665	-0.549965
0.89	0.831103	0.210574	0.552771	-0.917431	-0.554413
0.895	0.82686	0.213219	0.557358	-0.922231	-0.55887
0.9	0.822629	0.215883	0.561969	-0.927065	-0.563336
0.905	0.81841	0.218567	0.566605	-0.931935	-0.567811
0.91	0.814204	0.221271	0.571264	-0.936839	-0.572294
0.915	0.810011	0.223994	0.575948	-0.941779	-0.576785
0.92	0.80583	0.226737	0.580657	-0.946753	-0.581283
0.925	0.801663	0.229499	0.585391	-0.951763	-0.585789
0.93	0.797508	0.232282	0.59015	-0.956808	-0.590302
0.935	0.793367	0.235084	0.594934	-0.961888	-0.594822
0.94	0.78924	0.237906	0.599743	-0.967004	-0.599348
0.945	0.785126	0.240748	0.604578	-0.972154	-0.603879
0.95	0.781026	0.24361	0.609439	-0.97734	-0.608417
0.955	0.776941	0.246492	0.614326	-0.982561	-0.612959
0.96	0.772869	0.249394	0.619239	-0.987818	-0.617507
0.965	0.768812	0.252316	0.624178	-0.993109	-0.622058
0.97	0.764769	0.255259	0.629143	-0.998436	-0.626614
0.975	0.760741	0.258221	0.634136	-1.0038	-0.631173
0.98	0.756728	0.261204	0.639155	-1.00919	-0.635734
0.985	0.75273	0.264207	0.6442	-1.01462	-0.640299
0.99	0.748748	0.26723	0.649274	-1.02009	-0.644865
0.995	0.744781	0.270273	0.654374	-1.02559	-0.649433
1	0.740829	0.273337	0.659502	-1.03112	-0.654003
1.005	0.736893	0.27642	0.664658	-1.03669	-0.658572
1.01	0.732974	0.279525	0.669841	-1.04229	-0.663142
1.015	0.72907	0.282649	0.675052	-1.04792	-0.667711
1.02	0.725183	0.285795	0.680292	-1.05359	-0.672279
1.025	0.721313	0.28896	0.68556	-1.05929	-0.676845
1.03	0.71746	0.292146	0.690857	-1.06502	-0.681409
1.035	0.713623	0.295353	0.696182	-1.07078	-0.68597
1.04	0.709804	0.298579	0.701536	-1.07658	-0.690527
1.045	0.706002	0.301827	0.706918	-1.0824	-0.69508
1.05	0.702218	0.305095	0.71233	-1.08826	-0.699628
1.055	0.698452	0.308383	0.717772	-1.09414	-0.704171
1.06	0.694703	0.311693	0.723242	-1.10005	-0.708707
1.065	0.690973	0.315022	0.728743	-1.10599	-0.713237
1.07	0.687262	0.318372	0.734273	-1.11196	-0.717758
1.075	0.683569	0.321743	0.739832	-1.11796	-0.722271
1.08	0.679895	0.325135	0.745422	-1.12398	-0.726775
1.085	0.67624	0.328547	0.751042	-1.13002	-0.731269
1.09	0.672604	0.331979	0.756692	-1.13609	-0.735752
1.095	0.668988	0.335433	0.762373	-1.14218	-0.740223
1.1	0.665392	0.338906	0.768084	-1.1483	-0.744682
1.105	0.661816	0.342401	0.773825	-1.15443	-0.749127
1.11	0.65826	0.345916	0.779597	-1.16059	-0.753558
1.115	0.654724	0.349451	0.7854	-1.16676	-0.757974
1.12	0.651209	0.353007	0.791234	-1.17295	-0.762374
1.125	0.647715	0.356584	0.797099	-1.17916	-0.766756
1.13	0.644243	0.360181	0.802994	-1.18538	-0.77112
1.135	0.640791	0.363799	0.808921	-1.19161	-0.775465
1.14	0.637362	0.367437	0.814879	-1.19786	-0.77979
1.145	0.633954	0.371096	0.820869	-1.20412	-0.784094
1.15	0.630568	0.374775	0.826889	-1.21038	-0.788375
1.155	0.627204	0.378474	0.832941	-1.21666	-0.792633
1.16	0.623863	0.382194	0.839024	-1.22293	-0.796867
1.165	0.620545	0.385935	0.845139	-1.22921	-0.801075
1.17	0.61725	0.389695	0.851285	-1.2355	-0.805257
1.175	0.613978	0.393476	0.857463	-1.24178	-0.80941
1.18	0.61073	0.397277	0.863672	-1.24806	-0.813534
1.185	0.607506	0.401099	0.869912	-1.25433	-0.817628
1.19	0.604305	0.40494	0.876184	-1.2606	-0.82169
1.195	0.601129	0.408802	0.882487	-1.26686	-0.82572
1.2	0.597977	0.412684	0.888821	-1.27311	-0.829715
1.205	0.59485	0.416585	0.895186	-1.27934	-0.833675
1.21	0.591749	0.420507	0.901583	-1.28556	-0.837598
1.215	0.588672	0.424448	0.908011	-1.29175	-0.841483
1.22	0.585621	0.428409	0.91447	-1.29793	-0.845328
1.225	0.582596	0.43239	0.920959	-1.30408	-0.849133
1.23	0.579596	0.436391	0.92748	-1.3102	-0.852895
1.235	0.576623	0.440411	0.934031	-1.3163	-0.856613
1.24	0.573677	0.444451	0.940612	-1.32236	-0.860286
1.245	0.570757	0.44851	0.947224	-1.32838	-0.863913
1.25	0.567865	0.452588	0.953866	-1.33436	-0.867491
1.255	0.564999	0.456685	0.960538	-1.34031	-0.871019
1.26	0.562161	0.460802	0.967239	-1.3462	-0.874497
1.265	0.559351	0.464938	0.97397	-1.35204	-0.877921
1.27	0.556569	0.469092	0.980731	-1.35784	-0.881292
1.275	0.553815	0.473265	0.98752	-1.36357	-0.884606
1.28	0.55109	0.477457	0.994338	-1.36924	-0.887863
1.285	0.548394	0.481668	1.00118	-1.37485	-0.891061
1.29	0.545726	0.485897	1.00806	-1.3804	-0.894198
1.295	0.543088	0.490144	1.01496	-1.38587	-0.897273
1.3	0.540479	0.49441	1.02189	-1.39126	-0.900284
1.305	0.5379	0.498693	1.02885	-1.39657	-0.90323
1.31	0.535351	0.502995	1.03583	-1.4018	-0.906108
1.315	0.532832	0.507314	1.04284	-1.40694	-0.908917
1.32	0.530344	0.511651	1.04987	-1.41199	-0.911657
1.325	0.527886	0.516005	1.05693	-1.41694	-0.914324
1.33	0.525459	0.520376	1.06402	-1.42179	-0.916917
1.335	0.523063	0.524765	1.07113	-1.42654	-0.919435
1.34	0.520699	0.529171	1.07826	-1.43117	-0.921875
1.345	0.518366	0.533593	1.08541	-1.43569	-0.924237
1.35	0.516065	0.538032	1.09259	-1.44009	-0.926519
1.355	0.513796	0.542488	1.09979	-1.44437	-0.928719
1.36	0.51156	0.54696	1.10702	-1.44852	-0.930835
1.365	0.509356	0.551448	1.11426	-1.45253	-0.932866
1.37	0.507184	0.555952	1.12152	-1.45641	-0.934811
1.375	0.505045	0.560471	1.1288	-1.46015	-0.936667
1.38	0.50294	0.565006	1.1361	-1.46374	-0.938433
1.385	0.500867	0.569556	1.14342	-1.46718	-0.940107
1.39	0.498828	0.574122	1.15076	-1.47046	-0.941689
1.395	0.496823	0.578702	1.15811	-1.47358	-0.943176
1.4	0.494851	0.583297	1.16548	-1.47654	-0.944568
1.405	0.492914	0.587906	1.17286	-1.47933	-0.945862
1.41	0.49101	0.59253	1.18026	-1.48194	-0.947057
1.415	0.489141	0.597167	1.18767	-1.48437	-0.948152
1.42	0.487307	0.601818	1.19509	-1.48662	-0.949146
1.425	0.485507	0.606483	1.20252	-1.48869	-0.950037
1.43	0.483741	0.611161	1.20997	-1.49056	-0.950824
1.435	0.482011	0.615852	1.21742	-1.49223	-0.951506
1.44	0.480316	0.620556	1.22488	-1.49371	-0.952082
1.445	0.478656	0.625272	1.23235	-1.49498	-0.95255
1.45	0.477031	0.630001	1.23982	-1.49604	-0.95291
1.455	0.475441	0.634742	1.2473	-1.49689	-0.95316
1.46	0.473887	0.639494	1.25479	-1.49753	-0.9533
1.465	0.472369	0.644258	1.26228	-1.49795	-0.953328
1.47	0.470887	0.649033	1.26976	-1.49814	-0.953244
1.475	0.46944	0.653819	1.27726	-1.49811	-0.953047
1.48	0.468029	0.658616	1.28475	-1.49785	-0.952736
1.485	0.466654	0.663423	1.29224	-1.49735	-0.952311
1.49	0.465315	0.668241	1.29972	-1.49663	-0.951771
1.495	0.464013	0.673068	1.30721	-1.49566	-0.951116
1.5	0.462746	0.677905	1.31468	-1.49445	-0.950344
1.505	0.461516	0.682751	1.32216	-1.49301	-0.949456
1.51	0.460321	0.687607	1.32962	-1.49131	-0.948452
1.515	0.459163	0.692471	1.33708	-1.48938	-0.94733
1.52	0.458042	0.697343	1.34452	-1.48719	-0.946091
1.525	0.456956	0.702224	1.35196	-1.48475	-0.944736
1.53	0.455907	0.707113	1.35938	-1.48207	-0.943262
1.535	0.454894	0.712009	1.36679	-1.47913	-0.941672
1.54	0.453917	0.716913	1.37419	-1.47594	-0.939965
1.545	0.452977	0.721823	1.38157	-1.4725	-0.938141
1.55	0.452073	0.726741	1.38893	-1.4688	-0.9362
1.555	0.451204	0.731665	1.39628	-1.46485	-0.934144
1.56	0.450372	0.736595	1.4036	-1.46065	-0.931971
1.565	0.449576	0.741531	1.4109	-1.45619	-0.929684
1.57	0.448816	0.746473	1.41818	-1.45148	-0.927281
1.575	0.448092	0.751421	1.42544	-1.44652	-0.924765
1.58	0.447403	0.756373	1.43267	-1.44131	-0.922136
1.585	0.446751	0.76133	1.43988	-1.43585	-0.919394
1.59	0.446134	0.766292	1.44706	-1.43015	-0.916541
1.595	0.445552	0.771258	1.45421	-1.4242	-0.913577
1.6	0.445006	0.776228	1.46133	-1.418	-0.910504
1.605	0.444495	0.781202	1.46842	-1.41156	-0.907323
1.61	0.444019	0.786179	1.47548	-1.40489	-0.904034
1.615	0.443578	0.79116	1.4825	-1.39797	-0.90064
1.62	0.443172	0.796143	1.48949	-1.39083	-0.897141
1.625	0.442801	0.801129	1.49645	-1.38345	-0.893538
1.63	0.442464	0.806118	1.50337	-1.37585	-0.889835
1.635	0.442161	0.811109	1.51025	-1.36802	-0.88603
1.64	0.441893	0.816102	1.51709	-1.35998	-0.882128
1.645	0.441658	0.821096	1.52389	-1.35172	-0.878128
1.65	0.441458	0.826092	1.53064	-1.34324	-0.874032
1.655	0.44129	0.831089	1.53736	-1.33457	-0.869843
1.66	0.441157	0.836088	1.54403	-1.32568	-0.865563
1.665	0.441056	0.841087	1.55066	-1.3166	-0.861192
1.67	0.440988	0.846086	1.55724	-1.30733	-0.856733
1.675	0.440953	0.851086	1.56378	-1.29787	-0.852187
1.68	0.44095	0.856086	1.57027	-1.28823	-0.847557
1.685	0.44098	0.861086	1.57671	-1.2784	-0.842845
1.69	0.441042	0.866086	1.5831	-1.26841	-0.838053
1.695	0.441135	0.871085	1.58945	-1.25825	-0.833182
1.7	0.44126	0.876083	1.59574	-1.24792	-0.828234
1.705	0.441415	0.881081	1.60198	-1.23744	-0.823213
1.71	0.441602	0.886077	1.60816	-1.22681	-0.818119
1.715	0.44182	0.891072	1.6143	-1.21604	-0.812956
1.72	0.442067	0.896066	1.62038	-1.20512	-0.807724
1.725	0.442345	0.901059	1.6264	-1.19408	-0.802427
1.73	0.442653	0.906049	1.63237	-1.1829	-0.797067
1.735	0.44299	0.911038	1.63829	-1.1716	-0.791645
1.74	0.443357	0.916024	1.64415	-1.16019	-0.786164
1.745	0.443752	0.921009	1.64995	-1.14867	-0.780626
1.75	0.444176	0.925991	1.65569	-1.13705	-0.775033
1.755	0.444628	0.93097	1.66138	-1.12532	-0.769388
1.76	0.445109	0.935947	1.667	-1.11351	-0.763692
1.765	0.445616	0.940921	1.67257	-1.10161	-0.757947
1.77	0.446152	0.945892	1.67808	-1.08963	-0.752157
1.775	0.446714	0.950861	1.68353	-1.07758	-0.746323
1.78	0.447304	0.955826	1.68891	-1.06546	-0.740447
1.785	0.447919	0.960788	1.69424	-1.05327	-0.734531
1.79	0.448561	0.965746	1.69951	-1.04103	-0.728578
1.795	0.449229	0.970702	1.70471	-1.02874	-0.722589
1.8	0.449922	0.975653	1.70986	-1.0164	-0.716566
1.805	0.45064	0.980601	1.71494	-1.00402	-0.710513
1.81	0.451383	0.985546	1.71996	-0.99161	-0.704429
1.815	0.45215	0.990487	1.72492	-0.979169	-0.698319
1.82	0.452942	0.995424	1.72981	-0.966703	-0.692183
1.825	0.453758	1.00036	1.73465	-0.954219	-0.686023
1.83	0.454597	1.00529	1.73942	-0.94172	-0.679842
1.835	0.455459	1.01021	1.74413	-0.929213	-0.673641
1.84	0.456344	1.01513	1.74877	-0.916702	-0.667422
1.845	0.457252	1.02005	1.75336	-0.904191	-0.661187
1.85	0.458182	1.02496	1.75788	-0.891686	-0.654938
1.855	0.459134	1.02987	1.76233	-0.879191	-0.648676
1.86	0.460107	1.03477	1.76673	-0.86671	-0.642403
1.865	0.461102	1.03967	1.77106	-0.854247	-0.636122
1.87	0.462118	1.04457	1.77534	-0.841808	-0.629832
1.875	0.463154	1.04946	1.77954	-0.829395	-0.623537
1.88	0.46421	1.05435	1.78369	-0.817013	-0.617237
1.885	0.465287	1.05923	1.78778	-0.804665	-0.610935
1.89	0.466383	1.06411	1.7918	-0.792355	-0.604631
1.895	0.467498	1.06898	1.79576	-0.780088	-0.598328
1.9	0.468632	1.07385	1.79966	-0.767865	-0.592026
1.905	0.469785	1.07872	1.8035	-0.755691	-0.585727
1.91	0.470957	1.08358	1.80728	-0.743569	-0.579432
1.915	0.472146	1.08844	1.811	-0.731502	-0.573143
1.92	0.473354	1.09329	1.81466	-0.719493	-0.566861
1.925	0.474578	1.09814	1.81825	-0.707544	-0.560586
1.93	0.47582	1.10298	1.82179	-0.695658	-0.554322
1.935	0.477079	1.10782	1.82527	-0.683839	-0.548067
1.94	0.478354	1.11265	1.82869	-0.672088	-0.541824
1.945	0.479645	1.11748	1.83205	-0.660408	-0.535594
1.95	0.480953	1.12231	1.83535	-0.648801	-0.529378
1.955	0.482276	1.12713	1.83859	-0.637269	-0.523176
1.96	0.483614	1.13195	1.84178	-0.625815	-0.51699
1.965	0.484968	1.13676	1.84491	-0.614439	-0.510821
1.97	0.486336	1.14157	1.84798	-0.603145	-0.504669
1.975	0.487719	1.14638	1.851	-0.591934	-0.498536
1.98	0.489116	1.15118	1.85396	-0.580808	-0.492422
1.985	0.490527	1.15597	1.85686	-0.569767	-0.486329
1.99	0.491951	1.16077	1.85971	-0.558814	-0.480256
1.995	0.493389	1.16556	1.8625	-0.54795	-0.474205
2	0.49484	1.17034	1.86524	-0.537176	-0.468176
2.005	0.496304	1.17512	1.86793	-0.526493	-0.46217
2.01	0.497781	1.1799	1.87056	-0.515903	-0.456189
2.015	0.499269	1.18467	1.87314	-0.505405	-0.450231
2.02	0.50077	1.18944	1.87567	-0.495002	-0.444299
2.025	0.502283	1.19421	1.87814	-0.484695	-0.438392
2.03	0.503807	1.19897	1.88057	-0.474483	-0.432511
2.035	0.505343	1.20373	1.88294	-0.464367	-0.426657
2.04	0.506889	1.20848	1.88526	-0.454349	-0.42083
2.045	0.508446	1.21323	1.88753	-0.444429	-0.415031
2.05	0.510014	1.21798	1.88976	-0.434606	-0.40926
2.055	0.511593	1.22273	1.89193	-0.424883	-0.403517
2.06	0.513181	1.22747	1.89405	-0.415258	-0.397803
2.065	0.514779	1.2322	1.89613	-0.405732	-0.392119
2.07	0.516387	1.23694	1.89816	-0.396306	-0.386464
2.075	0.518004	1.24167	1.90014	-0.386979	-0.380839
2.08	0.51963	1.2464	1.90207	-0.377753	-0.375245
2.085	0.521265	1.25112	1.90396	-0.368626	-0.369681
2.09	0.522909	1.25584	1.90581	-0.359598	-0.364148
2.095	0.524562	1.26056	1.9076	-0.350671	-0.358646
2.1	0.526222	1.26528	1.90936	-0.341843	-0.353176
2.105	0.527891	1.26999	1.91107	-0.333115	-0.347737
2.11	0.529567	1.2747	1.91273	-0.324486	-0.34233
2.115	0.531252	1.27941	1.91435	-0.315957	-0.336955
2.12	0.532943	1.28412	1.91593	-0.307526	-0.331612
2.125	0.534642	1.28882	1.91747	-0.299194	-0.326301
2.13	0.536348	1.29352	1.91897	-0.29096	-0.321023
2.135	0.538061	1.29822	1.92042	-0.282825	-0.315778
2.14	0.53978	1.30291	1.92184	-0.274787	-0.310565
2.145	0.541506	1.3076	1.92321	-0.266846	-0.305385
2.15	0.543238	1.3123	1.92455	-0.259002	-0.300238
2.155	0.544976	1.31698	1.92584	-0.251254	-0.295124
2.16	0.54672	1.32167	1.9271	-0.243602	-0.290043
2.165	0.54847	1.32635	1.92831	-0.236045	-0.284995
2.17	0.550225	1.33103	1.92949	-0.228583	-0.279981
2.175	0.551986	1.33571	1.93064	-0.221216	-0.274999
2.18	0.553752	1.34039	1.93174	-0.213941	-0.270051
2.185	0.555523	1.34507	1.93281	-0.20676	-0.265136
2.19	0.557298	1.34974	1.93385	-0.199671	-0.260254
2.195	0.559078	1.35441	1.93485	-0.192674	-0.255405
2.2	0.560863	1.35909	1.93581	-0.185768	-0.250589
2.205	0.562652	1.36375	1.93674	-0.178952	-0.245807
2.21	0.564446	1.36842	1.93763	-0.172226	-0.241057
2.215	0.566243	1.37309	1.93849	-0.165589	-0.236341
2.22	0.568044	1.37775	1.93932	-0.15904	-0.231657
2.225	0.569849	1.38241	1.94012	-0.152579	-0.227007
2.23	0.571658	1.38708	1.94088	-0.146205	-0.222389
2.235	0.57347	1.39174	1.94161	-0.139917	-0.217805
2.24	0.575285	1.3964	1.94231	-0.133715	-0.213253
2.245	0.577103	1.40105	1.94298	-0.127597	-0.208733
2.25	0.578924	1.40571	1.94362	-0.121563	-0.204246
2.255	0.580748	1.41036	1.94422	-0.115612	-0.199792
2.26	0.582575	1.41502	1.9448	-0.109743	-0.19537
2.265	0.584404	1.41967	1.94535	-0.103956	-0.19098
2.27	0.586236	1.42432	1.94587	-0.0982502	-0.186623
2.275	0.58807	1.42898	1.94636	-0.0926243	-0.182297
2.28	0.589906	1.43363	1.94683	-0.0870776	-0.178004
2.285	0.591744	1.43828	1.94726	-0.0816094	-0.173742
2.29	0.593584	1.44293	1.94767	-0.0762189	-0.169512
2.295	0.595426	1.44757	1.94805	-0.0709054	-0.165313
2.3	0.59727	1.45222	1.9484	-0.065668	-0.161146
2.305	0.599115	1.45687	1.94873	-0.060506	-0.15701
2.31	0.600961	1.46152	1.94904	-0.0554186	-0.152905
2.315	0.602809	1.46616	1.94931	-0.050405	-0.148832
2.32	0.604658	1.47081	1.94956	-0.0454645	-0.144789
2.325	0.606508	1.47545	1.94979	-0.0405961	-0.140777
2.33	0.608359	1.4801	1.95	-0.0357993	-0.136795
2.335	0.61021	1.48474	1.95017	-0.0310732	-0.132844
2.34	0.612063	1.48939	1.95033	-0.026417	-0.128923
2.345	0.613916	1.49403	1.95046	-0.0218299	-0.125032
2.35	0.615769	1.49867	1.95057	-0.0173113	-0.121171
2.355	0.617623	1.50332	1.95066	-0.0128602	-0.11734
2.36	0.619477	1.50796	1.95072	-0.00847608	-0.113539
2.365	0.621332	1.5126	1.95076	-0.00415805	-0.109767
2.37	0.623186	1.51725	1.95078	9.46189e-005	-0.106025
2.375	0.625041	1.52189	1.95078	0.00428266	-0.102311
2.38	0.626895	1.52653	1.95076	0.00840682	-0.0986269
2.385	0.62875	1.53118	1.95072	0.0124678	-0.0949714
2.39	0.630604	1.53582	1.95066	0.0164664	-0.0913445
2.395	0.632457	1.54046	1.95058	0.0204033	-0.0877461
2.4	0.63431	1.54511	1.95047	0.0242793	-0.0841761
2.405	0.636163	1.54975	1.95035	0.028095	-0.0806343
2.41	0.638015	1.5544	1.95021	0.0318511	-0.0771205
2.415	0.639866	1.55904	1.95005	0.0355484	-0.0736345
2.42	0.641716	1.56369	1.94988	0.0391876	-0.0701762
2.425	0.643566	1.56833	1.94968	0.0427694	-0.0667454
2.43	0.645414	1.57298	1.94947	0.0462943	-0.063342
2.435	0.647261	1.57762	1.94923	0.0497632	-0.0599657
2.44	0.649108	1.58227	1.94899	0.0531767	-0.0566165
2.445	0.650953	1.58692	1.94872	0.0565355	-0.0532941
2.45	0.652796	1.59157	1.94844	0.0598402	-0.0499983
2.455	0.654638	1.59621	1.94814	0.0630914	-0.0467291
2.46	0.656479	1.60086	1.94782	0.06629	-0.0434863
2.465	0.658319	1.60551	1.94749	0.0694364	-0.0402696
2.47	0.660156	1.61016	1.94714	0.0725313	-0.0370789
2.475	0.661992	1.61481	1.94678	0.0755753	-0.0339141
2.48	0.663826	1.61946	1.9464	0.0785692	-0.0307749
2.485	0.665659	1.62412	1.94601	0.0815134	-0.0276613
2.49	0.667489	1.62877	1.9456	0.0844086	-0.024573
2.495	0.669318	1.63342	1.94518	0.0872554	-0.02151
2.5	0.671144	1.63808	1.94474	0.0900545	-0.0184719
2.505	0.672968	1.64273	1.94429	0.0928063	-0.0154587
2.51	0.674791	1.64739	1.94383	0.0955115	-0.0124702
2.515	0.676611	1.65205	1.94335	0.0981707	-0.00950632
2.52	0.678428	1.6567	1.94286	0.100784	-0.00656677
2.525	0.680244	1.66136	1.94236	0.103353	-0.00365145
2.53	0.682057	1.66602	1.94184	0.105878	-0.000760194
2.535	0.683867	1.67068	1.94131	0.108359	0.00210715
2.54	0.685675	1.67535	1.94077	0.110796	0.00495074
2.545	0.68748	1.68001	1.94022	0.113191	0.00777074
2.55	0.689283	1.68467	1.93965	0.115544	0.0105673
2.555	0.691083	1.68934	1.93907	0.117855	0.0133406
2.56	0.69288	1.694	1.93848	0.120125	0.0160907
2.565	0.694675	1.69867	1.93788	0.122354	0.0188179
2.57	0.696467	1.70334	1.93727	0.124543	0.0215222
2.575	0.698255	1.70801	1.93665	0.126693	0.0242039
2.58	0.700041	1.71268	1.93601	0.128803	0.026863
2.585	0.701824	1.71735	1.93537	0.130876	0.0294998
2.59	0.703603	1.72202	1.93472	0.13291	0.0321143
2.595	0.70538	1.72669	1.93405	0.134906	0.0347067
2.6	0.707154	1.73137	1.93338	0.136865	0.0372772
2.605	0.708924	1.73605	1.93269	0.138788	0.039826
2.61	0.710691	1.74072	1.932	0.140674	0.042353
2.615	0.712454	1.7454	1.93129	0.142525	0.0448586
2.62	0.714215	1.75008	1.93058	0.14434	0.0473428
2.625	0.715972	1.75476	1.92986	0.146121	0.0498058
2.63	0.717725	1.75944	1.92913	0.147867	0.0522477
2.635	0.719475	1.76413	1.92839	0.149579	0.0546687
2.64	0.721222	1.76881	1.92764	0.151257	0.0570689
2.645	0.722965	1.7735	1.92689	0.152903	0.0594484
2.65	0.724705	1.77819	1.92612	0.154516	0.0618074
2.655	0.72644	1.78288	1.92535	0.156096	0.064146
2.66	0.728173	1.78757	1.92457	0.157645	0.0664643
2.665	0.729901	1.79226	1.92378	0.159162	0.0687625
2.67	0.731626	1.79695	1.92298	0.160648	0.0710408
2.675	0.733347	1.80165	1.92218	0.162103	0.0732991
2.68	0.735064	1.80634	1.92137	0.163528	0.0755378
2.685	0.736777	1.81104	1.92055	0.164924	0.0777568
2.69	0.738487	1.81574	1.91973	0.166289	0.0799564
2.695	0.740193	1.82044	1.9189	0.167626	0.0821366
2.7	0.741894	1.82514	1.91806	0.168934	0.0842976
2.705	0.743592	1.82984	1.91721	0.170213	0.0864395
2.71	0.745285	1.83455	1.91636	0.171464	0.0885625
2.715	0.746975	1.83925	1.91551	0.172688	0.0906666
2.72	0.748661	1.84396	1.91464	0.173884	0.092752
2.725	0.750342	1.84867	1.91377	0.175053	0.0948187
2.73	0.752019	1.85338	1.9129	0.176196	0.0968671
2.735	0.753693	1.85809	1.91202	0.177312	0.098897
2.74	0.755362	1.8628	1.91113	0.178402	0.100909
2.745	0.757026	1.86752	1.91024	0.179467	0.102902
2.75	0.758687	1.87223	1.90934	0.180506	0.104878
2.755	0.760343	1.87695	1.90844	0.18152	0.106836
2.76	0.761995	1.88167	1.90753	0.18251	0.108775
2.765	0.763643	1.88639	1.90662	0.183475	0.110698
2.77	0.765286	1.89111	1.9057	0.184416	0.112602
2.775	0.766926	1.89584	1.90478	0.185333	0.11449
2.78	0.76856	1.90056	1.90385	0.186227	0.11636
2.785	0.77019	1.90529	1.90292	0.187098	0.118212
2.79	0.771816	1.91002	1.90199	0.187945	0.120048
2.795	0.773438	1.91475	1.90105	0.18877	0.121866
2.8	0.775055	1.91948	1.9001	0.189573	0.123668
2.805	0.776667	1.92421	1.89915	0.190354	0.125453
2.81	0.778275	1.92895	1.8982	0.191113	0.127221
2.815	0.779878	1.93368	1.89725	0.19185	0.128973
2.82	0.781477	1.93842	1.89629	0.192567	0.130708
2.825	0.783072	1.94316	1.89532	0.193262	0.132427
2.83	0.784661	1.9479	1.89436	0.193937	0.13413
2.835	0.786246	1.95264	1.89339	0.194591	0.135816
2.84	0.787827	1.95739	1.89242	0.195225	0.137486
2.845	0.789403	1.96213	1.89144	0.195839	0.139141
2.85	0.790974	1.96688	1.89046	0.196434	0.140779
2.855	0.792541	1.97163	1.88948	0.197009	0.142402
2.86	0.794103	1.97638	1.88849	0.197565	0.144009
2.865	0.79566	1.98113	1.88751	0.198102	0.145601
2.87	0.797212	1.98588	1.88652	0.19862	0.147177
2.875	0.79876	1.99063	1.88552	0.19912	0.148737
2.88	0.800303	1.99539	1.88453	0.199601	0.150283
2.885	0.801841	2.00015	1.88353	0.200065	0.151813
2.89	0.803375	2.00491	1.88253	0.200511	0.153328
2.895	0.804904	2.00967	1.88153	0.200939	0.154828
2.9	0.806428	2.01443	1.88052	0.20135	0.156313
2.905	0.807947	2.01919	1.87951	0.201744	0.157784
2.91	0.809461	2.02396	1.87851	0.202121	0.159239
2.915	0.810971	2.02872	1.87749	0.202481	0.16068
2.92	0.812476	2.03349	1.87648	0.202825	0.162107
2.925	0.813975	2.03826	1.87547	0.203152	0.163518
2.93	0.81547	2.04303	1.87445	0.203464	0.164916
2.935	0.816961	2.04781	1.87344	0.203759	0.166299
2.94	0.818446	2.05258	1.87242	0.204039	0.167668
2.945	0.819926	2.05736	1.8714	0.204304	0.169023
2.95	0.821402	2.06213	1.87037	0.204553	0.170364
2.955	0.822873	2.06691	1.86935	0.204787	0.171691
2.96	0.824339	2.07169	1.86833	0.205006	0.173003
2.965	0.825799	2.07648	1.8673	0.205211	0.174303
2.97	0.827255	2.08126	1.86628	0.205401	0.175588
2.975	0.828707	2.08604	1.86525	0.205577	0.17686
2.98	0.830153	2.09083	1.86422	0.205738	0.178118
2.985	0.831594	2.09562	1.86319	0.205886	0.179363
2.99	0.83303	2.10041	1.86216	0.20602	0.180594
2.995	0.834462	2.1052	1.86113	0.20614	0.181812
3	0.835888	2.10999	1.8601	0.206246	0.183017
3.005	0.83731	2.11478	1.85907	0.20634	0.184208
3.01	0.838726	2.11958	1.85804	0.20642	0.185387
3.015	0.840138	2.12437	1.85701	0.206487	0.186552
3.02	0.841544	2.12917	1.85598	0.206542	0.187705
3.025	0.842946	2.13397	1.85494	0.206584	0.188845
3.03	0.844343	2.13877	1.85391	0.206613	0.189971
3.035	0.845735	2.14358	1.85288	0.206631	0.191086
3.04	0.847121	2.14838	1.85184	0.206636	0.192187
3.045	0.848503	2.15318	1.85081	0.206629	0.193276
3.05	0.84988	2.15799	1.84978	0.20661	0.194352
3.055	0.851252	2.1628	1.84874	0.206579	0.195416
3.06	0.852619	2.16761	1.84771	0.206537	0.196468
3.065	0.853981	2.17242	1.84668	0.206484	0.197507
3.07	0.855338	2.17723	1.84565	0.206419	0.198534
3.075	0.85669	2.18205	1.84461	0.206343	0.199549
3.08	0.858037	2.18686	1.84358	0.206256	0.200552
3.085	0.859379	2.19168	1.84255	0.206158	0.201542
3.09	0.860716	2.1965	1.84152	0.20605	0.202521
3.095	0.862049	2.20131	1.84049	0.205931	0.203488
3.1	0.863376	2.20614	1.83946	0.205802	0.204443
3.105	0.864698	2.21096	1.83843	0.205662	0.205386
3.11	0.866015	2.21578	1.8374	0.205512	0.206318
3.115	0.867328	2.22061	1.83638	0.205353	0.207238
3.12	0.868635	2.22543	1.83535	0.205183	0.208146
3.125	0.869937	2.23026	1.83432	0.205003	0.209043
3.13	0.871235	2.23509	1.8333	0.204814	0.209928
3.135	0.872528	2.23992	1.83227	0.204616	0.210802
3.14	0.873815	2.24475	1.83125	0.204408	0.211665
3.145	0.875098	2.24958	1.83023	0.20419	0.212516
3.15	0.876375	2.25442	1.82921	0.203964	0.213357
3.155	0.877648	2.25925	1.82819	0.203728	0.214186
3.16	0.878916	2.26409	1.82717	0.203484	0.215004
3.165	0.880179	2.26893	1.82615	0.203231	0.215811
3.17	0.881437	2.27376	1.82514	0.202969	0.216607
3.175	0.88269	2.27861	1.82412	0.202699	0.217392
3.18	0.883938	2.28345	1.82311	0.20242	0.218166
3.185	0.885182	2.28829	1.8221	0.202132	0.218929
3.19	0.88642	2.29313	1.82108	0.201837	0.219682
3.195	0.887654	2.29798	1.82008	0.201533	0.220424
3.2	0.888882	2.30283	1.81907	0.201222	0.221155
3.205	0.890106	2.30767	1.81806	0.200902	0.221876
3.21	0.891325	2.31252	1.81706	0.200575	0.222587
3.215	0.892539	2.31737	1.81605	0.20024	0.223287
3.22	0.893748	2.32223	1.81505	0.199897	0.223976
3.225	0.894953	2.32708	1.81405	0.199547	0.224655
3.23	0.896152	2.33193	1.81306	0.19919	0.225324
3.235	0.897347	2.33679	1.81206	0.198825	0.225983
3.24	0.898537	2.34164	1.81107	0.198453	0.226631
3.245	0.899722	2.3465	1.81007	0.198074	0.227269
3.25	0.900902	2.35136	1.80908	0.197688	0.227897
3.255	0.902077	2.35622	1.80809	0.197295	0.228516
3.26	0.903248	2.36108	1.80711	0.196895	0.229124
3.265	0.904414	2.36594	1.80612	0.196488	0.229722
3.27	0.905575	2.37081	1.80514	0.196075	0.23031
3.275	0.906731	2.37567	1.80416	0.195655	0.230889
3.28	0.907882	2.38054	1.80318	0.195229	0.231458
3.285	0.909029	2.3854	1.80221	0.194797	0.232017
3.29	0.910171	2.39027	1.80123	0.194358	0.232566
3.295	0.911308	2.39514	1.80026	0.193913	0.233106
3.3	0.912441	2.40001	1.79929	0.193462	0.233636
3.305	0.913569	2.40488	1.79832	0.193005	0.234157
3.31	0.914692	2.40975	1.79736	0.192543	0.234668
3.315	0.91581	2.41463	1.7964	0.192074	0.235169
3.32	0.916924	2.4195	1.79544	0.191599	0.235662
3.325	0.918033	2.42438	1.79448	0.191119	0.236145
3.33	0.919138	2.42925	1.79352	0.190634	0.236618
3.335	0.920237	2.43413	1.79257	0.190142	0.237083
3.34	0.921333	2.43901	1.79162	0.189646	0.237538
3.345	0.922423	2.44389	1.79067	0.189144	0.237984
3.35	0.923509	2.44877	1.78972	0.188637	0.238421
3.355	0.92459	2.45365	1.78878	0.188124	0.238849
3.36	0.925667	2.45853	1.78784	0.187607	0.239267
3.365	0.926739	2.46342	1.7869	0.187085	0.239677
3.37	0.927807	2.4683	1.78597	0.186557	0.240078
3.375	0.92887	2.47319	1.78503	0.186025	0.24047
3.38	0.929928	2.47807	1.7841	0.185488	0.240853
3.385	0.930982	2.48296	1.78318	0.184946	0.241227
3.39	0.932032	2.48785	1.78225	0.1844	0.241593
3.395	0.933077	2.49274	1.78133	0.183849	0.24195
3.4	0.934117	2.49763	1.78041	0.183293	0.242298
3.405	0.935153	2.50252	1.77949	0.182733	0.242637
3.41	0.936184	2.50741	1.77858	0.182169	0.242968
3.415	0.937211	2.51231	1.77767	0.1816	0.243291
3.42	0.938234	2.5172	1.77676	0.181027	0.243604
3.425	0.939252	2.5221	1.77586	0.18045	0.24391
3.43	0.940266	2.52699	1.77495	0.179869	0.244206
3.435	0.941275	2.53189	1.77406	0.179284	0.244495
3.44	0.94228	2.53679	1.77316	0.178695	0.244775
3.445	0.943281	2.54169	1.77227	0.178103	0.245047
3.45	0.944277	2.54659	1.77137	0.177506	0.24531
3.455	0.945269	2.55149	1.77049	0.176905	0.245565
3.46	0.946256	2.55639	1.7696	0.176301	0.245812
3.465	0.947239	2.56129	1.76872	0.175694	0.246051
3.47	0.948218	2.5662	1.76784	0.175082	0.246282
3.475	0.949193	2.5711	1.76697	0.174468	0.246505
3.48	0.950163	2.576	1.76609	0.173849	0.246719
3.485	0.951129	2.58091	1.76523	0.173228	0.246926
3.49	0.952091	2.58582	1.76436	0.172603	0.247124
3.495	0.953048	2.59072	1.7635	0.171975	0.247315
3.5	0.954002	2.59563	1.76264	0.171343	0.247498
3.505	0.954951	2.60054	1.76178	0.170709	0.247673
3.51	0.955896	2.60545	1.76093	0.170071	0.24784
3.515	0.956836	2.61036	1.76008	0.169431	0.247999
3.52	0.957773	2.61527	1.75923	0.168788	0.24815
3.525	0.958706	2.62019	1.75838	0.168141	0.248294
3.53	0.959634	2.6251	1.75754	0.167492	0.24843
3.535	0.960558	2.63001	1.75671	0.16684	0.248558
3.54	0.961478	2.63493	1.75587	0.166185	0.248679
3.545	0.962394	2.63984	1.75504	0.165528	0.248792
3.55	0.963306	2.64476	1.75421	0.164868	0.248898
3.555	0.964214	2.64968	1.75339	0.164206	0.248996
3.56	0.965118	2.65459	1.75257	0.163541	0.249086
3.565	0.966018	2.65951	1.75175	0.162873	0.249169
3.57	0.966914	2.66443	1.75094	0.162204	0.249245
3.575	0.967805	2.66935	1.75013	0.161531	0.249313
3.58	0.968693	2.67427	1.74932	0.160857	0.249374
3.585	0.969577	2.67919	1.74851	0.16018	0.249428
3.59	0.970457	2.68411	1.74771	0.159502	0.249474
3.595	0.971333	2.68904	1.74692	0.158821	0.249513
3.6	0.972205	2.69396	1.74612	0.158138	0.249545
3.605	0.973074	2.69888	1.74533	0.157453	0.249569
3.61	0.973938	2.70381	1.74454	0.156766	0.249587
3.615	0.974799	2.70873	1.74376	0.156077	0.249597
3.62	0.975655	2.71366	1.74298	0.155386	0.2496
3.625	0.976508	2.71859	1.7422	0.154694	0.249596
3.63	0.977357	2.72351	1.74143	0.153999	0.249585
3.635	0.978202	2.72844	1.74066	0.153303	0.249567
3.64	0.979044	2.73337	1.73989	0.152606	0.249542
3.645	0.979881	2.7383	1.73913	0.151906	0.24951
3.65	0.980715	2.74323	1.73837	0.151205	0.249471
3.655	0.981546	2.74816	1.73761	0.150503	0.249426
3.66	0.982372	2.75309	1.73686	0.149799	0.249373
3.665	0.983195	2.75802	1.73611	0.149094	0.249314
3.67	0.984014	2.76296	1.73537	0.148387	0.249247
3.675	0.98483	2.76789	1.73462	0.147679	0.249174
3.68	0.985641	2.77282	1.73389	0.14697	0.249094
3.685	0.98645	2.77776	1.73315	0.146259	0.249008
3.69	0.987254	2.78269	1.73242	0.145548	0.248915
3.695	0.988055	2.78763	1.73169	0.144835	0.248815
3.7	0.988853	2.79256	1.73097	0.144121	0.248708
3.705	0.989647	2.7975	1.73025	0.143406	0.248595
3.71	0.990437	2.80244	1.72953	0.14269	0.248475
3.715	0.991224	2.80738	1.72882	0.141973	0.248349
3.72	0.992007	2.81231	1.72811	0.141255	0.248216
3.725	0.992787	2.81725	1.7274	0.140536	0.248077
3.73	0.993563	2.82219	1.7267	0.139816	0.247931
3.735	0.994336	2.82713	1.726	0.139096	0.247779
3.74	0.995106	2.83207	1.7253	0.138375	0.24762
3.745	0.995872	2.83701	1.72461	0.137653	0.247455
3.75	0.996634	2.84195	1.72392	0.13693	0.247284
3.755	0.997394	2.8469	1.72324	0.136207	0.247106
3.76	0.998149	2.85184	1.72256	0.135483	0.246922
3.765	0.998902	2.85678	1.72188	0.134759	0.246731
3.77	0.999651	2.86173	1.72121	0.134034	0.246535
3.775	1.0004	2.86667	1.72054	0.133309	0.246332
3.78	1.00114	2.87161	1.71987	0.132583	0.246123
3.785	1.00188	2.87656	1.71921	0.131857	0.245907
3.79	1.00262	2.88151	1.71855	0.13113	0.245686
3.795	1.00335	2.88645	1.71789	0.130404	0.245458
3.8	1.00408	2.8914	1.71724	0.129677	0.245225
3.805	1.0048	2.89634	1.71659	0.12895	0.244985
3.81	1.00553	2.90129	1.71595	0.128222	0.244739
3.815	1.00625	2.90624	1.71531	0.127495	0.244487
3.82	1.00696	2.91119	1.71467	0.126767	0.244229
3.825	1.00768	2.91614	1.71403	0.126039	0.243965
3.83	1.00839	2.92109	1.7134	0.125312	0.243695
3.835	1.0091	2.92604	1.71278	0.124584	0.243419
3.84	1.0098	2.93099	1.71215	0.123856	0.243137
3.845	1.0105	2.93594	1.71154	0.123129	0.24285
3.85	1.0112	2.94089	1.71092	0.122401	0.242556
3.855	1.0119	2.94584	1.71031	0.121674	0.242257
3.86	1.01259	2.95079	1.7097	0.120947	0.241951
3.865	1.01328	2.95574	1.70909	0.12022	0.24164
3.87	1.01396	2.9607	1.70849	0.119494	0.241323
3.875	1.01465	2.96565	1.7079	0.118768	0.241001
3.88	1.01533	2.9706	1.7073	0.118042	0.240672
3.885	1.016	2.97556	1.70671	0.117316	0.240338
3.89	1.01668	2.98051	1.70613	0.116591	0.239998
3.895	1.01735	2.98547	1.70554	0.115867	0.239653
3.9	1.01802	2.99042	1.70496	0.115143	0.239302
3.905	1.01869	2.99538	1.70439	0.114419	0.238945
3.91	1.01935	3.00033	1.70382	0.113696	0.238583
3.915	1.02001	3.00529	1.70325	0.112974	0.238215
3.92	1.02067	3.01024	1.70268	0.112252	0.237841
3.925	1.02132	3.0152	1.70212	0.111531	0.237462
3.93	1.02197	3.02016	1.70156	0.110811	0.237077
3.935	1.02262	3.02512	1.70101	0.110091	0.236687
3.94	1.02327	3.03007	1.70046	0.109372	0.236292
3.945	1.02391	3.03503	1.69991	0.108654	0.23589
3.95	1.02455	3.03999	1.69937	0.107937	0.235484
3.955	1.02519	3.04495	1.69883	0.107221	0.235072
3.96	1.02583	3.04991	1.69829	0.106505	0.234655
3.965	1.02646	3.05487	1.69776	0.105791	0.234232
3.97	1.02709	3.05983	1.69723	0.105078	0.233804
3.975	1.02772	3.06479	1.69671	0.104365	0.23337
3.98	1.02834	3.06975	1.69618	0.103654	0.232932
3.985	1.02897	3.07471	1.69567	0.102943	0.232488
3.99	1.02959	3.07967	1.69515	0.102234	0.232038
3.995	1.03021	3.08464	1.69464	0.101526	0.231584
4	1.03082	3.0896	1.69413	0.100819	0.231124
4.005	1.03143	3.09456	1.69363	0.100114	0.230659
4.01	1.03204	3.09952	1.69313	0.0994091	0.230189
4.015	1.03265	3.10448	1.69263	0.0987059	0.229713
4.02	1.03326	3.10945	1.69214	0.0980041	0.229233
4.025	1.03386	3.11441	1.69165	0.0973035	0.228747
4.03	1.03446	3.11938	1.69116	0.0966044	0.228256
4.035	1.03506	3.12434	1.69068	0.0959066	0.22776
4.04	1.03565	3.1293	1.6902	0.0952103	0.227259
4.045	1.03625	3.13427	1.68972	0.0945154	0.226753
4.05	1.03684	3.13923	1.68925	0.093822	0.226242
4.055	1.03743	3.1442	1.68878	0.0931301	0.225726
4.06	1.03801	3.14916	1.68831	0.0924398	0.225204
4.065	1.0386	3.15413	1.68785	0.0917511	0.224678
4.07	1.03918	3.1591	1.68739	0.0910639	0.224147
4.075	1.03976	3.16406	1.68694	0.0903784	0.223611
4.08	1.04033	3.16903	1.68649	0.0896946	0.22307
4.085	1.04091	3.174	1.68604	0.0890125	0.222524
4.09	1.04148	3.17896	1.68559	0.0883322	0.221973
4.095	1.04205	3.18393	1.68515	0.0876535	0.221417
4.1	1.04262	3.1889	1.68471	0.0869767	0.220856
4.105	1.04319	3.19387	1.68428	0.0863017	0.220291
4.11	1.04375	3.19883	1.68385	0.0856286	0.219721
4.115	1.04431	3.2038	1.68342	0.0849573	0.219145
4.12	1.04487	3.20877	1.68299	0.0842879	0.218565
4.125	1.04543	3.21374	1.68257	0.0836205	0.217981
4.13	1.04599	3.21871	1.68215	0.0829551	0.217391
4.135	1.04654	3.22368	1.68174	0.0822916	0.216797
4.14	1.04709	3.22865	1.68133	0.0816301	0.216198
4.145	1.04764	3.23362	1.68092	0.0809707	0.215594
4.15	1.04819	3.23859	1.68051	0.0803134	0.214986
4.155	1.04873	3.24356	1.68011	0.0796582	0.214373
4.16	1.04928	3.24853	1.67971	0.0790051	0.213755
4.165	1.04982	3.2535	1.67932	0.0783542	0.213133
4.17	1.05036	3.25847	1.67893	0.0777055	0.212506
4.175	1.0509	3.26344	1.67854	0.077059	0.211874
4.18	1.05143	3.26841	1.67815	0.0764147	0.211238
4.185	1.05197	3.27338	1.67777	0.0757727	0.210597
4.19	1.0525	3.27835	1.67739	0.075133	0.209952
4.195	1.05303	3.28333	1.67702	0.0744956	0.209302
4.2	1.05356	3.2883	1.67665	0.0738606	0.208648
4.205	1.05408	3.29327	1.67628	0.073228	0.207989
4.21	1.05461	3.29824	1.67591	0.0725977	0.207326
4.215	1.05513	3.30322	1.67555	0.0719699	0.206658
4.22	1.05565	3.30819	1.67519	0.0713446	0.205986
4.225	1.05617	3.31316	1.67483	0.0707217	0.205309
4.23	1.05669	3.31813	1.67448	0.0701013	0.204628
4.235	1.0572	3.32311	1.67413	0.0694835	0.203942
4.24	1.05772	3.32808	1.67378	0.0688683	0.203252
4.245	1.05823	3.33305	1.67343	0.0682556	0.202558
4.25	1.05874	3.33803	1.67309	0.0676455	0.201859
4.255	1.05925	3.343	1.67275	0.0670381	0.201156
4.26	1.05976	3.34798	1.67242	0.0664333	0.200449
4.265	1.06026	3.35295	1.67209	0.0658313	0.199737
4.27	1.06077	3.35793	1.67176	0.0652319	0.199021
4.275	1.06127	3.3629	1.67143	0.0646353	0.1983
4.28	1.06177	3.36788	1.67111	0.0640414	0.197576
4.285	1.06227	3.37285	1.67079	0.0634504	0.196847
4.29	1.06277	3.37783	1.67047	0.0628621	0.196114
4.295	1.06326	3.3828	1.67016	0.0622767	0.195377
4.3	1.06376	3.38778	1.66985	0.0616941	0.194635
4.305	1.06425	3.39275	1.66954	0.0611145	0.193889
4.31	1.06474	3.39773	1.66923	0.0605377	0.19314
4.315	1.06523	3.4027	1.66893	0.0599639	0.192386
4.32	1.06572	3.40768	1.66863	0.059393	0.191627
4.325	1.06621	3.41266	1.66833	0.0588251	0.190865
4.33	1.06669	3.41763	1.66804	0.0582602	0.190099
4.335	1.06717	3.42261	1.66775	0.0576983	0.189328
4.34	1.06766	3.42759	1.66746	0.0571395	0.188553
4.345	1.06814	3.43256	1.66717	0.0565838	0.187775
4.35	1.06862	3.43754	1.66689	0.0560311	0.186992
4.355	1.0691	3.44252	1.66661	0.0554816	0.186205
4.36	1.06957	3.44749	1.66633	0.0549352	0.185414
4.365	1.07005	3.45247	1.66606	0.054392	0.184619
4.37	1.07052	3.45745	1.66579	0.0538519	0.183821
4.375	1.071	3.46243	1.66552	0.0533151	0.183018
4.38	1.07147	3.4674	1.66525	0.0527815	0.182211
4.385	1.07194	3.47238	1.66499	0.0522512	0.1814
4.39	1.07241	3.47736	1.66472	0.0517241	0.180585
4.395	1.07287	3.48234	1.66447	0.0512004	0.179767
4.4	1.07334	3.48732	1.66421	0.0506799	0.178944
4.405	1.07381	3.49229	1.66396	0.0501628	0.178118
4.41	1.07427	3.49727	1.66371	0.0496491	0.177287
4.415	1.07473	3.50225	1.66346	0.0491387	0.176453
4.42	1.07519	3.50723	1.66321	0.0486318	0.175615
4.425	1.07565	3.51221	1.66297	0.0481282	0.174773
4.43	1.07611	3.51719	1.66273	0.0476282	0.173928
4.435	1.07657	3.52217	1.66249	0.0471316	0.173078
4.44	1.07703	3.52715	1.66225	0.0466384	0.172225
4.445	1.07748	3.53212	1.66202	0.0461488	0.171368
4.45	1.07794	3.5371	1.66179	0.0456628	0.170507
4.455	1.07839	3.54208	1.66156	0.0451802	0.169642
4.46	1.07884	3.54706	1.66134	0.0447013	0.168774
4.465	1.07929	3.55204	1.66111	0.0442259	0.167902
4.47	1.07974	3.55702	1.66089	0.0437542	0.167026
4.475	1.08019	3.562	1.66067	0.043286	0.166147
4.48	1.08064	3.56698	1.66046	0.0428216	0.165263
4.485	1.08109	3.57196	1.66024	0.0423608	0.164377
4.49	1.08153	3.57694	1.66003	0.0419037	0.163486
4.495	1.08198	3.58192	1.65982	0.0414503	0.162592
4.5	1.08242	3.5869	1.65961	0.0410006	0.161694
4.505	1.08286	3.59188	1.65941	0.0405547	0.160793
4.51	1.0833	3.59686	1.65921	0.0401125	0.159888
4.515	1.08374	3.60184	1.65901	0.0396741	0.158979
4.52	1.08418	3.60682	1.65881	0.0392396	0.158067
4.525	1.08462	3.61181	1.65861	0.0388088	0.157151
4.53	1.08506	3.61679	1.65842	0.0383819	0.156232
4.535	1.0855	3.62177	1.65822	0.0379589	0.15531
4.54	1.08593	3.62675	1.65803	0.0375397	0.154383
4.545	1.08637	3.63173	1.65785	0.0371244	0.153453
4.55	1.0868	3.63671	1.65766	0.0367131	0.15252
4.555	1.08723	3.64169	1.65748	0.0363057	0.151583
4.56	1.08767	3.64667	1.6573	0.0359022	0.150643
4.565	1.0881	3.65165	1.65712	0.0355027	0.1497
4.57	1.08853	3.65664	1.65694	0.0351072	0.148753
4.575	1.08896	3.66162	1.65676	0.0347156	0.147802
4.58	1.08938	3.6666	1.65659	0.0343281	0.146848
4.585	1.08981	3.67158	1.65642	0.0339447	0.145891
4.59	1.09024	3.67656	1.65625	0.0335653	0.14493
4.595	1.09066	3.68154	1.65608	0.0331899	0.143966
4.6	1.09109	3.68653	1.65592	0.0328186	0.142999
4.605	1.09151	3.69151	1.65575	0.0324515	0.142028
4.61	1.09194	3.69649	1.65559	0.0320884	0.141054
4.615	1.09236	3.70147	1.65543	0.0317295	0.140076
4.62	1.09278	3.70645	1.65527	0.0313748	0.139096
4.625	1.0932	3.71144	1.65511	0.0310242	0.138112
4.63	1.09362	3.71642	1.65496	0.0306778	0.137125
4.635	1.09404	3.7214	1.6548	0.0303356	0.136134
4.64	1.09446	3.72638	1.65465	0.0299976	0.13514
4.645	1.09488	3.73137	1.6545	0.0296639	0.134143
4.65	1.0953	3.73635	1.65435	0.0293343	0.133143
4.655	1.09571	3.74133	1.65421	0.0290091	0.13214
4.66	1.09613	3.74631	1.65406	0.0286881	0.131133
4.665	1.09654	3.7513	1.65392	0.0283714	0.130124
4.67	1.09696	3.75628	1.65378	0.028059	0.129111
4.675	1.09737	3.76126	1.65364	0.027751	0.128095
4.68	1.09779	3.76625	1.6535	0.0274472	0.127075
4.685	1.0982	3.77123	1.65336	0.0271478	0.126053
4.69	1.09861	3.77621	1.65323	0.0268528	0.125028
4.695	1.09902	3.78119	1.65309	0.0265622	0.123999
4.7	1.09943	3.78618	1.65296	0.0262759	0.122968
4.705	1.09984	3.79116	1.65283	0.0259941	0.121933
4.71	1.10025	3.79614	1.6527	0.0257166	0.120895
4.715	1.10066	3.80113	1.65257	0.0254436	0.119854
4.72	1.10107	3.80611	1.65244	0.025175	0.118811
4.725	1.10147	3.81109	1.65232	0.0249109	0.117764
4.73	1.10188	3.81608	1.65219	0.0246513	0.116714
4.735	1.10229	3.82106	1.65207	0.0243962	0.115661
4.74	1.10269	3.82604	1.65195	0.0241455	0.114605
4.745	1.1031	3.83103	1.65182	0.0238994	0.113547
4.75	1.1035	3.83601	1.65171	0.0236577	0.112485
4.755	1.1039	3.841	1.65159	0.0234207	0.11142
4.76	1.10431	3.84598	1.65147	0.0231881	0.110353
4.765	1.10471	3.85096	1.65135	0.0229601	0.109282
4.77	1.10511	3.85595	1.65124	0.0227367	0.108209
4.775	1.10551	3.86093	1.65113	0.0225179	0.107133
4.78	1.10591	3.86591	1.65101	0.0223036	0.106054
4.785	1.10631	3.8709	1.6509	0.022094	0.104972
4.79	1.10671	3.87588	1.65079	0.021889	0.103887
4.795	1.10711	3.88087	1.65068	0.0216886	0.102799
4.8	1.10751	3.88585	1.65057	0.0214929	0.101709
4.805	1.10791	3.89083	1.65047	0.0213018	0.100616
4.81	1.1083	3.89582	1.65036	0.0211153	0.0995196
4.815	1.1087	3.9008	1.65025	0.0209335	0.0984208
4.82	1.1091	3.90579	1.65015	0.0207565	0.0973192
4.825	1.10949	3.91077	1.65004	0.0205841	0.0962149
4.83	1.10989	3.91576	1.64994	0.0204164	0.0951079
4.835	1.11028	3.92074	1.64984	0.0202534	0.0939981
4.84	1.11068	3.92573	1.64974	0.0200952	0.0928856
4.845	1.11107	3.93071	1.64964	0.0199416	0.0917704
4.85	1.11147	3.93569	1.64954	0.0197929	0.0906526
4.855	1.11186	3.94068	1.64944	0.0196488	0.0895321
4.86	1.11225	3.94566	1.64934	0.0195096	0.0884089
4.865	1.11264	3.95065	1.64924	0.0193751	0.0872831
4.87	1.11303	3.95563	1.64915	0.0192454	0.0861546
4.875	1.11342	3.96062	1.64905	0.0191204	0.0850235
4.88	1.11382	3.9656	1.64895	0.0190003	0.0838899
4.885	1.1142	3.97059	1.64886	0.018885	0.0827536
4.89	1.11459	3.97557	1.64877	0.0187745	0.0816148
4.895	1.11498	3.98056	1.64867	0.0186688	0.0804734
4.9	1.11537	3.98554	1.64858	0.018568	0.0793295
4.905	1.11576	3.99053	1.64849	0.018472	0.078183
4.91	1.11615	3.99551	1.64839	0.0183808	0.077034
4.915	1.11653	4.0005	1.6483	0.0182945	0.0758825
4.92	1.11692	4.00548	1.64821	0.0182131	0.0747285
4.925	1.11731	4.01047	1.64812	0.0181365	0.073572
4.93	1.11769	4.01545	1.64803	0.0180648	0.0724131
4.935	1.11808	4.02044	1.64794	0.017998	0.0712517
4.94	1.11846	4.02542	1.64785	0.0179361	0.0700878
4.945	1.11885	4.03041	1.64776	0.0178791	0.0689215
4.95	1.11923	4.03539	1.64767	0.017827	0.0677529
4.955	1.11962	4.04038	1.64758	0.0177798	0.0665818
4.96	1.12	4.04536	1.64749	0.0177375	0.0654083
4.965	1.12038	4.05035	1.6474	0.0177002	0.0642324
4.97	1.12076	4.05533	1.64731	0.0176678	0.0630542
4.975	1.12115	4.06032	1.64723	0.0176403	0.0618737
4.98	1.12153	4.0653	1.64714	0.0176178	0.0606908
4.985	1.12191	4.07029	1.64705	0.0176003	0.0595056
4.99	1.12229	4.07528	1.64696	0.0175876	0.058318
4.995	1.12267	4.08026	1.64687	0.01758	0.0571282
5	1.12305	4.08525	1.64678	0.0175773	0.0559361
5.005	1.12343	4.09023	1.6467	0.0175796	0.0547418
5.01	1.12381	4.09522	1.64661	0.0175869	0.0535452
5.015	1.12418	4.1002	1.64652	0.0175992	0.0523463
5.02	1.12456	4.10519	1.64643	0.0176164	0.0511452
5.025	1.12494	4.11017	1.64635	0.0176387	0.0499419
5.03	1.12532	4.11516	1.64626	0.0176659	0.0487364
5.035	1.12569	4.12015	1.64617	0.0176982	0.0475287
5.04	1.12607	4.12513	1.64608	0.0177354	0.0463189
5.045	1.12644	4.13012	1.64599	0.0177777	0.0451069
5.05	1.12682	4.1351	1.6459	0.017825	0.0438927
5.055	1.12719	4.14009	1.64581	0.0178773	0.0426764
5.06	1.12757	4.14508	1.64572	0.0179346	0.041458
5.065	1.12794	4.15006	1.64563	0.017997	0.0402375
5.07	1.12832	4.15505	1.64554	0.0180644	0.0390149
5.075	1.12869	4.16003	1.64545	0.0181368	0.0377902
5.08	1.12906	4.16502	1.64536	0.0182143	0.0365634
5.085	1.12943	4.17001	1.64527	0.0182968	0.0353346
5.09	1.1298	4.17499	1.64518	0.0183843	0.0341038
5.095	1.13018	4.17998	1.64509	0.0184769	0.0328709
5.1	1.13055	4.18496	1.645	0.0185746	0.031636
5.105	1.13092	4.18995	1.6449	0.0186773	0.0303992
5.11	1.13129	4.19494	1.64481	0.0187851	0.0291603
5.115	1.13166	4.19992	1.64472	0.0188979	0.0279195
5.12	1.13202	4.20491	1.64462	0.0190158	0.0266767
5.125	1.13239	4.2099	1.64453	0.0191387	0.025432
5.13	1.13276	4.21488	1.64443	0.0192667	0.0241853
5.135	1.13313	4.21987	1.64433	0.0193998	0.0229368
5.14	1.13349	4.22486	1.64424	0.0195379	0.0216863
5.145	1.13386	4.22984	1.64414	0.0196811	0.0204339
5.15	1.13423	4.23483	1.64404	0.0198294	0.0191797
5.155	1.13459	4.23982	1.64394	0.0199828	0.0179236
5.16	1.13496	4.2448	1.64384	0.0201412	0.0166657
5.165	1.13532	4.24979	1.64374	0.0203047	0.0154059
5.17	1.13569	4.25478	1.64364	0.0204733	0.0141443
5.175	1.13605	4.25976	1.64354	0.020647	0.0128809
5.18	1.13641	4.26475	1.64343	0.0208257	0.0116157
5.185	1.13677	4.26974	1.64333	0.0210095	0.0103487
5.19	1.13714	4.27472	1.64323	0.0211984	0.00907997
5.195	1.1375	4.27971	1.64312	0.0213924	0.00780948
5.2	1.13786	4.2847	1.64301	0.0215915	0.00653725
5.205	1.13822	4.28968	1.6429	0.0217956	0.0052633
5.21	1.13858	4.29467	1.6428	0.0220048	0.00398764
5.215	1.13894	4.29966	1.64269	0.0222191	0.00271028
5.22	1.1393	4.30465	1.64257	0.0224385	0.00143123
5.225	1.13965	4.30963	1.64246	0.0226629	0.000150518
5.23	1.14001	4.31462	1.64235	0.0228925	-0.00113185
5.235	1.14037	4.31961	1.64223	0.0231271	-0.00241586
5.24	1.14072	4.32459	1.64212	0.0233668	-0.0037015
5.245	1.14108	4.32958	1.642	0.0236115	-0.00498875
5.25	1.14144	4.33457	1.64188	0.0238614	-0.00627761
5.255	1.14179	4.33956	1.64176	0.0241163	-0.00756805
5.26	1.14214	4.34454	1.64164	0.0243763	-0.00886006
5.265	1.1425	4.34953	1.64152	0.0246413	-0.0101536
5.27	1.14285	4.35452	1.6414	0.0249115	-0.0114487
5.275	1.1432	4.35951	1.64127	0.0251867	-0.0127454
5.28	1.14355	4.36449	1.64115	0.0254669	-0.0140436
5.285	1.1439	4.36948	1.64102	0.0257523	-0.0153432
5.29	1.14425	4.37447	1.64089	0.0260427	-0.0166444
5.295	1.1446	4.37946	1.64076	0.0263381	-0.017947
5.3	1.14495	4.38444	1.64063	0.0266386	-0.0192511
5.305	1.1453	4.38943	1.6405	0.0269442	-0.0205567
5.31	1.14565	4.39442	1.64036	0.0272548	-0.0218637
5.315	1.146	4.39941	1.64023	0.0275705	-0.0231721
5.32	1.14634	4.4044	1.64009	0.0278912	-0.0244819
5.325	1.14669	4.40938	1.63995	0.028217	-0.0257931
5.33	1.14703	4.41437	1.63981	0.0285478	-0.0271056
5.335	1.14738	4.41936	1.63967	0.0288837	-0.0284196
5.34	1.14772	4.42435	1.63952	0.0292246	-0.0297349
5.345	1.14806	4.42934	1.63937	0.0295706	-0.0310515
5.35	1.1484	4.43433	1.63923	0.0299215	-0.0323695
5.355	1.14874	4.43931	1.63908	0.0302775	-0.0336887
5.36	1.14909	4.4443	1.63893	0.0306386	-0.0350093
5.365	1.14942	4.44929	1.63877	0.0310046	-0.0363311
5.37	1.14976	4.45428	1.63862	0.0313757	-0.0376542
5.375	1.1501	4.45927	1.63846	0.0317518	-0.0389786
5.38	1.15044	4.46426	1.6383	0.0321329	-0.0403042
5.385	1.15078	4.46925	1.63814	0.032519	-0.041631
5.39	1.15111	4.47423	1.63798	0.0329101	-0.042959
5.395	1.15145	4.47922	1.63781	0.0333062	-0.0442883
5.4	1.15178	4.48421	1.63765	0.0337073	-0.0456187
5.405	1.15211	4.4892	1.63748	0.0341134	-0.0469503
5.41	1.15245	4.49419	1.63731	0.0345244	-0.048283
5.415	1.15278	4.49918	1.63714	0.0349405	-0.0496169
5.42	1.15311	4.50417	1.63696	0.0353615	-0.0509519
5.425	1.15344	4.50916	1.63678	0.0357876	-0.052288
5.43	1.15377	4.51415	1.63661	0.0362185	-0.0536252
5.435	1.15409	4.51913	1.63642	0.0366545	-0.0549635
5.44	1.15442	4.52412	1.63624	0.0370954	-0.0563028
5.445	1.15475	4.52911	1.63606	0.0375412	-0.0576433
5.45	1.15507	4.5341	1.63587	0.037992	-0.0589847
5.455	1.1554	4.53909	1.63568	0.0384478	-0.0603272
5.46	1.15572	4.54408	1.63549	0.0389085	-0.0616707
5.465	1.15604	4.54907	1.63529	0.0393741	-0.0630152
5.47	1.15636	4.55406	1.63509	0.0398446	-0.0643607
5.475	1.15668	4.55905	1.6349	0.0403201	-0.0657072
5.48	1.157	4.56404	1.63469	0.0408005	-0.0670546
5.485	1.15732	4.56903	1.63449	0.0412858	-0.0684029
5.49	1.15764	4.57402	1.63428	0.041776	-0.0697522
5.495	1.15795	4.57901	1.63407	0.0422711	-0.0711024
5.5	1.15827	4.584	1.63386	0.0427711	-0.0724535
5.505	1.15858	4.58899	1.63365	0.0432759	-0.0738055
5.51	1.1589	4.59398	1.63343	0.0437857	-0.0751583
5.515	1.15921	4.59897	1.63321	0.0443003	-0.076512
5.52	1.15952	4.60396	1.63299	0.0448198	-0.0778665
5.525	1.15983	4.60895	1.63277	0.0453442	-0.0792219
5.53	1.16014	4.61394	1.63254	0.0458734	-0.0805781
5.535	1.16044	4.61893	1.63231	0.0464074	-0.0819351
5.54	1.16075	4.62392	1.63208	0.0469463	-0.0832928
5.545	1.16106	4.62891	1.63185	0.0474901	-0.0846514
5.55	1.16136	4.63391	1.63161	0.0480386	-0.0860106
5.555	1.16166	4.6389	1.63137	0.048592	-0.0873707
5.56	1.16196	4.64389	1.63112	0.0491502	-0.0887314
5.565	1.16226	4.64888	1.63088	0.0497132	-0.0900929
5.57	1.16256	4.65387	1.63063	0.050281	-0.0914551
5.575	1.16286	4.65886	1.63038	0.0508536	-0.0928179
5.58	1.16316	4.66385	1.63012	0.051431	-0.0941814
5.585	1.16345	4.66884	1.62987	0.0520132	-0.0955456
5.59	1.16375	4.67383	1.62961	0.0526002	-0.0969104
5.595	1.16404	4.67883	1.62934	0.0531919	-0.0982758
5.6	1.16433	4.68382	1.62908	0.0537883	-0.0996418
5.605	1.16462	4.68881	1.62881	0.0543895	-0.101008
5.61	1.16491	4.6938	1.62854	0.0549955	-0.102376
5.615	1.1652	4.69879	1.62826	0.0556062	-0.103743
5.62	1.16548	4.70378	1.62798	0.0562216	-0.105112
5.625	1.16577	4.70878	1.6277	0.0568418	-0.106481
5.63	1.16605	4.71377	1.62742	0.0574666	-0.10785
5.635	1.16633	4.71876	1.62713	0.0580962	-0.10922
5.64	1.16661	4.72375	1.62684	0.0587304	-0.11059
5.645	1.16689	4.72874	1.62655	0.0593694	-0.111961
5.65	1.16717	4.73374	1.62625	0.060013	-0.113333
5.655	1.16744	4.73873	1.62595	0.0606613	-0.114704
5.66	1.16772	4.74372	1.62565	0.0613142	-0.116076
5.665	1.16799	4.74871	1.62534	0.0619719	-0.117449
5.67	1.16826	4.75371	1.62503	0.0626341	-0.118822
5.675	1.16853	4.7587	1.62472	0.063301	-0.120196
5.68	1.1688	4.76369	1.6244	0.0639725	-0.121569
5.685	1.16906	4.76868	1.62408	0.0646487	-0.122943
5.69	1.16933	4.77368	1.62376	0.0653295	-0.124318
5.695	1.16959	4.77867	1.62343	0.0660148	-0.125693
5.7	1.16985	4.78366	1.6231	0.0667048	-0.127068
5.705	1.17011	4.78866	1.62277	0.0673994	-0.128443
5.71	1.17037	4.79365	1.62243	0.0680985	-0.129819
5.715	1.17063	4.79864	1.62209	0.0688022	-0.131195
5.72	1.17088	4.80364	1.62175	0.0695105	-0.132571
5.725	1.17113	4.80863	1.6214	0.0702233	-0.133948
5.73	1.17139	4.81362	1.62105	0.0709407	-0.135324
5.735	1.17163	4.81862	1.62069	0.0716626	-0.136701
5.74	1.17188	4.82361	1.62033	0.0723891	-0.138078
5.745	1.17213	4.82861	1.61997	0.07312	-0.139456
5.75	1.17237	4.8336	1.61961	0.0738555	-0.140833
5.755	1.17261	4.83859	1.61924	0.0745955	-0.142211
5.76	1.17285	4.84359	1.61887	0.0753399	-0.143588
5.765	1.17309	4.84858	1.61849	0.0760889	-0.144966
5.77	1.17333	4.85358	1.61811	0.0768423	-0.146344
5.775	1.17356	4.85857	1.61772	0.0776002	-0.147722
5.78	1.1738	4.86357	1.61734	0.0783625	-0.1491
5.785	1.17403	4.86856	1.61694	0.0791293	-0.150478
5.79	1.17426	4.87356	1.61655	0.0799005	-0.151857
5.795	1.17448	4.87855	1.61615	0.0806762	-0.153235
5.8	1.17471	4.88355	1.61575	0.0814563	-0.154613
5.805	1.17493	4.88854	1.61534	0.0822407	-0.155991
5.81	1.17515	4.89354	1.61493	0.0830296	-0.157369
5.815	1.17537	4.89853	1.61451	0.0838229	-0.158747
5.82	1.17559	4.90353	1.61409	0.0846206	-0.160126
5.825	1.1758	4.90852	1.61367	0.0854226	-0.161504
5.83	1.17601	4.91352	1.61324	0.086229	-0.162881
5.835	1.17622	4.91851	1.61281	0.0870397	-0.164259
5.84	1.17643	4.92351	1.61238	0.0878548	-0.165637
5.845	1.17664	4.9285	1.61194	0.0886742	-0.167015
5.85	1.17684	4.9335	1.61149	0.089498	-0.168392
5.855	1.17704	4.9385	1.61105	0.090326	-0.169769
5.86	1.17724	4.94349	1.61059	0.0911584	-0.171146
5.865	1.17744	4.94849	1.61014	0.0919951	-0.172523
5.87	1.17763	4.95348	1.60968	0.092836	-0.1739
5.875	1.17782	4.95848	1.60921	0.0936812	-0.175276
5.88	1.17801	4.96348	1.60875	0.0945307	-0.176653
5.885	1.1782	4.96847	1.60827	0.0953845	-0.178028
5.89	1.17838	4.97347	1.6078	0.0962425	-0.179404
5.895	1.17857	4.97847	1.60732	0.0971047	-0.18078
5.9	1.17875	4.98346	1.60683	0.0979712	-0.182155
5.905	1.17892	4.98846	1.60634	0.0988419	-0.183529
5.91	1.1791	4.99346	1.60585	0.0997168	-0.184904
5.915	1.17927	4.99845	1.60535	0.100596	-0.186278
5.92	1.17944	5.00345	1.60484	0.101479	-0.187651
5.925	1.17961	5.00845	1.60434	0.102367	-0.189025
5.93	1.17978	5.01345	1.60382	0.103258	-0.190398
5.935	1.17994	5.01844	1.60331	0.104154	-0.19177
5.94	1.1801	5.02344	1.60279	0.105054	-0.193142
5.945	1.18026	5.02844	1.60226	0.105958	-0.194514
5.95	1.18041	5.03344	1.60173	0.106866	-0.195885
5.955	1.18056	5.03843	1.6012	0.107779	-0.197255
5.96	1.18071	5.04343	1.60066	0.108695	-0.198625
5.965	1.18086	5.04843	1.60012	0.109616	-0.199995
5.97	1.181	5.05343	1.59957	0.11054	-0.201364
5.975	1.18114	5.05843	1.59902	0.111469	-0.202732
5.98	1.18128	5.06342	1.59846	0.112402	-0.2041
5.985	1.18142	5.06842	1.5979	0.113339	-0.205468
5.99	1.18155	5.07342	1.59733	0.11428	-0.206834
5.995	1.18168	5.07842	1.59676	0.115225	-0.2082
6	1.18181	5.08342	1.59618	0.116174	-0.209566
6.005	1.18193	5.08842	1.5956	0.117127	-0.21093
6.01	1.18205	5.09341	1.59502	0.118084	-0.212295
6.015	1.18217	5.09841	1.59442	0.119045	-0.213658
6.02	1.18228	5.10341	1.59383	0.12001	-0.215021
6.025	1.1824	5.10841	1.59323	0.120979	-0.216383
6.03	1.18251	5.11341	1.59262	0.121952	-0.217744
6.035	1.18261	5.11841	1.59201	0.122929	-0.219104
6.04	1.18271	5.12341	1.5914	0.123909	-0.220464
6.045	1.18281	5.12841	1.59078	0.124894	-0.221823
6.05	1.18291	5.1334	1.59016	0.125883	-0.223181
6.055	1.183	5.1384	1.58953	0.126876	-0.224538
6.06	1.1831	5.1434	1.58889	0.127872	-0.225895
6.065	1.18318	5.1484	1.58825	0.128873	-0.22725
6.07	1.18327	5.1534	1.58761	0.129877	-0.228605
6.075	1.18335	5.1584	1.58696	0.130886	-0.229959
6.08	1.18342	5.1634	1.5863	0.131898	-0.231311
6.085	1.1835	5.1684	1.58565	0.132914	-0.232663
6.09	1.18357	5.1734	1.58498	0.133934	-0.234014
6.095	1.18364	5.1784	1.58431	0.134957	-0.235364
6.1	1.1837	5.1834	1.58364	0.135985	-0.236713
6.105	1.18376	5.1884	1.58296	0.137016	-0.238061
6.11	1.18382	5.1934	1.58227	0.138052	-0.239408
6.115	1.18387	5.1984	1.58158	0.139091	-0.240754
6.12	1.18392	5.2034	1.58089	0.140134	-0.242099
6.125	1.18397	5.2084	1.58018	0.14118	-0.243442
6.13	1.18401	5.2134	1.57948	0.142231	-0.244785
6.135	1.18405	5.2184	1.57877	0.143285	-0.246126
6.14	1.18409	5.2234	1.57805	0.144343	-0.247467
6.145	1.18412	5.2284	1.57733	0.145404	-0.248806
6.15	1.18415	5.2334	1.5766	0.14647	-0.250144
6.155	1.18418	5.2384	1.57587	0.147539	-0.251481
6.16	1.1842	5.2434	1.57513	0.148612	-0.252817
6.165	1.18422	5.2484	1.57439	0.149688	-0.254151
6.17	1.18423	5.2534	1.57364	0.150769	-0.255484
6.175	1.18424	5.2584	1.57289	0.151853	-0.256816
6.18	1.18425	5.2634	1.57213	0.15294	-0.258147
6.185	1.18425	5.2684	1.57136	0.154032	-0.259476
6.19	1.18425	5.2734	1.57059	0.155127	-0.260804
6.195	1.18425	5.2784	1.56982	0.156225	-0.26213
6.2	1.18424	5.2834	1.56904	0.157328	-0.263456
6.205	1.18422	5.2884	1.56825	0.158434	-0.264779
6.21	1.18421	5.2934	1.56746	0.159543	-0.266102
6.215	1.18419	5.2984	1.56666	0.160657	-0.267423
6.22	1.18416	5.3034	1.56586	0.161773	-0.268742
6.225	1.18413	5.3084	1.56505	0.162894	-0.270061
6.23	1.1841	5.3134	1.56423	0.164018	-0.271377
6.235	1.18406	5.3184	1.56341	0.165145	-0.272692
6.24	1.18402	5.32339	1.56259	0.166276	-0.274006
6.245	1.18398	5.32839	1.56176	0.167411	-0.275318
6.25	1.18393	5.33339	1.56092	0.168549	-0.276628
6.255	1.18387	5.33839	1.56008	0.169691	-0.277937
6.26	1.18382	5.34339	1.55923	0.170837	-0.279245
6.265	1.18375	5.34839	1.55837	0.171986	-0.28055
6.27	1.18369	5.35339	1.55751	0.173138	-0.281854
6.275	1.18362	5.35839	1.55665	0.174294	-0.283157
6.28	1.18354	5.36339	1.55578	0.175453	-0.284457
6.285	1.18346	5.36839	1.5549	0.176616	-0.285756
6.29	1.18338	5.37339	1.55402	0.177783	-0.287053
6.295	1.18329	5.37839	1.55313	0.178952	-0.288349
6.3	1.1832	5.38339	1.55223	0.180126	-0.289643
6.305	1.1831	5.38839	1.55133	0.181303	-0.290935
6.31	1.183	5.39339	1.55043	0.182483	-0.292225
6.315	1.18289	5.39839	1.54951	0.183666	-0.293513
6.32	1.18278	5.40338	1.54859	0.184854	-0.294799
6.325	1.18267	5.40838	1.54767	0.186044	-0.296084
6.33	1.18255	5.41338	1.54674	0.187238	-0.297366
6.335	1.18242	5.41838	1.5458	0.188435	-0.298647
6.34	1.18229	5.42338	1.54486	0.189636	-0.299926
6.345	1.18216	5.42838	1.54391	0.19084	-0.301203
6.35	1.18202	5.43337	1.54296	0.192048	-0.302478
6.355	1.18187	5.43837	1.542	0.193259	-0.30375
6.36	1.18172	5.44337	1.54103	0.194473	-0.305021
6.365	1.18157	5.44837	1.54006	0.19569	-0.30629
6.37	1.18141	5.45337	1.53908	0.196911	-0.307557
6.375	1.18125	5.45836	1.5381	0.198136	-0.308821
6.38	1.18108	5.46336	1.53711	0.199363	-0.310084
6.385	1.18091	5.46836	1.53611	0.200594	-0.311344
6.39	1.18073	5.47335	1.53511	0.201828	-0.312602
6.395	1.18055	5.47835	1.5341	0.203066	-0.313858
6.4	1.18036	5.48335	1.53308	0.204307	-0.315112
6.405	1.18016	5.48834	1.53206	0.205551	-0.316363
6.41	1.17996	5.49334	1.53103	0.206798	-0.317613
6.415	1.17976	5.49834	1.53	0.208049	-0.31886
6.42	1.17955	5.50333	1.52896	0.209303	-0.320104
6.425	1.17934	5.50833	1.52791	0.21056	-0.321347
6.43	1.17912	5.51332	1.52686	0.211821	-0.322587
6.435	1.17889	5.51832	1.5258	0.213084	-0.323824
6.44	1.17866	5.52331	1.52474	0.214351	-0.32506
6.445	1.17843	5.52831	1.52366	0.215621	-0.326292
6.45	1.17819	5.5333	1.52259	0.216895	-0.327523
6.455	1.17794	5.53829	1.5215	0.218171	-0.328751
6.46	1.17769	5.54329	1.52041	0.219451	-0.329976
6.465	1.17743	5.54828	1.51931	0.220734	-0.331199
6.47	1.17717	5.55327	1.51821	0.22202	-0.332419
6.475	1.1769	5.55827	1.5171	0.22331	-0.333637
6.48	1.17662	5.56326	1.51598	0.224602	-0.334852
6.485	1.17635	5.56825	1.51486	0.225898	-0.336065
6.49	1.17606	5.57324	1.51373	0.227197	-0.337275
6.495	1.17577	5.57823	1.51259	0.228499	-0.338482
6.5	1.17547	5.58323	1.51145	0.229804	-0.339687
6.505	1.17517	5.58822	1.5103	0.231112	-0.340889
6.51	1.17486	5.59321	1.50915	0.232424	-0.342088
6.515	1.17455	5.5982	1.50798	0.233738	-0.343284
6.52	1.17423	5.60319	1.50682	0.235056	-0.344478
6.525	1.1739	5.60818	1.50564	0.236377	-0.345669
6.53	1.17357	5.61317	1.50446	0.237701	-0.346857
6.535	1.17323	5.61815	1.50327	0.239028	-0.348042
6.54	1.17289	5.62314	1.50208	0.240358	-0.349224
6.545	1.17254	5.62813	1.50087	0.241691	-0.350403
6.55	1.17219	5.63312	1.49966	0.243027	-0.35158
6.555	1.17183	5.6381	1.49845	0.244366	-0.352753
6.56	1.17146	5.64309	1.49723	0.245709	-0.353924
6.565	1.17108	5.64808	1.496	0.247054	-0.355091
6.57	1.1707	5.65306	1.49476	0.248403	-0.356255
6.575	1.17032	5.65805	1.49352	0.249754	-0.357416
6.58	1.16993	5.66303	1.49227	0.251109	-0.358575
6.585	1.16953	5.66802	1.49102	0.252466	-0.35973
6.59	1.16912	5.673	1.48976	0.253827	-0.360881
6.595	1.16871	5.67798	1.48849	0.25519	-0.36203
6.6	1.16829	5.68297	1.48721	0.256557	-0.363176
6.605	1.16787	5.68795	1.48593	0.257927	-0.364318
6.61	1.16744	5.69293	1.48464	0.259299	-0.365457
6.615	1.167	5.69791	1.48334	0.260675	-0.366592
6.62	1.16656	5.70289	1.48204	0.262054	-0.367725
6.625	1.16611	5.70787	1.48073	0.263435	-0.368854
6.63	1.16565	5.71285	1.47941	0.26482	-0.369979
6.635	1.16519	5.71783	1.47809	0.266207	-0.371102
6.64	1.16472	5.72281	1.47676	0.267598	-0.37222
6.645	1.16425	5.72778	1.47542	0.268991	-0.373336
6.65	1.16376	5.73276	1.47407	0.270388	-0.374448
6.655	1.16327	5.73774	1.47272	0.271787	-0.375556
6.66	1.16278	5.74271	1.47136	0.273189	-0.376661
6.665	1.16227	5.74769	1.47	0.274594	-0.377762
6.67	1.16176	5.75266	1.46862	0.276003	-0.378859
6.675	1.16125	5.75763	1.46724	0.277414	-0.379953
6.68	1.16072	5.7626	1.46586	0.278828	-0.381044
6.685	1.16019	5.76758	1.46446	0.280245	-0.38213
6.69	1.15965	5.77255	1.46306	0.281665	-0.383213
6.695	1.15911	5.77752	1.46165	0.283087	-0.384292
6.7	1.15856	5.78249	1.46024	0.284513	-0.385367
6.705	1.158	5.78746	1.45881	0.285941	-0.386439
6.71	1.15743	5.79242	1.45738	0.287373	-0.387507
6.715	1.15686	5.79739	1.45595	0.288807	-0.38857
6.72	1.15628	5.80236	1.4545	0.290244	-0.38963
6.725	1.15569	5.80732	1.45305	0.291684	-0.390686
6.73	1.1551	5.81229	1.45159	0.293127	-0.391738
6.735	1.1545	5.81725	1.45013	0.294573	-0.392786
6.74	1.15389	5.82221	1.44866	0.296022	-0.39383
6.745	1.15327	5.82718	1.44718	0.297473	-0.39487
6.75	1.15265	5.83214	1.44569	0.298928	-0.395906
6.755	1.15202	5.8371	1.44419	0.300385	-0.396937
6.76	1.15138	5.84206	1.44269	0.301845	-0.397965
6.765	1.15073	5.84701	1.44118	0.303308	-0.398988
6.77	1.15008	5.85197	1.43967	0.304774	-0.400007
6.775	1.14942	5.85693	1.43814	0.306242	-0.401022
6.78	1.14875	5.86188	1.43661	0.307714	-0.402033
6.785	1.14807	5.86684	1.43507	0.309188	-0.403039
6.79	1.14739	5.87179	1.43353	0.310665	-0.404041
6.795	1.14669	5.87674	1.43197	0.312145	-0.405039
6.8	1.14599	5.88169	1.43041	0.313628	-0.406032
6.805	1.14529	5.88664	1.42884	0.315113	-0.40702
6.81	1.14457	5.89159	1.42727	0.316601	-0.408005
6.815	1.14385	5.89654	1.42569	0.318092	-0.408984
6.82	1.14312	5.90148	1.42409	0.319586	-0.40996
6.825	1.14238	5.90643	1.4225	0.321083	-0.41093
6.83	1.14163	5.91137	1.42089	0.322582	-0.411896
6.835	1.14088	5.91631	1.41928	0.324085	-0.412857
6.84	1.14012	5.92126	1.41766	0.32559	-0.413814
6.845	1.13934	5.9262	1.41603	0.327098	-0.414766
6.85	1.13857	5.93114	1.41439	0.328608	-0.415713
6.855	1.13778	5.93607	1.41275	0.330121	-0.416656
6.86	1.13698	5.94101	1.4111	0.331638	-0.417593
6.865	1.13618	5.94594	1.40944	0.333157	-0.418526
6.87	1.13537	5.95088	1.40778	0.334678	-0.419454
6.875	1.13455	5.95581	1.4061	0.336203	-0.420377
6.88	1.13372	5.96074	1.40442	0.33773	-0.421295
6.885	1.13288	5.96567	1.40273	0.33926	-0.422208
6.89	1.13204	5.9706	1.40104	0.340792	-0.423116
6.895	1.13119	5.97553	1.39933	0.342328	-0.424018
6.9	1.13033	5.98045	1.39762	0.343866	-0.424916
6.905	1.12946	5.98538	1.3959	0.345407	-0.425809
6.91	1.12858	5.9903	1.39418	0.346951	-0.426696
6.915	1.12769	5.99522	1.39244	0.348497	-0.427579
6.92	1.12679	6.00014	1.3907	0.350046	-0.428456
6.925	1.12589	6.00505	1.38895	0.351598	-0.429327
6.93	1.12498	6.00997	1.38719	0.353153	-0.430194
6.935	1.12406	6.01488	1.38542	0.35471	-0.431055
6.94	1.12313	6.0198	1.38365	0.356271	-0.431911
6.945	1.12219	6.02471	1.38187	0.357833	-0.432761
6.95	1.12124	6.02962	1.38008	0.359399	-0.433606
6.955	1.12028	6.03453	1.37828	0.360967	-0.434445
6.96	1.11932	6.03943	1.37648	0.362538	-0.435279
6.965	1.11834	6.04434	1.37467	0.364112	-0.436107
6.97	1.11736	6.04924	1.37285	0.365689	-0.43693
6.975	1.11637	6.05414	1.37102	0.367268	-0.437747
6.98	1.11536	6.05904	1.36918	0.36885	-0.438558
6.985	1.11435	6.06393	1.36734	0.370435	-0.439364
6.99	1.11334	6.06883	1.36548	0.372022	-0.440163
6.995	1.11231	6.07372	1.36362	0.373612	-0.440957
7	1.11127	6.07861	1.36176	0.375205	-0.441745
7.005	1.11022	6.0835	1.35988	0.3768	-0.442528
7.01	1.10917	6.08839	1.358	0.378399	-0.443304
7.015	1.1081	6.09328	1.3561	0.38	-0.444074
7.02	1.10703	6.09816	1.3542	0.381603	-0.444839
7.025	1.10594	6.10304	1.3523	0.38321	-0.445597
7.03	1.10485	6.10792	1.35038	0.384819	-0.446349
7.035	1.10375	6.1128	1.34846	0.386431	-0.447096
7.04	1.10264	6.11767	1.34652	0.388045	-0.447836
7.045	1.10151	6.12254	1.34458	0.389663	-0.448569
7.05	1.10038	6.12741	1.34264	0.391283	-0.449297
7.055	1.09924	6.13228	1.34068	0.392905	-0.450018
7.06	1.09809	6.13715	1.33871	0.394531	-0.450733
7.065	1.09693	6.14201	1.33674	0.396159	-0.451442
7.07	1.09576	6.14687	1.33476	0.39779	-0.452144
7.075	1.09458	6.15173	1.33277	0.399423	-0.45284
7.08	1.0934	6.15659	1.33077	0.40106	-0.453529
7.085	1.0922	6.16144	1.32877	0.402699	-0.454212
7.09	1.09099	6.16629	1.32676	0.40434	-0.454888
7.095	1.08977	6.17114	1.32473	0.405985	-0.455558
7.1	1.08854	6.17599	1.3227	0.407632	-0.456221
7.105	1.08731	6.18083	1.32067	0.409282	-0.456877
7.11	1.08606	6.18568	1.31862	0.410935	-0.457527
7.115	1.0848	6.19052	1.31656	0.41259	-0.45817
7.12	1.08353	6.19535	1.3145	0.414248	-0.458806
7.125	1.08226	6.20019	1.31243	0.415909	-0.459435
7.13	1.08097	6.20502	1.31035	0.417572	-0.460057
7.135	1.07967	6.20985	1.30826	0.419239	-0.460673
7.14	1.07836	6.21467	1.30617	0.420908	-0.461281
7.145	1.07705	6.2195	1.30406	0.422579	-0.461882
7.15	1.07572	6.22432	1.30195	0.424254	-0.462477
7.155	1.07438	6.22913	1.29983	0.425931	-0.463064
7.16	1.07303	6.23395	1.2977	0.427611	-0.463644
7.165	1.07167	6.23876	1.29556	0.429294	-0.464217
7.17	1.0703	6.24357	1.29341	0.430979	-0.464782
7.175	1.06892	6.24838	1.29126	0.432668	-0.465341
7.18	1.06753	6.25318	1.2891	0.434358	-0.465892
7.185	1.06613	6.25798	1.28692	0.436052	-0.466435
7.19	1.06472	6.26277	1.28474	0.437749	-0.466972
7.195	1.0633	6.26757	1.28256	0.439448	-0.4675
7.2	1.06187	6.27236	1.28036	0.44115	-0.468022
7.205	1.06043	6.27715	1.27815	0.442855	-0.468535
7.21	1.05897	6.28193	1.27594	0.444562	-0.469042
7.215	1.05751	6.28671	1.27372	0.446273	-0.46954
7.22	1.05603	6.29149	1.27148	0.447986	-0.470031
7.225	1.05455	6.29626	1.26924	0.449702	-0.470514
7.23	1.05305	6.30103	1.267	0.451421	-0.470989
7.235	1.05155	6.3058	1.26474	0.453142	-0.471457
7.24	1.05003	6.31057	1.26247	0.454866	-0.471917
7.245	1.0485	6.31533	1.2602	0.456593	-0.472369
7.25	1.04696	6.32008	1.25792	0.458323	-0.472812
7.255	1.04541	6.32484	1.25562	0.460056	-0.473248
7.26	1.04385	6.32959	1.25332	0.461792	-0.473676
7.265	1.04228	6.33434	1.25101	0.46353	-0.474096
7.27	1.0407	6.33908	1.2487	0.465271	-0.474508
7.275	1.0391	6.34382	1.24637	0.467015	-0.474911
7.28	1.0375	6.34855	1.24404	0.468762	-0.475307
7.285	1.03588	6.35328	1.24169	0.470512	-0.475694
7.29	1.03426	6.35801	1.23934	0.472264	-0.476072
7.295	1.03262	6.36274	1.23698	0.47402	-0.476443
7.3	1.03097	6.36746	1.23461	0.475778	-0.476805
7.305	1.02931	6.37217	1.23223	0.477539	-0.477158
7.31	1.02764	6.37688	1.22984	0.479303	-0.477503
7.315	1.02595	6.38159	1.22744	0.48107	-0.47784
7.32	1.02426	6.3863	1.22504	0.48284	-0.478168
7.325	1.02255	6.391	1.22262	0.484613	-0.478487
7.33	1.02083	6.39569	1.2202	0.486389	-0.478798
7.335	1.01911	6.40038	1.21777	0.488167	-0.479099
7.34	1.01737	6.40507	1.21533	0.489948	-0.479393
7.345	1.01561	6.40975	1.21288	0.491733	-0.479677
7.35	1.01385	6.41443	1.21042	0.49352	-0.479952
7.355	1.01208	6.41911	1.20795	0.49531	-0.480219
7.36	1.01029	6.42378	1.20548	0.497104	-0.480477
7.365	1.00849	6.42844	1.20299	0.4989	-0.480725
7.37	1.00668	6.4331	1.2005	0.500699	-0.480965
7.375	1.00486	6.43776	1.19799	0.502501	-0.481195
7.38	1.00303	6.44241	1.19548	0.504306	-0.481416
7.385	1.00118	6.44706	1.19296	0.506114	-0.481629
7.39	0.999328	6.4517	1.19043	0.507925	-0.481831
7.395	0.99746	6.45634	1.18789	0.509739	-0.482025
7.4	0.99558	6.46097	1.18534	0.511556	-0.482209
7.405	0.993688	6.4656	1.18278	0.513377	-0.482384
7.41	0.991785	6.47023	1.18022	0.5152	-0.48255
7.415	0.989869	6.47484	1.17764	0.517026	-0.482706
7.42	0.987942	6.47946	1.17505	0.518855	-0.482852
7.425	0.986002	6.48407	1.17246	0.520688	-0.482989
7.43	0.984051	6.48867	1.16986	0.522523	-0.483116
7.435	0.982087	6.49327	1.16724	0.524362	-0.483234
7.44	0.980112	6.49786	1.16462	0.526204	-0.483342
7.445	0.978124	6.50245	1.16199	0.528048	-0.48344
7.45	0.976125	6.50703	1.15935	0.529896	-0.483528
7.455	0.974113	6.51161	1.1567	0.531747	-0.483606
7.46	0.972089	6.51618	1.15404	0.533602	-0.483675
7.465	0.970053	6.52075	1.15137	0.535459	-0.483734
7.47	0.968004	6.52531	1.1487	0.53732	-0.483782
7.475	0.965944	6.52987	1.14601	0.539183	-0.483821
7.48	0.963871	6.53442	1.14331	0.54105	-0.483849
7.485	0.961785	6.53896	1.14061	0.542921	-0.483867
7.49	0.959688	6.5435	1.13789	0.544794	-0.483875
7.495	0.957578	6.54803	1.13517	0.546671	-0.483873
7.5	0.955456	6.55256	1.13244	0.548551	-0.483861
7.505	0.953321	6.55708	1.12969	0.550434	-0.483838
7.51	0.951174	6.5616	1.12694	0.552321	-0.483805
7.515	0.949014	6.56611	1.12418	0.55421	-0.483761
7.52	0.946842	6.57061	1.12141	0.556104	-0.483707
7.525	0.944658	6.57511	1.11863	0.558	-0.483642
7.53	0.942461	6.5796	1.11584	0.5599	-0.483567
7.535	0.940251	6.58408	1.11304	0.561803	-0.483481
7.54	0.938029	6.58856	1.11023	0.56371	-0.483385
7.545	0.935794	6.59303	1.10741	0.56562	-0.483278
7.55	0.933546	6.5975	1.10458	0.567534	-0.48316
7.555	0.931286	6.60196	1.10175	0.56945	-0.483031
7.56	0.929013	6.60641	1.0989	0.571371	-0.482891
7.565	0.926728	6.61086	1.09604	0.573295	-0.48274
7.57	0.924429	6.6153	1.09318	0.575222	-0.482579
7.575	0.922118	6.61974	1.0903	0.577153	-0.482406
7.58	0.919794	6.62416	1.08741	0.579087	-0.482223
7.585	0.917458	6.62858	1.08452	0.581025	-0.482028
7.59	0.915108	6.633	1.08161	0.582967	-0.481822
7.595	0.912746	6.6374	1.0787	0.584912	-0.481605
7.6	0.91037	6.6418	1.07577	0.586861	-0.481376
7.605	0.907982	6.6462	1.07284	0.588813	-0.481137
7.61	0.905581	6.65058	1.0699	0.59077	-0.480886
7.615	0.903167	6.65496	1.06694	0.592729	-0.480623
7.62	0.90074	6.65933	1.06398	0.594693	-0.480349
7.625	0.8983	6.6637	1.061	0.59666	-0.480064
7.63	0.895847	6.66805	1.05802	0.598631	-0.479767
7.635	0.893381	6.6724	1.05503	0.600606	-0.479459
7.64	0.890902	6.67675	1.05203	0.602584	-0.479139
7.645	0.88841	6.68108	1.04901	0.604567	-0.478807
7.65	0.885905	6.68541	1.04599	0.606553	-0.478463
7.655	0.883386	6.68973	1.04296	0.608543	-0.478108
7.66	0.880855	6.69404	1.03991	0.610537	-0.477741
7.665	0.87831	6.69834	1.03686	0.612535	-0.477362
7.67	0.875753	6.70264	1.0338	0.614537	-0.476971
7.675	0.873182	6.70693	1.03073	0.616543	-0.476568
7.68	0.870597	6.71121	1.02764	0.618553	-0.476153
7.685	0.868	6.71548	1.02455	0.620567	-0.475726
7.69	0.865389	6.71974	1.02145	0.622585	-0.475287
7.695	0.862765	6.724	1.01833	0.624607	-0.474836
7.7	0.860128	6.72825	1.01521	0.626633	-0.474373
7.705	0.857478	6.73249	1.01208	0.628664	-0.473897
7.71	0.854814	6.73672	1.00894	0.630698	-0.47341
7.715	0.852137	6.74094	1.00578	0.632737	-0.472909
7.72	0.849446	6.74516	1.00262	0.63478	-0.472397
7.725	0.846742	6.74936	0.999444	0.636828	-0.471872
7.73	0.844025	6.75356	0.99626	0.638879	-0.471334
7.735	0.841295	6.75775	0.993066	0.640936	-0.470784
7.74	0.838551	6.76193	0.989861	0.642996	-0.470222
7.745	0.835793	6.7661	0.986646	0.645061	-0.469647
7.75	0.833022	6.77026	0.983421	0.64713	-0.469059
7.755	0.830238	6.77441	0.980185	0.649204	-0.468459
7.76	0.82744	6.77856	0.976939	0.651283	-0.467845
7.765	0.824629	6.78269	0.973683	0.653366	-0.467219
7.77	0.821804	6.78682	0.970416	0.655453	-0.466581
7.775	0.818966	6.79093	0.967139	0.657545	-0.465929
7.78	0.816114	6.79504	0.963851	0.659642	-0.465264
7.785	0.813249	6.79914	0.960553	0.661744	-0.464587
7.79	0.81037	6.80323	0.957244	0.663851	-0.463896
7.795	0.807477	6.80731	0.953925	0.665962	-0.463193
7.8	0.804571	6.81137	0.950595	0.668078	-0.462476
7.805	0.801652	6.81543	0.947254	0.670199	-0.461746
7.81	0.798718	6.81948	0.943903	0.672325	-0.461003
7.815	0.795772	6.82352	0.940542	0.674456	-0.460247
7.82	0.792811	6.82755	0.93717	0.676592	-0.459478
7.825	0.789837	6.83157	0.933787	0.678733	-0.458695
7.83	0.78685	6.83558	0.930393	0.68088	-0.457899
7.835	0.783849	6.83958	0.926989	0.683031	-0.457089
7.84	0.780834	6.84357	0.923573	0.685188	-0.456266
7.845	0.777805	6.84755	0.920147	0.68735	-0.45543
7.85	0.774763	6.85151	0.916711	0.689517	-0.45458
7.855	0.771707	6.85547	0.913263	0.69169	-0.453717
7.86	0.768638	6.85942	0.909805	0.693868	-0.45284
7.865	0.765555	6.86336	0.906335	0.696052	-0.451949
7.87	0.762458	6.86728	0.902855	0.698242	-0.451045
7.875	0.759347	6.8712	0.899364	0.700437	-0.450127
7.88	0.756223	6.8751	0.895862	0.702637	-0.449195
7.885	0.753085	6.87899	0.892348	0.704844	-0.448249
7.89	0.749933	6.88287	0.888824	0.707056	-0.44729
7.895	0.746768	6.88674	0.885289	0.709274	-0.446317
7.9	0.743589	6.8906	0.881743	0.711498	-0.44533
7.905	0.740396	6.89445	0.878185	0.713728	-0.444328
7.91	0.73719	6.89829	0.874616	0.715964	-0.443313
7.915	0.73397	6.90211	0.871037	0.718207	-0.442284
7.92	0.730736	6.90593	0.867446	0.720455	-0.441241
7.925	0.727488	6.90973	0.863843	0.72271	-0.440184
7.93	0.724227	6.91352	0.86023	0.724971	-0.439112
7.935	0.720952	6.9173	0.856605	0.727238	-0.438027
7.94	0.717663	6.92106	0.852969	0.729513	-0.436927
7.945	0.714361	6.92482	0.849321	0.731793	-0.435813
7.95	0.711044	6.92856	0.845662	0.73408	-0.434684
7.955	0.707715	6.93229	0.841992	0.736374	-0.433541
7.96	0.704371	6.93601	0.83831	0.738675	-0.432384
7.965	0.701014	6.93971	0.834617	0.740983	-0.431213
7.97	0.697643	6.9434	0.830912	0.743298	-0.430027
7.975	0.694258	6.94708	0.827195	0.745619	-0.428827
7.98	0.690859	6.95075	0.823467	0.747948	-0.427612
7.985	0.687447	6.95441	0.819727	0.750285	-0.426382
7.99	0.684022	6.95805	0.815976	0.752628	-0.425138
7.995	0.680582	6.96168	0.812213	0.754979	-0.42388
8	0.677129	6.96529	0.808438	0.757338	-0.422607
8.005	0.673662	6.9689	0.804651	0.759704	-0.421319
8.01	0.670182	6.97249	0.800853	0.762078	-0.420016
8.015	0.666688	6.97606	0.797042	0.764459	-0.418699
8.02	0.66318	6.97963	0.79322	0.766849	-0.417366
8.025	0.659658	6.98317	0.789386	0.769247	-0.41602
8.03	0.656123	6.98671	0.78554	0.771653	-0.414658
8.035	0.652575	6.99023	0.781681	0.774067	-0.413281
8.04	0.649012	6.99374	0.777811	0.77649	-0.41189
8.045	0.645437	6.99724	0.773928	0.778921	-0.410483
8.05	0.641847	7.00072	0.770034	0.78136	-0.409062
8.055	0.638244	7.00418	0.766127	0.783809	-0.407625
8.06	0.634628	7.00764	0.762208	0.786266	-0.406174
8.065	0.630997	7.01108	0.758277	0.788733	-0.404707
8.07	0.627354	7.0145	0.754333	0.791208	-0.403225
8.075	0.623697	7.01791	0.750377	0.793693	-0.401729
8.08	0.620026	7.0213	0.746409	0.796188	-0.400217
8.085	0.616342	7.02468	0.742428	0.798691	-0.39869
8.09	0.612644	7.02805	0.738434	0.801205	-0.397147
8.095	0.608933	7.0314	0.734428	0.803728	-0.39559
8.1	0.605209	7.03474	0.730409	0.806262	-0.394017
8.105	0.601471	7.03806	0.726378	0.808805	-0.392429
8.11	0.597719	7.04136	0.722334	0.811359	-0.390825
8.115	0.593955	7.04465	0.718277	0.813924	-0.389207
8.12	0.590177	7.04793	0.714208	0.816499	-0.387572
8.125	0.586385	7.05119	0.710125	0.819085	-0.385923
8.13	0.582581	7.05443	0.70603	0.821682	-0.384258
8.135	0.578762	7.05766	0.701921	0.82429	-0.382577
8.14	0.574931	7.06087	0.6978	0.82691	-0.380881
8.145	0.571087	7.06407	0.693665	0.829541	-0.37917
8.15	0.567229	7.06725	0.689518	0.832184	-0.377443
8.155	0.563358	7.07042	0.685357	0.834839	-0.3757
8.16	0.559474	7.07356	0.681183	0.837506	-0.373942
8.165	0.555576	7.0767	0.676995	0.840185	-0.372168
8.17	0.551666	7.07981	0.672794	0.842877	-0.370379
8.175	0.547743	7.08291	0.66858	0.845582	-0.368574
8.18	0.543806	7.08599	0.664352	0.8483	-0.366753
8.185	0.539856	7.08906	0.66011	0.851031	-0.364916
8.19	0.535894	7.09211	0.655855	0.853776	-0.363064
8.195	0.531918	7.09514	0.651586	0.856535	-0.361196
8.2	0.52793	7.09816	0.647304	0.859308	-0.359312
8.205	0.523928	7.10116	0.643007	0.862095	-0.357412
8.21	0.519914	7.10414	0.638697	0.864896	-0.355497
8.215	0.515886	7.1071	0.634372	0.867713	-0.353565
8.22	0.511846	7.11005	0.630034	0.870545	-0.351618
8.225	0.507794	7.11297	0.625681	0.873392	-0.349655
8.23	0.503728	7.11588	0.621314	0.876255	-0.347676
8.235	0.49965	7.11878	0.616933	0.879133	-0.34568
8.24	0.495559	7.12165	0.612537	0.882029	-0.343669
8.245	0.491455	7.12451	0.608127	0.884941	-0.341642
8.25	0.487339	7.12735	0.603702	0.88787	-0.339599
8.255	0.48321	7.13017	0.599263	0.890817	-0.337539
8.26	0.479069	7.13297	0.594809	0.893781	-0.335464
8.265	0.474915	7.13575	0.59034	0.896763	-0.333372
8.27	0.470749	7.13852	0.585856	0.899764	-0.331265
8.275	0.46657	7.14126	0.581357	0.902784	-0.329141
8.28	0.462379	7.14399	0.576843	0.905824	-0.327001
8.285	0.458176	7.1467	0.572314	0.908883	-0.324844
8.29	0.453961	7.14939	0.56777	0.911962	-0.322672
8.295	0.449733	7.15205	0.56321	0.915062	-0.320483
8.3	0.445493	7.15471	0.558635	0.918184	-0.318278
8.305	0.441241	7.15734	0.554044	0.921326	-0.316056
8.31	0.436977	7.15995	0.549437	0.924491	-0.313818
8.315	0.432701	7.16254	0.544814	0.927679	-0.311564
8.32	0.428413	7.16511	0.540176	0.93089	-0.309293
8.325	0.424113	7.16766	0.535522	0.934125	-0.307006
8.33	0.419801	7.17019	0.530851	0.937384	-0.304702
8.335	0.415477	7.1727	0.526164	0.940667	-0.302382
8.34	0.411142	7.17519	0.521461	0.943977	-0.300046
8.345	0.406795	7.17766	0.516741	0.947312	-0.297692
8.35	0.402436	7.18011	0.512004	0.950675	-0.295323
8.355	0.398065	7.18254	0.507251	0.954065	-0.292936
8.36	0.393683	7.18495	0.502481	0.957483	-0.290533
8.365	0.38929	7.18734	0.497693	0.96093	-0.288113
8.37	0.384885	7.1897	0.492889	0.964407	-0.285677
8.375	0.380469	7.19205	0.488067	0.967915	-0.283223
8.38	0.376041	7.19437	0.483227	0.971454	-0.280753
8.385	0.371603	7.19667	0.47837	0.975025	-0.278266
8.39	0.367153	7.19895	0.473495	0.97863	-0.275762
8.395	0.362692	7.20121	0.468601	0.982268	-0.273241
8.4	0.35822	7.20345	0.46369	0.985942	-0.270704
8.405	0.353737	7.20566	0.45876	0.989652	-0.268149
8.41	0.349243	7.20785	0.453812	0.993399	-0.265577
8.415	0.344738	7.21002	0.448845	0.997184	-0.262988
8.42	0.340223	7.21217	0.443859	1.00101	-0.260382
8.425	0.335696	7.2143	0.438854	1.00487	-0.257759
8.43	0.331159	7.2164	0.43383	1.00878	-0.255118
8.435	0.326612	7.21848	0.428786	1.01273	-0.252461
8.44	0.322054	7.22053	0.423722	1.01673	-0.249785
8.445	0.317486	7.22256	0.418639	1.02077	-0.247093
8.45	0.312908	7.22457	0.413535	1.02486	-0.244383
8.455	0.308319	7.22656	0.40841	1.029	-0.241655
8.46	0.30372	7.22852	0.403265	1.03319	-0.23891
8.465	0.299111	7.23046	0.398099	1.03743	-0.236147
8.47	0.294492	7.23237	0.392912	1.04173	-0.233367
8.475	0.289863	7.23426	0.387704	1.04608	-0.230568
8.48	0.285224	7.23613	0.382473	1.05049	-0.227752
8.485	0.280576	7.23797	0.377221	1.05497	-0.224918
8.49	0.275918	7.23979	0.371946	1.0595	-0.222066
8.495	0.27125	7.24158	0.366648	1.0641	-0.219195
8.5	0.266573	7.24335	0.361328	1.06877	-0.216307
8.505	0.261886	7.24509	0.355984	1.07351	-0.2134
8.51	0.257191	7.24681	0.350616	1.07833	-0.210475
8.515	0.252486	7.2485	0.345225	1.08322	-0.207531
8.52	0.247771	7.25017	0.339809	1.08819	-0.204569
8.525	0.243048	7.25181	0.334368	1.09325	-0.201588
8.53	0.238316	7.25342	0.328902	1.09839	-0.198588
8.535	0.233576	7.25501	0.32341	1.10362	-0.195569
8.54	0.228826	7.25658	0.317891	1.10895	-0.192532
8.545	0.224068	7.25811	0.312347	1.11438	-0.189475
8.55	0.219301	7.25962	0.306775	1.11991	-0.186399
8.555	0.214527	7.26111	0.301175	1.12556	-0.183303
8.56	0.209743	7.26256	0.295547	1.13131	-0.180188
8.565	0.204952	7.26399	0.289891	1.13719	-0.177053
8.57	0.200153	7.26539	0.284205	1.1432	-0.173898
8.575	0.195345	7.26677	0.278489	1.14934	-0.170724
8.58	0.19053	7.26811	0.272742	1.15563	-0.167529
8.585	0.185707	7.26943	0.266964	1.16206	-0.164314
8.59	0.180877	7.27072	0.261154	1.16866	-0.161078
8.595	0.176039	7.27199	0.25531	1.17542	-0.157822
8.6	0.171193	7.27322	0.249433	1.18237	-0.154545
8.605	0.166341	7.27443	0.243521	1.1895	-0.151247
8.61	0.161481	7.2756	0.237574	1.19684	-0.147928
8.615	0.156615	7.27675	0.23159	1.2044	-0.144587
8.62	0.151742	7.27787	0.225568	1.2122	-0.141225
8.625	0.146862	7.27896	0.219507	1.22024	-0.137842
8.63	0.141975	7.28002	0.213406	1.22856	-0.134437
8.635	0.137082	7.28105	0.207263	1.23718	-0.13101
8.64	0.132183	7.28204	0.201077	1.24611	-0.127561
8.645	0.127277	7.28301	0.194846	1.25538	-0.124091
8.65	0.122366	7.28395	0.188569	1.26504	-0.120598
8.655	0.117449	7.28486	0.182244	1.27511	-0.117084
8.66	0.112526	7.28573	0.175869	1.28564	-0.113548
8.665	0.107598	7.28657	0.16944	1.29668	-0.109991
8.67	0.102664	7.28739	0.162957	1.30829	-0.106414
8.675	0.0977248	7.28816	0.156416	1.32052	-0.102816
8.68	0.0927808	7.28891	0.149813	1.33348	-0.0991997
8.685	0.0878319	7.28962	0.143146	1.34725	-0.0955656
8.69	0.0828784	7.2903	0.136409	1.36195	-0.0919161
8.695	0.0779203	7.29095	0.1296	1.37774	-0.0882538
8.7	0.0729579	7.29156	0.122711	1.3948	-0.0845826
8.705	0.0679914	7.29214	0.115737	1.41338	-0.0809077
8.71	0.0630209	7.29268	0.10867	1.43379	-0.0772367
8.715	0.0580466	7.29319	0.101501	1.45646	-0.0735802
8.72	0.0530688	7.29366	0.0942187	1.48199	-0.0699534
8.725	0.0480876	7.29409	0.0868088	1.5112	-0.0663792
8.73	0.0431033	7.29449	0.0792528	1.54536	-0.0628921
8.735	0.0381161	7.29485	0.071526	1.58641	-0.0595463
8.74	0.0331262	7.29516	0.0635939	1.63757	-0.0564316
8.745	0.0281339	7.29544	0.0554061	1.70458	-0.0537043
8.75	0.0231393	7.29567	0.0468832	1.79866	-0.0516608
8.755	0.0181429	7.29586	0.0378899	1.94487	-0.0509295
8.76	0.0131449	7.296	0.0281656	2.2104	-0.0531012
8.765	0.00814565	7.29609	0.0171136	2.83624	-0.0637029
8.77	0.00314567	7.2961	0.00293238	5.30823	-0.123606
