descriptor s_test R_test Z_test
0	1.68343	9.99999e-006	0.002	-0.401995	-0.00161643
0.005	1.67843	3.00498e-005	0.00400997	-0.403992	-0.0032493
0.01	1.67343	6.01993e-005	0.00602993	-0.405992	-0.00489863
0.015	1.66843	0.000100498	0.0080599	-0.407996	-0.00656443
0.02	1.66343	0.000150997	0.0100999	-0.410002	-0.00824673
0.025	1.65843	0.000211745	0.0121499	-0.412012	-0.00994553
0.03	1.65343	0.000282792	0.0142099	-0.414025	-0.0116608
0.035	1.64843	0.000364189	0.0162801	-0.416041	-0.0133927
0.04	1.64343	0.000455985	0.0183603	-0.418061	-0.0151411
0.045	1.63843	0.000558231	0.0204506	-0.420084	-0.0169061
0.05	1.63344	0.000670976	0.022551	-0.42211	-0.0186876
0.055	1.62844	0.000794272	0.0246616	-0.424141	-0.0204858
0.06	1.62344	0.000928167	0.0267823	-0.426175	-0.0223005
0.065	1.61844	0.00107271	0.0289131	-0.428212	-0.0241319
0.07	1.61344	0.00122796	0.0310542	-0.430254	-0.0259799
0.075	1.60845	0.00139396	0.0332055	-0.4323	-0.0278446
0.08	1.60345	0.00157075	0.035367	-0.434349	-0.0297259
0.085	1.59845	0.0017584	0.0375387	-0.436403	-0.0316239
0.09	1.59346	0.00195695	0.0397207	-0.438461	-0.0335386
0.095	1.58846	0.00216646	0.041913	-0.440524	-0.03547
0.1	1.58347	0.00238696	0.0441157	-0.44259	-0.0374181
0.105	1.57847	0.00261852	0.0463286	-0.444662	-0.0393829
0.11	1.57348	0.00286119	0.0485519	-0.446737	-0.0413645
0.115	1.56848	0.00311501	0.0507856	-0.448818	-0.0433628
0.12	1.56349	0.00338003	0.0530297	-0.450903	-0.0453779
0.125	1.5585	0.00365631	0.0552842	-0.452993	-0.0474097
0.13	1.55351	0.0039439	0.0575492	-0.455088	-0.0494584
0.135	1.54852	0.00424284	0.0598246	-0.457189	-0.0515238
0.14	1.54352	0.0045532	0.0621106	-0.459294	-0.0536061
0.145	1.53854	0.00487501	0.064407	-0.461404	-0.0557051
0.15	1.53355	0.00520833	0.066714	-0.46352	-0.057821
0.155	1.52856	0.00555322	0.0690316	-0.465642	-0.0599537
0.16	1.52357	0.00590971	0.0713599	-0.467768	-0.0621033
0.165	1.51858	0.00627787	0.0736987	-0.469901	-0.0642697
0.17	1.5136	0.00665775	0.0760482	-0.472039	-0.0664531
0.175	1.50861	0.00704939	0.0784084	-0.474183	-0.0686532
0.18	1.50363	0.00745285	0.0807793	-0.476333	-0.0708703
0.185	1.49865	0.00786817	0.083161	-0.478489	-0.0731043
0.19	1.49367	0.00829542	0.0855534	-0.480652	-0.0753552
0.195	1.48869	0.00873463	0.0879567	-0.48282	-0.077623
0.2	1.48371	0.00918587	0.0903708	-0.484995	-0.0799077
0.205	1.47873	0.00964919	0.0927958	-0.487177	-0.0822094
0.21	1.47375	0.0101246	0.0952316	-0.489365	-0.084528
0.215	1.46877	0.0106122	0.0976785	-0.491559	-0.0868636
0.22	1.4638	0.0111121	0.100136	-0.493761	-0.0892161
0.225	1.45883	0.0116242	0.102605	-0.49597	-0.0915856
0.23	1.45385	0.0121487	0.105085	-0.498185	-0.093972
0.235	1.44888	0.0126855	0.107576	-0.500408	-0.0963755
0.24	1.44391	0.0132348	0.110078	-0.502638	-0.0987959
0.245	1.43894	0.0137966	0.112591	-0.504876	-0.101233
0.25	1.43398	0.0143709	0.115115	-0.507121	-0.103688
0.255	1.42901	0.0149578	0.117651	-0.509374	-0.106159
0.26	1.42405	0.0155573	0.120198	-0.511634	-0.108648
0.265	1.41909	0.0161695	0.122756	-0.513903	-0.111153
0.27	1.41412	0.0167945	0.125326	-0.51618	-0.113676
0.275	1.40917	0.0174323	0.127907	-0.518464	-0.116215
0.28	1.40421	0.018083	0.130499	-0.520757	-0.118772
0.285	1.39925	0.0187465	0.133103	-0.523059	-0.121346
0.29	1.3943	0.019423	0.135718	-0.525369	-0.123936
0.295	1.38935	0.0201125	0.138345	-0.527688	-0.126544
0.3	1.3844	0.0208151	0.140983	-0.530016	-0.129169
0.305	1.37945	0.0215308	0.143633	-0.532352	-0.131811
0.31	1.3745	0.0222597	0.146295	-0.534698	-0.13447
0.315	1.36956	0.0230018	0.148969	-0.537053	-0.137146
0.32	1.36461	0.0237572	0.151654	-0.539418	-0.139839
0.325	1.35967	0.0245258	0.154351	-0.541792	-0.142549
0.33	1.35473	0.0253079	0.15706	-0.544175	-0.145276
0.335	1.3498	0.0261034	0.159781	-0.546569	-0.148021
0.34	1.34486	0.0269124	0.162514	-0.548973	-0.150782
0.345	1.33993	0.027735	0.165258	-0.551386	-0.153561
0.35	1.335	0.0285711	0.168015	-0.55381	-0.156356
0.355	1.33007	0.0294209	0.170784	-0.556245	-0.159169
0.36	1.32515	0.0302843	0.173566	-0.55869	-0.161999
0.365	1.32023	0.0311616	0.176359	-0.561146	-0.164846
0.37	1.31531	0.0320526	0.179165	-0.563612	-0.16771
0.375	1.31039	0.0329575	0.181983	-0.56609	-0.170591
0.38	1.30548	0.0338763	0.184813	-0.568579	-0.173489
0.385	1.30056	0.0348091	0.187656	-0.57108	-0.176404
0.39	1.29565	0.0357559	0.190512	-0.573592	-0.179337
0.395	1.29075	0.0367168	0.19338	-0.576116	-0.182286
0.4	1.28584	0.0376918	0.19626	-0.578651	-0.185253
0.405	1.28094	0.038681	0.199153	-0.581199	-0.188236
0.41	1.27604	0.0396845	0.202059	-0.583759	-0.191237
0.415	1.27115	0.0407022	0.204978	-0.586332	-0.194255
0.42	1.26626	0.0417343	0.20791	-0.588917	-0.19729
0.425	1.26137	0.0427807	0.210854	-0.591514	-0.200342
0.43	1.25648	0.0438417	0.213812	-0.594125	-0.203411
0.435	1.2516	0.0449171	0.216783	-0.596749	-0.206497
0.44	1.24672	0.0460071	0.219766	-0.599386	-0.2096
0.445	1.24184	0.0471118	0.222763	-0.602037	-0.212721
0.45	1.23697	0.0482311	0.225774	-0.604701	-0.215858
0.455	1.2321	0.0493651	0.228797	-0.60738	-0.219012
0.46	1.22723	0.0505139	0.231834	-0.610072	-0.222184
0.465	1.22237	0.0516775	0.234884	-0.612779	-0.225372
0.47	1.21751	0.0528561	0.237948	-0.6155	-0.228578
0.475	1.21265	0.0540496	0.241026	-0.618236	-0.2318
0.48	1.2078	0.0552581	0.244117	-0.620986	-0.235039
0.485	1.20295	0.0564816	0.247222	-0.623752	-0.238296
0.49	1.19811	0.0577203	0.250341	-0.626533	-0.241569
0.495	1.19327	0.0589741	0.253473	-0.629329	-0.24486
0.5	1.18843	0.0602432	0.25662	-0.632141	-0.248167
0.505	1.1836	0.0615276	0.259781	-0.634969	-0.251491
0.51	1.17877	0.0628272	0.262955	-0.637813	-0.254833
0.515	1.17395	0.0641423	0.266144	-0.640674	-0.258191
0.52	1.16913	0.0654728	0.269348	-0.643551	-0.261566
0.525	1.16431	0.0668188	0.272566	-0.646444	-0.264958
0.53	1.1595	0.0681804	0.275798	-0.649355	-0.268366
0.535	1.1547	0.0695576	0.279045	-0.652282	-0.271792
0.54	1.1499	0.0709504	0.282306	-0.655227	-0.275234
0.545	1.1451	0.072359	0.285582	-0.65819	-0.278694
0.55	1.1403	0.0737834	0.288873	-0.661171	-0.28217
0.555	1.13552	0.0752236	0.292179	-0.664169	-0.285662
0.56	1.13073	0.0766797	0.2955	-0.667186	-0.289172
0.565	1.12595	0.0781517	0.298836	-0.670222	-0.292698
0.57	1.12118	0.0796398	0.302187	-0.673276	-0.296241
0.575	1.11641	0.0811439	0.305553	-0.676349	-0.299801
0.58	1.11165	0.0826641	0.308935	-0.679442	-0.303377
0.585	1.10689	0.0842005	0.312332	-0.682554	-0.306969
0.59	1.10214	0.0857531	0.315745	-0.685686	-0.310579
0.595	1.09739	0.087322	0.319173	-0.688837	-0.314205
0.6	1.09265	0.0889073	0.322618	-0.692009	-0.317847
0.605	1.08791	0.0905089	0.326078	-0.695202	-0.321506
0.61	1.08318	0.092127	0.329554	-0.698415	-0.325181
0.615	1.07846	0.0937616	0.333046	-0.701649	-0.328873
0.62	1.07374	0.0954128	0.336554	-0.704904	-0.332581
0.625	1.06902	0.0970806	0.340078	-0.708181	-0.336305
0.63	1.06432	0.0987651	0.343619	-0.711479	-0.340046
0.635	1.05961	0.100466	0.347177	-0.7148	-0.343802
0.64	1.05492	0.102184	0.350751	-0.718143	-0.347575
0.645	1.05023	0.103919	0.354341	-0.721508	-0.351364
0.65	1.04555	0.105671	0.357949	-0.724896	-0.355169
0.655	1.04087	0.10744	0.361573	-0.728307	-0.358991
0.66	1.0362	0.109225	0.365215	-0.731741	-0.362828
0.665	1.03154	0.111028	0.368874	-0.735199	-0.366681
0.67	1.02688	0.112848	0.37255	-0.738681	-0.37055
0.675	1.02223	0.114685	0.376243	-0.742186	-0.374434
0.68	1.01758	0.11654	0.379954	-0.745716	-0.378335
0.685	1.01295	0.118411	0.383683	-0.749271	-0.382251
0.69	1.00832	0.120301	0.387429	-0.752851	-0.386182
0.695	1.0037	0.122207	0.391193	-0.756456	-0.390129
0.7	0.999082	0.124131	0.394976	-0.760086	-0.394092
0.705	0.994474	0.126072	0.398776	-0.763742	-0.39807
0.71	0.989874	0.128031	0.402595	-0.767424	-0.402063
0.715	0.985281	0.130008	0.406432	-0.771132	-0.406072
0.72	0.980696	0.132002	0.410287	-0.774867	-0.410095
0.725	0.976119	0.134015	0.414162	-0.778628	-0.414134
0.73	0.971549	0.136044	0.418055	-0.782417	-0.418187
0.735	0.966988	0.138092	0.421967	-0.786233	-0.422256
0.74	0.962435	0.140158	0.425898	-0.790077	-0.426339
0.745	0.957889	0.142242	0.429849	-0.793948	-0.430437
0.75	0.953353	0.144343	0.433818	-0.797848	-0.434549
0.755	0.948824	0.146463	0.437808	-0.801776	-0.438676
0.76	0.944304	0.148601	0.441816	-0.805733	-0.442817
0.765	0.939793	0.150757	0.445845	-0.809719	-0.446972
0.77	0.935291	0.152931	0.449894	-0.813734	-0.451141
0.775	0.930797	0.155124	0.453962	-0.817779	-0.455324
0.78	0.926312	0.157335	0.458051	-0.821853	-0.459522
0.785	0.921837	0.159564	0.46216	-0.825958	-0.463732
0.79	0.917371	0.161812	0.46629	-0.830093	-0.467957
0.795	0.912914	0.164079	0.470441	-0.834258	-0.472194
0.8	0.908467	0.166364	0.474612	-0.838454	-0.476445
0.805	0.904029	0.168667	0.478804	-0.842682	-0.480709
0.81	0.899601	0.17099	0.483018	-0.84694	-0.484986
0.815	0.895183	0.173331	0.487252	-0.85123	-0.489276
0.82	0.890775	0.17569	0.491509	-0.855552	-0.493578
0.825	0.886377	0.178069	0.495786	-0.859906	-0.497893
0.83	0.881989	0.180466	0.500086	-0.864293	-0.50222
0.835	0.877612	0.182883	0.504407	-0.868712	-0.506559
0.84	0.873245	0.185318	0.508751	-0.873163	-0.51091
0.845	0.868889	0.187773	0.513117	-0.877648	-0.515273
0.85	0.864543	0.190246	0.517505	-0.882165	-0.519647
0.855	0.860209	0.192739	0.521916	-0.886717	-0.524032
0.86	0.855886	0.195251	0.526349	-0.891301	-0.528428
0.865	0.851574	0.197782	0.530806	-0.895919	-0.532836
0.87	0.847273	0.200333	0.535285	-0.900572	-0.537253
0.875	0.842984	0.202902	0.539788	-0.905258	-0.541681
0.88	0.838707	0.205492	0.544315	-0.909979	-0.546119
0.885	0.834441	0.2081	0.548865	-0.914734	-0.550567
0.89	0.830188	0.210728	0.553438	-0.919524	-0.555025
0.895	0.825946	0.213376	0.558036	-0.924348	-0.559491
0.9	0.821717	0.216043	0.562658	-0.929207	-0.563967
0.905	0.8175	0.21873	0.567304	-0.934102	-0.568451
0.91	0.813296	0.221436	0.571974	-0.939031	-0.572944
0.915	0.809105	0.224162	0.576669	-0.943995	-0.577445
0.92	0.804926	0.226908	0.581389	-0.948995	-0.581953
0.925	0.800761	0.229674	0.586134	-0.95403	-0.586469
0.93	0.796608	0.23246	0.590904	-0.9591	-0.590992
0.935	0.79247	0.235265	0.5957	-0.964206	-0.595522
0.94	0.788344	0.23809	0.600521	-0.969347	-0.600058
0.945	0.784233	0.240936	0.605368	-0.974524	-0.604601
0.95	0.780135	0.243801	0.61024	-0.979736	-0.609148
0.955	0.776052	0.246686	0.615139	-0.984983	-0.613701
0.96	0.771983	0.249592	0.620064	-0.990265	-0.618259
0.965	0.767928	0.252517	0.625015	-0.995583	-0.622821
0.97	0.763888	0.255463	0.629993	-1.00094	-0.627388
0.975	0.759862	0.258429	0.634998	-1.00632	-0.631957
0.98	0.755852	0.261415	0.640029	-1.01175	-0.63653
0.985	0.751857	0.264421	0.645088	-1.0172	-0.641105
0.99	0.747877	0.267448	0.650174	-1.0227	-0.645683
0.995	0.743913	0.270495	0.655288	-1.02822	-0.650262
1	0.739964	0.273562	0.660429	-1.03378	-0.654842
1.005	0.736031	0.27665	0.665598	-1.03938	-0.659423
1.01	0.732115	0.279758	0.670794	-1.045	-0.664004
1.015	0.728214	0.282886	0.67602	-1.05066	-0.668584
1.02	0.72433	0.286035	0.681273	-1.05636	-0.673163
1.025	0.720463	0.289205	0.686555	-1.06208	-0.677741
1.03	0.716613	0.292395	0.691865	-1.06784	-0.682316
1.035	0.71278	0.295605	0.697204	-1.07363	-0.686888
1.04	0.708964	0.298836	0.702572	-1.07945	-0.691457
1.045	0.705165	0.302087	0.70797	-1.0853	-0.696021
1.05	0.701385	0.305359	0.713396	-1.09118	-0.700581
1.055	0.697622	0.308652	0.718852	-1.09709	-0.705135
1.06	0.693877	0.311965	0.724338	-1.10303	-0.709683
1.065	0.690151	0.315299	0.729853	-1.109	-0.714224
1.07	0.686443	0.318653	0.735398	-1.11499	-0.718757
1.075	0.682754	0.322028	0.740973	-1.12101	-0.723282
1.08	0.679084	0.325424	0.746578	-1.12706	-0.727797
1.085	0.675433	0.32884	0.752213	-1.13313	-0.732303
1.09	0.671801	0.332277	0.757879	-1.13922	-0.736797
1.095	0.66819	0.335735	0.763575	-1.14534	-0.74128
1.1	0.664598	0.339213	0.769302	-1.15148	-0.74575
1.105	0.661026	0.342712	0.775059	-1.15764	-0.750207
1.11	0.657474	0.346231	0.780847	-1.16382	-0.754649
1.115	0.653943	0.349771	0.786666	-1.17002	-0.759076
1.12	0.650433	0.353332	0.792516	-1.17623	-0.763487
1.125	0.646944	0.356913	0.798398	-1.18246	-0.767881
1.13	0.643475	0.360515	0.80431	-1.18871	-0.772256
1.135	0.640029	0.364137	0.810253	-1.19496	-0.776613
1.14	0.636604	0.36778	0.816228	-1.20123	-0.780949
1.145	0.633201	0.371443	0.822234	-1.20751	-0.785264
1.15	0.62982	0.375127	0.828272	-1.2138	-0.789556
1.155	0.626462	0.378831	0.834341	-1.22009	-0.793825
1.16	0.623126	0.382556	0.840441	-1.22639	-0.79807
1.165	0.619814	0.386301	0.846573	-1.23269	-0.802289
1.17	0.616524	0.390067	0.852737	-1.23899	-0.806481
1.175	0.613258	0.393852	0.858932	-1.24529	-0.810644
1.18	0.610015	0.397658	0.865158	-1.25159	-0.814779
1.185	0.606796	0.401484	0.871416	-1.25788	-0.818883
1.19	0.603602	0.405331	0.877705	-1.26416	-0.822956
1.195	0.600432	0.409197	0.884026	-1.27044	-0.826995
1.2	0.597286	0.413084	0.890378	-1.2767	-0.831001
1.205	0.594165	0.41699	0.896762	-1.28294	-0.83497
1.21	0.59107	0.420917	0.903177	-1.28917	-0.838903
1.215	0.588	0.424863	0.909622	-1.29538	-0.842797
1.22	0.584955	0.428829	0.916099	-1.30157	-0.846652
1.225	0.581936	0.432815	0.922607	-1.30773	-0.850465
1.23	0.578944	0.436821	0.929146	-1.31386	-0.854236
1.235	0.575977	0.440846	0.935715	-1.31996	-0.857963
1.24	0.573038	0.444891	0.942315	-1.32603	-0.861645
1.245	0.570125	0.448955	0.948945	-1.33205	-0.86528
1.25	0.56724	0.453038	0.955605	-1.33804	-0.868866
1.255	0.564381	0.45714	0.962296	-1.34398	-0.872403
1.26	0.561551	0.461262	0.969015	-1.34988	-0.875888
1.265	0.558748	0.465403	0.975765	-1.35572	-0.87932
1.27	0.555974	0.469562	0.982543	-1.36151	-0.882697
1.275	0.553227	0.473741	0.989351	-1.36725	-0.886018
1.28	0.55051	0.477938	0.996187	-1.37291	-0.889282
1.285	0.547821	0.482153	1.00305	-1.37852	-0.892486
1.29	0.545162	0.486387	1.00994	-1.38405	-0.89563
1.295	0.542531	0.49064	1.01686	-1.38951	-0.89871
1.3	0.539931	0.49491	1.02381	-1.3949	-0.901727
1.305	0.53736	0.499199	1.03079	-1.4002	-0.904678
1.31	0.53482	0.503505	1.03779	-1.40541	-0.907561
1.315	0.532309	0.507829	1.04481	-1.41054	-0.910376
1.32	0.52983	0.512171	1.05187	-1.41557	-0.913119
1.325	0.527381	0.51653	1.05895	-1.4205	-0.91579
1.33	0.524963	0.520907	1.06605	-1.42533	-0.918387
1.335	0.522576	0.5253	1.07317	-1.43005	-0.920909
1.34	0.520221	0.529711	1.08032	-1.43466	-0.923353
1.345	0.517897	0.534138	1.0875	-1.43915	-0.925718
1.35	0.515606	0.538582	1.09469	-1.44352	-0.928002
1.355	0.513346	0.543042	1.10191	-1.44777	-0.930204
1.36	0.511119	0.547519	1.10915	-1.45189	-0.932322
1.365	0.508924	0.552012	1.11641	-1.45587	-0.934355
1.37	0.506763	0.55652	1.12369	-1.45971	-0.9363
1.375	0.504634	0.561044	1.13099	-1.46341	-0.938157
1.38	0.502538	0.565584	1.1383	-1.46695	-0.939924
1.385	0.500476	0.570139	1.14564	-1.47035	-0.941599
1.39	0.498447	0.574709	1.15299	-1.47359	-0.94318
1.395	0.496452	0.579293	1.16036	-1.47666	-0.944667
1.4	0.494491	0.583893	1.16774	-1.47957	-0.946058
1.405	0.492564	0.588506	1.17514	-1.4823	-0.947351
1.41	0.490671	0.593134	1.18255	-1.48486	-0.948545
1.415	0.488813	0.597776	1.18998	-1.48724	-0.949638
1.42	0.486989	0.602432	1.19741	-1.48943	-0.95063
1.425	0.4852	0.607101	1.20486	-1.49143	-0.951519
1.43	0.483445	0.611783	1.21232	-1.49324	-0.952304
1.435	0.481726	0.616478	1.21978	-1.49485	-0.952983
1.44	0.480042	0.621186	1.22726	-1.49626	-0.953555
1.445	0.478393	0.625906	1.23474	-1.49746	-0.95402
1.45	0.47678	0.630639	1.24223	-1.49845	-0.954376
1.455	0.475202	0.635383	1.24972	-1.49923	-0.954623
1.46	0.473659	0.640139	1.25721	-1.49979	-0.954758
1.465	0.472153	0.644907	1.26471	-1.50013	-0.954782
1.47	0.470682	0.649686	1.27221	-1.50024	-0.954694
1.475	0.469247	0.654475	1.27971	-1.50013	-0.954492
1.48	0.467848	0.659276	1.28722	-1.49979	-0.954176
1.485	0.466485	0.664086	1.29471	-1.49921	-0.953746
1.49	0.465158	0.668907	1.30221	-1.49839	-0.953201
1.495	0.463868	0.673737	1.3097	-1.49734	-0.95254
1.5	0.462613	0.678578	1.31719	-1.49604	-0.951763
1.505	0.461395	0.683427	1.32467	-1.4945	-0.950869
1.51	0.460213	0.688285	1.33214	-1.49272	-0.949859
1.515	0.459067	0.693152	1.33961	-1.49069	-0.948731
1.52	0.457958	0.698027	1.34706	-1.4884	-0.947487
1.525	0.456885	0.702911	1.3545	-1.48587	-0.946125
1.53	0.455848	0.707802	1.36193	-1.48309	-0.944646
1.535	0.454848	0.712701	1.36935	-1.48005	-0.943049
1.54	0.453883	0.717607	1.37675	-1.47676	-0.941336
1.545	0.452955	0.72252	1.38413	-1.47321	-0.939506
1.55	0.452064	0.72744	1.3915	-1.46941	-0.93756
1.555	0.451208	0.732367	1.39884	-1.46536	-0.935497
1.56	0.450389	0.737299	1.40617	-1.46105	-0.933319
1.565	0.449605	0.742237	1.41347	-1.45649	-0.931025
1.57	0.448858	0.747181	1.42076	-1.45168	-0.928617
1.575	0.448147	0.75213	1.42802	-1.44661	-0.926096
1.58	0.447471	0.757084	1.43525	-1.44129	-0.923461
1.585	0.446831	0.762043	1.44246	-1.43573	-0.920714
1.59	0.446227	0.767007	1.44963	-1.42991	-0.917856
1.595	0.445658	0.771974	1.45678	-1.42385	-0.914887
1.6	0.445124	0.776946	1.4639	-1.41755	-0.91181
1.605	0.444626	0.781921	1.47099	-1.411	-0.908624
1.61	0.444163	0.786899	1.47805	-1.40422	-0.905331
1.615	0.443735	0.791881	1.48507	-1.3972	-0.901933
1.62	0.443342	0.796865	1.49205	-1.38995	-0.898431
1.625	0.442983	0.801852	1.499	-1.38247	-0.894825
1.63	0.442659	0.806842	1.50591	-1.37476	-0.891118
1.635	0.442369	0.811834	1.51279	-1.36683	-0.887312
1.64	0.442113	0.816827	1.51962	-1.35868	-0.883407
1.645	0.441891	0.821822	1.52642	-1.35031	-0.879405
1.65	0.441703	0.826818	1.53317	-1.34174	-0.875308
1.655	0.441549	0.831816	1.53988	-1.33296	-0.871118
1.66	0.441427	0.836815	1.54654	-1.32397	-0.866837
1.665	0.441339	0.841814	1.55316	-1.31479	-0.862466
1.67	0.441284	0.846814	1.55973	-1.30542	-0.858007
1.675	0.441261	0.851814	1.56626	-1.29586	-0.853462
1.68	0.441271	0.856813	1.57274	-1.28612	-0.848833
1.685	0.441313	0.861813	1.57917	-1.27621	-0.844122
1.69	0.441387	0.866813	1.58555	-1.26612	-0.839332
1.695	0.441492	0.871812	1.59188	-1.25586	-0.834463
1.7	0.441629	0.87681	1.59816	-1.24545	-0.829519
1.705	0.441797	0.881807	1.60439	-1.23488	-0.8245
1.71	0.441996	0.886803	1.61056	-1.22416	-0.819411
1.715	0.442225	0.891798	1.61669	-1.2133	-0.814251
1.72	0.442485	0.896791	1.62275	-1.2023	-0.809025
1.725	0.442774	0.901783	1.62876	-1.19117	-0.803733
1.73	0.443094	0.906772	1.63472	-1.17992	-0.798378
1.735	0.443442	0.91176	1.64062	-1.16854	-0.792962
1.74	0.44382	0.916746	1.64646	-1.15705	-0.787488
1.745	0.444227	0.921729	1.65225	-1.14546	-0.781957
1.75	0.444663	0.92671	1.65797	-1.13376	-0.776372
1.755	0.445126	0.931689	1.66364	-1.12196	-0.770734
1.76	0.445618	0.936665	1.66925	-1.11008	-0.765047
1.765	0.446137	0.941638	1.6748	-1.09811	-0.759312
1.77	0.446683	0.946608	1.68029	-1.08607	-0.753531
1.775	0.447256	0.951575	1.68572	-1.07395	-0.747707
1.78	0.447856	0.956539	1.69109	-1.06177	-0.741841
1.785	0.448483	0.961499	1.6964	-1.04952	-0.735936
1.79	0.449135	0.966456	1.70165	-1.03722	-0.729994
1.795	0.449813	0.97141	1.70684	-1.02487	-0.724017
1.8	0.450517	0.97636	1.71196	-1.01248	-0.718007
1.805	0.451245	0.981307	1.71702	-1.00005	-0.711966
1.81	0.451999	0.98625	1.72202	-0.987587	-0.705895
1.815	0.452776	0.991189	1.72696	-0.975097	-0.699798
1.82	0.453578	0.996124	1.73184	-0.962584	-0.693676
1.825	0.454403	1.00106	1.73665	-0.950054	-0.68753
1.83	0.455252	1.00598	1.7414	-0.937512	-0.681364
1.835	0.456124	1.01091	1.74609	-0.924963	-0.675177
1.84	0.457019	1.01583	1.75071	-0.912412	-0.668974
1.845	0.457936	1.02074	1.75527	-0.899863	-0.662754
1.85	0.458875	1.02565	1.75977	-0.887321	-0.656521
1.855	0.459837	1.03056	1.76421	-0.87479	-0.650276
1.86	0.460819	1.03546	1.76858	-0.862276	-0.644019
1.865	0.461823	1.04036	1.7729	-0.849781	-0.637754
1.87	0.462847	1.04525	1.77714	-0.837311	-0.631482
1.875	0.463892	1.05014	1.78133	-0.82487	-0.625204
1.88	0.464957	1.05503	1.78546	-0.81246	-0.618923
1.885	0.466042	1.05991	1.78952	-0.800086	-0.612638
1.89	0.467146	1.06479	1.79352	-0.787752	-0.606352
1.895	0.46827	1.06966	1.79746	-0.775461	-0.600067
1.9	0.469413	1.07453	1.80133	-0.763217	-0.593784
1.905	0.470574	1.07939	1.80515	-0.751023	-0.587503
1.91	0.471753	1.08425	1.80891	-0.738881	-0.581228
1.915	0.47295	1.0891	1.8126	-0.726796	-0.574958
1.92	0.474165	1.09395	1.81623	-0.71477	-0.568695
1.925	0.475397	1.0988	1.81981	-0.702805	-0.56244
1.93	0.476647	1.10364	1.82332	-0.690905	-0.556195
1.935	0.477913	1.10848	1.82678	-0.679072	-0.54996
1.94	0.479195	1.11331	1.83017	-0.667308	-0.543737
1.945	0.480493	1.11814	1.83351	-0.655617	-0.537527
1.95	0.481808	1.12296	1.83679	-0.643999	-0.53133
1.955	0.483138	1.12778	1.84001	-0.632458	-0.525149
1.96	0.484483	1.1326	1.84317	-0.620995	-0.518983
1.965	0.485843	1.13741	1.84627	-0.609612	-0.512834
1.97	0.487217	1.14222	1.84932	-0.598311	-0.506703
1.975	0.488606	1.14702	1.85231	-0.587094	-0.50059
1.98	0.49001	1.15182	1.85525	-0.575962	-0.494496
1.985	0.491427	1.15661	1.85813	-0.564916	-0.488423
1.99	0.492857	1.1614	1.86095	-0.553959	-0.482371
1.995	0.494301	1.16619	1.86372	-0.543092	-0.47634
2	0.495758	1.17097	1.86644	-0.532315	-0.470332
2.005	0.497227	1.17575	1.8691	-0.52163	-0.464347
2.01	0.498709	1.18053	1.87171	-0.511038	-0.458386
2.015	0.500203	1.1853	1.87426	-0.500539	-0.452449
2.02	0.501709	1.19007	1.87677	-0.490136	-0.446537
2.025	0.503227	1.19483	1.87922	-0.479828	-0.44065
2.03	0.504756	1.19959	1.88162	-0.469617	-0.43479
2.035	0.506297	1.20435	1.88396	-0.459502	-0.428956
2.04	0.507848	1.2091	1.88626	-0.449485	-0.423149
2.045	0.50941	1.21385	1.88851	-0.439566	-0.41737
2.05	0.510982	1.2186	1.89071	-0.429746	-0.411619
2.055	0.512565	1.22334	1.89285	-0.420024	-0.405897
2.06	0.514157	1.22808	1.89495	-0.410402	-0.400203
2.065	0.51576	1.23282	1.89701	-0.400879	-0.394538
2.07	0.517372	1.23755	1.89901	-0.391456	-0.388903
2.075	0.518993	1.24228	1.90097	-0.382133	-0.383298
2.08	0.520623	1.24701	1.90288	-0.37291	-0.377723
2.085	0.522261	1.25173	1.90474	-0.363787	-0.372179
2.09	0.523909	1.25645	1.90656	-0.354764	-0.366665
2.095	0.525565	1.26117	1.90834	-0.34584	-0.361182
2.1	0.527229	1.26589	1.91007	-0.337017	-0.355731
2.105	0.528901	1.2706	1.91175	-0.328293	-0.350311
2.11	0.53058	1.27531	1.91339	-0.319669	-0.344923
2.115	0.532268	1.28001	1.91499	-0.311144	-0.339566
2.12	0.533962	1.28472	1.91655	-0.302718	-0.334242
2.125	0.535664	1.28942	1.91806	-0.294391	-0.32895
2.13	0.537372	1.29412	1.91953	-0.286162	-0.32369
2.135	0.539088	1.29882	1.92096	-0.278032	-0.318463
2.14	0.540809	1.30351	1.92235	-0.269999	-0.313268
2.145	0.542537	1.3082	1.9237	-0.262063	-0.308106
2.15	0.544272	1.31289	1.92501	-0.254224	-0.302976
2.155	0.546012	1.31758	1.92628	-0.246481	-0.29788
2.16	0.547758	1.32226	1.92752	-0.238834	-0.292816
2.165	0.54951	1.32695	1.92871	-0.231282	-0.287785
2.17	0.551267	1.33163	1.92987	-0.223825	-0.282788
2.175	0.553029	1.33631	1.93099	-0.216463	-0.277823
2.18	0.554796	1.34098	1.93207	-0.209193	-0.272891
2.185	0.556568	1.34566	1.93311	-0.202017	-0.267992
2.19	0.558345	1.35033	1.93412	-0.194933	-0.263126
2.195	0.560127	1.355	1.9351	-0.18794	-0.258294
2.2	0.561913	1.35968	1.93604	-0.181039	-0.253494
2.205	0.563703	1.36434	1.93694	-0.174227	-0.248727
2.21	0.565497	1.36901	1.93782	-0.167506	-0.243993
2.215	0.567295	1.37368	1.93865	-0.160873	-0.239292
2.22	0.569097	1.37834	1.93946	-0.154329	-0.234624
2.225	0.570902	1.383	1.94023	-0.147872	-0.229988
2.23	0.572711	1.38766	1.94097	-0.141502	-0.225385
2.235	0.574523	1.39232	1.94168	-0.135218	-0.220815
2.24	0.576339	1.39698	1.94235	-0.129019	-0.216277
2.245	0.578157	1.40164	1.943	-0.122905	-0.211772
2.25	0.579978	1.4063	1.94361	-0.116875	-0.207299
2.255	0.581802	1.41095	1.9442	-0.110927	-0.202859
2.26	0.583629	1.41561	1.94475	-0.105062	-0.198451
2.265	0.585458	1.42026	1.94528	-0.0992784	-0.194074
2.27	0.587289	1.42491	1.94577	-0.0935755	-0.18973
2.275	0.589122	1.42956	1.94624	-0.0879525	-0.185417
2.28	0.590958	1.43422	1.94668	-0.0824087	-0.181137
2.285	0.592795	1.43887	1.94709	-0.0769432	-0.176887
2.29	0.594634	1.44352	1.94748	-0.0715553	-0.17267
2.295	0.596475	1.44816	1.94783	-0.0662442	-0.168483
2.3	0.598318	1.45281	1.94817	-0.0610091	-0.164328
2.305	0.600161	1.45746	1.94847	-0.0558493	-0.160204
2.31	0.602006	1.46211	1.94875	-0.0507639	-0.156111
2.315	0.603853	1.46675	1.949	-0.0457522	-0.152049
2.32	0.6057	1.4714	1.94923	-0.0408133	-0.148017
2.325	0.607548	1.47605	1.94944	-0.0359466	-0.144016
2.33	0.609398	1.48069	1.94962	-0.0311513	-0.140045
2.335	0.611247	1.48534	1.94977	-0.0264264	-0.136105
2.34	0.613098	1.48998	1.9499	-0.0217714	-0.132195
2.345	0.614949	1.49463	1.95001	-0.0171854	-0.128314
2.35	0.6168	1.49927	1.9501	-0.0126676	-0.124463
2.355	0.618652	1.50392	1.95016	-0.00821735	-0.120642
2.36	0.620504	1.50856	1.9502	-0.00383382	-0.116851
2.365	0.622356	1.5132	1.95022	0.000483722	-0.113088
2.37	0.624208	1.51785	1.95022	0.00473604	-0.109355
2.375	0.626059	1.52249	1.9502	0.00892386	-0.105651
2.38	0.627911	1.52714	1.95015	0.0130479	-0.101975
2.385	0.629762	1.53178	1.95009	0.017109	-0.0983285
2.39	0.631613	1.53643	1.95	0.0211078	-0.0947102
2.395	0.633464	1.54107	1.9499	0.025045	-0.0911203
2.4	0.635313	1.54572	1.94977	0.0289214	-0.0875584
2.405	0.637163	1.55036	1.94963	0.0327376	-0.0840246
2.41	0.639011	1.55501	1.94946	0.0364944	-0.0805186
2.415	0.640859	1.55965	1.94928	0.0401926	-0.0770402
2.42	0.642705	1.5643	1.94908	0.0438327	-0.0735893
2.425	0.644551	1.56895	1.94886	0.0474154	-0.0701658
2.43	0.646395	1.5736	1.94862	0.0509416	-0.0667694
2.435	0.648239	1.57824	1.94837	0.0544117	-0.0634
2.44	0.650081	1.58289	1.9481	0.0578266	-0.0600575
2.445	0.651921	1.58754	1.94781	0.0611869	-0.0567416
2.45	0.653761	1.59219	1.9475	0.0644931	-0.0534522
2.455	0.655598	1.59684	1.94718	0.0677461	-0.0501891
2.46	0.657435	1.60149	1.94684	0.0709464	-0.0469522
2.465	0.659269	1.60614	1.94648	0.0740947	-0.0437413
2.47	0.661102	1.61079	1.94611	0.0771917	-0.0405562
2.475	0.662933	1.61545	1.94573	0.0802378	-0.0373968
2.48	0.664762	1.6201	1.94533	0.0832339	-0.0342629
2.485	0.66659	1.62475	1.94491	0.0861804	-0.0311543
2.49	0.668415	1.62941	1.94448	0.089078	-0.0280709
2.495	0.670238	1.63406	1.94403	0.0919273	-0.0250126
2.5	0.672059	1.63872	1.94358	0.0947289	-0.021979
2.505	0.673878	1.64338	1.9431	0.0974834	-0.0189702
2.51	0.675694	1.64804	1.94261	0.100191	-0.0159859
2.515	0.677509	1.6527	1.94211	0.102853	-0.0130259
2.52	0.67932	1.65736	1.9416	0.10547	-0.0100902
2.525	0.68113	1.66202	1.94107	0.108042	-0.00717853
2.53	0.682937	1.66668	1.94053	0.110569	-0.00429074
2.535	0.684741	1.67134	1.93998	0.113053	-0.00142669
2.54	0.686542	1.67601	1.93941	0.115494	0.00141379
2.545	0.688341	1.68067	1.93884	0.117892	0.00423084
2.55	0.690138	1.68534	1.93825	0.120248	0.00702462
2.555	0.691931	1.69001	1.93764	0.122562	0.00979529
2.56	0.693721	1.69467	1.93703	0.124835	0.012543
2.565	0.695509	1.69934	1.93641	0.127068	0.0152679
2.57	0.697294	1.70401	1.93577	0.129261	0.0179701
2.575	0.699075	1.70869	1.93513	0.131414	0.0206499
2.58	0.700854	1.71336	1.93447	0.133529	0.0233073
2.585	0.702629	1.71803	1.9338	0.135604	0.0259424
2.59	0.704402	1.72271	1.93312	0.137642	0.0285555
2.595	0.706171	1.72739	1.93244	0.139642	0.0311467
2.6	0.707936	1.73206	1.93174	0.141605	0.0337162
2.605	0.709699	1.73674	1.93103	0.143531	0.036264
2.61	0.711458	1.74142	1.93031	0.145422	0.0387903
2.615	0.713214	1.7461	1.92958	0.147276	0.0412953
2.62	0.714966	1.75079	1.92885	0.149095	0.0437791
2.625	0.716715	1.75547	1.9281	0.15088	0.0462418
2.63	0.71846	1.76016	1.92735	0.15263	0.0486837
2.635	0.720202	1.76484	1.92658	0.154346	0.0511047
2.64	0.72194	1.76953	1.92581	0.156029	0.0535051
2.645	0.723674	1.77422	1.92503	0.157678	0.0558851
2.65	0.725405	1.77891	1.92424	0.159295	0.0582446
2.655	0.727132	1.7836	1.92345	0.160879	0.060584
2.66	0.728855	1.7883	1.92264	0.162432	0.0629032
2.665	0.730574	1.79299	1.92183	0.163953	0.0652025
2.67	0.73229	1.79769	1.92101	0.165443	0.0674819
2.675	0.734001	1.80239	1.92018	0.166903	0.0697417
2.68	0.735709	1.80709	1.91935	0.168332	0.0719819
2.685	0.737413	1.81179	1.91851	0.169731	0.0742026
2.69	0.739112	1.81649	1.91766	0.171101	0.076404
2.695	0.740808	1.82119	1.9168	0.172442	0.0785863
2.7	0.7425	1.8259	1.91594	0.173754	0.0807495
2.705	0.744187	1.83061	1.91507	0.175037	0.0828938
2.71	0.745871	1.83531	1.9142	0.176292	0.0850192
2.715	0.74755	1.84002	1.91332	0.17752	0.087126
2.72	0.749225	1.84473	1.91243	0.17872	0.0892142
2.725	0.750896	1.84945	1.91154	0.179893	0.091284
2.73	0.752563	1.85416	1.91064	0.18104	0.0933354
2.735	0.754225	1.85888	1.90973	0.18216	0.0953687
2.74	0.755883	1.86359	1.90882	0.183254	0.0973838
2.745	0.757537	1.86831	1.9079	0.184323	0.099381
2.75	0.759187	1.87303	1.90698	0.185366	0.10136
2.755	0.760832	1.87775	1.90606	0.186384	0.103322
2.76	0.762472	1.88248	1.90512	0.187377	0.105266
2.765	0.764109	1.8872	1.90419	0.188346	0.107192
2.77	0.76574	1.89193	1.90324	0.189291	0.109102
2.775	0.767368	1.89666	1.9023	0.190212	0.110993
2.78	0.76899	1.90138	1.90135	0.191109	0.112868
2.785	0.770609	1.90612	1.90039	0.191984	0.114726
2.79	0.772223	1.91085	1.89943	0.192835	0.116566
2.795	0.773832	1.91558	1.89847	0.193664	0.11839
2.8	0.775436	1.92032	1.8975	0.19447	0.120197
2.805	0.777036	1.92505	1.89653	0.195254	0.121988
2.81	0.778632	1.92979	1.89555	0.196017	0.123762
2.815	0.780222	1.93453	1.89457	0.196757	0.125519
2.82	0.781809	1.93928	1.89359	0.197477	0.12726
2.825	0.78339	1.94402	1.8926	0.198176	0.128985
2.83	0.784967	1.94876	1.89161	0.198853	0.130694
2.835	0.786539	1.95351	1.89061	0.199511	0.132387
2.84	0.788106	1.95826	1.88962	0.200148	0.134064
2.845	0.789668	1.96301	1.88862	0.200765	0.135725
2.85	0.791226	1.96776	1.88761	0.201362	0.137371
2.855	0.792779	1.97251	1.88661	0.20194	0.139
2.86	0.794327	1.97727	1.8856	0.202499	0.140615
2.865	0.79587	1.98202	1.88458	0.203039	0.142214
2.87	0.797409	1.98678	1.88357	0.20356	0.143797
2.875	0.798943	1.99154	1.88255	0.204062	0.145366
2.88	0.800471	1.9963	1.88153	0.204546	0.146919
2.885	0.801995	2.00106	1.88051	0.205012	0.148457
2.89	0.803514	2.00582	1.87948	0.205461	0.14998
2.895	0.805028	2.01059	1.87845	0.205891	0.151489
2.9	0.806538	2.01536	1.87743	0.206304	0.152982
2.905	0.808042	2.02012	1.87639	0.2067	0.154461
2.91	0.809541	2.02489	1.87536	0.207079	0.155926
2.915	0.811036	2.02967	1.87432	0.207441	0.157376
2.92	0.812525	2.03444	1.87329	0.207787	0.158811
2.925	0.81401	2.03921	1.87225	0.208116	0.160232
2.93	0.815489	2.04399	1.87121	0.20843	0.161639
2.935	0.816964	2.04877	1.87017	0.208727	0.163032
2.94	0.818434	2.05355	1.86912	0.209008	0.164411
2.945	0.819898	2.05833	1.86808	0.209274	0.165775
2.95	0.821358	2.06311	1.86703	0.209525	0.167126
2.955	0.822812	2.06789	1.86598	0.20976	0.168463
2.96	0.824262	2.07268	1.86493	0.20998	0.169787
2.965	0.825706	2.07747	1.86388	0.210186	0.171096
2.97	0.827146	2.08225	1.86283	0.210377	0.172393
2.975	0.82858	2.08704	1.86178	0.210553	0.173675
2.98	0.83001	2.09183	1.86073	0.210716	0.174944
2.985	0.831434	2.09663	1.85968	0.210864	0.1762
2.99	0.832854	2.10142	1.85862	0.210998	0.177443
2.995	0.834268	2.10622	1.85757	0.211119	0.178672
3	0.835677	2.11101	1.85651	0.211226	0.179889
3.005	0.837081	2.11581	1.85545	0.211319	0.181092
3.01	0.83848	2.12061	1.8544	0.211399	0.182283
3.015	0.839874	2.12542	1.85334	0.211467	0.18346
3.02	0.841263	2.13022	1.85228	0.211521	0.184625
3.025	0.842647	2.13502	1.85123	0.211563	0.185777
3.03	0.844026	2.13983	1.85017	0.211592	0.186917
3.035	0.8454	2.14464	1.84911	0.211608	0.188044
3.04	0.846768	2.14945	1.84805	0.211613	0.189158
3.045	0.848132	2.15426	1.84699	0.211605	0.19026
3.05	0.84949	2.15907	1.84594	0.211585	0.191349
3.055	0.850843	2.16388	1.84488	0.211554	0.192427
3.06	0.852192	2.1687	1.84382	0.21151	0.193492
3.065	0.853535	2.17351	1.84276	0.211456	0.194545
3.07	0.854873	2.17833	1.84171	0.211389	0.195586
3.075	0.856206	2.18315	1.84065	0.211312	0.196615
3.08	0.857534	2.18797	1.83959	0.211223	0.197632
3.085	0.858856	2.19279	1.83854	0.211124	0.198637
3.09	0.860174	2.19762	1.83748	0.211014	0.19963
3.095	0.861487	2.20244	1.83643	0.210893	0.200612
3.1	0.862794	2.20727	1.83537	0.210761	0.201582
3.105	0.864096	2.21209	1.83432	0.210619	0.20254
3.11	0.865394	2.21692	1.83326	0.210467	0.203487
3.115	0.866686	2.22175	1.83221	0.210304	0.204422
3.12	0.867973	2.22658	1.83116	0.210132	0.205346
3.125	0.869255	2.23142	1.83011	0.209949	0.206258
3.13	0.870532	2.23625	1.82906	0.209757	0.20716
3.135	0.871804	2.24109	1.82801	0.209555	0.20805
3.14	0.873071	2.24592	1.82696	0.209344	0.208928
3.145	0.874333	2.25076	1.82592	0.209123	0.209796
3.15	0.87559	2.2556	1.82487	0.208893	0.210653
3.155	0.876841	2.26044	1.82383	0.208654	0.211499
3.16	0.878088	2.26528	1.82278	0.208405	0.212333
3.165	0.87933	2.27013	1.82174	0.208148	0.213157
3.17	0.880566	2.27497	1.8207	0.207882	0.213971
3.175	0.881798	2.27982	1.81966	0.207607	0.214773
3.18	0.883024	2.28466	1.81862	0.207324	0.215565
3.185	0.884246	2.28951	1.81759	0.207032	0.216346
3.19	0.885462	2.29436	1.81655	0.206731	0.217116
3.195	0.886673	2.29921	1.81552	0.206423	0.217877
3.2	0.88788	2.30407	1.81449	0.206106	0.218626
3.205	0.889081	2.30892	1.81345	0.205781	0.219365
3.21	0.890278	2.31377	1.81243	0.205448	0.220094
3.215	0.891469	2.31863	1.8114	0.205107	0.220813
3.22	0.892656	2.32349	1.81037	0.204759	0.221521
3.225	0.893837	2.32835	1.80935	0.204403	0.222219
3.23	0.895014	2.33321	1.80833	0.204039	0.222907
3.235	0.896185	2.33807	1.80731	0.203668	0.223585
3.24	0.897352	2.34293	1.80629	0.203289	0.224253
3.245	0.898513	2.34779	1.80527	0.202903	0.224911
3.25	0.89967	2.35266	1.80426	0.20251	0.225559
3.255	0.900822	2.35752	1.80325	0.20211	0.226197
3.26	0.901969	2.36239	1.80223	0.201703	0.226826
3.265	0.903111	2.36726	1.80123	0.201289	0.227444
3.27	0.904248	2.37213	1.80022	0.200869	0.228053
3.275	0.90538	2.377	1.79922	0.200441	0.228652
3.28	0.906507	2.38187	1.79821	0.200007	0.229242
3.285	0.90763	2.38674	1.79721	0.199567	0.229822
3.29	0.908747	2.39161	1.79622	0.19912	0.230393
3.295	0.90986	2.39649	1.79522	0.198666	0.230954
3.3	0.910968	2.40136	1.79423	0.198207	0.231506
3.305	0.912071	2.40624	1.79324	0.197741	0.232048
3.31	0.913169	2.41112	1.79225	0.197269	0.232581
3.315	0.914263	2.416	1.79126	0.196791	0.233105
3.32	0.915351	2.42088	1.79028	0.196307	0.233619
3.325	0.916435	2.42576	1.78929	0.195818	0.234125
3.33	0.917514	2.43064	1.78832	0.195322	0.234621
3.335	0.918588	2.43552	1.78734	0.194821	0.235108
3.34	0.919658	2.44041	1.78636	0.194314	0.235586
3.345	0.920723	2.44529	1.78539	0.193802	0.236055
3.35	0.921783	2.45018	1.78442	0.193284	0.236516
3.355	0.922838	2.45507	1.78346	0.192761	0.236967
3.36	0.923889	2.45995	1.78249	0.192233	0.237409
3.365	0.924935	2.46484	1.78153	0.191699	0.237843
3.37	0.925976	2.46973	1.78057	0.191161	0.238268
3.375	0.927012	2.47463	1.77962	0.190617	0.238684
3.38	0.928044	2.47952	1.77867	0.190068	0.239091
3.385	0.929071	2.48441	1.77772	0.189515	0.23949
3.39	0.930094	2.48931	1.77677	0.188956	0.23988
3.395	0.931112	2.4942	1.77582	0.188393	0.240262
3.4	0.932125	2.4991	1.77488	0.187825	0.240635
3.405	0.933134	2.50399	1.77394	0.187252	0.241
3.41	0.934138	2.50889	1.77301	0.186675	0.241356
3.415	0.935138	2.51379	1.77207	0.186093	0.241704
3.42	0.936133	2.51869	1.77114	0.185507	0.242043
3.425	0.937123	2.52359	1.77021	0.184917	0.242375
3.43	0.938109	2.52849	1.76929	0.184322	0.242698
3.435	0.939091	2.5334	1.76837	0.183723	0.243012
3.44	0.940068	2.5383	1.76745	0.18312	0.243319
3.445	0.94104	2.54321	1.76653	0.182513	0.243617
3.45	0.942008	2.54811	1.76562	0.181902	0.243907
3.455	0.942972	2.55302	1.76471	0.181287	0.24419
3.46	0.943931	2.55792	1.76381	0.180668	0.244464
3.465	0.944885	2.56283	1.7629	0.180045	0.24473
3.47	0.945836	2.56774	1.762	0.179418	0.244988
3.475	0.946781	2.57265	1.7611	0.178788	0.245238
3.48	0.947723	2.57756	1.76021	0.178154	0.245481
3.485	0.94866	2.58247	1.75932	0.177516	0.245715
3.49	0.949593	2.58739	1.75843	0.176875	0.245942
3.495	0.950521	2.5923	1.75755	0.176231	0.246161
3.5	0.951445	2.59721	1.75667	0.175583	0.246373
3.505	0.952365	2.60213	1.75579	0.174932	0.246576
3.51	0.95328	2.60704	1.75491	0.174277	0.246772
3.515	0.954191	2.61196	1.75404	0.173619	0.24696
3.52	0.955098	2.61688	1.75317	0.172958	0.247141
3.525	0.956001	2.62179	1.75231	0.172294	0.247314
3.53	0.956899	2.62671	1.75145	0.171627	0.24748
3.535	0.957793	2.63163	1.75059	0.170957	0.247638
3.54	0.958683	2.63655	1.74974	0.170284	0.247789
3.545	0.959569	2.64147	1.74888	0.169608	0.247932
3.55	0.96045	2.64639	1.74804	0.16893	0.248068
3.555	0.961328	2.65132	1.74719	0.168248	0.248196
3.56	0.962201	2.65624	1.74635	0.167564	0.248317
3.565	0.96307	2.66116	1.74551	0.166877	0.248431
3.57	0.963935	2.66609	1.74468	0.166188	0.248538
3.575	0.964796	2.67101	1.74385	0.165496	0.248638
3.58	0.965653	2.67594	1.74302	0.164801	0.24873
3.585	0.966506	2.68087	1.7422	0.164104	0.248815
3.59	0.967354	2.68579	1.74137	0.163405	0.248893
3.595	0.968199	2.69072	1.74056	0.162703	0.248964
3.6	0.96904	2.69565	1.73974	0.161999	0.249028
3.605	0.969877	2.70058	1.73893	0.161293	0.249085
3.61	0.970709	2.70551	1.73813	0.160584	0.249135
3.615	0.971538	2.71044	1.73732	0.159874	0.249177
3.62	0.972363	2.71537	1.73653	0.159161	0.249213
3.625	0.973184	2.7203	1.73573	0.158446	0.249242
3.63	0.974001	2.72524	1.73494	0.15773	0.249265
3.635	0.974814	2.73017	1.73415	0.157011	0.24928
3.64	0.975623	2.73511	1.73336	0.15629	0.249289
3.645	0.976429	2.74004	1.73258	0.155568	0.24929
3.65	0.97723	2.74498	1.7318	0.154844	0.249285
3.655	0.978028	2.74991	1.73103	0.154118	0.249274
3.66	0.978822	2.75485	1.73026	0.15339	0.249255
3.665	0.979612	2.75979	1.72949	0.152661	0.24923
3.67	0.980399	2.76472	1.72873	0.15193	0.249198
3.675	0.981181	2.76966	1.72797	0.151197	0.24916
3.68	0.98196	2.7746	1.72721	0.150463	0.249115
3.685	0.982735	2.77954	1.72646	0.149728	0.249064
3.69	0.983507	2.78448	1.72571	0.148991	0.249006
3.695	0.984275	2.78942	1.72497	0.148253	0.248941
3.7	0.985039	2.79436	1.72423	0.147513	0.248871
3.705	0.985799	2.7993	1.72349	0.146772	0.248793
3.71	0.986556	2.80425	1.72276	0.14603	0.248709
3.715	0.987309	2.80919	1.72203	0.145287	0.248619
3.72	0.988059	2.81413	1.7213	0.144542	0.248523
3.725	0.988805	2.81908	1.72058	0.143796	0.24842
3.73	0.989548	2.82402	1.71986	0.14305	0.248311
3.735	0.990287	2.82897	1.71914	0.142302	0.248195
3.74	0.991022	2.83391	1.71843	0.141553	0.248074
3.745	0.991754	2.83886	1.71772	0.140803	0.247946
3.75	0.992483	2.8438	1.71702	0.140053	0.247812
3.755	0.993208	2.84875	1.71632	0.139301	0.247672
3.76	0.993929	2.8537	1.71562	0.138549	0.247525
3.765	0.994648	2.85865	1.71493	0.137796	0.247373
3.77	0.995362	2.8636	1.71424	0.137042	0.247214
3.775	0.996074	2.86855	1.71355	0.136287	0.247049
3.78	0.996782	2.87349	1.71287	0.135532	0.246879
3.785	0.997486	2.87844	1.7122	0.134776	0.246702
3.79	0.998188	2.8834	1.71152	0.13402	0.246519
3.795	0.998886	2.88835	1.71085	0.133263	0.246331
3.8	0.99958	2.8933	1.71019	0.132505	0.246136
3.805	1.00027	2.89825	1.70952	0.131747	0.245935
3.81	1.00096	2.9032	1.70886	0.130989	0.245729
3.815	1.00164	2.90816	1.70821	0.13023	0.245516
3.82	1.00233	2.91311	1.70756	0.129471	0.245298
3.825	1.003	2.91806	1.70691	0.128712	0.245074
3.83	1.00368	2.92302	1.70627	0.127952	0.244844
3.835	1.00435	2.92797	1.70563	0.127193	0.244609
3.84	1.00502	2.93293	1.70499	0.126433	0.244367
3.845	1.00569	2.93788	1.70436	0.125672	0.24412
3.85	1.00635	2.94284	1.70373	0.124912	0.243867
3.855	1.00701	2.94779	1.70311	0.124152	0.243609
3.86	1.00767	2.95275	1.70249	0.123391	0.243345
3.865	1.00832	2.95771	1.70187	0.122631	0.243075
3.87	1.00897	2.96267	1.70126	0.121871	0.242799
3.875	1.00962	2.96762	1.70065	0.12111	0.242518
3.88	1.01026	2.97258	1.70004	0.12035	0.242232
3.885	1.0109	2.97754	1.69944	0.11959	0.241939
3.89	1.01154	2.9825	1.69884	0.11883	0.241642
3.895	1.01218	2.98746	1.69825	0.118071	0.241338
3.9	1.01281	2.99242	1.69766	0.117311	0.24103
3.905	1.01344	2.99738	1.69707	0.116552	0.240715
3.91	1.01407	3.00234	1.69649	0.115793	0.240396
3.915	1.01469	3.0073	1.69591	0.115035	0.240071
3.92	1.01531	3.01226	1.69533	0.114277	0.23974
3.925	1.01593	3.01722	1.69476	0.113519	0.239404
3.93	1.01655	3.02218	1.69419	0.112762	0.239063
3.935	1.01716	3.02715	1.69363	0.112005	0.238716
3.94	1.01777	3.03211	1.69307	0.111249	0.238364
3.945	1.01837	3.03707	1.69251	0.110494	0.238007
3.95	1.01898	3.04204	1.69196	0.109739	0.237645
3.955	1.01958	3.047	1.69141	0.108985	0.237277
3.96	1.02018	3.05196	1.69087	0.108231	0.236904
3.965	1.02078	3.05693	1.69033	0.107478	0.236526
3.97	1.02137	3.06189	1.68979	0.106726	0.236142
3.975	1.02196	3.06686	1.68926	0.105975	0.235754
3.98	1.02255	3.07182	1.68873	0.105224	0.23536
3.985	1.02313	3.07679	1.6882	0.104474	0.234961
3.99	1.02372	3.08175	1.68768	0.103725	0.234557
3.995	1.0243	3.08672	1.68716	0.102977	0.234148
4	1.02488	3.09169	1.68664	0.10223	0.233733
4.005	1.02545	3.09665	1.68613	0.101484	0.233314
4.01	1.02602	3.10162	1.68563	0.100739	0.232889
4.015	1.02659	3.10659	1.68512	0.099995	0.23246
4.02	1.02716	3.11156	1.68462	0.099252	0.232026
4.025	1.02773	3.11652	1.68413	0.0985101	0.231586
4.03	1.02829	3.12149	1.68363	0.0977694	0.231142
4.035	1.02885	3.12646	1.68314	0.0970298	0.230692
4.04	1.02941	3.13143	1.68266	0.0962913	0.230238
4.045	1.02997	3.1364	1.68218	0.0955541	0.229779
4.05	1.03052	3.14137	1.6817	0.0948182	0.229315
4.055	1.03107	3.14634	1.68123	0.0940836	0.228846
4.06	1.03162	3.15131	1.68075	0.0933502	0.228372
4.065	1.03216	3.15628	1.68029	0.0926182	0.227893
4.07	1.03271	3.16125	1.67983	0.0918876	0.227409
4.075	1.03325	3.16622	1.67937	0.0911584	0.226921
4.08	1.03379	3.17119	1.67891	0.0904306	0.226428
4.085	1.03433	3.17616	1.67846	0.0897043	0.22593
4.09	1.03486	3.18113	1.67801	0.0889795	0.225427
4.095	1.0354	3.1861	1.67756	0.0882563	0.224919
4.1	1.03593	3.19107	1.67712	0.0875346	0.224407
4.105	1.03645	3.19605	1.67669	0.0868144	0.22389
4.11	1.03698	3.20102	1.67625	0.0860959	0.223369
4.115	1.0375	3.20599	1.67582	0.0853791	0.222842
4.12	1.03803	3.21096	1.67539	0.0846639	0.222311
4.125	1.03855	3.21594	1.67497	0.0839504	0.221776
4.13	1.03906	3.22091	1.67455	0.0832387	0.221236
4.135	1.03958	3.22588	1.67413	0.0825287	0.220691
4.14	1.04009	3.23086	1.67372	0.0818206	0.220141
4.145	1.04061	3.23583	1.67331	0.0811142	0.219587
4.15	1.04112	3.2408	1.67291	0.0804097	0.219029
4.155	1.04162	3.24578	1.67251	0.0797071	0.218465
4.16	1.04213	3.25075	1.67211	0.0790064	0.217898
4.165	1.04263	3.25573	1.67171	0.0783076	0.217326
4.17	1.04313	3.2607	1.67132	0.0776108	0.216749
4.175	1.04363	3.26568	1.67093	0.076916	0.216168
4.18	1.04413	3.27065	1.67055	0.0762232	0.215582
4.185	1.04463	3.27563	1.67017	0.0755325	0.214992
4.19	1.04512	3.2806	1.66979	0.0748438	0.214398
4.195	1.04561	3.28558	1.66941	0.0741572	0.213799
4.2	1.0461	3.29055	1.66904	0.0734728	0.213195
4.205	1.04659	3.29553	1.66868	0.0727906	0.212587
4.21	1.04708	3.30051	1.66831	0.0721105	0.211975
4.215	1.04757	3.30548	1.66795	0.0714326	0.211359
4.22	1.04805	3.31046	1.66759	0.070757	0.210738
4.225	1.04853	3.31544	1.66724	0.0700836	0.210113
4.23	1.04901	3.32041	1.66689	0.0694126	0.209484
4.235	1.04949	3.32539	1.66654	0.0687438	0.20885
4.24	1.04996	3.33037	1.6662	0.0680775	0.208212
4.245	1.05044	3.33535	1.66586	0.0674135	0.207569
4.25	1.05091	3.34032	1.66552	0.0667518	0.206923
4.255	1.05138	3.3453	1.66519	0.0660927	0.206272
4.26	1.05185	3.35028	1.66486	0.0654359	0.205617
4.265	1.05232	3.35526	1.66453	0.0647817	0.204958
4.27	1.05279	3.36024	1.66421	0.06413	0.204295
4.275	1.05325	3.36521	1.66389	0.0634807	0.203627
4.28	1.05371	3.37019	1.66357	0.0628341	0.202955
4.285	1.05418	3.37517	1.66325	0.06219	0.202279
4.29	1.05464	3.38015	1.66294	0.0615486	0.201599
4.295	1.05509	3.38513	1.66264	0.0609098	0.200915
4.3	1.05555	3.39011	1.66233	0.0602736	0.200227
4.305	1.05601	3.39509	1.66203	0.0596401	0.199534
4.31	1.05646	3.40007	1.66173	0.0590094	0.198838
4.315	1.05691	3.40505	1.66144	0.0583813	0.198137
4.32	1.05737	3.41003	1.66114	0.057756	0.197433
4.325	1.05781	3.415	1.66086	0.0571336	0.196724
4.33	1.05826	3.41998	1.66057	0.0565139	0.196012
4.335	1.05871	3.42496	1.66029	0.055897	0.195295
4.34	1.05916	3.42994	1.66001	0.0552831	0.194575
4.345	1.0596	3.43492	1.65973	0.054672	0.19385
4.35	1.06004	3.43991	1.65946	0.0540638	0.193121
4.355	1.06048	3.44489	1.65919	0.0534585	0.192389
4.36	1.06092	3.44987	1.65892	0.0528562	0.191652
4.365	1.06136	3.45485	1.65866	0.0522568	0.190912
4.37	1.0618	3.45983	1.6584	0.0516605	0.190168
4.375	1.06224	3.46481	1.65814	0.0510672	0.18942
4.38	1.06267	3.46979	1.65788	0.050477	0.188667
4.385	1.0631	3.47477	1.65763	0.0498898	0.187912
4.39	1.06354	3.47975	1.65738	0.0493057	0.187152
4.395	1.06397	3.48473	1.65713	0.0487247	0.186388
4.4	1.0644	3.48972	1.65689	0.0481469	0.185621
4.405	1.06483	3.4947	1.65665	0.0475722	0.184849
4.41	1.06525	3.49968	1.65641	0.0470007	0.184074
4.415	1.06568	3.50466	1.65618	0.0464325	0.183295
4.42	1.06611	3.50964	1.65594	0.0458675	0.182513
4.425	1.06653	3.51462	1.65571	0.0453057	0.181726
4.43	1.06695	3.51961	1.65549	0.0447472	0.180936
4.435	1.06737	3.52459	1.65526	0.044192	0.180142
4.44	1.0678	3.52957	1.65504	0.0436401	0.179345
4.445	1.06822	3.53455	1.65483	0.0430916	0.178543
4.45	1.06863	3.53954	1.65461	0.0425464	0.177738
4.455	1.06905	3.54452	1.6544	0.0420046	0.176929
4.46	1.06947	3.5495	1.65419	0.0414663	0.176117
4.465	1.06988	3.55448	1.65398	0.0409313	0.175301
4.47	1.0703	3.55947	1.65378	0.0403998	0.174481
4.475	1.07071	3.56445	1.65357	0.0398718	0.173658
4.48	1.07112	3.56943	1.65337	0.0393473	0.172831
4.485	1.07153	3.57442	1.65318	0.0388263	0.172
4.49	1.07195	3.5794	1.65298	0.0383088	0.171166
4.495	1.07235	3.58438	1.65279	0.0377949	0.170328
4.5	1.07276	3.58936	1.6526	0.0372846	0.169487
4.505	1.07317	3.59435	1.65242	0.0367779	0.168642
4.51	1.07358	3.59933	1.65223	0.0362748	0.167794
4.515	1.07398	3.60431	1.65205	0.0357753	0.166942
4.52	1.07439	3.6093	1.65187	0.0352795	0.166086
4.525	1.07479	3.61428	1.6517	0.0347873	0.165227
4.53	1.0752	3.61927	1.65152	0.0342989	0.164365
4.535	1.0756	3.62425	1.65135	0.0338142	0.163499
4.54	1.076	3.62923	1.65118	0.0333332	0.162629
4.545	1.0764	3.63422	1.65101	0.032856	0.161757
4.55	1.0768	3.6392	1.65085	0.0323826	0.16088
4.555	1.0772	3.64419	1.65069	0.0319129	0.16
4.56	1.0776	3.64917	1.65053	0.0314471	0.159117
4.565	1.07799	3.65415	1.65037	0.0309851	0.158231
4.57	1.07839	3.65914	1.65022	0.030527	0.157341
4.575	1.07879	3.66412	1.65006	0.0300728	0.156447
4.58	1.07918	3.66911	1.64991	0.0296224	0.155551
4.585	1.07958	3.67409	1.64977	0.0291759	0.15465
4.59	1.07997	3.67908	1.64962	0.0287334	0.153747
4.595	1.08036	3.68406	1.64948	0.0282948	0.15284
4.6	1.08076	3.68904	1.64933	0.0278602	0.15193
4.605	1.08115	3.69403	1.64919	0.0274296	0.151017
4.61	1.08154	3.69901	1.64906	0.027003	0.1501
4.615	1.08193	3.704	1.64892	0.0265804	0.14918
4.62	1.08232	3.70898	1.64879	0.0261618	0.148257
4.625	1.08271	3.71397	1.64866	0.0257473	0.14733
4.63	1.0831	3.71895	1.64853	0.0253369	0.146401
4.635	1.08348	3.72394	1.6484	0.0249306	0.145468
4.64	1.08387	3.72892	1.64828	0.0245283	0.144531
4.645	1.08426	3.73391	1.64816	0.0241302	0.143592
4.65	1.08464	3.73889	1.64804	0.0237363	0.142649
4.655	1.08503	3.74388	1.64792	0.0233464	0.141704
4.66	1.08541	3.74886	1.6478	0.0229608	0.140755
4.665	1.0858	3.75385	1.64769	0.0225794	0.139803
4.67	1.08618	3.75883	1.64757	0.0222021	0.138847
4.675	1.08656	3.76382	1.64746	0.0218291	0.137889
4.68	1.08695	3.7688	1.64735	0.0214604	0.136927
4.685	1.08733	3.77379	1.64725	0.0210959	0.135963
4.69	1.08771	3.77878	1.64714	0.0207356	0.134995
4.695	1.08809	3.78376	1.64704	0.0203797	0.134024
4.7	1.08847	3.78875	1.64693	0.020028	0.13305
4.705	1.08885	3.79373	1.64683	0.0196807	0.132073
4.71	1.08923	3.79872	1.64674	0.0193377	0.131093
4.715	1.08961	3.8037	1.64664	0.0189991	0.13011
4.72	1.08999	3.80869	1.64654	0.0186648	0.129124
4.725	1.09036	3.81367	1.64645	0.0183349	0.128135
4.73	1.09074	3.81866	1.64636	0.0180094	0.127143
4.735	1.09112	3.82365	1.64627	0.0176883	0.126148
4.74	1.09149	3.82863	1.64618	0.0173716	0.12515
4.745	1.09187	3.83362	1.64609	0.0170594	0.124149
4.75	1.09225	3.8386	1.64601	0.0167516	0.123145
4.755	1.09262	3.84359	1.64592	0.0164483	0.122138
4.76	1.093	3.84858	1.64584	0.0161495	0.121128
4.765	1.09337	3.85356	1.64576	0.0158552	0.120115
4.77	1.09375	3.85855	1.64568	0.0155653	0.119099
4.775	1.09412	3.86353	1.6456	0.01528	0.118081
4.78	1.09449	3.86852	1.64553	0.0149993	0.117059
4.785	1.09487	3.87351	1.64545	0.0147231	0.116035
4.79	1.09524	3.87849	1.64538	0.0144514	0.115008
4.795	1.09561	3.88348	1.64531	0.0141843	0.113978
4.8	1.09598	3.88846	1.64524	0.0139218	0.112945
4.805	1.09635	3.89345	1.64517	0.0136639	0.111909
4.81	1.09672	3.89844	1.6451	0.0134107	0.11087
4.815	1.0971	3.90342	1.64503	0.013162	0.109829
4.82	1.09747	3.90841	1.64497	0.012918	0.108785
4.825	1.09784	3.9134	1.6449	0.0126786	0.107738
4.83	1.09821	3.91838	1.64484	0.0124439	0.106688
4.835	1.09858	3.92337	1.64478	0.0122139	0.105636
4.84	1.09894	3.92835	1.64471	0.0119885	0.104581
4.845	1.09931	3.93334	1.64465	0.0117679	0.103523
4.85	1.09968	3.93833	1.6446	0.011552	0.102462
4.855	1.10005	3.94331	1.64454	0.0113407	0.101399
4.86	1.10042	3.9483	1.64448	0.0111343	0.100333
4.865	1.10079	3.95329	1.64443	0.0109325	0.0992645
4.87	1.10115	3.95827	1.64437	0.0107355	0.0981932
4.875	1.10152	3.96326	1.64432	0.0105433	0.0971192
4.88	1.10189	3.96825	1.64426	0.0103559	0.0960426
4.885	1.10226	3.97323	1.64421	0.0101732	0.0949633
4.89	1.10262	3.97822	1.64416	0.00999532	0.0938815
4.895	1.10299	3.98321	1.64411	0.00982226	0.092797
4.9	1.10335	3.98819	1.64406	0.00965401	0.0917099
4.905	1.10372	3.99318	1.64401	0.00949059	0.0906203
4.91	1.10409	3.99817	1.64397	0.00933201	0.089528
4.915	1.10445	4.00315	1.64392	0.00917826	0.0884333
4.92	1.10482	4.00814	1.64387	0.00902938	0.0873359
4.925	1.10518	4.01313	1.64383	0.00888535	0.0862361
4.93	1.10555	4.01811	1.64378	0.0087462	0.0851337
4.935	1.10591	4.0231	1.64374	0.00861194	0.0840288
4.94	1.10627	4.02809	1.6437	0.00848256	0.0829214
4.945	1.10664	4.03307	1.64366	0.00835808	0.0818115
4.95	1.107	4.03806	1.64361	0.00823851	0.0806991
4.955	1.10737	4.04305	1.64357	0.00812386	0.0795843
4.96	1.10773	4.04803	1.64353	0.00801413	0.0784671
4.965	1.10809	4.05302	1.64349	0.00790934	0.0773473
4.97	1.10845	4.05801	1.64345	0.00780948	0.0762252
4.975	1.10882	4.06299	1.64341	0.00771458	0.0751007
4.98	1.10918	4.06798	1.64337	0.00762463	0.0739737
4.985	1.10954	4.07297	1.64334	0.00753965	0.0728444
4.99	1.1099	4.07795	1.6433	0.00745964	0.0717127
4.995	1.11027	4.08294	1.64326	0.0073846	0.0705786
5	1.11063	4.08793	1.64322	0.00731456	0.0694422
5.005	1.11099	4.09291	1.64319	0.0072495	0.0683034
5.01	1.11135	4.0979	1.64315	0.00718945	0.0671623
5.015	1.11171	4.10289	1.64312	0.0071344	0.0660189
5.02	1.11207	4.10787	1.64308	0.00708437	0.0648731
5.025	1.11243	4.11286	1.64304	0.00703936	0.0637251
5.03	1.1128	4.11785	1.64301	0.00699937	0.0625748
5.035	1.11316	4.12284	1.64297	0.00696441	0.0614223
5.04	1.11352	4.12782	1.64294	0.0069345	0.0602675
5.045	1.11388	4.13281	1.6429	0.00690962	0.0591104
5.05	1.11424	4.1378	1.64287	0.0068898	0.0579511
5.055	1.1146	4.14278	1.64284	0.00687503	0.0567896
5.06	1.11496	4.14777	1.6428	0.00686533	0.0556259
5.065	1.11532	4.15276	1.64277	0.00686068	0.05446
5.07	1.11568	4.15774	1.64273	0.00686111	0.0532919
5.075	1.11603	4.16273	1.6427	0.00686662	0.0521216
5.08	1.11639	4.16772	1.64266	0.00687721	0.0509492
5.085	1.11675	4.17271	1.64263	0.00689288	0.0497746
5.09	1.11711	4.17769	1.6426	0.00691364	0.0485979
5.095	1.11747	4.18268	1.64256	0.0069395	0.0474191
5.1	1.11783	4.18767	1.64253	0.00697046	0.0462381
5.105	1.11819	4.19265	1.64249	0.00700652	0.0450551
5.11	1.11854	4.19764	1.64246	0.00704768	0.04387
5.115	1.1189	4.20263	1.64242	0.00709396	0.0426828
5.12	1.11926	4.20762	1.64239	0.00714535	0.0414936
5.125	1.11962	4.2126	1.64235	0.00720186	0.0403023
5.13	1.11997	4.21759	1.64231	0.00726349	0.0391089
5.135	1.12033	4.22258	1.64228	0.00733025	0.0379136
5.14	1.12069	4.22757	1.64224	0.00740214	0.0367162
5.145	1.12105	4.23255	1.6422	0.00747915	0.0355169
5.15	1.1214	4.23754	1.64217	0.0075613	0.0343155
5.155	1.12176	4.24253	1.64213	0.00764859	0.0331122
5.16	1.12211	4.24751	1.64209	0.00774102	0.0319069
5.165	1.12247	4.2525	1.64205	0.00783859	0.0306997
5.17	1.12283	4.25749	1.64201	0.0079413	0.0294906
5.175	1.12318	4.26248	1.64197	0.00804916	0.0282795
5.18	1.12354	4.26746	1.64193	0.00816216	0.0270665
5.185	1.12389	4.27245	1.64189	0.00828032	0.0258516
5.19	1.12425	4.27744	1.64185	0.00840363	0.0246348
5.195	1.1246	4.28243	1.64181	0.00853209	0.0234161
5.2	1.12496	4.28741	1.64177	0.00866571	0.0221956
5.205	1.12531	4.2924	1.64172	0.00880449	0.0209733
5.21	1.12566	4.29739	1.64168	0.00894842	0.0197491
5.215	1.12602	4.30238	1.64163	0.00909751	0.018523
5.22	1.12637	4.30736	1.64159	0.00925177	0.0172952
5.225	1.12673	4.31235	1.64154	0.00941118	0.0160656
5.23	1.12708	4.31734	1.64149	0.00957576	0.0148342
5.235	1.12743	4.32233	1.64145	0.00974549	0.013601
5.24	1.12778	4.32731	1.6414	0.00992039	0.012366
5.245	1.12814	4.3323	1.64135	0.0101005	0.0111293
5.25	1.12849	4.33729	1.6413	0.0102857	0.00989086
5.255	1.12884	4.34228	1.64125	0.0104761	0.0086507
5.26	1.12919	4.34726	1.64119	0.0106716	0.00740883
5.265	1.12954	4.35225	1.64114	0.0108723	0.00616526
5.27	1.1299	4.35724	1.64109	0.0110782	0.00492
5.275	1.13025	4.36223	1.64103	0.0112893	0.00367307
5.28	1.1306	4.36721	1.64097	0.0115055	0.00242448
5.285	1.13095	4.3722	1.64092	0.0117268	0.00117424
5.29	1.1313	4.37719	1.64086	0.0119533	-7.76309e-005
5.295	1.13165	4.38218	1.6408	0.012185	-0.00133113
5.3	1.132	4.38717	1.64074	0.0124219	-0.00258623
5.305	1.13235	4.39215	1.64068	0.0126639	-0.00384293
5.31	1.13269	4.39714	1.64061	0.012911	-0.00510122
5.315	1.13304	4.40213	1.64055	0.0131633	-0.00636108
5.32	1.13339	4.40712	1.64048	0.0134208	-0.0076225
5.325	1.13374	4.4121	1.64041	0.0136834	-0.00888546
5.33	1.13409	4.41709	1.64035	0.0139511	-0.01015
5.335	1.13443	4.42208	1.64028	0.0142241	-0.011416
5.34	1.13478	4.42707	1.64021	0.0145021	-0.0126835
5.345	1.13513	4.43206	1.64013	0.0147853	-0.0139525
5.35	1.13547	4.43704	1.64006	0.0150736	-0.015223
5.355	1.13582	4.44203	1.63998	0.0153671	-0.016495
5.36	1.13616	4.44702	1.63991	0.0156657	-0.0177684
5.365	1.13651	4.45201	1.63983	0.0159695	-0.0190433
5.37	1.13685	4.457	1.63975	0.0162783	-0.0203196
5.375	1.1372	4.46198	1.63967	0.0165923	-0.0215973
5.38	1.13754	4.46697	1.63958	0.0169114	-0.0228765
5.385	1.13788	4.47196	1.6395	0.0172357	-0.024157
5.39	1.13823	4.47695	1.63941	0.0175651	-0.0254389
5.395	1.13857	4.48194	1.63933	0.0178995	-0.0267222
5.4	1.13891	4.48693	1.63924	0.0182391	-0.0280068
5.405	1.13925	4.49191	1.63915	0.0185838	-0.0292928
5.41	1.13959	4.4969	1.63905	0.0189336	-0.0305801
5.415	1.13993	4.50189	1.63896	0.0192885	-0.0318687
5.42	1.14027	4.50688	1.63886	0.0196485	-0.0331586
5.425	1.14061	4.51187	1.63876	0.0200136	-0.0344498
5.43	1.14095	4.51686	1.63866	0.0203838	-0.0357423
5.435	1.14129	4.52184	1.63856	0.0207591	-0.037036
5.44	1.14163	4.52683	1.63846	0.0211394	-0.038331
5.445	1.14197	4.53182	1.63835	0.0215248	-0.0396272
5.45	1.1423	4.53681	1.63824	0.0219153	-0.0409247
5.455	1.14264	4.5418	1.63813	0.0223109	-0.0422234
5.46	1.14298	4.54679	1.63802	0.0227115	-0.0435232
5.465	1.14331	4.55178	1.63791	0.0231172	-0.0448243
5.47	1.14365	4.55677	1.63779	0.0235279	-0.0461265
5.475	1.14398	4.56175	1.63768	0.0239437	-0.0474299
5.48	1.14431	4.56674	1.63756	0.0243645	-0.0487344
5.485	1.14465	4.57173	1.63743	0.0247904	-0.0500401
5.49	1.14498	4.57672	1.63731	0.0252212	-0.0513469
5.495	1.14531	4.58171	1.63718	0.0256572	-0.0526548
5.5	1.14564	4.5867	1.63706	0.0260981	-0.0539637
5.505	1.14597	4.59169	1.63693	0.026544	-0.0552738
5.51	1.1463	4.59668	1.63679	0.026995	-0.0565849
5.515	1.14663	4.60167	1.63666	0.027451	-0.0578971
5.52	1.14696	4.60666	1.63652	0.0279119	-0.0592104
5.525	1.14729	4.61164	1.63638	0.0283779	-0.0605246
5.53	1.14761	4.61663	1.63624	0.0288488	-0.0618399
5.535	1.14794	4.62162	1.63609	0.0293248	-0.0631562
5.54	1.14827	4.62661	1.63595	0.0298057	-0.0644734
5.545	1.14859	4.6316	1.6358	0.0302915	-0.0657917
5.55	1.14891	4.63659	1.63565	0.0307823	-0.0671109
5.555	1.14924	4.64158	1.63549	0.0312781	-0.068431
5.56	1.14956	4.64657	1.63534	0.0317788	-0.0697521
5.565	1.14988	4.65156	1.63518	0.0322845	-0.0710741
5.57	1.1502	4.65655	1.63502	0.0327951	-0.0723971
5.575	1.15052	4.66154	1.63485	0.0333107	-0.0737209
5.58	1.15084	4.66653	1.63469	0.0338311	-0.0750456
5.585	1.15116	4.67152	1.63452	0.0343565	-0.0763711
5.59	1.15148	4.67651	1.63435	0.0348868	-0.0776976
5.595	1.1518	4.6815	1.63417	0.0354219	-0.0790248
5.6	1.15211	4.68649	1.63399	0.035962	-0.0803529
5.605	1.15243	4.69148	1.63381	0.036507	-0.0816818
5.61	1.15274	4.69647	1.63363	0.0370568	-0.0830115
5.615	1.15305	4.70146	1.63345	0.0376115	-0.084342
5.62	1.15336	4.70645	1.63326	0.0381711	-0.0856733
5.625	1.15368	4.71144	1.63307	0.0387355	-0.0870054
5.63	1.15399	4.71643	1.63287	0.0393048	-0.0883381
5.635	1.1543	4.72142	1.63268	0.0398789	-0.0896717
5.64	1.1546	4.72641	1.63248	0.0404578	-0.0910059
5.645	1.15491	4.7314	1.63228	0.0410416	-0.0923409
5.65	1.15522	4.73639	1.63207	0.0416302	-0.0936765
5.655	1.15552	4.74138	1.63186	0.0422236	-0.0950128
5.66	1.15583	4.74637	1.63165	0.0428218	-0.0963498
5.665	1.15613	4.75137	1.63144	0.0434248	-0.0976874
5.67	1.15643	4.75636	1.63122	0.0440325	-0.0990257
5.675	1.15673	4.76135	1.631	0.0446451	-0.100365
5.68	1.15703	4.76634	1.63078	0.0452624	-0.101704
5.685	1.15733	4.77133	1.63055	0.0458845	-0.103044
5.69	1.15763	4.77632	1.63032	0.0465113	-0.104385
5.695	1.15792	4.78131	1.63009	0.0471429	-0.105726
5.7	1.15822	4.7863	1.62985	0.0477792	-0.107068
5.705	1.15851	4.79129	1.62961	0.0484202	-0.10841
5.71	1.15881	4.79629	1.62937	0.049066	-0.109753
5.715	1.1591	4.80128	1.62913	0.0497165	-0.111097
5.72	1.15939	4.80627	1.62888	0.0503716	-0.112441
5.725	1.15968	4.81126	1.62863	0.0510315	-0.113785
5.73	1.15996	4.81625	1.62837	0.051696	-0.11513
5.735	1.16025	4.82124	1.62811	0.0523652	-0.116475
5.74	1.16054	4.82624	1.62785	0.0530391	-0.117821
5.745	1.16082	4.83123	1.62759	0.0537176	-0.119167
5.75	1.1611	4.83622	1.62732	0.0544008	-0.120514
5.755	1.16138	4.84121	1.62704	0.0550886	-0.121861
5.76	1.16166	4.8462	1.62677	0.0557811	-0.123209
5.765	1.16194	4.8512	1.62649	0.0564781	-0.124556
5.77	1.16222	4.85619	1.62621	0.0571798	-0.125905
5.775	1.16249	4.86118	1.62592	0.0578861	-0.127253
5.78	1.16277	4.86617	1.62563	0.0585969	-0.128602
5.785	1.16304	4.87117	1.62534	0.0593124	-0.129951
5.79	1.16331	4.87616	1.62504	0.0600324	-0.131301
5.795	1.16358	4.88115	1.62474	0.060757	-0.13265
5.8	1.16385	4.88614	1.62444	0.0614861	-0.134
5.805	1.16412	4.89114	1.62413	0.0622198	-0.135351
5.81	1.16438	4.89613	1.62382	0.062958	-0.136701
5.815	1.16464	4.90112	1.62351	0.0637007	-0.138052
5.82	1.16491	4.90612	1.62319	0.064448	-0.139403
5.825	1.16517	4.91111	1.62286	0.0651998	-0.140754
5.83	1.16542	4.9161	1.62254	0.065956	-0.142106
5.835	1.16568	4.9211	1.62221	0.0667167	-0.143458
5.84	1.16594	4.92609	1.62188	0.067482	-0.144809
5.845	1.16619	4.93108	1.62154	0.0682516	-0.146161
5.85	1.16644	4.93608	1.6212	0.0690258	-0.147513
5.855	1.16669	4.94107	1.62085	0.0698044	-0.148866
5.86	1.16694	4.94606	1.6205	0.0705874	-0.150218
5.865	1.16719	4.95106	1.62015	0.0713748	-0.15157
5.87	1.16743	4.95605	1.61979	0.0721667	-0.152923
5.875	1.16768	4.96105	1.61943	0.0729629	-0.154275
5.88	1.16792	4.96604	1.61907	0.0737636	-0.155628
5.885	1.16816	4.97103	1.6187	0.0745687	-0.15698
5.89	1.16839	4.97603	1.61833	0.0753781	-0.158333
5.895	1.16863	4.98102	1.61795	0.0761919	-0.159686
5.9	1.16886	4.98602	1.61757	0.07701	-0.161038
5.905	1.1691	4.99101	1.61718	0.0778325	-0.162391
5.91	1.16933	4.99601	1.61679	0.0786594	-0.163743
5.915	1.16955	5.001	1.6164	0.0794905	-0.165096
5.92	1.16978	5.006	1.616	0.080326	-0.166448
5.925	1.17	5.01099	1.6156	0.0811658	-0.167801
5.93	1.17022	5.01599	1.6152	0.0820098	-0.169153
5.935	1.17044	5.02098	1.61479	0.0828582	-0.170505
5.94	1.17066	5.02598	1.61437	0.0837108	-0.171857
5.945	1.17088	5.03097	1.61395	0.0845677	-0.173209
5.95	1.17109	5.03597	1.61353	0.0854289	-0.174561
5.955	1.1713	5.04096	1.6131	0.0862943	-0.175912
5.96	1.17151	5.04596	1.61267	0.0871639	-0.177263
5.965	1.17172	5.05095	1.61224	0.0880377	-0.178614
5.97	1.17192	5.05595	1.61179	0.0889158	-0.179965
5.975	1.17213	5.06095	1.61135	0.0897981	-0.181316
5.98	1.17233	5.06594	1.6109	0.0906845	-0.182666
5.985	1.17253	5.07094	1.61045	0.0915752	-0.184017
5.99	1.17272	5.07593	1.60999	0.09247	-0.185367
5.995	1.17292	5.08093	1.60953	0.0933689	-0.186716
6	1.17311	5.08593	1.60906	0.0942721	-0.188065
6.005	1.1733	5.09092	1.60859	0.0951793	-0.189414
6.01	1.17348	5.09592	1.60811	0.0960907	-0.190763
6.015	1.17367	5.10092	1.60763	0.0970062	-0.192111
6.02	1.17385	5.10591	1.60715	0.0979258	-0.193459
6.025	1.17403	5.11091	1.60666	0.0988495	-0.194806
6.03	1.1742	5.11591	1.60616	0.0997773	-0.196153
6.035	1.17438	5.1209	1.60567	0.100709	-0.1975
6.04	1.17455	5.1259	1.60516	0.101645	-0.198846
6.045	1.17472	5.1309	1.60465	0.102585	-0.200192
6.05	1.17489	5.1359	1.60414	0.103529	-0.201537
6.055	1.17505	5.14089	1.60362	0.104477	-0.202882
6.06	1.17521	5.14589	1.6031	0.105429	-0.204226
6.065	1.17537	5.15089	1.60257	0.106385	-0.20557
6.07	1.17553	5.15589	1.60204	0.107346	-0.206913
6.075	1.17568	5.16088	1.6015	0.10831	-0.208256
6.08	1.17583	5.16588	1.60096	0.109278	-0.209598
6.085	1.17598	5.17088	1.60042	0.11025	-0.21094
6.09	1.17612	5.17588	1.59987	0.111226	-0.212281
6.095	1.17627	5.18087	1.59931	0.112206	-0.213621
6.1	1.17641	5.18587	1.59875	0.11319	-0.214961
6.105	1.17654	5.19087	1.59818	0.114178	-0.2163
6.11	1.17668	5.19587	1.59761	0.115169	-0.217638
6.115	1.17681	5.20087	1.59704	0.116165	-0.218976
6.12	1.17694	5.20587	1.59646	0.117165	-0.220313
6.125	1.17706	5.21086	1.59587	0.118168	-0.221649
6.13	1.17719	5.21586	1.59528	0.119176	-0.222985
6.135	1.1773	5.22086	1.59468	0.120187	-0.22432
6.14	1.17742	5.22586	1.59408	0.121202	-0.225654
6.145	1.17753	5.23086	1.59348	0.122221	-0.226987
6.15	1.17764	5.23586	1.59286	0.123244	-0.22832
6.155	1.17775	5.24086	1.59225	0.12427	-0.229651
6.16	1.17786	5.24585	1.59163	0.125301	-0.230982
6.165	1.17796	5.25085	1.591	0.126335	-0.232312
6.17	1.17805	5.25585	1.59037	0.127373	-0.233641
6.175	1.17815	5.26085	1.58973	0.128415	-0.23497
6.18	1.17824	5.26585	1.58909	0.12946	-0.236297
6.185	1.17833	5.27085	1.58844	0.13051	-0.237623
6.19	1.17841	5.27585	1.58779	0.131563	-0.238949
6.195	1.1785	5.28085	1.58713	0.13262	-0.240273
6.2	1.17857	5.28585	1.58647	0.13368	-0.241597
6.205	1.17865	5.29085	1.5858	0.134744	-0.24292
6.21	1.17872	5.29585	1.58513	0.135812	-0.244241
6.215	1.17879	5.30085	1.58445	0.136884	-0.245562
6.22	1.17885	5.30585	1.58376	0.13796	-0.246881
6.225	1.17892	5.31085	1.58307	0.139039	-0.2482
6.23	1.17897	5.31585	1.58238	0.140121	-0.249517
6.235	1.17903	5.32085	1.58168	0.141208	-0.250833
6.24	1.17908	5.32585	1.58097	0.142298	-0.252149
6.245	1.17913	5.33084	1.58026	0.143392	-0.253463
6.25	1.17917	5.33584	1.57954	0.144489	-0.254776
6.255	1.17921	5.34084	1.57882	0.14559	-0.256087
6.26	1.17925	5.34584	1.57809	0.146695	-0.257398
6.265	1.17928	5.35084	1.57736	0.147803	-0.258707
6.27	1.17931	5.35584	1.57662	0.148915	-0.260016
6.275	1.17933	5.36084	1.57588	0.15003	-0.261323
6.28	1.17936	5.36584	1.57513	0.151149	-0.262628
6.285	1.17937	5.37084	1.57437	0.152272	-0.263933
6.29	1.17939	5.37584	1.57361	0.153398	-0.265236
6.295	1.1794	5.38084	1.57284	0.154528	-0.266537
6.3	1.1794	5.38584	1.57207	0.155661	-0.267838
6.305	1.17941	5.39084	1.57129	0.156798	-0.269137
6.31	1.1794	5.39584	1.57051	0.157938	-0.270435
6.315	1.1794	5.40084	1.56972	0.159082	-0.271731
6.32	1.17939	5.40584	1.56892	0.160229	-0.273026
6.325	1.17938	5.41084	1.56812	0.16138	-0.27432
6.33	1.17936	5.41584	1.56731	0.162534	-0.275612
6.335	1.17934	5.42084	1.5665	0.163692	-0.276902
6.34	1.17931	5.42584	1.56568	0.164853	-0.278191
6.345	1.17928	5.43084	1.56486	0.166017	-0.279479
6.35	1.17925	5.43584	1.56403	0.167185	-0.280765
6.355	1.17921	5.44084	1.56319	0.168357	-0.28205
6.36	1.17917	5.44584	1.56235	0.169532	-0.283332
6.365	1.17912	5.45084	1.5615	0.17071	-0.284614
6.37	1.17907	5.45584	1.56065	0.171892	-0.285894
6.375	1.17902	5.46084	1.55979	0.173077	-0.287172
6.38	1.17896	5.46584	1.55892	0.174266	-0.288448
6.385	1.17889	5.47084	1.55805	0.175457	-0.289723
6.39	1.17883	5.47584	1.55718	0.176653	-0.290996
6.395	1.17875	5.48084	1.55629	0.177851	-0.292268
6.4	1.17868	5.48584	1.5554	0.179053	-0.293538
6.405	1.17859	5.49084	1.55451	0.180259	-0.294806
6.41	1.17851	5.49584	1.55361	0.181467	-0.296072
6.415	1.17842	5.50084	1.5527	0.182679	-0.297336
6.42	1.17832	5.50584	1.55179	0.183895	-0.298599
6.425	1.17822	5.51084	1.55087	0.185113	-0.29986
6.43	1.17812	5.51584	1.54994	0.186335	-0.301119
6.435	1.17801	5.52083	1.54901	0.18756	-0.302376
6.44	1.1779	5.52583	1.54807	0.188789	-0.303631
6.445	1.17778	5.53083	1.54713	0.190021	-0.304884
6.45	1.17765	5.53583	1.54618	0.191256	-0.306135
6.455	1.17753	5.54083	1.54522	0.192494	-0.307385
6.46	1.17739	5.54583	1.54426	0.193736	-0.308632
6.465	1.17726	5.55082	1.54329	0.19498	-0.309878
6.47	1.17711	5.55582	1.54231	0.196228	-0.311121
6.475	1.17697	5.56082	1.54133	0.197479	-0.312362
6.48	1.17681	5.56582	1.54035	0.198734	-0.313602
6.485	1.17666	5.57082	1.53935	0.199992	-0.314839
6.49	1.1765	5.57581	1.53835	0.201252	-0.316074
6.495	1.17633	5.58081	1.53735	0.202516	-0.317307
6.5	1.17616	5.58581	1.53633	0.203784	-0.318538
6.505	1.17598	5.5908	1.53532	0.205054	-0.319766
6.51	1.1758	5.5958	1.53429	0.206328	-0.320993
6.515	1.17561	5.6008	1.53326	0.207604	-0.322217
6.52	1.17542	5.60579	1.53222	0.208884	-0.323439
6.525	1.17522	5.61079	1.53118	0.210167	-0.324658
6.53	1.17501	5.61579	1.53012	0.211453	-0.325876
6.535	1.17481	5.62078	1.52907	0.212743	-0.327091
6.54	1.17459	5.62578	1.528	0.214035	-0.328304
6.545	1.17437	5.63077	1.52693	0.21533	-0.329514
6.55	1.17415	5.63577	1.52586	0.216629	-0.330722
6.555	1.17392	5.64076	1.52477	0.217931	-0.331928
6.56	1.17368	5.64576	1.52368	0.219235	-0.333131
6.565	1.17344	5.65075	1.52259	0.220543	-0.334331
6.57	1.1732	5.65574	1.52149	0.221854	-0.33553
6.575	1.17294	5.66074	1.52038	0.223168	-0.336725
6.58	1.17269	5.66573	1.51926	0.224485	-0.337918
6.585	1.17242	5.67072	1.51814	0.225805	-0.339109
6.59	1.17215	5.67572	1.51701	0.227129	-0.340297
6.595	1.17188	5.68071	1.51587	0.228455	-0.341482
6.6	1.1716	5.6857	1.51473	0.229784	-0.342665
6.605	1.17131	5.69069	1.51358	0.231116	-0.343845
6.61	1.17102	5.69568	1.51243	0.232451	-0.345023
6.615	1.17072	5.70068	1.51126	0.23379	-0.346198
6.62	1.17042	5.70567	1.5101	0.235131	-0.34737
6.625	1.17011	5.71066	1.50892	0.236475	-0.348539
6.63	1.1698	5.71565	1.50774	0.237822	-0.349706
6.635	1.16948	5.72064	1.50655	0.239173	-0.350869
6.64	1.16915	5.72563	1.50535	0.240526	-0.35203
6.645	1.16882	5.73061	1.50415	0.241882	-0.353188
6.65	1.16848	5.7356	1.50294	0.243241	-0.354343
6.655	1.16813	5.74059	1.50172	0.244603	-0.355496
6.66	1.16778	5.74558	1.5005	0.245968	-0.356645
6.665	1.16742	5.75057	1.49927	0.247336	-0.357791
6.67	1.16706	5.75555	1.49803	0.248707	-0.358935
6.675	1.16669	5.76054	1.49679	0.250081	-0.360075
6.68	1.16631	5.76553	1.49554	0.251458	-0.361213
6.685	1.16593	5.77051	1.49428	0.252837	-0.362347
6.69	1.16554	5.7755	1.49302	0.25422	-0.363478
6.695	1.16515	5.78048	1.49175	0.255605	-0.364606
6.7	1.16475	5.78546	1.49047	0.256994	-0.365731
6.705	1.16434	5.79045	1.48918	0.258385	-0.366853
6.71	1.16393	5.79543	1.48789	0.259779	-0.367971
6.715	1.1635	5.80041	1.48659	0.261176	-0.369087
6.72	1.16308	5.80539	1.48529	0.262576	-0.370199
6.725	1.16264	5.81038	1.48398	0.263979	-0.371308
6.73	1.1622	5.81536	1.48266	0.265384	-0.372413
6.735	1.16176	5.82034	1.48133	0.266793	-0.373515
6.74	1.1613	5.82532	1.47999	0.268204	-0.374614
6.745	1.16084	5.83029	1.47865	0.269618	-0.37571
6.75	1.16038	5.83527	1.47731	0.271035	-0.376801
6.755	1.1599	5.84025	1.47595	0.272455	-0.37789
6.76	1.15942	5.84523	1.47459	0.273878	-0.378975
6.765	1.15894	5.8502	1.47322	0.275303	-0.380057
6.77	1.15844	5.85518	1.47184	0.276732	-0.381135
6.775	1.15794	5.86015	1.47046	0.278163	-0.382209
6.78	1.15743	5.86513	1.46907	0.279597	-0.38328
6.785	1.15692	5.8701	1.46767	0.281033	-0.384347
6.79	1.1564	5.87507	1.46626	0.282473	-0.385411
6.795	1.15587	5.88005	1.46485	0.283915	-0.386471
6.8	1.15533	5.88502	1.46343	0.28536	-0.387527
6.805	1.15479	5.88999	1.46201	0.286808	-0.388579
6.81	1.15424	5.89496	1.46057	0.288259	-0.389628
6.815	1.15368	5.89993	1.45913	0.289712	-0.390673
6.82	1.15312	5.90489	1.45768	0.291169	-0.391714
6.825	1.15255	5.90986	1.45623	0.292628	-0.392751
6.83	1.15197	5.91483	1.45476	0.294089	-0.393784
6.835	1.15138	5.91979	1.45329	0.295554	-0.394813
6.84	1.15079	5.92476	1.45181	0.297021	-0.395839
6.845	1.15019	5.92972	1.45033	0.298491	-0.39686
6.85	1.14958	5.93468	1.44884	0.299964	-0.397877
6.855	1.14896	5.93965	1.44734	0.301439	-0.398891
6.86	1.14834	5.94461	1.44583	0.302918	-0.3999
6.865	1.14771	5.94957	1.44432	0.304398	-0.400905
6.87	1.14707	5.95453	1.44279	0.305882	-0.401906
6.875	1.14642	5.95948	1.44126	0.307369	-0.402903
6.88	1.14577	5.96444	1.43973	0.308858	-0.403895
6.885	1.14511	5.9694	1.43818	0.310349	-0.404884
6.89	1.14444	5.97435	1.43663	0.311844	-0.405868
6.895	1.14376	5.97931	1.43507	0.313341	-0.406847
6.9	1.14308	5.98426	1.43351	0.314841	-0.407823
6.905	1.14239	5.98921	1.43193	0.316344	-0.408794
6.91	1.14169	5.99416	1.43035	0.317849	-0.40976
6.915	1.14098	5.99911	1.42876	0.319357	-0.410723
6.92	1.14027	6.00406	1.42716	0.320868	-0.41168
6.925	1.13954	6.00901	1.42556	0.322381	-0.412634
6.93	1.13881	6.01395	1.42395	0.323897	-0.413582
6.935	1.13807	6.0189	1.42233	0.325416	-0.414526
6.94	1.13732	6.02384	1.4207	0.326937	-0.415466
6.945	1.13657	6.02879	1.41907	0.328462	-0.416401
6.95	1.1358	6.03373	1.41742	0.329988	-0.417331
6.955	1.13503	6.03867	1.41577	0.331518	-0.418256
6.96	1.13425	6.04361	1.41412	0.33305	-0.419177
6.965	1.13346	6.04854	1.41245	0.334585	-0.420093
6.97	1.13267	6.05348	1.41078	0.336122	-0.421004
6.975	1.13186	6.05841	1.4091	0.337662	-0.42191
6.98	1.13105	6.06335	1.40741	0.339205	-0.422812
6.985	1.13023	6.06828	1.40571	0.34075	-0.423708
6.99	1.1294	6.07321	1.40401	0.342298	-0.4246
6.995	1.12856	6.07814	1.4023	0.343849	-0.425486
7	1.12771	6.08307	1.40058	0.345402	-0.426368
7.005	1.12685	6.08799	1.39885	0.346958	-0.427244
7.01	1.12599	6.09292	1.39712	0.348517	-0.428116
7.015	1.12512	6.09784	1.39537	0.350078	-0.428982
7.02	1.12424	6.10276	1.39362	0.351642	-0.429843
7.025	1.12335	6.10768	1.39187	0.353209	-0.430699
7.03	1.12245	6.1126	1.3901	0.354778	-0.43155
7.035	1.12154	6.11752	1.38833	0.35635	-0.432395
7.04	1.12062	6.12243	1.38654	0.357924	-0.433235
7.045	1.1197	6.12735	1.38475	0.359501	-0.43407
7.05	1.11877	6.13226	1.38296	0.361081	-0.434899
7.055	1.11782	6.13717	1.38115	0.362663	-0.435723
7.06	1.11687	6.14208	1.37934	0.364248	-0.436541
7.065	1.11591	6.14699	1.37752	0.365836	-0.437354
7.07	1.11494	6.15189	1.37569	0.367426	-0.438161
7.075	1.11396	6.15679	1.37385	0.369019	-0.438963
7.08	1.11298	6.1617	1.37201	0.370614	-0.439759
7.085	1.11198	6.16659	1.37015	0.372212	-0.44055
7.09	1.11097	6.17149	1.36829	0.373813	-0.441335
7.095	1.10996	6.17639	1.36642	0.375416	-0.442114
7.1	1.10894	6.18128	1.36454	0.377022	-0.442887
7.105	1.1079	6.18617	1.36266	0.378631	-0.443654
7.11	1.10686	6.19107	1.36077	0.380242	-0.444416
7.115	1.10581	6.19595	1.35887	0.381855	-0.445172
7.12	1.10475	6.20084	1.35696	0.383472	-0.445922
7.125	1.10368	6.20572	1.35504	0.385091	-0.446666
7.13	1.1026	6.21061	1.35311	0.386712	-0.447403
7.135	1.10151	6.21549	1.35118	0.388337	-0.448135
7.14	1.10041	6.22036	1.34924	0.389964	-0.448861
7.145	1.0993	6.22524	1.34729	0.391593	-0.449581
7.15	1.09818	6.23011	1.34533	0.393225	-0.450294
7.155	1.09706	6.23498	1.34336	0.39486	-0.451001
7.16	1.09592	6.23985	1.34139	0.396497	-0.451702
7.165	1.09477	6.24472	1.33941	0.398137	-0.452397
7.17	1.09362	6.24958	1.33742	0.39978	-0.453085
7.175	1.09245	6.25445	1.33542	0.401425	-0.453768
7.18	1.09127	6.25931	1.33341	0.403073	-0.454443
7.185	1.09009	6.26416	1.3314	0.404723	-0.455112
7.19	1.08889	6.26902	1.32937	0.406376	-0.455775
7.195	1.08769	6.27387	1.32734	0.408032	-0.456431
7.2	1.08647	6.27872	1.3253	0.40969	-0.457081
7.205	1.08525	6.28357	1.32325	0.411351	-0.457724
7.21	1.08401	6.28841	1.32119	0.413015	-0.45836
7.215	1.08277	6.29326	1.31913	0.414681	-0.45899
7.22	1.08151	6.2981	1.31706	0.41635	-0.459613
7.225	1.08025	6.30293	1.31497	0.418021	-0.460229
7.23	1.07897	6.30777	1.31288	0.419695	-0.460838
7.235	1.07769	6.3126	1.31079	0.421372	-0.46144
7.24	1.07639	6.31743	1.30868	0.423052	-0.462036
7.245	1.07508	6.32226	1.30656	0.424734	-0.462624
7.25	1.07377	6.32708	1.30444	0.426418	-0.463206
7.255	1.07244	6.3319	1.30231	0.428106	-0.46378
7.26	1.07111	6.33672	1.30017	0.429796	-0.464348
7.265	1.06976	6.34153	1.29802	0.431488	-0.464908
7.27	1.0684	6.34634	1.29586	0.433184	-0.465461
7.275	1.06703	6.35115	1.29369	0.434881	-0.466007
7.28	1.06565	6.35596	1.29152	0.436582	-0.466546
7.285	1.06427	6.36076	1.28934	0.438285	-0.467077
7.29	1.06287	6.36556	1.28715	0.439991	-0.467601
7.295	1.06146	6.37036	1.28495	0.4417	-0.468118
7.3	1.06004	6.37516	1.28274	0.443411	-0.468627
7.305	1.05861	6.37995	1.28052	0.445125	-0.469129
7.31	1.05716	6.38473	1.27829	0.446842	-0.469623
7.315	1.05571	6.38952	1.27606	0.448561	-0.47011
7.32	1.05425	6.3943	1.27382	0.450283	-0.470589
7.325	1.05277	6.39908	1.27157	0.452008	-0.47106
7.33	1.05129	6.40385	1.26931	0.453736	-0.471524
7.335	1.04979	6.40862	1.26704	0.455466	-0.47198
7.34	1.04829	6.41339	1.26476	0.457199	-0.472428
7.345	1.04677	6.41815	1.26247	0.458934	-0.472868
7.35	1.04524	6.42292	1.26018	0.460673	-0.473301
7.355	1.0437	6.42767	1.25788	0.462414	-0.473725
7.36	1.04215	6.43243	1.25556	0.464157	-0.474142
7.365	1.04059	6.43718	1.25324	0.465904	-0.47455
7.37	1.03902	6.44192	1.25091	0.467653	-0.474951
7.375	1.03744	6.44666	1.24858	0.469405	-0.475343
7.38	1.03584	6.4514	1.24623	0.47116	-0.475727
7.385	1.03424	6.45614	1.24387	0.472917	-0.476103
7.39	1.03262	6.46087	1.24151	0.474678	-0.476471
7.395	1.03099	6.4656	1.23914	0.476441	-0.476831
7.4	1.02935	6.47032	1.23675	0.478207	-0.477182
7.405	1.0277	6.47504	1.23436	0.479975	-0.477525
7.41	1.02604	6.47976	1.23196	0.481747	-0.477859
7.415	1.02437	6.48447	1.22955	0.483521	-0.478185
7.42	1.02268	6.48918	1.22714	0.485298	-0.478502
7.425	1.02098	6.49388	1.22471	0.487078	-0.478811
7.43	1.01928	6.49858	1.22227	0.48886	-0.479111
7.435	1.01756	6.50327	1.21983	0.490646	-0.479403
7.44	1.01583	6.50797	1.21738	0.492434	-0.479685
7.445	1.01409	6.51265	1.21491	0.494225	-0.479959
7.45	1.01233	6.51733	1.21244	0.496019	-0.480225
7.455	1.01057	6.52201	1.20996	0.497816	-0.480481
7.46	1.00879	6.52669	1.20747	0.499616	-0.480729
7.465	1.007	6.53136	1.20498	0.501418	-0.480967
7.47	1.0052	6.53602	1.20247	0.503224	-0.481197
7.475	1.00339	6.54068	1.19995	0.505032	-0.481417
7.48	1.00156	6.54534	1.19743	0.506843	-0.481629
7.485	0.999729	6.54999	1.19489	0.508658	-0.481831
7.49	0.997882	6.55463	1.19235	0.510475	-0.482024
7.495	0.996023	6.55927	1.1898	0.512295	-0.482208
7.5	0.994152	6.56391	1.18724	0.514118	-0.482382
7.505	0.992268	6.56854	1.18467	0.515944	-0.482548
7.51	0.990374	6.57317	1.18209	0.517773	-0.482704
7.515	0.988467	6.57779	1.1795	0.519604	-0.48285
7.52	0.986548	6.58241	1.1769	0.521439	-0.482987
7.525	0.984617	6.58702	1.17429	0.523277	-0.483115
7.53	0.982674	6.59163	1.17168	0.525118	-0.483232
7.535	0.980718	6.59623	1.16905	0.526962	-0.483341
7.54	0.978751	6.60083	1.16641	0.528809	-0.483439
7.545	0.976772	6.60542	1.16377	0.530659	-0.483528
7.55	0.97478	6.61	1.16112	0.532512	-0.483607
7.555	0.972776	6.61459	1.15845	0.534368	-0.483677
7.56	0.97076	6.61916	1.15578	0.536227	-0.483736
7.565	0.968732	6.62373	1.1531	0.538089	-0.483786
7.57	0.966692	6.6283	1.15041	0.539955	-0.483826
7.575	0.964639	6.63285	1.14771	0.541823	-0.483855
7.58	0.962574	6.63741	1.145	0.543695	-0.483875
7.585	0.960496	6.64196	1.14228	0.545569	-0.483884
7.59	0.958406	6.6465	1.13956	0.547447	-0.483884
7.595	0.956304	6.65103	1.13682	0.549328	-0.483873
7.6	0.954189	6.65557	1.13407	0.551213	-0.483852
7.605	0.952061	6.66009	1.13132	0.5531	-0.48382
7.61	0.949921	6.66461	1.12855	0.554991	-0.483779
7.615	0.947769	6.66912	1.12578	0.556885	-0.483727
7.62	0.945604	6.67363	1.12299	0.558782	-0.483664
7.625	0.943427	6.67813	1.1202	0.560682	-0.483591
7.63	0.941236	6.68263	1.11739	0.562586	-0.483507
7.635	0.939034	6.68711	1.11458	0.564493	-0.483413
7.64	0.936818	6.6916	1.11176	0.566403	-0.483309
7.645	0.93459	6.69607	1.10893	0.568317	-0.483193
7.65	0.932349	6.70054	1.10609	0.570234	-0.483067
7.655	0.930096	6.70501	1.10323	0.572154	-0.48293
7.66	0.927829	6.70946	1.10037	0.574078	-0.482782
7.665	0.92555	6.71391	1.0975	0.576005	-0.482624
7.67	0.923258	6.71836	1.09462	0.577936	-0.482454
7.675	0.920954	6.72279	1.09173	0.57987	-0.482274
7.68	0.918636	6.72722	1.08883	0.581808	-0.482082
7.685	0.916306	6.73165	1.08592	0.583749	-0.481879
7.69	0.913962	6.73606	1.08301	0.585693	-0.481666
7.695	0.911606	6.74047	1.08008	0.587641	-0.481441
7.7	0.909237	6.74488	1.07714	0.589593	-0.481205
7.705	0.906855	6.74927	1.07419	0.591548	-0.480957
7.71	0.904459	6.75366	1.07123	0.593507	-0.480699
7.715	0.902051	6.75804	1.06827	0.595469	-0.480429
7.72	0.89963	6.76242	1.06529	0.597435	-0.480147
7.725	0.897195	6.76679	1.0623	0.599405	-0.479854
7.73	0.894748	6.77115	1.0593	0.601378	-0.47955
7.735	0.892288	6.7755	1.0563	0.603355	-0.479234
7.74	0.889814	6.77984	1.05328	0.605336	-0.478907
7.745	0.887327	6.78418	1.05025	0.60732	-0.478568
7.75	0.884827	6.78851	1.04722	0.609309	-0.478217
7.755	0.882314	6.79283	1.04417	0.611301	-0.477854
7.76	0.879788	6.79715	1.04111	0.613297	-0.47748
7.765	0.877248	6.80146	1.03805	0.615297	-0.477094
7.77	0.874696	6.80576	1.03497	0.6173	-0.476696
7.775	0.87213	6.81005	1.03188	0.619308	-0.476286
7.78	0.86955	6.81433	1.02879	0.62132	-0.475864
7.785	0.866958	6.81861	1.02568	0.623335	-0.47543
7.79	0.864352	6.82287	1.02257	0.625355	-0.474984
7.795	0.861733	6.82713	1.01944	0.627378	-0.474526
7.8	0.8591	6.83138	1.0163	0.629406	-0.474056
7.805	0.856454	6.83563	1.01315	0.631438	-0.473573
7.81	0.853795	6.83986	1.01	0.633473	-0.473079
7.815	0.851122	6.84409	1.00683	0.635513	-0.472572
7.82	0.848436	6.8483	1.00365	0.637558	-0.472052
7.825	0.845736	6.85251	1.00046	0.639606	-0.471521
7.83	0.843023	6.85671	0.997267	0.641659	-0.470977
7.835	0.840297	6.8609	0.994058	0.643716	-0.47042
7.84	0.837557	6.86508	0.99084	0.645777	-0.469851
7.845	0.834804	6.86926	0.987611	0.647843	-0.469269
7.85	0.832037	6.87342	0.984372	0.649913	-0.468675
7.855	0.829256	6.87758	0.981122	0.651987	-0.468068
7.86	0.826462	6.88173	0.977862	0.654066	-0.467448
7.865	0.823655	6.88586	0.974592	0.656149	-0.466816
7.87	0.820834	6.88999	0.971311	0.658237	-0.466171
7.875	0.817999	6.89411	0.96802	0.66033	-0.465513
7.88	0.815151	6.89822	0.964718	0.662427	-0.464842
7.885	0.812289	6.90232	0.961406	0.664529	-0.464158
7.89	0.809413	6.90641	0.958083	0.666636	-0.463461
7.895	0.806524	6.91049	0.95475	0.668747	-0.462751
7.9	0.803622	6.91456	0.951406	0.670863	-0.462029
7.905	0.800705	6.91862	0.948052	0.672984	-0.461293
7.91	0.797775	6.92267	0.944687	0.67511	-0.460544
7.915	0.794832	6.92672	0.941312	0.677241	-0.459781
7.92	0.791874	6.93075	0.937925	0.679377	-0.459006
7.925	0.788903	6.93477	0.934529	0.681518	-0.458217
7.93	0.785919	6.93878	0.931121	0.683664	-0.457415
7.935	0.78292	6.94278	0.927703	0.685815	-0.4566
7.94	0.779908	6.94677	0.924274	0.687971	-0.455771
7.945	0.776883	6.95075	0.920834	0.690132	-0.454928
7.95	0.773843	6.95472	0.917383	0.692299	-0.454073
7.955	0.77079	6.95868	0.913922	0.694471	-0.453203
7.96	0.767723	6.96263	0.910449	0.696649	-0.452321
7.965	0.764642	6.96657	0.906966	0.698832	-0.451424
7.97	0.761548	6.9705	0.903472	0.70102	-0.450514
7.975	0.75844	6.97441	0.899967	0.703214	-0.44959
7.98	0.755318	6.97832	0.896451	0.705414	-0.448653
7.985	0.752182	6.98221	0.892924	0.707619	-0.447702
7.99	0.749033	6.9861	0.889385	0.70983	-0.446737
7.995	0.745869	6.98997	0.885836	0.712047	-0.445758
8	0.742692	6.99383	0.882276	0.71427	-0.444765
8.005	0.739502	6.99768	0.878705	0.716498	-0.443758
8.01	0.736297	7.00152	0.875122	0.718733	-0.442738
8.015	0.733079	7.00535	0.871529	0.720974	-0.441703
8.02	0.729847	7.00916	0.867924	0.723221	-0.440655
8.025	0.726601	7.01296	0.864308	0.725474	-0.439592
8.03	0.723341	7.01675	0.86068	0.727733	-0.438515
8.035	0.720068	7.02053	0.857042	0.729999	-0.437424
8.04	0.716781	7.0243	0.853392	0.732271	-0.436319
8.045	0.71348	7.02806	0.84973	0.73455	-0.435199
8.05	0.710165	7.0318	0.846057	0.736835	-0.434066
8.055	0.706837	7.03553	0.842373	0.739127	-0.432918
8.06	0.703494	7.03925	0.838678	0.741426	-0.431756
8.065	0.700138	7.04296	0.834971	0.743732	-0.430579
8.07	0.696769	7.04665	0.831252	0.746044	-0.429388
8.075	0.693385	7.05033	0.827522	0.748364	-0.428182
8.08	0.689988	7.054	0.82378	0.75069	-0.426962
8.085	0.686577	7.05766	0.820026	0.753024	-0.425728
8.09	0.683152	7.0613	0.816261	0.755365	-0.424479
8.095	0.679714	7.06493	0.812484	0.757714	-0.423215
8.1	0.676261	7.06855	0.808696	0.76007	-0.421937
8.105	0.672795	7.07215	0.804896	0.762433	-0.420644
8.11	0.669316	7.07574	0.801083	0.764804	-0.419337
8.115	0.665822	7.07932	0.797259	0.767183	-0.418014
8.12	0.662315	7.08288	0.793423	0.76957	-0.416677
8.125	0.658795	7.08643	0.789576	0.771965	-0.415326
8.13	0.65526	7.08997	0.785716	0.774368	-0.413959
8.135	0.651712	7.09349	0.781844	0.776779	-0.412577
8.14	0.64815	7.097	0.77796	0.779199	-0.411181
8.145	0.644575	7.1005	0.774064	0.781627	-0.40977
8.15	0.640986	7.10398	0.770156	0.784064	-0.408344
8.155	0.637383	7.10744	0.766236	0.786509	-0.406903
8.16	0.633767	7.1109	0.762303	0.788963	-0.405446
8.165	0.630137	7.11434	0.758358	0.791426	-0.403975
8.17	0.626494	7.11776	0.754401	0.793898	-0.402489
8.175	0.622837	7.12117	0.750432	0.79638	-0.400988
8.18	0.619166	7.12457	0.74645	0.79887	-0.399471
8.185	0.615482	7.12795	0.742455	0.801371	-0.39794
8.19	0.611785	7.13131	0.738448	0.80388	-0.396393
8.195	0.608074	7.13466	0.734429	0.8064	-0.394831
8.2	0.604349	7.138	0.730397	0.80893	-0.393254
8.205	0.600611	7.14132	0.726352	0.81147	-0.391661
8.21	0.59686	7.14462	0.722295	0.81402	-0.390053
8.215	0.593095	7.14791	0.718225	0.81658	-0.38843
8.22	0.589317	7.15119	0.714142	0.819151	-0.386792
8.225	0.585525	7.15445	0.710046	0.821733	-0.385138
8.23	0.58172	7.15769	0.705938	0.824326	-0.383469
8.235	0.577902	7.16092	0.701816	0.82693	-0.381784
8.24	0.57407	7.16413	0.697681	0.829545	-0.380084
8.245	0.570225	7.16733	0.693534	0.832172	-0.378368
8.25	0.566367	7.17051	0.689373	0.834811	-0.376637
8.255	0.562495	7.17367	0.685199	0.837461	-0.37489
8.26	0.558611	7.17682	0.681011	0.840124	-0.373128
8.265	0.554713	7.17995	0.676811	0.842799	-0.37135
8.27	0.550802	7.18307	0.672597	0.845486	-0.369557
8.275	0.546878	7.18617	0.668369	0.848187	-0.367748
8.28	0.54294	7.18925	0.664128	0.8509	-0.365923
8.285	0.53899	7.19231	0.659874	0.853627	-0.364083
8.29	0.535027	7.19536	0.655606	0.856367	-0.362226
8.295	0.53105	7.19839	0.651324	0.85912	-0.360354
8.3	0.527061	7.20141	0.647028	0.861888	-0.358467
8.305	0.523058	7.2044	0.642719	0.86467	-0.356563
8.31	0.519043	7.20738	0.638396	0.867467	-0.354644
8.315	0.515015	7.21035	0.634058	0.870278	-0.352709
8.32	0.510974	7.21329	0.629707	0.873105	-0.350758
8.325	0.50692	7.21622	0.625341	0.875947	-0.348791
8.33	0.502854	7.21913	0.620962	0.878804	-0.346808
8.335	0.498774	7.22202	0.616568	0.881678	-0.344809
8.34	0.494682	7.22489	0.612159	0.884568	-0.342794
8.345	0.490577	7.22775	0.607736	0.887475	-0.340764
8.35	0.48646	7.23058	0.603299	0.890399	-0.338717
8.355	0.48233	7.2334	0.598847	0.89334	-0.336654
8.36	0.478188	7.2362	0.59438	0.896298	-0.334575
8.365	0.474033	7.23898	0.589899	0.899275	-0.33248
8.37	0.469865	7.24174	0.585402	0.902271	-0.330369
8.375	0.465685	7.24449	0.580891	0.905285	-0.328242
8.38	0.461493	7.24721	0.576365	0.908319	-0.326098
8.385	0.457289	7.24992	0.571823	0.911372	-0.323939
8.39	0.453072	7.25261	0.567266	0.914446	-0.321763
8.395	0.448843	7.25527	0.562694	0.91754	-0.319571
8.4	0.444601	7.25792	0.558106	0.920656	-0.317362
8.405	0.440348	7.26055	0.553503	0.923793	-0.315138
8.41	0.436082	7.26316	0.548884	0.926952	-0.312897
8.415	0.431805	7.26575	0.544249	0.930133	-0.31064
8.42	0.427515	7.26832	0.539599	0.933338	-0.308366
8.425	0.423214	7.27086	0.534932	0.936567	-0.306076
8.43	0.4189	7.27339	0.530249	0.93982	-0.303769
8.435	0.414575	7.2759	0.52555	0.943097	-0.301446
8.44	0.410238	7.27839	0.520834	0.946401	-0.299107
8.445	0.405889	7.28086	0.516102	0.94973	-0.296751
8.45	0.401529	7.2833	0.511354	0.953086	-0.294378
8.455	0.397157	7.28573	0.506588	0.95647	-0.291989
8.46	0.392773	7.28814	0.501806	0.959882	-0.289583
8.465	0.388378	7.29052	0.497007	0.963323	-0.28716
8.47	0.383972	7.29288	0.49219	0.966794	-0.284721
8.475	0.379554	7.29522	0.487356	0.970295	-0.282265
8.48	0.375125	7.29754	0.482505	0.973828	-0.279792
8.485	0.370684	7.29984	0.477635	0.977393	-0.277303
8.49	0.366233	7.30212	0.472748	0.980991	-0.274797
8.495	0.36177	7.30437	0.467844	0.984623	-0.272273
8.5	0.357296	7.30661	0.46292	0.988291	-0.269733
8.505	0.352811	7.30882	0.457979	0.991994	-0.267176
8.51	0.348316	7.31101	0.453019	0.995735	-0.264602
8.515	0.343809	7.31317	0.44804	0.999514	-0.262011
8.52	0.339292	7.31531	0.443043	1.00333	-0.259402
8.525	0.334764	7.31744	0.438026	1.00719	-0.256777
8.53	0.330225	7.31953	0.43299	1.01109	-0.254134
8.535	0.325676	7.32161	0.427935	1.01504	-0.251474
8.54	0.321117	7.32366	0.422859	1.01903	-0.248797
8.545	0.316547	7.32569	0.417764	1.02306	-0.246103
8.55	0.311966	7.32769	0.412649	1.02715	-0.243391
8.555	0.307376	7.32968	0.407513	1.03128	-0.240661
8.56	0.302775	7.33163	0.402357	1.03546	-0.237914
8.565	0.298164	7.33357	0.39718	1.0397	-0.235149
8.57	0.293544	7.33548	0.391981	1.04399	-0.232367
8.575	0.288913	7.33736	0.386761	1.04834	-0.229567
8.58	0.284272	7.33923	0.381519	1.05275	-0.226749
8.585	0.279622	7.34106	0.376256	1.05721	-0.223913
8.59	0.274962	7.34288	0.37097	1.06174	-0.221059
8.595	0.270293	7.34466	0.365661	1.06634	-0.218187
8.6	0.265614	7.34643	0.360329	1.07101	-0.215297
8.605	0.260926	7.34816	0.354974	1.07574	-0.212389
8.61	0.256228	7.34988	0.349595	1.08055	-0.209462
8.615	0.251521	7.35156	0.344193	1.08544	-0.206517
8.62	0.246806	7.35323	0.338765	1.09041	-0.203553
8.625	0.242081	7.35486	0.333313	1.09546	-0.200571
8.63	0.237347	7.35647	0.327836	1.1006	-0.19757
8.635	0.232605	7.35806	0.322333	1.10583	-0.19455
8.64	0.227853	7.35961	0.316804	1.11115	-0.191511
8.645	0.223094	7.36114	0.311248	1.11658	-0.188453
8.65	0.218325	7.36265	0.305665	1.12211	-0.185376
8.655	0.213549	7.36413	0.300055	1.12775	-0.182279
8.66	0.208764	7.36558	0.294416	1.13351	-0.179163
8.665	0.203971	7.367	0.288749	1.13939	-0.176027
8.67	0.19917	7.3684	0.283052	1.1454	-0.172872
8.675	0.194361	7.36977	0.277325	1.15154	-0.169696
8.68	0.189544	7.37111	0.271567	1.15783	-0.1665
8.685	0.18472	7.37242	0.265778	1.16427	-0.163284
8.69	0.179888	7.37371	0.259956	1.17087	-0.160048
8.695	0.175048	7.37496	0.254102	1.17764	-0.156791
8.7	0.170202	7.37619	0.248214	1.18459	-0.153513
8.705	0.165348	7.37739	0.242291	1.19173	-0.150214
8.71	0.160487	7.37856	0.236332	1.19908	-0.146894
8.715	0.155619	7.3797	0.230337	1.20665	-0.143553
8.72	0.150744	7.38082	0.224304	1.21446	-0.140191
8.725	0.145862	7.3819	0.218231	1.22252	-0.136807
8.73	0.140975	7.38295	0.212119	1.23086	-0.133401
8.735	0.13608	7.38397	0.205964	1.23949	-0.129974
8.74	0.13118	7.38497	0.199767	1.24845	-0.126525
8.745	0.126273	7.38593	0.193525	1.25775	-0.123054
8.75	0.12136	7.38686	0.187236	1.26744	-0.119561
8.755	0.116442	7.38776	0.180899	1.27756	-0.116047
8.76	0.111518	7.38863	0.174511	1.28813	-0.112511
8.765	0.106588	7.38946	0.16807	1.29922	-0.108954
8.77	0.101653	7.39027	0.161574	1.31089	-0.105376
8.775	0.0967134	7.39104	0.15502	1.3232	-0.101778
8.78	0.0917684	7.39178	0.148404	1.33624	-0.0981621
8.785	0.0868185	7.39248	0.141723	1.35011	-0.0945285
8.79	0.081864	7.39316	0.134972	1.36494	-0.0908798
8.795	0.076905	7.3938	0.128147	1.38087	-0.0872187
8.8	0.0719417	7.3944	0.121243	1.39812	-0.0835494
8.805	0.0669743	7.39497	0.114252	1.41693	-0.0798773
8.81	0.062003	7.39551	0.107168	1.43763	-0.0762103
8.815	0.0570279	7.396	0.0999796	1.46067	-0.0725595
8.82	0.0520494	7.39647	0.0926762	1.48668	-0.0689414
8.825	0.0470675	7.39689	0.0852428	1.51656	-0.0653801
8.83	0.0420826	7.39728	0.07766	1.55166	-0.0619127
8.835	0.0370948	7.39763	0.0699017	1.59408	-0.0585981
8.84	0.0321044	7.39794	0.0619313	1.64739	-0.0555343
8.845	0.0271116	7.39821	0.0536943	1.71802	-0.0528952
8.85	0.0221167	7.39843	0.0451042	1.81886	-0.0510166
8.855	0.0171199	7.39861	0.0360099	1.97959	-0.0506318
8.86	0.0121216	7.39874	0.0261119	2.28373	-0.0536894
8.865	0.00712218	7.39882	0.0146933	3.05631	-0.0676569
8.87	0.00212218	7.39881	-0.000588276	6.69465	-0.166696
