descriptor s_test R_test Z_test
0	1.68225	9.99999e-006	0.002	-0.401998	-0.00161644
0.005	1.67725	3.00499e-005	0.00400999	-0.404	-0.00324933
0.01	1.67225	6.01997e-005	0.00602999	-0.406004	-0.00489869
0.015	1.66725	0.000100499	0.00806001	-0.408012	-0.00656453
0.02	1.66225	0.000150999	0.0101001	-0.410022	-0.00824688
0.025	1.65725	0.000211748	0.0121502	-0.412036	-0.00994574
0.03	1.65225	0.000282798	0.0142104	-0.414053	-0.0116611
0.035	1.64725	0.000364197	0.0162806	-0.416073	-0.0133931
0.04	1.64225	0.000455997	0.018361	-0.418097	-0.0151416
0.045	1.63725	0.000558247	0.0204515	-0.420124	-0.0169067
0.05	1.63226	0.000670998	0.0225521	-0.422155	-0.0186883
0.055	1.62726	0.0007943	0.0246629	-0.42419	-0.0204866
0.06	1.62226	0.000928203	0.0267838	-0.426228	-0.0223015
0.065	1.61726	0.00107276	0.028915	-0.42827	-0.0241331
0.07	1.61226	0.00122801	0.0310563	-0.430316	-0.0259812
0.075	1.60727	0.00139402	0.0332079	-0.432366	-0.0278461
0.08	1.60227	0.00157084	0.0353697	-0.43442	-0.0297276
0.085	1.59727	0.0017585	0.0375418	-0.436479	-0.0316258
0.09	1.59228	0.00195707	0.0397242	-0.438541	-0.0335407
0.095	1.58728	0.00216659	0.0419169	-0.440608	-0.0354724
0.1	1.58229	0.00238712	0.04412	-0.44268	-0.0374207
0.105	1.57729	0.0026187	0.0463334	-0.444756	-0.0393859
0.11	1.5723	0.00286139	0.0485571	-0.446837	-0.0413677
0.115	1.5673	0.00311524	0.0507913	-0.448922	-0.0433663
0.12	1.56231	0.0033803	0.0530359	-0.451012	-0.0453817
0.125	1.55732	0.00365661	0.055291	-0.453107	-0.0474139
0.13	1.55233	0.00394424	0.0575565	-0.455207	-0.0494629
0.135	1.54734	0.00424322	0.0598326	-0.457312	-0.0515287
0.14	1.54234	0.00455362	0.0621191	-0.459423	-0.0536114
0.145	1.53736	0.00487547	0.0644162	-0.461538	-0.0557109
0.15	1.53237	0.00520885	0.0667239	-0.463659	-0.0578272
0.155	1.52738	0.00555378	0.0690422	-0.465786	-0.0599604
0.16	1.52239	0.00591034	0.0713712	-0.467918	-0.0621104
0.165	1.5174	0.00627856	0.0737108	-0.470056	-0.0642773
0.17	1.51242	0.0066585	0.076061	-0.472199	-0.0664612
0.175	1.50743	0.0070502	0.078422	-0.474349	-0.0686619
0.18	1.50245	0.00745373	0.0807938	-0.476504	-0.0708795
0.185	1.49747	0.00786914	0.0831763	-0.478666	-0.0731141
0.19	1.49249	0.00829646	0.0855696	-0.480834	-0.0753655
0.195	1.48751	0.00873576	0.0879738	-0.483008	-0.077634
0.2	1.48253	0.00918709	0.0903888	-0.485189	-0.0799193
0.205	1.47755	0.0096505	0.0928148	-0.487376	-0.0822217
0.21	1.47257	0.010126	0.0952517	-0.48957	-0.084541
0.215	1.46759	0.0106138	0.0976995	-0.491771	-0.0868772
0.22	1.46262	0.0111137	0.100158	-0.493978	-0.0892305
0.225	1.45765	0.011626	0.102628	-0.496193	-0.0916007
0.23	1.45267	0.0121505	0.105109	-0.498415	-0.093988
0.235	1.4477	0.0126875	0.107601	-0.500644	-0.0963922
0.24	1.44273	0.0132369	0.110105	-0.50288	-0.0988135
0.245	1.43776	0.0137988	0.112619	-0.505124	-0.101252
0.25	1.4328	0.0143733	0.115145	-0.507376	-0.103707
0.255	1.42783	0.0149603	0.117681	-0.509635	-0.106179
0.26	1.42287	0.01556	0.12023	-0.511902	-0.108669
0.265	1.41791	0.0161724	0.122789	-0.514177	-0.111175
0.27	1.41294	0.0167976	0.12536	-0.51646	-0.113699
0.275	1.40799	0.0174356	0.127942	-0.518752	-0.116239
0.28	1.40303	0.0180864	0.130536	-0.521052	-0.118797
0.285	1.39807	0.0187501	0.133141	-0.52336	-0.121372
0.29	1.39312	0.0194268	0.135758	-0.525677	-0.123964
0.295	1.38817	0.0201166	0.138386	-0.528003	-0.126573
0.3	1.38322	0.0208194	0.141026	-0.530338	-0.129199
0.305	1.37827	0.0215353	0.143678	-0.532682	-0.131842
0.31	1.37332	0.0222644	0.146342	-0.535035	-0.134502
0.315	1.36838	0.0230067	0.149017	-0.537397	-0.137179
0.32	1.36343	0.0237623	0.151704	-0.539769	-0.139873
0.325	1.35849	0.0245313	0.154403	-0.54215	-0.142585
0.33	1.35355	0.0253136	0.157113	-0.544542	-0.145314
0.335	1.34862	0.0261094	0.159836	-0.546943	-0.148059
0.34	1.34368	0.0269187	0.162571	-0.549354	-0.150822
0.345	1.33875	0.0277415	0.165318	-0.551776	-0.153602
0.35	1.33382	0.0285779	0.168076	-0.554208	-0.156399
0.355	1.3289	0.029428	0.170847	-0.55665	-0.159214
0.36	1.32397	0.0302918	0.173631	-0.559103	-0.162045
0.365	1.31905	0.0311694	0.176426	-0.561567	-0.164894
0.37	1.31413	0.0320607	0.179234	-0.564042	-0.167759
0.375	1.30921	0.032966	0.182054	-0.566528	-0.170642
0.38	1.3043	0.0338852	0.184887	-0.569026	-0.173542
0.385	1.29938	0.0348183	0.187732	-0.571535	-0.176459
0.39	1.29447	0.0357655	0.19059	-0.574055	-0.179393
0.395	1.28957	0.0367268	0.19346	-0.576588	-0.182345
0.4	1.28466	0.0377022	0.196343	-0.579132	-0.185313
0.405	1.27976	0.0386918	0.199239	-0.581689	-0.188299
0.41	1.27486	0.0396957	0.202147	-0.584258	-0.191301
0.415	1.26997	0.0407139	0.205068	-0.58684	-0.194321
0.42	1.26508	0.0417464	0.208003	-0.589434	-0.197358
0.425	1.26019	0.0427933	0.21095	-0.592041	-0.200412
0.43	1.2553	0.0438548	0.21391	-0.594661	-0.203484
0.435	1.25042	0.0449307	0.216883	-0.597295	-0.206572
0.44	1.24554	0.0460212	0.21987	-0.599942	-0.209677
0.445	1.24066	0.0471263	0.222869	-0.602602	-0.2128
0.45	1.23579	0.0482462	0.225882	-0.605276	-0.21594
0.455	1.23092	0.0493808	0.228909	-0.607965	-0.219096
0.46	1.22605	0.0505301	0.231949	-0.610667	-0.22227
0.465	1.22119	0.0516944	0.235002	-0.613384	-0.225461
0.47	1.21633	0.0528735	0.238069	-0.616115	-0.228669
0.475	1.21148	0.0540676	0.241149	-0.618861	-0.231894
0.48	1.20663	0.0552767	0.244244	-0.621623	-0.235136
0.485	1.20178	0.0565009	0.247352	-0.624399	-0.238395
0.49	1.19693	0.0577402	0.250474	-0.627191	-0.241671
0.495	1.19209	0.0589947	0.25361	-0.629998	-0.244965
0.5	1.18726	0.0602644	0.25676	-0.632821	-0.248275
0.505	1.18243	0.0615495	0.259924	-0.63566	-0.251602
0.51	1.1776	0.0628499	0.263102	-0.638515	-0.254946
0.515	1.17277	0.0641656	0.266295	-0.641387	-0.258307
0.52	1.16796	0.0654969	0.269502	-0.644276	-0.261685
0.525	1.16314	0.0668437	0.272723	-0.647181	-0.26508
0.53	1.15833	0.068206	0.275959	-0.650103	-0.268492
0.535	1.15352	0.069584	0.27921	-0.653043	-0.271921
0.54	1.14872	0.0709777	0.282475	-0.656	-0.275367
0.545	1.14392	0.0723871	0.285755	-0.658975	-0.278829
0.55	1.13913	0.0738123	0.28905	-0.661968	-0.282308
0.555	1.13434	0.0752533	0.292359	-0.664979	-0.285805
0.56	1.12956	0.0767103	0.295684	-0.668009	-0.289318
0.565	1.12478	0.0781833	0.299024	-0.671057	-0.292847
0.57	1.12001	0.0796722	0.30238	-0.674124	-0.296394
0.575	1.11524	0.0811773	0.30575	-0.677211	-0.299957
0.58	1.11048	0.0826984	0.309136	-0.680316	-0.303537
0.585	1.10572	0.0842358	0.312538	-0.683442	-0.307134
0.59	1.10097	0.0857894	0.315955	-0.686587	-0.310747
0.595	1.09622	0.0873594	0.319388	-0.689752	-0.314377
0.6	1.09148	0.0889457	0.322837	-0.692938	-0.318023
0.605	1.08674	0.0905484	0.326302	-0.696145	-0.321686
0.61	1.08201	0.0921676	0.329782	-0.699372	-0.325365
0.615	1.07729	0.0938033	0.333279	-0.70262	-0.329061
0.62	1.07257	0.0954556	0.336792	-0.70589	-0.332773
0.625	1.06785	0.0971245	0.340322	-0.709181	-0.336502
0.63	1.06315	0.0988102	0.343868	-0.712495	-0.340247
0.635	1.05845	0.100513	0.34743	-0.71583	-0.344008
0.64	1.05375	0.102232	0.351009	-0.719188	-0.347786
0.645	1.04906	0.103968	0.354605	-0.722569	-0.351579
0.65	1.04438	0.105721	0.358218	-0.725972	-0.355389
0.655	1.0397	0.107491	0.361848	-0.729399	-0.359215
0.66	1.03503	0.109278	0.365495	-0.732849	-0.363057
0.665	1.03037	0.111082	0.369159	-0.736323	-0.366915
0.67	1.02571	0.112903	0.372841	-0.739821	-0.370789
0.675	1.02106	0.114742	0.37654	-0.743343	-0.374678
0.68	1.01642	0.116598	0.380256	-0.746889	-0.378584
0.685	1.01179	0.118471	0.383991	-0.750461	-0.382505
0.69	1.00716	0.120361	0.387743	-0.754058	-0.386442
0.695	1.00253	0.122269	0.391514	-0.75768	-0.390394
0.7	0.997921	0.124195	0.395302	-0.761327	-0.394362
0.705	0.993314	0.126138	0.399109	-0.765001	-0.398346
0.71	0.988714	0.128098	0.402934	-0.7687	-0.402345
0.715	0.984122	0.130077	0.406777	-0.772427	-0.406359
0.72	0.979538	0.132073	0.410639	-0.776179	-0.410388
0.725	0.974961	0.134086	0.41452	-0.779959	-0.414432
0.73	0.970392	0.136118	0.41842	-0.783767	-0.418492
0.735	0.965832	0.138167	0.422339	-0.787601	-0.422566
0.74	0.961279	0.140235	0.426277	-0.791464	-0.426655
0.745	0.956735	0.14232	0.430234	-0.795355	-0.430759
0.75	0.952199	0.144424	0.434211	-0.799274	-0.434878
0.755	0.947671	0.146545	0.438207	-0.803221	-0.439011
0.76	0.943152	0.148685	0.442223	-0.807198	-0.443158
0.765	0.938642	0.150843	0.446259	-0.811204	-0.44732
0.77	0.93414	0.153019	0.450315	-0.815239	-0.451496
0.775	0.929648	0.155214	0.454392	-0.819304	-0.455685
0.78	0.925164	0.157427	0.458488	-0.8234	-0.459889
0.785	0.92069	0.159658	0.462605	-0.827525	-0.464107
0.79	0.916224	0.161908	0.466743	-0.831681	-0.468338
0.795	0.911769	0.164177	0.470901	-0.835867	-0.472583
0.8	0.907322	0.166464	0.47508	-0.840085	-0.47684
0.805	0.902886	0.168769	0.479281	-0.844334	-0.481112
0.81	0.898459	0.171094	0.483502	-0.848615	-0.485396
0.815	0.894042	0.173437	0.487746	-0.852927	-0.489693
0.82	0.889635	0.175799	0.49201	-0.857271	-0.494003
0.825	0.885238	0.17818	0.496297	-0.861648	-0.498325
0.83	0.880852	0.18058	0.500605	-0.866057	-0.502659
0.835	0.876476	0.182998	0.504935	-0.870499	-0.507006
0.84	0.87211	0.185436	0.509288	-0.874974	-0.511365
0.845	0.867756	0.187893	0.513662	-0.879482	-0.515735
0.85	0.863412	0.190369	0.51806	-0.884023	-0.520117
0.855	0.859079	0.192864	0.52248	-0.888598	-0.52451
0.86	0.854757	0.195378	0.526923	-0.893207	-0.528915
0.865	0.850446	0.197912	0.531389	-0.89785	-0.53333
0.87	0.846147	0.200465	0.535878	-0.902527	-0.537756
0.875	0.84186	0.203037	0.540391	-0.907238	-0.542192
0.88	0.837584	0.205629	0.544927	-0.911983	-0.546638
0.885	0.83332	0.20824	0.549487	-0.916764	-0.551095
0.89	0.829068	0.210871	0.554071	-0.921579	-0.555561
0.895	0.824828	0.213522	0.558679	-0.926429	-0.560036
0.9	0.820601	0.216192	0.563311	-0.931314	-0.56452
0.905	0.816386	0.218881	0.567967	-0.936234	-0.569013
0.91	0.812183	0.22159	0.572649	-0.94119	-0.573515
0.915	0.807994	0.224319	0.577355	-0.946181	-0.578024
0.92	0.803817	0.227068	0.582085	-0.951207	-0.582542
0.925	0.799654	0.229837	0.586841	-0.956269	-0.587067
0.93	0.795504	0.232626	0.591623	-0.961367	-0.591599
0.935	0.791367	0.235434	0.59643	-0.966499	-0.596138
0.94	0.787244	0.238262	0.601262	-0.971668	-0.600684
0.945	0.783134	0.241111	0.60612	-0.976872	-0.605235
0.95	0.779039	0.243979	0.611005	-0.982112	-0.609792
0.955	0.774958	0.246868	0.615915	-0.987387	-0.614355
0.96	0.770891	0.249776	0.620852	-0.992698	-0.618922
0.965	0.766839	0.252705	0.625816	-0.998044	-0.623494
0.97	0.762801	0.255654	0.630806	-1.00343	-0.62807
0.975	0.758778	0.258623	0.635823	-1.00884	-0.632649
0.98	0.75477	0.261613	0.640867	-1.01429	-0.637232
0.985	0.750777	0.264623	0.645939	-1.01978	-0.641817
0.99	0.7468	0.267653	0.651038	-1.0253	-0.646404
0.995	0.742838	0.270703	0.656164	-1.03086	-0.650993
1	0.738892	0.273774	0.661319	-1.03645	-0.655583
1.005	0.734962	0.276865	0.666501	-1.04207	-0.660174
1.01	0.731049	0.279977	0.671711	-1.04773	-0.664765
1.015	0.727151	0.283109	0.67695	-1.05342	-0.669355
1.02	0.72327	0.286261	0.682217	-1.05914	-0.673944
1.025	0.719406	0.289434	0.687513	-1.06489	-0.678532
1.03	0.715559	0.292628	0.692837	-1.07068	-0.683117
1.035	0.711729	0.295842	0.69819	-1.0765	-0.6877
1.04	0.707916	0.299077	0.703573	-1.08235	-0.692278
1.045	0.704121	0.302332	0.708985	-1.08823	-0.696853
1.05	0.700344	0.305608	0.714426	-1.09414	-0.701423
1.055	0.696585	0.308905	0.719897	-1.10008	-0.705988
1.06	0.692843	0.312222	0.725397	-1.10605	-0.710546
1.065	0.689121	0.31556	0.730927	-1.11205	-0.715097
1.07	0.685416	0.318918	0.736487	-1.11807	-0.71964
1.075	0.681731	0.322297	0.742078	-1.12412	-0.724175
1.08	0.678065	0.325697	0.747698	-1.1302	-0.728701
1.085	0.674418	0.329117	0.753349	-1.1363	-0.733216
1.09	0.67079	0.332559	0.759031	-1.14242	-0.737721
1.095	0.667182	0.33602	0.764743	-1.14857	-0.742214
1.1	0.663595	0.339503	0.770486	-1.15473	-0.746694
1.105	0.660027	0.343006	0.776259	-1.16092	-0.751161
1.11	0.65648	0.34653	0.782064	-1.16713	-0.755613
1.115	0.652953	0.350074	0.7879	-1.17336	-0.76005
1.12	0.649447	0.353639	0.793767	-1.1796	-0.764471
1.125	0.645962	0.357224	0.799665	-1.18586	-0.768875
1.13	0.642499	0.360831	0.805594	-1.19213	-0.77326
1.135	0.639057	0.364457	0.811554	-1.19841	-0.777626
1.14	0.635637	0.368105	0.817547	-1.20471	-0.781972
1.145	0.632239	0.371773	0.82357	-1.21101	-0.786296
1.15	0.628863	0.375461	0.829625	-1.21733	-0.790598
1.155	0.62551	0.37917	0.835712	-1.22364	-0.794876
1.16	0.622179	0.382899	0.84183	-1.22997	-0.79913
1.165	0.618872	0.386649	0.84798	-1.23629	-0.803358
1.17	0.615588	0.390419	0.854161	-1.24262	-0.807559
1.175	0.612327	0.39421	0.860374	-1.24894	-0.811732
1.18	0.60909	0.39802	0.866619	-1.25526	-0.815875
1.185	0.605877	0.401851	0.872895	-1.26157	-0.819988
1.19	0.602688	0.405702	0.879203	-1.26788	-0.824069
1.195	0.599524	0.409574	0.885543	-1.27417	-0.828117
1.2	0.596384	0.413465	0.891914	-1.28045	-0.83213
1.205	0.593269	0.417376	0.898316	-1.28672	-0.836108
1.21	0.59018	0.421308	0.904749	-1.29297	-0.840048
1.215	0.587116	0.425259	0.911214	-1.29919	-0.84395
1.22	0.584078	0.42923	0.91771	-1.3054	-0.847812
1.225	0.581066	0.433221	0.924237	-1.31157	-0.851632
1.23	0.57808	0.437231	0.930795	-1.31772	-0.85541
1.235	0.57512	0.441261	0.937384	-1.32383	-0.859144
1.24	0.572187	0.445311	0.944003	-1.32991	-0.862832
1.245	0.569282	0.44938	0.950652	-1.33595	-0.866473
1.25	0.566403	0.453468	0.957332	-1.34195	-0.870065
1.255	0.563552	0.457576	0.964042	-1.3479	-0.873607
1.26	0.560729	0.461702	0.970781	-1.3538	-0.877098
1.265	0.557934	0.465848	0.97755	-1.35965	-0.880535
1.27	0.555167	0.470013	0.984349	-1.36545	-0.883917
1.275	0.552428	0.474196	0.991176	-1.37118	-0.887243
1.28	0.549718	0.478398	0.998032	-1.37686	-0.890511
1.285	0.547037	0.482619	1.00492	-1.38246	-0.893719
1.29	0.544386	0.486858	1.01183	-1.38799	-0.896866
1.295	0.541764	0.491115	1.01877	-1.39345	-0.89995
1.3	0.539171	0.49539	1.02574	-1.39883	-0.90297
1.305	0.536609	0.499684	1.03273	-1.40413	-0.905923
1.31	0.534077	0.503995	1.03975	-1.40933	-0.908809
1.315	0.531575	0.508324	1.0468	-1.41445	-0.911625
1.32	0.529104	0.512671	1.05387	-1.41947	-0.91437
1.325	0.526664	0.517035	1.06097	-1.42439	-0.917043
1.33	0.524255	0.521417	1.06809	-1.42921	-0.91964
1.335	0.521877	0.525815	1.07523	-1.43391	-0.922162
1.34	0.519531	0.530231	1.0824	-1.4385	-0.924606
1.345	0.517217	0.534663	1.0896	-1.44297	-0.926971
1.35	0.514935	0.539112	1.09681	-1.44732	-0.929255
1.355	0.512685	0.543577	1.10405	-1.45155	-0.931456
1.36	0.510468	0.548058	1.11131	-1.45564	-0.933572
1.365	0.508283	0.552556	1.11858	-1.45959	-0.935603
1.37	0.506131	0.557069	1.12588	-1.4634	-0.937546
1.375	0.504012	0.561598	1.1332	-1.46707	-0.939401
1.38	0.501926	0.566142	1.14053	-1.47058	-0.941164
1.385	0.499874	0.570702	1.14789	-1.47394	-0.942836
1.39	0.497856	0.575276	1.15526	-1.47713	-0.944414
1.395	0.495871	0.579865	1.16264	-1.48017	-0.945896
1.4	0.493921	0.584469	1.17004	-1.48303	-0.947282
1.405	0.492004	0.589087	1.17746	-1.48572	-0.94857
1.41	0.490122	0.59372	1.18489	-1.48823	-0.949759
1.415	0.488275	0.598366	1.19233	-1.49056	-0.950847
1.42	0.486462	0.603026	1.19978	-1.4927	-0.951833
1.425	0.484684	0.607699	1.20724	-1.49464	-0.952715
1.43	0.482941	0.612385	1.21472	-1.4964	-0.953493
1.435	0.481233	0.617084	1.2222	-1.49795	-0.954165
1.44	0.479561	0.621796	1.22969	-1.49929	-0.95473
1.445	0.477923	0.626521	1.23719	-1.50043	-0.955187
1.45	0.476322	0.631257	1.24469	-1.50136	-0.955534
1.455	0.474755	0.636005	1.25219	-1.50207	-0.955772
1.46	0.473225	0.640765	1.25971	-1.50255	-0.955899
1.465	0.47173	0.645537	1.26722	-1.50282	-0.955914
1.47	0.470271	0.650319	1.27473	-1.50286	-0.955816
1.475	0.468849	0.655113	1.28225	-1.50267	-0.955604
1.48	0.467462	0.659916	1.28976	-1.50225	-0.955279
1.485	0.466111	0.664731	1.29727	-1.50159	-0.954838
1.49	0.464797	0.669555	1.30478	-1.50069	-0.954282
1.495	0.463519	0.674389	1.31228	-1.49955	-0.95361
1.5	0.462277	0.679232	1.31978	-1.49817	-0.952822
1.505	0.461071	0.684084	1.32727	-1.49654	-0.951918
1.51	0.459902	0.688946	1.33475	-1.49466	-0.950896
1.515	0.458769	0.693816	1.34223	-1.49254	-0.949757
1.52	0.457672	0.698694	1.34969	-1.49016	-0.948501
1.525	0.456612	0.70358	1.35714	-1.48753	-0.947127
1.53	0.455588	0.708474	1.36458	-1.48465	-0.945637
1.535	0.454601	0.713376	1.372	-1.48152	-0.944028
1.54	0.45365	0.718284	1.37941	-1.47813	-0.942303
1.545	0.452735	0.7232	1.3868	-1.47448	-0.940461
1.55	0.451856	0.728122	1.39417	-1.47058	-0.938503
1.555	0.451014	0.733051	1.40153	-1.46642	-0.936428
1.56	0.450208	0.737985	1.40886	-1.46201	-0.934238
1.565	0.449438	0.742926	1.41617	-1.45734	-0.931933
1.57	0.448704	0.747872	1.42345	-1.45242	-0.929513
1.575	0.448006	0.752823	1.43072	-1.44725	-0.926979
1.58	0.447343	0.757779	1.43795	-1.44183	-0.924333
1.585	0.446717	0.762739	1.44516	-1.43615	-0.921575
1.59	0.446126	0.767704	1.45234	-1.43023	-0.918705
1.595	0.445571	0.772673	1.45949	-1.42406	-0.915726
1.6	0.445051	0.777646	1.46661	-1.41765	-0.912637
1.605	0.444566	0.782623	1.4737	-1.411	-0.90944
1.61	0.444116	0.787602	1.48076	-1.40411	-0.906137
1.615	0.443702	0.792585	1.48778	-1.39698	-0.902729
1.62	0.443322	0.797571	1.49476	-1.38962	-0.899216
1.625	0.442977	0.802559	1.50171	-1.38203	-0.895601
1.63	0.442666	0.807549	1.50862	-1.37421	-0.891885
1.635	0.44239	0.812541	1.51549	-1.36617	-0.888069
1.64	0.442147	0.817535	1.52232	-1.35791	-0.884155
1.645	0.441939	0.822531	1.52911	-1.34944	-0.880145
1.65	0.441764	0.827528	1.53586	-1.34076	-0.87604
1.655	0.441623	0.832526	1.54256	-1.33188	-0.871843
1.66	0.441515	0.837525	1.54922	-1.32279	-0.867554
1.665	0.441441	0.842524	1.55584	-1.31351	-0.863176
1.67	0.441399	0.847524	1.5624	-1.30403	-0.858711
1.675	0.441389	0.852524	1.56892	-1.29437	-0.85416
1.68	0.441412	0.857524	1.5754	-1.28453	-0.849526
1.685	0.441467	0.862524	1.58182	-1.27452	-0.84481
1.69	0.441554	0.867523	1.58819	-1.26433	-0.840015
1.695	0.441673	0.872522	1.59451	-1.25398	-0.835143
1.7	0.441823	0.877519	1.60078	-1.24347	-0.830195
1.705	0.442004	0.882516	1.607	-1.23281	-0.825173
1.71	0.442216	0.887512	1.61316	-1.222	-0.820081
1.715	0.442458	0.892506	1.61927	-1.21105	-0.81492
1.72	0.44273	0.897498	1.62533	-1.19996	-0.809692
1.725	0.443033	0.902489	1.63133	-1.18874	-0.804399
1.73	0.443365	0.907478	1.63727	-1.1774	-0.799044
1.735	0.443727	0.912465	1.64316	-1.16594	-0.793629
1.74	0.444117	0.91745	1.64899	-1.15437	-0.788155
1.745	0.444536	0.922432	1.65476	-1.14269	-0.782625
1.75	0.444984	0.927412	1.66047	-1.13092	-0.777042
1.755	0.44546	0.932389	1.66613	-1.11905	-0.771407
1.76	0.445964	0.937364	1.67172	-1.10709	-0.765722
1.765	0.446495	0.942336	1.67726	-1.09505	-0.759991
1.77	0.447054	0.947304	1.68274	-1.08293	-0.754214
1.775	0.447639	0.95227	1.68815	-1.07075	-0.748394
1.78	0.448251	0.957232	1.6935	-1.0585	-0.742534
1.785	0.448889	0.962191	1.6988	-1.04619	-0.736634
1.79	0.449554	0.967147	1.70403	-1.03382	-0.730698
1.795	0.450243	0.972099	1.7092	-1.02141	-0.724728
1.8	0.450959	0.977048	1.7143	-1.00896	-0.718724
1.805	0.451699	0.981993	1.71935	-0.996475	-0.712691
1.81	0.452463	0.986934	1.72433	-0.983956	-0.706629
1.815	0.453252	0.991871	1.72925	-0.971412	-0.70054
1.82	0.454065	0.996805	1.73411	-0.958848	-0.694427
1.825	0.454902	1.00173	1.7389	-0.946268	-0.688291
1.83	0.455762	1.00666	1.74363	-0.933678	-0.682134
1.835	0.456644	1.01158	1.7483	-0.921083	-0.675959
1.84	0.45755	1.0165	1.75291	-0.908488	-0.669766
1.845	0.458478	1.02141	1.75745	-0.895896	-0.663558
1.85	0.459428	1.02632	1.76193	-0.883314	-0.657336
1.855	0.460399	1.03123	1.76635	-0.870744	-0.651103
1.86	0.461392	1.03613	1.7707	-0.858192	-0.644859
1.865	0.462406	1.04102	1.77499	-0.845662	-0.638607
1.87	0.463441	1.04591	1.77922	-0.833158	-0.632349
1.875	0.464495	1.0508	1.78338	-0.820684	-0.626084
1.88	0.46557	1.05568	1.78749	-0.808244	-0.619817
1.885	0.466665	1.06056	1.79153	-0.795841	-0.613547
1.89	0.467779	1.06544	1.79551	-0.783479	-0.607276
1.895	0.468913	1.07031	1.79943	-0.771162	-0.601006
1.9	0.470065	1.07517	1.80328	-0.758893	-0.594738
1.905	0.471235	1.08003	1.80708	-0.746675	-0.588473
1.91	0.472424	1.08489	1.81081	-0.734512	-0.582213
1.915	0.47363	1.08974	1.81448	-0.722406	-0.57596
1.92	0.474854	1.09459	1.81809	-0.71036	-0.569713
1.925	0.476095	1.09943	1.82165	-0.698378	-0.563475
1.93	0.477353	1.10427	1.82514	-0.686461	-0.557247
1.935	0.478628	1.10911	1.82857	-0.674612	-0.551029
1.94	0.479919	1.11394	1.83194	-0.662834	-0.544824
1.945	0.481226	1.11876	1.83526	-0.651129	-0.538631
1.95	0.482548	1.12359	1.83851	-0.639499	-0.532453
1.955	0.483886	1.1284	1.84171	-0.627946	-0.52629
1.96	0.485239	1.13322	1.84485	-0.616473	-0.520142
1.965	0.486607	1.13803	1.84793	-0.605081	-0.514012
1.97	0.48799	1.14283	1.85096	-0.593771	-0.507899
1.975	0.489387	1.14763	1.85393	-0.582546	-0.501805
1.98	0.490798	1.15243	1.85684	-0.571408	-0.49573
1.985	0.492222	1.15722	1.8597	-0.560357	-0.489676
1.99	0.49366	1.16201	1.8625	-0.549394	-0.483643
1.995	0.495111	1.1668	1.86524	-0.538523	-0.477631
2	0.496575	1.17158	1.86794	-0.527742	-0.471642
2.005	0.498052	1.17635	1.87058	-0.517054	-0.465677
2.01	0.49954	1.18113	1.87316	-0.50646	-0.459735
2.015	0.501041	1.1859	1.87569	-0.49596	-0.453817
2.02	0.502554	1.19066	1.87817	-0.485556	-0.447925
2.025	0.504079	1.19542	1.8806	-0.475248	-0.442058
2.03	0.505614	1.20018	1.88298	-0.465036	-0.436217
2.035	0.507161	1.20494	1.8853	-0.454923	-0.430403
2.04	0.508718	1.20969	1.88758	-0.444907	-0.424616
2.045	0.510287	1.21444	1.8898	-0.43499	-0.418857
2.05	0.511865	1.21918	1.89198	-0.425171	-0.413126
2.055	0.513454	1.22392	1.8941	-0.415452	-0.407423
2.06	0.515052	1.22866	1.89618	-0.405833	-0.401749
2.065	0.51666	1.23339	1.89821	-0.396314	-0.396104
2.07	0.518277	1.23812	1.90019	-0.386894	-0.390488
2.075	0.519904	1.24285	1.90212	-0.377575	-0.384903
2.08	0.521539	1.24758	1.90401	-0.368356	-0.379348
2.085	0.523183	1.2523	1.90585	-0.359237	-0.373823
2.09	0.524836	1.25702	1.90765	-0.350219	-0.368329
2.095	0.526497	1.26173	1.9094	-0.341301	-0.362866
2.1	0.528166	1.26645	1.91111	-0.332483	-0.357434
2.105	0.529842	1.27116	1.91277	-0.323764	-0.352033
2.11	0.531527	1.27587	1.91439	-0.315146	-0.346664
2.115	0.533219	1.28057	1.91597	-0.306627	-0.341327
2.12	0.534918	1.28527	1.9175	-0.298207	-0.336022
2.125	0.536624	1.28997	1.91899	-0.289886	-0.330749
2.13	0.538336	1.29467	1.92044	-0.281663	-0.325508
2.135	0.540056	1.29937	1.92185	-0.273539	-0.3203
2.14	0.541782	1.30406	1.92321	-0.265512	-0.315124
2.145	0.543514	1.30875	1.92454	-0.257583	-0.30998
2.15	0.545252	1.31344	1.92583	-0.24975	-0.30487
2.155	0.546996	1.31812	1.92708	-0.242014	-0.299792
2.16	0.548745	1.32281	1.92829	-0.234374	-0.294746
2.165	0.550501	1.32749	1.92946	-0.226829	-0.289734
2.17	0.552261	1.33217	1.9306	-0.219378	-0.284754
2.175	0.554026	1.33685	1.93169	-0.212022	-0.279808
2.18	0.555797	1.34152	1.93275	-0.204759	-0.274894
2.185	0.557572	1.3462	1.93378	-0.19759	-0.270013
2.19	0.559352	1.35087	1.93476	-0.190512	-0.265165
2.195	0.561137	1.35554	1.93572	-0.183526	-0.260349
2.2	0.562925	1.36021	1.93663	-0.176631	-0.255567
2.205	0.564718	1.36488	1.93752	-0.169827	-0.250818
2.21	0.566515	1.36954	1.93837	-0.163111	-0.246101
2.215	0.568315	1.37421	1.93918	-0.156485	-0.241417
2.22	0.57012	1.37887	1.93996	-0.149947	-0.236765
2.225	0.571927	1.38353	1.94071	-0.143496	-0.232147
2.23	0.573738	1.38819	1.94143	-0.137133	-0.22756
2.235	0.575553	1.39285	1.94212	-0.130855	-0.223007
2.24	0.57737	1.39751	1.94277	-0.124662	-0.218485
2.245	0.57919	1.40217	1.94339	-0.118553	-0.213996
2.25	0.581013	1.40682	1.94399	-0.112529	-0.20954
2.255	0.582838	1.41148	1.94455	-0.106587	-0.205115
2.26	0.584667	1.41613	1.94508	-0.100727	-0.200722
2.265	0.586497	1.42078	1.94559	-0.0949492	-0.196362
2.27	0.58833	1.42544	1.94606	-0.0892516	-0.192033
2.275	0.590164	1.43009	1.94651	-0.0836337	-0.187735
2.28	0.592001	1.43474	1.94693	-0.078095	-0.18347
2.285	0.593839	1.43939	1.94732	-0.0726344	-0.179236
2.29	0.595679	1.44404	1.94768	-0.0672513	-0.175033
2.295	0.597521	1.44869	1.94802	-0.0619449	-0.170861
2.3	0.599364	1.45333	1.94833	-0.0567144	-0.16672
2.305	0.601209	1.45798	1.94861	-0.051559	-0.162611
2.31	0.603054	1.46263	1.94887	-0.0464778	-0.158532
2.315	0.604901	1.46727	1.9491	-0.0414703	-0.154484
2.32	0.606749	1.47192	1.94931	-0.0365354	-0.150466
2.325	0.608597	1.47657	1.94949	-0.0316726	-0.146478
2.33	0.610446	1.48121	1.94965	-0.0268809	-0.142521
2.335	0.612296	1.48586	1.94978	-0.0221597	-0.138594
2.34	0.614147	1.4905	1.94989	-0.0175081	-0.134697
2.345	0.615998	1.49515	1.94998	-0.0129253	-0.13083
2.35	0.617849	1.49979	1.95005	-0.00841072	-0.126992
2.355	0.6197	1.50444	1.95009	-0.00396346	-0.123183
2.36	0.621551	1.50908	1.95011	0.000417204	-0.119404
2.365	0.623403	1.51373	1.95011	0.00473203	-0.115654
2.37	0.625254	1.51837	1.95008	0.00898176	-0.111933
2.375	0.627105	1.52301	1.95004	0.0131671	-0.108241
2.38	0.628956	1.52766	1.94997	0.0172889	-0.104578
2.385	0.630806	1.5323	1.94988	0.0213478	-0.100943
2.39	0.632656	1.53695	1.94978	0.0253446	-0.0973359
2.395	0.634505	1.5416	1.94965	0.0292799	-0.0937573
2.4	0.636354	1.54624	1.9495	0.0331546	-0.0902068
2.405	0.638202	1.55089	1.94934	0.0369692	-0.0866841
2.41	0.640049	1.55553	1.94915	0.0407246	-0.083189
2.415	0.641895	1.56018	1.94895	0.0444214	-0.0797214
2.42	0.64374	1.56483	1.94873	0.0480603	-0.0762812
2.425	0.645584	1.56947	1.94849	0.051642	-0.0728681
2.43	0.647426	1.57412	1.94823	0.0551672	-0.0694821
2.435	0.649268	1.57877	1.94795	0.0586365	-0.0661228
2.44	0.651108	1.58342	1.94766	0.0620507	-0.0627903
2.445	0.652946	1.58807	1.94735	0.0654104	-0.0594842
2.45	0.654784	1.59272	1.94702	0.0687163	-0.0562045
2.455	0.656619	1.59737	1.94668	0.071969	-0.0529509
2.46	0.658453	1.60202	1.94632	0.0751691	-0.0497234
2.465	0.660285	1.60668	1.94594	0.0783174	-0.0465216
2.47	0.662115	1.61133	1.94555	0.0814144	-0.0433456
2.475	0.663943	1.61598	1.94515	0.0844607	-0.0401951
2.48	0.66577	1.62064	1.94472	0.0874571	-0.0370699
2.485	0.667594	1.62529	1.94429	0.090404	-0.0339699
2.49	0.669416	1.62995	1.94383	0.0933021	-0.0308949
2.495	0.671236	1.6346	1.94337	0.0961521	-0.0278448
2.5	0.673054	1.63926	1.94289	0.0989544	-0.0248194
2.505	0.67487	1.64392	1.94239	0.10171	-0.0218185
2.51	0.676683	1.64858	1.94188	0.104419	-0.0188419
2.515	0.678494	1.65324	1.94136	0.107082	-0.0158896
2.52	0.680302	1.6579	1.94083	0.109699	-0.0129614
2.525	0.682107	1.66257	1.94028	0.112272	-0.010057
2.53	0.68391	1.66723	1.93972	0.114801	-0.00717641
2.535	0.685711	1.67189	1.93914	0.117287	-0.00431938
2.54	0.687508	1.67656	1.93856	0.119729	-0.00148577
2.545	0.689303	1.68123	1.93796	0.122128	0.00132457
2.55	0.691095	1.68589	1.93735	0.124486	0.00411179
2.555	0.692884	1.69056	1.93672	0.126802	0.00687605
2.56	0.69467	1.69523	1.93609	0.129078	0.00961751
2.565	0.696454	1.6999	1.93544	0.131312	0.0123363
2.57	0.698234	1.70458	1.93479	0.133507	0.0150326
2.575	0.700011	1.70925	1.93412	0.135663	0.0177065
2.58	0.701784	1.71393	1.93344	0.137779	0.0203582
2.585	0.703555	1.7186	1.93275	0.139857	0.0229879
2.59	0.705322	1.72328	1.93205	0.141897	0.0255957
2.595	0.707086	1.72796	1.93134	0.143899	0.0281817
2.6	0.708847	1.73264	1.93062	0.145865	0.030746
2.605	0.710604	1.73732	1.9299	0.147794	0.0332889
2.61	0.712357	1.742	1.92916	0.149687	0.0358105
2.615	0.714108	1.74668	1.92841	0.151544	0.0383109
2.62	0.715854	1.75137	1.92765	0.153366	0.0407902
2.625	0.717597	1.75606	1.92688	0.155153	0.0432486
2.63	0.719337	1.76074	1.92611	0.156906	0.0456863
2.635	0.721072	1.76543	1.92532	0.158625	0.0481033
2.64	0.722804	1.77012	1.92453	0.16031	0.0504999
2.645	0.724533	1.77481	1.92373	0.161963	0.052876
2.65	0.726257	1.77951	1.92292	0.163583	0.055232
2.655	0.727978	1.7842	1.9221	0.16517	0.0575679
2.66	0.729694	1.7889	1.92127	0.166726	0.0598838
2.665	0.731407	1.7936	1.92044	0.16825	0.06218
2.67	0.733116	1.79829	1.9196	0.169744	0.0644564
2.675	0.734821	1.803	1.91875	0.171206	0.0667133
2.68	0.736522	1.8077	1.9179	0.172639	0.0689508
2.685	0.738219	1.8124	1.91703	0.174042	0.0711689
2.69	0.739911	1.81711	1.91616	0.175415	0.0733679
2.695	0.7416	1.82181	1.91528	0.176759	0.0755479
2.7	0.743284	1.82652	1.9144	0.178074	0.077709
2.705	0.744965	1.83123	1.91351	0.179361	0.0798512
2.71	0.746641	1.83594	1.91261	0.180619	0.0819748
2.715	0.748312	1.84065	1.91171	0.18185	0.0840799
2.72	0.74998	1.84537	1.9108	0.183054	0.0861665
2.725	0.751643	1.85008	1.90989	0.184231	0.0882348
2.73	0.753302	1.8548	1.90896	0.185381	0.090285
2.735	0.754956	1.85952	1.90804	0.186505	0.0923171
2.74	0.756606	1.86424	1.90711	0.187602	0.0943313
2.745	0.758252	1.86896	1.90617	0.188674	0.0963276
2.75	0.759893	1.87368	1.90522	0.189721	0.0983062
2.755	0.76153	1.8784	1.90428	0.190743	0.100267
2.76	0.763162	1.88313	1.90332	0.191739	0.102211
2.765	0.764789	1.88786	1.90236	0.192712	0.104137
2.77	0.766412	1.89259	1.9014	0.19366	0.106046
2.775	0.768031	1.89732	1.90043	0.194585	0.107938
2.78	0.769645	1.90205	1.89946	0.195486	0.109813
2.785	0.771254	1.90678	1.89848	0.196363	0.11167
2.79	0.772859	1.91152	1.8975	0.197218	0.113512
2.795	0.774459	1.91626	1.89651	0.19805	0.115336
2.8	0.776054	1.921	1.89552	0.19886	0.117144
2.805	0.777644	1.92574	1.89453	0.199648	0.118935
2.81	0.77923	1.93048	1.89353	0.200414	0.12071
2.815	0.780811	1.93522	1.89253	0.201158	0.122468
2.82	0.782388	1.93997	1.89152	0.201881	0.124211
2.825	0.783959	1.94471	1.89051	0.202583	0.125937
2.83	0.785526	1.94946	1.8895	0.203264	0.127648
2.835	0.787088	1.95421	1.88848	0.203925	0.129342
2.84	0.788645	1.95896	1.88746	0.204565	0.131021
2.845	0.790197	1.96372	1.88644	0.205186	0.132684
2.85	0.791744	1.96847	1.88542	0.205787	0.134332
2.855	0.793286	1.97323	1.88439	0.206368	0.135964
2.86	0.794824	1.97798	1.88335	0.20693	0.13758
2.865	0.796356	1.98274	1.88232	0.207473	0.139182
2.87	0.797884	1.9875	1.88128	0.207997	0.140768
2.875	0.799407	1.99227	1.88024	0.208502	0.142339
2.88	0.800924	1.99703	1.8792	0.208989	0.143895
2.885	0.802437	2.0018	1.87816	0.209459	0.145437
2.89	0.803945	2.00656	1.87711	0.20991	0.146963
2.895	0.805447	2.01133	1.87606	0.210343	0.148475
2.9	0.806945	2.0161	1.87501	0.210759	0.149972
2.905	0.808438	2.02088	1.87395	0.211158	0.151455
2.91	0.809925	2.02565	1.8729	0.21154	0.152923
2.915	0.811408	2.03042	1.87184	0.211905	0.154377
2.92	0.812886	2.0352	1.87078	0.212253	0.155816
2.925	0.814358	2.03998	1.86972	0.212585	0.157242
2.93	0.815825	2.04476	1.86866	0.212901	0.158653
2.935	0.817288	2.04954	1.86759	0.213201	0.16005
2.94	0.818745	2.05432	1.86652	0.213485	0.161434
2.945	0.820197	2.05911	1.86546	0.213753	0.162803
2.95	0.821644	2.06389	1.86439	0.214006	0.164159
2.955	0.823086	2.06868	1.86332	0.214244	0.165501
2.96	0.824522	2.07347	1.86225	0.214466	0.166829
2.965	0.825954	2.07826	1.86118	0.214674	0.168144
2.97	0.82738	2.08305	1.8601	0.214867	0.169446
2.975	0.828802	2.08785	1.85903	0.215046	0.170734
2.98	0.830218	2.09264	1.85795	0.21521	0.172009
2.985	0.831629	2.09744	1.85688	0.21536	0.173271
2.99	0.833035	2.10224	1.8558	0.215496	0.17452
2.995	0.834435	2.10704	1.85472	0.215618	0.175756
3	0.835831	2.11184	1.85364	0.215727	0.176978
3.005	0.837221	2.11664	1.85257	0.215822	0.178188
3.01	0.838606	2.12145	1.85149	0.215904	0.179385
3.015	0.839986	2.12625	1.85041	0.215973	0.18057
3.02	0.841361	2.13106	1.84933	0.216029	0.181741
3.025	0.84273	2.13587	1.84825	0.216072	0.1829
3.03	0.844095	2.14068	1.84717	0.216102	0.184047
3.035	0.845454	2.14549	1.84609	0.21612	0.185181
3.04	0.846808	2.1503	1.84501	0.216125	0.186303
3.045	0.848156	2.15512	1.84392	0.216118	0.187413
3.05	0.8495	2.15993	1.84284	0.216099	0.18851
3.055	0.850838	2.16475	1.84176	0.216069	0.189595
3.06	0.852171	2.16957	1.84068	0.216026	0.190669
3.065	0.853499	2.17439	1.8396	0.215972	0.19173
3.07	0.854822	2.17921	1.83852	0.215906	0.192779
3.075	0.856139	2.18404	1.83744	0.215829	0.193816
3.08	0.857452	2.18886	1.83636	0.215741	0.194842
3.085	0.858759	2.19369	1.83529	0.215642	0.195856
3.09	0.860061	2.19851	1.83421	0.215532	0.196858
3.095	0.861357	2.20334	1.83313	0.215411	0.197849
3.1	0.862649	2.20817	1.83205	0.215279	0.198828
3.105	0.863935	2.213	1.83098	0.215137	0.199796
3.11	0.865216	2.21784	1.8299	0.214984	0.200752
3.115	0.866492	2.22267	1.82883	0.214821	0.201697
3.12	0.867763	2.22751	1.82775	0.214649	0.202631
3.125	0.869028	2.23235	1.82668	0.214466	0.203553
3.13	0.870288	2.23718	1.82561	0.214273	0.204464
3.135	0.871544	2.24202	1.82453	0.21407	0.205365
3.14	0.872794	2.24687	1.82346	0.213858	0.206254
3.145	0.874038	2.25171	1.8224	0.213636	0.207132
3.15	0.875278	2.25655	1.82133	0.213405	0.208
3.155	0.876512	2.2614	1.82026	0.213164	0.208856
3.16	0.877742	2.26624	1.81919	0.212914	0.209702
3.165	0.878966	2.27109	1.81813	0.212656	0.210537
3.17	0.880185	2.27594	1.81707	0.212388	0.211362
3.175	0.881398	2.28079	1.816	0.212111	0.212176
3.18	0.882607	2.28564	1.81494	0.211826	0.212979
3.185	0.883811	2.2905	1.81388	0.211532	0.213772
3.19	0.885009	2.29535	1.81283	0.21123	0.214554
3.195	0.886202	2.30021	1.81177	0.210919	0.215327
3.2	0.88739	2.30506	1.81072	0.2106	0.216088
3.205	0.888573	2.30992	1.80966	0.210272	0.21684
3.21	0.889751	2.31478	1.80861	0.209937	0.217581
3.215	0.890924	2.31964	1.80756	0.209594	0.218312
3.22	0.892092	2.3245	1.80651	0.209242	0.219034
3.225	0.893254	2.32936	1.80547	0.208883	0.219745
3.23	0.894412	2.33423	1.80442	0.208516	0.220446
3.235	0.895564	2.33909	1.80338	0.208142	0.221137
3.24	0.896712	2.34396	1.80234	0.20776	0.221818
3.245	0.897854	2.34883	1.8013	0.207371	0.22249
3.25	0.898991	2.3537	1.80026	0.206974	0.223152
3.255	0.900124	2.35857	1.79923	0.206571	0.223804
3.26	0.901251	2.36344	1.7982	0.20616	0.224446
3.265	0.902373	2.36831	1.79717	0.205742	0.225079
3.27	0.90349	2.37318	1.79614	0.205317	0.225702
3.275	0.904602	2.37806	1.79511	0.204885	0.226316
3.28	0.90571	2.38294	1.79409	0.204447	0.226921
3.285	0.906812	2.38781	1.79306	0.204002	0.227515
3.29	0.907909	2.39269	1.79204	0.20355	0.228101
3.295	0.909001	2.39757	1.79103	0.203092	0.228677
3.3	0.910089	2.40245	1.79001	0.202627	0.229244
3.305	0.911171	2.40733	1.789	0.202156	0.229802
3.31	0.912248	2.41221	1.78799	0.201679	0.230351
3.315	0.913321	2.4171	1.78698	0.201196	0.23089
3.32	0.914389	2.42198	1.78597	0.200706	0.231421
3.325	0.915451	2.42687	1.78497	0.200211	0.231942
3.33	0.916509	2.43176	1.78397	0.19971	0.232455
3.335	0.917562	2.43664	1.78297	0.199203	0.232958
3.34	0.91861	2.44153	1.78197	0.19869	0.233453
3.345	0.919653	2.44642	1.78098	0.198171	0.233939
3.35	0.920692	2.45131	1.77999	0.197647	0.234416
3.355	0.921725	2.4562	1.779	0.197117	0.234884
3.36	0.922754	2.4611	1.77802	0.196582	0.235344
3.365	0.923778	2.46599	1.77703	0.196042	0.235795
3.37	0.924797	2.47089	1.77605	0.195496	0.236237
3.375	0.925811	2.47578	1.77507	0.194945	0.236671
3.38	0.926821	2.48068	1.7741	0.194389	0.237096
3.385	0.927825	2.48558	1.77313	0.193828	0.237513
3.39	0.928825	2.49048	1.77216	0.193261	0.237921
3.395	0.929821	2.49538	1.77119	0.19269	0.238321
3.4	0.930811	2.50028	1.77023	0.192114	0.238713
3.405	0.931797	2.50518	1.76927	0.191533	0.239096
3.41	0.932778	2.51008	1.76831	0.190948	0.239471
3.415	0.933755	2.51499	1.76736	0.190357	0.239838
3.42	0.934727	2.51989	1.7664	0.189763	0.240197
3.425	0.935694	2.5248	1.76546	0.189163	0.240547
3.43	0.936656	2.5297	1.76451	0.18856	0.240889
3.435	0.937614	2.53461	1.76357	0.187951	0.241224
3.44	0.938567	2.53952	1.76263	0.187339	0.24155
3.445	0.939516	2.54443	1.76169	0.186722	0.241868
3.45	0.94046	2.54934	1.76076	0.186101	0.242179
3.455	0.9414	2.55425	1.75983	0.185476	0.242481
3.46	0.942335	2.55916	1.7589	0.184847	0.242776
3.465	0.943265	2.56407	1.75797	0.184214	0.243062
3.47	0.944191	2.56899	1.75705	0.183577	0.243341
3.475	0.945113	2.5739	1.75614	0.182936	0.243613
3.48	0.946029	2.57882	1.75522	0.182291	0.243876
3.485	0.946942	2.58373	1.75431	0.181643	0.244132
3.49	0.94785	2.58865	1.7534	0.180991	0.24438
3.495	0.948753	2.59357	1.7525	0.180335	0.244621
3.5	0.949652	2.59849	1.75159	0.179675	0.244854
3.505	0.950547	2.6034	1.7507	0.179012	0.245079
3.51	0.951437	2.60832	1.7498	0.178346	0.245297
3.515	0.952323	2.61325	1.74891	0.177676	0.245507
3.52	0.953205	2.61817	1.74802	0.177003	0.245711
3.525	0.954082	2.62309	1.74714	0.176327	0.245906
3.53	0.954955	2.62801	1.74625	0.175647	0.246095
3.535	0.955823	2.63294	1.74538	0.174964	0.246276
3.54	0.956687	2.63786	1.7445	0.174278	0.246449
3.545	0.957547	2.64279	1.74363	0.173589	0.246616
3.55	0.958403	2.64771	1.74276	0.172897	0.246775
3.555	0.959254	2.65264	1.7419	0.172202	0.246927
3.56	0.960101	2.65757	1.74104	0.171504	0.247072
3.565	0.960944	2.6625	1.74018	0.170803	0.24721
3.57	0.961783	2.66743	1.73933	0.1701	0.247341
3.575	0.962617	2.67236	1.73847	0.169393	0.247464
3.58	0.963447	2.67729	1.73763	0.168684	0.247581
3.585	0.964274	2.68222	1.73678	0.167973	0.247691
3.59	0.965096	2.68715	1.73594	0.167258	0.247793
3.595	0.965913	2.69208	1.73511	0.166542	0.247889
3.6	0.966727	2.69702	1.73428	0.165822	0.247978
3.605	0.967537	2.70195	1.73345	0.165101	0.24806
3.61	0.968342	2.70688	1.73262	0.164377	0.248135
3.615	0.969144	2.71182	1.7318	0.16365	0.248204
3.62	0.969941	2.71676	1.73098	0.162921	0.248265
3.625	0.970735	2.72169	1.73017	0.162191	0.24832
3.63	0.971524	2.72663	1.72936	0.161457	0.248368
3.635	0.97231	2.73157	1.72855	0.160722	0.24841
3.64	0.973091	2.73651	1.72774	0.159985	0.248445
3.645	0.973869	2.74145	1.72694	0.159245	0.248473
3.65	0.974643	2.74638	1.72615	0.158504	0.248495
3.655	0.975412	2.75133	1.72536	0.15776	0.24851
3.66	0.976178	2.75627	1.72457	0.157015	0.248519
3.665	0.97694	2.76121	1.72378	0.156268	0.248521
3.67	0.977698	2.76615	1.723	0.155519	0.248516
3.675	0.978452	2.77109	1.72222	0.154768	0.248506
3.68	0.979203	2.77604	1.72145	0.154016	0.248488
3.685	0.97995	2.78098	1.72068	0.153262	0.248465
3.69	0.980692	2.78592	1.71991	0.152506	0.248435
3.695	0.981431	2.79087	1.71915	0.151748	0.248399
3.7	0.982167	2.79582	1.71839	0.15099	0.248356
3.705	0.982898	2.80076	1.71764	0.150229	0.248307
3.71	0.983626	2.80571	1.71689	0.149467	0.248252
3.715	0.98435	2.81066	1.71614	0.148704	0.248191
3.72	0.985071	2.8156	1.71539	0.147939	0.248123
3.725	0.985788	2.82055	1.71465	0.147173	0.24805
3.73	0.986501	2.8255	1.71392	0.146406	0.24797
3.735	0.98721	2.83045	1.71319	0.145637	0.247884
3.74	0.987916	2.8354	1.71246	0.144868	0.247792
3.745	0.988619	2.84035	1.71173	0.144097	0.247694
3.75	0.989317	2.8453	1.71101	0.143325	0.24759
3.755	0.990013	2.85025	1.7103	0.142552	0.24748
3.76	0.990704	2.8552	1.70958	0.141778	0.247364
3.765	0.991393	2.86016	1.70888	0.141003	0.247242
3.77	0.992077	2.86511	1.70817	0.140227	0.247114
3.775	0.992758	2.87006	1.70747	0.13945	0.24698
3.78	0.993436	2.87502	1.70677	0.138672	0.24684
3.785	0.994111	2.87997	1.70608	0.137893	0.246695
3.79	0.994782	2.88493	1.70539	0.137114	0.246543
3.795	0.995449	2.88988	1.7047	0.136333	0.246386
3.8	0.996113	2.89484	1.70402	0.135552	0.246223
3.805	0.996774	2.89979	1.70334	0.134771	0.246054
3.81	0.997431	2.90475	1.70267	0.133989	0.24588
3.815	0.998086	2.90971	1.702	0.133206	0.2457
3.82	0.998736	2.91466	1.70133	0.132422	0.245514
3.825	0.999384	2.91962	1.70067	0.131638	0.245322
3.83	1.00003	2.92458	1.70001	0.130854	0.245125
3.835	1.00067	2.92954	1.69936	0.130069	0.244922
3.84	1.00131	2.9345	1.69871	0.129284	0.244714
3.845	1.00194	2.93946	1.69806	0.128498	0.2445
3.85	1.00257	2.94442	1.69742	0.127712	0.24428
3.855	1.0032	2.94938	1.69678	0.126926	0.244055
3.86	1.00383	2.95434	1.69615	0.12614	0.243825
3.865	1.00445	2.9593	1.69552	0.125353	0.243588
3.87	1.00507	2.96426	1.69489	0.124566	0.243347
3.875	1.00568	2.96922	1.69427	0.123779	0.2431
3.88	1.0063	2.97419	1.69365	0.122992	0.242848
3.885	1.00691	2.97915	1.69303	0.122204	0.24259
3.89	1.00751	2.98411	1.69242	0.121417	0.242327
3.895	1.00812	2.98908	1.69182	0.12063	0.242058
3.9	1.00872	2.99404	1.69121	0.119843	0.241784
3.905	1.00931	2.999	1.69061	0.119055	0.241505
3.91	1.00991	3.00397	1.69002	0.118268	0.241221
3.915	1.0105	3.00893	1.68943	0.117481	0.240931
3.92	1.01109	3.0139	1.68884	0.116695	0.240636
3.925	1.01168	3.01886	1.68826	0.115908	0.240336
3.93	1.01226	3.02383	1.68768	0.115122	0.24003
3.935	1.01284	3.0288	1.6871	0.114336	0.23972
3.94	1.01342	3.03376	1.68653	0.11355	0.239404
3.945	1.01399	3.03873	1.68596	0.112765	0.239083
3.95	1.01456	3.0437	1.6854	0.11198	0.238757
3.955	1.01513	3.04866	1.68484	0.111195	0.238426
3.96	1.0157	3.05363	1.68428	0.110411	0.23809
3.965	1.01626	3.0586	1.68373	0.109627	0.237748
3.97	1.01682	3.06357	1.68318	0.108844	0.237402
3.975	1.01738	3.06854	1.68264	0.108062	0.237051
3.98	1.01794	3.07351	1.6821	0.10728	0.236694
3.985	1.01849	3.07848	1.68156	0.106498	0.236333
3.99	1.01904	3.08345	1.68103	0.105717	0.235966
3.995	1.01959	3.08841	1.6805	0.104937	0.235595
4	1.02013	3.09339	1.67997	0.104158	0.235219
4.005	1.02067	3.09836	1.67945	0.103379	0.234838
4.01	1.02121	3.10333	1.67894	0.102602	0.234452
4.015	1.02175	3.1083	1.67842	0.101825	0.234061
4.02	1.02228	3.11327	1.67791	0.101048	0.233665
4.025	1.02282	3.11824	1.67741	0.100273	0.233264
4.03	1.02335	3.12321	1.67691	0.0994987	0.232859
4.035	1.02387	3.12818	1.67641	0.0987252	0.232448
4.04	1.0244	3.13316	1.67592	0.0979528	0.232033
4.045	1.02492	3.13813	1.67543	0.0971813	0.231613
4.05	1.02544	3.1431	1.67494	0.0964108	0.231189
4.055	1.02596	3.14808	1.67446	0.0956414	0.230759
4.06	1.02647	3.15305	1.67398	0.0948732	0.230325
4.065	1.02698	3.15802	1.67351	0.094106	0.229886
4.07	1.02749	3.163	1.67304	0.09334	0.229443
4.075	1.028	3.16797	1.67257	0.0925752	0.228995
4.08	1.02851	3.17295	1.67211	0.0918116	0.228542
4.085	1.02901	3.17792	1.67165	0.0910492	0.228084
4.09	1.02951	3.18289	1.67119	0.0902881	0.227622
4.095	1.03001	3.18787	1.67074	0.0895284	0.227156
4.1	1.03051	3.19284	1.67029	0.08877	0.226684
4.105	1.031	3.19782	1.66985	0.0880129	0.226209
4.11	1.03149	3.2028	1.66941	0.0872573	0.225728
4.115	1.03198	3.20777	1.66897	0.086503	0.225243
4.12	1.03247	3.21275	1.66854	0.0857503	0.224754
4.125	1.03296	3.21772	1.66811	0.084999	0.22426
4.13	1.03344	3.2227	1.66769	0.0842492	0.223761
4.135	1.03392	3.22768	1.66727	0.083501	0.223258
4.14	1.0344	3.23265	1.66685	0.0827544	0.222751
4.145	1.03488	3.23763	1.66643	0.0820094	0.222239
4.15	1.03536	3.24261	1.66602	0.081266	0.221723
4.155	1.03583	3.24759	1.66562	0.0805243	0.221202
4.16	1.0363	3.25256	1.66521	0.0797842	0.220677
4.165	1.03677	3.25754	1.66482	0.0790459	0.220148
4.17	1.03724	3.26252	1.66442	0.0783094	0.219614
4.175	1.0377	3.2675	1.66403	0.0775746	0.219076
4.18	1.03817	3.27248	1.66364	0.0768416	0.218533
4.185	1.03863	3.27746	1.66326	0.0761105	0.217987
4.19	1.03909	3.28243	1.66288	0.0753813	0.217435
4.195	1.03955	3.28741	1.6625	0.0746539	0.21688
4.2	1.04	3.29239	1.66213	0.0739284	0.21632
4.205	1.04046	3.29737	1.66176	0.0732049	0.215756
4.21	1.04091	3.30235	1.66139	0.0724834	0.215188
4.215	1.04136	3.30733	1.66103	0.0717639	0.214616
4.22	1.04181	3.31231	1.66067	0.0710464	0.214039
4.225	1.04226	3.31729	1.66031	0.070331	0.213458
4.23	1.0427	3.32227	1.65996	0.0696176	0.212873
4.235	1.04314	3.32725	1.65961	0.0689064	0.212284
4.24	1.04359	3.33223	1.65927	0.0681973	0.211691
4.245	1.04403	3.33721	1.65893	0.0674904	0.211093
4.25	1.04446	3.34219	1.65859	0.0667857	0.210492
4.255	1.0449	3.34717	1.65826	0.0660832	0.209886
4.26	1.04534	3.35216	1.65793	0.065383	0.209276
4.265	1.04577	3.35714	1.6576	0.064685	0.208662
4.27	1.0462	3.36212	1.65728	0.0639893	0.208044
4.275	1.04663	3.3671	1.65696	0.063296	0.207422
4.28	1.04706	3.37208	1.65664	0.062605	0.206796
4.285	1.04749	3.37706	1.65633	0.0619164	0.206166
4.29	1.04791	3.38204	1.65602	0.0612302	0.205532
4.295	1.04834	3.38703	1.65571	0.0605465	0.204894
4.3	1.04876	3.39201	1.65541	0.0598652	0.204251
4.305	1.04918	3.39699	1.65511	0.0591864	0.203605
4.31	1.0496	3.40197	1.65481	0.0585101	0.202955
4.315	1.05002	3.40696	1.65452	0.0578363	0.202301
4.32	1.05044	3.41194	1.65423	0.0571651	0.201643
4.325	1.05085	3.41692	1.65395	0.0564965	0.200981
4.33	1.05126	3.4219	1.65366	0.0558305	0.200315
4.335	1.05168	3.42689	1.65338	0.0551672	0.199645
4.34	1.05209	3.43187	1.65311	0.0545065	0.198972
4.345	1.0525	3.43685	1.65284	0.0538485	0.198294
4.35	1.05291	3.44184	1.65257	0.0531932	0.197613
4.355	1.05331	3.44682	1.6523	0.0525407	0.196928
4.36	1.05372	3.4518	1.65204	0.0518909	0.196239
4.365	1.05412	3.45679	1.65178	0.051244	0.195546
4.37	1.05453	3.46177	1.65152	0.0505998	0.194849
4.375	1.05493	3.46675	1.65127	0.0499585	0.194149
4.38	1.05533	3.47174	1.65102	0.04932	0.193444
4.385	1.05573	3.47672	1.65077	0.0486844	0.192736
4.39	1.05613	3.48171	1.65053	0.0480518	0.192025
4.395	1.05652	3.48669	1.65029	0.047422	0.191309
4.4	1.05692	3.49167	1.65005	0.0467953	0.19059
4.405	1.05731	3.49666	1.64982	0.0461715	0.189867
4.41	1.05771	3.50164	1.64959	0.0455507	0.18914
4.415	1.0581	3.50663	1.64936	0.044933	0.18841
4.42	1.05849	3.51161	1.64913	0.0443183	0.187675
4.425	1.05888	3.5166	1.64891	0.0437067	0.186938
4.43	1.05927	3.52158	1.64869	0.0430982	0.186196
4.435	1.05966	3.52657	1.64848	0.0424928	0.185451
4.44	1.06005	3.53155	1.64827	0.0418906	0.184702
4.445	1.06043	3.53654	1.64806	0.0412915	0.18395
4.45	1.06082	3.54152	1.64785	0.0406956	0.183194
4.455	1.0612	3.54651	1.64765	0.040103	0.182435
4.46	1.06158	3.55149	1.64745	0.0395136	0.181671
4.465	1.06197	3.55648	1.64725	0.0389275	0.180905
4.47	1.06235	3.56146	1.64705	0.0383446	0.180134
4.475	1.06273	3.56645	1.64686	0.037765	0.179361
4.48	1.06311	3.57144	1.64667	0.0371888	0.178583
4.485	1.06348	3.57642	1.64649	0.036616	0.177802
4.49	1.06386	3.58141	1.64631	0.0360465	0.177018
4.495	1.06424	3.58639	1.64612	0.0354804	0.17623
4.5	1.06461	3.59138	1.64595	0.0349177	0.175439
4.505	1.06499	3.59636	1.64577	0.0343585	0.174644
4.51	1.06536	3.60135	1.6456	0.0338027	0.173845
4.515	1.06573	3.60634	1.64543	0.0332504	0.173043
4.52	1.06611	3.61132	1.64527	0.0327016	0.172238
4.525	1.06648	3.61631	1.6451	0.0321563	0.171429
4.53	1.06685	3.6213	1.64494	0.0316146	0.170617
4.535	1.06722	3.62628	1.64478	0.0310765	0.169802
4.54	1.06759	3.63127	1.64463	0.0305419	0.168983
4.545	1.06795	3.63625	1.64448	0.030011	0.16816
4.55	1.06832	3.64124	1.64433	0.0294837	0.167335
4.555	1.06869	3.64623	1.64418	0.02896	0.166506
4.56	1.06905	3.65121	1.64403	0.02844	0.165673
4.565	1.06942	3.6562	1.64389	0.0279237	0.164837
4.57	1.06978	3.66119	1.64375	0.0274111	0.163998
4.575	1.07015	3.66617	1.64361	0.0269023	0.163156
4.58	1.07051	3.67116	1.64348	0.0263972	0.16231
4.585	1.07087	3.67615	1.64335	0.0258959	0.161461
4.59	1.07123	3.68113	1.64322	0.0253984	0.160609
4.595	1.07159	3.68612	1.64309	0.0249046	0.159753
4.6	1.07196	3.69111	1.64297	0.0244148	0.158894
4.605	1.07232	3.6961	1.64284	0.0239287	0.158032
4.61	1.07267	3.70108	1.64273	0.0234466	0.157166
4.615	1.07303	3.70607	1.64261	0.0229683	0.156298
4.62	1.07339	3.71106	1.64249	0.022494	0.155426
4.625	1.07375	3.71604	1.64238	0.0220235	0.154551
4.63	1.07411	3.72103	1.64227	0.0215571	0.153673
4.635	1.07446	3.72602	1.64216	0.0210945	0.152791
4.64	1.07482	3.73101	1.64206	0.020636	0.151907
4.645	1.07517	3.73599	1.64195	0.0201815	0.151019
4.65	1.07553	3.74098	1.64185	0.019731	0.150128
4.655	1.07588	3.74597	1.64175	0.0192845	0.149234
4.66	1.07624	3.75096	1.64166	0.0188421	0.148337
4.665	1.07659	3.75594	1.64156	0.0184038	0.147436
4.67	1.07694	3.76093	1.64147	0.0179696	0.146533
4.675	1.0773	3.76592	1.64138	0.0175395	0.145626
4.68	1.07765	3.77091	1.64129	0.0171135	0.144717
4.685	1.078	3.77589	1.64121	0.0166916	0.143804
4.69	1.07835	3.78088	1.64113	0.016274	0.142888
4.695	1.0787	3.78587	1.64104	0.0158605	0.141969
4.7	1.07905	3.79086	1.64096	0.0154512	0.141048
4.705	1.0794	3.79584	1.64089	0.0150461	0.140123
4.71	1.07975	3.80083	1.64081	0.0146453	0.139195
4.715	1.0801	3.80582	1.64074	0.0142487	0.138264
4.72	1.08045	3.81081	1.64067	0.0138564	0.13733
4.725	1.0808	3.8158	1.6406	0.0134683	0.136393
4.73	1.08115	3.82078	1.64053	0.0130846	0.135453
4.735	1.0815	3.82577	1.64047	0.0127052	0.13451
4.74	1.08185	3.83076	1.6404	0.0123301	0.133564
4.745	1.08219	3.83575	1.64034	0.0119593	0.132615
4.75	1.08254	3.84073	1.64028	0.011593	0.131664
4.755	1.08289	3.84572	1.64022	0.011231	0.130709
4.76	1.08323	3.85071	1.64017	0.0108733	0.129751
4.765	1.08358	3.8557	1.64011	0.0105202	0.128791
4.77	1.08393	3.86069	1.64006	0.0101714	0.127828
4.775	1.08427	3.86567	1.64001	0.00982706	0.126861
4.78	1.08462	3.87066	1.63996	0.00948719	0.125892
4.785	1.08496	3.87565	1.63991	0.00915179	0.12492
4.79	1.08531	3.88064	1.63987	0.00882088	0.123946
4.795	1.08565	3.88563	1.63982	0.00849447	0.122968
4.8	1.086	3.89061	1.63978	0.00817257	0.121987
4.805	1.08634	3.8956	1.63974	0.0078552	0.121004
4.81	1.08669	3.90059	1.6397	0.00754238	0.120018
4.815	1.08703	3.90558	1.63966	0.00723411	0.119029
4.82	1.08737	3.91057	1.63963	0.00693041	0.118037
4.825	1.08772	3.91556	1.63959	0.00663131	0.117043
4.83	1.08806	3.92054	1.63956	0.00633679	0.116046
4.835	1.0884	3.92553	1.63953	0.0060469	0.115046
4.84	1.08875	3.93052	1.6395	0.00576163	0.114043
4.845	1.08909	3.93551	1.63947	0.00548099	0.113038
4.85	1.08943	3.9405	1.63944	0.00520501	0.112029
4.855	1.08978	3.94548	1.63941	0.0049337	0.111018
4.86	1.09012	3.95047	1.63939	0.00466706	0.110005
4.865	1.09046	3.95546	1.63937	0.00440511	0.108989
4.87	1.0908	3.96045	1.63934	0.00414787	0.10797
4.875	1.09115	3.96544	1.63932	0.00389534	0.106948
4.88	1.09149	3.97043	1.6393	0.00364755	0.105924
4.885	1.09183	3.97541	1.63929	0.00340449	0.104897
4.89	1.09217	3.9804	1.63927	0.00316618	0.103867
4.895	1.09251	3.98539	1.63925	0.00293264	0.102835
4.9	1.09286	3.99038	1.63924	0.00270387	0.1018
4.905	1.0932	3.99537	1.63922	0.00247989	0.100763
4.91	1.09354	4.00036	1.63921	0.0022607	0.0997231
4.915	1.09388	4.00534	1.6392	0.00204633	0.0986805
4.92	1.09422	4.01033	1.63919	0.00183678	0.0976354
4.925	1.09457	4.01532	1.63918	0.00163206	0.0965877
4.93	1.09491	4.02031	1.63917	0.00143218	0.0955375
4.935	1.09525	4.0253	1.63917	0.00123716	0.0944848
4.94	1.09559	4.03029	1.63916	0.00104699	0.0934295
4.945	1.09593	4.03527	1.63915	0.000861707	0.0923717
4.95	1.09627	4.04026	1.63915	0.000681303	0.0913114
4.955	1.09661	4.04525	1.63915	0.000505795	0.0902486
4.96	1.09696	4.05024	1.63914	0.00033519	0.0891833
4.965	1.0973	4.05523	1.63914	0.000169499	0.0881156
4.97	1.09764	4.06022	1.63914	8.73154e-006	0.0870454
4.975	1.09798	4.0652	1.63914	-0.000147103	0.0859728
4.98	1.09832	4.07019	1.63914	-0.000297995	0.0848977
4.985	1.09866	4.07518	1.63914	-0.000443935	0.0838201
4.99	1.09901	4.08017	1.63915	-0.000584915	0.0827402
4.995	1.09935	4.08516	1.63915	-0.000720925	0.0816579
5	1.09969	4.09015	1.63915	-0.000851957	0.0805731
5.005	1.10003	4.09513	1.63916	-0.000978002	0.079486
5.01	1.10037	4.10012	1.63916	-0.00109905	0.0783965
5.015	1.10071	4.10511	1.63917	-0.0012151	0.0773047
5.02	1.10105	4.1101	1.63917	-0.00132613	0.0762105
5.025	1.1014	4.11509	1.63918	-0.00143215	0.075114
5.03	1.10174	4.12008	1.63919	-0.00153314	0.0740151
5.035	1.10208	4.12506	1.63919	-0.00162909	0.0729139
5.04	1.10242	4.13005	1.6392	-0.00172	0.0718104
5.045	1.10276	4.13504	1.63921	-0.00180586	0.0707046
5.05	1.1031	4.14003	1.63922	-0.00188666	0.0695965
5.055	1.10345	4.14502	1.63923	-0.0019624	0.0684862
5.06	1.10379	4.15001	1.63924	-0.00203306	0.0673736
5.065	1.10413	4.15499	1.63925	-0.00209865	0.0662587
5.07	1.10447	4.15998	1.63926	-0.00215916	0.0651416
5.075	1.10481	4.16497	1.63927	-0.00221457	0.0640223
5.08	1.10516	4.16996	1.63928	-0.00226488	0.0629007
5.085	1.1055	4.17495	1.63929	-0.00231009	0.061777
5.09	1.10584	4.17994	1.63931	-0.00235019	0.060651
5.095	1.10618	4.18492	1.63932	-0.00238517	0.0595229
5.1	1.10653	4.18991	1.63933	-0.00241504	0.0583926
5.105	1.10687	4.1949	1.63934	-0.00243977	0.0572601
5.11	1.10721	4.19989	1.63935	-0.00245937	0.0561255
5.115	1.10755	4.20488	1.63937	-0.00247383	0.0549887
5.12	1.1079	4.20986	1.63938	-0.00248315	0.0538498
5.125	1.10824	4.21485	1.63939	-0.00248733	0.0527088
5.13	1.10858	4.21984	1.6394	-0.00248635	0.0515657
5.135	1.10892	4.22483	1.63942	-0.00248021	0.0504204
5.14	1.10927	4.22982	1.63943	-0.0024689	0.0492731
5.145	1.10961	4.23481	1.63944	-0.00245243	0.0481237
5.15	1.10995	4.23979	1.63945	-0.00243079	0.0469723
5.155	1.1103	4.24478	1.63946	-0.00240398	0.0458188
5.16	1.11064	4.24977	1.63948	-0.00237198	0.0446633
5.165	1.11098	4.25476	1.63949	-0.0023348	0.0435057
5.17	1.11133	4.25975	1.6395	-0.00229244	0.0423461
5.175	1.11167	4.26474	1.63951	-0.00224488	0.0411845
5.18	1.11201	4.26972	1.63952	-0.00219213	0.040021
5.185	1.11236	4.27471	1.63953	-0.00213419	0.0388554
5.19	1.1127	4.2797	1.63954	-0.00207104	0.0376878
5.195	1.11304	4.28469	1.63955	-0.00200269	0.0365183
5.2	1.11339	4.28968	1.63956	-0.00192913	0.0353469
5.205	1.11373	4.29466	1.63957	-0.00185036	0.0341735
5.21	1.11407	4.29965	1.63958	-0.00176639	0.0329982
5.215	1.11442	4.30464	1.63959	-0.00167719	0.031821
5.22	1.11476	4.30963	1.6396	-0.00158279	0.0306418
5.225	1.11511	4.31462	1.63961	-0.00148316	0.0294608
5.23	1.11545	4.31961	1.63962	-0.00137831	0.0282779
5.235	1.11579	4.32459	1.63962	-0.00126825	0.0270931
5.24	1.11614	4.32958	1.63963	-0.00115295	0.0259064
5.245	1.11648	4.33457	1.63963	-0.00103244	0.0247179
5.25	1.11682	4.33956	1.63964	-0.000906691	0.0235276
5.255	1.11717	4.34455	1.63964	-0.000775719	0.0223355
5.26	1.11751	4.34953	1.63965	-0.000639518	0.0211415
5.265	1.11786	4.35452	1.63965	-0.000498086	0.0199457
5.27	1.1182	4.35951	1.63965	-0.000351423	0.0187482
5.275	1.11854	4.3645	1.63966	-0.000199529	0.0175488
5.28	1.11889	4.36949	1.63966	-4.24017e-005	0.0163477
5.285	1.11923	4.37447	1.63966	0.000119958	0.0151449
5.29	1.11958	4.37946	1.63966	0.000287551	0.0139403
5.295	1.11992	4.38445	1.63966	0.000460377	0.0127339
5.3	1.12027	4.38944	1.63965	0.000638437	0.0115259
5.305	1.12061	4.39443	1.63965	0.000821729	0.0103161
5.31	1.12095	4.39942	1.63965	0.00101026	0.00910461
5.315	1.1213	4.4044	1.63964	0.00120401	0.00789146
5.32	1.12164	4.40939	1.63963	0.001403	0.00667662
5.325	1.12198	4.41438	1.63963	0.00160723	0.00546013
5.33	1.12233	4.41937	1.63962	0.00181668	0.00424198
5.335	1.12267	4.42436	1.63961	0.00203136	0.00302219
5.34	1.12302	4.42934	1.6396	0.00225128	0.00180077
5.345	1.12336	4.43433	1.63959	0.00247641	0.000577739
5.35	1.1237	4.43932	1.63958	0.00270678	-0.000646901
5.355	1.12405	4.44431	1.63956	0.00294237	-0.00187314
5.36	1.12439	4.4493	1.63955	0.00318319	-0.00310095
5.365	1.12473	4.45429	1.63953	0.00342922	-0.00433034
5.37	1.12508	4.45927	1.63952	0.00368048	-0.00556128
5.375	1.12542	4.46426	1.6395	0.00393695	-0.00679378
5.38	1.12576	4.46925	1.63948	0.00419865	-0.0080278
5.385	1.12611	4.47424	1.63946	0.00446555	-0.00926336
5.39	1.12645	4.47923	1.63943	0.00473767	-0.0105004
5.395	1.12679	4.48421	1.63941	0.00501499	-0.011739
5.4	1.12714	4.4892	1.63938	0.00529753	-0.012979
5.405	1.12748	4.49419	1.63936	0.00558526	-0.0142206
5.41	1.12782	4.49918	1.63933	0.0058782	-0.0154636
5.415	1.12816	4.50417	1.6393	0.00617634	-0.016708
5.42	1.1285	4.50916	1.63927	0.00647967	-0.0179539
5.425	1.12885	4.51414	1.63924	0.00678819	-0.0192012
5.43	1.12919	4.51913	1.6392	0.0071019	-0.0204499
5.435	1.12953	4.52412	1.63917	0.0074208	-0.0217001
5.44	1.12987	4.52911	1.63913	0.00774488	-0.0229516
5.445	1.13021	4.5341	1.63909	0.00807414	-0.0242045
5.45	1.13055	4.53909	1.63905	0.00840857	-0.0254588
5.455	1.13089	4.54407	1.63901	0.00874817	-0.0267144
5.46	1.13123	4.54906	1.63897	0.00909294	-0.0279714
5.465	1.13158	4.55405	1.63892	0.00944288	-0.0292298
5.47	1.13192	4.55904	1.63887	0.00979797	-0.0304894
5.475	1.13226	4.56403	1.63882	0.0101582	-0.0317503
5.48	1.13259	4.56902	1.63877	0.0105236	-0.0330126
5.485	1.13293	4.574	1.63872	0.0108942	-0.0342761
5.49	1.13327	4.57899	1.63867	0.0112698	-0.0355409
5.495	1.13361	4.58398	1.63861	0.0116507	-0.036807
5.5	1.13395	4.58897	1.63855	0.0120366	-0.0380743
5.505	1.13429	4.59396	1.63849	0.0124277	-0.0393429
5.51	1.13463	4.59895	1.63843	0.0128239	-0.0406127
5.515	1.13496	4.60394	1.63837	0.0132252	-0.0418837
5.52	1.1353	4.60892	1.6383	0.0136316	-0.0431559
5.525	1.13564	4.61391	1.63823	0.0140431	-0.0444293
5.53	1.13597	4.6189	1.63816	0.0144598	-0.0457039
5.535	1.13631	4.62389	1.63809	0.0148815	-0.0469796
5.54	1.13665	4.62888	1.63801	0.0153083	-0.0482565
5.545	1.13698	4.63387	1.63794	0.0157402	-0.0495345
5.55	1.13732	4.63886	1.63786	0.0161772	-0.0508137
5.555	1.13765	4.64385	1.63778	0.0166192	-0.0520939
5.56	1.13799	4.64883	1.6377	0.0170663	-0.0533753
5.565	1.13832	4.65382	1.63761	0.0175185	-0.0546578
5.57	1.13865	4.65881	1.63752	0.0179757	-0.0559413
5.575	1.13899	4.6638	1.63743	0.018438	-0.057226
5.58	1.13932	4.66879	1.63734	0.0189053	-0.0585116
5.585	1.13965	4.67378	1.63725	0.0193776	-0.0597983
5.59	1.13998	4.67877	1.63715	0.019855	-0.0610861
5.595	1.14031	4.68376	1.63705	0.0203374	-0.0623749
5.6	1.14064	4.68875	1.63695	0.0208248	-0.0636646
5.605	1.14097	4.69374	1.63684	0.0213172	-0.0649554
5.61	1.1413	4.69872	1.63674	0.0218146	-0.0662472
5.615	1.14163	4.70371	1.63663	0.022317	-0.0675399
5.62	1.14196	4.7087	1.63652	0.0228243	-0.0688335
5.625	1.14229	4.71369	1.6364	0.0233367	-0.0701282
5.63	1.14262	4.71868	1.63629	0.023854	-0.0714237
5.635	1.14294	4.72367	1.63617	0.0243763	-0.0727202
5.64	1.14327	4.72866	1.63604	0.0249036	-0.0740176
5.645	1.14359	4.73365	1.63592	0.0254358	-0.0753158
5.65	1.14392	4.73864	1.63579	0.0259729	-0.076615
5.655	1.14424	4.74363	1.63566	0.026515	-0.077915
5.66	1.14457	4.74862	1.63553	0.027062	-0.0792159
5.665	1.14489	4.75361	1.6354	0.0276139	-0.0805176
5.67	1.14521	4.7586	1.63526	0.0281707	-0.0818202
5.675	1.14553	4.76359	1.63512	0.0287324	-0.0831236
5.68	1.14585	4.76858	1.63497	0.029299	-0.0844278
5.685	1.14617	4.77357	1.63483	0.0298705	-0.0857327
5.69	1.14649	4.77856	1.63468	0.0304469	-0.0870385
5.695	1.14681	4.78355	1.63452	0.0310281	-0.088345
5.7	1.14713	4.78854	1.63437	0.0316142	-0.0896523
5.705	1.14745	4.79353	1.63421	0.0322052	-0.0909604
5.71	1.14776	4.79852	1.63405	0.032801	-0.0922691
5.715	1.14808	4.80351	1.63389	0.0334016	-0.0935786
5.72	1.14839	4.8085	1.63372	0.034007	-0.0948888
5.725	1.1487	4.81349	1.63355	0.0346173	-0.0961997
5.73	1.14902	4.81848	1.63338	0.0352324	-0.0975112
5.735	1.14933	4.82347	1.6332	0.0358523	-0.0988235
5.74	1.14964	4.82846	1.63302	0.0364769	-0.100136
5.745	1.14995	4.83345	1.63284	0.0371064	-0.10145
5.75	1.15026	4.83844	1.63265	0.0377406	-0.102764
5.755	1.15057	4.84343	1.63246	0.0383796	-0.104079
5.76	1.15087	4.84842	1.63227	0.0390233	-0.105394
5.765	1.15118	4.85341	1.63208	0.0396718	-0.10671
5.77	1.15149	4.8584	1.63188	0.040325	-0.108027
5.775	1.15179	4.86339	1.63168	0.040983	-0.109344
5.78	1.15209	4.86838	1.63147	0.0416456	-0.110661
5.785	1.1524	4.87337	1.63126	0.042313	-0.11198
5.79	1.1527	4.87836	1.63105	0.042985	-0.113298
5.795	1.153	4.88335	1.63084	0.0436618	-0.114618
5.8	1.1533	4.88835	1.63062	0.0443432	-0.115937
5.805	1.15359	4.89334	1.6304	0.0450293	-0.117258
5.81	1.15389	4.89833	1.63017	0.0457201	-0.118578
5.815	1.15419	4.90332	1.62994	0.0464155	-0.119899
5.82	1.15448	4.90831	1.62971	0.0471155	-0.121221
5.825	1.15477	4.9133	1.62948	0.0478202	-0.122543
5.83	1.15507	4.91829	1.62924	0.0485295	-0.123866
5.835	1.15536	4.92328	1.62899	0.0492434	-0.125188
5.84	1.15565	4.92828	1.62875	0.0499619	-0.126512
5.845	1.15593	4.93327	1.6285	0.050685	-0.127835
5.85	1.15622	4.93826	1.62824	0.0514127	-0.129159
5.855	1.15651	4.94325	1.62799	0.0521449	-0.130484
5.86	1.15679	4.94824	1.62773	0.0528817	-0.131808
5.865	1.15707	4.95324	1.62746	0.0536231	-0.133134
5.87	1.15736	4.95823	1.62719	0.0543689	-0.134459
5.875	1.15764	4.96322	1.62692	0.0551194	-0.135785
5.88	1.15792	4.96821	1.62665	0.0558743	-0.13711
5.885	1.15819	4.9732	1.62637	0.0566337	-0.138437
5.89	1.15847	4.9782	1.62608	0.0573977	-0.139763
5.895	1.15874	4.98319	1.6258	0.0581661	-0.14109
5.9	1.15902	4.98818	1.62551	0.058939	-0.142417
5.905	1.15929	4.99317	1.62521	0.0597164	-0.143744
5.91	1.15956	4.99817	1.62491	0.0604982	-0.145071
5.915	1.15983	5.00316	1.62461	0.0612845	-0.146399
5.92	1.1601	5.00815	1.6243	0.0620752	-0.147727
5.925	1.16036	5.01315	1.62399	0.0628704	-0.149055
5.93	1.16063	5.01814	1.62368	0.0636699	-0.150383
5.935	1.16089	5.02313	1.62336	0.0644739	-0.151711
5.94	1.16115	5.02812	1.62304	0.0652822	-0.153039
5.945	1.16141	5.03312	1.62271	0.0660949	-0.154368
5.95	1.16167	5.03811	1.62238	0.066912	-0.155696
5.955	1.16192	5.0431	1.62205	0.0677335	-0.157025
5.96	1.16218	5.0481	1.62171	0.0685593	-0.158354
5.965	1.16243	5.05309	1.62137	0.0693895	-0.159683
5.97	1.16268	5.05809	1.62102	0.0702239	-0.161011
5.975	1.16293	5.06308	1.62067	0.0710627	-0.16234
5.98	1.16318	5.06807	1.62031	0.0719058	-0.163669
5.985	1.16342	5.07307	1.61995	0.0727532	-0.164998
5.99	1.16367	5.07806	1.61959	0.0736049	-0.166327
5.995	1.16391	5.08305	1.61922	0.0744609	-0.167656
6	1.16415	5.08805	1.61885	0.0753211	-0.168984
6.005	1.16439	5.09304	1.61847	0.0761856	-0.170313
6.01	1.16463	5.09804	1.61809	0.0770543	-0.171642
6.015	1.16486	5.10303	1.61771	0.0779272	-0.17297
6.02	1.16509	5.10803	1.61732	0.0788044	-0.174299
6.025	1.16532	5.11302	1.61692	0.0796858	-0.175627
6.03	1.16555	5.11802	1.61652	0.0805713	-0.176955
6.035	1.16578	5.12301	1.61612	0.0814611	-0.178283
6.04	1.166	5.12801	1.61571	0.082355	-0.179611
6.045	1.16623	5.133	1.6153	0.0832531	-0.180939
6.05	1.16645	5.138	1.61489	0.0841554	-0.182267
6.055	1.16666	5.14299	1.61447	0.0850618	-0.183594
6.06	1.16688	5.14799	1.61404	0.0859723	-0.184921
6.065	1.16709	5.15298	1.61361	0.0868869	-0.186248
6.07	1.16731	5.15798	1.61318	0.0878057	-0.187575
6.075	1.16752	5.16297	1.61274	0.0887286	-0.188901
6.08	1.16772	5.16797	1.61229	0.0896555	-0.190227
6.085	1.16793	5.17297	1.61184	0.0905865	-0.191553
6.09	1.16813	5.17796	1.61139	0.0915216	-0.192879
6.095	1.16833	5.18296	1.61093	0.0924608	-0.194204
6.1	1.16853	5.18795	1.61047	0.093404	-0.195529
6.105	1.16873	5.19295	1.61001	0.0943512	-0.196854
6.11	1.16892	5.19795	1.60953	0.0953024	-0.198178
6.115	1.16911	5.20294	1.60906	0.0962577	-0.199502
6.12	1.1693	5.20794	1.60858	0.0972169	-0.200825
6.125	1.16949	5.21293	1.60809	0.0981802	-0.202148
6.13	1.16967	5.21793	1.6076	0.0991474	-0.203471
6.135	1.16985	5.22293	1.6071	0.100119	-0.204793
6.14	1.17003	5.22792	1.6066	0.101094	-0.206115
6.145	1.17021	5.23292	1.6061	0.102073	-0.207436
6.15	1.17038	5.23792	1.60559	0.103056	-0.208757
6.155	1.17055	5.24292	1.60507	0.104043	-0.210077
6.16	1.17072	5.24791	1.60455	0.105034	-0.211397
6.165	1.17089	5.25291	1.60403	0.106028	-0.212716
6.17	1.17105	5.25791	1.6035	0.107027	-0.214034
6.175	1.17121	5.2629	1.60296	0.10803	-0.215353
6.18	1.17137	5.2679	1.60242	0.109036	-0.21667
6.185	1.17152	5.2729	1.60188	0.110046	-0.217987
6.19	1.17168	5.2779	1.60132	0.11106	-0.219303
6.195	1.17183	5.2829	1.60077	0.112078	-0.220619
6.2	1.17197	5.28789	1.60021	0.1131	-0.221934
6.205	1.17212	5.29289	1.59964	0.114126	-0.223248
6.21	1.17226	5.29789	1.59907	0.115155	-0.224562
6.215	1.1724	5.30289	1.5985	0.116188	-0.225875
6.22	1.17253	5.30789	1.59792	0.117225	-0.227188
6.225	1.17267	5.31288	1.59733	0.118266	-0.228499
6.23	1.1728	5.31788	1.59674	0.119311	-0.22981
6.235	1.17292	5.32288	1.59614	0.120359	-0.23112
6.24	1.17305	5.32788	1.59554	0.121411	-0.23243
6.245	1.17317	5.33288	1.59493	0.122467	-0.233738
6.25	1.17329	5.33788	1.59432	0.123526	-0.235046
6.255	1.1734	5.34287	1.5937	0.124589	-0.236353
6.26	1.17351	5.34787	1.59308	0.125656	-0.237659
6.265	1.17362	5.35287	1.59245	0.126726	-0.238964
6.27	1.17372	5.35787	1.59182	0.127801	-0.240269
6.275	1.17383	5.36287	1.59118	0.128879	-0.241572
6.28	1.17393	5.36787	1.59054	0.12996	-0.242875
6.285	1.17402	5.37287	1.58989	0.131045	-0.244176
6.29	1.17411	5.37787	1.58923	0.132134	-0.245477
6.295	1.1742	5.38287	1.58857	0.133227	-0.246777
6.3	1.17429	5.38787	1.5879	0.134323	-0.248076
6.305	1.17437	5.39287	1.58723	0.135422	-0.249374
6.31	1.17445	5.39786	1.58655	0.136525	-0.250671
6.315	1.17452	5.40286	1.58587	0.137632	-0.251966
6.32	1.1746	5.40786	1.58518	0.138743	-0.253261
6.325	1.17466	5.41286	1.58449	0.139857	-0.254555
6.33	1.17473	5.41786	1.58379	0.140974	-0.255847
6.335	1.17479	5.42286	1.58309	0.142095	-0.257139
6.34	1.17485	5.42786	1.58238	0.14322	-0.258429
6.345	1.1749	5.43286	1.58166	0.144348	-0.259719
6.35	1.17495	5.43786	1.58094	0.14548	-0.261007
6.355	1.175	5.44286	1.58021	0.146615	-0.262294
6.36	1.17504	5.44786	1.57948	0.147753	-0.26358
6.365	1.17508	5.45286	1.57874	0.148895	-0.264864
6.37	1.17512	5.45786	1.57799	0.150041	-0.266148
6.375	1.17515	5.46286	1.57724	0.15119	-0.26743
6.38	1.17518	5.46786	1.57649	0.152343	-0.268711
6.385	1.1752	5.47286	1.57573	0.153498	-0.269991
6.39	1.17523	5.47786	1.57496	0.154658	-0.271269
6.395	1.17524	5.48286	1.57419	0.155821	-0.272546
6.4	1.17526	5.48786	1.57341	0.156987	-0.273822
6.405	1.17526	5.49286	1.57262	0.158156	-0.275096
6.41	1.17527	5.49786	1.57183	0.159329	-0.276369
6.415	1.17527	5.50286	1.57103	0.160506	-0.277641
6.42	1.17527	5.50786	1.57023	0.161685	-0.278911
6.425	1.17526	5.51286	1.56942	0.162869	-0.28018
6.43	1.17525	5.51786	1.56861	0.164055	-0.281447
6.435	1.17524	5.52286	1.56779	0.165245	-0.282713
6.44	1.17522	5.52786	1.56696	0.166438	-0.283977
6.445	1.17519	5.53286	1.56613	0.167634	-0.28524
6.45	1.17517	5.53786	1.56529	0.168834	-0.286502
6.455	1.17513	5.54286	1.56445	0.170037	-0.287762
6.46	1.1751	5.54786	1.5636	0.171244	-0.28902
6.465	1.17506	5.55286	1.56274	0.172453	-0.290277
6.47	1.17501	5.55786	1.56188	0.173666	-0.291532
6.475	1.17496	5.56286	1.56101	0.174883	-0.292785
6.48	1.17491	5.56786	1.56014	0.176102	-0.294037
6.485	1.17485	5.57286	1.55926	0.177325	-0.295287
6.49	1.17479	5.57786	1.55837	0.178551	-0.296536
6.495	1.17472	5.58286	1.55748	0.17978	-0.297783
6.5	1.17465	5.58786	1.55658	0.181013	-0.299028
6.505	1.17458	5.59286	1.55567	0.182248	-0.300271
6.51	1.1745	5.59786	1.55476	0.183487	-0.301513
6.515	1.17441	5.60286	1.55384	0.184729	-0.302753
6.52	1.17432	5.60785	1.55292	0.185974	-0.303991
6.525	1.17423	5.61285	1.55199	0.187223	-0.305227
6.53	1.17413	5.61785	1.55105	0.188475	-0.306462
6.535	1.17403	5.62285	1.55011	0.189729	-0.307694
6.54	1.17392	5.62785	1.54916	0.190987	-0.308925
6.545	1.17381	5.63285	1.54821	0.192248	-0.310154
6.55	1.17369	5.63785	1.54725	0.193513	-0.31138
6.555	1.17357	5.64285	1.54628	0.19478	-0.312605
6.56	1.17344	5.64784	1.54531	0.19605	-0.313828
6.565	1.17331	5.65284	1.54433	0.197324	-0.315049
6.57	1.17317	5.65784	1.54334	0.198601	-0.316268
6.575	1.17303	5.66284	1.54235	0.199881	-0.317485
6.58	1.17288	5.66784	1.54135	0.201163	-0.3187
6.585	1.17273	5.67283	1.54034	0.202449	-0.319913
6.59	1.17257	5.67783	1.53933	0.203738	-0.321123
6.595	1.17241	5.68283	1.53831	0.205031	-0.322332
6.6	1.17224	5.68783	1.53728	0.206326	-0.323538
6.605	1.17207	5.69282	1.53625	0.207624	-0.324742
6.61	1.17189	5.69782	1.53521	0.208925	-0.325944
6.615	1.17171	5.70282	1.53417	0.210229	-0.327144
6.62	1.17152	5.70781	1.53312	0.211537	-0.328342
6.625	1.17132	5.71281	1.53206	0.212847	-0.329537
6.63	1.17112	5.71781	1.531	0.21416	-0.33073
6.635	1.17092	5.7228	1.52993	0.215477	-0.331921
6.64	1.17071	5.7278	1.52885	0.216796	-0.333109
6.645	1.1705	5.73279	1.52776	0.218118	-0.334296
6.65	1.17028	5.73779	1.52667	0.219444	-0.335479
6.655	1.17005	5.74278	1.52558	0.220772	-0.336661
6.66	1.16982	5.74778	1.52447	0.222103	-0.337839
6.665	1.16958	5.75277	1.52336	0.223437	-0.339016
6.67	1.16934	5.75777	1.52225	0.224775	-0.34019
6.675	1.16909	5.76276	1.52112	0.226115	-0.341361
6.68	1.16884	5.76775	1.51999	0.227458	-0.34253
6.685	1.16858	5.77275	1.51885	0.228804	-0.343697
6.69	1.16831	5.77774	1.51771	0.230152	-0.344861
6.695	1.16804	5.78273	1.51656	0.231504	-0.346022
6.7	1.16776	5.78772	1.5154	0.232859	-0.347181
6.705	1.16748	5.79272	1.51424	0.234217	-0.348337
6.71	1.16719	5.79771	1.51307	0.235577	-0.34949
6.715	1.1669	5.8027	1.51189	0.23694	-0.350641
6.72	1.1666	5.80769	1.5107	0.238307	-0.351789
6.725	1.16629	5.81268	1.50951	0.239676	-0.352934
6.73	1.16598	5.81767	1.50831	0.241048	-0.354076
6.735	1.16566	5.82266	1.50711	0.242423	-0.355216
6.74	1.16534	5.82765	1.5059	0.2438	-0.356353
6.745	1.16501	5.83264	1.50468	0.245181	-0.357487
6.75	1.16467	5.83763	1.50345	0.246564	-0.358618
6.755	1.16433	5.84262	1.50222	0.247951	-0.359746
6.76	1.16398	5.8476	1.50098	0.24934	-0.360871
6.765	1.16362	5.85259	1.49973	0.250731	-0.361994
6.77	1.16326	5.85758	1.49848	0.252126	-0.363113
6.775	1.16289	5.86257	1.49722	0.253524	-0.36423
6.78	1.16252	5.86755	1.49595	0.254924	-0.365343
6.785	1.16214	5.87254	1.49468	0.256327	-0.366453
6.79	1.16175	5.87752	1.49339	0.257733	-0.367561
6.795	1.16136	5.88251	1.4921	0.259142	-0.368665
6.8	1.16096	5.88749	1.49081	0.260553	-0.369766
6.805	1.16055	5.89247	1.48951	0.261967	-0.370864
6.81	1.16014	5.89746	1.4882	0.263384	-0.371958
6.815	1.15972	5.90244	1.48688	0.264804	-0.37305
6.82	1.1593	5.90742	1.48556	0.266227	-0.374138
6.825	1.15887	5.9124	1.48422	0.267652	-0.375223
6.83	1.15843	5.91738	1.48289	0.26908	-0.376304
6.835	1.15798	5.92236	1.48154	0.270511	-0.377383
6.84	1.15753	5.92734	1.48019	0.271944	-0.378458
6.845	1.15707	5.93232	1.47883	0.27338	-0.379529
6.85	1.1566	5.9373	1.47746	0.274819	-0.380597
6.855	1.15613	5.94228	1.47609	0.276261	-0.381662
6.86	1.15565	5.94725	1.47471	0.277705	-0.382723
6.865	1.15516	5.95223	1.47332	0.279152	-0.383781
6.87	1.15467	5.95721	1.47192	0.280602	-0.384835
6.875	1.15417	5.96218	1.47052	0.282055	-0.385886
6.88	1.15366	5.96715	1.46911	0.28351	-0.386933
6.885	1.15315	5.97213	1.46769	0.284968	-0.387976
6.89	1.15263	5.9771	1.46627	0.286428	-0.389016
6.895	1.1521	5.98207	1.46483	0.287892	-0.390052
6.9	1.15156	5.98704	1.46339	0.289358	-0.391085
6.905	1.15102	5.99201	1.46195	0.290826	-0.392113
6.91	1.15047	5.99698	1.46049	0.292297	-0.393138
6.915	1.14991	6.00195	1.45903	0.293771	-0.394159
6.92	1.14934	6.00692	1.45756	0.295248	-0.395177
6.925	1.14877	6.01189	1.45609	0.296727	-0.39619
6.93	1.14819	6.01685	1.4546	0.298209	-0.3972
6.935	1.14761	6.02182	1.45311	0.299694	-0.398205
6.94	1.14701	6.02678	1.45161	0.301181	-0.399207
6.945	1.14641	6.03175	1.45011	0.302671	-0.400205
6.95	1.1458	6.03671	1.44859	0.304163	-0.401198
6.955	1.14518	6.04167	1.44707	0.305658	-0.402188
6.96	1.14456	6.04663	1.44555	0.307156	-0.403173
6.965	1.14393	6.05159	1.44401	0.308656	-0.404155
6.97	1.14329	6.05655	1.44247	0.310159	-0.405132
6.975	1.14264	6.06151	1.44092	0.311665	-0.406105
6.98	1.14198	6.06647	1.43936	0.313173	-0.407074
6.985	1.14132	6.07142	1.43779	0.314684	-0.408039
6.99	1.14065	6.07638	1.43622	0.316197	-0.408999
6.995	1.13997	6.08133	1.43464	0.317713	-0.409955
7	1.13928	6.08628	1.43305	0.319232	-0.410907
7.005	1.13859	6.09124	1.43145	0.320753	-0.411854
7.01	1.13789	6.09619	1.42985	0.322277	-0.412797
7.015	1.13718	6.10114	1.42824	0.323803	-0.413736
7.02	1.13646	6.10608	1.42662	0.325332	-0.41467
7.025	1.13573	6.11103	1.42499	0.326863	-0.415599
7.03	1.135	6.11598	1.42336	0.328398	-0.416524
7.035	1.13425	6.12092	1.42172	0.329934	-0.417445
7.04	1.1335	6.12586	1.42007	0.331473	-0.418361
7.045	1.13274	6.13081	1.41841	0.333015	-0.419272
7.05	1.13198	6.13575	1.41674	0.33456	-0.420178
7.055	1.1312	6.14069	1.41507	0.336107	-0.42108
7.06	1.13042	6.14562	1.41339	0.337656	-0.421977
7.065	1.12963	6.15056	1.4117	0.339208	-0.42287
7.07	1.12883	6.1555	1.41001	0.340763	-0.423757
7.075	1.12802	6.16043	1.4083	0.34232	-0.42464
7.08	1.1272	6.16536	1.40659	0.34388	-0.425517
7.085	1.12637	6.17029	1.40487	0.345442	-0.42639
7.09	1.12554	6.17522	1.40314	0.347007	-0.427258
7.095	1.1247	6.18015	1.40141	0.348575	-0.428121
7.1	1.12384	6.18508	1.39967	0.350145	-0.428979
7.105	1.12298	6.19001	1.39791	0.351717	-0.429831
7.11	1.12212	6.19493	1.39616	0.353292	-0.430679
7.115	1.12124	6.19985	1.39439	0.35487	-0.431522
7.12	1.12035	6.20477	1.39262	0.35645	-0.432359
7.125	1.11946	6.20969	1.39083	0.358033	-0.433191
7.13	1.11855	6.21461	1.38904	0.359618	-0.434018
7.135	1.11764	6.21953	1.38725	0.361206	-0.43484
7.14	1.11672	6.22444	1.38544	0.362796	-0.435656
7.145	1.11579	6.22935	1.38362	0.364389	-0.436467
7.15	1.11485	6.23426	1.3818	0.365984	-0.437272
7.155	1.1139	6.23917	1.37997	0.367582	-0.438072
7.16	1.11294	6.24408	1.37814	0.369182	-0.438867
7.165	1.11198	6.24899	1.37629	0.370785	-0.439656
7.17	1.111	6.25389	1.37444	0.372391	-0.44044
7.175	1.11002	6.25879	1.37257	0.373999	-0.441218
7.18	1.10902	6.26369	1.3707	0.37561	-0.44199
7.185	1.10802	6.26859	1.36883	0.377223	-0.442757
7.19	1.10701	6.27349	1.36694	0.378838	-0.443518
7.195	1.10599	6.27838	1.36505	0.380456	-0.444273
7.2	1.10496	6.28327	1.36314	0.382077	-0.445022
7.205	1.10392	6.28817	1.36123	0.3837	-0.445766
7.21	1.10287	6.29305	1.35931	0.385326	-0.446504
7.215	1.10181	6.29794	1.35739	0.386954	-0.447235
7.22	1.10074	6.30282	1.35545	0.388585	-0.447961
7.225	1.09966	6.30771	1.35351	0.390219	-0.448681
7.23	1.09857	6.31259	1.35156	0.391854	-0.449395
7.235	1.09748	6.31747	1.3496	0.393493	-0.450103
7.24	1.09637	6.32234	1.34763	0.395134	-0.450805
7.245	1.09525	6.32722	1.34566	0.396777	-0.4515
7.25	1.09413	6.33209	1.34367	0.398423	-0.45219
7.255	1.09299	6.33696	1.34168	0.400072	-0.452873
7.26	1.09185	6.34182	1.33968	0.401723	-0.45355
7.265	1.09069	6.34669	1.33767	0.403376	-0.454221
7.27	1.08953	6.35155	1.33565	0.405033	-0.454885
7.275	1.08835	6.35641	1.33363	0.406691	-0.455543
7.28	1.08717	6.36127	1.3316	0.408352	-0.456194
7.285	1.08597	6.36612	1.32955	0.410016	-0.456839
7.29	1.08477	6.37098	1.3275	0.411683	-0.457478
7.295	1.08355	6.37583	1.32545	0.413351	-0.45811
7.3	1.08233	6.38067	1.32338	0.415023	-0.458735
7.305	1.0811	6.38552	1.3213	0.416697	-0.459354
7.31	1.07985	6.39036	1.31922	0.418373	-0.459966
7.315	1.0786	6.3952	1.31713	0.420052	-0.460571
7.32	1.07733	6.40004	1.31503	0.421734	-0.46117
7.325	1.07606	6.40487	1.31292	0.423418	-0.461762
7.33	1.07477	6.40971	1.3108	0.425105	-0.462346
7.335	1.07347	6.41454	1.30868	0.426794	-0.462924
7.34	1.07217	6.41936	1.30654	0.428486	-0.463495
7.345	1.07085	6.42419	1.3044	0.43018	-0.46406
7.35	1.06953	6.42901	1.30225	0.431877	-0.464617
7.355	1.06819	6.43382	1.30009	0.433577	-0.465167
7.36	1.06684	6.43864	1.29792	0.435279	-0.46571
7.365	1.06548	6.44345	1.29575	0.436984	-0.466245
7.37	1.06411	6.44826	1.29356	0.438691	-0.466774
7.375	1.06274	6.45307	1.29137	0.440401	-0.467295
7.38	1.06135	6.45787	1.28917	0.442113	-0.467809
7.385	1.05995	6.46267	1.28695	0.443828	-0.468316
7.39	1.05853	6.46747	1.28474	0.445546	-0.468815
7.395	1.05711	6.47226	1.28251	0.447266	-0.469307
7.4	1.05568	6.47705	1.28027	0.448989	-0.469792
7.405	1.05424	6.48184	1.27803	0.450715	-0.470269
7.41	1.05278	6.48662	1.27577	0.452443	-0.470738
7.415	1.05132	6.4914	1.27351	0.454174	-0.4712
7.42	1.04984	6.49618	1.27124	0.455907	-0.471654
7.425	1.04836	6.50095	1.26896	0.457643	-0.4721
7.43	1.04686	6.50572	1.26667	0.459381	-0.472539
7.435	1.04535	6.51049	1.26438	0.461123	-0.47297
7.44	1.04383	6.51525	1.26207	0.462867	-0.473393
7.445	1.0423	6.52001	1.25976	0.464613	-0.473808
7.45	1.04076	6.52477	1.25743	0.466362	-0.474216
7.455	1.03921	6.52952	1.2551	0.468114	-0.474615
7.46	1.03765	6.53427	1.25276	0.469869	-0.475007
7.465	1.03607	6.53902	1.25041	0.471626	-0.47539
7.47	1.03449	6.54376	1.24805	0.473386	-0.475765
7.475	1.03289	6.5485	1.24569	0.475148	-0.476132
7.48	1.03128	6.55323	1.24331	0.476913	-0.476491
7.485	1.02966	6.55796	1.24093	0.478681	-0.476842
7.49	1.02803	6.56269	1.23853	0.480452	-0.477184
7.495	1.02639	6.56741	1.23613	0.482225	-0.477518
7.5	1.02473	6.57213	1.23372	0.484001	-0.477844
7.505	1.02307	6.57685	1.2313	0.48578	-0.478161
7.51	1.02139	6.58156	1.22887	0.487562	-0.47847
7.515	1.0197	6.58626	1.22643	0.489346	-0.47877
7.52	1.018	6.59097	1.22398	0.491133	-0.479062
7.525	1.01629	6.59566	1.22153	0.492923	-0.479345
7.53	1.01457	6.60036	1.21906	0.494715	-0.479619
7.535	1.01284	6.60505	1.21659	0.49651	-0.479885
7.54	1.01109	6.60973	1.21411	0.498308	-0.480142
7.545	1.00933	6.61441	1.21162	0.500109	-0.48039
7.55	1.00756	6.61909	1.20912	0.501913	-0.48063
7.555	1.00578	6.62376	1.20661	0.503719	-0.48086
7.56	1.00399	6.62843	1.20409	0.505529	-0.481082
7.565	1.00219	6.63309	1.20156	0.507341	-0.481294
7.57	1.00037	6.63775	1.19902	0.509156	-0.481498
7.575	0.998541	6.6424	1.19648	0.510973	-0.481692
7.58	0.996701	6.64705	1.19392	0.512794	-0.481877
7.585	0.994849	6.6517	1.19136	0.514617	-0.482053
7.59	0.992985	6.65634	1.18879	0.516444	-0.48222
7.595	0.991109	6.66097	1.1862	0.518273	-0.482378
7.6	0.989221	6.6656	1.18361	0.520105	-0.482526
7.605	0.987321	6.67023	1.18101	0.52194	-0.482665
7.61	0.985409	6.67485	1.1784	0.523778	-0.482794
7.615	0.983485	6.67946	1.17578	0.525619	-0.482914
7.62	0.981549	6.68407	1.17316	0.527462	-0.483024
7.625	0.9796	6.68868	1.17052	0.529309	-0.483125
7.63	0.97764	6.69328	1.16787	0.531159	-0.483216
7.635	0.975667	6.69787	1.16522	0.533011	-0.483298
7.64	0.973682	6.70246	1.16255	0.534867	-0.48337
7.645	0.971685	6.70704	1.15988	0.536726	-0.483432
7.65	0.969675	6.71162	1.15719	0.538587	-0.483484
7.655	0.967653	6.71619	1.1545	0.540452	-0.483527
7.66	0.965619	6.72076	1.1518	0.54232	-0.483559
7.665	0.963573	6.72532	1.14909	0.54419	-0.483582
7.67	0.961514	6.72988	1.14636	0.546064	-0.483594
7.675	0.959442	6.73443	1.14363	0.547941	-0.483597
7.68	0.957358	6.73898	1.14089	0.549821	-0.483589
7.685	0.955262	6.74352	1.13815	0.551704	-0.483571
7.69	0.953153	6.74805	1.13539	0.55359	-0.483543
7.695	0.951031	6.75258	1.13262	0.55548	-0.483505
7.7	0.948897	6.7571	1.12984	0.557372	-0.483457
7.705	0.946751	6.76161	1.12706	0.559268	-0.483398
7.71	0.944592	6.76612	1.12426	0.561167	-0.483329
7.715	0.94242	6.77063	1.12145	0.563069	-0.483249
7.72	0.940235	6.77513	1.11864	0.564974	-0.483159
7.725	0.938038	6.77962	1.11581	0.566882	-0.483058
7.73	0.935828	6.7841	1.11298	0.568794	-0.482947
7.735	0.933605	6.78858	1.11013	0.570709	-0.482825
7.74	0.93137	6.79305	1.10728	0.572627	-0.482692
7.745	0.929122	6.79752	1.10442	0.574549	-0.482549
7.75	0.92686	6.80198	1.10154	0.576474	-0.482395
7.755	0.924587	6.80643	1.09866	0.578402	-0.48223
7.76	0.9223	6.81088	1.09577	0.580334	-0.482054
7.765	0.92	6.81532	1.09287	0.582269	-0.481867
7.77	0.917687	6.81975	1.08996	0.584207	-0.481669
7.775	0.915362	6.82418	1.08704	0.586149	-0.48146
7.78	0.913023	6.8286	1.08411	0.588094	-0.48124
7.785	0.910672	6.83301	1.08117	0.590043	-0.481009
7.79	0.908307	6.83741	1.07822	0.591995	-0.480767
7.795	0.90593	6.84181	1.07526	0.593951	-0.480514
7.8	0.903539	6.8462	1.07229	0.59591	-0.480249
7.805	0.901136	6.85059	1.06931	0.597872	-0.479973
7.81	0.898719	6.85497	1.06632	0.599839	-0.479686
7.815	0.896289	6.85934	1.06332	0.601809	-0.479387
7.82	0.893846	6.8637	1.06031	0.603782	-0.479077
7.825	0.89139	6.86805	1.05729	0.605759	-0.478755
7.83	0.88892	6.8724	1.05426	0.60774	-0.478422
7.835	0.886438	6.87674	1.05122	0.609725	-0.478077
7.84	0.883942	6.88107	1.04817	0.611713	-0.47772
7.845	0.881433	6.8854	1.04511	0.613705	-0.477352
7.85	0.878911	6.88972	1.04205	0.615701	-0.476972
7.855	0.876375	6.89403	1.03897	0.6177	-0.47658
7.86	0.873826	6.89833	1.03588	0.619704	-0.476177
7.865	0.871264	6.90262	1.03278	0.621711	-0.475761
7.87	0.868689	6.90691	1.02967	0.623722	-0.475334
7.875	0.8661	6.91118	1.02655	0.625737	-0.474894
7.88	0.863498	6.91545	1.02342	0.627756	-0.474443
7.885	0.860882	6.91971	1.02029	0.629779	-0.473979
7.89	0.858253	6.92397	1.01714	0.631806	-0.473504
7.895	0.855611	6.92821	1.01398	0.633837	-0.473016
7.9	0.852955	6.93245	1.01081	0.635872	-0.472516
7.905	0.850285	6.93668	1.00763	0.637911	-0.472003
7.91	0.847603	6.9409	1.00444	0.639954	-0.471479
7.915	0.844906	6.94511	1.00124	0.642001	-0.470942
7.92	0.842196	6.94931	0.99803	0.644053	-0.470392
7.925	0.839473	6.9535	0.99481	0.646108	-0.469831
7.93	0.836736	6.95769	0.991579	0.648168	-0.469256
7.935	0.833986	6.96186	0.988338	0.650233	-0.46867
7.94	0.831222	6.96603	0.985087	0.652301	-0.46807
7.945	0.828444	6.97019	0.981826	0.654374	-0.467458
7.95	0.825653	6.97433	0.978554	0.656452	-0.466833
7.955	0.822849	6.97847	0.975272	0.658534	-0.466196
7.96	0.82003	6.9826	0.971979	0.66062	-0.465546
7.965	0.817198	6.98672	0.968676	0.662711	-0.464883
7.97	0.814353	6.99084	0.965362	0.664806	-0.464207
7.975	0.811493	6.99494	0.962038	0.666907	-0.463518
7.98	0.808621	6.99903	0.958704	0.669011	-0.462816
7.985	0.805734	7.00311	0.955359	0.671121	-0.462102
7.99	0.802834	7.00719	0.952003	0.673235	-0.461374
7.995	0.79992	7.01125	0.948637	0.675354	-0.460633
8	0.796992	7.0153	0.94526	0.677477	-0.459879
8.005	0.794051	7.01934	0.941873	0.679606	-0.459112
8.01	0.791096	7.02338	0.938475	0.68174	-0.458332
8.015	0.788127	7.0274	0.935066	0.683878	-0.457538
8.02	0.785144	7.03141	0.931647	0.686021	-0.456732
8.025	0.782148	7.03542	0.928217	0.68817	-0.455912
8.03	0.779138	7.03941	0.924776	0.690324	-0.455078
8.035	0.776114	7.04339	0.921324	0.692483	-0.454231
8.04	0.773076	7.04736	0.917862	0.694647	-0.453371
8.045	0.770025	7.05132	0.914388	0.696816	-0.452497
8.05	0.76696	7.05527	0.910904	0.698991	-0.45161
8.055	0.763881	7.05921	0.907409	0.701171	-0.450709
8.06	0.760788	7.06314	0.903904	0.703356	-0.449794
8.065	0.757682	7.06706	0.900387	0.705547	-0.448866
8.07	0.754561	7.07097	0.896859	0.707744	-0.447924
8.075	0.751427	7.07486	0.89332	0.709946	-0.446968
8.08	0.748279	7.07875	0.889771	0.712154	-0.445999
8.085	0.745117	7.08262	0.88621	0.714367	-0.445016
8.09	0.741942	7.08648	0.882638	0.716587	-0.444018
8.095	0.738752	7.09033	0.879055	0.718812	-0.443007
8.1	0.735549	7.09417	0.875461	0.721043	-0.441982
8.105	0.732332	7.098	0.871856	0.72328	-0.440944
8.11	0.729101	7.10182	0.868239	0.725524	-0.439891
8.115	0.725857	7.10562	0.864612	0.727773	-0.438824
8.12	0.722598	7.10941	0.860973	0.730029	-0.437742
8.125	0.719326	7.11319	0.857323	0.732291	-0.436647
8.13	0.71604	7.11696	0.853661	0.734559	-0.435538
8.135	0.71274	7.12072	0.849988	0.736834	-0.434414
8.14	0.709426	7.12446	0.846304	0.739115	-0.433276
8.145	0.706098	7.12819	0.842609	0.741403	-0.432124
8.15	0.702757	7.13191	0.838902	0.743697	-0.430958
8.155	0.699402	7.13562	0.835183	0.745999	-0.429777
8.16	0.696033	7.13932	0.831453	0.748307	-0.428582
8.165	0.69265	7.143	0.827712	0.750622	-0.427372
8.17	0.689253	7.14667	0.823959	0.752944	-0.426148
8.175	0.685843	7.15032	0.820194	0.755273	-0.42491
8.18	0.682419	7.15397	0.816418	0.75761	-0.423657
8.185	0.678981	7.1576	0.812629	0.759954	-0.422389
8.19	0.675529	7.16121	0.80883	0.762305	-0.421107
8.195	0.672064	7.16482	0.805018	0.764664	-0.41981
8.2	0.668584	7.16841	0.801195	0.76703	-0.418499
8.205	0.665091	7.17199	0.79736	0.769404	-0.417173
8.21	0.661585	7.17555	0.793513	0.771786	-0.415832
8.215	0.658064	7.1791	0.789654	0.774175	-0.414476
8.22	0.65453	7.18264	0.785783	0.776573	-0.413106
8.225	0.650982	7.18616	0.7819	0.778979	-0.41172
8.23	0.647421	7.18967	0.778005	0.781393	-0.41032
8.235	0.643845	7.19317	0.774098	0.783816	-0.408905
8.24	0.640256	7.19665	0.770179	0.786247	-0.407475
8.245	0.636654	7.20012	0.766248	0.788687	-0.40603
8.25	0.633038	7.20357	0.762304	0.791135	-0.40457
8.255	0.629408	7.20701	0.758349	0.793592	-0.403095
8.26	0.625764	7.21043	0.754381	0.796059	-0.401605
8.265	0.622107	7.21384	0.7504	0.798534	-0.4001
8.27	0.618436	7.21724	0.746408	0.801019	-0.39858
8.275	0.614752	7.22062	0.742403	0.803513	-0.397045
8.28	0.611054	7.22398	0.738385	0.806017	-0.395495
8.285	0.607343	7.22733	0.734355	0.80853	-0.393929
8.29	0.603618	7.23067	0.730312	0.811053	-0.392348
8.295	0.59988	7.23399	0.726257	0.813587	-0.390752
8.3	0.596128	7.23729	0.722189	0.81613	-0.389141
8.305	0.592363	7.24058	0.718109	0.818684	-0.387514
8.31	0.588584	7.24386	0.714015	0.821248	-0.385872
8.315	0.584792	7.24712	0.709909	0.823824	-0.384214
8.32	0.580987	7.25036	0.70579	0.82641	-0.382542
8.325	0.577168	7.25359	0.701658	0.829007	-0.380853
8.33	0.573336	7.2568	0.697513	0.831615	-0.37915
8.335	0.56949	7.25999	0.693355	0.834234	-0.377431
8.34	0.565631	7.26317	0.689183	0.836866	-0.375696
8.345	0.561759	7.26634	0.684999	0.839509	-0.373946
8.35	0.557874	7.26948	0.680802	0.842164	-0.37218
8.355	0.553975	7.27261	0.676591	0.844831	-0.370399
8.36	0.550063	7.27573	0.672367	0.847511	-0.368602
8.365	0.546139	7.27883	0.668129	0.850204	-0.366789
8.37	0.542201	7.28191	0.663878	0.852909	-0.364961
8.375	0.538249	7.28497	0.659614	0.855628	-0.363117
8.38	0.534285	7.28802	0.655335	0.85836	-0.361258
8.385	0.530308	7.29105	0.651044	0.861105	-0.359382
8.39	0.526318	7.29406	0.646738	0.863865	-0.357491
8.395	0.522314	7.29706	0.642419	0.866639	-0.355584
8.4	0.518298	7.30004	0.638086	0.869427	-0.353661
8.405	0.514269	7.303	0.633738	0.872229	-0.351723
8.41	0.510227	7.30594	0.629377	0.875047	-0.349769
8.415	0.506172	7.30886	0.625002	0.87788	-0.347798
8.42	0.502105	7.31177	0.620613	0.880729	-0.345812
8.425	0.498024	7.31466	0.616209	0.883593	-0.34381
8.43	0.493931	7.31753	0.611791	0.886474	-0.341792
8.435	0.489825	7.32039	0.607359	0.889371	-0.339758
8.44	0.485707	7.32322	0.602912	0.892286	-0.337708
8.445	0.481576	7.32604	0.59845	0.895217	-0.335641
8.45	0.477432	7.32884	0.593974	0.898166	-0.333559
8.455	0.473276	7.33162	0.589483	0.901133	-0.331461
8.46	0.469108	7.33438	0.584978	0.904118	-0.329347
8.465	0.464926	7.33712	0.580457	0.907122	-0.327216
8.47	0.460733	7.33984	0.575922	0.910146	-0.325069
8.475	0.456527	7.34255	0.571371	0.913188	-0.322906
8.48	0.452309	7.34523	0.566805	0.916251	-0.320727
8.485	0.448079	7.3479	0.562224	0.919335	-0.318532
8.49	0.443836	7.35054	0.557627	0.922439	-0.31632
8.495	0.439581	7.35317	0.553015	0.925564	-0.314092
8.5	0.435315	7.35578	0.548387	0.928712	-0.311848
8.505	0.431036	7.35836	0.543743	0.931882	-0.309587
8.51	0.426745	7.36093	0.539084	0.935075	-0.30731
8.515	0.422442	7.36348	0.534409	0.938292	-0.305017
8.52	0.418127	7.366	0.529717	0.941532	-0.302707
8.525	0.413801	7.36851	0.525009	0.944797	-0.30038
8.53	0.409462	7.37099	0.520285	0.948088	-0.298037
8.535	0.405112	7.37346	0.515545	0.951405	-0.295678
8.54	0.40075	7.3759	0.510788	0.954748	-0.293302
8.545	0.396377	7.37833	0.506014	0.958118	-0.290909
8.55	0.391992	7.38073	0.501224	0.961516	-0.2885
8.555	0.387595	7.38311	0.496416	0.964943	-0.286074
8.56	0.383188	7.38547	0.491591	0.9684	-0.283631
8.565	0.378768	7.38781	0.486749	0.971887	-0.281171
8.57	0.374338	7.39013	0.48189	0.975405	-0.278695
8.575	0.369896	7.39242	0.477013	0.978955	-0.276202
8.58	0.365443	7.3947	0.472118	0.982538	-0.273692
8.585	0.360979	7.39695	0.467205	0.986154	-0.271165
8.59	0.356503	7.39918	0.462275	0.989806	-0.268621
8.595	0.352017	7.40139	0.457326	0.993493	-0.26606
8.6	0.34752	7.40357	0.452358	0.997217	-0.263482
8.605	0.343012	7.40573	0.447372	1.00098	-0.260887
8.61	0.338494	7.40788	0.442367	1.00478	-0.258275
8.615	0.333964	7.40999	0.437343	1.00862	-0.255645
8.62	0.329424	7.41209	0.4323	1.0125	-0.252998
8.625	0.324874	7.41416	0.427238	1.01643	-0.250334
8.63	0.320312	7.41621	0.422156	1.0204	-0.247653
8.635	0.315741	7.41823	0.417054	1.02441	-0.244954
8.64	0.311159	7.42024	0.411931	1.02848	-0.242237
8.645	0.306567	7.42221	0.406789	1.03259	-0.239503
8.65	0.301965	7.42417	0.401626	1.03675	-0.236752
8.655	0.297353	7.4261	0.396442	1.04097	-0.233982
8.66	0.292731	7.42801	0.391238	1.04523	-0.231195
8.665	0.288099	7.42989	0.386011	1.04956	-0.22839
8.67	0.283457	7.43175	0.380764	1.05394	-0.225567
8.675	0.278805	7.43358	0.375494	1.05838	-0.222726
8.68	0.274144	7.43539	0.370202	1.06289	-0.219866
8.685	0.269473	7.43717	0.364888	1.06746	-0.216989
8.69	0.264793	7.43893	0.35955	1.07209	-0.214093
8.695	0.260103	7.44067	0.35419	1.0768	-0.211179
8.7	0.255404	7.44238	0.348806	1.08158	-0.208246
8.705	0.250696	7.44406	0.343398	1.08643	-0.205294
8.71	0.245979	7.44572	0.337966	1.09137	-0.202324
8.715	0.241253	7.44735	0.332509	1.09639	-0.199335
8.72	0.236518	7.44895	0.327027	1.10149	-0.196326
8.725	0.231774	7.45053	0.32152	1.10668	-0.193299
8.73	0.227022	7.45209	0.315986	1.11197	-0.190252
8.735	0.222261	7.45362	0.310426	1.11735	-0.187186
8.74	0.217491	7.45512	0.30484	1.12284	-0.1841
8.745	0.212713	7.45659	0.299225	1.12844	-0.180994
8.75	0.207927	7.45804	0.293583	1.13415	-0.177868
8.755	0.203133	7.45946	0.287912	1.13997	-0.174723
8.76	0.198331	7.46085	0.282213	1.14593	-0.171556
8.765	0.193521	7.46221	0.276483	1.15201	-0.16837
8.77	0.188703	7.46355	0.270723	1.15824	-0.165162
8.775	0.183877	7.46486	0.264932	1.16461	-0.161934
8.78	0.179044	7.46614	0.259109	1.17114	-0.158684
8.785	0.174204	7.46739	0.253253	1.17784	-0.155413
8.79	0.169356	7.46862	0.247364	1.18471	-0.15212
8.795	0.164501	7.46981	0.24144	1.19176	-0.148806
8.8	0.159639	7.47098	0.235481	1.19902	-0.145469
8.805	0.15477	7.47212	0.229486	1.20649	-0.142109
8.81	0.149894	7.47323	0.223454	1.21419	-0.138727
8.815	0.145012	7.4743	0.217383	1.22213	-0.135322
8.82	0.140123	7.47535	0.211272	1.23033	-0.131894
8.825	0.135228	7.47637	0.205121	1.23882	-0.128442
8.83	0.130327	7.47736	0.198926	1.24762	-0.124966
8.835	0.125419	7.47832	0.192688	1.25674	-0.121465
8.84	0.120506	7.47924	0.186405	1.26624	-0.117941
8.845	0.115587	7.48014	0.180073	1.27612	-0.114391
8.85	0.110662	7.481	0.173693	1.28645	-0.110817
8.855	0.105732	7.48184	0.167261	1.29725	-0.107217
8.86	0.100796	7.48264	0.160774	1.30859	-0.103593
8.865	0.0958554	7.4834	0.154231	1.32053	-0.0999429
8.87	0.0909098	7.48414	0.147629	1.33313	-0.096268
8.875	0.0859594	7.48484	0.140963	1.3465	-0.0925686
8.88	0.0810044	7.48551	0.134231	1.36072	-0.0888452
8.885	0.0760449	7.48615	0.127427	1.37595	-0.085099
8.89	0.0710812	7.48675	0.120547	1.39233	-0.0813318
8.895	0.0661134	7.48732	0.113585	1.41009	-0.0775463
8.9	0.0611418	7.48785	0.106535	1.4295	-0.0737466
8.905	0.0561665	7.48834	0.0993876	1.45091	-0.0699387
8.91	0.0511877	7.4888	0.092133	1.47482	-0.0661318
8.915	0.0462056	7.48923	0.0847589	1.50196	-0.0623402
8.92	0.0412205	7.48961	0.0772491	1.53335	-0.0585865
8.925	0.0362326	7.48996	0.0695824	1.57063	-0.0549073
8.93	0.0312421	7.49027	0.0617292	1.61649	-0.0513653
8.935	0.0262493	7.49054	0.0536468	1.67579	-0.0480743
8.94	0.0212545	7.49076	0.0452678	1.75824	-0.0452594
8.945	0.0162578	7.49094	0.0364766	1.88636	-0.0434245
8.95	0.0112596	7.49108	0.0270448	2.12522	-0.0439502
8.955	0.00626029	7.49116	0.0164187	2.74395	-0.0523705
8.96	0.00126031	7.49118	0.00269898	6.10055	-0.133147
