descriptor s_test R_test Z_test
0	1.67451	9.99999e-006	0.002	-0.402014	-0.00161646
0.005	1.66951	3.00503e-005	0.00401007	-0.404031	-0.0032494
0.01	1.66451	6.02012e-005	0.00603023	-0.406052	-0.00489883
0.015	1.65951	0.000100503	0.00806049	-0.408075	-0.00656478
0.02	1.65451	0.000151007	0.0101009	-0.410102	-0.00824726
0.025	1.64951	0.000211762	0.0121514	-0.412132	-0.00994628
0.03	1.64451	0.00028282	0.014212	-0.414166	-0.0116619
0.035	1.63951	0.000364231	0.0162829	-0.416203	-0.013394
0.04	1.63451	0.000456045	0.0183639	-0.418244	-0.0151428
0.045	1.62951	0.000558313	0.0204551	-0.420289	-0.0169082
0.05	1.62452	0.000671086	0.0225566	-0.422337	-0.0186902
0.055	1.61952	0.000794415	0.0246682	-0.42439	-0.0204888
0.06	1.61452	0.00092835	0.0267902	-0.426446	-0.0223041
0.065	1.60952	0.00107294	0.0289224	-0.428506	-0.0241361
0.07	1.60452	0.00122824	0.0310649	-0.430571	-0.0259848
0.075	1.59953	0.0013943	0.0332178	-0.43264	-0.0278501
0.08	1.59453	0.00157117	0.035381	-0.434713	-0.0297322
0.085	1.58953	0.0017589	0.0375546	-0.43679	-0.0316311
0.09	1.58454	0.00195754	0.0397385	-0.438872	-0.0335466
0.095	1.57954	0.00216714	0.0419329	-0.440959	-0.035479
0.1	1.57455	0.00238776	0.0441377	-0.44305	-0.0374281
0.105	1.56955	0.00261944	0.0463529	-0.445146	-0.039394
0.11	1.56456	0.00286224	0.0485786	-0.447247	-0.0413767
0.115	1.55956	0.0031162	0.0508149	-0.449352	-0.0433763
0.12	1.55457	0.00338139	0.0530616	-0.451463	-0.0453926
0.125	1.54958	0.00365784	0.055319	-0.453579	-0.0474258
0.13	1.54459	0.00394561	0.0575869	-0.455701	-0.0494759
0.135	1.5396	0.00424476	0.0598654	-0.457827	-0.0515429
0.14	1.53461	0.00455533	0.0621545	-0.459959	-0.0536267
0.145	1.52962	0.00487738	0.0644543	-0.462097	-0.0557274
0.15	1.52463	0.00521096	0.0667648	-0.46424	-0.0578451
0.155	1.51964	0.00555611	0.069086	-0.466389	-0.0599796
0.16	1.51465	0.0059129	0.0714179	-0.468544	-0.0621311
0.165	1.50966	0.00628137	0.0737606	-0.470705	-0.0642996
0.17	1.50468	0.00666157	0.0761142	-0.472872	-0.066485
0.175	1.49969	0.00705356	0.0784785	-0.475045	-0.0686874
0.18	1.49471	0.00745739	0.0808538	-0.477225	-0.0709068
0.185	1.48973	0.00787311	0.0832399	-0.479411	-0.0731431
0.19	1.48475	0.00830077	0.0856369	-0.481603	-0.0753965
0.195	1.47977	0.00874043	0.0880449	-0.483802	-0.0776669
0.2	1.47479	0.00919213	0.090464	-0.486008	-0.0799543
0.205	1.46981	0.00965593	0.092894	-0.488221	-0.0822587
0.21	1.46483	0.0101319	0.0953351	-0.49044	-0.0845802
0.215	1.45985	0.01062	0.0977873	-0.492667	-0.0869188
0.22	1.45488	0.0111205	0.100251	-0.494901	-0.0892744
0.225	1.44991	0.0116332	0.102725	-0.497142	-0.0916472
0.23	1.44493	0.0121583	0.105211	-0.499391	-0.094037
0.235	1.43996	0.0126958	0.107708	-0.501648	-0.0964439
0.24	1.43499	0.0132457	0.110216	-0.503912	-0.0988679
0.245	1.43002	0.0138082	0.112736	-0.506184	-0.101309
0.25	1.42506	0.0143833	0.115267	-0.508464	-0.103767
0.255	1.42009	0.014971	0.117809	-0.510752	-0.106243
0.26	1.41513	0.0155713	0.120363	-0.513048	-0.108735
0.265	1.41017	0.0161844	0.122928	-0.515353	-0.111245
0.27	1.40521	0.0168103	0.125505	-0.517666	-0.113772
0.275	1.40025	0.017449	0.128093	-0.519987	-0.116316
0.28	1.39529	0.0181006	0.130693	-0.522318	-0.118877
0.285	1.39033	0.0187652	0.133304	-0.524657	-0.121456
0.29	1.38538	0.0194427	0.135928	-0.527006	-0.124051
0.295	1.38043	0.0201333	0.138563	-0.529363	-0.126664
0.3	1.37548	0.020837	0.14121	-0.53173	-0.129294
0.305	1.37053	0.0215539	0.143868	-0.534107	-0.131941
0.31	1.36558	0.0222839	0.146539	-0.536493	-0.134606
0.315	1.36064	0.0230273	0.149221	-0.538889	-0.137287
0.32	1.3557	0.0237839	0.151916	-0.541294	-0.139986
0.325	1.35076	0.024554	0.154622	-0.54371	-0.142702
0.33	1.34582	0.0253374	0.157341	-0.546136	-0.145436
0.335	1.34088	0.0261344	0.160071	-0.548572	-0.148187
0.34	1.33595	0.0269449	0.162814	-0.551019	-0.150955
0.345	1.33102	0.0277689	0.165569	-0.553477	-0.15374
0.35	1.32609	0.0286066	0.168337	-0.555945	-0.156542
0.355	1.32116	0.0294581	0.171116	-0.558425	-0.159362
0.36	1.31623	0.0303232	0.173909	-0.560915	-0.162199
0.365	1.31131	0.0312022	0.176713	-0.563417	-0.165053
0.37	1.30639	0.032095	0.17953	-0.565931	-0.167925
0.375	1.30148	0.0330018	0.18236	-0.568456	-0.170814
0.38	1.29656	0.0339225	0.185202	-0.570993	-0.17372
0.385	1.29165	0.0348573	0.188057	-0.573541	-0.176643
0.39	1.28674	0.0358061	0.190925	-0.576103	-0.179584
0.395	1.28183	0.0367691	0.193805	-0.578676	-0.182542
0.4	1.27693	0.0377462	0.196699	-0.581262	-0.185518
0.405	1.27203	0.0387377	0.199605	-0.583861	-0.18851
0.41	1.26713	0.0397434	0.202524	-0.586472	-0.19152
0.415	1.26224	0.0407634	0.205457	-0.589097	-0.194547
0.42	1.25735	0.0417979	0.208402	-0.591735	-0.197592
0.425	1.25246	0.0428469	0.211361	-0.594386	-0.200654
0.43	1.24757	0.0439104	0.214333	-0.597051	-0.203733
0.435	1.24269	0.0449884	0.217318	-0.59973	-0.206829
0.44	1.23781	0.0460811	0.220317	-0.602423	-0.209943
0.445	1.23293	0.0471885	0.223329	-0.60513	-0.213074
0.45	1.22806	0.0483106	0.226354	-0.607851	-0.216223
0.455	1.22319	0.0494476	0.229394	-0.610587	-0.219388
0.46	1.21833	0.0505994	0.232447	-0.613338	-0.222571
0.465	1.21346	0.0517661	0.235513	-0.616104	-0.225771
0.47	1.20861	0.0529477	0.238594	-0.618885	-0.228989
0.475	1.20375	0.0541445	0.241688	-0.621682	-0.232223
0.48	1.1989	0.0553563	0.244797	-0.624494	-0.235475
0.485	1.19405	0.0565832	0.247919	-0.627322	-0.238745
0.49	1.18921	0.0578253	0.251056	-0.630166	-0.242031
0.495	1.18437	0.0590827	0.254207	-0.633026	-0.245335
0.5	1.17954	0.0603554	0.257372	-0.635903	-0.248656
0.505	1.1747	0.0616435	0.260551	-0.638796	-0.251994
0.51	1.16988	0.062947	0.263745	-0.641707	-0.255349
0.515	1.16505	0.0642659	0.266954	-0.644634	-0.258722
0.52	1.16024	0.0656004	0.270177	-0.647579	-0.262112
0.525	1.15542	0.0669506	0.273415	-0.650542	-0.265518
0.53	1.15061	0.0683163	0.276668	-0.653522	-0.268943
0.535	1.14581	0.0696978	0.279935	-0.656521	-0.272384
0.54	1.14101	0.071095	0.283218	-0.659538	-0.275842
0.545	1.13621	0.0725081	0.286515	-0.662573	-0.279318
0.55	1.13142	0.073937	0.289828	-0.665627	-0.28281
0.555	1.12663	0.0753819	0.293156	-0.6687	-0.28632
0.56	1.12185	0.0768428	0.2965	-0.671793	-0.289846
0.565	1.11707	0.0783197	0.299859	-0.674905	-0.29339
0.57	1.1123	0.0798127	0.303233	-0.678036	-0.296951
0.575	1.10753	0.0813219	0.306624	-0.681188	-0.300528
0.58	1.10277	0.0828474	0.31003	-0.68436	-0.304123
0.585	1.09802	0.0843891	0.313451	-0.687552	-0.307735
0.59	1.09326	0.0859471	0.316889	-0.690766	-0.311363
0.595	1.08852	0.0875216	0.320343	-0.694	-0.315008
0.6	1.08378	0.0891125	0.323813	-0.697255	-0.31867
0.605	1.07904	0.09072	0.327299	-0.700532	-0.322349
0.61	1.07432	0.092344	0.330802	-0.703831	-0.326045
0.615	1.06959	0.0939846	0.334321	-0.707152	-0.329758
0.62	1.06488	0.0956419	0.337857	-0.710496	-0.333487
0.625	1.06016	0.097316	0.341409	-0.713861	-0.337233
0.63	1.05546	0.0990069	0.344979	-0.71725	-0.340995
0.635	1.05076	0.100715	0.348565	-0.720662	-0.344775
0.64	1.04607	0.102439	0.352168	-0.724097	-0.34857
0.645	1.04138	0.104181	0.355789	-0.727556	-0.352383
0.65	1.0367	0.10594	0.359426	-0.731039	-0.356211
0.655	1.03202	0.107715	0.363082	-0.734546	-0.360056
0.66	1.02736	0.109508	0.366754	-0.738078	-0.363918
0.665	1.0227	0.111319	0.370445	-0.741635	-0.367795
0.67	1.01804	0.113146	0.374153	-0.745216	-0.371689
0.675	1.01339	0.114991	0.377879	-0.748823	-0.375599
0.68	1.00875	0.116853	0.381623	-0.752456	-0.379526
0.685	1.00412	0.118732	0.385385	-0.756114	-0.383468
0.69	0.999495	0.120629	0.389166	-0.759799	-0.387426
0.695	0.994876	0.122544	0.392965	-0.76351	-0.391401
0.7	0.990265	0.124476	0.396783	-0.767248	-0.395391
0.705	0.985661	0.126426	0.400619	-0.771013	-0.399397
0.71	0.981064	0.128394	0.404474	-0.774806	-0.403418
0.715	0.976475	0.130379	0.408348	-0.778626	-0.407456
0.72	0.971894	0.132383	0.412241	-0.782474	-0.411508
0.725	0.967321	0.134404	0.416153	-0.78635	-0.415577
0.73	0.962755	0.136443	0.420085	-0.790255	-0.41966
0.735	0.958198	0.1385	0.424036	-0.794189	-0.423759
0.74	0.953649	0.140576	0.428007	-0.798151	-0.427873
0.745	0.949109	0.142669	0.431998	-0.802144	-0.432003
0.75	0.944576	0.144781	0.436009	-0.806165	-0.436147
0.755	0.940053	0.146911	0.44004	-0.810217	-0.440306
0.76	0.935538	0.149059	0.444091	-0.814299	-0.44448
0.765	0.931032	0.151225	0.448162	-0.818411	-0.448668
0.77	0.926534	0.15341	0.452254	-0.822555	-0.452871
0.775	0.922046	0.155614	0.456367	-0.826729	-0.457088
0.78	0.917567	0.157836	0.460501	-0.830935	-0.46132
0.785	0.913097	0.160076	0.464655	-0.835172	-0.465566
0.79	0.908636	0.162336	0.468831	-0.839441	-0.469826
0.795	0.904185	0.164614	0.473028	-0.843743	-0.474099
0.8	0.899744	0.16691	0.477247	-0.848076	-0.478387
0.805	0.895313	0.169226	0.481488	-0.852443	-0.482688
0.81	0.890891	0.17156	0.48575	-0.856842	-0.487002
0.815	0.886479	0.173913	0.490034	-0.861275	-0.491329
0.82	0.882078	0.176286	0.49434	-0.865741	-0.49567
0.825	0.877687	0.178677	0.498669	-0.870241	-0.500024
0.83	0.873306	0.181087	0.50302	-0.874775	-0.50439
0.835	0.868936	0.183517	0.507394	-0.879343	-0.508768
0.84	0.864577	0.185965	0.511791	-0.883946	-0.513159
0.845	0.860228	0.188433	0.516211	-0.888583	-0.517563
0.85	0.855891	0.190921	0.520653	-0.893255	-0.521978
0.855	0.851565	0.193427	0.52512	-0.897962	-0.526404
0.86	0.84725	0.195953	0.52961	-0.902704	-0.530843
0.865	0.842946	0.198499	0.534123	-0.907482	-0.535292
0.87	0.838654	0.201064	0.53866	-0.912295	-0.539753
0.875	0.834374	0.203648	0.543222	-0.917144	-0.544224
0.88	0.830105	0.206252	0.547808	-0.92203	-0.548706
0.885	0.825849	0.208876	0.552418	-0.926951	-0.553198
0.89	0.821605	0.211519	0.557053	-0.931909	-0.557699
0.895	0.817373	0.214182	0.561712	-0.936903	-0.562211
0.9	0.813154	0.216865	0.566397	-0.941934	-0.566732
0.905	0.808948	0.219568	0.571106	-0.947001	-0.571262
0.91	0.804754	0.222291	0.575841	-0.952105	-0.575801
0.915	0.800573	0.225034	0.580602	-0.957246	-0.580349
0.92	0.796406	0.227796	0.585388	-0.962424	-0.584904
0.925	0.792252	0.230579	0.5902	-0.967639	-0.589467
0.93	0.788111	0.233382	0.595038	-0.972891	-0.594038
0.935	0.783984	0.236204	0.599903	-0.97818	-0.598616
0.94	0.779871	0.239047	0.604794	-0.983505	-0.603201
0.945	0.775772	0.24191	0.609711	-0.988868	-0.607792
0.95	0.771687	0.244794	0.614656	-0.994268	-0.612389
0.955	0.767616	0.247697	0.619627	-0.999705	-0.616991
0.96	0.763561	0.250621	0.624625	-1.00518	-0.621599
0.965	0.759519	0.253566	0.629651	-1.01069	-0.626211
0.97	0.755493	0.25653	0.634705	-1.01624	-0.630828
0.975	0.751482	0.259516	0.639786	-1.02182	-0.635448
0.98	0.747486	0.262521	0.644895	-1.02744	-0.640072
0.985	0.743506	0.265547	0.650032	-1.0331	-0.644698
0.99	0.739541	0.268594	0.655198	-1.03879	-0.649327
0.995	0.735593	0.271661	0.660392	-1.04451	-0.653958
1	0.73166	0.274749	0.665614	-1.05028	-0.658589
1.005	0.727743	0.277857	0.670866	-1.05608	-0.663222
1.01	0.723843	0.280986	0.676146	-1.06191	-0.667855
1.015	0.71996	0.284136	0.681456	-1.06777	-0.672488
1.02	0.716094	0.287306	0.686794	-1.07368	-0.677119
1.025	0.712244	0.290497	0.692163	-1.07961	-0.681749
1.03	0.708412	0.293709	0.697561	-1.08558	-0.686377
1.035	0.704598	0.296941	0.702989	-1.09158	-0.691001
1.04	0.700801	0.300194	0.708447	-1.09761	-0.695623
1.045	0.697022	0.303468	0.713935	-1.10367	-0.70024
1.05	0.693261	0.306763	0.719453	-1.10976	-0.704852
1.055	0.689519	0.310079	0.725002	-1.11589	-0.709459
1.06	0.685795	0.313416	0.730581	-1.12204	-0.714059
1.065	0.68209	0.316773	0.736191	-1.12822	-0.718652
1.07	0.678403	0.320151	0.741832	-1.13443	-0.723238
1.075	0.674736	0.32355	0.747505	-1.14066	-0.727814
1.08	0.671089	0.32697	0.753208	-1.14692	-0.732381
1.085	0.667461	0.330411	0.758943	-1.15321	-0.736938
1.09	0.663853	0.333872	0.764709	-1.15951	-0.741484
1.095	0.660265	0.337355	0.770506	-1.16585	-0.746018
1.1	0.656698	0.340858	0.776335	-1.1722	-0.750539
1.105	0.653151	0.344382	0.782196	-1.17857	-0.755045
1.11	0.649625	0.347928	0.788089	-1.18496	-0.759538
1.115	0.64612	0.351493	0.794014	-1.19137	-0.764014
1.12	0.642637	0.35508	0.799971	-1.1978	-0.768474
1.125	0.639175	0.358688	0.80596	-1.20424	-0.772915
1.13	0.635734	0.362316	0.811981	-1.21069	-0.777339
1.135	0.632316	0.365965	0.818034	-1.21715	-0.781742
1.14	0.62892	0.369635	0.82412	-1.22363	-0.786124
1.145	0.625546	0.373325	0.830238	-1.23011	-0.790485
1.15	0.622196	0.377036	0.836389	-1.2366	-0.794822
1.155	0.618868	0.380768	0.842572	-1.24309	-0.799135
1.16	0.615563	0.38452	0.848787	-1.24959	-0.803422
1.165	0.612283	0.388293	0.855035	-1.25608	-0.807683
1.17	0.609025	0.392087	0.861316	-1.26258	-0.811917
1.175	0.605792	0.395901	0.867629	-1.26907	-0.816121
1.18	0.602583	0.399735	0.873974	-1.27555	-0.820294
1.185	0.599399	0.40359	0.880352	-1.28202	-0.824436
1.19	0.596239	0.407465	0.886762	-1.28849	-0.828546
1.195	0.593105	0.411361	0.893204	-1.29494	-0.83262
1.2	0.589995	0.415276	0.899679	-1.30137	-0.83666
1.205	0.586912	0.419212	0.906186	-1.30778	-0.840662
1.21	0.583854	0.423168	0.912725	-1.31418	-0.844626
1.215	0.580822	0.427144	0.919296	-1.32054	-0.84855
1.22	0.577816	0.43114	0.925898	-1.32688	-0.852433
1.225	0.574837	0.435155	0.932533	-1.33319	-0.856273
1.23	0.571885	0.439191	0.939199	-1.33946	-0.860069
1.235	0.56896	0.443246	0.945896	-1.3457	-0.863819
1.24	0.566062	0.44732	0.952625	-1.3519	-0.867523
1.245	0.563192	0.451415	0.959384	-1.35805	-0.871177
1.25	0.56035	0.455528	0.966174	-1.36415	-0.874781
1.255	0.557536	0.459661	0.972995	-1.37021	-0.878333
1.26	0.55475	0.463813	0.979846	-1.3762	-0.881832
1.265	0.551993	0.467984	0.986727	-1.38214	-0.885275
1.27	0.549264	0.472174	0.993638	-1.38802	-0.888662
1.275	0.546565	0.476383	1.00058	-1.39383	-0.891991
1.28	0.543896	0.480611	1.00755	-1.39957	-0.895259
1.285	0.541256	0.484857	1.01454	-1.40523	-0.898466
1.29	0.538646	0.489122	1.02157	-1.41082	-0.90161
1.295	0.536066	0.493405	1.02863	-1.41632	-0.904689
1.3	0.533516	0.497706	1.03571	-1.42173	-0.907701
1.305	0.530997	0.502025	1.04282	-1.42706	-0.910644
1.31	0.528509	0.506362	1.04995	-1.43228	-0.913518
1.315	0.526052	0.510717	1.05711	-1.43741	-0.91632
1.32	0.523626	0.515089	1.0643	-1.44243	-0.919048
1.325	0.521232	0.519479	1.07151	-1.44734	-0.921701
1.33	0.51887	0.523885	1.07875	-1.45214	-0.924278
1.335	0.51654	0.528309	1.08601	-1.45681	-0.926776
1.34	0.514242	0.53275	1.09329	-1.46137	-0.929193
1.345	0.511977	0.537207	1.1006	-1.46579	-0.931529
1.35	0.509744	0.541681	1.10793	-1.47008	-0.933781
1.355	0.507545	0.546171	1.11528	-1.47423	-0.935948
1.36	0.505378	0.550678	1.12265	-1.47824	-0.938029
1.365	0.503245	0.5552	1.13004	-1.48209	-0.94002
1.37	0.501146	0.559738	1.13745	-1.4858	-0.941922
1.375	0.49908	0.564291	1.14488	-1.48935	-0.943732
1.38	0.497048	0.56886	1.15233	-1.49273	-0.945448
1.385	0.49505	0.573443	1.15979	-1.49595	-0.94707
1.39	0.493087	0.578042	1.16727	-1.49899	-0.948595
1.395	0.491158	0.582655	1.17477	-1.50186	-0.950023
1.4	0.489264	0.587282	1.18228	-1.50454	-0.951352
1.405	0.487405	0.591923	1.1898	-1.50704	-0.95258
1.41	0.485581	0.596579	1.19733	-1.50934	-0.953705
1.415	0.483792	0.601248	1.20488	-1.51145	-0.954728
1.42	0.482038	0.60593	1.21244	-1.51336	-0.955645
1.425	0.48032	0.610626	1.22	-1.51507	-0.956457
1.43	0.478637	0.615334	1.22758	-1.51656	-0.957162
1.435	0.47699	0.620055	1.23516	-1.51784	-0.957758
1.44	0.475379	0.624788	1.24275	-1.51891	-0.958245
1.445	0.473804	0.629534	1.25035	-1.51975	-0.958622
1.45	0.472266	0.634291	1.25794	-1.52037	-0.958887
1.455	0.470763	0.63906	1.26555	-1.52075	-0.95904
1.46	0.469297	0.64384	1.27315	-1.52091	-0.959079
1.465	0.467867	0.648631	1.28075	-1.52083	-0.959005
1.47	0.466473	0.653433	1.28836	-1.52051	-0.958815
1.475	0.465116	0.658246	1.29596	-1.51995	-0.95851
1.48	0.463796	0.663068	1.30356	-1.51914	-0.958089
1.485	0.462512	0.6679	1.31116	-1.51808	-0.957551
1.49	0.461265	0.672742	1.31875	-1.51678	-0.956896
1.495	0.460055	0.677594	1.32633	-1.51522	-0.956123
1.5	0.458882	0.682454	1.33391	-1.5134	-0.955233
1.505	0.457745	0.687323	1.34147	-1.51133	-0.954224
1.51	0.456645	0.692201	1.34903	-1.50901	-0.953097
1.515	0.455582	0.697087	1.35658	-1.50642	-0.951851
1.52	0.454556	0.70198	1.36411	-1.50357	-0.950487
1.525	0.453567	0.706881	1.37163	-1.50046	-0.949005
1.53	0.452615	0.71179	1.37913	-1.49708	-0.947404
1.535	0.451699	0.716705	1.38661	-1.49344	-0.945685
1.54	0.45082	0.721627	1.39408	-1.48954	-0.943848
1.545	0.449978	0.726556	1.40153	-1.48538	-0.941894
1.55	0.449172	0.73149	1.40896	-1.48095	-0.939823
1.555	0.448403	0.736431	1.41636	-1.47626	-0.937635
1.56	0.44767	0.741377	1.42374	-1.47131	-0.935332
1.565	0.446974	0.746328	1.4311	-1.4661	-0.932913
1.57	0.446314	0.751285	1.43843	-1.46063	-0.93038
1.575	0.44569	0.756245	1.44573	-1.4549	-0.927734
1.58	0.445103	0.761211	1.45301	-1.44891	-0.924975
1.585	0.444551	0.76618	1.46025	-1.44267	-0.922104
1.59	0.444035	0.771154	1.46746	-1.43618	-0.919123
1.595	0.443555	0.776131	1.47464	-1.42943	-0.916032
1.6	0.443111	0.781111	1.48179	-1.42244	-0.912833
1.605	0.442702	0.786094	1.4889	-1.41521	-0.909527
1.61	0.442328	0.79108	1.49598	-1.40774	-0.906116
1.615	0.44199	0.796069	1.50302	-1.40003	-0.902601
1.62	0.441686	0.801059	1.51002	-1.39209	-0.898982
1.625	0.441417	0.806052	1.51698	-1.38391	-0.895263
1.63	0.441182	0.811047	1.5239	-1.37552	-0.891444
1.635	0.440982	0.816043	1.53078	-1.3669	-0.887528
1.64	0.440817	0.82104	1.53761	-1.35806	-0.883515
1.645	0.440685	0.826038	1.5444	-1.34901	-0.879408
1.65	0.440586	0.831037	1.55115	-1.33976	-0.875208
1.655	0.440522	0.836037	1.55785	-1.3303	-0.870917
1.66	0.44049	0.841037	1.5645	-1.32064	-0.866538
1.665	0.440492	0.846037	1.5711	-1.3108	-0.862072
1.67	0.440526	0.851036	1.57765	-1.30076	-0.857521
1.675	0.440593	0.856036	1.58416	-1.29055	-0.852887
1.68	0.440692	0.861035	1.59061	-1.28016	-0.848172
1.685	0.440823	0.866033	1.59701	-1.2696	-0.843378
1.69	0.440986	0.871031	1.60336	-1.25887	-0.838508
1.695	0.44118	0.876027	1.60965	-1.24799	-0.833563
1.7	0.441405	0.881022	1.61589	-1.23696	-0.828546
1.705	0.441662	0.886015	1.62208	-1.22578	-0.823458
1.71	0.441948	0.891007	1.62821	-1.21446	-0.818303
1.715	0.442266	0.895997	1.63428	-1.203	-0.813081
1.72	0.442613	0.900985	1.64029	-1.19142	-0.807796
1.725	0.44299	0.905971	1.64625	-1.17972	-0.80245
1.73	0.443396	0.910954	1.65215	-1.1679	-0.797044
1.735	0.443832	0.915935	1.65799	-1.15598	-0.791581
1.74	0.444296	0.920914	1.66377	-1.14395	-0.786064
1.745	0.444788	0.925889	1.66949	-1.13182	-0.780493
1.75	0.445309	0.930862	1.67515	-1.11961	-0.774873
1.755	0.445858	0.935832	1.68075	-1.10731	-0.769204
1.76	0.446434	0.940798	1.68628	-1.09493	-0.763489
1.765	0.447037	0.945762	1.69176	-1.08248	-0.75773
1.77	0.447668	0.950722	1.69717	-1.06996	-0.75193
1.775	0.448324	0.955679	1.70252	-1.05739	-0.74609
1.78	0.449007	0.960632	1.70781	-1.04476	-0.740212
1.785	0.449716	0.965581	1.71303	-1.03208	-0.734299
1.79	0.45045	0.970527	1.71819	-1.01936	-0.728353
1.795	0.45121	0.975469	1.72329	-1.0066	-0.722376
1.8	0.451994	0.980407	1.72832	-0.993812	-0.716369
1.805	0.452803	0.985341	1.73329	-0.980997	-0.710336
1.81	0.453636	0.990272	1.73819	-0.968162	-0.704277
1.815	0.454493	0.995198	1.74304	-0.955311	-0.698195
1.82	0.455374	1.00012	1.74781	-0.942451	-0.692091
1.825	0.456277	1.00504	1.75252	-0.929585	-0.685968
1.83	0.457204	1.00995	1.75717	-0.91672	-0.679827
1.835	0.458153	1.01486	1.76176	-0.903859	-0.673671
1.84	0.459124	1.01976	1.76628	-0.891008	-0.6675
1.845	0.460117	1.02466	1.77073	-0.878171	-0.661317
1.85	0.461131	1.02956	1.77512	-0.865353	-0.655124
1.855	0.462167	1.03445	1.77945	-0.852558	-0.648922
1.86	0.463224	1.03934	1.78371	-0.83979	-0.642712
1.865	0.464301	1.04422	1.78791	-0.827053	-0.636497
1.87	0.465398	1.0491	1.79205	-0.814351	-0.630277
1.875	0.466515	1.05397	1.79612	-0.801688	-0.624056
1.88	0.467652	1.05884	1.80013	-0.789068	-0.617833
1.885	0.468807	1.06371	1.80407	-0.776495	-0.61161
1.89	0.469982	1.06857	1.80795	-0.763971	-0.605389
1.895	0.471175	1.07342	1.81177	-0.7515	-0.599171
1.9	0.472387	1.07827	1.81553	-0.739086	-0.592958
1.905	0.473616	1.08312	1.81923	-0.726731	-0.586751
1.91	0.474863	1.08796	1.82286	-0.714438	-0.58055
1.915	0.476128	1.0928	1.82643	-0.70221	-0.574358
1.92	0.477409	1.09763	1.82994	-0.690051	-0.568176
1.925	0.478707	1.10246	1.83339	-0.677961	-0.562004
1.93	0.480021	1.10729	1.83678	-0.665945	-0.555843
1.935	0.481352	1.11211	1.84011	-0.654003	-0.549696
1.94	0.482698	1.11692	1.84338	-0.64214	-0.543562
1.945	0.484059	1.12173	1.84659	-0.630355	-0.537443
1.95	0.485436	1.12654	1.84975	-0.618653	-0.53134
1.955	0.486828	1.13134	1.85284	-0.607033	-0.525254
1.96	0.488234	1.13614	1.85587	-0.595499	-0.519185
1.965	0.489654	1.14093	1.85885	-0.584052	-0.513135
1.97	0.491089	1.14572	1.86177	-0.572694	-0.507104
1.975	0.492537	1.15051	1.86463	-0.561425	-0.501093
1.98	0.493998	1.15529	1.86744	-0.550248	-0.495104
1.985	0.495473	1.16007	1.87019	-0.539163	-0.489135
1.99	0.496961	1.16484	1.87289	-0.528173	-0.48319
1.995	0.498461	1.16961	1.87553	-0.517277	-0.477267
2	0.499973	1.17438	1.87812	-0.506477	-0.471368
2.005	0.501498	1.17914	1.88065	-0.495774	-0.465493
2.01	0.503034	1.1839	1.88313	-0.485169	-0.459643
2.015	0.504582	1.18865	1.88555	-0.474663	-0.453819
2.02	0.506141	1.1934	1.88793	-0.464255	-0.44802
2.025	0.507712	1.19815	1.89025	-0.453947	-0.442248
2.03	0.509293	1.20289	1.89252	-0.44374	-0.436503
2.035	0.510884	1.20763	1.89474	-0.433634	-0.430786
2.04	0.512486	1.21237	1.8969	-0.423629	-0.425096
2.045	0.514098	1.2171	1.89902	-0.413725	-0.419435
2.05	0.515719	1.22183	1.90109	-0.403923	-0.413802
2.055	0.517351	1.22656	1.90311	-0.394224	-0.408199
2.06	0.518991	1.23128	1.90508	-0.384626	-0.402625
2.065	0.520641	1.236	1.90701	-0.375131	-0.39708
2.07	0.522299	1.24072	1.90888	-0.365739	-0.391566
2.075	0.523966	1.24543	1.91071	-0.356448	-0.386082
2.08	0.525641	1.25014	1.91249	-0.34726	-0.380628
2.085	0.527325	1.25485	1.91423	-0.338174	-0.375206
2.09	0.529017	1.25956	1.91592	-0.329191	-0.369814
2.095	0.530716	1.26426	1.91756	-0.320309	-0.364454
2.1	0.532423	1.26896	1.91917	-0.311529	-0.359125
2.105	0.534137	1.27366	1.92072	-0.30285	-0.353828
2.11	0.535858	1.27835	1.92224	-0.294273	-0.348562
2.115	0.537586	1.28304	1.92371	-0.285796	-0.343329
2.12	0.539321	1.28773	1.92514	-0.277419	-0.338127
2.125	0.541063	1.29242	1.92653	-0.269143	-0.332958
2.13	0.54281	1.2971	1.92787	-0.260966	-0.327821
2.135	0.544564	1.30179	1.92918	-0.252888	-0.322717
2.14	0.546324	1.30647	1.93044	-0.244908	-0.317645
2.145	0.548089	1.31114	1.93167	-0.237027	-0.312605
2.15	0.54986	1.31582	1.93285	-0.229243	-0.307598
2.155	0.551636	1.32049	1.934	-0.221556	-0.302624
2.16	0.553418	1.32516	1.9351	-0.213965	-0.297683
2.165	0.555204	1.32983	1.93617	-0.20647	-0.292774
2.17	0.556996	1.3345	1.93721	-0.19907	-0.287898
2.175	0.558792	1.33917	1.9382	-0.191765	-0.283054
2.18	0.560592	1.34383	1.93916	-0.184553	-0.278243
2.185	0.562397	1.3485	1.94008	-0.177435	-0.273465
2.19	0.564206	1.35316	1.94097	-0.170408	-0.26872
2.195	0.566019	1.35782	1.94182	-0.163474	-0.264007
2.2	0.567835	1.36248	1.94264	-0.15663	-0.259327
2.205	0.569656	1.36713	1.94342	-0.149877	-0.254679
2.21	0.57148	1.37179	1.94417	-0.143213	-0.250064
2.215	0.573307	1.37644	1.94489	-0.136638	-0.245481
2.22	0.575137	1.3811	1.94557	-0.130151	-0.24093
2.225	0.57697	1.38575	1.94622	-0.123751	-0.236412
2.23	0.578807	1.3904	1.94684	-0.117437	-0.231926
2.235	0.580646	1.39505	1.94743	-0.111209	-0.227472
2.24	0.582487	1.3997	1.94798	-0.105066	-0.22305
2.245	0.584331	1.40434	1.94851	-0.0990069	-0.21866
2.25	0.586177	1.40899	1.949	-0.0930312	-0.214302
2.255	0.588026	1.41364	1.94947	-0.0871379	-0.209975
2.26	0.589876	1.41828	1.94991	-0.0813263	-0.20568
2.265	0.591729	1.42293	1.95031	-0.0755956	-0.201417
2.27	0.593583	1.42757	1.95069	-0.0699449	-0.197185
2.275	0.595438	1.43221	1.95104	-0.0643735	-0.192984
2.28	0.597296	1.43685	1.95136	-0.0588805	-0.188814
2.285	0.599154	1.4415	1.95166	-0.0534652	-0.184675
2.29	0.601014	1.44614	1.95192	-0.0481267	-0.180567
2.295	0.602875	1.45078	1.95216	-0.0428642	-0.17649
2.3	0.604737	1.45542	1.95238	-0.0376769	-0.172443
2.305	0.6066	1.46006	1.95257	-0.0325641	-0.168426
2.31	0.608463	1.4647	1.95273	-0.0275249	-0.16444
2.315	0.610328	1.46934	1.95287	-0.0225585	-0.160484
2.32	0.612192	1.47398	1.95298	-0.0176642	-0.156558
2.325	0.614057	1.47862	1.95307	-0.0128411	-0.152662
2.33	0.615923	1.48325	1.95313	-0.00808842	-0.148795
2.335	0.617789	1.48789	1.95317	-0.00340542	-0.144958
2.34	0.619654	1.49253	1.95319	0.0012087	-0.14115
2.345	0.62152	1.49717	1.95318	0.00575472	-0.137372
2.35	0.623385	1.50181	1.95316	0.0102334	-0.133622
2.355	0.625251	1.50645	1.9531	0.0146455	-0.129902
2.36	0.627116	1.51109	1.95303	0.0189919	-0.12621
2.365	0.62898	1.51573	1.95294	0.0232731	-0.122546
2.37	0.630844	1.52037	1.95282	0.0274901	-0.118911
2.375	0.632708	1.52501	1.95268	0.0316436	-0.115304
2.38	0.63457	1.52965	1.95252	0.0357343	-0.111726
2.385	0.636432	1.53429	1.95235	0.0397629	-0.108175
2.39	0.638293	1.53893	1.95215	0.0437301	-0.104652
2.395	0.640153	1.54357	1.95193	0.0476368	-0.101156
2.4	0.642012	1.54821	1.95169	0.0514836	-0.0976881
2.405	0.643869	1.55285	1.95143	0.0552712	-0.0942471
2.41	0.645725	1.5575	1.95116	0.0590003	-0.0908332
2.415	0.64758	1.56214	1.95086	0.0626717	-0.0874462
2.42	0.649434	1.56678	1.95055	0.066286	-0.084086
2.425	0.651286	1.57143	1.95022	0.069844	-0.0807523
2.43	0.653136	1.57607	1.94987	0.0733462	-0.0774449
2.435	0.654985	1.58072	1.9495	0.0767934	-0.0741638
2.44	0.656831	1.58536	1.94912	0.0801863	-0.0709088
2.445	0.658676	1.59001	1.94872	0.0835254	-0.0676796
2.45	0.660519	1.59466	1.9483	0.0868115	-0.0644762
2.455	0.66236	1.59931	1.94786	0.0900452	-0.0612983
2.46	0.664199	1.60396	1.94741	0.0932272	-0.0581458
2.465	0.666036	1.60861	1.94695	0.0963581	-0.0550185
2.47	0.66787	1.61326	1.94647	0.0994384	-0.0519163
2.475	0.669702	1.61791	1.94597	0.102469	-0.048839
2.48	0.671532	1.62257	1.94546	0.10545	-0.0457864
2.485	0.67336	1.62722	1.94493	0.108383	-0.0427583
2.49	0.675184	1.63187	1.94439	0.111267	-0.0397547
2.495	0.677007	1.63653	1.94383	0.114105	-0.0367753
2.5	0.678826	1.64119	1.94326	0.116895	-0.03382
2.505	0.680643	1.64585	1.94268	0.119639	-0.0308886
2.51	0.682457	1.65051	1.94208	0.122337	-0.027981
2.515	0.684268	1.65517	1.94147	0.12499	-0.025097
2.52	0.686076	1.65983	1.94084	0.127599	-0.0222364
2.525	0.687882	1.66449	1.9402	0.130163	-0.019399
2.53	0.689684	1.66915	1.93955	0.132685	-0.0165849
2.535	0.691483	1.67382	1.93889	0.135163	-0.0137936
2.54	0.693279	1.67849	1.93821	0.137599	-0.0110252
2.545	0.695072	1.68315	1.93752	0.139993	-0.0082795
2.55	0.696862	1.68782	1.93682	0.142345	-0.00555626
2.555	0.698648	1.69249	1.93611	0.144657	-0.00285538
2.56	0.700431	1.69716	1.93539	0.146928	-0.000176689
2.565	0.70221	1.70184	1.93465	0.14916	0.00247995
2.57	0.703986	1.70651	1.93391	0.151352	0.00511469
2.575	0.705758	1.71118	1.93315	0.153506	0.00772768
2.58	0.707527	1.71586	1.93238	0.155621	0.0103191
2.585	0.709292	1.72054	1.93161	0.157699	0.012889
2.59	0.711054	1.72522	1.93082	0.159739	0.0154376
2.595	0.712812	1.7299	1.93002	0.161742	0.0179651
2.6	0.714566	1.73458	1.92921	0.163708	0.0204716
2.605	0.716316	1.73927	1.92839	0.165639	0.0229572
2.61	0.718062	1.74395	1.92756	0.167534	0.025422
2.615	0.719804	1.74864	1.92673	0.169394	0.0278663
2.62	0.721543	1.75333	1.92588	0.171219	0.0302901
2.625	0.723277	1.75802	1.92502	0.173011	0.0326936
2.63	0.725007	1.76271	1.92416	0.174768	0.0350769
2.635	0.726733	1.7674	1.92328	0.176492	0.0374403
2.64	0.728455	1.77209	1.9224	0.178183	0.0397837
2.645	0.730173	1.77679	1.92151	0.179841	0.0421073
2.65	0.731887	1.78149	1.92061	0.181468	0.0444114
2.655	0.733596	1.78618	1.9197	0.183062	0.0466959
2.66	0.735301	1.79088	1.91879	0.184625	0.0489611
2.665	0.737002	1.79559	1.91787	0.186158	0.0512071
2.67	0.738698	1.80029	1.91694	0.187659	0.053434
2.675	0.74039	1.805	1.916	0.189131	0.0556419
2.68	0.742078	1.8097	1.91505	0.190573	0.0578309
2.685	0.743761	1.81441	1.9141	0.191985	0.0600013
2.69	0.745439	1.81912	1.91314	0.193368	0.0621531
2.695	0.747113	1.82383	1.91217	0.194723	0.0642865
2.7	0.748782	1.82854	1.9112	0.196049	0.0664015
2.705	0.750447	1.83326	1.91022	0.197347	0.0684983
2.71	0.752107	1.83798	1.90923	0.198617	0.070577
2.715	0.753763	1.84269	1.90824	0.19986	0.0726378
2.72	0.755413	1.84741	1.90724	0.201076	0.0746807
2.725	0.757059	1.85213	1.90623	0.202266	0.076706
2.73	0.7587	1.85686	1.90522	0.203429	0.0787136
2.735	0.760337	1.86158	1.9042	0.204566	0.0807037
2.74	0.761968	1.86631	1.90318	0.205678	0.0826765
2.745	0.763595	1.87104	1.90215	0.206764	0.0846321
2.75	0.765216	1.87577	1.90112	0.207825	0.0865705
2.755	0.766833	1.8805	1.90008	0.208861	0.0884919
2.76	0.768445	1.88523	1.89904	0.209873	0.0903964
2.765	0.770052	1.88997	1.89799	0.210861	0.0922842
2.77	0.771654	1.8947	1.89693	0.211825	0.0941552
2.775	0.773251	1.89944	1.89587	0.212765	0.0960097
2.78	0.774843	1.90418	1.89481	0.213682	0.0978478
2.785	0.77643	1.90892	1.89374	0.214577	0.0996695
2.79	0.778011	1.91366	1.89267	0.215448	0.101475
2.795	0.779588	1.91841	1.89159	0.216297	0.103264
2.8	0.781159	1.92316	1.89051	0.217124	0.105038
2.805	0.782726	1.9279	1.88942	0.217929	0.106795
2.81	0.784287	1.93265	1.88833	0.218712	0.108537
2.815	0.785843	1.93741	1.88724	0.219474	0.110263
2.82	0.787394	1.94216	1.88614	0.220215	0.111973
2.825	0.788939	1.94691	1.88504	0.220935	0.113668
2.83	0.790479	1.95167	1.88394	0.221635	0.115347
2.835	0.792014	1.95643	1.88283	0.222314	0.117011
2.84	0.793544	1.96119	1.88172	0.222973	0.11866
2.845	0.795068	1.96595	1.8806	0.223613	0.120294
2.85	0.796587	1.97072	1.87949	0.224232	0.121913
2.855	0.798101	1.97548	1.87836	0.224833	0.123517
2.86	0.799609	1.98025	1.87724	0.225414	0.125106
2.865	0.801112	1.98502	1.87611	0.225976	0.126681
2.87	0.80261	1.98979	1.87498	0.22652	0.12824
2.875	0.804102	1.99456	1.87385	0.227045	0.129786
2.88	0.805589	1.99933	1.87272	0.227552	0.131317
2.885	0.80707	2.00411	1.87158	0.228041	0.132833
2.89	0.808546	2.00889	1.87044	0.228512	0.134336
2.895	0.810017	2.01367	1.86929	0.228965	0.135824
2.9	0.811482	2.01845	1.86815	0.229401	0.137298
2.905	0.812941	2.02323	1.867	0.22982	0.138759
2.91	0.814395	2.02801	1.86585	0.230222	0.140205
2.915	0.815843	2.0328	1.8647	0.230607	0.141638
2.92	0.817286	2.03759	1.86355	0.230976	0.143057
2.925	0.818724	2.04237	1.86239	0.231328	0.144462
2.93	0.820156	2.04716	1.86124	0.231664	0.145854
2.935	0.821582	2.05196	1.86008	0.231985	0.147232
2.94	0.823003	2.05675	1.85892	0.232289	0.148597
2.945	0.824418	2.06155	1.85776	0.232578	0.149949
2.95	0.825828	2.06634	1.8566	0.232851	0.151288
2.955	0.827232	2.07114	1.85543	0.233109	0.152613
2.96	0.82863	2.07594	1.85427	0.233352	0.153926
2.965	0.830023	2.08074	1.8531	0.23358	0.155225
2.97	0.83141	2.08555	1.85193	0.233793	0.156512
2.975	0.832792	2.09035	1.85076	0.233992	0.157786
2.98	0.834168	2.09516	1.84959	0.234177	0.159048
2.985	0.835538	2.09997	1.84842	0.234347	0.160296
2.99	0.836903	2.10478	1.84725	0.234503	0.161533
2.995	0.838262	2.10959	1.84608	0.234646	0.162756
3	0.839615	2.1144	1.8449	0.234774	0.163968
3.005	0.840963	2.11922	1.84373	0.23489	0.165167
3.01	0.842305	2.12404	1.84256	0.234991	0.166354
3.015	0.843642	2.12885	1.84138	0.23508	0.167529
3.02	0.844973	2.13367	1.8402	0.235155	0.168691
3.025	0.846298	2.13849	1.83903	0.235218	0.169842
3.03	0.847617	2.14332	1.83785	0.235268	0.170981
3.035	0.848931	2.14814	1.83668	0.235305	0.172108
3.04	0.850239	2.15297	1.8355	0.235329	0.173223
3.045	0.851542	2.1578	1.83432	0.235342	0.174327
3.05	0.852838	2.16262	1.83315	0.235342	0.175419
3.055	0.854129	2.16745	1.83197	0.23533	0.1765
3.06	0.855415	2.17229	1.83079	0.235306	0.177569
3.065	0.856694	2.17712	1.82962	0.235271	0.178626
3.07	0.857968	2.18195	1.82844	0.235223	0.179672
3.075	0.859237	2.18679	1.82726	0.235165	0.180707
3.08	0.860499	2.19163	1.82609	0.235095	0.181731
3.085	0.861756	2.19647	1.82491	0.235013	0.182744
3.09	0.863008	2.20131	1.82374	0.234921	0.183746
3.095	0.864253	2.20615	1.82256	0.234817	0.184736
3.1	0.865493	2.211	1.82139	0.234703	0.185716
3.105	0.866727	2.21584	1.82022	0.234578	0.186685
3.11	0.867956	2.22069	1.81904	0.234443	0.187643
3.115	0.869179	2.22554	1.81787	0.234297	0.18859
3.12	0.870396	2.23039	1.8167	0.23414	0.189527
3.125	0.871607	2.23524	1.81553	0.233974	0.190453
3.13	0.872813	2.24009	1.81436	0.233797	0.191369
3.135	0.874013	2.24494	1.81319	0.23361	0.192274
3.14	0.875208	2.2498	1.81202	0.233413	0.193169
3.145	0.876397	2.25465	1.81085	0.233207	0.194053
3.15	0.87758	2.25951	1.80969	0.232991	0.194927
3.155	0.878757	2.26437	1.80852	0.232765	0.195791
3.16	0.879929	2.26923	1.80736	0.23253	0.196645
3.165	0.881095	2.2741	1.8062	0.232286	0.197489
3.17	0.882256	2.27896	1.80504	0.232032	0.198323
3.175	0.883411	2.28382	1.80388	0.231769	0.199146
3.18	0.88456	2.28869	1.80272	0.231497	0.19996
3.185	0.885703	2.29356	1.80156	0.231217	0.200764
3.19	0.886841	2.29843	1.8004	0.230927	0.201558
3.195	0.887974	2.3033	1.79925	0.230629	0.202343
3.2	0.8891	2.30817	1.7981	0.230322	0.203117
3.205	0.890222	2.31304	1.79694	0.230007	0.203883
3.21	0.891337	2.31791	1.79579	0.229683	0.204638
3.215	0.892447	2.32279	1.79465	0.229351	0.205384
3.22	0.893551	2.32767	1.7935	0.229011	0.206121
3.225	0.89465	2.33254	1.79235	0.228662	0.206848
3.23	0.895743	2.33742	1.79121	0.228306	0.207566
3.235	0.896831	2.3423	1.79007	0.227941	0.208275
3.24	0.897913	2.34718	1.78893	0.227569	0.208974
3.245	0.898989	2.35207	1.78779	0.227189	0.209664
3.25	0.90006	2.35695	1.78666	0.226801	0.210346
3.255	0.901126	2.36184	1.78552	0.226406	0.211018
3.26	0.902186	2.36672	1.78439	0.226003	0.211681
3.265	0.90324	2.37161	1.78326	0.225593	0.212335
3.27	0.904289	2.3765	1.78213	0.225176	0.21298
3.275	0.905332	2.38139	1.78101	0.224751	0.213616
3.28	0.90637	2.38628	1.77988	0.224319	0.214244
3.285	0.907402	2.39117	1.77876	0.223881	0.214863
3.29	0.908429	2.39607	1.77764	0.223435	0.215473
3.295	0.90945	2.40096	1.77652	0.222982	0.216074
3.3	0.910466	2.40586	1.77541	0.222522	0.216667
3.305	0.911477	2.41075	1.7743	0.222056	0.217252
3.31	0.912482	2.41565	1.77319	0.221583	0.217827
3.315	0.913482	2.42055	1.77208	0.221103	0.218395
3.32	0.914476	2.42545	1.77097	0.220617	0.218954
3.325	0.915465	2.43035	1.76987	0.220125	0.219504
3.33	0.916448	2.43525	1.76877	0.219626	0.220047
3.335	0.917426	2.44016	1.76767	0.219121	0.220581
3.34	0.918399	2.44506	1.76657	0.218609	0.221107
3.345	0.919366	2.44997	1.76548	0.218092	0.221624
3.35	0.920328	2.45487	1.76439	0.217568	0.222134
3.355	0.921284	2.45978	1.7633	0.217038	0.222636
3.36	0.922236	2.46469	1.76222	0.216503	0.223129
3.365	0.923182	2.4696	1.76114	0.215962	0.223615
3.37	0.924122	2.47451	1.76006	0.215414	0.224092
3.375	0.925058	2.47942	1.75898	0.214862	0.224562
3.38	0.925988	2.48433	1.7579	0.214303	0.225024
3.385	0.926913	2.48925	1.75683	0.213739	0.225478
3.39	0.927832	2.49416	1.75576	0.213169	0.225924
3.395	0.928747	2.49908	1.7547	0.212594	0.226363
3.4	0.929656	2.504	1.75364	0.212014	0.226794
3.405	0.93056	2.50891	1.75258	0.211428	0.227217
3.41	0.931458	2.51383	1.75152	0.210837	0.227633
3.415	0.932352	2.51875	1.75046	0.210241	0.228041
3.42	0.93324	2.52367	1.74941	0.20964	0.228442
3.425	0.934123	2.52859	1.74836	0.209034	0.228836
3.43	0.935001	2.53352	1.74732	0.208422	0.229221
3.435	0.935874	2.53844	1.74628	0.207806	0.2296
3.44	0.936742	2.54336	1.74524	0.207185	0.229971
3.445	0.937605	2.54829	1.7442	0.206559	0.230335
3.45	0.938462	2.55321	1.74317	0.205928	0.230692
3.455	0.939315	2.55814	1.74214	0.205293	0.231041
3.46	0.940162	2.56307	1.74111	0.204653	0.231384
3.465	0.941005	2.568	1.74009	0.204008	0.231719
3.47	0.941842	2.57293	1.73907	0.203359	0.232047
3.475	0.942675	2.57786	1.73805	0.202705	0.232368
3.48	0.943502	2.58279	1.73704	0.202047	0.232682
3.485	0.944324	2.58772	1.73603	0.201385	0.23299
3.49	0.945142	2.59265	1.73502	0.200718	0.23329
3.495	0.945954	2.59759	1.73402	0.200047	0.233583
3.5	0.946762	2.60252	1.73302	0.199372	0.23387
3.505	0.947565	2.60745	1.73202	0.198693	0.234149
3.51	0.948362	2.61239	1.73103	0.198009	0.234422
3.515	0.949155	2.61733	1.73004	0.197322	0.234688
3.52	0.949943	2.62226	1.72905	0.196631	0.234948
3.525	0.950726	2.6272	1.72807	0.195935	0.235201
3.53	0.951504	2.63214	1.72709	0.195236	0.235447
3.535	0.952278	2.63708	1.72611	0.194533	0.235686
3.54	0.953047	2.64202	1.72514	0.193827	0.235919
3.545	0.95381	2.64696	1.72417	0.193116	0.236146
3.55	0.95457	2.65191	1.72321	0.192402	0.236366
3.555	0.955324	2.65685	1.72224	0.191684	0.236579
3.56	0.956074	2.66179	1.72129	0.190963	0.236787
3.565	0.956818	2.66674	1.72033	0.190238	0.236987
3.57	0.957559	2.67168	1.71938	0.18951	0.237182
3.575	0.958294	2.67663	1.71843	0.188778	0.23737
3.58	0.959025	2.68157	1.71749	0.188043	0.237552
3.585	0.959751	2.68652	1.71655	0.187305	0.237727
3.59	0.960473	2.69147	1.71561	0.186563	0.237897
3.595	0.96119	2.69642	1.71468	0.185818	0.23806
3.6	0.961902	2.70137	1.71375	0.18507	0.238217
3.605	0.96261	2.70631	1.71282	0.184319	0.238368
3.61	0.963313	2.71127	1.7119	0.183564	0.238513
3.615	0.964011	2.71622	1.71098	0.182807	0.238652
3.62	0.964706	2.72117	1.71007	0.182046	0.238785
3.625	0.965395	2.72612	1.70916	0.181283	0.238912
3.63	0.96608	2.73107	1.70825	0.180517	0.239033
3.635	0.966761	2.73603	1.70735	0.179747	0.239148
3.64	0.967437	2.74098	1.70645	0.178975	0.239257
3.645	0.968109	2.74593	1.70556	0.178201	0.23936
3.65	0.968776	2.75089	1.70467	0.177423	0.239457
3.655	0.969439	2.75585	1.70378	0.176643	0.239549
3.66	0.970098	2.7608	1.7029	0.17586	0.239635
3.665	0.970752	2.76576	1.70202	0.175074	0.239715
3.67	0.971402	2.77072	1.70114	0.174286	0.239789
3.675	0.972048	2.77568	1.70027	0.173496	0.239858
3.68	0.972689	2.78063	1.6994	0.172703	0.239921
3.685	0.973326	2.78559	1.69854	0.171907	0.239979
3.69	0.973958	2.79055	1.69768	0.171109	0.240031
3.695	0.974587	2.79551	1.69682	0.170309	0.240077
3.7	0.975211	2.80047	1.69597	0.169506	0.240118
3.705	0.975831	2.80544	1.69512	0.168701	0.240153
3.71	0.976447	2.8104	1.69428	0.167894	0.240183
3.715	0.977059	2.81536	1.69344	0.167085	0.240208
3.72	0.977666	2.82032	1.69261	0.166273	0.240227
3.725	0.97827	2.82529	1.69178	0.165459	0.24024
3.73	0.978869	2.83025	1.69095	0.164644	0.240248
3.735	0.979464	2.83521	1.69012	0.163826	0.240251
3.74	0.980055	2.84018	1.68931	0.163006	0.240249
3.745	0.980643	2.84515	1.68849	0.162184	0.240241
3.75	0.981226	2.85011	1.68768	0.16136	0.240228
3.755	0.981805	2.85508	1.68687	0.160535	0.24021
3.76	0.98238	2.86004	1.68607	0.159707	0.240187
3.765	0.982951	2.86501	1.68527	0.158878	0.240158
3.77	0.983518	2.86998	1.68448	0.158046	0.240125
3.775	0.984081	2.87495	1.68369	0.157214	0.240086
3.78	0.984641	2.87992	1.6829	0.156379	0.240042
3.785	0.985196	2.88489	1.68212	0.155543	0.239993
3.79	0.985748	2.88985	1.68134	0.154705	0.239939
3.795	0.986296	2.89482	1.68057	0.153865	0.23988
3.8	0.986839	2.89979	1.6798	0.153024	0.239816
3.805	0.98738	2.90477	1.67903	0.152181	0.239747
3.81	0.987916	2.90974	1.67827	0.151337	0.239673
3.815	0.988449	2.91471	1.67752	0.150492	0.239594
3.82	0.988977	2.91968	1.67676	0.149645	0.23951
3.825	0.989502	2.92465	1.67601	0.148796	0.239421
3.83	0.990024	2.92963	1.67527	0.147946	0.239328
3.835	0.990542	2.9346	1.67453	0.147095	0.239229
3.84	0.991056	2.93957	1.6738	0.146243	0.239126
3.845	0.991566	2.94455	1.67306	0.145389	0.239018
3.85	0.992073	2.94952	1.67234	0.144534	0.238906
3.855	0.992576	2.95449	1.67161	0.143678	0.238788
3.86	0.993076	2.95947	1.6709	0.142821	0.238666
3.865	0.993572	2.96444	1.67018	0.141963	0.238539
3.87	0.994065	2.96942	1.66947	0.141103	0.238407
3.875	0.994554	2.9744	1.66877	0.140243	0.238271
3.88	0.995039	2.97937	1.66807	0.139381	0.23813
3.885	0.995521	2.98435	1.66737	0.138519	0.237985
3.89	0.996	2.98933	1.66668	0.137655	0.237835
3.895	0.996475	2.9943	1.66599	0.136791	0.23768
3.9	0.996947	2.99928	1.6653	0.135926	0.237521
3.905	0.997416	3.00426	1.66462	0.135059	0.237358
3.91	0.997881	3.00924	1.66395	0.134193	0.23719
3.915	0.998342	3.01422	1.66328	0.133325	0.237017
3.92	0.998801	3.0192	1.66261	0.132456	0.23684
3.925	0.999256	3.02417	1.66195	0.131587	0.236658
3.93	0.999708	3.02915	1.66129	0.130717	0.236472
3.935	1.00016	3.03413	1.66064	0.129847	0.236282
3.94	1.0006	3.03911	1.65999	0.128976	0.236087
3.945	1.00104	3.04409	1.65934	0.128104	0.235888
3.95	1.00148	3.04908	1.6587	0.127231	0.235685
3.955	1.00192	3.05406	1.65807	0.126358	0.235477
3.96	1.00235	3.05904	1.65744	0.125485	0.235265
3.965	1.00278	3.06402	1.65681	0.124611	0.235049
3.97	1.00321	3.069	1.65618	0.123737	0.234828
3.975	1.00363	3.07398	1.65557	0.122862	0.234604
3.98	1.00405	3.07897	1.65495	0.121987	0.234375
3.985	1.00447	3.08395	1.65434	0.121112	0.234141
3.99	1.00488	3.08893	1.65374	0.120236	0.233904
3.995	1.00529	3.09391	1.65314	0.11936	0.233662
4	1.0057	3.0989	1.65254	0.118483	0.233417
4.005	1.00611	3.10388	1.65195	0.117607	0.233167
4.01	1.00651	3.10886	1.65136	0.11673	0.232913
4.015	1.00691	3.11385	1.65077	0.115853	0.232655
4.02	1.00731	3.11883	1.65019	0.114976	0.232393
4.025	1.0077	3.12382	1.64962	0.114099	0.232126
4.03	1.00809	3.1288	1.64905	0.113222	0.231856
4.035	1.00848	3.13379	1.64848	0.112345	0.231582
4.04	1.00886	3.13877	1.64792	0.111467	0.231304
4.045	1.00925	3.14376	1.64736	0.11059	0.231021
4.05	1.00963	3.14874	1.64681	0.109713	0.230735
4.055	1.01	3.15373	1.64626	0.108836	0.230445
4.06	1.01038	3.15871	1.64572	0.107958	0.230151
4.065	1.01075	3.1637	1.64518	0.107082	0.229853
4.07	1.01112	3.16869	1.64464	0.106205	0.229551
4.075	1.01148	3.17367	1.64411	0.105328	0.229245
4.08	1.01185	3.17866	1.64359	0.104452	0.228935
4.085	1.01221	3.18365	1.64306	0.103576	0.228622
4.09	1.01257	3.18863	1.64255	0.1027	0.228304
4.095	1.01292	3.19362	1.64203	0.101824	0.227983
4.1	1.01328	3.19861	1.64152	0.100949	0.227658
4.105	1.01363	3.2036	1.64102	0.100074	0.227329
4.11	1.01398	3.20858	1.64052	0.0991997	0.226996
4.115	1.01432	3.21357	1.64002	0.0983257	0.22666
4.12	1.01466	3.21856	1.63953	0.0974521	0.226319
4.125	1.01501	3.22355	1.63904	0.0965789	0.225975
4.13	1.01534	3.22854	1.63856	0.0957063	0.225628
4.135	1.01568	3.23353	1.63808	0.0948342	0.225276
4.14	1.01601	3.23852	1.63761	0.0939627	0.224921
4.145	1.01635	3.2435	1.63714	0.0930918	0.224563
4.15	1.01667	3.24849	1.63667	0.0922215	0.2242
4.155	1.017	3.25348	1.63621	0.0913518	0.223834
4.16	1.01733	3.25847	1.63575	0.0904828	0.223464
4.165	1.01765	3.26346	1.6353	0.0896145	0.223091
4.17	1.01797	3.26845	1.63485	0.088747	0.222714
4.175	1.01829	3.27344	1.63441	0.0878802	0.222334
4.18	1.0186	3.27843	1.63397	0.0870142	0.221949
4.185	1.01892	3.28342	1.63354	0.086149	0.221562
4.19	1.01923	3.28841	1.6331	0.0852846	0.22117
4.195	1.01954	3.2934	1.63268	0.0844211	0.220776
4.2	1.01984	3.29839	1.63226	0.0835585	0.220377
4.205	1.02015	3.30338	1.63184	0.0826969	0.219975
4.21	1.02045	3.30837	1.63143	0.0818361	0.21957
4.215	1.02075	3.31337	1.63102	0.0809764	0.219161
4.22	1.02105	3.31836	1.63061	0.0801177	0.218749
4.225	1.02135	3.32335	1.63021	0.07926	0.218333
4.23	1.02164	3.32834	1.62981	0.0784034	0.217914
4.235	1.02194	3.33333	1.62942	0.0775478	0.217491
4.24	1.02223	3.33832	1.62903	0.0766934	0.217065
4.245	1.02252	3.34331	1.62865	0.0758401	0.216636
4.25	1.0228	3.34831	1.62827	0.074988	0.216203
4.255	1.02309	3.3533	1.6279	0.0741371	0.215766
4.26	1.02337	3.35829	1.62753	0.0732874	0.215327
4.265	1.02365	3.36328	1.62716	0.072439	0.214884
4.27	1.02393	3.36827	1.6268	0.0715919	0.214437
4.275	1.02421	3.37327	1.62644	0.070746	0.213987
4.28	1.02449	3.37826	1.62609	0.0699015	0.213534
4.285	1.02476	3.38325	1.62574	0.0690584	0.213078
4.29	1.02503	3.38824	1.62539	0.0682166	0.212618
4.295	1.02531	3.39324	1.62505	0.0673763	0.212155
4.3	1.02558	3.39823	1.62471	0.0665374	0.211689
4.305	1.02584	3.40322	1.62438	0.0657	0.211219
4.31	1.02611	3.40821	1.62405	0.064864	0.210746
4.315	1.02637	3.41321	1.62373	0.0640296	0.21027
4.32	1.02664	3.4182	1.62341	0.0631967	0.209791
4.325	1.0269	3.42319	1.62309	0.0623654	0.209308
4.33	1.02716	3.42819	1.62278	0.0615357	0.208822
4.335	1.02742	3.43318	1.62247	0.0607077	0.208333
4.34	1.02767	3.43817	1.62217	0.0598813	0.207841
4.345	1.02793	3.44317	1.62187	0.0590565	0.207346
4.35	1.02818	3.44816	1.62157	0.0582335	0.206847
4.355	1.02843	3.45315	1.62128	0.0574122	0.206345
4.36	1.02869	3.45815	1.621	0.0565927	0.20584
4.365	1.02893	3.46314	1.62071	0.0557749	0.205332
4.37	1.02918	3.46814	1.62043	0.054959	0.204821
4.375	1.02943	3.47313	1.62016	0.0541449	0.204307
4.38	1.02967	3.47812	1.61989	0.0533327	0.203789
4.385	1.02992	3.48312	1.61962	0.0525223	0.203268
4.39	1.03016	3.48811	1.61936	0.0517139	0.202745
4.395	1.0304	3.49311	1.6191	0.0509074	0.202218
4.4	1.03064	3.4981	1.61885	0.0501029	0.201688
4.405	1.03088	3.50309	1.6186	0.0493004	0.201155
4.41	1.03112	3.50809	1.61835	0.0484999	0.200619
4.415	1.03136	3.51308	1.61811	0.0477014	0.20008
4.42	1.03159	3.51808	1.61787	0.046905	0.199538
4.425	1.03183	3.52307	1.61763	0.0461108	0.198993
4.43	1.03206	3.52807	1.6174	0.0453186	0.198444
4.435	1.03229	3.53306	1.61718	0.0445286	0.197893
4.44	1.03252	3.53806	1.61695	0.0437407	0.197339
4.445	1.03275	3.54305	1.61673	0.0429551	0.196782
4.45	1.03298	3.54805	1.61652	0.0421717	0.196222
4.455	1.03321	3.55304	1.61631	0.0413905	0.195658
4.46	1.03343	3.55803	1.6161	0.0406116	0.195092
4.465	1.03366	3.56303	1.6159	0.039835	0.194523
4.47	1.03388	3.56802	1.6157	0.0390608	0.193951
4.475	1.03411	3.57302	1.6155	0.0382889	0.193376
4.48	1.03433	3.57801	1.61531	0.0375193	0.192798
4.485	1.03455	3.58301	1.61513	0.0367522	0.192217
4.49	1.03477	3.58801	1.61494	0.0359875	0.191633
4.495	1.03499	3.593	1.61476	0.0352253	0.191046
4.5	1.03521	3.598	1.61459	0.0344655	0.190457
4.505	1.03543	3.60299	1.61441	0.0337082	0.189864
4.51	1.03565	3.60799	1.61424	0.0329535	0.189268
4.515	1.03586	3.61298	1.61408	0.0322013	0.18867
4.52	1.03608	3.61798	1.61392	0.0314517	0.188069
4.525	1.03629	3.62297	1.61376	0.0307047	0.187465
4.53	1.03651	3.62797	1.61361	0.0299603	0.186858
4.535	1.03672	3.63296	1.61346	0.0292186	0.186248
4.54	1.03693	3.63796	1.61331	0.0284796	0.185635
4.545	1.03714	3.64295	1.61317	0.0277432	0.18502
4.55	1.03735	3.64795	1.61303	0.0270096	0.184401
4.555	1.03756	3.65295	1.6129	0.0262787	0.18378
4.56	1.03777	3.65794	1.61276	0.0255506	0.183156
4.565	1.03798	3.66294	1.61264	0.0248253	0.182529
4.57	1.03819	3.66793	1.61251	0.0241029	0.1819
4.575	1.0384	3.67293	1.61239	0.0233832	0.181267
4.58	1.03861	3.67792	1.61228	0.0226665	0.180632
4.585	1.03881	3.68292	1.61216	0.0219527	0.179994
4.59	1.03902	3.68791	1.61205	0.0212417	0.179353
4.595	1.03923	3.69291	1.61195	0.0205337	0.17871
4.6	1.03943	3.69791	1.61184	0.0198287	0.178064
4.605	1.03964	3.7029	1.61174	0.0191267	0.177415
4.61	1.03984	3.7079	1.61165	0.0184277	0.176763
4.615	1.04004	3.71289	1.61156	0.0177317	0.176108
4.62	1.04025	3.71789	1.61147	0.0170388	0.175451
4.625	1.04045	3.72289	1.61138	0.016349	0.174791
4.63	1.04065	3.72788	1.6113	0.0156623	0.174129
4.635	1.04085	3.73288	1.61122	0.0149787	0.173463
4.64	1.04106	3.73787	1.61115	0.0142983	0.172795
4.645	1.04126	3.74287	1.61108	0.0136211	0.172124
4.65	1.04146	3.74787	1.61101	0.0129471	0.171451
4.655	1.04166	3.75286	1.61094	0.0122763	0.170775
4.66	1.04186	3.75786	1.61088	0.0116088	0.170096
4.665	1.04206	3.76285	1.61082	0.0109445	0.169414
4.67	1.04226	3.76785	1.61077	0.0102835	0.16873
4.675	1.04246	3.77285	1.61072	0.00962588	0.168043
4.68	1.04266	3.77784	1.61067	0.00897158	0.167354
4.685	1.04286	3.78284	1.61062	0.00832065	0.166662
4.69	1.04306	3.78783	1.61058	0.00767311	0.165967
4.695	1.04326	3.79283	1.61054	0.00702898	0.165269
4.7	1.04345	3.79783	1.61051	0.00638829	0.164569
4.705	1.04365	3.80282	1.61048	0.00575105	0.163867
4.71	1.04385	3.80782	1.61045	0.0051173	0.163161
4.715	1.04405	3.81281	1.61042	0.00448705	0.162454
4.72	1.04425	3.81781	1.6104	0.00386032	0.161743
4.725	1.04444	3.82281	1.61038	0.00323715	0.16103
4.73	1.04464	3.8278	1.61037	0.00261754	0.160314
4.735	1.04484	3.8328	1.61035	0.00200152	0.159596
4.74	1.04504	3.83779	1.61034	0.00138912	0.158875
4.745	1.04524	3.84279	1.61034	0.000780359	0.158152
4.75	1.04543	3.84779	1.61033	0.000175252	0.157426
4.755	1.04563	3.85278	1.61033	-0.000426174	0.156697
4.76	1.04583	3.85778	1.61033	-0.0010239	0.155966
4.765	1.04603	3.86277	1.61034	-0.0016179	0.155233
4.77	1.04622	3.86777	1.61035	-0.00220816	0.154496
4.775	1.04642	3.87277	1.61036	-0.00279465	0.153758
4.78	1.04662	3.87776	1.61037	-0.00337735	0.153016
4.785	1.04682	3.88276	1.61039	-0.00395625	0.152273
4.79	1.04701	3.88775	1.61041	-0.00453131	0.151526
4.795	1.04721	3.89275	1.61043	-0.00510253	0.150778
4.8	1.04741	3.89775	1.61046	-0.00566987	0.150026
4.805	1.04761	3.90274	1.61048	-0.00623332	0.149272
4.81	1.04781	3.90774	1.61052	-0.00679285	0.148516
4.815	1.04801	3.91274	1.61055	-0.00734845	0.147757
4.82	1.04821	3.91773	1.61059	-0.0079001	0.146996
4.825	1.0484	3.92273	1.61063	-0.00844777	0.146232
4.83	1.0486	3.92772	1.61067	-0.00899145	0.145466
4.835	1.0488	3.93272	1.61071	-0.00953111	0.144697
4.84	1.049	3.93772	1.61076	-0.0100667	0.143926
4.845	1.0492	3.94271	1.61081	-0.0105983	0.143152
4.85	1.0494	3.94771	1.61086	-0.0111258	0.142376
4.855	1.0496	3.9527	1.61092	-0.0116492	0.141598
4.86	1.04981	3.9577	1.61098	-0.0121685	0.140817
4.865	1.05001	3.9627	1.61104	-0.0126836	0.140033
4.87	1.05021	3.96769	1.6111	-0.0131946	0.139248
4.875	1.05041	3.97269	1.61117	-0.0137014	0.138459
4.88	1.05061	3.97768	1.61124	-0.014204	0.137669
4.885	1.05081	3.98268	1.61131	-0.0147024	0.136875
4.89	1.05102	3.98767	1.61138	-0.0151966	0.13608
4.895	1.05122	3.99267	1.61146	-0.0156865	0.135282
4.9	1.05142	3.99767	1.61154	-0.0161722	0.134482
4.905	1.05163	4.00266	1.61162	-0.0166535	0.133679
4.91	1.05183	4.00766	1.6117	-0.0171306	0.132874
4.915	1.05204	4.01265	1.61179	-0.0176033	0.132066
4.92	1.05224	4.01765	1.61187	-0.0180717	0.131257
4.925	1.05245	4.02265	1.61196	-0.0185357	0.130444
4.93	1.05265	4.02764	1.61206	-0.0189954	0.12963
4.935	1.05286	4.03264	1.61215	-0.0194506	0.128813
4.94	1.05307	4.03763	1.61225	-0.0199014	0.127994
4.945	1.05328	4.04263	1.61235	-0.0203478	0.127172
4.95	1.05348	4.04762	1.61245	-0.0207897	0.126348
4.955	1.05369	4.05262	1.61255	-0.0212272	0.125522
4.96	1.0539	4.05762	1.61266	-0.0216602	0.124693
4.965	1.05411	4.06261	1.61277	-0.0220887	0.123862
4.97	1.05432	4.06761	1.61288	-0.0225126	0.123029
4.975	1.05453	4.0726	1.61299	-0.022932	0.122193
4.98	1.05475	4.0776	1.61311	-0.0233469	0.121355
4.985	1.05496	4.08259	1.61322	-0.0237571	0.120515
4.99	1.05517	4.08759	1.61334	-0.0241628	0.119672
4.995	1.05538	4.09258	1.61346	-0.0245639	0.118828
5	1.0556	4.09758	1.61358	-0.0249604	0.11798
5.005	1.05581	4.10257	1.61371	-0.0253522	0.117131
5.01	1.05603	4.10757	1.61384	-0.0257394	0.116279
5.015	1.05624	4.11257	1.61397	-0.0261219	0.115425
5.02	1.05646	4.11756	1.6141	-0.0264997	0.114569
5.025	1.05668	4.12256	1.61423	-0.0268728	0.113711
5.03	1.05689	4.12755	1.61436	-0.0272412	0.11285
5.035	1.05711	4.13255	1.6145	-0.0276048	0.111987
5.04	1.05733	4.13754	1.61464	-0.0279637	0.111122
5.045	1.05755	4.14254	1.61478	-0.0283179	0.110254
5.05	1.05777	4.14753	1.61492	-0.0286673	0.109384
5.055	1.05799	4.15253	1.61506	-0.0290118	0.108512
5.06	1.05821	4.15752	1.61521	-0.0293516	0.107638
5.065	1.05844	4.16252	1.61535	-0.0296865	0.106762
5.07	1.05866	4.16751	1.6155	-0.0300166	0.105883
5.075	1.05889	4.17251	1.61565	-0.0303419	0.105002
5.08	1.05911	4.1775	1.6158	-0.0306622	0.104119
5.085	1.05934	4.1825	1.61596	-0.0309777	0.103234
5.09	1.05956	4.18749	1.61611	-0.0312884	0.102347
5.095	1.05979	4.19249	1.61627	-0.031594	0.101457
5.1	1.06002	4.19748	1.61643	-0.0318948	0.100565
5.105	1.06025	4.20248	1.61659	-0.0321907	0.0996712
5.11	1.06048	4.20747	1.61675	-0.0324816	0.098775
5.115	1.06071	4.21247	1.61691	-0.0327675	0.0978767
5.12	1.06094	4.21746	1.61707	-0.0330484	0.0969762
5.125	1.06117	4.22245	1.61724	-0.0333244	0.0960736
5.13	1.0614	4.22745	1.6174	-0.0335954	0.0951688
5.135	1.06164	4.23244	1.61757	-0.0338613	0.0942618
5.14	1.06187	4.23744	1.61774	-0.0341223	0.0933528
5.145	1.06211	4.24243	1.61791	-0.0343782	0.0924415
5.15	1.06234	4.24743	1.61808	-0.034629	0.0915282
5.155	1.06258	4.25242	1.61826	-0.0348748	0.0906128
5.16	1.06282	4.25742	1.61843	-0.0351155	0.0896952
5.165	1.06306	4.26241	1.61861	-0.0353512	0.0887755
5.17	1.0633	4.2674	1.61878	-0.0355817	0.0878537
5.175	1.06354	4.2724	1.61896	-0.0358071	0.0869298
5.18	1.06378	4.27739	1.61914	-0.0360274	0.0860038
5.185	1.06402	4.28239	1.61932	-0.0362426	0.0850757
5.19	1.06427	4.28738	1.6195	-0.0364526	0.0841456
5.195	1.06451	4.29238	1.61968	-0.0366575	0.0832133
5.2	1.06476	4.29737	1.61987	-0.0368573	0.082279
5.205	1.065	4.30236	1.62005	-0.0370518	0.0813426
5.21	1.06525	4.30736	1.62024	-0.0372412	0.0804042
5.215	1.0655	4.31235	1.62042	-0.0374254	0.0794637
5.22	1.06575	4.31734	1.62061	-0.0376044	0.0785211
5.225	1.066	4.32234	1.6208	-0.0377782	0.0775765
5.23	1.06625	4.32733	1.62099	-0.0379467	0.0766299
5.235	1.0665	4.33233	1.62118	-0.0381101	0.0756812
5.24	1.06675	4.33732	1.62137	-0.0382681	0.0747305
5.245	1.067	4.34231	1.62156	-0.038421	0.0737778
5.25	1.06726	4.34731	1.62175	-0.0385686	0.0728231
5.255	1.06752	4.3523	1.62194	-0.0387109	0.0718664
5.26	1.06777	4.35729	1.62214	-0.038848	0.0709076
5.265	1.06803	4.36229	1.62233	-0.0389797	0.0699469
5.27	1.06829	4.36728	1.62253	-0.0391062	0.0689841
5.275	1.06855	4.37227	1.62272	-0.0392274	0.0680194
5.28	1.06881	4.37727	1.62292	-0.0393433	0.0670527
5.285	1.06907	4.38226	1.62312	-0.0394538	0.066084
5.29	1.06933	4.38725	1.62331	-0.0395591	0.0651134
5.295	1.0696	4.39225	1.62351	-0.039659	0.0641408
5.3	1.06986	4.39724	1.62371	-0.0397536	0.0631662
5.305	1.07013	4.40223	1.62391	-0.0398428	0.0621897
5.31	1.07039	4.40722	1.62411	-0.0399267	0.0612112
5.315	1.07066	4.41222	1.62431	-0.0400053	0.0602308
5.32	1.07093	4.41721	1.62451	-0.0400784	0.0592485
5.325	1.0712	4.4222	1.62471	-0.0401462	0.0582642
5.33	1.07147	4.4272	1.62491	-0.0402087	0.0572781
5.335	1.07174	4.43219	1.62511	-0.0402657	0.05629
5.34	1.07201	4.43718	1.62531	-0.0403174	0.0552999
5.345	1.07228	4.44217	1.62551	-0.0403637	0.054308
5.35	1.07256	4.44717	1.62571	-0.0404046	0.0533142
5.355	1.07283	4.45216	1.62592	-0.0404401	0.0523185
5.36	1.07311	4.45715	1.62612	-0.0404701	0.0513209
5.365	1.07339	4.46214	1.62632	-0.0404948	0.0503215
5.37	1.07367	4.46714	1.62652	-0.040514	0.0493201
5.375	1.07395	4.47213	1.62673	-0.0405279	0.0483169
5.38	1.07423	4.47712	1.62693	-0.0405363	0.0473119
5.385	1.07451	4.48211	1.62713	-0.0405392	0.046305
5.39	1.07479	4.4871	1.62733	-0.0405368	0.0452962
5.395	1.07507	4.4921	1.62754	-0.0405289	0.0442856
5.4	1.07536	4.49709	1.62774	-0.0405155	0.0432731
5.405	1.07564	4.50208	1.62794	-0.0404967	0.0422589
5.41	1.07593	4.50707	1.62814	-0.0404725	0.0412428
5.415	1.07622	4.51206	1.62835	-0.0404428	0.0402249
5.42	1.07651	4.51705	1.62855	-0.0404077	0.0392052
5.425	1.0768	4.52205	1.62875	-0.0403671	0.0381836
5.43	1.07709	4.52704	1.62895	-0.040321	0.0371603
5.435	1.07738	4.53203	1.62915	-0.0402695	0.0361352
5.44	1.07767	4.53702	1.62936	-0.0402125	0.0351083
5.445	1.07797	4.54201	1.62956	-0.0401501	0.0340797
5.45	1.07826	4.547	1.62976	-0.0400822	0.0330492
5.455	1.07856	4.55199	1.62996	-0.0400088	0.032017
5.46	1.07885	4.55699	1.63016	-0.0399299	0.0309831
5.465	1.07915	4.56198	1.63036	-0.0398456	0.0299474
5.47	1.07945	4.56697	1.63056	-0.0397557	0.0289099
5.475	1.07975	4.57196	1.63075	-0.0396605	0.0278707
5.48	1.08005	4.57695	1.63095	-0.0395597	0.0268298
5.485	1.08035	4.58194	1.63115	-0.0394534	0.0257871
5.49	1.08065	4.58693	1.63135	-0.0393417	0.0247428
5.495	1.08096	4.59192	1.63155	-0.0392245	0.0236967
5.5	1.08126	4.59691	1.63174	-0.0391018	0.0226489
5.505	1.08157	4.6019	1.63194	-0.0389736	0.0215994
5.51	1.08187	4.60689	1.63213	-0.03884	0.0205483
5.515	1.08218	4.61188	1.63233	-0.0387008	0.0194954
5.52	1.08249	4.61688	1.63252	-0.0385562	0.0184409
5.525	1.0828	4.62187	1.63271	-0.0384061	0.0173847
5.53	1.08311	4.62686	1.6329	-0.0382506	0.0163268
5.535	1.08342	4.63185	1.6331	-0.0380895	0.0152673
5.54	1.08373	4.63684	1.63329	-0.037923	0.0142061
5.545	1.08405	4.64183	1.63348	-0.037751	0.0131433
5.55	1.08436	4.64682	1.63366	-0.0375735	0.0120788
5.555	1.08467	4.65181	1.63385	-0.0373906	0.0110128
5.56	1.08499	4.6568	1.63404	-0.0372021	0.00994505
5.565	1.08531	4.66179	1.63422	-0.0370082	0.00887573
5.57	1.08563	4.66678	1.63441	-0.0368089	0.0078048
5.575	1.08594	4.67177	1.63459	-0.036604	0.00673227
5.58	1.08626	4.67676	1.63478	-0.0363937	0.00565815
5.585	1.08658	4.68175	1.63496	-0.036178	0.00458244
5.59	1.08691	4.68674	1.63514	-0.0359567	0.00350515
5.595	1.08723	4.69173	1.63532	-0.0357301	0.00242628
5.6	1.08755	4.69671	1.6355	-0.0354979	0.00134585
5.605	1.08788	4.7017	1.63568	-0.0352603	0.000263864
5.61	1.0882	4.70669	1.63585	-0.0350173	-0.000819675
5.615	1.08853	4.71168	1.63603	-0.0347688	-0.00190476
5.62	1.08885	4.71667	1.6362	-0.0345149	-0.00299138
5.625	1.08918	4.72166	1.63637	-0.0342555	-0.00407953
5.63	1.08951	4.72665	1.63654	-0.0339907	-0.0051692
5.635	1.08984	4.73164	1.63671	-0.0337205	-0.00626039
5.64	1.09017	4.73663	1.63688	-0.0334448	-0.00735308
5.645	1.0905	4.74162	1.63705	-0.0331637	-0.00844728
5.65	1.09083	4.74661	1.63722	-0.0328772	-0.00954296
5.655	1.09116	4.7516	1.63738	-0.0325853	-0.0106401
5.66	1.0915	4.75658	1.63754	-0.032288	-0.0117388
5.665	1.09183	4.76157	1.63771	-0.0319853	-0.0128389
5.67	1.09217	4.76656	1.63787	-0.0316771	-0.0139405
5.675	1.0925	4.77155	1.63802	-0.0313636	-0.0150435
5.68	1.09284	4.77654	1.63818	-0.0310447	-0.016148
5.685	1.09318	4.78153	1.63834	-0.0307204	-0.017254
5.69	1.09352	4.78652	1.63849	-0.0303907	-0.0183613
5.695	1.09385	4.79151	1.63864	-0.0300556	-0.0194701
5.7	1.09419	4.79649	1.63879	-0.0297152	-0.0205803
5.705	1.09454	4.80148	1.63894	-0.0293694	-0.0216919
5.71	1.09488	4.80647	1.63909	-0.0290182	-0.0228049
5.715	1.09522	4.81146	1.63923	-0.0286617	-0.0239194
5.72	1.09556	4.81645	1.63938	-0.0282999	-0.0250352
5.725	1.0959	4.82144	1.63952	-0.0279327	-0.0261523
5.73	1.09625	4.82642	1.63966	-0.0275602	-0.0272709
5.735	1.09659	4.83141	1.63979	-0.0271823	-0.0283908
5.74	1.09694	4.8364	1.63993	-0.0267992	-0.0295121
5.745	1.09728	4.84139	1.64006	-0.0264107	-0.0306347
5.75	1.09763	4.84638	1.6402	-0.0260169	-0.0317587
5.755	1.09798	4.85136	1.64033	-0.0256178	-0.032884
5.76	1.09833	4.85635	1.64045	-0.0252134	-0.0340106
5.765	1.09868	4.86134	1.64058	-0.0248037	-0.0351385
5.77	1.09902	4.86633	1.6407	-0.0243888	-0.0362678
5.775	1.09937	4.87131	1.64083	-0.0239686	-0.0373983
5.78	1.09972	4.8763	1.64095	-0.0235431	-0.0385302
5.785	1.10008	4.88129	1.64106	-0.0231124	-0.0396633
5.79	1.10043	4.88628	1.64118	-0.0226764	-0.0407977
5.795	1.10078	4.89127	1.64129	-0.0222352	-0.0419334
5.8	1.10113	4.89625	1.6414	-0.0217887	-0.0430703
5.805	1.10149	4.90124	1.64151	-0.0213371	-0.0442085
5.81	1.10184	4.90623	1.64162	-0.0208802	-0.0453479
5.815	1.10219	4.91122	1.64172	-0.0204181	-0.0464886
5.82	1.10255	4.9162	1.64183	-0.0199508	-0.0476305
5.825	1.1029	4.92119	1.64193	-0.0194783	-0.0487736
5.83	1.10326	4.92618	1.64202	-0.0190007	-0.0499179
5.835	1.10362	4.93116	1.64212	-0.0185178	-0.0510635
5.84	1.10397	4.93615	1.64221	-0.0180298	-0.0522102
5.845	1.10433	4.94114	1.6423	-0.0175367	-0.0533581
5.85	1.10469	4.94613	1.64239	-0.0170384	-0.0545072
5.855	1.10505	4.95111	1.64247	-0.016535	-0.0556575
5.86	1.1054	4.9561	1.64256	-0.0160264	-0.0568089
5.865	1.10576	4.96109	1.64264	-0.0155127	-0.0579615
5.87	1.10612	4.96607	1.64271	-0.0149939	-0.0591153
5.875	1.10648	4.97106	1.64279	-0.0144701	-0.0602701
5.88	1.10684	4.97605	1.64286	-0.0139411	-0.0614261
5.885	1.1072	4.98104	1.64293	-0.0134071	-0.0625832
5.89	1.10756	4.98602	1.643	-0.012868	-0.0637415
5.895	1.10792	4.99101	1.64306	-0.0123238	-0.0649008
5.9	1.10829	4.996	1.64312	-0.0117746	-0.0660613
5.905	1.10865	5.00098	1.64318	-0.0112203	-0.0672228
5.91	1.10901	5.00597	1.64324	-0.010661	-0.0683854
5.915	1.10937	5.01096	1.64329	-0.0100967	-0.069549
5.92	1.10973	5.01594	1.64334	-0.0095274	-0.0707138
5.925	1.1101	5.02093	1.64339	-0.0089531	-0.0718796
5.93	1.11046	5.02592	1.64344	-0.0083738	-0.0730464
5.935	1.11082	5.0309	1.64348	-0.00778953	-0.0742142
5.94	1.11119	5.03589	1.64352	-0.00720029	-0.0753831
5.945	1.11155	5.04088	1.64355	-0.0066061	-0.076553
5.95	1.11191	5.04587	1.64359	-0.00600697	-0.077724
5.955	1.11228	5.05085	1.64362	-0.00540291	-0.0788959
5.96	1.11264	5.05584	1.64364	-0.00479392	-0.0800688
5.965	1.113	5.06083	1.64367	-0.00418002	-0.0812427
5.97	1.11337	5.06581	1.64369	-0.00356122	-0.0824175
5.975	1.11373	5.0708	1.64371	-0.00293754	-0.0835934
5.98	1.1141	5.07579	1.64372	-0.00230897	-0.0847701
5.985	1.11446	5.08077	1.64373	-0.00167554	-0.0859479
5.99	1.11483	5.08576	1.64374	-0.00103726	-0.0871265
5.995	1.11519	5.09075	1.64374	-0.000394135	-0.0883061
6	1.11555	5.09573	1.64375	0.000253821	-0.0894867
6.005	1.11592	5.10072	1.64375	0.000906598	-0.0906681
6.01	1.11628	5.10571	1.64374	0.00156418	-0.0918504
6.015	1.11665	5.11069	1.64373	0.00222656	-0.0930336
6.02	1.11701	5.11568	1.64372	0.00289373	-0.0942177
6.025	1.11738	5.12067	1.64371	0.00356566	-0.0954027
6.03	1.11774	5.12565	1.64369	0.00424236	-0.0965886
6.035	1.1181	5.13064	1.64367	0.00492381	-0.0977753
6.04	1.11847	5.13563	1.64364	0.00560999	-0.0989628
6.045	1.11883	5.14061	1.64362	0.0063009	-0.100151
6.05	1.1192	5.1456	1.64358	0.00699652	-0.10134
6.055	1.11956	5.15059	1.64355	0.00769684	-0.10253
6.06	1.11992	5.15557	1.64351	0.00840185	-0.103721
6.065	1.12029	5.16056	1.64347	0.00911154	-0.104913
6.07	1.12065	5.16555	1.64342	0.00982589	-0.106105
6.075	1.12101	5.17053	1.64337	0.0105449	-0.107299
6.08	1.12137	5.17552	1.64332	0.0112685	-0.108493
6.085	1.12174	5.18051	1.64327	0.0119968	-0.109687
6.09	1.1221	5.18549	1.64321	0.0127297	-0.110883
6.095	1.12246	5.19048	1.64314	0.0134672	-0.112079
6.1	1.12282	5.19547	1.64307	0.0142092	-0.113276
6.105	1.12318	5.20046	1.643	0.0149559	-0.114474
6.11	1.12354	5.20544	1.64293	0.0157071	-0.115672
6.115	1.1239	5.21043	1.64285	0.0164629	-0.116871
6.12	1.12426	5.21542	1.64277	0.0172232	-0.118071
6.125	1.12462	5.2204	1.64268	0.017988	-0.119272
6.13	1.12498	5.22539	1.64259	0.0187573	-0.120473
6.135	1.12534	5.23038	1.6425	0.0195312	-0.121675
6.14	1.12569	5.23536	1.6424	0.0203095	-0.122877
6.145	1.12605	5.24035	1.6423	0.0210923	-0.124081
6.15	1.12641	5.24534	1.64219	0.0218796	-0.125284
6.155	1.12676	5.25033	1.64208	0.0226713	-0.126489
6.16	1.12712	5.25531	1.64197	0.0234674	-0.127694
6.165	1.12747	5.2603	1.64185	0.024268	-0.128899
6.17	1.12783	5.26529	1.64173	0.025073	-0.130106
6.175	1.12818	5.27028	1.64161	0.0258824	-0.131313
6.18	1.12854	5.27526	1.64148	0.0266961	-0.13252
6.185	1.12889	5.28025	1.64134	0.0275143	-0.133728
6.19	1.12924	5.28524	1.64121	0.0283367	-0.134936
6.195	1.12959	5.29023	1.64106	0.0291636	-0.136146
6.2	1.12994	5.29521	1.64092	0.0299948	-0.137355
6.205	1.13029	5.3002	1.64077	0.0308302	-0.138565
6.21	1.13064	5.30519	1.64061	0.03167	-0.139776
6.215	1.13099	5.31018	1.64046	0.0325141	-0.140987
6.22	1.13133	5.31517	1.64029	0.0333625	-0.142199
6.225	1.13168	5.32015	1.64013	0.0342151	-0.143411
6.23	1.13203	5.32514	1.63996	0.035072	-0.144624
6.235	1.13237	5.33013	1.63978	0.0359331	-0.145837
6.24	1.13271	5.33512	1.6396	0.0367985	-0.14705
6.245	1.13306	5.34011	1.63942	0.037668	-0.148264
6.25	1.1334	5.34509	1.63923	0.0385418	-0.149479
6.255	1.13374	5.35008	1.63904	0.0394198	-0.150694
6.26	1.13408	5.35507	1.63884	0.0403019	-0.151909
6.265	1.13442	5.36006	1.63864	0.0411882	-0.153125
6.27	1.13476	5.36505	1.63843	0.0420786	-0.154341
6.275	1.13509	5.37004	1.63822	0.0429732	-0.155557
6.28	1.13543	5.37503	1.63801	0.0438719	-0.156774
6.285	1.13576	5.38001	1.63779	0.0447747	-0.157991
6.29	1.1361	5.385	1.63756	0.0456816	-0.159209
6.295	1.13643	5.38999	1.63733	0.0465925	-0.160426
6.3	1.13676	5.39498	1.6371	0.0475076	-0.161645
6.305	1.13709	5.39997	1.63686	0.0484267	-0.162863
6.31	1.13742	5.40496	1.63662	0.0493498	-0.164082
6.315	1.13775	5.40995	1.63637	0.050277	-0.165301
6.32	1.13808	5.41494	1.63612	0.0512082	-0.16652
6.325	1.1384	5.41993	1.63587	0.0521434	-0.16774
6.33	1.13872	5.42492	1.63561	0.0530825	-0.16896
6.335	1.13905	5.42991	1.63534	0.0540257	-0.17018
6.34	1.13937	5.4349	1.63507	0.0549728	-0.171401
6.345	1.13969	5.43989	1.6348	0.0559239	-0.172621
6.35	1.14001	5.44488	1.63452	0.0568789	-0.173842
6.355	1.14032	5.44987	1.63423	0.0578378	-0.175063
6.36	1.14064	5.45486	1.63394	0.0588006	-0.176284
6.365	1.14095	5.45985	1.63365	0.0597674	-0.177506
6.37	1.14127	5.46484	1.63335	0.060738	-0.178727
6.375	1.14158	5.46983	1.63305	0.0617125	-0.179949
6.38	1.14189	5.47482	1.63274	0.0626908	-0.181171
6.385	1.14219	5.47981	1.63242	0.063673	-0.182393
6.39	1.1425	5.4848	1.63211	0.0646591	-0.183615
6.395	1.1428	5.48979	1.63178	0.0656489	-0.184838
6.4	1.14311	5.49478	1.63145	0.0666426	-0.18606
6.405	1.14341	5.49977	1.63112	0.06764	-0.187282
6.41	1.14371	5.50476	1.63078	0.0686413	-0.188505
6.415	1.14401	5.50975	1.63044	0.0696463	-0.189728
6.42	1.1443	5.51474	1.63009	0.070655	-0.19095
6.425	1.1446	5.51974	1.62974	0.0716675	-0.192173
6.43	1.14489	5.52473	1.62938	0.0726837	-0.193396
6.435	1.14518	5.52972	1.62902	0.0737037	-0.194618
6.44	1.14547	5.53471	1.62865	0.0747273	-0.195841
6.445	1.14576	5.5397	1.62827	0.0757547	-0.197064
6.45	1.14604	5.54469	1.6279	0.0767857	-0.198287
6.455	1.14633	5.54969	1.62751	0.0778204	-0.199509
6.46	1.14661	5.55468	1.62712	0.0788587	-0.200732
6.465	1.14689	5.55967	1.62673	0.0799007	-0.201954
6.47	1.14717	5.56466	1.62633	0.0809463	-0.203177
6.475	1.14744	5.56965	1.62592	0.0819955	-0.204399
6.48	1.14771	5.57465	1.62551	0.0830483	-0.205622
6.485	1.14799	5.57964	1.6251	0.0841047	-0.206844
6.49	1.14825	5.58463	1.62468	0.0851647	-0.208066
6.495	1.14852	5.58962	1.62425	0.0862283	-0.209288
6.5	1.14879	5.59462	1.62382	0.0872954	-0.21051
6.505	1.14905	5.59961	1.62338	0.0883661	-0.211731
6.51	1.14931	5.6046	1.62294	0.0894402	-0.212953
6.515	1.14957	5.6096	1.6225	0.0905179	-0.214174
6.52	1.14982	5.61459	1.62204	0.0915991	-0.215395
6.525	1.15008	5.61958	1.62159	0.0926838	-0.216616
6.53	1.15033	5.62458	1.62112	0.093772	-0.217837
6.535	1.15058	5.62957	1.62065	0.0948637	-0.219057
6.54	1.15083	5.63457	1.62018	0.0959588	-0.220278
6.545	1.15107	5.63956	1.6197	0.0970573	-0.221498
6.55	1.15131	5.64455	1.61921	0.0981593	-0.222717
6.555	1.15155	5.64955	1.61872	0.0992647	-0.223937
6.56	1.15179	5.65454	1.61823	0.100373	-0.225156
6.565	1.15202	5.65954	1.61772	0.101486	-0.226374
6.57	1.15226	5.66453	1.61722	0.102601	-0.227593
6.575	1.15249	5.66953	1.6167	0.10372	-0.228811
6.58	1.15271	5.67452	1.61619	0.104843	-0.230028
6.585	1.15294	5.67952	1.61566	0.105968	-0.231246
6.59	1.15316	5.68451	1.61513	0.107097	-0.232463
6.595	1.15338	5.68951	1.6146	0.10823	-0.233679
6.6	1.15359	5.6945	1.61405	0.109365	-0.234895
6.605	1.15381	5.6995	1.61351	0.110504	-0.236111
6.61	1.15402	5.70449	1.61296	0.111646	-0.237326
6.615	1.15423	5.70949	1.6124	0.112792	-0.238541
6.62	1.15443	5.71448	1.61183	0.113941	-0.239755
6.625	1.15463	5.71948	1.61126	0.115093	-0.240969
6.63	1.15483	5.72448	1.61069	0.116248	-0.242183
6.635	1.15503	5.72947	1.61011	0.117407	-0.243395
6.64	1.15522	5.73447	1.60952	0.118568	-0.244608
6.645	1.15541	5.73947	1.60893	0.119733	-0.245819
6.65	1.1556	5.74446	1.60833	0.120901	-0.247031
6.655	1.15578	5.74946	1.60772	0.122073	-0.248241
6.66	1.15597	5.75445	1.60711	0.123247	-0.249451
6.665	1.15614	5.75945	1.6065	0.124425	-0.250661
6.67	1.15632	5.76445	1.60587	0.125606	-0.25187
6.675	1.15649	5.76945	1.60525	0.12679	-0.253078
6.68	1.15666	5.77444	1.60461	0.127977	-0.254285
6.685	1.15683	5.77944	1.60397	0.129167	-0.255492
6.69	1.15699	5.78444	1.60333	0.130361	-0.256698
6.695	1.15715	5.78943	1.60268	0.131557	-0.257904
6.7	1.15731	5.79443	1.60202	0.132757	-0.259108
6.705	1.15746	5.79943	1.60135	0.133959	-0.260312
6.71	1.15761	5.80443	1.60068	0.135165	-0.261516
6.715	1.15775	5.80943	1.60001	0.136374	-0.262718
6.72	1.1579	5.81442	1.59933	0.137586	-0.26392
6.725	1.15804	5.81942	1.59864	0.138801	-0.265121
6.73	1.15817	5.82442	1.59794	0.140018	-0.266321
6.735	1.1583	5.82942	1.59724	0.141239	-0.26752
6.74	1.15843	5.83442	1.59654	0.142463	-0.268719
6.745	1.15856	5.83941	1.59583	0.14369	-0.269917
6.75	1.15868	5.84441	1.59511	0.14492	-0.271113
6.755	1.1588	5.84941	1.59438	0.146153	-0.272309
6.76	1.15891	5.85441	1.59365	0.147389	-0.273504
6.765	1.15902	5.85941	1.59292	0.148628	-0.274698
6.77	1.15913	5.86441	1.59217	0.14987	-0.275891
6.775	1.15923	5.86941	1.59142	0.151114	-0.277084
6.78	1.15933	5.87441	1.59067	0.152362	-0.278275
6.785	1.15943	5.87941	1.58991	0.153613	-0.279465
6.79	1.15952	5.8844	1.58914	0.154866	-0.280654
6.795	1.15961	5.8894	1.58836	0.156122	-0.281842
6.8	1.15969	5.8944	1.58758	0.157382	-0.283029
6.805	1.15977	5.8994	1.5868	0.158644	-0.284215
6.81	1.15985	5.9044	1.586	0.159909	-0.2854
6.815	1.15992	5.9094	1.5852	0.161177	-0.286584
6.82	1.15999	5.9144	1.5844	0.162448	-0.287767
6.825	1.16005	5.9194	1.58358	0.163721	-0.288949
6.83	1.16011	5.9244	1.58277	0.164998	-0.290129
6.835	1.16017	5.9294	1.58194	0.166277	-0.291309
6.84	1.16022	5.9344	1.58111	0.167559	-0.292487
6.845	1.16026	5.9394	1.58027	0.168844	-0.293664
6.85	1.16031	5.9444	1.57943	0.170132	-0.294839
6.855	1.16035	5.9494	1.57858	0.171422	-0.296014
6.86	1.16038	5.9544	1.57772	0.172715	-0.297187
6.865	1.16041	5.9594	1.57686	0.174011	-0.298359
6.87	1.16044	5.9644	1.57599	0.17531	-0.29953
6.875	1.16046	5.9694	1.57511	0.176612	-0.300699
6.88	1.16048	5.9744	1.57423	0.177916	-0.301867
6.885	1.16049	5.9794	1.57334	0.179223	-0.303034
6.89	1.1605	5.9844	1.57244	0.180533	-0.304199
6.895	1.1605	5.9894	1.57154	0.181846	-0.305363
6.9	1.1605	5.9944	1.57063	0.183161	-0.306525
6.905	1.16049	5.9994	1.56971	0.184479	-0.307687
6.91	1.16048	6.0044	1.56879	0.185799	-0.308846
6.915	1.16047	6.0094	1.56786	0.187123	-0.310004
6.92	1.16045	6.0144	1.56693	0.188449	-0.311161
6.925	1.16043	6.0194	1.56598	0.189777	-0.312316
6.93	1.1604	6.0244	1.56503	0.191109	-0.31347
6.935	1.16036	6.0294	1.56408	0.192443	-0.314622
6.94	1.16033	6.0344	1.56312	0.193779	-0.315772
6.945	1.16028	6.0394	1.56215	0.195119	-0.316921
6.95	1.16023	6.0444	1.56117	0.196461	-0.318069
6.955	1.16018	6.0494	1.56019	0.197805	-0.319214
6.96	1.16012	6.0544	1.5592	0.199152	-0.320358
6.965	1.16006	6.0594	1.55821	0.200502	-0.321501
6.97	1.15999	6.0644	1.5572	0.201855	-0.322641
6.975	1.15992	6.0694	1.55619	0.20321	-0.32378
6.98	1.15984	6.0744	1.55518	0.204567	-0.324917
6.985	1.15976	6.07939	1.55415	0.205927	-0.326053
6.99	1.15967	6.08439	1.55313	0.20729	-0.327187
6.995	1.15958	6.08939	1.55209	0.208655	-0.328318
7	1.15948	6.09439	1.55105	0.210023	-0.329449
7.005	1.15937	6.09939	1.55	0.211394	-0.330577
7.01	1.15926	6.10439	1.54894	0.212767	-0.331703
7.015	1.15915	6.10939	1.54787	0.214142	-0.332828
7.02	1.15903	6.11439	1.5468	0.21552	-0.33395
7.025	1.1589	6.11939	1.54573	0.216901	-0.335071
7.03	1.15877	6.12438	1.54464	0.218284	-0.336189
7.035	1.15864	6.12938	1.54355	0.219669	-0.337306
7.04	1.1585	6.13438	1.54245	0.221058	-0.338421
7.045	1.15835	6.13938	1.54135	0.222448	-0.339534
7.05	1.1582	6.14438	1.54023	0.223841	-0.340644
7.055	1.15804	6.14937	1.53912	0.225237	-0.341753
7.06	1.15787	6.15437	1.53799	0.226635	-0.342859
7.065	1.1577	6.15937	1.53686	0.228036	-0.343964
7.07	1.15753	6.16436	1.53572	0.229439	-0.345066
7.075	1.15735	6.16936	1.53457	0.230844	-0.346166
7.08	1.15716	6.17436	1.53341	0.232252	-0.347264
7.085	1.15697	6.17935	1.53225	0.233662	-0.348359
7.09	1.15677	6.18435	1.53108	0.235075	-0.349453
7.095	1.15656	6.18935	1.52991	0.23649	-0.350544
7.1	1.15635	6.19434	1.52873	0.237908	-0.351633
7.105	1.15614	6.19934	1.52754	0.239328	-0.352719
7.11	1.15592	6.20433	1.52634	0.240751	-0.353804
7.115	1.15569	6.20933	1.52514	0.242176	-0.354885
7.12	1.15545	6.21432	1.52393	0.243603	-0.355965
7.125	1.15521	6.21931	1.52271	0.245033	-0.357042
7.13	1.15497	6.22431	1.52148	0.246465	-0.358117
7.135	1.15471	6.2293	1.52025	0.2479	-0.359189
7.14	1.15446	6.2343	1.51901	0.249337	-0.360259
7.145	1.15419	6.23929	1.51776	0.250776	-0.361326
7.15	1.15392	6.24428	1.51651	0.252218	-0.362391
7.155	1.15364	6.24927	1.51525	0.253662	-0.363453
7.16	1.15336	6.25427	1.51398	0.255108	-0.364512
7.165	1.15307	6.25926	1.51271	0.256557	-0.365569
7.17	1.15277	6.26425	1.51142	0.258008	-0.366624
7.175	1.15247	6.26924	1.51013	0.259462	-0.367675
7.18	1.15216	6.27423	1.50884	0.260918	-0.368724
7.185	1.15184	6.27922	1.50753	0.262376	-0.36977
7.19	1.15152	6.28421	1.50622	0.263837	-0.370814
7.195	1.15119	6.2892	1.5049	0.265299	-0.371855
7.2	1.15085	6.29419	1.50357	0.266765	-0.372892
7.205	1.15051	6.29918	1.50224	0.268232	-0.373928
7.21	1.15016	6.30416	1.5009	0.269702	-0.37496
7.215	1.14981	6.30915	1.49955	0.271174	-0.375989
7.22	1.14944	6.31414	1.49819	0.272649	-0.377016
7.225	1.14907	6.31912	1.49683	0.274126	-0.378039
7.23	1.1487	6.32411	1.49546	0.275605	-0.37906
7.235	1.14831	6.32909	1.49408	0.277086	-0.380077
7.24	1.14792	6.33408	1.4927	0.27857	-0.381092
7.245	1.14753	6.33906	1.4913	0.280056	-0.382103
7.25	1.14712	6.34405	1.4899	0.281544	-0.383112
7.255	1.14671	6.34903	1.4885	0.283035	-0.384117
7.26	1.14629	6.35401	1.48708	0.284528	-0.385119
7.265	1.14587	6.35899	1.48566	0.286023	-0.386118
7.27	1.14544	6.36398	1.48423	0.28752	-0.387114
7.275	1.145	6.36896	1.48279	0.28902	-0.388106
7.28	1.14455	6.37394	1.48135	0.290522	-0.389096
7.285	1.1441	6.37892	1.47989	0.292026	-0.390082
7.29	1.14364	6.38389	1.47843	0.293532	-0.391064
7.295	1.14317	6.38887	1.47696	0.295041	-0.392044
7.3	1.14269	6.39385	1.47549	0.296552	-0.39302
7.305	1.14221	6.39883	1.47401	0.298065	-0.393992
7.31	1.14172	6.4038	1.47252	0.299581	-0.394962
7.315	1.14122	6.40878	1.47102	0.301098	-0.395927
7.32	1.14071	6.41375	1.46951	0.302618	-0.396889
7.325	1.1402	6.41873	1.468	0.30414	-0.397848
7.33	1.13968	6.4237	1.46648	0.305665	-0.398803
7.335	1.13915	6.42867	1.46495	0.307192	-0.399755
7.34	1.13862	6.43364	1.46342	0.30872	-0.400703
7.345	1.13807	6.43861	1.46187	0.310251	-0.401647
7.35	1.13752	6.44358	1.46032	0.311785	-0.402587
7.355	1.13696	6.44855	1.45876	0.31332	-0.403524
7.36	1.1364	6.45352	1.45719	0.314858	-0.404457
7.365	1.13582	6.45848	1.45562	0.316398	-0.405387
7.37	1.13524	6.46345	1.45404	0.31794	-0.406312
7.375	1.13465	6.46842	1.45245	0.319485	-0.407234
7.38	1.13405	6.47338	1.45085	0.321031	-0.408152
7.385	1.13344	6.47834	1.44925	0.32258	-0.409065
7.39	1.13283	6.4833	1.44763	0.324131	-0.409975
7.395	1.13221	6.48827	1.44601	0.325684	-0.410881
7.4	1.13158	6.49323	1.44438	0.32724	-0.411783
7.405	1.13094	6.49819	1.44275	0.328797	-0.412681
7.41	1.13029	6.50314	1.4411	0.330357	-0.413575
7.415	1.12964	6.5081	1.43945	0.331919	-0.414465
7.42	1.12897	6.51306	1.43779	0.333483	-0.41535
7.425	1.1283	6.51801	1.43613	0.33505	-0.416231
7.43	1.12762	6.52296	1.43445	0.336618	-0.417109
7.435	1.12693	6.52792	1.43277	0.338189	-0.417981
7.44	1.12624	6.53287	1.43108	0.339762	-0.41885
7.445	1.12553	6.53782	1.42938	0.341337	-0.419714
7.45	1.12482	6.54277	1.42767	0.342915	-0.420574
7.455	1.1241	6.54771	1.42596	0.344494	-0.42143
7.46	1.12337	6.55266	1.42423	0.346076	-0.422281
7.465	1.12263	6.55761	1.4225	0.34766	-0.423128
7.47	1.12188	6.56255	1.42076	0.349246	-0.42397
7.475	1.12113	6.56749	1.41902	0.350834	-0.424807
7.48	1.12036	6.57243	1.41726	0.352424	-0.42564
7.485	1.11959	6.57737	1.4155	0.354017	-0.426469
7.49	1.11881	6.58231	1.41373	0.355612	-0.427293
7.495	1.11802	6.58725	1.41195	0.357209	-0.428112
7.5	1.11722	6.59218	1.41017	0.358808	-0.428926
7.505	1.11641	6.59712	1.40837	0.360409	-0.429736
7.51	1.11559	6.60205	1.40657	0.362013	-0.430541
7.515	1.11476	6.60698	1.40476	0.363618	-0.431341
7.52	1.11393	6.61191	1.40294	0.365226	-0.432136
7.525	1.11308	6.61684	1.40112	0.366836	-0.432926
7.53	1.11223	6.62177	1.39928	0.368448	-0.433711
7.535	1.11137	6.62669	1.39744	0.370063	-0.434492
7.54	1.1105	6.63162	1.39559	0.371679	-0.435267
7.545	1.10962	6.63654	1.39373	0.373298	-0.436037
7.55	1.10873	6.64146	1.39187	0.374919	-0.436802
7.555	1.10783	6.64638	1.38999	0.376542	-0.437562
7.56	1.10692	6.65129	1.38811	0.378167	-0.438317
7.565	1.106	6.65621	1.38622	0.379795	-0.439067
7.57	1.10507	6.66112	1.38432	0.381425	-0.439811
7.575	1.10414	6.66603	1.38241	0.383056	-0.440551
7.58	1.10319	6.67094	1.3805	0.38469	-0.441284
7.585	1.10224	6.67585	1.37857	0.386327	-0.442013
7.59	1.10127	6.68076	1.37664	0.387965	-0.442736
7.595	1.1003	6.68566	1.3747	0.389606	-0.443453
7.6	1.09931	6.69056	1.37275	0.391248	-0.444166
7.605	1.09832	6.69546	1.3708	0.392893	-0.444872
7.61	1.09732	6.70036	1.36883	0.39454	-0.445573
7.615	1.0963	6.70526	1.36686	0.39619	-0.446269
7.62	1.09528	6.71015	1.36488	0.397841	-0.446958
7.625	1.09425	6.71505	1.36289	0.399495	-0.447642
7.63	1.09321	6.71994	1.36089	0.401151	-0.448321
7.635	1.09216	6.72482	1.35889	0.402809	-0.448993
7.64	1.0911	6.72971	1.35687	0.404469	-0.44966
7.645	1.09002	6.73459	1.35485	0.406131	-0.450321
7.65	1.08894	6.73948	1.35282	0.407796	-0.450976
7.655	1.08785	6.74435	1.35078	0.409463	-0.451625
7.66	1.08675	6.74923	1.34873	0.411132	-0.452268
7.665	1.08564	6.75411	1.34668	0.412803	-0.452905
7.67	1.08452	6.75898	1.34461	0.414477	-0.453536
7.675	1.08339	6.76385	1.34254	0.416153	-0.454161
7.68	1.08224	6.76872	1.34046	0.417831	-0.45478
7.685	1.08109	6.77358	1.33837	0.419511	-0.455393
7.69	1.07993	6.77845	1.33627	0.421193	-0.455999
7.695	1.07876	6.78331	1.33417	0.422878	-0.456599
7.7	1.07758	6.78817	1.33205	0.424565	-0.457193
7.705	1.07638	6.79302	1.32993	0.426254	-0.45778
7.71	1.07518	6.79787	1.3278	0.427945	-0.458361
7.715	1.07397	6.80272	1.32566	0.429638	-0.458936
7.72	1.07274	6.80757	1.32351	0.431334	-0.459504
7.725	1.07151	6.81242	1.32135	0.433032	-0.460065
7.73	1.07026	6.81726	1.31919	0.434733	-0.46062
7.735	1.06901	6.8221	1.31702	0.436435	-0.461169
7.74	1.06774	6.82694	1.31483	0.43814	-0.46171
7.745	1.06647	6.83177	1.31264	0.439847	-0.462245
7.75	1.06518	6.8366	1.31044	0.441556	-0.462774
7.755	1.06388	6.84143	1.30824	0.443268	-0.463295
7.76	1.06257	6.84626	1.30602	0.444982	-0.463809
7.765	1.06125	6.85108	1.30379	0.446698	-0.464317
7.77	1.05992	6.8559	1.30156	0.448416	-0.464818
7.775	1.05858	6.86072	1.29932	0.450137	-0.465312
7.78	1.05723	6.86553	1.29707	0.45186	-0.465798
7.785	1.05587	6.87034	1.29481	0.453585	-0.466278
7.79	1.0545	6.87515	1.29254	0.455313	-0.466751
7.795	1.05311	6.87995	1.29026	0.457042	-0.467216
7.8	1.05172	6.88476	1.28798	0.458775	-0.467674
7.805	1.05031	6.88955	1.28569	0.460509	-0.468125
7.81	1.04889	6.89435	1.28338	0.462246	-0.468569
7.815	1.04746	6.89914	1.28107	0.463985	-0.469005
7.82	1.04602	6.90393	1.27875	0.465727	-0.469434
7.825	1.04457	6.90871	1.27642	0.46747	-0.469855
7.83	1.04311	6.91349	1.27409	0.469217	-0.470269
7.835	1.04164	6.91827	1.27174	0.470965	-0.470676
7.84	1.04015	6.92305	1.26939	0.472716	-0.471075
7.845	1.03866	6.92782	1.26702	0.474469	-0.471466
7.85	1.03715	6.93259	1.26465	0.476225	-0.471849
7.855	1.03563	6.93735	1.26227	0.477983	-0.472225
7.86	1.0341	6.94211	1.25988	0.479743	-0.472593
7.865	1.03256	6.94687	1.25748	0.481506	-0.472954
7.87	1.03101	6.95162	1.25507	0.483271	-0.473306
7.875	1.02945	6.95637	1.25266	0.485039	-0.47365
7.88	1.02787	6.96111	1.25023	0.486809	-0.473987
7.885	1.02628	6.96586	1.2478	0.488581	-0.474316
7.89	1.02469	6.97059	1.24535	0.490356	-0.474636
7.895	1.02307	6.97533	1.2429	0.492133	-0.474948
7.9	1.02145	6.98006	1.24044	0.493913	-0.475253
7.905	1.01982	6.98478	1.23797	0.495695	-0.475549
7.91	1.01817	6.9895	1.23549	0.497479	-0.475837
7.915	1.01652	6.99422	1.23301	0.499266	-0.476116
7.92	1.01485	6.99893	1.23051	0.501056	-0.476387
7.925	1.01317	7.00364	1.228	0.502848	-0.47665
7.93	1.01148	7.00835	1.22549	0.504642	-0.476905
7.935	1.00977	7.01305	1.22297	0.506439	-0.47715
7.94	1.00805	7.01774	1.22043	0.508239	-0.477388
7.945	1.00633	7.02244	1.21789	0.510041	-0.477617
7.95	1.00459	7.02712	1.21534	0.511846	-0.477837
7.955	1.00283	7.03181	1.21278	0.513653	-0.478048
7.96	1.00107	7.03649	1.21022	0.515462	-0.478251
7.965	0.999294	7.04116	1.20764	0.517275	-0.478445
7.97	0.997506	7.04583	1.20505	0.519089	-0.47863
7.975	0.995706	7.05049	1.20246	0.520907	-0.478806
7.98	0.993893	7.05515	1.19985	0.522727	-0.478974
7.985	0.992069	7.05981	1.19724	0.524549	-0.479132
7.99	0.990232	7.06446	1.19462	0.526374	-0.479281
7.995	0.988383	7.0691	1.19198	0.528202	-0.479422
8	0.986521	7.07374	1.18934	0.530033	-0.479553
8.005	0.984648	7.07838	1.18669	0.531866	-0.479675
8.01	0.982762	7.08301	1.18403	0.533701	-0.479788
8.015	0.980863	7.08764	1.18136	0.53554	-0.479891
8.02	0.978953	7.09226	1.17869	0.537381	-0.479985
8.025	0.97703	7.09687	1.176	0.539225	-0.48007
8.03	0.975094	7.10148	1.1733	0.541071	-0.480146
8.035	0.973146	7.10609	1.1706	0.54292	-0.480212
8.04	0.971186	7.11069	1.16788	0.544772	-0.480268
8.045	0.969213	7.11528	1.16516	0.546627	-0.480315
8.05	0.967227	7.11987	1.16243	0.548485	-0.480352
8.055	0.965229	7.12445	1.15968	0.550345	-0.48038
8.06	0.963218	7.12903	1.15693	0.552208	-0.480398
8.065	0.961195	7.1336	1.15417	0.554074	-0.480406
8.07	0.959159	7.13817	1.1514	0.555942	-0.480404
8.075	0.95711	7.14273	1.14862	0.557814	-0.480392
8.08	0.955049	7.14729	1.14583	0.559688	-0.480371
8.085	0.952974	7.15184	1.14303	0.561565	-0.480339
8.09	0.950887	7.15638	1.14023	0.563445	-0.480298
8.095	0.948788	7.16092	1.13741	0.565328	-0.480246
8.1	0.946675	7.16545	1.13458	0.567214	-0.480185
8.105	0.94455	7.16998	1.13175	0.569103	-0.480113
8.11	0.942411	7.1745	1.1289	0.570995	-0.480031
8.115	0.94026	7.17901	1.12605	0.57289	-0.479939
8.12	0.938096	7.18352	1.12318	0.574787	-0.479836
8.125	0.935919	7.18802	1.12031	0.576688	-0.479723
8.13	0.933729	7.19251	1.11742	0.578592	-0.4796
8.135	0.931526	7.197	1.11453	0.580499	-0.479466
8.14	0.92931	7.20148	1.11163	0.582408	-0.479322
8.145	0.927081	7.20596	1.10872	0.584321	-0.479167
8.15	0.924839	7.21043	1.10579	0.586237	-0.479001
8.155	0.922584	7.21489	1.10286	0.588156	-0.478825
8.16	0.920315	7.21935	1.09992	0.590078	-0.478638
8.165	0.918034	7.2238	1.09697	0.592004	-0.47844
8.17	0.915739	7.22824	1.09401	0.593932	-0.478232
8.175	0.913432	7.23267	1.09104	0.595864	-0.478013
8.18	0.911111	7.2371	1.08806	0.597799	-0.477782
8.185	0.908776	7.24152	1.08507	0.599737	-0.477541
8.19	0.906429	7.24594	1.08208	0.601679	-0.477289
8.195	0.904068	7.25035	1.07907	0.603623	-0.477026
8.2	0.901694	7.25475	1.07605	0.605571	-0.476751
8.205	0.899307	7.25914	1.07302	0.607523	-0.476466
8.21	0.896906	7.26353	1.06998	0.609477	-0.476169
8.215	0.894492	7.2679	1.06694	0.611435	-0.475861
8.22	0.892065	7.27228	1.06388	0.613397	-0.475542
8.225	0.889624	7.27664	1.06081	0.615362	-0.475212
8.23	0.887169	7.281	1.05774	0.61733	-0.47487
8.235	0.884702	7.28534	1.05465	0.619302	-0.474516
8.24	0.882221	7.28968	1.05155	0.621277	-0.474151
8.245	0.879726	7.29402	1.04845	0.623256	-0.473775
8.25	0.877218	7.29834	1.04533	0.625238	-0.473387
8.255	0.874696	7.30266	1.0422	0.627224	-0.472987
8.26	0.872161	7.30697	1.03907	0.629213	-0.472575
8.265	0.869613	7.31127	1.03592	0.631207	-0.472152
8.27	0.86705	7.31557	1.03277	0.633203	-0.471717
8.275	0.864475	7.31985	1.0296	0.635204	-0.471271
8.28	0.861885	7.32413	1.02642	0.637208	-0.470812
8.285	0.859282	7.3284	1.02324	0.639216	-0.470342
8.29	0.856665	7.33266	1.02004	0.641228	-0.469859
8.295	0.854035	7.33691	1.01683	0.643243	-0.469364
8.3	0.851391	7.34115	1.01362	0.645263	-0.468858
8.305	0.848734	7.34539	1.01039	0.647286	-0.468339
8.31	0.846062	7.34962	1.00716	0.649313	-0.467808
8.315	0.843377	7.35383	1.00391	0.651344	-0.467265
8.32	0.840678	7.35804	1.00065	0.65338	-0.46671
8.325	0.837966	7.36224	0.997386	0.655419	-0.466142
8.33	0.83524	7.36643	0.994109	0.657462	-0.465562
8.335	0.8325	7.37062	0.990821	0.659509	-0.46497
8.34	0.829746	7.37479	0.987524	0.661561	-0.464365
8.345	0.826978	7.37895	0.984216	0.663616	-0.463748
8.35	0.824197	7.38311	0.980898	0.665676	-0.463118
8.355	0.821402	7.38726	0.977569	0.66774	-0.462475
8.36	0.818593	7.39139	0.974231	0.669808	-0.46182
8.365	0.81577	7.39552	0.970882	0.671881	-0.461152
8.37	0.812933	7.39964	0.967522	0.673958	-0.460472
8.375	0.810083	7.40374	0.964153	0.676039	-0.459779
8.38	0.807218	7.40784	0.960772	0.678125	-0.459073
8.385	0.80434	7.41193	0.957382	0.680215	-0.458354
8.39	0.801448	7.41601	0.953981	0.68231	-0.457622
8.395	0.798542	7.42008	0.950569	0.684409	-0.456878
8.4	0.795622	7.42414	0.947147	0.686513	-0.45612
8.405	0.792688	7.42819	0.943714	0.688622	-0.455349
8.41	0.78974	7.43222	0.940271	0.690736	-0.454566
8.415	0.786778	7.43625	0.936818	0.692854	-0.453769
8.42	0.783802	7.44027	0.933353	0.694977	-0.452959
8.425	0.780813	7.44428	0.929879	0.697105	-0.452136
8.43	0.777809	7.44828	0.926393	0.699237	-0.451299
8.435	0.774791	7.45226	0.922897	0.701375	-0.45045
8.44	0.77176	7.45624	0.91939	0.703518	-0.449587
8.445	0.768714	7.4602	0.915872	0.705666	-0.44871
8.45	0.765655	7.46416	0.912344	0.707819	-0.44782
8.455	0.762581	7.4681	0.908805	0.709977	-0.446917
8.46	0.759494	7.47204	0.905255	0.71214	-0.446001
8.465	0.756393	7.47596	0.901694	0.714309	-0.44507
8.47	0.753277	7.47987	0.898123	0.716483	-0.444127
8.475	0.750148	7.48377	0.89454	0.718662	-0.443169
8.48	0.747004	7.48766	0.890947	0.720847	-0.442198
8.485	0.743847	7.49153	0.887343	0.723038	-0.441213
8.49	0.740676	7.4954	0.883728	0.725234	-0.440215
8.495	0.73749	7.49925	0.880102	0.727435	-0.439203
8.5	0.734291	7.50309	0.876464	0.729643	-0.438177
8.505	0.731078	7.50693	0.872816	0.731856	-0.437137
8.51	0.72785	7.51074	0.869157	0.734076	-0.436083
8.515	0.724609	7.51455	0.865486	0.736301	-0.435016
8.52	0.721354	7.51835	0.861805	0.738532	-0.433934
8.525	0.718084	7.52213	0.858112	0.740769	-0.432839
8.53	0.714801	7.5259	0.854408	0.743013	-0.431729
8.535	0.711504	7.52966	0.850693	0.745262	-0.430605
8.54	0.708192	7.53341	0.846967	0.747519	-0.429467
8.545	0.704867	7.53714	0.843229	0.749781	-0.428316
8.55	0.701528	7.54086	0.839481	0.75205	-0.427149
8.555	0.698175	7.54457	0.83572	0.754326	-0.425969
8.56	0.694807	7.54827	0.831949	0.756608	-0.424775
8.565	0.691426	7.55195	0.828166	0.758897	-0.423566
8.57	0.688031	7.55562	0.824371	0.761193	-0.422343
8.575	0.684622	7.55928	0.820565	0.763495	-0.421105
8.58	0.681199	7.56292	0.816748	0.765805	-0.419853
8.585	0.677762	7.56655	0.812919	0.768122	-0.418587
8.59	0.674311	7.57017	0.809078	0.770446	-0.417306
8.595	0.670847	7.57378	0.805226	0.772778	-0.416011
8.6	0.667368	7.57737	0.801362	0.775116	-0.414701
8.605	0.663876	7.58095	0.797486	0.777463	-0.413377
8.61	0.660369	7.58451	0.793599	0.779817	-0.412038
8.615	0.656849	7.58806	0.7897	0.782179	-0.410684
8.62	0.653315	7.5916	0.785789	0.784548	-0.409316
8.625	0.649767	7.59512	0.781866	0.786926	-0.407933
8.63	0.646205	7.59863	0.777932	0.789311	-0.406536
8.635	0.642629	7.60213	0.773985	0.791705	-0.405124
8.64	0.63904	7.60561	0.770027	0.794107	-0.403696
8.645	0.635436	7.60907	0.766056	0.796518	-0.402255
8.65	0.631819	7.61253	0.762074	0.798937	-0.400798
8.655	0.628189	7.61596	0.758079	0.801365	-0.399326
8.66	0.624544	7.61939	0.754072	0.803802	-0.39784
8.665	0.620886	7.62279	0.750053	0.806247	-0.396338
8.67	0.617214	7.62619	0.746022	0.808702	-0.394822
8.675	0.613528	7.62957	0.741978	0.811166	-0.393291
8.68	0.609829	7.63293	0.737922	0.81364	-0.391744
8.685	0.606116	7.63628	0.733854	0.816123	-0.390183
8.69	0.602389	7.63961	0.729774	0.818616	-0.388607
8.695	0.598649	7.64293	0.725681	0.821118	-0.387015
8.7	0.594895	7.64623	0.721575	0.823631	-0.385409
8.705	0.591128	7.64952	0.717457	0.826154	-0.383787
8.71	0.587347	7.65279	0.713326	0.828687	-0.38215
8.715	0.583552	7.65605	0.709183	0.83123	-0.380498
8.72	0.579744	7.65929	0.705026	0.833785	-0.37883
8.725	0.575923	7.66251	0.700858	0.83635	-0.377148
8.73	0.572088	7.66572	0.696676	0.838927	-0.37545
8.735	0.56824	7.66891	0.692481	0.841514	-0.373737
8.74	0.564378	7.67209	0.688274	0.844113	-0.372008
8.745	0.560503	7.67525	0.684053	0.846724	-0.370264
8.75	0.556614	7.67839	0.679819	0.849347	-0.368505
8.755	0.552713	7.68152	0.675573	0.851982	-0.366731
8.76	0.548798	7.68463	0.671313	0.854629	-0.364941
8.765	0.544869	7.68772	0.66704	0.857288	-0.363135
8.77	0.540928	7.6908	0.662753	0.859961	-0.361314
8.775	0.536973	7.69386	0.658453	0.862646	-0.359478
8.78	0.533005	7.6969	0.65414	0.865345	-0.357626
8.785	0.529024	7.69993	0.649813	0.868057	-0.355758
8.79	0.52503	7.70293	0.645473	0.870783	-0.353875
8.795	0.521023	7.70592	0.641119	0.873523	-0.351977
8.8	0.517003	7.7089	0.636752	0.876278	-0.350063
8.805	0.51297	7.71185	0.63237	0.879047	-0.348133
8.81	0.508924	7.71479	0.627975	0.88183	-0.346187
8.815	0.504865	7.71771	0.623566	0.884629	-0.344226
8.82	0.500793	7.72061	0.619143	0.887444	-0.342249
8.825	0.496708	7.7235	0.614705	0.890274	-0.340257
8.83	0.492611	7.72636	0.610254	0.89312	-0.338248
8.835	0.4885	7.72921	0.605788	0.895983	-0.336224
8.84	0.484377	7.73204	0.601309	0.898863	-0.334185
8.845	0.480242	7.73485	0.596814	0.90176	-0.332129
8.85	0.476093	7.73764	0.592305	0.904674	-0.330058
8.855	0.471933	7.74041	0.587782	0.907607	-0.32797
8.86	0.467759	7.74316	0.583244	0.910557	-0.325867
8.865	0.463573	7.7459	0.578691	0.913527	-0.323748
8.87	0.459375	7.74861	0.574124	0.916515	-0.321613
8.875	0.455164	7.75131	0.569541	0.919523	-0.319462
8.88	0.450941	7.75399	0.564943	0.922551	-0.317295
8.885	0.446706	7.75664	0.560331	0.9256	-0.315113
8.89	0.442458	7.75928	0.555703	0.928669	-0.312914
8.895	0.438198	7.7619	0.551059	0.93176	-0.310699
8.9	0.433926	7.7645	0.546401	0.934873	-0.308468
8.905	0.429642	7.76708	0.541726	0.938008	-0.306221
8.91	0.425346	7.76963	0.537036	0.941167	-0.303958
8.915	0.421038	7.77217	0.53233	0.944349	-0.301679
8.92	0.416718	7.77469	0.527609	0.947555	-0.299384
8.925	0.412386	7.77719	0.522871	0.950786	-0.297073
8.93	0.408042	7.77966	0.518117	0.954043	-0.294745
8.935	0.403687	7.78212	0.513347	0.957325	-0.292401
8.94	0.399319	7.78455	0.50856	0.960634	-0.290041
8.945	0.39494	7.78697	0.503757	0.963971	-0.287665
8.95	0.39055	7.78936	0.498937	0.967336	-0.285272
8.955	0.386148	7.79173	0.4941	0.97073	-0.282864
8.96	0.381735	7.79408	0.489247	0.974154	-0.280438
8.965	0.37731	7.79641	0.484376	0.977608	-0.277997
8.97	0.372874	7.79871	0.479488	0.981094	-0.275539
8.975	0.368426	7.801	0.474582	0.984612	-0.273064
8.98	0.363968	7.80326	0.469659	0.988163	-0.270574
8.985	0.359498	7.8055	0.464718	0.991749	-0.268066
8.99	0.355017	7.80772	0.45976	0.99537	-0.265542
8.995	0.350525	7.80992	0.454783	0.999027	-0.263002
9	0.346023	7.81209	0.449788	1.00272	-0.260445
9.005	0.341509	7.81424	0.444774	1.00645	-0.257871
9.01	0.336985	7.81637	0.439742	1.01023	-0.255281
9.015	0.33245	7.81848	0.434691	1.01404	-0.252674
9.02	0.327904	7.82056	0.429621	1.0179	-0.25005
9.025	0.323348	7.82262	0.424531	1.0218	-0.24741
9.03	0.318781	7.82466	0.419422	1.02574	-0.244753
9.035	0.314204	7.82667	0.414293	1.02974	-0.242079
9.04	0.309617	7.82866	0.409145	1.03378	-0.239387
9.045	0.305019	7.83062	0.403976	1.03787	-0.236679
9.05	0.300412	7.83256	0.398786	1.04201	-0.233954
9.055	0.295794	7.83448	0.393576	1.0462	-0.231212
9.06	0.291166	7.83638	0.388345	1.05046	-0.228453
9.065	0.286529	7.83824	0.383093	1.05476	-0.225677
9.07	0.281881	7.84009	0.377819	1.05913	-0.222883
9.075	0.277224	7.84191	0.372524	1.06356	-0.220073
9.08	0.272558	7.8437	0.367206	1.06806	-0.217245
9.085	0.267882	7.84547	0.361865	1.07262	-0.214399
9.09	0.263196	7.84722	0.356502	1.07726	-0.211536
9.095	0.258501	7.84894	0.351116	1.08196	-0.208656
9.1	0.253797	7.85063	0.345706	1.08674	-0.205758
9.105	0.249083	7.8523	0.340273	1.0916	-0.202842
9.11	0.244361	7.85394	0.334815	1.09655	-0.199909
9.115	0.23963	7.85556	0.329332	1.10158	-0.196958
9.12	0.23489	7.85715	0.323824	1.1067	-0.193989
9.125	0.230141	7.85872	0.31829	1.11191	-0.191003
9.13	0.225383	7.86026	0.312731	1.11723	-0.187998
9.135	0.220617	7.86177	0.307145	1.12265	-0.184975
9.14	0.215843	7.86325	0.301531	1.12818	-0.181934
9.145	0.21106	7.86471	0.295891	1.13382	-0.178875
9.15	0.206269	7.86614	0.290221	1.13958	-0.175798
9.155	0.20147	7.86754	0.284524	1.14548	-0.172702
9.16	0.196663	7.86892	0.278796	1.15151	-0.169588
9.165	0.191849	7.87027	0.273039	1.15768	-0.166456
9.17	0.187026	7.87159	0.26725	1.164	-0.163305
9.175	0.182196	7.87288	0.26143	1.17048	-0.160135
9.18	0.177358	7.87415	0.255578	1.17714	-0.156947
9.185	0.172513	7.87538	0.249692	1.18398	-0.15374
9.19	0.167661	7.87659	0.243772	1.19101	-0.150515
9.195	0.162802	7.87777	0.237817	1.19825	-0.147271
9.2	0.157936	7.87891	0.231826	1.20571	-0.144008
9.205	0.153063	7.88003	0.225797	1.21341	-0.140727
9.21	0.148183	7.88112	0.21973	1.22138	-0.137427
9.215	0.143297	7.88218	0.213623	1.22962	-0.134109
9.22	0.138404	7.88321	0.207475	1.23816	-0.130773
9.225	0.133505	7.88421	0.201285	1.24704	-0.12742
9.23	0.1286	7.88518	0.195049	1.25628	-0.124048
9.235	0.123688	7.88612	0.188768	1.26591	-0.12066
9.24	0.118771	7.88703	0.182438	1.27599	-0.117256
9.245	0.113849	7.8879	0.176058	1.28654	-0.113836
9.25	0.10892	7.88875	0.169626	1.29764	-0.110402
9.255	0.103987	7.88956	0.163138	1.30934	-0.106955
9.26	0.099048	7.89034	0.156591	1.32173	-0.103496
9.265	0.0941041	7.89109	0.149982	1.33489	-0.100029
9.27	0.0891554	7.8918	0.143308	1.34895	-0.0965556
9.275	0.0842019	7.89248	0.136563	1.36403	-0.0930801
9.28	0.0792439	7.89313	0.129743	1.38033	-0.0896076
9.285	0.0742816	7.89374	0.122841	1.39806	-0.0861449
9.29	0.0693151	7.89432	0.115851	1.41752	-0.0827009
9.295	0.0643447	7.89486	0.108763	1.4391	-0.0792879
9.3	0.0593704	7.89537	0.101568	1.4633	-0.0759231
9.305	0.0543926	7.89584	0.0942512	1.49088	-0.0726302
9.31	0.0494115	7.89627	0.0867968	1.52287	-0.069444
9.315	0.0444271	7.89667	0.0791825	1.56084	-0.066416
9.32	0.0394399	7.89702	0.0713783	1.60725	-0.0636252
9.325	0.0344499	7.89734	0.0633421	1.66616	-0.0611996
9.33	0.0294575	7.89762	0.0550113	1.74476	-0.0593568
9.335	0.0244628	7.89785	0.0462875	1.85698	-0.0584989
9.34	0.0194662	7.89803	0.0370026	2.03318	-0.059452
9.345	0.014468	7.89817	0.0268367	2.35139	-0.0642227
9.35	0.0094686	7.89824	0.0150797	3.06991	-0.0793286
9.355	0.0044686	7.89824	-0.000269801	5.52364	-0.144956
9.36	-0.000529458	7.8981	-0.027888	30.4215	-2.30084
