descriptor s_test R_test Z_test
0	1.6719	9.99999e-006	0.002	-0.402018	-0.00161646
0.005	1.6669	3.00504e-005	0.00401009	-0.404039	-0.0032494
0.01	1.6619	6.02016e-005	0.00603028	-0.406063	-0.00489885
0.015	1.6569	0.000100504	0.0080606	-0.40809	-0.0065648
0.02	1.6519	0.000151009	0.010101	-0.410121	-0.00824729
0.025	1.6469	0.000211765	0.0121517	-0.412155	-0.00994633
0.03	1.6419	0.000282825	0.0142124	-0.414193	-0.0116619
0.035	1.6369	0.000364238	0.0162834	-0.416235	-0.0133941
0.04	1.6319	0.000456056	0.0183646	-0.41828	-0.0151429
0.045	1.6269	0.000558329	0.020456	-0.420328	-0.0169083
0.05	1.62191	0.000671107	0.0225576	-0.422381	-0.0186903
0.055	1.61691	0.000794442	0.0246695	-0.424438	-0.020489
0.06	1.61191	0.000928385	0.0267917	-0.426498	-0.0223044
0.065	1.60691	0.00107299	0.0289242	-0.428563	-0.0241364
0.07	1.60191	0.0012283	0.031067	-0.430632	-0.0259851
0.075	1.59692	0.00139437	0.0332202	-0.432705	-0.0278506
0.08	1.59192	0.00157125	0.0353837	-0.434783	-0.0297327
0.085	1.58692	0.00175899	0.0375576	-0.436865	-0.0316316
0.09	1.58193	0.00195765	0.0397419	-0.438952	-0.0335473
0.095	1.57693	0.00216727	0.0419367	-0.441043	-0.0354797
0.1	1.57194	0.00238791	0.0441419	-0.443139	-0.0374289
0.105	1.56694	0.00261961	0.0463576	-0.44524	-0.039395
0.11	1.56195	0.00286244	0.0485838	-0.447346	-0.0413778
0.115	1.55695	0.00311643	0.0508205	-0.449457	-0.0433775
0.12	1.55196	0.00338165	0.0530678	-0.451573	-0.045394
0.125	1.54697	0.00365813	0.0553257	-0.453694	-0.0474273
0.13	1.54198	0.00394594	0.0575942	-0.455821	-0.0494775
0.135	1.53699	0.00424513	0.0598733	-0.457953	-0.0515447
0.14	1.532	0.00455575	0.062163	-0.46009	-0.0536287
0.145	1.52701	0.00487784	0.0644635	-0.462234	-0.0557296
0.15	1.52202	0.00521147	0.0667747	-0.464382	-0.0578474
0.155	1.51703	0.00555667	0.0690966	-0.466537	-0.0599822
0.16	1.51204	0.00591352	0.0714292	-0.468698	-0.0621339
0.165	1.50705	0.00628205	0.0737727	-0.470865	-0.0643026
0.17	1.50207	0.00666231	0.0761271	-0.473038	-0.0664883
0.175	1.49708	0.00705437	0.0784923	-0.475217	-0.0686909
0.18	1.4921	0.00745827	0.0808683	-0.477402	-0.0709106
0.185	1.48712	0.00787407	0.0832553	-0.479595	-0.0731472
0.19	1.48214	0.00830181	0.0856533	-0.481793	-0.0754009
0.195	1.47716	0.00874156	0.0880623	-0.483999	-0.0776716
0.2	1.47218	0.00919335	0.0904823	-0.486211	-0.0799594
0.205	1.4672	0.00965725	0.0929133	-0.48843	-0.0822642
0.21	1.46222	0.0101333	0.0953555	-0.490657	-0.0845861
0.215	1.45724	0.0106216	0.0978088	-0.49289	-0.086925
0.22	1.45227	0.0111221	0.100273	-0.495131	-0.0892811
0.225	1.4473	0.0116349	0.102749	-0.497379	-0.0916542
0.23	1.44232	0.0121601	0.105236	-0.499635	-0.0940445
0.235	1.43735	0.0126978	0.107734	-0.501899	-0.0964518
0.24	1.43238	0.0132479	0.110243	-0.50417	-0.0988764
0.245	1.42741	0.0138105	0.112764	-0.506449	-0.101318
0.25	1.42245	0.0143857	0.115297	-0.508736	-0.103777
0.255	1.41748	0.0149735	0.11784	-0.511032	-0.106253
0.26	1.41252	0.0155741	0.120395	-0.513336	-0.108746
0.265	1.40756	0.0161873	0.122962	-0.515648	-0.111256
0.27	1.4026	0.0168134	0.12554	-0.517969	-0.113784
0.275	1.39764	0.0174523	0.12813	-0.520299	-0.116328
0.28	1.39268	0.0181041	0.130732	-0.522638	-0.11889
0.285	1.38772	0.0187688	0.133345	-0.524985	-0.121469
0.29	1.38277	0.0194466	0.13597	-0.527342	-0.124066
0.295	1.37782	0.0201374	0.138606	-0.529708	-0.126679
0.3	1.37287	0.0208413	0.141255	-0.532084	-0.12931
0.305	1.36792	0.0215584	0.143915	-0.534469	-0.131958
0.31	1.36297	0.0222887	0.146588	-0.536864	-0.134623
0.315	1.35803	0.0230323	0.149272	-0.539268	-0.137306
0.32	1.35309	0.0237893	0.151968	-0.541683	-0.140006
0.325	1.34815	0.0245596	0.154677	-0.544108	-0.142723
0.33	1.34321	0.0253433	0.157397	-0.546543	-0.145457
0.335	1.33827	0.0261405	0.16013	-0.548989	-0.148209
0.34	1.33334	0.0269513	0.162875	-0.551446	-0.150978
0.345	1.32841	0.0277757	0.165632	-0.553913	-0.153764
0.35	1.32348	0.0286137	0.168402	-0.556391	-0.156567
0.355	1.31855	0.0294655	0.171184	-0.558881	-0.159388
0.36	1.31363	0.030331	0.173978	-0.561381	-0.162227
0.365	1.3087	0.0312103	0.176785	-0.563894	-0.165082
0.37	1.30378	0.0321035	0.179605	-0.566417	-0.167955
0.375	1.29887	0.0330106	0.182437	-0.568953	-0.170845
0.38	1.29395	0.0339318	0.185281	-0.571501	-0.173752
0.385	1.28904	0.0348669	0.188139	-0.574061	-0.176677
0.39	1.28413	0.0358162	0.191009	-0.576633	-0.179619
0.395	1.27923	0.0367796	0.193892	-0.579217	-0.182579
0.4	1.27432	0.0377572	0.196788	-0.581815	-0.185555
0.405	1.26942	0.038749	0.199698	-0.584425	-0.18855
0.41	1.26452	0.0397552	0.20262	-0.587048	-0.191561
0.415	1.25963	0.0407758	0.205555	-0.589685	-0.19459
0.42	1.25474	0.0418107	0.208503	-0.592335	-0.197636
0.425	1.24985	0.0428602	0.211465	-0.594998	-0.2007
0.43	1.24496	0.0439242	0.21444	-0.597676	-0.20378
0.435	1.24008	0.0450028	0.217428	-0.600367	-0.206879
0.44	1.2352	0.0460961	0.22043	-0.603073	-0.209994
0.445	1.23033	0.047204	0.223446	-0.605793	-0.213127
0.45	1.22545	0.0483267	0.226475	-0.608527	-0.216277
0.455	1.22059	0.0494643	0.229517	-0.611277	-0.219445
0.46	1.21572	0.0506167	0.232574	-0.614041	-0.22263
0.465	1.21086	0.051784	0.235644	-0.616821	-0.225832
0.47	1.206	0.0529664	0.238728	-0.619616	-0.229051
0.475	1.20115	0.0541637	0.241826	-0.622426	-0.232288
0.48	1.19629	0.0553762	0.244938	-0.625253	-0.235542
0.485	1.19145	0.0566039	0.248064	-0.628095	-0.238814
0.49	1.1866	0.0578467	0.251205	-0.630954	-0.242102
0.495	1.18177	0.0591048	0.25436	-0.633829	-0.245408
0.5	1.17693	0.0603783	0.257529	-0.636721	-0.248732
0.505	1.1721	0.0616671	0.260712	-0.63963	-0.252072
0.51	1.16727	0.0629714	0.26391	-0.642556	-0.25543
0.515	1.16245	0.0642912	0.267123	-0.645499	-0.258805
0.52	1.15763	0.0656266	0.270351	-0.64846	-0.262198
0.525	1.15282	0.0669775	0.273593	-0.651439	-0.265607
0.53	1.14801	0.0683442	0.27685	-0.654436	-0.269034
0.535	1.1432	0.0697265	0.280122	-0.657452	-0.272478
0.54	1.1384	0.0711247	0.28341	-0.660485	-0.275939
0.545	1.13361	0.0725387	0.286712	-0.663538	-0.279418
0.55	1.12881	0.0739686	0.29003	-0.66661	-0.282913
0.555	1.12403	0.0754145	0.293363	-0.669701	-0.286426
0.56	1.11925	0.0768763	0.296711	-0.672811	-0.289955
0.565	1.11447	0.0783543	0.300075	-0.675941	-0.293502
0.57	1.1097	0.0798484	0.303455	-0.679091	-0.297066
0.575	1.10493	0.0813587	0.306851	-0.682262	-0.300647
0.58	1.10017	0.0828852	0.310262	-0.685453	-0.304245
0.585	1.09542	0.0844281	0.313689	-0.688665	-0.30786
0.59	1.09066	0.0859873	0.317132	-0.691898	-0.311492
0.595	1.08592	0.0875629	0.320592	-0.695152	-0.315141
0.6	1.08118	0.0891551	0.324068	-0.698428	-0.318807
0.605	1.07645	0.0907637	0.32756	-0.701725	-0.32249
0.61	1.07172	0.092389	0.331068	-0.705045	-0.326189
0.615	1.06699	0.0940309	0.334594	-0.708387	-0.329906
0.62	1.06228	0.0956896	0.338136	-0.711751	-0.333639
0.625	1.05757	0.097365	0.341694	-0.715139	-0.337389
0.63	1.05286	0.0990572	0.34527	-0.71855	-0.341156
0.635	1.04816	0.100766	0.348863	-0.721984	-0.344939
0.64	1.04347	0.102492	0.352473	-0.725442	-0.348739
0.645	1.03878	0.104236	0.3561	-0.728924	-0.352556
0.65	1.0341	0.105996	0.359745	-0.73243	-0.356389
0.655	1.02943	0.107773	0.363407	-0.735961	-0.360238
0.66	1.02476	0.109568	0.367087	-0.739517	-0.364104
0.665	1.0201	0.111379	0.370784	-0.743098	-0.367987
0.67	1.01545	0.113208	0.3745	-0.746704	-0.371885
0.675	1.0108	0.115055	0.378233	-0.750336	-0.3758
0.68	1.00616	0.116919	0.381985	-0.753994	-0.379732
0.685	1.00153	0.1188	0.385755	-0.757678	-0.383679
0.69	0.996906	0.120699	0.389543	-0.761389	-0.387643
0.695	0.992287	0.122615	0.39335	-0.765127	-0.391622
0.7	0.987677	0.124549	0.397176	-0.768892	-0.395617
0.705	0.983073	0.126501	0.40102	-0.772684	-0.399629
0.71	0.978478	0.128471	0.404884	-0.776504	-0.403656
0.715	0.973889	0.130458	0.408766	-0.780352	-0.407699
0.72	0.969309	0.132463	0.412668	-0.784229	-0.411757
0.725	0.964737	0.134486	0.416589	-0.788134	-0.415831
0.73	0.960172	0.136528	0.42053	-0.792068	-0.419921
0.735	0.955616	0.138587	0.42449	-0.796032	-0.424026
0.74	0.951068	0.140664	0.42847	-0.800024	-0.428146
0.745	0.946529	0.14276	0.43247	-0.804047	-0.432281
0.75	0.941997	0.144874	0.436491	-0.8081	-0.436432
0.755	0.937475	0.147006	0.440531	-0.812183	-0.440597
0.76	0.932961	0.149156	0.444592	-0.816296	-0.444777
0.765	0.928456	0.151325	0.448674	-0.820441	-0.448972
0.77	0.923959	0.153512	0.452776	-0.824617	-0.453182
0.775	0.919472	0.155718	0.456899	-0.828824	-0.457406
0.78	0.914994	0.157943	0.461043	-0.833064	-0.461645
0.785	0.910526	0.160186	0.465208	-0.837335	-0.465897
0.79	0.906067	0.162447	0.469395	-0.841639	-0.470164
0.795	0.901617	0.164728	0.473603	-0.845975	-0.474445
0.8	0.897177	0.167027	0.477833	-0.850344	-0.478739
0.805	0.892747	0.169345	0.482085	-0.854747	-0.483048
0.81	0.888327	0.171682	0.486358	-0.859183	-0.487369
0.815	0.883916	0.174038	0.490654	-0.863652	-0.491705
0.82	0.879517	0.176413	0.494973	-0.868156	-0.496053
0.825	0.875127	0.178808	0.499313	-0.872694	-0.500414
0.83	0.870748	0.181221	0.503677	-0.877266	-0.504788
0.835	0.866379	0.183653	0.508063	-0.881873	-0.509175
0.84	0.862022	0.186105	0.512473	-0.886515	-0.513574
0.845	0.857675	0.188576	0.516905	-0.891192	-0.517985
0.85	0.853339	0.191066	0.521361	-0.895904	-0.522408
0.855	0.849015	0.193576	0.525841	-0.900652	-0.526843
0.86	0.844702	0.196105	0.530344	-0.905435	-0.53129
0.865	0.8404	0.198654	0.534871	-0.910255	-0.535748
0.87	0.83611	0.201222	0.539422	-0.915111	-0.540217
0.875	0.831832	0.20381	0.543998	-0.920003	-0.544697
0.88	0.827565	0.206417	0.548598	-0.924932	-0.549188
0.885	0.823311	0.209044	0.553223	-0.929897	-0.553689
0.89	0.819069	0.211691	0.557872	-0.9349	-0.558199
0.895	0.81484	0.214358	0.562547	-0.939939	-0.56272
0.9	0.810623	0.217044	0.567246	-0.945015	-0.56725
0.905	0.806419	0.219751	0.571971	-0.950129	-0.57179
0.91	0.802227	0.222477	0.576722	-0.95528	-0.576338
0.915	0.798049	0.225224	0.581498	-0.960468	-0.580895
0.92	0.793884	0.22799	0.586301	-0.965694	-0.58546
0.925	0.789733	0.230777	0.591129	-0.970957	-0.590033
0.93	0.785595	0.233583	0.595984	-0.976258	-0.594613
0.935	0.781471	0.23641	0.600865	-0.981596	-0.599201
0.94	0.77736	0.239257	0.605773	-0.986972	-0.603795
0.945	0.773264	0.242124	0.610708	-0.992385	-0.608396
0.95	0.769182	0.245012	0.61567	-0.997836	-0.613003
0.955	0.765115	0.24792	0.620659	-1.00332	-0.617615
0.96	0.761062	0.250848	0.625676	-1.00885	-0.622233
0.965	0.757024	0.253796	0.63072	-1.01441	-0.626855
0.97	0.753001	0.256766	0.635792	-1.02001	-0.631482
0.975	0.748993	0.259755	0.640892	-1.02565	-0.636112
0.98	0.745	0.262765	0.64602	-1.03132	-0.640746
0.985	0.741024	0.265796	0.651177	-1.03703	-0.645383
0.99	0.737063	0.268847	0.656362	-1.04278	-0.650022
0.995	0.733117	0.271919	0.661576	-1.04856	-0.654663
1	0.729188	0.275011	0.666819	-1.05438	-0.659306
1.005	0.725276	0.278124	0.672091	-1.06024	-0.663949
1.01	0.72138	0.281258	0.677392	-1.06613	-0.668592
1.015	0.717501	0.284413	0.682723	-1.07205	-0.673235
1.02	0.713638	0.287588	0.688083	-1.07801	-0.677877
1.025	0.709793	0.290784	0.693473	-1.084	-0.682517
1.03	0.705965	0.294001	0.698893	-1.09003	-0.687155
1.035	0.702155	0.297239	0.704343	-1.09609	-0.69179
1.04	0.698363	0.300497	0.709824	-1.10218	-0.696422
1.045	0.694588	0.303776	0.715334	-1.1083	-0.70105
1.05	0.690832	0.307077	0.720876	-1.11445	-0.705672
1.055	0.687094	0.310398	0.726448	-1.12063	-0.710289
1.06	0.683375	0.31374	0.732051	-1.12685	-0.714899
1.065	0.679675	0.317103	0.737686	-1.13309	-0.719503
1.07	0.675994	0.320486	0.743351	-1.13936	-0.724098
1.075	0.672333	0.323891	0.749048	-1.14565	-0.728685
1.08	0.66869	0.327317	0.754776	-1.15198	-0.733262
1.085	0.665068	0.330763	0.760536	-1.15832	-0.737829
1.09	0.661466	0.334231	0.766328	-1.16469	-0.742384
1.095	0.657884	0.337719	0.772151	-1.17109	-0.746927
1.1	0.654322	0.341228	0.778006	-1.1775	-0.751458
1.105	0.650781	0.344759	0.783894	-1.18394	-0.755974
1.11	0.647261	0.34831	0.789814	-1.19039	-0.760475
1.115	0.643763	0.351882	0.795766	-1.19686	-0.764961
1.12	0.640286	0.355475	0.80175	-1.20335	-0.769429
1.125	0.63683	0.359088	0.807767	-1.20985	-0.77388
1.13	0.633396	0.362723	0.813816	-1.21637	-0.778311
1.135	0.629985	0.366378	0.819898	-1.22289	-0.782723
1.14	0.626596	0.370054	0.826012	-1.22943	-0.787113
1.145	0.623229	0.373751	0.832159	-1.23597	-0.791481
1.15	0.619886	0.377469	0.838339	-1.24252	-0.795826
1.155	0.616566	0.381207	0.844552	-1.24907	-0.800146
1.16	0.613269	0.384966	0.850797	-1.25563	-0.804441
1.165	0.609995	0.388746	0.857075	-1.26219	-0.808709
1.17	0.606746	0.392546	0.863386	-1.26874	-0.812948
1.175	0.603521	0.396367	0.86973	-1.27529	-0.817159
1.18	0.60032	0.400208	0.876106	-1.28183	-0.821338
1.185	0.597144	0.40407	0.882515	-1.28836	-0.825486
1.19	0.593993	0.407952	0.888957	-1.29488	-0.8296
1.195	0.590867	0.411855	0.895432	-1.30138	-0.833679
1.2	0.587767	0.415777	0.901939	-1.30787	-0.837723
1.205	0.584692	0.41972	0.908478	-1.31434	-0.841729
1.21	0.581643	0.423683	0.91505	-1.32079	-0.845697
1.215	0.578621	0.427666	0.921654	-1.3272	-0.849624
1.22	0.575625	0.431669	0.92829	-1.33359	-0.853509
1.225	0.572655	0.435692	0.934958	-1.33995	-0.857351
1.23	0.569713	0.439735	0.941657	-1.34627	-0.861149
1.235	0.566798	0.443797	0.948389	-1.35256	-0.8649
1.24	0.563911	0.447879	0.955151	-1.3588	-0.868604
1.245	0.561051	0.45198	0.961945	-1.365	-0.872258
1.25	0.558219	0.456101	0.96877	-1.37114	-0.875861
1.255	0.555416	0.460242	0.975626	-1.37723	-0.879412
1.26	0.552642	0.464401	0.982512	-1.38327	-0.882909
1.265	0.549896	0.46858	0.989429	-1.38925	-0.88635
1.27	0.547179	0.472777	0.996375	-1.39516	-0.889734
1.275	0.544492	0.476994	1.00335	-1.401	-0.893059
1.28	0.541834	0.481229	1.01036	-1.40677	-0.896323
1.285	0.539206	0.485482	1.01739	-1.41247	-0.899525
1.29	0.536608	0.489755	1.02445	-1.41808	-0.902663
1.295	0.534041	0.494045	1.03154	-1.4236	-0.905735
1.3	0.531504	0.498354	1.03866	-1.42904	-0.90874
1.305	0.528998	0.50268	1.04581	-1.43438	-0.911675
1.31	0.526523	0.507025	1.05298	-1.43963	-0.91454
1.315	0.524079	0.511387	1.06018	-1.44476	-0.917332
1.32	0.521667	0.515767	1.0674	-1.4498	-0.92005
1.325	0.519287	0.520164	1.07465	-1.45471	-0.922693
1.33	0.516939	0.524578	1.08192	-1.45952	-0.925257
1.335	0.514623	0.52901	1.08922	-1.46419	-0.927742
1.34	0.512339	0.533458	1.09654	-1.46874	-0.930146
1.345	0.510089	0.537922	1.10388	-1.47316	-0.932467
1.35	0.507871	0.542404	1.11125	-1.47744	-0.934704
1.355	0.505687	0.546901	1.11864	-1.48158	-0.936855
1.36	0.503535	0.551415	1.12605	-1.48558	-0.938918
1.365	0.501418	0.555944	1.13347	-1.48942	-0.940891
1.37	0.499334	0.560489	1.14092	-1.4931	-0.942774
1.375	0.497284	0.56505	1.14839	-1.49662	-0.944564
1.38	0.495269	0.569626	1.15587	-1.49997	-0.94626
1.385	0.493287	0.574216	1.16337	-1.50316	-0.94786
1.39	0.491341	0.578822	1.17088	-1.50616	-0.949363
1.395	0.489429	0.583442	1.17842	-1.50899	-0.950767
1.4	0.487552	0.588076	1.18596	-1.51163	-0.952071
1.405	0.48571	0.592724	1.19352	-1.51408	-0.953274
1.41	0.483903	0.597387	1.20109	-1.51633	-0.954373
1.415	0.482132	0.602062	1.20867	-1.51838	-0.955369
1.42	0.480396	0.606751	1.21626	-1.52023	-0.956258
1.425	0.478696	0.611454	1.22386	-1.52187	-0.957041
1.43	0.477032	0.616168	1.23147	-1.52329	-0.957716
1.435	0.475403	0.620896	1.23909	-1.5245	-0.958282
1.44	0.473811	0.625636	1.24671	-1.52549	-0.958737
1.445	0.472255	0.630387	1.25434	-1.52625	-0.959082
1.45	0.470735	0.635151	1.26197	-1.52678	-0.959314
1.455	0.469252	0.639926	1.2696	-1.52707	-0.959433
1.46	0.467805	0.644712	1.27724	-1.52714	-0.959437
1.465	0.466395	0.649509	1.28488	-1.52696	-0.959327
1.47	0.465022	0.654316	1.29251	-1.52653	-0.959101
1.475	0.463685	0.659134	1.30014	-1.52586	-0.958759
1.48	0.462385	0.663962	1.30777	-1.52495	-0.958301
1.485	0.461122	0.6688	1.3154	-1.52378	-0.957725
1.49	0.459895	0.673648	1.32302	-1.52235	-0.957031
1.495	0.458706	0.678504	1.33063	-1.52067	-0.956218
1.5	0.457554	0.683369	1.33823	-1.51873	-0.955288
1.505	0.456438	0.688243	1.34582	-1.51653	-0.954238
1.51	0.45536	0.693126	1.35341	-1.51407	-0.95307
1.515	0.454318	0.698016	1.36098	-1.51134	-0.951783
1.52	0.453314	0.702914	1.36853	-1.50836	-0.950377
1.525	0.452346	0.70782	1.37608	-1.5051	-0.948852
1.53	0.451416	0.712732	1.3836	-1.50158	-0.947208
1.535	0.450522	0.717652	1.39111	-1.49779	-0.945446
1.54	0.449666	0.722578	1.3986	-1.49374	-0.943566
1.545	0.448846	0.72751	1.40607	-1.48942	-0.941568
1.55	0.448063	0.732448	1.41351	-1.48484	-0.939453
1.555	0.447316	0.737392	1.42094	-1.47999	-0.937222
1.56	0.446606	0.742342	1.42834	-1.47487	-0.934874
1.565	0.445933	0.747296	1.43571	-1.4695	-0.932411
1.57	0.445296	0.752256	1.44306	-1.46386	-0.929834
1.575	0.444695	0.757219	1.45038	-1.45796	-0.927143
1.58	0.444131	0.762187	1.45767	-1.4518	-0.92434
1.585	0.443602	0.767159	1.46493	-1.44539	-0.921425
1.59	0.44311	0.772135	1.47216	-1.43873	-0.9184
1.595	0.442653	0.777114	1.47935	-1.43181	-0.915265
1.6	0.442232	0.782096	1.48651	-1.42465	-0.912023
1.605	0.441847	0.787082	1.49363	-1.41724	-0.908674
1.61	0.441497	0.792069	1.50072	-1.40959	-0.90522
1.615	0.441182	0.797059	1.50777	-1.4017	-0.901662
1.62	0.440902	0.802051	1.51477	-1.39358	-0.898001
1.625	0.440657	0.807045	1.52174	-1.38523	-0.89424
1.63	0.440446	0.812041	1.52867	-1.37665	-0.89038
1.635	0.44027	0.817038	1.53555	-1.36786	-0.886423
1.64	0.440128	0.822036	1.54239	-1.35884	-0.88237
1.645	0.44002	0.827035	1.54918	-1.34962	-0.878223
1.65	0.439946	0.832034	1.55593	-1.34019	-0.873985
1.655	0.439905	0.837034	1.56263	-1.33055	-0.869656
1.66	0.439897	0.842034	1.56929	-1.32073	-0.865239
1.665	0.439923	0.847034	1.57589	-1.31071	-0.860736
1.67	0.439981	0.852034	1.58244	-1.3005	-0.856149
1.675	0.440072	0.857033	1.58895	-1.29011	-0.85148
1.68	0.440195	0.862031	1.5954	-1.27956	-0.846731
1.685	0.44035	0.867029	1.60179	-1.26883	-0.841904
1.69	0.440536	0.872025	1.60814	-1.25794	-0.837001
1.695	0.440754	0.877021	1.61443	-1.24689	-0.832025
1.7	0.441004	0.882014	1.62066	-1.2357	-0.826977
1.705	0.441284	0.887007	1.62684	-1.22436	-0.82186
1.71	0.441594	0.891997	1.63296	-1.21288	-0.816676
1.715	0.441935	0.896985	1.63903	-1.20127	-0.811427
1.72	0.442306	0.901971	1.64503	-1.18954	-0.806116
1.725	0.442707	0.906955	1.65098	-1.17769	-0.800744
1.73	0.443136	0.911937	1.65687	-1.16572	-0.795314
1.735	0.443595	0.916916	1.6627	-1.15365	-0.789827
1.74	0.444083	0.921892	1.66847	-1.14148	-0.784288
1.745	0.444599	0.926865	1.67417	-1.12922	-0.778696
1.75	0.445143	0.931836	1.67982	-1.11687	-0.773056
1.755	0.445715	0.936803	1.6854	-1.10443	-0.767368
1.76	0.446314	0.941767	1.69093	-1.09193	-0.761635
1.765	0.44694	0.946727	1.69639	-1.07935	-0.75586
1.77	0.447593	0.951685	1.70178	-1.06671	-0.750044
1.775	0.448273	0.956638	1.70712	-1.05401	-0.74419
1.78	0.448978	0.961588	1.71239	-1.04127	-0.738299
1.785	0.44971	0.966534	1.71759	-1.02847	-0.732374
1.79	0.450466	0.971477	1.72274	-1.01564	-0.726417
1.795	0.451248	0.976415	1.72781	-1.00278	-0.72043
1.8	0.452055	0.98135	1.73283	-0.989883	-0.714415
1.805	0.452886	0.98628	1.73778	-0.976967	-0.708374
1.81	0.453741	0.991207	1.74266	-0.964034	-0.702308
1.815	0.45462	0.996129	1.74748	-0.951088	-0.696221
1.82	0.455522	1.00105	1.75224	-0.938136	-0.690113
1.825	0.456447	1.00596	1.75693	-0.925182	-0.683987
1.83	0.457395	1.01087	1.76155	-0.912232	-0.677844
1.835	0.458366	1.01577	1.76612	-0.899289	-0.671687
1.84	0.459358	1.02068	1.77061	-0.886359	-0.665516
1.845	0.460372	1.02557	1.77504	-0.873446	-0.659335
1.85	0.461408	1.03046	1.77941	-0.860555	-0.653144
1.855	0.462465	1.03535	1.78371	-0.84769	-0.646944
1.86	0.463542	1.04023	1.78795	-0.834855	-0.640739
1.865	0.464639	1.04511	1.79213	-0.822054	-0.634529
1.87	0.465757	1.04998	1.79624	-0.809291	-0.628316
1.875	0.466895	1.05485	1.80028	-0.796571	-0.622101
1.88	0.468051	1.05972	1.80427	-0.783895	-0.615886
1.885	0.469227	1.06458	1.80819	-0.771269	-0.609672
1.89	0.470422	1.06943	1.81204	-0.758696	-0.603461
1.895	0.471635	1.07428	1.81583	-0.746178	-0.597254
1.9	0.472866	1.07913	1.81957	-0.733719	-0.591053
1.905	0.474115	1.08397	1.82323	-0.721322	-0.584858
1.91	0.475381	1.08881	1.82684	-0.708989	-0.578671
1.915	0.476664	1.09364	1.83039	-0.696725	-0.572493
1.92	0.477964	1.09847	1.83387	-0.68453	-0.566325
1.925	0.479281	1.10329	1.83729	-0.672408	-0.560168
1.93	0.480614	1.10811	1.84065	-0.660362	-0.554024
1.935	0.481963	1.11292	1.84396	-0.648393	-0.547894
1.94	0.483328	1.11774	1.8472	-0.636503	-0.541778
1.945	0.484707	1.12254	1.85038	-0.624695	-0.535677
1.95	0.486102	1.12734	1.8535	-0.612971	-0.529593
1.955	0.487512	1.13214	1.85657	-0.601332	-0.523527
1.96	0.488936	1.13693	1.85958	-0.58978	-0.517479
1.965	0.490374	1.14172	1.86252	-0.578317	-0.511449
1.97	0.491825	1.14651	1.86542	-0.566945	-0.50544
1.975	0.493291	1.15129	1.86825	-0.555664	-0.499451
1.98	0.49477	1.15606	1.87103	-0.544476	-0.493484
1.985	0.496261	1.16084	1.87375	-0.533382	-0.487539
1.99	0.497766	1.1656	1.87642	-0.522384	-0.481617
1.995	0.499283	1.17037	1.87903	-0.511482	-0.475719
2	0.500812	1.17513	1.88159	-0.500678	-0.469844
2.005	0.502353	1.17988	1.88409	-0.489972	-0.463995
2.01	0.503905	1.18464	1.88654	-0.479365	-0.45817
2.015	0.505469	1.18939	1.88894	-0.468858	-0.452372
2.02	0.507044	1.19413	1.89128	-0.458451	-0.4466
2.025	0.50863	1.19887	1.89357	-0.448146	-0.440855
2.03	0.510227	1.20361	1.89582	-0.437942	-0.435137
2.035	0.511834	1.20835	1.898	-0.427839	-0.429447
2.04	0.513451	1.21308	1.90014	-0.417839	-0.423785
2.045	0.515078	1.21781	1.90223	-0.407942	-0.418152
2.05	0.516715	1.22253	1.90427	-0.398148	-0.412548
2.055	0.518361	1.22725	1.90626	-0.388456	-0.406973
2.06	0.520016	1.23197	1.90821	-0.378868	-0.401428
2.065	0.52168	1.23668	1.9101	-0.369382	-0.395913
2.07	0.523353	1.2414	1.91195	-0.36	-0.390428
2.075	0.525034	1.24611	1.91375	-0.350721	-0.384974
2.08	0.526724	1.25081	1.9155	-0.341545	-0.379551
2.085	0.528422	1.25551	1.91721	-0.332472	-0.374158
2.09	0.530127	1.26021	1.91887	-0.323501	-0.368797
2.095	0.53184	1.26491	1.92049	-0.314633	-0.363468
2.1	0.533561	1.26961	1.92206	-0.305868	-0.35817
2.105	0.535288	1.2743	1.92359	-0.297204	-0.352903
2.11	0.537023	1.27899	1.92508	-0.288642	-0.347669
2.115	0.538764	1.28368	1.92652	-0.28018	-0.342467
2.12	0.540512	1.28836	1.92792	-0.27182	-0.337297
2.125	0.542266	1.29304	1.92928	-0.26356	-0.33216
2.13	0.544027	1.29772	1.9306	-0.2554	-0.327054
2.135	0.545793	1.3024	1.93187	-0.247339	-0.321982
2.14	0.547565	1.30707	1.93311	-0.239378	-0.316942
2.145	0.549343	1.31175	1.93431	-0.231514	-0.311934
2.15	0.551126	1.31642	1.93547	-0.223748	-0.306959
2.155	0.552915	1.32109	1.93658	-0.216079	-0.302017
2.16	0.554708	1.32576	1.93767	-0.208507	-0.297108
2.165	0.556507	1.33042	1.93871	-0.201031	-0.292231
2.17	0.55831	1.33508	1.93971	-0.19365	-0.287387
2.175	0.560117	1.33975	1.94068	-0.186363	-0.282576
2.18	0.561929	1.34441	1.94161	-0.17917	-0.277797
2.185	0.563745	1.34907	1.94251	-0.172071	-0.273052
2.19	0.565565	1.35372	1.94337	-0.165064	-0.268338
2.195	0.567389	1.35838	1.94419	-0.158149	-0.263658
2.2	0.569217	1.36303	1.94499	-0.151324	-0.25901
2.205	0.571048	1.36768	1.94574	-0.14459	-0.254395
2.21	0.572882	1.37234	1.94646	-0.137946	-0.249812
2.215	0.57472	1.37699	1.94715	-0.13139	-0.245261
2.22	0.576561	1.38163	1.94781	-0.124922	-0.240743
2.225	0.578404	1.38628	1.94844	-0.118541	-0.236257
2.23	0.580251	1.39093	1.94903	-0.112246	-0.231803
2.235	0.5821	1.39557	1.94959	-0.106037	-0.227381
2.24	0.583951	1.40022	1.95012	-0.0999133	-0.222991
2.245	0.585805	1.40486	1.95062	-0.0938731	-0.218633
2.25	0.587661	1.40951	1.95109	-0.0879161	-0.214307
2.255	0.589519	1.41415	1.95153	-0.0820414	-0.210012
2.26	0.591379	1.41879	1.95194	-0.0762483	-0.205749
2.265	0.593241	1.42343	1.95232	-0.0705359	-0.201518
2.27	0.595104	1.42807	1.95267	-0.0649034	-0.197317
2.275	0.596969	1.43271	1.953	-0.05935	-0.193148
2.28	0.598835	1.43735	1.95329	-0.0538749	-0.189009
2.285	0.600702	1.44198	1.95356	-0.0484772	-0.184902
2.29	0.602571	1.44662	1.95381	-0.0431562	-0.180825
2.295	0.60444	1.45126	1.95402	-0.0379111	-0.176779
2.3	0.606311	1.4559	1.95421	-0.0327409	-0.172764
2.305	0.608182	1.46053	1.95437	-0.027645	-0.168778
2.31	0.610054	1.46517	1.95451	-0.0226225	-0.164823
2.315	0.611926	1.46981	1.95463	-0.0176726	-0.160898
2.32	0.613799	1.47444	1.95471	-0.0127945	-0.157003
2.325	0.615672	1.47908	1.95478	-0.00798746	-0.153137
2.33	0.617545	1.48371	1.95482	-0.00325061	-0.149301
2.335	0.619419	1.48835	1.95483	0.00141682	-0.145494
2.34	0.621292	1.49299	1.95483	0.00601561	-0.141717
2.345	0.623165	1.49762	1.9548	0.0105465	-0.137969
2.35	0.625038	1.50226	1.95474	0.0150104	-0.134249
2.355	0.626911	1.50689	1.95467	0.0194079	-0.130559
2.36	0.628783	1.51153	1.95457	0.0237399	-0.126896
2.365	0.630654	1.51617	1.95445	0.028007	-0.123263
2.37	0.632525	1.5208	1.95431	0.0322102	-0.119657
2.375	0.634396	1.52544	1.95415	0.0363501	-0.11608
2.38	0.636265	1.53008	1.95397	0.0404274	-0.112531
2.385	0.638133	1.53472	1.95377	0.0444429	-0.109009
2.39	0.640001	1.53935	1.95355	0.0483974	-0.105515
2.395	0.641867	1.54399	1.9533	0.0522915	-0.102049
2.4	0.643732	1.54863	1.95304	0.056126	-0.0986094
2.405	0.645596	1.55327	1.95276	0.0599016	-0.0951971
2.41	0.647458	1.55791	1.95246	0.063619	-0.0918118
2.415	0.649319	1.56255	1.95215	0.0672789	-0.0884533
2.42	0.651178	1.56719	1.95181	0.070882	-0.0851213
2.425	0.653036	1.57184	1.95145	0.074429	-0.0818158
2.43	0.654892	1.57648	1.95108	0.0779206	-0.0785365
2.435	0.656746	1.58112	1.95069	0.0813574	-0.0752833
2.44	0.658598	1.58577	1.95029	0.0847401	-0.0720561
2.445	0.660448	1.59041	1.94986	0.0880694	-0.0688545
2.45	0.662297	1.59506	1.94942	0.0913459	-0.0656786
2.455	0.664143	1.5997	1.94897	0.0945703	-0.062528
2.46	0.665987	1.60435	1.94849	0.0977432	-0.0594027
2.465	0.667828	1.609	1.948	0.100865	-0.0563025
2.47	0.669667	1.61365	1.9475	0.103937	-0.0532272
2.475	0.671504	1.6183	1.94698	0.106959	-0.0501767
2.48	0.673339	1.62295	1.94644	0.109932	-0.0471507
2.485	0.675171	1.6276	1.9459	0.112857	-0.0441492
2.49	0.677	1.63226	1.94533	0.115734	-0.041172
2.495	0.678826	1.63691	1.94475	0.118564	-0.0382188
2.5	0.68065	1.64157	1.94416	0.121348	-0.0352895
2.505	0.682471	1.64622	1.94355	0.124085	-0.0323841
2.51	0.684289	1.65088	1.94293	0.126777	-0.0295023
2.515	0.686104	1.65554	1.9423	0.129424	-0.0266439
2.52	0.687916	1.6602	1.94165	0.132026	-0.0238088
2.525	0.689725	1.66486	1.94099	0.134585	-0.0209968
2.53	0.691531	1.66952	1.94032	0.137101	-0.0182079
2.535	0.693334	1.67419	1.93963	0.139574	-0.0154417
2.54	0.695133	1.67885	1.93893	0.142004	-0.0126982
2.545	0.696929	1.68352	1.93822	0.144394	-0.00997728
2.55	0.698722	1.68819	1.9375	0.146742	-0.00727869
2.555	0.700511	1.69286	1.93677	0.149049	-0.0046023
2.56	0.702297	1.69753	1.93602	0.151317	-0.00194797
2.565	0.704079	1.7022	1.93527	0.153545	0.000684462
2.57	0.705858	1.70687	1.9345	0.155733	0.00329514
2.575	0.707633	1.71154	1.93372	0.157884	0.0058842
2.58	0.709404	1.71622	1.93293	0.159996	0.00845181
2.585	0.711172	1.7209	1.93213	0.16207	0.0109981
2.59	0.712936	1.72558	1.93132	0.164108	0.0135232
2.595	0.714696	1.73026	1.9305	0.166108	0.0160274
2.6	0.716452	1.73494	1.92967	0.168073	0.0185106
2.605	0.718204	1.73962	1.92883	0.170001	0.0209731
2.61	0.719952	1.7443	1.92798	0.171895	0.0234151
2.615	0.721696	1.74899	1.92712	0.173753	0.0258365
2.62	0.723436	1.75368	1.92625	0.175577	0.0282377
2.625	0.725172	1.75837	1.92537	0.177367	0.0306187
2.63	0.726904	1.76306	1.92449	0.179123	0.0329797
2.635	0.728632	1.76775	1.92359	0.180846	0.0353208
2.64	0.730355	1.77244	1.92269	0.182537	0.0376421
2.645	0.732074	1.77714	1.92177	0.184195	0.0399439
2.65	0.733789	1.78183	1.92085	0.185821	0.0422261
2.655	0.735499	1.78653	1.91992	0.187416	0.044489
2.66	0.737205	1.79123	1.91899	0.188979	0.0467327
2.665	0.738907	1.79593	1.91804	0.190512	0.0489573
2.67	0.740604	1.80064	1.91709	0.192014	0.0511629
2.675	0.742296	1.80534	1.91613	0.193486	0.0533498
2.68	0.743984	1.81005	1.91516	0.194929	0.0555179
2.685	0.745668	1.81476	1.91419	0.196342	0.0576675
2.69	0.747347	1.81947	1.91321	0.197727	0.0597986
2.695	0.749021	1.82418	1.91222	0.199083	0.0619114
2.7	0.75069	1.82889	1.91122	0.200411	0.064006
2.705	0.752355	1.83361	1.91022	0.201711	0.0660826
2.71	0.754015	1.83832	1.90921	0.202983	0.0681412
2.715	0.75567	1.84304	1.9082	0.204228	0.070182
2.72	0.75732	1.84776	1.90717	0.205447	0.0722051
2.725	0.758966	1.85248	1.90615	0.206639	0.0742106
2.73	0.760607	1.85721	1.90511	0.207804	0.0761987
2.735	0.762242	1.86193	1.90408	0.208944	0.0781694
2.74	0.763873	1.86666	1.90303	0.210059	0.0801229
2.745	0.765499	1.87139	1.90198	0.211148	0.0820593
2.75	0.76712	1.87612	1.90092	0.212212	0.0839787
2.755	0.768736	1.88085	1.89986	0.213252	0.0858813
2.76	0.770346	1.88558	1.8988	0.214268	0.0877671
2.765	0.771952	1.89032	1.89773	0.215259	0.0896362
2.77	0.773553	1.89505	1.89665	0.216227	0.0914888
2.775	0.775148	1.89979	1.89557	0.217171	0.093325
2.78	0.776738	1.90453	1.89448	0.218092	0.0951448
2.785	0.778323	1.90927	1.89339	0.218991	0.0969485
2.79	0.779903	1.91402	1.8923	0.219867	0.098736
2.795	0.781478	1.91876	1.8912	0.22072	0.100508
2.8	0.783048	1.92351	1.89009	0.221552	0.102263
2.805	0.784612	1.92826	1.88899	0.222361	0.104003
2.81	0.786171	1.93301	1.88787	0.22315	0.105727
2.815	0.787725	1.93776	1.88676	0.223917	0.107436
2.82	0.789273	1.94252	1.88564	0.224663	0.109129
2.825	0.790816	1.94727	1.88452	0.225388	0.110807
2.83	0.792354	1.95203	1.88339	0.226093	0.11247
2.835	0.793886	1.95679	1.88226	0.226778	0.114117
2.84	0.795413	1.96155	1.88112	0.227442	0.11575
2.845	0.796934	1.96631	1.87999	0.228087	0.117367
2.85	0.79845	1.97108	1.87885	0.228713	0.11897
2.855	0.799961	1.97584	1.8777	0.229319	0.120558
2.86	0.801466	1.98061	1.87656	0.229906	0.122131
2.865	0.802965	1.98538	1.87541	0.230474	0.123689
2.87	0.804459	1.99015	1.87426	0.231024	0.125234
2.875	0.805948	1.99493	1.8731	0.231556	0.126763
2.88	0.807431	1.9997	1.87194	0.232069	0.128279
2.885	0.808909	2.00448	1.87078	0.232564	0.12978
2.89	0.810381	2.00926	1.86962	0.233042	0.131267
2.895	0.811847	2.01404	1.86845	0.233502	0.132741
2.9	0.813308	2.01882	1.86729	0.233945	0.1342
2.905	0.814763	2.0236	1.86612	0.23437	0.135645
2.91	0.816213	2.02839	1.86494	0.234779	0.137077
2.915	0.817657	2.03318	1.86377	0.235171	0.138495
2.92	0.819095	2.03796	1.8626	0.235547	0.1399
2.925	0.820528	2.04275	1.86142	0.235906	0.141291
2.93	0.821955	2.04755	1.86024	0.23625	0.142669
2.935	0.823376	2.05234	1.85906	0.236577	0.144033
2.94	0.824792	2.05714	1.85787	0.236889	0.145384
2.945	0.826202	2.06193	1.85669	0.237185	0.146722
2.95	0.827607	2.06673	1.8555	0.237465	0.148047
2.955	0.829005	2.07153	1.85432	0.237731	0.14936
2.96	0.830398	2.07633	1.85313	0.237981	0.150659
2.965	0.831785	2.08114	1.85194	0.238217	0.151945
2.97	0.833167	2.08594	1.85075	0.238438	0.153219
2.975	0.834543	2.09075	1.84955	0.238645	0.15448
2.98	0.835913	2.09556	1.84836	0.238837	0.155729
2.985	0.837277	2.10037	1.84717	0.239015	0.156965
2.99	0.838636	2.10518	1.84597	0.239179	0.158189
2.995	0.839989	2.10999	1.84478	0.23933	0.1594
3	0.841336	2.11481	1.84358	0.239466	0.160599
3.005	0.842677	2.11963	1.84238	0.23959	0.161787
3.01	0.844013	2.12444	1.84118	0.239699	0.162962
3.015	0.845342	2.12926	1.83999	0.239796	0.164125
3.02	0.846666	2.13409	1.83879	0.23988	0.165276
3.025	0.847984	2.13891	1.83759	0.23995	0.166415
3.03	0.849297	2.14373	1.83639	0.240008	0.167543
3.035	0.850603	2.14856	1.83519	0.240054	0.168658
3.04	0.851904	2.15339	1.83399	0.240087	0.169763
3.045	0.853199	2.15822	1.83279	0.240107	0.170855
3.05	0.854488	2.16305	1.83159	0.240116	0.171937
3.055	0.855772	2.16788	1.83039	0.240112	0.173006
3.06	0.85705	2.17271	1.82918	0.240097	0.174065
3.065	0.858321	2.17755	1.82798	0.24007	0.175112
3.07	0.859587	2.18239	1.82678	0.240031	0.176148
3.075	0.860848	2.18723	1.82558	0.239981	0.177173
3.08	0.862102	2.19207	1.82438	0.239919	0.178187
3.085	0.86335	2.19691	1.82318	0.239846	0.17919
3.09	0.864593	2.20175	1.82199	0.239762	0.180182
3.095	0.86583	2.20659	1.82079	0.239667	0.181163
3.1	0.867061	2.21144	1.81959	0.239562	0.182133
3.105	0.868287	2.21629	1.81839	0.239445	0.183093
3.11	0.869506	2.22114	1.81719	0.239318	0.184042
3.115	0.87072	2.22599	1.816	0.239181	0.18498
3.12	0.871928	2.23084	1.8148	0.239033	0.185908
3.125	0.87313	2.23569	1.81361	0.238875	0.186826
3.13	0.874327	2.24055	1.81241	0.238707	0.187733
3.135	0.875517	2.2454	1.81122	0.238528	0.18863
3.14	0.876702	2.25026	1.81002	0.23834	0.189516
3.145	0.877881	2.25512	1.80883	0.238142	0.190393
3.15	0.879054	2.25998	1.80764	0.237935	0.191259
3.155	0.880221	2.26484	1.80645	0.237718	0.192115
3.16	0.881383	2.26971	1.80526	0.237491	0.192961
3.165	0.882539	2.27457	1.80408	0.237255	0.193797
3.17	0.883689	2.27944	1.80289	0.23701	0.194624
3.175	0.884833	2.2843	1.80171	0.236756	0.19544
3.18	0.885972	2.28917	1.80052	0.236492	0.196247
3.185	0.887105	2.29404	1.79934	0.23622	0.197044
3.19	0.888232	2.29891	1.79816	0.235939	0.197831
3.195	0.889353	2.30379	1.79698	0.235649	0.198609
3.2	0.890469	2.30866	1.7958	0.235351	0.199378
3.205	0.891578	2.31354	1.79462	0.235044	0.200136
3.21	0.892682	2.31841	1.79345	0.234729	0.200886
3.215	0.893781	2.32329	1.79227	0.234405	0.201626
3.22	0.894873	2.32817	1.7911	0.234073	0.202357
3.225	0.89596	2.33305	1.78993	0.233733	0.203078
3.23	0.897042	2.33793	1.78876	0.233385	0.203791
3.235	0.898117	2.34281	1.7876	0.233029	0.204494
3.24	0.899187	2.3477	1.78643	0.232665	0.205188
3.245	0.900251	2.35258	1.78527	0.232293	0.205873
3.25	0.90131	2.35747	1.78411	0.231913	0.206549
3.255	0.902362	2.36236	1.78295	0.231526	0.207217
3.26	0.90341	2.36725	1.78179	0.231131	0.207875
3.265	0.904451	2.37214	1.78063	0.230729	0.208525
3.27	0.905487	2.37703	1.77948	0.23032	0.209166
3.275	0.906517	2.38192	1.77833	0.229903	0.209798
3.28	0.907542	2.38682	1.77718	0.229479	0.210421
3.285	0.908561	2.39171	1.77603	0.229048	0.211036
3.29	0.909574	2.39661	1.77489	0.22861	0.211643
3.295	0.910582	2.4015	1.77374	0.228165	0.212241
3.3	0.911584	2.4064	1.7726	0.227713	0.21283
3.305	0.912581	2.4113	1.77146	0.227254	0.213411
3.31	0.913572	2.4162	1.77033	0.226789	0.213984
3.315	0.914557	2.42111	1.76919	0.226317	0.214549
3.32	0.915537	2.42601	1.76806	0.225838	0.215105
3.325	0.916512	2.43091	1.76693	0.225353	0.215653
3.33	0.91748	2.43582	1.76581	0.224862	0.216193
3.335	0.918444	2.44072	1.76468	0.224364	0.216725
3.34	0.919402	2.44563	1.76356	0.22386	0.217249
3.345	0.920354	2.45054	1.76244	0.223349	0.217764
3.35	0.921301	2.45545	1.76132	0.222833	0.218272
3.355	0.922242	2.46036	1.76021	0.22231	0.218772
3.36	0.923178	2.46527	1.7591	0.221782	0.219264
3.365	0.924109	2.47018	1.75799	0.221247	0.219749
3.37	0.925034	2.4751	1.75688	0.220707	0.220225
3.375	0.925954	2.48001	1.75578	0.220161	0.220694
3.38	0.926868	2.48493	1.75468	0.219609	0.221155
3.385	0.927777	2.48985	1.75358	0.219052	0.221608
3.39	0.92868	2.49476	1.75249	0.218489	0.222054
3.395	0.929578	2.49968	1.75139	0.21792	0.222493
3.4	0.930471	2.5046	1.7503	0.217346	0.222924
3.405	0.931358	2.50952	1.74922	0.216767	0.223347
3.41	0.93224	2.51444	1.74813	0.216182	0.223763
3.415	0.933117	2.51937	1.74705	0.215592	0.224172
3.42	0.933988	2.52429	1.74597	0.214997	0.224573
3.425	0.934855	2.52921	1.7449	0.214396	0.224967
3.43	0.935715	2.53414	1.74383	0.213791	0.225354
3.435	0.936571	2.53907	1.74276	0.21318	0.225734
3.44	0.937421	2.54399	1.74169	0.212565	0.226106
3.445	0.938266	2.54892	1.74063	0.211945	0.226472
3.45	0.939106	2.55385	1.73957	0.211319	0.22683
3.455	0.939941	2.55878	1.73851	0.210689	0.227181
3.46	0.94077	2.56371	1.73746	0.210055	0.227526
3.465	0.941595	2.56864	1.73641	0.209415	0.227863
3.47	0.942414	2.57357	1.73536	0.208771	0.228194
3.475	0.943228	2.57851	1.73432	0.208122	0.228517
3.48	0.944037	2.58344	1.73328	0.207469	0.228834
3.485	0.94484	2.58838	1.73224	0.206812	0.229144
3.49	0.945639	2.59331	1.73121	0.20615	0.229447
3.495	0.946432	2.59825	1.73018	0.205483	0.229744
3.5	0.947221	2.60319	1.72915	0.204813	0.230034
3.505	0.948004	2.60812	1.72812	0.204138	0.230317
3.51	0.948783	2.61306	1.7271	0.203459	0.230594
3.515	0.949556	2.618	1.72609	0.202776	0.230864
3.52	0.950324	2.62294	1.72507	0.202088	0.231127
3.525	0.951088	2.62789	1.72406	0.201397	0.231384
3.53	0.951846	2.63283	1.72305	0.200702	0.231635
3.535	0.952599	2.63777	1.72205	0.200003	0.231879
3.54	0.953348	2.64271	1.72105	0.199299	0.232117
3.545	0.954091	2.64766	1.72005	0.198592	0.232349
3.55	0.95483	2.6526	1.71906	0.197882	0.232574
3.555	0.955564	2.65755	1.71807	0.197167	0.232793
3.56	0.956293	2.6625	1.71709	0.196449	0.233006
3.565	0.957017	2.66744	1.7161	0.195727	0.233212
3.57	0.957736	2.67239	1.71513	0.195002	0.233413
3.575	0.95845	2.67734	1.71415	0.194273	0.233607
3.58	0.959159	2.68229	1.71318	0.19354	0.233795
3.585	0.959864	2.68724	1.71221	0.192804	0.233977
3.59	0.960564	2.69219	1.71125	0.192065	0.234154
3.595	0.961259	2.69714	1.71029	0.191322	0.234324
3.6	0.96195	2.70209	1.70933	0.190576	0.234488
3.605	0.962636	2.70705	1.70838	0.189827	0.234646
3.61	0.963317	2.712	1.70743	0.189074	0.234799
3.615	0.963993	2.71695	1.70648	0.188318	0.234945
3.62	0.964665	2.72191	1.70554	0.187559	0.235086
3.625	0.965332	2.72686	1.7046	0.186797	0.235221
3.63	0.965994	2.73182	1.70367	0.186032	0.23535
3.635	0.966652	2.73678	1.70274	0.185264	0.235473
3.64	0.967305	2.74173	1.70181	0.184493	0.235591
3.645	0.967954	2.74669	1.70089	0.183719	0.235703
3.65	0.968598	2.75165	1.69997	0.182942	0.23581
3.655	0.969237	2.75661	1.69906	0.182162	0.235911
3.66	0.969872	2.76157	1.69815	0.18138	0.236006
3.665	0.970503	2.76653	1.69724	0.180594	0.236096
3.67	0.971129	2.77149	1.69634	0.179806	0.23618
3.675	0.971751	2.77645	1.69544	0.179016	0.236259
3.68	0.972368	2.78141	1.69454	0.178222	0.236332
3.685	0.97298	2.78637	1.69365	0.177426	0.2364
3.69	0.973589	2.79134	1.69276	0.176628	0.236463
3.695	0.974193	2.7963	1.69188	0.175826	0.23652
3.7	0.974792	2.80126	1.691	0.175023	0.236572
3.705	0.975388	2.80623	1.69013	0.174217	0.236619
3.71	0.975979	2.81119	1.68926	0.173408	0.23666
3.715	0.976565	2.81616	1.68839	0.172597	0.236696
3.72	0.977147	2.82113	1.68753	0.171784	0.236727
3.725	0.977725	2.82609	1.68667	0.170969	0.236752
3.73	0.978299	2.83106	1.68581	0.170151	0.236773
3.735	0.978869	2.83603	1.68496	0.169331	0.236788
3.74	0.979434	2.84099	1.68411	0.168509	0.236799
3.745	0.979995	2.84596	1.68327	0.167685	0.236804
3.75	0.980553	2.85093	1.68243	0.166858	0.236804
3.755	0.981105	2.8559	1.6816	0.16603	0.236799
3.76	0.981654	2.86087	1.68077	0.165199	0.236789
3.765	0.982199	2.86584	1.67994	0.164367	0.236775
3.77	0.982739	2.87081	1.67912	0.163532	0.236755
3.775	0.983276	2.87578	1.6783	0.162696	0.23673
3.78	0.983808	2.88075	1.67749	0.161857	0.236701
3.785	0.984337	2.88573	1.67668	0.161017	0.236666
3.79	0.984861	2.8907	1.67588	0.160175	0.236627
3.795	0.985382	2.89567	1.67508	0.159331	0.236583
3.8	0.985898	2.90065	1.67428	0.158486	0.236534
3.805	0.986411	2.90562	1.67349	0.157638	0.23648
3.81	0.986919	2.91059	1.6727	0.156789	0.236422
3.815	0.987424	2.91557	1.67191	0.155939	0.236359
3.82	0.987925	2.92054	1.67113	0.155086	0.236291
3.825	0.988422	2.92552	1.67036	0.154232	0.236219
3.83	0.988915	2.93049	1.66959	0.153377	0.236142
3.835	0.989404	2.93547	1.66882	0.15252	0.23606
3.84	0.98989	2.94045	1.66806	0.151662	0.235974
3.845	0.990372	2.94542	1.6673	0.150802	0.235883
3.85	0.99085	2.9504	1.66655	0.14994	0.235788
3.855	0.991324	2.95538	1.6658	0.149078	0.235688
3.86	0.991795	2.96035	1.66505	0.148213	0.235584
3.865	0.992261	2.96533	1.66431	0.147348	0.235475
3.87	0.992725	2.97031	1.66357	0.146481	0.235361
3.875	0.993184	2.97529	1.66284	0.145613	0.235244
3.88	0.99364	2.98027	1.66211	0.144744	0.235121
3.885	0.994093	2.98525	1.66139	0.143874	0.234995
3.89	0.994541	2.99023	1.66067	0.143002	0.234864
3.895	0.994986	2.99521	1.65995	0.14213	0.234729
3.9	0.995428	3.00019	1.65924	0.141256	0.234589
3.905	0.995866	3.00517	1.65854	0.140381	0.234445
3.91	0.996301	3.01015	1.65784	0.139505	0.234297
3.915	0.996732	3.01513	1.65714	0.138628	0.234145
3.92	0.99716	3.02011	1.65644	0.13775	0.233988
3.925	0.997584	3.0251	1.65576	0.136871	0.233827
3.93	0.998005	3.03008	1.65507	0.135992	0.233662
3.935	0.998422	3.03506	1.65439	0.135111	0.233493
3.94	0.998837	3.04004	1.65372	0.13423	0.23332
3.945	0.999247	3.04503	1.65305	0.133347	0.233142
3.95	0.999655	3.05001	1.65238	0.132464	0.232961
3.955	1.00006	3.05499	1.65172	0.13158	0.232775
3.96	1.00046	3.05998	1.65106	0.130696	0.232585
3.965	1.00086	3.06496	1.6504	0.12981	0.232391
3.97	1.00125	3.06995	1.64976	0.128924	0.232193
3.975	1.00164	3.07493	1.64911	0.128038	0.231992
3.98	1.00203	3.07992	1.64847	0.12715	0.231786
3.985	1.00242	3.0849	1.64784	0.126263	0.231576
3.99	1.0028	3.08989	1.6472	0.125374	0.231362
3.995	1.00318	3.09487	1.64658	0.124485	0.231144
4	1.00355	3.09986	1.64595	0.123596	0.230923
4.005	1.00392	3.10484	1.64534	0.122706	0.230697
4.01	1.00429	3.10983	1.64472	0.121816	0.230468
4.015	1.00466	3.11482	1.64411	0.120925	0.230234
4.02	1.00502	3.1198	1.64351	0.120034	0.229997
4.025	1.00538	3.12479	1.64291	0.119142	0.229756
4.03	1.00574	3.12978	1.64231	0.118251	0.229511
4.035	1.00609	3.13477	1.64172	0.117358	0.229263
4.04	1.00645	3.13975	1.64114	0.116466	0.22901
4.045	1.00679	3.14474	1.64055	0.115573	0.228754
4.05	1.00714	3.14973	1.63998	0.114681	0.228494
4.055	1.00748	3.15472	1.6394	0.113788	0.228231
4.06	1.00782	3.15971	1.63883	0.112895	0.227963
4.065	1.00816	3.16469	1.63827	0.112001	0.227692
4.07	1.00849	3.16968	1.63771	0.111108	0.227418
4.075	1.00883	3.17467	1.63715	0.110215	0.227139
4.08	1.00915	3.17966	1.6366	0.109321	0.226857
4.085	1.00948	3.18465	1.63606	0.108428	0.226572
4.09	1.0098	3.18964	1.63551	0.107534	0.226282
4.095	1.01012	3.19463	1.63498	0.106641	0.225989
4.1	1.01044	3.19962	1.63444	0.105747	0.225693
4.105	1.01076	3.20461	1.63391	0.104854	0.225393
4.11	1.01107	3.2096	1.63339	0.103961	0.225089
4.115	1.01138	3.21459	1.63287	0.103068	0.224782
4.12	1.01169	3.21958	1.63235	0.102175	0.224472
4.125	1.01199	3.22457	1.63184	0.101283	0.224158
4.13	1.0123	3.22956	1.63134	0.100391	0.22384
4.135	1.0126	3.23455	1.63083	0.0994985	0.223519
4.14	1.01289	3.23954	1.63034	0.0986067	0.223194
4.145	1.01319	3.24454	1.62984	0.0977153	0.222866
4.15	1.01348	3.24953	1.62936	0.0968242	0.222535
4.155	1.01377	3.25452	1.62887	0.0959335	0.2222
4.16	1.01406	3.25951	1.62839	0.0950432	0.221862
4.165	1.01434	3.2645	1.62792	0.0941533	0.22152
4.17	1.01463	3.26949	1.62745	0.0932638	0.221175
4.175	1.01491	3.27449	1.62698	0.0923749	0.220827
4.18	1.01519	3.27948	1.62652	0.0914865	0.220475
4.185	1.01546	3.28447	1.62606	0.0905986	0.22012
4.19	1.01574	3.28946	1.62561	0.0897112	0.219762
4.195	1.01601	3.29446	1.62516	0.0888245	0.2194
4.2	1.01628	3.29945	1.62471	0.0879384	0.219035
4.205	1.01655	3.30444	1.62427	0.0870529	0.218667
4.21	1.01681	3.30943	1.62384	0.0861681	0.218295
4.215	1.01707	3.31443	1.62341	0.085284	0.21792
4.22	1.01733	3.31942	1.62298	0.0844006	0.217542
4.225	1.01759	3.32441	1.62256	0.083518	0.217161
4.23	1.01785	3.32941	1.62214	0.0826361	0.216777
4.235	1.0181	3.3344	1.62173	0.0817551	0.216389
4.24	1.01836	3.33939	1.62132	0.0808749	0.215998
4.245	1.01861	3.34439	1.62092	0.0799955	0.215604
4.25	1.01886	3.34938	1.62052	0.0791171	0.215207
4.255	1.0191	3.35438	1.62012	0.0782395	0.214806
4.26	1.01935	3.35937	1.61973	0.0773629	0.214403
4.265	1.01959	3.36436	1.61934	0.0764872	0.213996
4.27	1.01983	3.36936	1.61896	0.0756126	0.213586
4.275	1.02007	3.37435	1.61858	0.0747389	0.213173
4.28	1.02031	3.37935	1.61821	0.0738663	0.212757
4.285	1.02054	3.38434	1.61784	0.0729948	0.212338
4.29	1.02077	3.38934	1.61747	0.0721243	0.211916
4.295	1.02101	3.39433	1.61711	0.071255	0.211491
4.3	1.02124	3.39933	1.61676	0.0703868	0.211063
4.305	1.02146	3.40432	1.61641	0.0695199	0.210631
4.31	1.02169	3.40932	1.61606	0.0686541	0.210197
4.315	1.02191	3.41431	1.61571	0.0677895	0.209759
4.32	1.02214	3.41931	1.61538	0.0669262	0.209319
4.325	1.02236	3.4243	1.61504	0.0660641	0.208876
4.33	1.02258	3.4293	1.61471	0.0652034	0.208429
4.335	1.0228	3.43429	1.61438	0.064344	0.20798
4.34	1.02301	3.43929	1.61406	0.063486	0.207527
4.345	1.02323	3.44428	1.61375	0.0626293	0.207072
4.35	1.02344	3.44928	1.61343	0.0617741	0.206614
4.355	1.02365	3.45427	1.61312	0.0609202	0.206153
4.36	1.02386	3.45927	1.61282	0.0600679	0.205688
4.365	1.02407	3.46426	1.61252	0.059217	0.205221
4.37	1.02428	3.46926	1.61222	0.0583677	0.204751
4.375	1.02448	3.47426	1.61193	0.0575198	0.204278
4.38	1.02469	3.47925	1.61164	0.0566736	0.203803
4.385	1.02489	3.48425	1.61136	0.0558289	0.203324
4.39	1.02509	3.48924	1.61108	0.0549859	0.202842
4.395	1.02529	3.49424	1.61081	0.0541444	0.202358
4.4	1.02549	3.49923	1.61053	0.0533047	0.201871
4.405	1.02569	3.50423	1.61027	0.0524666	0.201381
4.41	1.02588	3.50923	1.61001	0.0516303	0.200888
4.415	1.02608	3.51422	1.60975	0.0507957	0.200392
4.42	1.02627	3.51922	1.60949	0.0499629	0.199893
4.425	1.02646	3.52422	1.60924	0.0491319	0.199392
4.43	1.02665	3.52921	1.609	0.0483027	0.198888
4.435	1.02684	3.53421	1.60876	0.0474753	0.198381
4.44	1.02703	3.5392	1.60852	0.0466498	0.197871
4.445	1.02722	3.5442	1.60829	0.0458262	0.197358
4.45	1.02741	3.5492	1.60806	0.0450046	0.196843
4.455	1.02759	3.55419	1.60783	0.0441848	0.196325
4.46	1.02778	3.55919	1.60761	0.0433671	0.195804
4.465	1.02796	3.56419	1.60739	0.0425513	0.19528
4.47	1.02814	3.56918	1.60718	0.0417376	0.194754
4.475	1.02832	3.57418	1.60697	0.0409259	0.194225
4.48	1.0285	3.57918	1.60677	0.0401163	0.193693
4.485	1.02868	3.58417	1.60657	0.0393088	0.193159
4.49	1.02886	3.58917	1.60637	0.0385034	0.192621
4.495	1.02903	3.59417	1.60618	0.0377002	0.192082
4.5	1.02921	3.59917	1.60599	0.0368991	0.191539
4.505	1.02939	3.60416	1.60581	0.0361003	0.190994
4.51	1.02956	3.60916	1.60563	0.0353036	0.190446
4.515	1.02973	3.61416	1.60545	0.0345092	0.189895
4.52	1.02991	3.61915	1.60528	0.0337171	0.189342
4.525	1.03008	3.62415	1.60511	0.0329273	0.188786
4.53	1.03025	3.62915	1.60494	0.0321398	0.188227
4.535	1.03042	3.63414	1.60478	0.0313547	0.187666
4.54	1.03059	3.63914	1.60463	0.0305719	0.187102
4.545	1.03075	3.64414	1.60447	0.0297916	0.186536
4.55	1.03092	3.64914	1.60432	0.0290136	0.185966
4.555	1.03109	3.65413	1.60418	0.0282381	0.185395
4.56	1.03126	3.65913	1.60404	0.0274651	0.18482
4.565	1.03142	3.66413	1.6039	0.0266946	0.184243
4.57	1.03159	3.66913	1.60377	0.0259266	0.183664
4.575	1.03175	3.67412	1.60364	0.0251612	0.183082
4.58	1.03191	3.67912	1.60351	0.0243983	0.182497
4.585	1.03208	3.68412	1.60339	0.023638	0.18191
4.59	1.03224	3.68911	1.60327	0.0228804	0.18132
4.595	1.0324	3.69411	1.60316	0.0221254	0.180728
4.6	1.03256	3.69911	1.60305	0.021373	0.180133
4.605	1.03272	3.70411	1.60294	0.0206234	0.179535
4.61	1.03288	3.7091	1.60284	0.0198765	0.178935
4.615	1.03304	3.7141	1.60274	0.0191323	0.178333
4.62	1.0332	3.7191	1.60264	0.0183909	0.177727
4.625	1.03336	3.7241	1.60255	0.0176522	0.17712
4.63	1.03352	3.72909	1.60246	0.0169164	0.17651
4.635	1.03368	3.73409	1.60238	0.0161835	0.175897
4.64	1.03383	3.73909	1.6023	0.0154534	0.175282
4.645	1.03399	3.74409	1.60222	0.0147262	0.174664
4.65	1.03415	3.74908	1.60214	0.0140019	0.174044
4.655	1.0343	3.75408	1.60207	0.0132805	0.173421
4.66	1.03446	3.75908	1.60201	0.0125621	0.172796
4.665	1.03462	3.76408	1.60195	0.0118467	0.172169
4.67	1.03477	3.76907	1.60189	0.0111343	0.171539
4.675	1.03493	3.77407	1.60183	0.0104249	0.170906
4.68	1.03508	3.77907	1.60178	0.00971863	0.170271
4.685	1.03524	3.78407	1.60173	0.00901539	0.169634
4.69	1.03539	3.78906	1.60168	0.00831526	0.168994
4.695	1.03554	3.79406	1.60164	0.00761825	0.168351
4.7	1.0357	3.79906	1.6016	0.0069244	0.167707
4.705	1.03585	3.80406	1.60157	0.00623372	0.167059
4.71	1.03601	3.80906	1.60154	0.00554623	0.16641
4.715	1.03616	3.81405	1.60151	0.00486197	0.165758
4.72	1.03631	3.81905	1.60149	0.00418095	0.165103
4.725	1.03647	3.82405	1.60147	0.0035032	0.164446
4.73	1.03662	3.82905	1.60145	0.00282874	0.163787
4.735	1.03677	3.83404	1.60143	0.00215759	0.163125
4.74	1.03693	3.83904	1.60142	0.00148978	0.162461
4.745	1.03708	3.84404	1.60142	0.000825329	0.161794
4.75	1.03723	3.84904	1.60141	0.00016426	0.161126
4.755	1.03738	3.85403	1.60141	-0.000493404	0.160454
4.76	1.03754	3.85903	1.60141	-0.00114764	0.159781
4.765	1.03769	3.86403	1.60142	-0.00179842	0.159105
4.77	1.03784	3.86903	1.60143	-0.00244574	0.158426
4.775	1.038	3.87402	1.60144	-0.00308955	0.157745
4.78	1.03815	3.87902	1.60146	-0.00372985	0.157062
4.785	1.0383	3.88402	1.60147	-0.0043666	0.156377
4.79	1.03846	3.88902	1.6015	-0.0049998	0.155689
4.795	1.03861	3.89402	1.60152	-0.0056294	0.154999
4.8	1.03876	3.89901	1.60155	-0.0062554	0.154306
4.805	1.03892	3.90401	1.60158	-0.00687777	0.153611
4.81	1.03907	3.90901	1.60162	-0.00749649	0.152914
4.815	1.03923	3.91401	1.60165	-0.00811153	0.152215
4.82	1.03938	3.919	1.60169	-0.00872287	0.151513
4.825	1.03954	3.924	1.60174	-0.0093305	0.150809
4.83	1.03969	3.929	1.60178	-0.00993439	0.150102
4.835	1.03985	3.934	1.60183	-0.0105345	0.149393
4.84	1.04	3.93899	1.60189	-0.0111309	0.148682
4.845	1.04016	3.94399	1.60194	-0.0117234	0.147969
4.85	1.04031	3.94899	1.602	-0.0123121	0.147253
4.855	1.04047	3.95399	1.60206	-0.012897	0.146535
4.86	1.04063	3.95898	1.60213	-0.013478	0.145815
4.865	1.04078	3.96398	1.60219	-0.0140551	0.145092
4.87	1.04094	3.96898	1.60226	-0.0146283	0.144368
4.875	1.0411	3.97398	1.60234	-0.0151976	0.14364
4.88	1.04126	3.97897	1.60241	-0.0157629	0.142911
4.885	1.04141	3.98397	1.60249	-0.0163242	0.142179
4.89	1.04157	3.98897	1.60257	-0.0168816	0.141446
4.895	1.04173	3.99397	1.60266	-0.0174349	0.140709
4.9	1.04189	3.99896	1.60275	-0.0179842	0.139971
4.905	1.04205	4.00396	1.60284	-0.0185294	0.13923
4.91	1.04221	4.00896	1.60293	-0.0190706	0.138487
4.915	1.04237	4.01396	1.60302	-0.0196077	0.137742
4.92	1.04254	4.01895	1.60312	-0.0201406	0.136995
4.925	1.0427	4.02395	1.60322	-0.0206694	0.136245
4.93	1.04286	4.02895	1.60333	-0.0211941	0.135493
4.935	1.04302	4.03395	1.60343	-0.0217146	0.134739
4.94	1.04319	4.03894	1.60354	-0.0222309	0.133983
4.945	1.04335	4.04394	1.60365	-0.0227429	0.133224
4.95	1.04352	4.04894	1.60376	-0.0232508	0.132464
4.955	1.04368	4.05393	1.60388	-0.0237544	0.131701
4.96	1.04385	4.05893	1.604	-0.0242537	0.130935
4.965	1.04401	4.06393	1.60412	-0.0247487	0.130168
4.97	1.04418	4.06893	1.60424	-0.0252394	0.129399
4.975	1.04435	4.07392	1.60437	-0.0257258	0.128627
4.98	1.04452	4.07892	1.6045	-0.0262078	0.127853
4.985	1.04469	4.08392	1.60463	-0.0266855	0.127077
4.99	1.04486	4.08892	1.60476	-0.0271588	0.126298
4.995	1.04503	4.09391	1.6049	-0.0276276	0.125518
5	1.0452	4.09891	1.60504	-0.0280921	0.124735
5.005	1.04537	4.10391	1.60518	-0.0285521	0.12395
5.01	1.04554	4.1089	1.60532	-0.0290076	0.123163
5.015	1.04572	4.1139	1.60547	-0.0294587	0.122374
5.02	1.04589	4.1189	1.60561	-0.0299052	0.121583
5.025	1.04607	4.12389	1.60576	-0.0303473	0.120789
5.03	1.04624	4.12889	1.60591	-0.0307848	0.119994
5.035	1.04642	4.13389	1.60607	-0.0312178	0.119196
5.04	1.04659	4.13888	1.60622	-0.0316462	0.118396
5.045	1.04677	4.14388	1.60638	-0.0320701	0.117594
5.05	1.04695	4.14888	1.60654	-0.0324893	0.11679
5.055	1.04713	4.15388	1.60671	-0.0329039	0.115983
5.06	1.04731	4.15887	1.60687	-0.0333139	0.115175
5.065	1.04749	4.16387	1.60704	-0.0337192	0.114364
5.07	1.04767	4.16887	1.60721	-0.0341199	0.113552
5.075	1.04786	4.17386	1.60738	-0.0345158	0.112737
5.08	1.04804	4.17886	1.60755	-0.0349071	0.11192
5.085	1.04823	4.18386	1.60772	-0.0352937	0.111101
5.09	1.04841	4.18885	1.6079	-0.0356755	0.11028
5.095	1.0486	4.19385	1.60808	-0.0360526	0.109456
5.1	1.04878	4.19884	1.60826	-0.0364249	0.108631
5.105	1.04897	4.20384	1.60844	-0.0367924	0.107803
5.11	1.04916	4.20884	1.60862	-0.0371552	0.106974
5.115	1.04935	4.21383	1.60881	-0.0375131	0.106142
5.12	1.04954	4.21883	1.609	-0.0378662	0.105309
5.125	1.04973	4.22383	1.60919	-0.0382145	0.104473
5.13	1.04993	4.22882	1.60938	-0.0385579	0.103635
5.135	1.05012	4.23382	1.60957	-0.0388964	0.102795
5.14	1.05032	4.23882	1.60977	-0.0392301	0.101953
5.145	1.05051	4.24381	1.60996	-0.0395588	0.101109
5.15	1.05071	4.24881	1.61016	-0.0398827	0.100263
5.155	1.05091	4.2538	1.61036	-0.0402016	0.0994145
5.16	1.05111	4.2588	1.61056	-0.0405156	0.0985643
5.165	1.0513	4.2638	1.61076	-0.0408246	0.097712
5.17	1.05151	4.26879	1.61097	-0.0411286	0.0968577
5.175	1.05171	4.27379	1.61117	-0.0414277	0.0960013
5.18	1.05191	4.27878	1.61138	-0.0417218	0.0951429
5.185	1.05211	4.28378	1.61159	-0.0420108	0.0942825
5.19	1.05232	4.28878	1.6118	-0.0422949	0.09342
5.195	1.05253	4.29377	1.61201	-0.0425739	0.0925555
5.2	1.05273	4.29877	1.61222	-0.0428478	0.091689
5.205	1.05294	4.30376	1.61244	-0.0431167	0.0908205
5.21	1.05315	4.30876	1.61265	-0.0433805	0.08995
5.215	1.05336	4.31375	1.61287	-0.0436393	0.0890774
5.22	1.05357	4.31875	1.61309	-0.0438929	0.0882029
5.225	1.05378	4.32374	1.61331	-0.0441414	0.0873263
5.23	1.054	4.32874	1.61353	-0.0443848	0.0864478
5.235	1.05421	4.33374	1.61375	-0.0446231	0.0855673
5.24	1.05443	4.33873	1.61397	-0.0448562	0.0846848
5.245	1.05464	4.34373	1.6142	-0.0450842	0.0838002
5.25	1.05486	4.34872	1.61442	-0.045307	0.0829138
5.255	1.05508	4.35372	1.61465	-0.0455246	0.0820253
5.26	1.0553	4.35871	1.61488	-0.0457371	0.0811349
5.265	1.05552	4.36371	1.6151	-0.0459443	0.0802425
5.27	1.05575	4.3687	1.61533	-0.0461463	0.0793481
5.275	1.05597	4.3737	1.61557	-0.0463431	0.0784518
5.28	1.0562	4.37869	1.6158	-0.0465347	0.0775536
5.285	1.05642	4.38369	1.61603	-0.046721	0.0766533
5.29	1.05665	4.38868	1.61626	-0.0469021	0.0757512
5.295	1.05688	4.39368	1.6165	-0.047078	0.0748471
5.3	1.05711	4.39867	1.61673	-0.0472485	0.073941
5.305	1.05734	4.40367	1.61697	-0.0474138	0.0730331
5.31	1.05757	4.40866	1.61721	-0.0475738	0.0721231
5.315	1.0578	4.41365	1.61744	-0.0477285	0.0712113
5.32	1.05804	4.41865	1.61768	-0.0478778	0.0702976
5.325	1.05827	4.42364	1.61792	-0.0480219	0.0693819
5.33	1.05851	4.42864	1.61816	-0.0481607	0.0684643
5.335	1.05875	4.43363	1.6184	-0.0482941	0.0675448
5.34	1.05899	4.43863	1.61864	-0.0484221	0.0666235
5.345	1.05923	4.44362	1.61889	-0.0485449	0.0657002
5.35	1.05947	4.44862	1.61913	-0.0486623	0.064775
5.355	1.05971	4.45361	1.61937	-0.0487743	0.0638479
5.36	1.05995	4.4586	1.61962	-0.0488809	0.062919
5.365	1.0602	4.4636	1.61986	-0.0489822	0.0619881
5.37	1.06045	4.46859	1.62011	-0.049078	0.0610554
5.375	1.06069	4.47359	1.62035	-0.0491685	0.0601209
5.38	1.06094	4.47858	1.6206	-0.0492536	0.0591844
5.385	1.06119	4.48357	1.62084	-0.0493333	0.0582461
5.39	1.06144	4.48857	1.62109	-0.0494076	0.0573059
5.395	1.0617	4.49356	1.62134	-0.0494764	0.0563639
5.4	1.06195	4.49855	1.62158	-0.0495399	0.05542
5.405	1.06221	4.50355	1.62183	-0.0495979	0.0544743
5.41	1.06246	4.50854	1.62208	-0.0496504	0.0535268
5.415	1.06272	4.51353	1.62233	-0.0496975	0.0525774
5.42	1.06298	4.51853	1.62258	-0.0497392	0.0516262
5.425	1.06324	4.52352	1.62283	-0.0497755	0.0506731
5.43	1.0635	4.52851	1.62307	-0.0498062	0.0497183
5.435	1.06376	4.53351	1.62332	-0.0498315	0.0487616
5.44	1.06403	4.5385	1.62357	-0.0498514	0.0478031
5.445	1.06429	4.54349	1.62382	-0.0498658	0.0468428
5.45	1.06456	4.54849	1.62407	-0.0498747	0.0458807
5.455	1.06483	4.55348	1.62432	-0.0498781	0.0449168
5.46	1.06509	4.55847	1.62457	-0.049876	0.0439511
5.465	1.06536	4.56346	1.62482	-0.0498685	0.0429837
5.47	1.06564	4.56846	1.62507	-0.0498555	0.0420144
5.475	1.06591	4.57345	1.62532	-0.0498369	0.0410434
5.48	1.06618	4.57844	1.62557	-0.0498129	0.0400706
5.485	1.06646	4.58343	1.62582	-0.0497834	0.039096
5.49	1.06673	4.58843	1.62607	-0.0497484	0.0381197
5.495	1.06701	4.59342	1.62631	-0.0497078	0.0371416
5.5	1.06729	4.59841	1.62656	-0.0496618	0.0361618
5.505	1.06757	4.6034	1.62681	-0.0496103	0.0351802
5.51	1.06785	4.6084	1.62706	-0.0495532	0.0341969
5.515	1.06813	4.61339	1.62731	-0.0494906	0.0332118
5.52	1.06842	4.61838	1.62755	-0.0494225	0.032225
5.525	1.0687	4.62337	1.6278	-0.0493489	0.0312365
5.53	1.06899	4.62836	1.62805	-0.0492698	0.0302463
5.535	1.06927	4.63335	1.62829	-0.0491852	0.0292543
5.54	1.06956	4.63835	1.62854	-0.049095	0.0282606
5.545	1.06985	4.64334	1.62879	-0.0489993	0.0272653
5.55	1.07014	4.64833	1.62903	-0.0488981	0.0262682
5.555	1.07044	4.65332	1.62928	-0.0487914	0.0252694
5.56	1.07073	4.65831	1.62952	-0.0486791	0.024269
5.565	1.07102	4.6633	1.62976	-0.0485613	0.0232668
5.57	1.07132	4.66829	1.63001	-0.048438	0.022263
5.575	1.07162	4.67329	1.63025	-0.0483092	0.0212575
5.58	1.07191	4.67828	1.63049	-0.0481748	0.0202504
5.585	1.07221	4.68327	1.63073	-0.048035	0.0192416
5.59	1.07252	4.68826	1.63097	-0.0478896	0.0182311
5.595	1.07282	4.69325	1.63121	-0.0477386	0.017219
5.6	1.07312	4.69824	1.63145	-0.0475822	0.0162052
5.605	1.07342	4.70323	1.63169	-0.0474202	0.0151898
5.61	1.07373	4.70822	1.63192	-0.0472527	0.0141727
5.615	1.07404	4.71321	1.63216	-0.0470797	0.0131541
5.62	1.07434	4.7182	1.6324	-0.0469012	0.0121338
5.625	1.07465	4.72319	1.63263	-0.0467172	0.0111118
5.63	1.07496	4.72818	1.63286	-0.0465276	0.0100883
5.635	1.07527	4.73317	1.6331	-0.0463325	0.00906318
5.64	1.07559	4.73816	1.63333	-0.046132	0.00803645
5.645	1.0759	4.74315	1.63356	-0.0459259	0.00700812
5.65	1.07622	4.74814	1.63379	-0.0457143	0.0059782
5.655	1.07653	4.75313	1.63402	-0.0454972	0.0049467
5.66	1.07685	4.75812	1.63424	-0.0452746	0.00391363
5.665	1.07717	4.76311	1.63447	-0.0450466	0.00287898
5.67	1.07749	4.7681	1.6347	-0.044813	0.00184276
5.675	1.07781	4.77309	1.63492	-0.0445739	0.000804989
5.68	1.07813	4.77808	1.63514	-0.0443294	-0.000234339
5.685	1.07845	4.78307	1.63536	-0.0440794	-0.00127521
5.69	1.07877	4.78806	1.63558	-0.0438239	-0.00231763
5.695	1.0791	4.79305	1.6358	-0.0435629	-0.00336158
5.7	1.07942	4.79804	1.63602	-0.0432964	-0.00440706
5.705	1.07975	4.80303	1.63624	-0.0430245	-0.00545407
5.71	1.08008	4.80802	1.63645	-0.0427471	-0.00650259
5.715	1.08041	4.81301	1.63667	-0.0424643	-0.00755263
5.72	1.08074	4.818	1.63688	-0.042176	-0.00860417
5.725	1.08107	4.82299	1.63709	-0.0418823	-0.00965721
5.73	1.0814	4.82798	1.6373	-0.0415831	-0.0107117
5.735	1.08174	4.83297	1.63751	-0.0412785	-0.0117678
5.74	1.08207	4.83795	1.63771	-0.0409684	-0.0128253
5.745	1.08241	4.84294	1.63792	-0.0406529	-0.0138842
5.75	1.08274	4.84793	1.63812	-0.040332	-0.0149447
5.755	1.08308	4.85292	1.63832	-0.0400057	-0.0160066
5.76	1.08342	4.85791	1.63852	-0.039674	-0.0170699
5.765	1.08376	4.8629	1.63872	-0.0393369	-0.0181347
5.77	1.0841	4.86789	1.63892	-0.0389943	-0.019201
5.775	1.08444	4.87287	1.63911	-0.0386464	-0.0202687
5.78	1.08478	4.87786	1.63931	-0.0382931	-0.0213378
5.785	1.08512	4.88285	1.6395	-0.0379344	-0.0224083
5.79	1.08547	4.88784	1.63969	-0.0375704	-0.0234803
5.795	1.08581	4.89283	1.63988	-0.0372009	-0.0245536
5.8	1.08616	4.89781	1.64006	-0.0368262	-0.0256284
5.805	1.08651	4.9028	1.64025	-0.036446	-0.0267046
5.81	1.08685	4.90779	1.64043	-0.0360605	-0.0277821
5.815	1.0872	4.91278	1.64061	-0.0356697	-0.0288611
5.82	1.08755	4.91777	1.64079	-0.0352736	-0.0299414
5.825	1.0879	4.92275	1.64096	-0.0348721	-0.0310231
5.83	1.08825	4.92774	1.64114	-0.0344653	-0.0321061
5.835	1.08861	4.93273	1.64131	-0.0340532	-0.0331905
5.84	1.08896	4.93772	1.64148	-0.0336358	-0.0342763
5.845	1.08931	4.9427	1.64165	-0.0332131	-0.0353634
5.85	1.08967	4.94769	1.64181	-0.0327852	-0.0364518
5.855	1.09002	4.95268	1.64198	-0.0323519	-0.0375416
5.86	1.09038	4.95767	1.64214	-0.0319134	-0.0386327
5.865	1.09074	4.96265	1.6423	-0.0314696	-0.0397251
5.87	1.0911	4.96764	1.64246	-0.0310206	-0.0408188
5.875	1.09145	4.97263	1.64261	-0.0305664	-0.0419138
5.88	1.09181	4.97761	1.64276	-0.0301069	-0.0430101
5.885	1.09217	4.9826	1.64292	-0.0296422	-0.0441077
5.89	1.09254	4.98759	1.64306	-0.0291722	-0.0452066
5.895	1.0929	4.99258	1.64321	-0.0286971	-0.0463067
5.9	1.09326	4.99756	1.64335	-0.0282168	-0.0474081
5.905	1.09362	5.00255	1.64349	-0.0277312	-0.0485108
5.91	1.09399	5.00754	1.64363	-0.0272405	-0.0496148
5.915	1.09435	5.01252	1.64377	-0.0267447	-0.0507199
5.92	1.09472	5.01751	1.6439	-0.0262437	-0.0518264
5.925	1.09508	5.0225	1.64403	-0.0257375	-0.052934
5.93	1.09545	5.02748	1.64416	-0.0252262	-0.0540429
5.935	1.09582	5.03247	1.64429	-0.0247098	-0.055153
5.94	1.09618	5.03746	1.64441	-0.0241882	-0.0562643
5.945	1.09655	5.04244	1.64453	-0.0236616	-0.0573768
5.95	1.09692	5.04743	1.64465	-0.0231298	-0.0584905
5.955	1.09729	5.05241	1.64477	-0.022593	-0.0596054
5.96	1.09766	5.0574	1.64488	-0.022051	-0.0607214
5.965	1.09803	5.06239	1.64499	-0.0215041	-0.0618387
5.97	1.0984	5.06737	1.6451	-0.020952	-0.0629571
5.975	1.09877	5.07236	1.6452	-0.0203949	-0.0640766
5.98	1.09915	5.07735	1.6453	-0.0198328	-0.0651973
5.985	1.09952	5.08233	1.6454	-0.0192657	-0.0663192
5.99	1.09989	5.08732	1.6455	-0.0186935	-0.0674422
5.995	1.10027	5.0923	1.64559	-0.0181163	-0.0685663
6	1.10064	5.09729	1.64568	-0.0175342	-0.0696915
6.005	1.10101	5.10228	1.64577	-0.0169471	-0.0708179
6.01	1.10139	5.10726	1.64586	-0.016355	-0.0719453
6.015	1.10176	5.11225	1.64594	-0.0157579	-0.0730739
6.02	1.10214	5.11723	1.64602	-0.0151559	-0.0742035
6.025	1.10252	5.12222	1.64609	-0.014549	-0.0753342
6.03	1.10289	5.1272	1.64617	-0.0139372	-0.076466
6.035	1.10327	5.13219	1.64624	-0.0133204	-0.0775989
6.04	1.10365	5.13718	1.6463	-0.0126987	-0.0787328
6.045	1.10402	5.14216	1.64637	-0.0120722	-0.0798678
6.05	1.1044	5.14715	1.64643	-0.0114408	-0.0810038
6.055	1.10478	5.15213	1.64648	-0.0108045	-0.0821408
6.06	1.10516	5.15712	1.64654	-0.0101634	-0.0832789
6.065	1.10554	5.1621	1.64659	-0.0095174	-0.084418
6.07	1.10592	5.16709	1.64664	-0.00886661	-0.0855581
6.075	1.1063	5.17208	1.64668	-0.008211	-0.0866992
6.08	1.10667	5.17706	1.64672	-0.00755059	-0.0878413
6.085	1.10705	5.18205	1.64676	-0.00688539	-0.0889844
6.09	1.10743	5.18703	1.64679	-0.00621541	-0.0901285
6.095	1.10781	5.19202	1.64682	-0.00554067	-0.0912735
6.1	1.10819	5.197	1.64685	-0.00486118	-0.0924195
6.105	1.10857	5.20199	1.64688	-0.00417694	-0.0935664
6.11	1.10895	5.20697	1.6469	-0.00348798	-0.0947143
6.115	1.10933	5.21196	1.64691	-0.00279431	-0.0958632
6.12	1.10971	5.21695	1.64693	-0.00209593	-0.0970129
6.125	1.11009	5.22193	1.64694	-0.00139287	-0.0981636
6.13	1.11047	5.22692	1.64695	-0.000685128	-0.0993152
6.135	1.11086	5.2319	1.64695	2.72766e-005	-0.100468
6.14	1.11124	5.23689	1.64695	0.000744331	-0.101621
6.145	1.11162	5.24187	1.64695	0.00146602	-0.102775
6.15	1.112	5.24686	1.64694	0.00219234	-0.103931
6.155	1.11238	5.25184	1.64693	0.00292327	-0.105087
6.16	1.11276	5.25683	1.64691	0.00365879	-0.106243
6.165	1.11314	5.26182	1.64689	0.0043989	-0.107401
6.17	1.11352	5.2668	1.64687	0.00514359	-0.10856
6.175	1.1139	5.27179	1.64685	0.00589283	-0.109719
6.18	1.11428	5.27677	1.64682	0.00664662	-0.110879
6.185	1.11466	5.28176	1.64678	0.00740494	-0.112041
6.19	1.11504	5.28674	1.64675	0.00816778	-0.113202
6.195	1.11541	5.29173	1.64671	0.00893512	-0.114365
6.2	1.11579	5.29671	1.64666	0.00970696	-0.115529
6.205	1.11617	5.3017	1.64661	0.0104833	-0.116693
6.21	1.11655	5.30669	1.64656	0.0112641	-0.117858
6.215	1.11693	5.31167	1.6465	0.0120493	-0.119024
6.22	1.11731	5.31666	1.64644	0.012839	-0.12019
6.225	1.11768	5.32164	1.64638	0.0136331	-0.121358
6.23	1.11806	5.32663	1.64631	0.0144316	-0.122526
6.235	1.11844	5.33161	1.64624	0.0152345	-0.123694
6.24	1.11882	5.3366	1.64616	0.0160418	-0.124864
6.245	1.11919	5.34159	1.64608	0.0168534	-0.126034
6.25	1.11957	5.34657	1.646	0.0176695	-0.127205
6.255	1.11994	5.35156	1.64591	0.0184898	-0.128377
6.26	1.12032	5.35654	1.64582	0.0193145	-0.129549
6.265	1.12069	5.36153	1.64572	0.0201435	-0.130722
6.27	1.12106	5.36652	1.64562	0.0209769	-0.131895
6.275	1.12144	5.3715	1.64552	0.0218145	-0.13307
6.28	1.12181	5.37649	1.64541	0.0226564	-0.134245
6.285	1.12218	5.38147	1.64529	0.0235025	-0.13542
6.29	1.12255	5.38646	1.64518	0.0243529	-0.136596
6.295	1.12293	5.39145	1.64505	0.0252075	-0.137773
6.3	1.1233	5.39643	1.64493	0.0260664	-0.138951
6.305	1.12367	5.40142	1.6448	0.0269294	-0.140129
6.31	1.12403	5.40641	1.64466	0.0277967	-0.141307
6.315	1.1244	5.41139	1.64452	0.0286681	-0.142487
6.32	1.12477	5.41638	1.64438	0.0295437	-0.143666
6.325	1.12514	5.42136	1.64423	0.0304235	-0.144847
6.33	1.1255	5.42635	1.64408	0.0313074	-0.146028
6.335	1.12587	5.43134	1.64392	0.0321954	-0.147209
6.34	1.12623	5.43632	1.64376	0.0330875	-0.148391
6.345	1.1266	5.44131	1.6436	0.0339837	-0.149573
6.35	1.12696	5.4463	1.64343	0.034884	-0.150756
6.355	1.12732	5.45129	1.64325	0.0357884	-0.15194
6.36	1.12768	5.45627	1.64307	0.0366969	-0.153124
6.365	1.12804	5.46126	1.64289	0.0376093	-0.154308
6.37	1.1284	5.46625	1.6427	0.0385258	-0.155493
6.375	1.12876	5.47123	1.64251	0.0394464	-0.156679
6.38	1.12912	5.47622	1.64231	0.0403709	-0.157865
6.385	1.12947	5.48121	1.64211	0.0412994	-0.159051
6.39	1.12983	5.4862	1.6419	0.0422319	-0.160238
6.395	1.13018	5.49118	1.64169	0.0431683	-0.161425
6.4	1.13054	5.49617	1.64148	0.0441087	-0.162612
6.405	1.13089	5.50116	1.64126	0.0450531	-0.1638
6.41	1.13124	5.50615	1.64103	0.0460013	-0.164989
6.415	1.13159	5.51113	1.6408	0.0469535	-0.166178
6.42	1.13194	5.51612	1.64057	0.0479095	-0.167367
6.425	1.13228	5.52111	1.64033	0.0488695	-0.168556
6.43	1.13263	5.5261	1.64008	0.0498332	-0.169746
6.435	1.13298	5.53109	1.63983	0.0508009	-0.170936
6.44	1.13332	5.53607	1.63958	0.0517724	-0.172127
6.445	1.13366	5.54106	1.63932	0.0527477	-0.173318
6.45	1.134	5.54605	1.63906	0.0537268	-0.174509
6.455	1.13434	5.55104	1.63879	0.0547097	-0.1757
6.46	1.13468	5.55603	1.63852	0.0556964	-0.176892
6.465	1.13502	5.56102	1.63824	0.0566869	-0.178084
6.47	1.13535	5.566	1.63795	0.0576812	-0.179276
6.475	1.13569	5.57099	1.63766	0.0586791	-0.180469
6.48	1.13602	5.57598	1.63737	0.0596809	-0.181661
6.485	1.13635	5.58097	1.63707	0.0606863	-0.182854
6.49	1.13668	5.58596	1.63677	0.0616954	-0.184047
6.495	1.13701	5.59095	1.63646	0.0627083	-0.185241
6.5	1.13734	5.59594	1.63615	0.0637248	-0.186434
6.505	1.13766	5.60093	1.63583	0.0647449	-0.187628
6.51	1.13798	5.60592	1.63551	0.0657688	-0.188822
6.515	1.13831	5.61091	1.63518	0.0667962	-0.190016
6.52	1.13863	5.6159	1.63484	0.0678273	-0.191211
6.525	1.13894	5.62089	1.6345	0.068862	-0.192405
6.53	1.13926	5.62588	1.63416	0.0699003	-0.1936
6.535	1.13958	5.63087	1.63381	0.0709422	-0.194794
6.54	1.13989	5.63586	1.63345	0.0719877	-0.195989
6.545	1.1402	5.64085	1.63309	0.0730367	-0.197184
6.55	1.14051	5.64584	1.63273	0.0740893	-0.198379
6.555	1.14082	5.65083	1.63236	0.0751454	-0.199574
6.56	1.14112	5.65582	1.63198	0.076205	-0.200769
6.565	1.14143	5.66081	1.6316	0.0772682	-0.201964
6.57	1.14173	5.6658	1.63122	0.0783348	-0.203159
6.575	1.14203	5.67079	1.63082	0.0794049	-0.204354
6.58	1.14233	5.67578	1.63043	0.0804785	-0.20555
6.585	1.14262	5.68077	1.63003	0.0815556	-0.206745
6.59	1.14292	5.68577	1.62962	0.0826361	-0.20794
6.595	1.14321	5.69076	1.6292	0.08372	-0.209135
6.6	1.1435	5.69575	1.62879	0.0848074	-0.21033
6.605	1.14379	5.70074	1.62836	0.0858981	-0.211525
6.61	1.14407	5.70573	1.62793	0.0869923	-0.21272
6.615	1.14435	5.71072	1.6275	0.0880898	-0.213915
6.62	1.14464	5.71572	1.62706	0.0891908	-0.21511
6.625	1.14491	5.72071	1.62661	0.090295	-0.216305
6.63	1.14519	5.7257	1.62616	0.0914027	-0.2175
6.635	1.14547	5.73069	1.6257	0.0925136	-0.218694
6.64	1.14574	5.73569	1.62524	0.0936279	-0.219888
6.645	1.14601	5.74068	1.62477	0.0947455	-0.221083
6.65	1.14627	5.74567	1.6243	0.0958664	-0.222277
6.655	1.14654	5.75066	1.62382	0.0969906	-0.223471
6.66	1.1468	5.75566	1.62333	0.0981181	-0.224664
6.665	1.14706	5.76065	1.62284	0.0992488	-0.225858
6.67	1.14732	5.76564	1.62235	0.100383	-0.227051
6.675	1.14758	5.77064	1.62184	0.10152	-0.228244
6.68	1.14783	5.77563	1.62134	0.10266	-0.229437
6.685	1.14808	5.78062	1.62082	0.103804	-0.230629
6.69	1.14833	5.78562	1.6203	0.104951	-0.231822
6.695	1.14857	5.79061	1.61978	0.106101	-0.233014
6.7	1.14881	5.79561	1.61925	0.107254	-0.234205
6.705	1.14905	5.8006	1.61871	0.108411	-0.235397
6.71	1.14929	5.8056	1.61817	0.10957	-0.236588
6.715	1.14952	5.81059	1.61762	0.110733	-0.237778
6.72	1.14975	5.81558	1.61707	0.111899	-0.238969
6.725	1.14998	5.82058	1.61651	0.113068	-0.240159
6.73	1.15021	5.82557	1.61594	0.11424	-0.241348
6.735	1.15043	5.83057	1.61537	0.115415	-0.242538
6.74	1.15065	5.83556	1.6148	0.116593	-0.243726
6.745	1.15087	5.84056	1.61421	0.117775	-0.244915
6.75	1.15108	5.84556	1.61362	0.118959	-0.246103
6.755	1.15129	5.85055	1.61303	0.120147	-0.24729
6.76	1.1515	5.85555	1.61243	0.121337	-0.248477
6.765	1.15171	5.86054	1.61182	0.122531	-0.249664
6.77	1.15191	5.86554	1.61121	0.123727	-0.25085
6.775	1.15211	5.87053	1.61059	0.124927	-0.252035
6.78	1.1523	5.87553	1.60997	0.126129	-0.25322
6.785	1.1525	5.88053	1.60934	0.127335	-0.254405
6.79	1.15268	5.88552	1.6087	0.128544	-0.255589
6.795	1.15287	5.89052	1.60806	0.129755	-0.256772
6.8	1.15305	5.89552	1.60741	0.13097	-0.257955
6.805	1.15323	5.90051	1.60675	0.132187	-0.259137
6.81	1.15341	5.90551	1.60609	0.133408	-0.260318
6.815	1.15358	5.91051	1.60542	0.134631	-0.261499
6.82	1.15375	5.9155	1.60475	0.135857	-0.26268
6.825	1.15392	5.9205	1.60407	0.137086	-0.263859
6.83	1.15408	5.9255	1.60339	0.138318	-0.265038
6.835	1.15424	5.9305	1.6027	0.139553	-0.266216
6.84	1.1544	5.93549	1.602	0.140791	-0.267394
6.845	1.15455	5.94049	1.60129	0.142032	-0.268571
6.85	1.1547	5.94549	1.60058	0.143275	-0.269747
6.855	1.15484	5.95049	1.59987	0.144522	-0.270922
6.86	1.15499	5.95548	1.59914	0.145771	-0.272097
6.865	1.15512	5.96048	1.59842	0.147023	-0.27327
6.87	1.15526	5.96548	1.59768	0.148278	-0.274443
6.875	1.15539	5.97048	1.59694	0.149536	-0.275615
6.88	1.15552	5.97548	1.59619	0.150796	-0.276786
6.885	1.15564	5.98048	1.59544	0.15206	-0.277957
6.89	1.15576	5.98547	1.59468	0.153326	-0.279126
6.895	1.15587	5.99047	1.59391	0.154595	-0.280295
6.9	1.15599	5.99547	1.59314	0.155866	-0.281463
6.905	1.15609	6.00047	1.59236	0.157141	-0.282629
6.91	1.1562	6.00547	1.59157	0.158418	-0.283795
6.915	1.1563	6.01047	1.59078	0.159698	-0.28496
6.92	1.15639	6.01547	1.58998	0.16098	-0.286124
6.925	1.15649	6.02047	1.58918	0.162266	-0.287287
6.93	1.15657	6.02547	1.58837	0.163554	-0.288449
6.935	1.15666	6.03047	1.58755	0.164844	-0.28961
6.94	1.15674	6.03547	1.58672	0.166138	-0.29077
6.945	1.15681	6.04046	1.58589	0.167434	-0.291928
6.95	1.15688	6.04546	1.58506	0.168733	-0.293086
6.955	1.15695	6.05046	1.58421	0.170034	-0.294243
6.96	1.15701	6.05546	1.58336	0.171338	-0.295398
6.965	1.15707	6.06046	1.58251	0.172645	-0.296552
6.97	1.15713	6.06546	1.58164	0.173954	-0.297705
6.975	1.15718	6.07046	1.58077	0.175266	-0.298857
6.98	1.15722	6.07546	1.5799	0.176581	-0.300008
6.985	1.15726	6.08046	1.57901	0.177898	-0.301158
6.99	1.1573	6.08546	1.57812	0.179218	-0.302306
6.995	1.15733	6.09046	1.57723	0.18054	-0.303453
7	1.15736	6.09546	1.57632	0.181866	-0.304599
7.005	1.15738	6.10046	1.57542	0.183193	-0.305744
7.01	1.1574	6.10546	1.5745	0.184523	-0.306887
7.015	1.15741	6.11046	1.57358	0.185856	-0.308029
7.02	1.15742	6.11546	1.57265	0.187192	-0.309169
7.025	1.15743	6.12046	1.57171	0.188529	-0.310308
7.03	1.15743	6.12546	1.57077	0.18987	-0.311446
7.035	1.15742	6.13046	1.56982	0.191213	-0.312583
7.04	1.15741	6.13546	1.56886	0.192558	-0.313718
7.045	1.1574	6.14046	1.5679	0.193906	-0.314851
7.05	1.15738	6.14546	1.56693	0.195257	-0.315983
7.055	1.15736	6.15046	1.56596	0.19661	-0.317114
7.06	1.15733	6.15546	1.56497	0.197965	-0.318243
7.065	1.15729	6.16046	1.56398	0.199324	-0.31937
7.07	1.15725	6.16546	1.56299	0.200684	-0.320496
7.075	1.15721	6.17046	1.56198	0.202047	-0.321621
7.08	1.15716	6.17546	1.56097	0.203413	-0.322743
7.085	1.15711	6.18046	1.55995	0.20478	-0.323865
7.09	1.15705	6.18546	1.55893	0.206151	-0.324984
7.095	1.15698	6.19046	1.5579	0.207524	-0.326102
7.1	1.15691	6.19546	1.55686	0.208899	-0.327218
7.105	1.15684	6.20046	1.55582	0.210277	-0.328333
7.11	1.15676	6.20546	1.55477	0.211657	-0.329446
7.115	1.15667	6.21046	1.55371	0.213039	-0.330557
7.12	1.15658	6.21546	1.55264	0.214424	-0.331666
7.125	1.15649	6.22046	1.55157	0.215812	-0.332773
7.13	1.15638	6.22545	1.55049	0.217202	-0.333879
7.135	1.15628	6.23045	1.54941	0.218594	-0.334983
7.14	1.15616	6.23545	1.54831	0.219988	-0.336085
7.145	1.15605	6.24045	1.54721	0.221385	-0.337185
7.15	1.15592	6.24545	1.54611	0.222785	-0.338283
7.155	1.15579	6.25045	1.54499	0.224187	-0.33938
7.16	1.15566	6.25545	1.54387	0.225591	-0.340474
7.165	1.15552	6.26044	1.54274	0.226997	-0.341567
7.17	1.15537	6.26544	1.54161	0.228406	-0.342657
7.175	1.15522	6.27044	1.54047	0.229817	-0.343745
7.18	1.15506	6.27544	1.53932	0.231231	-0.344832
7.185	1.1549	6.28043	1.53816	0.232646	-0.345916
7.19	1.15473	6.28543	1.537	0.234065	-0.346998
7.195	1.15456	6.29043	1.53583	0.235485	-0.348079
7.2	1.15438	6.29542	1.53465	0.236908	-0.349157
7.205	1.15419	6.30042	1.53347	0.238333	-0.350232
7.21	1.154	6.30542	1.53227	0.239761	-0.351306
7.215	1.1538	6.31041	1.53108	0.24119	-0.352377
7.22	1.15359	6.31541	1.52987	0.242622	-0.353447
7.225	1.15338	6.3204	1.52866	0.244057	-0.354514
7.23	1.15317	6.3254	1.52744	0.245493	-0.355578
7.235	1.15294	6.3304	1.52621	0.246932	-0.356641
7.24	1.15272	6.33539	1.52497	0.248374	-0.357701
7.245	1.15248	6.34038	1.52373	0.249817	-0.358758
7.25	1.15224	6.34538	1.52248	0.251263	-0.359814
7.255	1.15199	6.35037	1.52123	0.252711	-0.360867
7.26	1.15174	6.35537	1.51996	0.254161	-0.361917
7.265	1.15148	6.36036	1.51869	0.255614	-0.362965
7.27	1.15121	6.36535	1.51741	0.257068	-0.364011
7.275	1.15094	6.37034	1.51613	0.258525	-0.365054
7.28	1.15066	6.37534	1.51484	0.259985	-0.366094
7.285	1.15037	6.38033	1.51354	0.261446	-0.367132
7.29	1.15008	6.38532	1.51223	0.26291	-0.368167
7.295	1.14978	6.39031	1.51091	0.264376	-0.3692
7.3	1.14947	6.3953	1.50959	0.265844	-0.37023
7.305	1.14916	6.40029	1.50826	0.267314	-0.371257
7.31	1.14884	6.40528	1.50693	0.268787	-0.372282
7.315	1.14852	6.41027	1.50558	0.270262	-0.373304
7.32	1.14818	6.41526	1.50423	0.271739	-0.374323
7.325	1.14784	6.42025	1.50287	0.273218	-0.37534
7.33	1.1475	6.42524	1.50151	0.2747	-0.376353
7.335	1.14714	6.43022	1.50013	0.276183	-0.377364
7.34	1.14678	6.43521	1.49875	0.277669	-0.378372
7.345	1.14642	6.4402	1.49736	0.279157	-0.379377
7.35	1.14604	6.44518	1.49597	0.280647	-0.380379
7.355	1.14566	6.45017	1.49456	0.28214	-0.381378
7.36	1.14528	6.45515	1.49315	0.283634	-0.382374
7.365	1.14488	6.46014	1.49174	0.285131	-0.383367
7.37	1.14448	6.46512	1.49031	0.28663	-0.384357
7.375	1.14407	6.47011	1.48888	0.288131	-0.385344
7.38	1.14365	6.47509	1.48744	0.289634	-0.386328
7.385	1.14323	6.48007	1.48599	0.29114	-0.387309
7.39	1.1428	6.48505	1.48453	0.292647	-0.388287
7.395	1.14236	6.49003	1.48307	0.294157	-0.389261
7.4	1.14192	6.49501	1.4816	0.295669	-0.390233
7.405	1.14146	6.49999	1.48012	0.297183	-0.391201
7.41	1.141	6.50497	1.47863	0.298699	-0.392165
7.415	1.14053	6.50995	1.47714	0.300217	-0.393127
7.42	1.14006	6.51493	1.47564	0.301738	-0.394085
7.425	1.13958	6.5199	1.47413	0.30326	-0.395039
7.43	1.13909	6.52488	1.47261	0.304785	-0.395991
7.435	1.13859	6.52985	1.47109	0.306312	-0.396939
7.44	1.13808	6.53483	1.46956	0.307841	-0.397883
7.445	1.13757	6.5398	1.46802	0.309372	-0.398824
7.45	1.13705	6.54477	1.46647	0.310905	-0.399761
7.455	1.13652	6.54975	1.46492	0.312441	-0.400695
7.46	1.13599	6.55472	1.46336	0.313978	-0.401625
7.465	1.13544	6.55969	1.46179	0.315518	-0.402552
7.47	1.13489	6.56466	1.46021	0.31706	-0.403475
7.475	1.13433	6.56963	1.45862	0.318604	-0.404394
7.48	1.13376	6.57459	1.45703	0.32015	-0.405309
7.485	1.13319	6.57956	1.45543	0.321698	-0.406221
7.49	1.1326	6.58453	1.45382	0.323248	-0.407129
7.495	1.13201	6.58949	1.45221	0.3248	-0.408033
7.5	1.13141	6.59446	1.45058	0.326354	-0.408934
7.505	1.1308	6.59942	1.44895	0.327911	-0.40983
7.51	1.13019	6.60438	1.44731	0.32947	-0.410723
7.515	1.12956	6.60934	1.44566	0.33103	-0.411611
7.52	1.12893	6.6143	1.44401	0.332593	-0.412496
7.525	1.12829	6.61926	1.44234	0.334158	-0.413376
7.53	1.12764	6.62422	1.44067	0.335725	-0.414253
7.535	1.12699	6.62917	1.439	0.337294	-0.415125
7.54	1.12632	6.63413	1.43731	0.338865	-0.415993
7.545	1.12565	6.63908	1.43561	0.340439	-0.416857
7.55	1.12496	6.64404	1.43391	0.342014	-0.417717
7.555	1.12427	6.64899	1.4322	0.343592	-0.418573
7.56	1.12357	6.65394	1.43048	0.345171	-0.419424
7.565	1.12287	6.65889	1.42876	0.346753	-0.420272
7.57	1.12215	6.66384	1.42702	0.348337	-0.421114
7.575	1.12143	6.66879	1.42528	0.349923	-0.421953
7.58	1.12069	6.67373	1.42353	0.351511	-0.422787
7.585	1.11995	6.67868	1.42178	0.353101	-0.423616
7.59	1.1192	6.68362	1.42001	0.354693	-0.424441
7.595	1.11844	6.68856	1.41824	0.356287	-0.425262
7.6	1.11767	6.6935	1.41646	0.357883	-0.426078
7.605	1.11689	6.69844	1.41467	0.359482	-0.426889
7.61	1.11611	6.70338	1.41287	0.361082	-0.427696
7.615	1.11531	6.70831	1.41106	0.362685	-0.428498
7.62	1.11451	6.71325	1.40925	0.36429	-0.429295
7.625	1.11369	6.71818	1.40743	0.365896	-0.430088
7.63	1.11287	6.72312	1.4056	0.367505	-0.430876
7.635	1.11204	6.72805	1.40376	0.369116	-0.431659
7.64	1.1112	6.73297	1.40192	0.370729	-0.432437
7.645	1.11035	6.7379	1.40006	0.372344	-0.43321
7.65	1.10949	6.74283	1.3982	0.373961	-0.433979
7.655	1.10862	6.74775	1.39633	0.375581	-0.434742
7.66	1.10775	6.75267	1.39445	0.377202	-0.4355
7.665	1.10686	6.75759	1.39257	0.378826	-0.436254
7.67	1.10596	6.76251	1.39067	0.380451	-0.437002
7.675	1.10506	6.76743	1.38877	0.382079	-0.437745
7.68	1.10414	6.77235	1.38686	0.383709	-0.438483
7.685	1.10322	6.77726	1.38494	0.385341	-0.439216
7.69	1.10229	6.78217	1.38301	0.386975	-0.439943
7.695	1.10134	6.78708	1.38108	0.388611	-0.440666
7.7	1.10039	6.79199	1.37914	0.390249	-0.441382
7.705	1.09943	6.7969	1.37719	0.391889	-0.442094
7.71	1.09846	6.8018	1.37523	0.393532	-0.4428
7.715	1.09748	6.80671	1.37326	0.395176	-0.443501
7.72	1.09649	6.81161	1.37128	0.396823	-0.444196
7.725	1.09548	6.81651	1.3693	0.398471	-0.444886
7.73	1.09447	6.8214	1.36731	0.400122	-0.44557
7.735	1.09345	6.8263	1.36531	0.401775	-0.446248
7.74	1.09242	6.83119	1.3633	0.40343	-0.446921
7.745	1.09138	6.83608	1.36128	0.405087	-0.447588
7.75	1.09033	6.84097	1.35925	0.406747	-0.44825
7.755	1.08927	6.84586	1.35722	0.408408	-0.448905
7.76	1.0882	6.85074	1.35518	0.410071	-0.449555
7.765	1.08712	6.85562	1.35313	0.411737	-0.450199
7.77	1.08604	6.8605	1.35107	0.413405	-0.450837
7.775	1.08494	6.86538	1.349	0.415075	-0.451469
7.78	1.08383	6.87025	1.34693	0.416747	-0.452095
7.785	1.08271	6.87513	1.34484	0.418421	-0.452716
7.79	1.08157	6.88	1.34275	0.420097	-0.45333
7.795	1.08043	6.88487	1.34065	0.421776	-0.453938
7.8	1.07928	6.88973	1.33854	0.423456	-0.454539
7.805	1.07812	6.89459	1.33642	0.425139	-0.455135
7.81	1.07695	6.89946	1.3343	0.426824	-0.455724
7.815	1.07577	6.90431	1.33216	0.428511	-0.456307
7.82	1.07458	6.90917	1.33002	0.4302	-0.456884
7.825	1.07337	6.91402	1.32787	0.431892	-0.457454
7.83	1.07216	6.91887	1.32571	0.433585	-0.458018
7.835	1.07094	6.92372	1.32354	0.435281	-0.458576
7.84	1.0697	6.92857	1.32137	0.436979	-0.459127
7.845	1.06846	6.93341	1.31918	0.438679	-0.459671
7.85	1.0672	6.93825	1.31699	0.440381	-0.460209
7.855	1.06594	6.94309	1.31479	0.442085	-0.46074
7.86	1.06466	6.94792	1.31258	0.443792	-0.461264
7.865	1.06337	6.95275	1.31036	0.445501	-0.461782
7.87	1.06207	6.95758	1.30813	0.447212	-0.462293
7.875	1.06076	6.96241	1.30589	0.448925	-0.462797
7.88	1.05944	6.96723	1.30365	0.450641	-0.463295
7.885	1.05811	6.97205	1.3014	0.452358	-0.463785
7.89	1.05677	6.97686	1.29913	0.454078	-0.464268
7.895	1.05542	6.98168	1.29686	0.4558	-0.464745
7.9	1.05406	6.98649	1.29458	0.457524	-0.465214
7.905	1.05268	6.9913	1.2923	0.459251	-0.465677
7.91	1.0513	6.9961	1.29	0.46098	-0.466132
7.915	1.0499	7.0009	1.2877	0.462711	-0.46658
7.92	1.04849	7.0057	1.28538	0.464444	-0.46702
7.925	1.04707	7.01049	1.28306	0.466179	-0.467454
7.93	1.04564	7.01528	1.28073	0.467917	-0.46788
7.935	1.0442	7.02007	1.27839	0.469657	-0.468299
7.94	1.04275	7.02486	1.27604	0.4714	-0.46871
7.945	1.04128	7.02964	1.27368	0.473144	-0.469114
7.95	1.03981	7.03442	1.27132	0.474891	-0.46951
7.955	1.03832	7.03919	1.26894	0.47664	-0.469899
7.96	1.03683	7.04396	1.26656	0.478392	-0.47028
7.965	1.03532	7.04873	1.26417	0.480146	-0.470654
7.97	1.0338	7.05349	1.26177	0.481902	-0.47102
7.975	1.03226	7.05825	1.25936	0.48366	-0.471378
7.98	1.03072	7.063	1.25694	0.485421	-0.471728
7.985	1.02916	7.06776	1.25451	0.487184	-0.47207
7.99	1.0276	7.0725	1.25208	0.488949	-0.472405
7.995	1.02602	7.07725	1.24963	0.490717	-0.472732
8	1.02443	7.08199	1.24718	0.492487	-0.47305
8.005	1.02283	7.08673	1.24472	0.49426	-0.473361
8.01	1.02121	7.09146	1.24225	0.496035	-0.473663
8.015	1.01959	7.09619	1.23977	0.497812	-0.473958
8.02	1.01795	7.10091	1.23728	0.499591	-0.474244
8.025	1.0163	7.10563	1.23478	0.501373	-0.474522
8.03	1.01464	7.11035	1.23227	0.503158	-0.474792
8.035	1.01297	7.11506	1.22976	0.504945	-0.475053
8.04	1.01129	7.11977	1.22723	0.506734	-0.475306
8.045	1.00959	7.12447	1.2247	0.508526	-0.47555
8.05	1.00788	7.12917	1.22215	0.51032	-0.475786
8.055	1.00616	7.13387	1.2196	0.512116	-0.476014
8.06	1.00443	7.13856	1.21704	0.513916	-0.476233
8.065	1.00269	7.14324	1.21447	0.515717	-0.476443
8.07	1.00093	7.14792	1.21189	0.517521	-0.476645
8.075	0.999162	7.1526	1.20931	0.519328	-0.476838
8.08	0.997381	7.15727	1.20671	0.521137	-0.477022
8.085	0.995588	7.16194	1.2041	0.522948	-0.477198
8.09	0.993784	7.1666	1.20149	0.524762	-0.477364
8.095	0.991966	7.17126	1.19887	0.526579	-0.477522
8.1	0.990137	7.17591	1.19623	0.528398	-0.47767
8.105	0.988296	7.18056	1.19359	0.53022	-0.47781
8.11	0.986442	7.18521	1.19094	0.532044	-0.47794
8.115	0.984575	7.18985	1.18828	0.533871	-0.478062
8.12	0.982697	7.19448	1.18561	0.5357	-0.478174
8.125	0.980806	7.19911	1.18293	0.537532	-0.478277
8.13	0.978902	7.20373	1.18024	0.539367	-0.478371
8.135	0.976986	7.20835	1.17755	0.541204	-0.478455
8.14	0.975058	7.21296	1.17484	0.543044	-0.47853
8.145	0.973117	7.21757	1.17213	0.544887	-0.478596
8.15	0.971163	7.22217	1.1694	0.546732	-0.478652
8.155	0.969197	7.22677	1.16667	0.54858	-0.478699
8.16	0.967218	7.23136	1.16392	0.550431	-0.478736
8.165	0.965227	7.23595	1.16117	0.552284	-0.478764
8.17	0.963223	7.24053	1.15841	0.55414	-0.478782
8.175	0.961206	7.2451	1.15564	0.555999	-0.47879
8.18	0.959177	7.24967	1.15286	0.55786	-0.478788
8.185	0.957135	7.25424	1.15007	0.559725	-0.478777
8.19	0.95508	7.2588	1.14727	0.561592	-0.478755
8.195	0.953012	7.26335	1.14446	0.563462	-0.478724
8.2	0.950932	7.2679	1.14165	0.565334	-0.478683
8.205	0.948839	7.27244	1.13882	0.56721	-0.478632
8.21	0.946732	7.27697	1.13598	0.569088	-0.47857
8.215	0.944613	7.2815	1.13314	0.570969	-0.478499
8.22	0.942481	7.28602	1.13028	0.572854	-0.478417
8.225	0.940336	7.29054	1.12742	0.574741	-0.478326
8.23	0.938178	7.29505	1.12455	0.57663	-0.478224
8.235	0.936008	7.29955	1.12166	0.578523	-0.478111
8.24	0.933824	7.30405	1.11877	0.580419	-0.477988
8.245	0.931627	7.30854	1.11587	0.582318	-0.477855
8.25	0.929417	7.31303	1.11296	0.58422	-0.477712
8.255	0.927193	7.31751	1.11004	0.586124	-0.477558
8.26	0.924957	7.32198	1.10711	0.588032	-0.477393
8.265	0.922708	7.32644	1.10417	0.589943	-0.477217
8.27	0.920445	7.3309	1.10122	0.591857	-0.477031
8.275	0.918169	7.33535	1.09826	0.593774	-0.476835
8.28	0.91588	7.3398	1.09529	0.595694	-0.476627
8.285	0.913578	7.34424	1.09231	0.597617	-0.476409
8.29	0.911263	7.34867	1.08932	0.599543	-0.47618
8.295	0.908934	7.35309	1.08632	0.601473	-0.47594
8.3	0.906592	7.35751	1.08332	0.603405	-0.475689
8.305	0.904237	7.36192	1.0803	0.605341	-0.475427
8.31	0.901868	7.36633	1.07727	0.60728	-0.475153
8.315	0.899486	7.37072	1.07424	0.609223	-0.474869
8.32	0.897091	7.37511	1.07119	0.611168	-0.474574
8.325	0.894682	7.37949	1.06813	0.613117	-0.474267
8.33	0.89226	7.38387	1.06507	0.615069	-0.473949
8.335	0.889824	7.38823	1.06199	0.617025	-0.47362
8.34	0.887375	7.39259	1.05891	0.618984	-0.47328
8.345	0.884912	7.39694	1.05581	0.620946	-0.472928
8.35	0.882436	7.40129	1.05271	0.622912	-0.472564
8.355	0.879947	7.40562	1.04959	0.624881	-0.472189
8.36	0.877443	7.40995	1.04647	0.626854	-0.471803
8.365	0.874927	7.41427	1.04333	0.62883	-0.471405
8.37	0.872396	7.41858	1.04019	0.63081	-0.470995
8.375	0.869853	7.42289	1.03704	0.632793	-0.470573
8.38	0.867295	7.42719	1.03387	0.63478	-0.47014
8.385	0.864724	7.43147	1.0307	0.63677	-0.469695
8.39	0.862139	7.43575	1.02751	0.638765	-0.469238
8.395	0.859541	7.44003	1.02432	0.640762	-0.46877
8.4	0.856929	7.44429	1.02112	0.642764	-0.468289
8.405	0.854303	7.44854	1.0179	0.644769	-0.467796
8.41	0.851664	7.45279	1.01468	0.646778	-0.467292
8.415	0.84901	7.45703	1.01145	0.648791	-0.466775
8.42	0.846343	7.46126	1.0082	0.650808	-0.466246
8.425	0.843663	7.46548	1.00495	0.652828	-0.465705
8.43	0.840968	7.46969	1.00168	0.654853	-0.465152
8.435	0.83826	7.47389	0.998409	0.656881	-0.464586
8.44	0.835538	7.47809	0.995125	0.658913	-0.464008
8.445	0.832802	7.48227	0.99183	0.660949	-0.463418
8.45	0.830053	7.48645	0.988525	0.66299	-0.462815
8.455	0.827289	7.49062	0.98521	0.665034	-0.4622
8.46	0.824512	7.49477	0.981885	0.667083	-0.461572
8.465	0.821721	7.49892	0.97855	0.669135	-0.460932
8.47	0.818916	7.50306	0.975204	0.671192	-0.460279
8.475	0.816097	7.50719	0.971848	0.673253	-0.459614
8.48	0.813264	7.51131	0.968482	0.675319	-0.458936
8.485	0.810418	7.51542	0.965105	0.677389	-0.458245
8.49	0.807557	7.51952	0.961718	0.679463	-0.457541
8.495	0.804683	7.52361	0.958321	0.681541	-0.456825
8.5	0.801794	7.5277	0.954913	0.683624	-0.456096
8.505	0.798892	7.53177	0.951495	0.685711	-0.455353
8.51	0.795976	7.53583	0.948067	0.687803	-0.454598
8.515	0.793045	7.53988	0.944628	0.6899	-0.45383
8.52	0.790101	7.54392	0.941178	0.692001	-0.453049
8.525	0.787143	7.54795	0.937718	0.694106	-0.452255
8.53	0.784171	7.55197	0.934248	0.696217	-0.451447
8.535	0.781185	7.55598	0.930767	0.698332	-0.450627
8.54	0.778185	7.55998	0.927275	0.700452	-0.449793
8.545	0.775171	7.56397	0.923773	0.702577	-0.448946
8.55	0.772143	7.56795	0.92026	0.704707	-0.448086
8.555	0.769101	7.57192	0.916736	0.706842	-0.447212
8.56	0.766044	7.57588	0.913202	0.708982	-0.446325
8.565	0.762974	7.57982	0.909657	0.711126	-0.445424
8.57	0.75989	7.58376	0.906101	0.713277	-0.444511
8.575	0.756792	7.58768	0.902535	0.715432	-0.443583
8.58	0.75368	7.5916	0.898958	0.717592	-0.442642
8.585	0.750554	7.5955	0.89537	0.719758	-0.441688
8.59	0.747414	7.59939	0.891771	0.721929	-0.440719
8.595	0.74426	7.60327	0.888161	0.724106	-0.439738
8.6	0.741091	7.60714	0.884541	0.726288	-0.438742
8.605	0.737909	7.61099	0.88091	0.728476	-0.437733
8.61	0.734713	7.61484	0.877267	0.730669	-0.43671
8.615	0.731502	7.61867	0.873614	0.732868	-0.435673
8.62	0.728278	7.62249	0.869949	0.735073	-0.434622
8.625	0.72504	7.6263	0.866274	0.737283	-0.433557
8.63	0.721787	7.6301	0.862588	0.7395	-0.432479
8.635	0.718521	7.63389	0.85889	0.741722	-0.431386
8.64	0.715241	7.63766	0.855182	0.743951	-0.430279
8.645	0.711946	7.64142	0.851462	0.746185	-0.429159
8.65	0.708638	7.64517	0.847731	0.748426	-0.428024
8.655	0.705315	7.64891	0.843989	0.750673	-0.426875
8.66	0.701979	7.65263	0.840235	0.752927	-0.425712
8.665	0.698628	7.65634	0.836471	0.755187	-0.424535
8.67	0.695264	7.66004	0.832695	0.757453	-0.423343
8.675	0.691886	7.66373	0.828908	0.759726	-0.422137
8.68	0.688493	7.6674	0.825109	0.762006	-0.420917
8.685	0.685087	7.67106	0.821299	0.764292	-0.419683
8.69	0.681667	7.67471	0.817477	0.766586	-0.418434
8.695	0.678232	7.67834	0.813645	0.768886	-0.417171
8.7	0.674784	7.68196	0.8098	0.771193	-0.415893
8.705	0.671322	7.68557	0.805944	0.773508	-0.414601
8.71	0.667846	7.68916	0.802077	0.77583	-0.413295
8.715	0.664356	7.69274	0.798197	0.778159	-0.411973
8.72	0.660852	7.69631	0.794307	0.780496	-0.410638
8.725	0.657334	7.69986	0.790404	0.78284	-0.409287
8.73	0.653803	7.7034	0.78649	0.785192	-0.407922
8.735	0.650257	7.70693	0.782564	0.787551	-0.406542
8.74	0.646698	7.71044	0.778626	0.789919	-0.405148
8.745	0.643124	7.71394	0.774677	0.792295	-0.403739
8.75	0.639537	7.71742	0.770715	0.794678	-0.402315
8.755	0.635936	7.72089	0.766742	0.79707	-0.400876
8.76	0.632322	7.72434	0.762756	0.799471	-0.399423
8.765	0.628693	7.72778	0.758759	0.801879	-0.397954
8.77	0.625051	7.73121	0.75475	0.804297	-0.396471
8.775	0.621395	7.73462	0.750728	0.806723	-0.394973
8.78	0.617725	7.73802	0.746695	0.809158	-0.393459
8.785	0.614042	7.7414	0.742649	0.811602	-0.391931
8.79	0.610345	7.74476	0.738591	0.814056	-0.390388
8.795	0.606634	7.74812	0.73452	0.816518	-0.38883
8.8	0.60291	7.75145	0.730438	0.818991	-0.387256
8.805	0.599172	7.75477	0.726343	0.821472	-0.385668
8.81	0.59542	7.75808	0.722236	0.823964	-0.384064
8.815	0.591655	7.76137	0.718116	0.826465	-0.382446
8.82	0.587876	7.76464	0.713983	0.828977	-0.380812
8.825	0.584084	7.7679	0.709839	0.831499	-0.379163
8.83	0.580278	7.77114	0.705681	0.834031	-0.377498
8.835	0.576459	7.77437	0.701511	0.836574	-0.375819
8.84	0.572626	7.77758	0.697328	0.839128	-0.374124
8.845	0.568779	7.78078	0.693132	0.841692	-0.372413
8.85	0.56492	7.78395	0.688924	0.844268	-0.370688
8.855	0.561047	7.78712	0.684703	0.846855	-0.368947
8.86	0.55716	7.79026	0.680468	0.849454	-0.367191
8.865	0.553261	7.79339	0.676221	0.852065	-0.365419
8.87	0.549348	7.7965	0.671961	0.854687	-0.363632
8.875	0.545421	7.7996	0.667687	0.857322	-0.361829
8.88	0.541482	7.80268	0.663401	0.859969	-0.360011
8.885	0.537529	7.80574	0.659101	0.862629	-0.358177
8.89	0.533563	7.80879	0.654788	0.865302	-0.356328
8.895	0.529584	7.81181	0.650461	0.867987	-0.354463
8.9	0.525592	7.81482	0.646121	0.870687	-0.352582
8.905	0.521587	7.81782	0.641768	0.873399	-0.350686
8.91	0.517569	7.82079	0.637401	0.876126	-0.348775
8.915	0.513537	7.82375	0.63302	0.878867	-0.346847
8.92	0.509493	7.82669	0.628626	0.881622	-0.344904
8.925	0.505436	7.82961	0.624218	0.884392	-0.342945
8.93	0.501366	7.83252	0.619796	0.887177	-0.340971
8.935	0.497283	7.8354	0.61536	0.889978	-0.33898
8.94	0.493188	7.83827	0.61091	0.892794	-0.336974
8.945	0.489079	7.84112	0.606446	0.895626	-0.334952
8.95	0.484958	7.84395	0.601968	0.898474	-0.332915
8.955	0.480824	7.84677	0.597476	0.901339	-0.330861
8.96	0.476678	7.84956	0.592969	0.904221	-0.328791
8.965	0.472519	7.85233	0.588448	0.90712	-0.326706
8.97	0.468347	7.85509	0.583912	0.910036	-0.324604
8.975	0.464163	7.85783	0.579362	0.912971	-0.322487
8.98	0.459967	7.86055	0.574797	0.915925	-0.320354
8.985	0.455758	7.86325	0.570217	0.918897	-0.318204
8.99	0.451537	7.86593	0.565623	0.921889	-0.316039
8.995	0.447303	7.86859	0.561014	0.9249	-0.313857
9	0.443057	7.87123	0.556389	0.927931	-0.311659
9.005	0.438799	7.87385	0.551749	0.930984	-0.309446
9.01	0.434529	7.87645	0.547094	0.934057	-0.307216
9.015	0.430247	7.87903	0.542424	0.937152	-0.304969
9.02	0.425952	7.88159	0.537738	0.940269	-0.302707
9.025	0.421646	7.88413	0.533037	0.943409	-0.300428
9.03	0.417328	7.88665	0.52832	0.946572	-0.298133
9.035	0.412998	7.88915	0.523587	0.949758	-0.295822
9.04	0.408656	7.89163	0.518838	0.95297	-0.293495
9.045	0.404302	7.89409	0.514074	0.956206	-0.291151
9.05	0.399936	7.89653	0.509293	0.959468	-0.28879
9.055	0.395559	7.89894	0.504495	0.962756	-0.286414
9.06	0.391171	7.90134	0.499681	0.966071	-0.28402
9.065	0.38677	7.90371	0.494851	0.969414	-0.281611
9.07	0.382359	7.90607	0.490004	0.972785	-0.279184
9.075	0.377936	7.9084	0.48514	0.976185	-0.276741
9.08	0.373501	7.91071	0.480259	0.979616	-0.274282
9.085	0.369056	7.913	0.475361	0.983077	-0.271805
9.09	0.364599	7.91526	0.470446	0.98657	-0.269312
9.095	0.360131	7.91751	0.465513	0.990095	-0.266803
9.1	0.355652	7.91973	0.460562	0.993654	-0.264276
9.105	0.351162	7.92193	0.455594	0.997247	-0.261733
9.11	0.346661	7.92411	0.450608	1.00088	-0.259172
9.115	0.342149	7.92626	0.445603	1.00454	-0.256595
9.12	0.337627	7.9284	0.440581	1.00824	-0.254001
9.125	0.333094	7.93051	0.43554	1.01199	-0.25139
9.13	0.32855	7.93259	0.43048	1.01577	-0.248761
9.135	0.323995	7.93466	0.425401	1.01959	-0.246115
9.14	0.319431	7.9367	0.420303	1.02346	-0.243453
9.145	0.314855	7.93871	0.415186	1.02736	-0.240772
9.15	0.31027	7.94071	0.410049	1.03132	-0.238075
9.155	0.305674	7.94267	0.404892	1.03532	-0.23536
9.16	0.301068	7.94462	0.399716	1.03937	-0.232627
9.165	0.296452	7.94654	0.394519	1.04347	-0.229877
9.17	0.291826	7.94844	0.389301	1.04762	-0.227109
9.175	0.287191	7.95031	0.384063	1.05183	-0.224323
9.18	0.282545	7.95216	0.378804	1.05609	-0.221519
9.185	0.27789	7.95399	0.373524	1.06041	-0.218698
9.19	0.273225	7.95579	0.368222	1.06478	-0.215858
9.195	0.268551	7.95756	0.362898	1.06922	-0.213
9.2	0.263867	7.95931	0.357552	1.07373	-0.210124
9.205	0.259174	7.96104	0.352183	1.0783	-0.207229
9.21	0.254471	7.96274	0.346791	1.08294	-0.204316
9.215	0.24976	7.96441	0.341377	1.08765	-0.201384
9.22	0.245039	7.96606	0.335938	1.09244	-0.198433
9.225	0.24031	7.96768	0.330476	1.09731	-0.195463
9.23	0.235572	7.96928	0.32499	1.10226	-0.192475
9.235	0.230825	7.97085	0.319478	1.10729	-0.189466
9.24	0.226069	7.97239	0.313942	1.11241	-0.186439
9.245	0.221305	7.97391	0.30838	1.11763	-0.183392
9.25	0.216532	7.9754	0.302792	1.12294	-0.180324
9.255	0.211752	7.97686	0.297177	1.12836	-0.177237
9.26	0.206963	7.9783	0.291535	1.13388	-0.17413
9.265	0.202166	7.97971	0.285866	1.13952	-0.171002
9.27	0.197361	7.98109	0.280168	1.14527	-0.167853
9.275	0.192548	7.98245	0.274442	1.15115	-0.164683
9.28	0.187727	7.98378	0.268686	1.15715	-0.161492
9.285	0.182899	7.98508	0.2629	1.1633	-0.15828
9.29	0.178063	7.98635	0.257084	1.16959	-0.155045
9.295	0.17322	7.98759	0.251236	1.17604	-0.151788
9.3	0.16837	7.9888	0.245356	1.18265	-0.148509
9.305	0.163513	7.98999	0.239443	1.18943	-0.145207
9.31	0.158648	7.99115	0.233495	1.19639	-0.141881
9.315	0.153777	7.99227	0.227514	1.20356	-0.138531
9.32	0.148899	7.99337	0.221496	1.21093	-0.135157
9.325	0.144015	7.99444	0.215441	1.21852	-0.131759
9.33	0.139124	7.99548	0.209349	1.22635	-0.128334
9.335	0.134227	7.99649	0.203217	1.23444	-0.124884
9.34	0.129324	7.99747	0.197045	1.2428	-0.121408
9.345	0.124414	7.99842	0.190831	1.25147	-0.117904
9.35	0.119499	7.99934	0.184573	1.26045	-0.114372
9.355	0.114579	8.00022	0.178271	1.26978	-0.110811
9.36	0.109652	8.00108	0.171922	1.2795	-0.10722
9.365	0.104721	8.0019	0.165525	1.28963	-0.103599
9.37	0.0997837	8.00269	0.159076	1.30021	-0.0999463
9.375	0.0948418	8.00345	0.152575	1.3113	-0.0962605
9.38	0.089895	8.00418	0.146019	1.32295	-0.0925406
9.385	0.0849435	8.00488	0.139404	1.33522	-0.0887853
9.39	0.0799875	8.00554	0.132728	1.34818	-0.0849929
9.395	0.0750271	8.00617	0.125987	1.36193	-0.0811618
9.4	0.0700626	8.00676	0.119177	1.37657	-0.0772901
9.405	0.0650941	8.00732	0.112295	1.39223	-0.0733758
9.41	0.0601218	8.00785	0.105333	1.40908	-0.0694165
9.415	0.0551459	8.00834	0.0982881	1.42731	-0.0654096
9.42	0.0501667	8.00879	0.0911515	1.44719	-0.0613522
9.425	0.0451843	8.00921	0.0839156	1.46905	-0.0572412
9.43	0.0401989	8.00959	0.0765703	1.49337	-0.0530731
9.435	0.0352108	8.00994	0.0691035	1.52077	-0.0488444
9.44	0.0302203	8.01025	0.0614996	1.5522	-0.0445517
9.445	0.0252275	8.01051	0.0537386	1.58911	-0.0401931
9.45	0.0202328	8.01074	0.045793	1.63393	-0.0357708
9.455	0.0152363	8.01093	0.0376234	1.69122	-0.0313003
9.46	0.0102384	8.01108	0.0291673	1.77138	-0.0268441
9.465	0.00523945	8.01118	0.0203104	1.90777	-0.0226913
9.47	0.000239737	8.01123	0.0107715	2.35371	-0.021668
