descriptor s_test R_test Z_test
0	1.66966	9.99999e-06	0.002	-0.402021	-0.00161646
0.005	1.66466	3.00505e-05	0.0040101	-0.404044	-0.00324941
0.01	1.65966	6.02019e-05	0.00603033	-0.406072	-0.00489885
0.015	1.65466	0.000100505	0.00806068	-0.408102	-0.0065648
0.02	1.64966	0.00015101	0.0101012	-0.410136	-0.0082473
0.025	1.64466	0.000211768	0.0121519	-0.412173	-0.00994634
0.03	1.63966	0.000282829	0.0142127	-0.414214	-0.0116619
0.035	1.63466	0.000364245	0.0162838	-0.416258	-0.0133941
0.04	1.62966	0.000456065	0.0183651	-0.418307	-0.0151429
0.045	1.62466	0.000558341	0.0204566	-0.420359	-0.0169084
0.05	1.61967	0.000671123	0.0225584	-0.422415	-0.0186904
0.055	1.61467	0.000794463	0.0246705	-0.424475	-0.0204891
0.06	1.60967	0.000928412	0.0267929	-0.426539	-0.0223045
0.065	1.60467	0.00107302	0.0289256	-0.428607	-0.0241365
0.07	1.59967	0.00122834	0.0310686	-0.430679	-0.0259853
0.075	1.59468	0.00139442	0.033222	-0.432756	-0.0278507
0.08	1.58968	0.00157131	0.0353858	-0.434837	-0.0297329
0.085	1.58468	0.00175906	0.03756	-0.436923	-0.0316319
0.09	1.57969	0.00195773	0.0397446	-0.439014	-0.0335476
0.095	1.57469	0.00216737	0.0419396	-0.441109	-0.0354801
0.1	1.5697	0.00238803	0.0441452	-0.443209	-0.0374293
0.105	1.5647	0.00261975	0.0463612	-0.445313	-0.0393954
0.11	1.55971	0.00286259	0.0485878	-0.447423	-0.0413783
0.115	1.55471	0.00311661	0.0508249	-0.449538	-0.043378
0.12	1.54972	0.00338185	0.0530726	-0.451658	-0.0453946
0.125	1.54473	0.00365836	0.0553309	-0.453784	-0.047428
0.13	1.53974	0.0039462	0.0575998	-0.455914	-0.0494784
0.135	1.53475	0.00424542	0.0598794	-0.45805	-0.0515456
0.14	1.52976	0.00455607	0.0621696	-0.460192	-0.0536297
0.145	1.52477	0.0048782	0.0644706	-0.46234	-0.0557307
0.15	1.51978	0.00521186	0.0667823	-0.464493	-0.0578487
0.155	1.51479	0.00555711	0.0691048	-0.466652	-0.0599836
0.16	1.5098	0.00591399	0.071438	-0.468818	-0.0621354
0.165	1.50482	0.00628257	0.0737821	-0.470989	-0.0643043
0.17	1.49983	0.00666289	0.0761371	-0.473167	-0.0664901
0.175	1.49485	0.007055	0.0785029	-0.475351	-0.0686929
0.18	1.48986	0.00745896	0.0808796	-0.477541	-0.0709127
0.185	1.48488	0.00787481	0.0832673	-0.479738	-0.0731496
0.19	1.4799	0.00830262	0.085666	-0.481942	-0.0754034
0.195	1.47492	0.00874243	0.0880757	-0.484152	-0.0776744
0.2	1.46994	0.00919429	0.0904965	-0.48637	-0.0799623
0.205	1.46496	0.00965827	0.0929283	-0.488594	-0.0822674
0.21	1.45998	0.0101344	0.0953713	-0.490826	-0.0845895
0.215	1.45501	0.0106227	0.0978255	-0.493065	-0.0869287
0.22	1.45003	0.0111234	0.100291	-0.495311	-0.089285
0.225	1.44506	0.0116363	0.102767	-0.497565	-0.0916584
0.23	1.44008	0.0121616	0.105255	-0.499826	-0.094049
0.235	1.43511	0.0126993	0.107754	-0.502095	-0.0964567
0.24	1.43014	0.0132495	0.110265	-0.504372	-0.0988815
0.245	1.42518	0.0138123	0.112787	-0.506657	-0.101323
0.25	1.42021	0.0143876	0.11532	-0.508951	-0.103783
0.255	1.41524	0.0149756	0.117865	-0.511252	-0.106259
0.26	1.41028	0.0155762	0.120421	-0.513562	-0.108752
0.265	1.40532	0.0161896	0.122989	-0.515881	-0.111263
0.27	1.40036	0.0168158	0.125568	-0.518208	-0.113791
0.275	1.3954	0.0174548	0.128159	-0.520544	-0.116336
0.28	1.39044	0.0181068	0.130762	-0.522889	-0.118899
0.285	1.38549	0.0187717	0.133376	-0.525243	-0.121478
0.29	1.38053	0.0194496	0.136003	-0.527607	-0.124075
0.295	1.37558	0.0201406	0.138641	-0.52998	-0.126689
0.3	1.37063	0.0208447	0.141291	-0.532362	-0.12932
0.305	1.36568	0.021562	0.143952	-0.534754	-0.131969
0.31	1.36073	0.0222925	0.146626	-0.537156	-0.134635
0.315	1.35579	0.0230363	0.149312	-0.539568	-0.137318
0.32	1.35085	0.0237934	0.15201	-0.54199	-0.140018
0.325	1.34591	0.0245639	0.15472	-0.544423	-0.142736
0.33	1.34097	0.0253479	0.157442	-0.546865	-0.145471
0.335	1.33603	0.0261453	0.160176	-0.549319	-0.148223
0.34	1.3311	0.0269563	0.162923	-0.551783	-0.150993
0.345	1.32617	0.027781	0.165682	-0.554258	-0.15378
0.35	1.32124	0.0286193	0.168453	-0.556744	-0.156584
0.355	1.31631	0.0294713	0.171237	-0.559242	-0.159406
0.36	1.31139	0.030337	0.174033	-0.561751	-0.162245
0.365	1.30647	0.0312166	0.176842	-0.564271	-0.165101
0.37	1.30155	0.0321101	0.179663	-0.566804	-0.167975
0.375	1.29663	0.0330176	0.182497	-0.569348	-0.170866
0.38	1.29171	0.033939	0.185344	-0.571904	-0.173774
0.385	1.2868	0.0348745	0.188203	-0.574473	-0.1767
0.39	1.28189	0.035824	0.191076	-0.577054	-0.179643
0.395	1.27699	0.0367878	0.193961	-0.579648	-0.182604
0.4	1.27208	0.0377657	0.196859	-0.582254	-0.185581
0.405	1.26718	0.0387579	0.19977	-0.584874	-0.188577
0.41	1.26229	0.0397645	0.202695	-0.587507	-0.191589
0.415	1.25739	0.0407854	0.205632	-0.590153	-0.194619
0.42	1.2525	0.0418208	0.208583	-0.592813	-0.197666
0.425	1.24761	0.0428707	0.211547	-0.595486	-0.200731
0.43	1.24273	0.0439351	0.214525	-0.598173	-0.203813
0.435	1.23784	0.0450141	0.217515	-0.600875	-0.206913
0.44	1.23296	0.0461078	0.22052	-0.603591	-0.210029
0.445	1.22809	0.0472162	0.223538	-0.606322	-0.213164
0.45	1.22322	0.0483394	0.226569	-0.609067	-0.216315
0.455	1.21835	0.0494774	0.229615	-0.611827	-0.219484
0.46	1.21348	0.0506303	0.232674	-0.614602	-0.222671
0.465	1.20862	0.0517981	0.235747	-0.617393	-0.225874
0.47	1.20376	0.052981	0.238834	-0.6202	-0.229095
0.475	1.19891	0.0541789	0.241935	-0.623022	-0.232334
0.48	1.19406	0.0553919	0.24505	-0.62586	-0.235589
0.485	1.18921	0.0566201	0.248179	-0.628714	-0.238863
0.49	1.18437	0.0578635	0.251323	-0.631585	-0.242153
0.495	1.17953	0.0591222	0.254481	-0.634472	-0.245461
0.5	1.17469	0.0603963	0.257653	-0.637377	-0.248786
0.505	1.16986	0.0616858	0.26084	-0.640298	-0.252128
0.51	1.16504	0.0629907	0.264041	-0.643237	-0.255488
0.515	1.16021	0.0643111	0.267258	-0.646194	-0.258865
0.52	1.1554	0.0656471	0.270489	-0.649168	-0.262259
0.525	1.15058	0.0669988	0.273734	-0.65216	-0.265671
0.53	1.14577	0.0683661	0.276995	-0.65517	-0.2691
0.535	1.14097	0.0697492	0.280271	-0.658199	-0.272546
0.54	1.13617	0.0711481	0.283562	-0.661247	-0.276009
0.545	1.13137	0.0725628	0.286868	-0.664314	-0.27949
0.55	1.12658	0.0739935	0.29019	-0.6674	-0.282988
0.555	1.1218	0.0754401	0.293527	-0.670506	-0.286502
0.56	1.11701	0.0769028	0.296879	-0.673631	-0.290035
0.565	1.11224	0.0783816	0.300247	-0.676776	-0.293584
0.57	1.10747	0.0798765	0.303631	-0.679942	-0.29715
0.575	1.1027	0.0813877	0.307031	-0.683128	-0.300734
0.58	1.09794	0.0829151	0.310447	-0.686334	-0.304334
0.585	1.09318	0.0844589	0.313878	-0.689562	-0.307952
0.59	1.08843	0.086019	0.317326	-0.692811	-0.311587
0.595	1.08369	0.0875956	0.32079	-0.696082	-0.315238
0.6	1.07895	0.0891887	0.324271	-0.699374	-0.318907
0.605	1.07421	0.0907983	0.327767	-0.702689	-0.322593
0.61	1.06949	0.0924246	0.331281	-0.706025	-0.326295
0.615	1.06476	0.0940675	0.334811	-0.709385	-0.330014
0.62	1.06005	0.0957272	0.338358	-0.712767	-0.333751
0.625	1.05534	0.0974037	0.341922	-0.716173	-0.337504
0.63	1.05063	0.0990971	0.345503	-0.719602	-0.341274
0.635	1.04593	0.100807	0.349101	-0.723054	-0.34506
0.64	1.04124	0.102535	0.352716	-0.726531	-0.348863
0.645	1.03656	0.104279	0.356349	-0.730032	-0.352683
0.65	1.03188	0.10604	0.359999	-0.733558	-0.35652
0.655	1.0272	0.107819	0.363667	-0.737108	-0.360373
0.66	1.02254	0.109614	0.367352	-0.740684	-0.364243
0.665	1.01788	0.111427	0.371056	-0.744285	-0.368129
0.67	1.01322	0.113258	0.374777	-0.747912	-0.372031
0.675	1.00858	0.115105	0.378516	-0.751565	-0.37595
0.68	1.00394	0.116971	0.382274	-0.755244	-0.379885
0.685	0.999308	0.118853	0.386051	-0.758949	-0.383836
0.69	0.994683	0.120754	0.389845	-0.762682	-0.387804
0.695	0.990065	0.122671	0.393659	-0.766442	-0.391787
0.7	0.985455	0.124607	0.397491	-0.770229	-0.395787
0.705	0.980852	0.12656	0.401342	-0.774044	-0.399802
0.71	0.976257	0.128531	0.405212	-0.777887	-0.403834
0.715	0.97167	0.13052	0.409102	-0.781759	-0.407881
0.72	0.96709	0.132527	0.413011	-0.785659	-0.411944
0.725	0.962519	0.134552	0.416939	-0.789588	-0.416022
0.73	0.957955	0.136595	0.420887	-0.793547	-0.420116
0.735	0.953399	0.138656	0.424855	-0.797535	-0.424226
0.74	0.948852	0.140735	0.428842	-0.801553	-0.428351
0.745	0.944313	0.142832	0.43285	-0.805601	-0.432491
0.75	0.939783	0.144948	0.436878	-0.809679	-0.436646
0.755	0.935261	0.147081	0.440926	-0.813789	-0.440816
0.76	0.930748	0.149234	0.444995	-0.817929	-0.445002
0.765	0.926244	0.151404	0.449085	-0.822101	-0.449202
0.77	0.921749	0.153594	0.453195	-0.826304	-0.453417
0.775	0.917262	0.155801	0.457327	-0.830539	-0.457646
0.78	0.912785	0.158028	0.46148	-0.834806	-0.46189
0.785	0.908318	0.160273	0.465654	-0.839106	-0.466148
0.79	0.90386	0.162537	0.469849	-0.843439	-0.47042
0.795	0.899411	0.164819	0.474066	-0.847805	-0.474707
0.8	0.894972	0.16712	0.478305	-0.852204	-0.479007
0.805	0.890543	0.169441	0.482566	-0.856636	-0.483321
0.81	0.886124	0.17178	0.48685	-0.861103	-0.487648
0.815	0.881715	0.174138	0.491155	-0.865603	-0.491989
0.82	0.877316	0.176515	0.495483	-0.870138	-0.496343
0.825	0.872928	0.178912	0.499834	-0.874708	-0.500711
0.83	0.86855	0.181327	0.504207	-0.879312	-0.505091
0.835	0.864183	0.183762	0.508604	-0.883952	-0.509484
0.84	0.859827	0.186216	0.513024	-0.888627	-0.513889
0.845	0.855481	0.18869	0.517467	-0.893337	-0.518307
0.85	0.851147	0.191182	0.521934	-0.898083	-0.522737
0.855	0.846824	0.193695	0.526424	-0.902866	-0.527178
0.86	0.842512	0.196226	0.530938	-0.907684	-0.531631
0.865	0.838212	0.198778	0.535477	-0.912539	-0.536096
0.87	0.833924	0.201349	0.540039	-0.917431	-0.540572
0.875	0.829647	0.203939	0.544627	-0.92236	-0.545059
0.88	0.825383	0.206549	0.549238	-0.927325	-0.549556
0.885	0.82113	0.209179	0.553875	-0.932328	-0.554064
0.89	0.81689	0.211829	0.558537	-0.937368	-0.558582
0.895	0.812662	0.214498	0.563223	-0.942445	-0.56311
0.9	0.808447	0.217188	0.567936	-0.94756	-0.567647
0.905	0.804245	0.219897	0.572673	-0.952712	-0.572194
0.91	0.800056	0.222627	0.577437	-0.957903	-0.576749
0.915	0.795879	0.225376	0.582227	-0.963131	-0.581313
0.92	0.791717	0.228146	0.587042	-0.968397	-0.585886
0.925	0.787567	0.230935	0.591884	-0.973701	-0.590466
0.93	0.783431	0.233745	0.596753	-0.979043	-0.595054
0.935	0.779309	0.236575	0.601648	-0.984424	-0.59965
0.94	0.775201	0.239425	0.60657	-0.989842	-0.604252
0.945	0.771107	0.242296	0.611519	-0.995298	-0.60886
0.95	0.767028	0.245187	0.616496	-1.00079	-0.613475
0.955	0.762963	0.248098	0.6215	-1.00632	-0.618095
0.96	0.758913	0.25103	0.626531	-1.01189	-0.622721
0.965	0.754877	0.253982	0.631591	-1.0175	-0.627351
0.97	0.750857	0.256955	0.636678	-1.02315	-0.631986
0.975	0.746852	0.259948	0.641794	-1.02883	-0.636624
0.98	0.742862	0.262961	0.646938	-1.03455	-0.641266
0.985	0.738888	0.265996	0.652111	-1.04031	-0.645911
0.99	0.73493	0.269051	0.657312	-1.0461	-0.650558
0.995	0.730988	0.272126	0.662543	-1.05193	-0.655207
1	0.727062	0.275223	0.667803	-1.0578	-0.659858
1.005	0.723152	0.27834	0.673092	-1.0637	-0.664509
1.01	0.719259	0.281477	0.67841	-1.06964	-0.66916
1.015	0.715383	0.284636	0.683758	-1.07561	-0.673811
1.02	0.711524	0.287815	0.689136	-1.08162	-0.678461
1.025	0.707683	0.291016	0.694544	-1.08766	-0.68311
1.03	0.703858	0.294237	0.699983	-1.09373	-0.687756
1.035	0.700052	0.297478	0.705451	-1.09984	-0.692399
1.04	0.696263	0.300741	0.710951	-1.10599	-0.697039
1.045	0.692492	0.304025	0.716481	-1.11216	-0.701674
1.05	0.68874	0.30733	0.722041	-1.11836	-0.706305
1.055	0.685006	0.310655	0.727633	-1.1246	-0.71093
1.06	0.681291	0.314002	0.733256	-1.13086	-0.715548
1.065	0.677595	0.317369	0.73891	-1.13716	-0.720159
1.07	0.673919	0.320757	0.744596	-1.14348	-0.724763
1.075	0.670261	0.324167	0.750314	-1.14983	-0.729357
1.08	0.666623	0.327597	0.756063	-1.1562	-0.733942
1.085	0.663006	0.331048	0.761844	-1.1626	-0.738516
1.09	0.659408	0.334521	0.767657	-1.16902	-0.743079
1.095	0.655831	0.338014	0.773502	-1.17547	-0.74763
1.1	0.652274	0.341528	0.779379	-1.18194	-0.752167
1.105	0.648738	0.345063	0.785289	-1.18843	-0.75669
1.11	0.645223	0.348619	0.791231	-1.19494	-0.761199
1.115	0.64173	0.352196	0.797206	-1.20146	-0.765691
1.12	0.638258	0.355794	0.803213	-1.208	-0.770166
1.125	0.634807	0.359413	0.809253	-1.21456	-0.774623
1.13	0.631379	0.363053	0.815326	-1.22113	-0.779061
1.135	0.627973	0.366713	0.821432	-1.22771	-0.783479
1.14	0.62459	0.370395	0.82757	-1.2343	-0.787875
1.145	0.621229	0.374097	0.833741	-1.24089	-0.792249
1.15	0.617892	0.37782	0.839946	-1.24749	-0.7966
1.155	0.614578	0.381564	0.846183	-1.2541	-0.800925
1.16	0.611287	0.385328	0.852454	-1.26071	-0.805225
1.165	0.60802	0.389114	0.858757	-1.26732	-0.809497
1.17	0.604777	0.392919	0.865094	-1.27392	-0.813742
1.175	0.601559	0.396746	0.871464	-1.28052	-0.817956
1.18	0.598365	0.400593	0.877866	-1.28711	-0.82214
1.185	0.595196	0.40446	0.884302	-1.29369	-0.826291
1.19	0.592052	0.408348	0.89077	-1.30026	-0.830408
1.195	0.588933	0.412256	0.897272	-1.30682	-0.834491
1.2	0.58584	0.416184	0.903806	-1.31335	-0.838537
1.205	0.582772	0.420133	0.910372	-1.31987	-0.842546
1.21	0.579731	0.424102	0.916972	-1.32636	-0.846515
1.215	0.576716	0.428091	0.923604	-1.33282	-0.850444
1.22	0.573728	0.432099	0.930268	-1.33926	-0.85433
1.225	0.570767	0.436128	0.936964	-1.34566	-0.858173
1.23	0.567833	0.440177	0.943692	-1.35203	-0.861971
1.235	0.564927	0.444245	0.950452	-1.35835	-0.865722
1.24	0.562048	0.448333	0.957244	-1.36463	-0.869425
1.245	0.559197	0.452441	0.964067	-1.37087	-0.873079
1.25	0.556374	0.456568	0.970922	-1.37705	-0.87668
1.255	0.55358	0.460714	0.977807	-1.38318	-0.880229
1.26	0.550814	0.46488	0.984723	-1.38925	-0.883723
1.265	0.548078	0.469065	0.991669	-1.39526	-0.887161
1.27	0.545371	0.473268	0.998645	-1.4012	-0.890542
1.275	0.542693	0.477491	1.00565	-1.40708	-0.893862
1.28	0.540045	0.481732	1.01269	-1.41288	-0.897121
1.285	0.537427	0.485992	1.01975	-1.4186	-0.900318
1.29	0.53484	0.49027	1.02684	-1.42423	-0.90345
1.295	0.532283	0.494567	1.03397	-1.42978	-0.906515
1.3	0.529756	0.498882	1.04111	-1.43524	-0.909513
1.305	0.527261	0.503215	1.04829	-1.4406	-0.91244
1.31	0.524797	0.507566	1.05549	-1.44586	-0.915296
1.315	0.522365	0.511934	1.06272	-1.45101	-0.918079
1.32	0.519964	0.51632	1.06998	-1.45605	-0.920787
1.325	0.517595	0.520723	1.07726	-1.46098	-0.923419
1.33	0.515259	0.525144	1.08456	-1.46579	-0.925972
1.335	0.512955	0.529581	1.09189	-1.47047	-0.928445
1.34	0.510683	0.534036	1.09924	-1.47502	-0.930836
1.345	0.508445	0.538507	1.10662	-1.47944	-0.933143
1.35	0.506239	0.542994	1.11402	-1.48371	-0.935366
1.355	0.504068	0.547498	1.12144	-1.48785	-0.937501
1.36	0.501929	0.552017	1.12887	-1.49183	-0.939548
1.365	0.499825	0.556553	1.13633	-1.49565	-0.941505
1.37	0.497754	0.561104	1.14381	-1.49932	-0.94337
1.375	0.495717	0.56567	1.15131	-1.50282	-0.945142
1.38	0.493715	0.570252	1.15882	-1.50616	-0.946819
1.385	0.491748	0.574849	1.16635	-1.50931	-0.948399
1.39	0.489815	0.57946	1.1739	-1.51229	-0.949882
1.395	0.487917	0.584086	1.18146	-1.51508	-0.951264
1.4	0.486054	0.588726	1.18904	-1.51768	-0.952546
1.405	0.484227	0.59338	1.19662	-1.52009	-0.953726
1.41	0.482435	0.598048	1.20423	-1.5223	-0.954802
1.415	0.480678	0.602729	1.21184	-1.52431	-0.955773
1.42	0.478958	0.607423	1.21946	-1.52611	-0.956637
1.425	0.477273	0.612131	1.22709	-1.52769	-0.957394
1.43	0.475624	0.616851	1.23473	-1.52906	-0.958042
1.435	0.474011	0.621584	1.24237	-1.53021	-0.95858
1.44	0.472434	0.626329	1.25002	-1.53113	-0.959008
1.445	0.470894	0.631086	1.25768	-1.53182	-0.959323
1.45	0.469391	0.635854	1.26534	-1.53228	-0.959525
1.455	0.467924	0.640634	1.273	-1.5325	-0.959613
1.46	0.466493	0.645425	1.28066	-1.53249	-0.959587
1.465	0.4651	0.650227	1.28832	-1.53223	-0.959445
1.47	0.463743	0.65504	1.29599	-1.53172	-0.959187
1.475	0.462423	0.659862	1.30364	-1.53096	-0.958812
1.48	0.46114	0.664695	1.3113	-1.52995	-0.95832
1.485	0.459894	0.669537	1.31895	-1.52869	-0.95771
1.49	0.458685	0.674389	1.32659	-1.52716	-0.956981
1.495	0.457513	0.67925	1.33423	-1.52538	-0.956133
1.5	0.456378	0.684119	1.34186	-1.52334	-0.955167
1.505	0.455281	0.688997	1.34947	-1.52103	-0.954082
1.51	0.45422	0.693883	1.35708	-1.51846	-0.952877
1.515	0.453197	0.698777	1.36467	-1.51562	-0.951552
1.52	0.452211	0.703679	1.37225	-1.51251	-0.950109
1.525	0.451262	0.708588	1.37981	-1.50914	-0.948546
1.53	0.45035	0.713504	1.38736	-1.50549	-0.946864
1.535	0.449475	0.718427	1.39488	-1.50158	-0.945064
1.54	0.448636	0.723357	1.40239	-1.4974	-0.943145
1.545	0.447835	0.728292	1.40988	-1.49295	-0.941108
1.55	0.447071	0.733233	1.41734	-1.48824	-0.938954
1.555	0.446344	0.73818	1.42478	-1.48325	-0.936683
1.56	0.445653	0.743132	1.4322	-1.478	-0.934297
1.565	0.444999	0.748089	1.43959	-1.47249	-0.931794
1.57	0.444381	0.753051	1.44695	-1.46671	-0.929178
1.575	0.4438	0.758017	1.45429	-1.46067	-0.926448
1.58	0.443255	0.762987	1.46159	-1.45437	-0.923605
1.585	0.442746	0.767961	1.46886	-1.44782	-0.920651
1.59	0.442273	0.772939	1.4761	-1.44101	-0.917587
1.595	0.441836	0.77792	1.48331	-1.43394	-0.914413
1.6	0.441435	0.782903	1.49048	-1.42663	-0.911132
1.605	0.44107	0.78789	1.49761	-1.41908	-0.907745
1.61	0.440739	0.792879	1.5047	-1.41128	-0.904252
1.615	0.440444	0.79787	1.51176	-1.40325	-0.900656
1.62	0.440184	0.802864	1.51878	-1.39498	-0.896958
1.625	0.439959	0.807859	1.52575	-1.38648	-0.89316
1.63	0.439769	0.812855	1.53268	-1.37775	-0.889263
1.635	0.439613	0.817853	1.53957	-1.36881	-0.88527
1.64	0.439491	0.822851	1.54642	-1.35964	-0.881181
1.645	0.439403	0.82785	1.55322	-1.35027	-0.876999
1.65	0.439349	0.83285	1.55997	-1.34069	-0.872726
1.655	0.439328	0.83785	1.56667	-1.33091	-0.868363
1.66	0.439341	0.84285	1.57332	-1.32094	-0.863913
1.665	0.439386	0.84785	1.57993	-1.31077	-0.859377
1.67	0.439465	0.852849	1.58648	-1.30042	-0.854758
1.675	0.439576	0.857848	1.59299	-1.28989	-0.850057
1.68	0.439719	0.862846	1.59943	-1.27919	-0.845277
1.685	0.439894	0.867843	1.60583	-1.26832	-0.84042
1.69	0.440101	0.872838	1.61217	-1.2573	-0.835488
1.695	0.440339	0.877833	1.61846	-1.24611	-0.830483
1.7	0.440608	0.882826	1.62469	-1.23478	-0.825408
1.705	0.440909	0.887817	1.63086	-1.22331	-0.820264
1.71	0.441239	0.892806	1.63698	-1.2117	-0.815054
1.715	0.4416	0.897793	1.64304	-1.19996	-0.80978
1.72	0.441991	0.902777	1.64904	-1.1881	-0.804445
1.725	0.442411	0.907759	1.65498	-1.17612	-0.799049
1.73	0.442861	0.912739	1.66086	-1.16404	-0.793597
1.735	0.44334	0.917716	1.66668	-1.15185	-0.788089
1.74	0.443847	0.92269	1.67244	-1.13956	-0.782529
1.745	0.444383	0.927662	1.67814	-1.12718	-0.776918
1.75	0.444946	0.93263	1.68377	-1.11471	-0.771259
1.755	0.445538	0.937595	1.68935	-1.10217	-0.765554
1.76	0.446157	0.942556	1.69486	-1.08955	-0.759805
1.765	0.446802	0.947514	1.7003	-1.07687	-0.754014
1.77	0.447475	0.952469	1.70569	-1.06412	-0.748183
1.775	0.448173	0.95742	1.71101	-1.05133	-0.742315
1.78	0.448898	0.962367	1.71627	-1.03848	-0.736412
1.785	0.449649	0.96731	1.72146	-1.02559	-0.730476
1.79	0.450424	0.97225	1.72659	-1.01267	-0.724508
1.795	0.451225	0.977185	1.73165	-0.999712	-0.718511
1.8	0.452051	0.982117	1.73665	-0.986731	-0.712487
1.805	0.452901	0.987044	1.74158	-0.97373	-0.706438
1.81	0.453774	0.991967	1.74645	-0.960715	-0.700366
1.815	0.454672	0.996886	1.75125	-0.94769	-0.694273
1.82	0.455592	1.0018	1.75599	-0.934662	-0.68816
1.825	0.456536	1.00671	1.76067	-0.921634	-0.68203
1.83	0.457502	1.01162	1.76527	-0.908612	-0.675884
1.835	0.458491	1.01652	1.76982	-0.895601	-0.669724
1.84	0.459501	1.02141	1.77429	-0.882605	-0.663553
1.845	0.460533	1.02631	1.77871	-0.869629	-0.657371
1.85	0.461587	1.03119	1.78306	-0.856677	-0.65118
1.855	0.462661	1.03608	1.78734	-0.843754	-0.644982
1.86	0.463756	1.04096	1.79156	-0.830864	-0.638779
1.865	0.464871	1.04583	1.79571	-0.81801	-0.632572
1.87	0.466006	1.0507	1.7998	-0.805196	-0.626363
1.875	0.467161	1.05556	1.80383	-0.792427	-0.620153
1.88	0.468335	1.06043	1.80779	-0.779706	-0.613944
1.885	0.469527	1.06528	1.81169	-0.767036	-0.607736
1.89	0.470739	1.07013	1.81552	-0.754422	-0.601533
1.895	0.471969	1.07498	1.8193	-0.741865	-0.595334
1.9	0.473216	1.07982	1.82301	-0.729369	-0.589141
1.905	0.474482	1.08466	1.82665	-0.716937	-0.582955
1.91	0.475764	1.08949	1.83024	-0.704572	-0.576778
1.915	0.477064	1.09432	1.83376	-0.692277	-0.570611
1.92	0.478381	1.09914	1.83722	-0.680054	-0.564454
1.925	0.479713	1.10396	1.84062	-0.667906	-0.55831
1.93	0.481062	1.10878	1.84396	-0.655835	-0.552179
1.935	0.482427	1.11359	1.84724	-0.643843	-0.546062
1.94	0.483807	1.11839	1.85046	-0.631932	-0.53996
1.945	0.485203	1.12319	1.85362	-0.620105	-0.533874
1.95	0.486613	1.12799	1.85672	-0.608364	-0.527805
1.955	0.488038	1.13278	1.85976	-0.596709	-0.521755
1.96	0.489477	1.13757	1.86275	-0.585143	-0.515723
1.965	0.49093	1.14235	1.86567	-0.573667	-0.50971
1.97	0.492397	1.14713	1.86854	-0.562284	-0.503718
1.975	0.493877	1.15191	1.87135	-0.550993	-0.497747
1.98	0.49537	1.15668	1.87411	-0.539797	-0.491799
1.985	0.496876	1.16145	1.8768	-0.528697	-0.485873
1.99	0.498395	1.16621	1.87945	-0.517693	-0.47997
1.995	0.499927	1.17097	1.88204	-0.506787	-0.474091
2	0.50147	1.17573	1.88457	-0.495979	-0.468237
2.005	0.503025	1.18048	1.88705	-0.485272	-0.462408
2.01	0.504591	1.18523	1.88948	-0.474664	-0.456604
2.015	0.506169	1.18997	1.89185	-0.464157	-0.450827
2.02	0.507758	1.19472	1.89417	-0.453752	-0.445077
2.025	0.509358	1.19945	1.89644	-0.443449	-0.439354
2.03	0.510968	1.20419	1.89866	-0.433248	-0.433658
2.035	0.512588	1.20892	1.90082	-0.42315	-0.427991
2.04	0.514219	1.21364	1.90294	-0.413155	-0.422352
2.045	0.515859	1.21837	1.905	-0.403264	-0.416742
2.05	0.517508	1.22309	1.90702	-0.393476	-0.411162
2.055	0.519167	1.2278	1.90899	-0.383792	-0.405611
2.06	0.520835	1.23252	1.91091	-0.374212	-0.40009
2.065	0.522512	1.23723	1.91278	-0.364736	-0.394599
2.07	0.524197	1.24193	1.9146	-0.355364	-0.389139
2.075	0.525891	1.24664	1.91638	-0.346095	-0.38371
2.08	0.527593	1.25134	1.91811	-0.33693	-0.378311
2.085	0.529303	1.25604	1.91979	-0.327868	-0.372944
2.09	0.53102	1.26073	1.92143	-0.318909	-0.367608
2.095	0.532745	1.26543	1.92303	-0.310054	-0.362304
2.1	0.534477	1.27012	1.92458	-0.301301	-0.357032
2.105	0.536217	1.27481	1.92608	-0.292651	-0.351791
2.11	0.537963	1.27949	1.92755	-0.284102	-0.346583
2.115	0.539716	1.28417	1.92897	-0.275655	-0.341407
2.12	0.541475	1.28885	1.93035	-0.267309	-0.336264
2.125	0.543241	1.29353	1.93168	-0.259064	-0.331152
2.13	0.545012	1.29821	1.93298	-0.250919	-0.326074
2.135	0.54679	1.30288	1.93423	-0.242874	-0.321028
2.14	0.548573	1.30755	1.93545	-0.234928	-0.316014
2.145	0.550361	1.31222	1.93662	-0.22708	-0.311034
2.15	0.552155	1.31689	1.93776	-0.21933	-0.306086
2.155	0.553954	1.32155	1.93885	-0.211678	-0.30117
2.16	0.555758	1.32622	1.93991	-0.204122	-0.296288
2.165	0.557567	1.33088	1.94093	-0.196662	-0.291438
2.17	0.55938	1.33554	1.94192	-0.189298	-0.286622
2.175	0.561198	1.3402	1.94286	-0.182028	-0.281838
2.18	0.56302	1.34485	1.94377	-0.174852	-0.277086
2.185	0.564846	1.34951	1.94465	-0.16777	-0.272368
2.19	0.566676	1.35416	1.94549	-0.16078	-0.267682
2.195	0.568509	1.35881	1.94629	-0.153881	-0.263029
2.2	0.570347	1.36346	1.94706	-0.147074	-0.258408
2.205	0.572187	1.36811	1.9478	-0.140357	-0.25382
2.21	0.574031	1.37276	1.9485	-0.13373	-0.249264
2.215	0.575878	1.3774	1.94917	-0.127191	-0.244741
2.22	0.577728	1.38205	1.9498	-0.12074	-0.24025
2.225	0.579581	1.38669	1.95041	-0.114376	-0.235791
2.23	0.581437	1.39134	1.95098	-0.108098	-0.231365
2.235	0.583295	1.39598	1.95152	-0.101907	-0.22697
2.24	0.585155	1.40062	1.95203	-0.0957992	-0.222608
2.245	0.587017	1.40526	1.95251	-0.0897758	-0.218277
2.25	0.588882	1.4099	1.95296	-0.0838355	-0.213978
2.255	0.590749	1.41454	1.95337	-0.0779774	-0.20971
2.26	0.592617	1.41918	1.95376	-0.0722007	-0.205474
2.265	0.594487	1.42381	1.95413	-0.0665046	-0.201269
2.27	0.596359	1.42845	1.95446	-0.0608884	-0.197096
2.275	0.598232	1.43308	1.95476	-0.055351	-0.192953
2.28	0.600106	1.43772	1.95504	-0.0498919	-0.188842
2.285	0.601981	1.44236	1.95529	-0.04451	-0.184761
2.29	0.603858	1.44699	1.95551	-0.0392046	-0.180711
2.295	0.605735	1.45162	1.95571	-0.0339749	-0.176692
2.3	0.607613	1.45626	1.95588	-0.0288201	-0.172703
2.305	0.609492	1.46089	1.95602	-0.0237393	-0.168744
2.31	0.611372	1.46552	1.95614	-0.0187318	-0.164816
2.315	0.613251	1.47016	1.95623	-0.0137966	-0.160917
2.32	0.615131	1.47479	1.9563	-0.00893314	-0.157048
2.325	0.617012	1.47942	1.95635	-0.00414045	-0.153209
2.33	0.618892	1.48406	1.95637	0.000582202	-0.149399
2.335	0.620773	1.48869	1.95636	0.00523563	-0.145618
2.34	0.622653	1.49332	1.95634	0.00982061	-0.141867
2.345	0.624533	1.49796	1.95629	0.0143379	-0.138144
2.35	0.626413	1.50259	1.95622	0.0187884	-0.134451
2.355	0.628292	1.50722	1.95612	0.0231727	-0.130786
2.36	0.630171	1.51186	1.95601	0.0274917	-0.12715
2.365	0.632049	1.51649	1.95587	0.0317462	-0.123542
2.37	0.633927	1.52112	1.95571	0.0359368	-0.119962
2.375	0.635803	1.52576	1.95553	0.0400644	-0.11641
2.38	0.637679	1.53039	1.95533	0.0441296	-0.112886
2.385	0.639553	1.53503	1.95511	0.0481333	-0.109389
2.39	0.641427	1.53966	1.95487	0.0520761	-0.105921
2.395	0.643299	1.5443	1.95461	0.0559588	-0.102479
2.4	0.64517	1.54894	1.95433	0.0597821	-0.0990646
2.405	0.64704	1.55357	1.95403	0.0635467	-0.0956772
2.41	0.648908	1.55821	1.95371	0.0672534	-0.0923166
2.415	0.650775	1.56285	1.95338	0.0709028	-0.0889827
2.42	0.652639	1.56749	1.95302	0.0744956	-0.0856753
2.425	0.654503	1.57213	1.95265	0.0780325	-0.0823941
2.43	0.656364	1.57677	1.95226	0.0815143	-0.0791392
2.435	0.658224	1.58141	1.95185	0.0849415	-0.0759102
2.44	0.660081	1.58605	1.95143	0.0883148	-0.072707
2.445	0.661937	1.5907	1.95099	0.091635	-0.0695295
2.45	0.66379	1.59534	1.95053	0.0949026	-0.0663774
2.455	0.665641	1.59999	1.95005	0.0981183	-0.0632506
2.46	0.66749	1.60463	1.94956	0.101283	-0.060149
2.465	0.669336	1.60928	1.94906	0.104397	-0.0570724
2.47	0.671181	1.61393	1.94853	0.10746	-0.0540205
2.475	0.673022	1.61857	1.948	0.110475	-0.0509934
2.48	0.674861	1.62322	1.94745	0.11344	-0.0479907
2.485	0.676698	1.62787	1.94688	0.116358	-0.0450123
2.49	0.678531	1.63253	1.9463	0.119228	-0.042058
2.495	0.680362	1.63718	1.9457	0.122051	-0.0391278
2.5	0.68219	1.64183	1.94509	0.124828	-0.0362213
2.505	0.684015	1.64649	1.94447	0.127558	-0.0333386
2.51	0.685838	1.65114	1.94383	0.130244	-0.0304793
2.515	0.687657	1.6558	1.94318	0.132885	-0.0276434
2.52	0.689473	1.66046	1.94251	0.135482	-0.0248307
2.525	0.691286	1.66512	1.94183	0.138035	-0.022041
2.53	0.693096	1.66978	1.94114	0.140545	-0.0192742
2.535	0.694902	1.67444	1.94044	0.143013	-0.0165301
2.54	0.696705	1.67911	1.93973	0.145439	-0.0138086
2.545	0.698505	1.68377	1.939	0.147824	-0.0111094
2.55	0.700301	1.68844	1.93826	0.150167	-0.00843254
2.555	0.702094	1.6931	1.93751	0.15247	-0.00577775
2.56	0.703883	1.69777	1.93675	0.154734	-0.00314491
2.565	0.705669	1.70244	1.93597	0.156958	-0.000533857
2.57	0.70745	1.70712	1.93519	0.159143	0.00205555
2.575	0.709229	1.71179	1.93439	0.16129	0.00462345
2.58	0.711003	1.71646	1.93359	0.163398	0.00717002
2.585	0.712774	1.72114	1.93277	0.16547	0.00969538
2.59	0.71454	1.72582	1.93194	0.167504	0.0121997
2.595	0.716303	1.7305	1.93111	0.169502	0.0146831
2.6	0.718062	1.73518	1.93026	0.171464	0.0171457
2.605	0.719817	1.73986	1.9294	0.17339	0.0195877
2.61	0.721568	1.74454	1.92853	0.175282	0.0220093
2.615	0.723314	1.74923	1.92766	0.177138	0.0244105
2.62	0.725057	1.75391	1.92677	0.17896	0.0267915
2.625	0.726795	1.7586	1.92588	0.180749	0.0291524
2.63	0.728529	1.76329	1.92497	0.182504	0.0314935
2.635	0.730259	1.76798	1.92406	0.184226	0.0338147
2.64	0.731985	1.77267	1.92314	0.185915	0.0361163
2.645	0.733706	1.77737	1.92221	0.187572	0.0383984
2.65	0.735422	1.78206	1.92127	0.189198	0.0406611
2.655	0.737135	1.78676	1.92033	0.190792	0.0429046
2.66	0.738842	1.79146	1.91937	0.192355	0.045129
2.665	0.740546	1.79616	1.91841	0.193887	0.0473344
2.67	0.742244	1.80087	1.91744	0.19539	0.049521
2.675	0.743939	1.80557	1.91646	0.196862	0.0516888
2.68	0.745628	1.81028	1.91548	0.198305	0.0538381
2.685	0.747313	1.81498	1.91449	0.199719	0.0559689
2.69	0.748993	1.81969	1.91349	0.201104	0.0580813
2.695	0.750668	1.8244	1.91248	0.202461	0.0601756
2.7	0.752339	1.82912	1.91147	0.20379	0.0622518
2.705	0.754005	1.83383	1.91045	0.205091	0.06431
2.71	0.755666	1.83855	1.90943	0.206364	0.0663504
2.715	0.757322	1.84326	1.90839	0.207611	0.0683731
2.72	0.758973	1.84798	1.90736	0.208831	0.0703782
2.725	0.76062	1.8527	1.90631	0.210025	0.0723658
2.73	0.762261	1.85743	1.90526	0.211192	0.074336
2.735	0.763897	1.86215	1.90421	0.212334	0.0762891
2.74	0.765529	1.86688	1.90314	0.213451	0.078225
2.745	0.767155	1.87161	1.90208	0.214542	0.0801439
2.75	0.768776	1.87634	1.901	0.215609	0.082046
2.755	0.770392	1.88107	1.89993	0.216651	0.0839312
2.76	0.772003	1.8858	1.89884	0.21767	0.0857998
2.765	0.773609	1.89054	1.89776	0.218664	0.0876519
2.77	0.775209	1.89527	1.89666	0.219635	0.0894876
2.775	0.776805	1.90001	1.89556	0.220582	0.0913069
2.78	0.778395	1.90475	1.89446	0.221506	0.09311
2.785	0.77998	1.90949	1.89335	0.222408	0.094897
2.79	0.78156	1.91424	1.89224	0.223287	0.096668
2.795	0.783134	1.91898	1.89112	0.224144	0.0984232
2.8	0.784703	1.92373	1.89	0.22498	0.100163
2.805	0.786267	1.92848	1.88888	0.225793	0.101886
2.81	0.787825	1.93323	1.88775	0.226585	0.103594
2.815	0.789378	1.93798	1.88662	0.227356	0.105287
2.82	0.790926	1.94274	1.88548	0.228106	0.106964
2.825	0.792468	1.9475	1.88434	0.228836	0.108626
2.83	0.794005	1.95225	1.8832	0.229545	0.110273
2.835	0.795536	1.95701	1.88205	0.230234	0.111905
2.84	0.797062	1.96177	1.8809	0.230904	0.113522
2.845	0.798582	1.96654	1.87974	0.231553	0.115124
2.85	0.800097	1.9713	1.87858	0.232183	0.116711
2.855	0.801606	1.97607	1.87742	0.232794	0.118284
2.86	0.80311	1.98084	1.87626	0.233386	0.119842
2.865	0.804608	1.98561	1.87509	0.23396	0.121386
2.87	0.8061	1.99038	1.87392	0.234515	0.122915
2.875	0.807587	1.99515	1.87275	0.235051	0.12443
2.88	0.809069	1.99993	1.87158	0.23557	0.125931
2.885	0.810544	2.00471	1.8704	0.236071	0.127418
2.89	0.812014	2.00949	1.86922	0.236554	0.12889
2.895	0.813479	2.01427	1.86803	0.237019	0.130349
2.9	0.814938	2.01905	1.86685	0.237468	0.131794
2.905	0.816391	2.02383	1.86566	0.237899	0.133226
2.91	0.817838	2.02862	1.86447	0.238314	0.134643
2.915	0.81928	2.03341	1.86328	0.238712	0.136048
2.92	0.820716	2.0382	1.86209	0.239094	0.137438
2.925	0.822146	2.04299	1.86089	0.239459	0.138816
2.93	0.82357	2.04778	1.85969	0.239809	0.14018
2.935	0.824989	2.05257	1.8585	0.240142	0.141531
2.94	0.826402	2.05737	1.85729	0.24046	0.142868
2.945	0.827809	2.06217	1.85609	0.240763	0.144193
2.95	0.829211	2.06697	1.85489	0.24105	0.145505
2.955	0.830606	2.07177	1.85368	0.241322	0.146804
2.96	0.831996	2.07657	1.85248	0.241579	0.14809
2.965	0.83338	2.08138	1.85127	0.241821	0.149364
2.97	0.834758	2.08618	1.85006	0.242049	0.150625
2.975	0.836131	2.09099	1.84885	0.242262	0.151873
2.98	0.837497	2.0958	1.84764	0.242462	0.15311
2.985	0.838858	2.10061	1.84643	0.242647	0.154333
2.99	0.840213	2.10543	1.84521	0.242818	0.155545
2.995	0.841562	2.11024	1.844	0.242975	0.156744
3	0.842905	2.11506	1.84278	0.243119	0.157931
3.005	0.844243	2.11987	1.84157	0.243249	0.159106
3.01	0.845574	2.12469	1.84035	0.243366	0.160269
3.015	0.8469	2.12951	1.83913	0.24347	0.16142
3.02	0.84822	2.13434	1.83792	0.243561	0.16256
3.025	0.849534	2.13916	1.8367	0.243639	0.163687
3.03	0.850842	2.14399	1.83548	0.243704	0.164803
3.035	0.852144	2.14881	1.83426	0.243757	0.165908
3.04	0.85344	2.15364	1.83304	0.243797	0.167001
3.045	0.85473	2.15847	1.83183	0.243825	0.168082
3.05	0.856015	2.16331	1.83061	0.243841	0.169152
3.055	0.857293	2.16814	1.82939	0.243845	0.170211
3.06	0.858566	2.17298	1.82817	0.243837	0.171259
3.065	0.859833	2.17781	1.82695	0.243818	0.172295
3.07	0.861094	2.18265	1.82573	0.243786	0.17332
3.075	0.862349	2.18749	1.82451	0.243744	0.174335
3.08	0.863598	2.19233	1.82329	0.24369	0.175338
3.085	0.864841	2.19718	1.82207	0.243625	0.176331
3.09	0.866078	2.20202	1.82086	0.243549	0.177312
3.095	0.86731	2.20687	1.81964	0.243462	0.178283
3.1	0.868535	2.21171	1.81842	0.243364	0.179244
3.105	0.869755	2.21656	1.8172	0.243255	0.180193
3.11	0.870969	2.22141	1.81599	0.243136	0.181133
3.115	0.872177	2.22626	1.81477	0.243006	0.182061
3.12	0.873379	2.23112	1.81356	0.242867	0.18298
3.125	0.874575	2.23597	1.81234	0.242716	0.183888
3.13	0.875765	2.24083	1.81113	0.242556	0.184786
3.135	0.876949	2.24569	1.80992	0.242386	0.185673
3.14	0.878127	2.25055	1.8087	0.242206	0.18655
3.145	0.8793	2.25541	1.80749	0.242016	0.187418
3.15	0.880466	2.26027	1.80628	0.241816	0.188275
3.155	0.881627	2.26513	1.80507	0.241607	0.189122
3.16	0.882782	2.27	1.80387	0.241389	0.18996
3.165	0.883931	2.27486	1.80266	0.241161	0.190787
3.17	0.885074	2.27973	1.80145	0.240924	0.191605
3.175	0.886211	2.2846	1.80025	0.240678	0.192413
3.18	0.887342	2.28947	1.79904	0.240422	0.193212
3.185	0.888468	2.29434	1.79784	0.240158	0.194001
3.19	0.889588	2.29921	1.79664	0.239885	0.19478
3.195	0.890701	2.30409	1.79544	0.239603	0.19555
3.2	0.891809	2.30896	1.79424	0.239313	0.196311
3.205	0.892912	2.31384	1.79305	0.239014	0.197062
3.21	0.894008	2.31872	1.79185	0.238707	0.197804
3.215	0.895098	2.3236	1.79066	0.238391	0.198536
3.22	0.896183	2.32848	1.78947	0.238067	0.19926
3.225	0.897262	2.33336	1.78828	0.237735	0.199974
3.23	0.898335	2.33825	1.78709	0.237395	0.20068
3.235	0.899402	2.34313	1.7859	0.237047	0.201376
3.24	0.900464	2.34802	1.78472	0.236691	0.202063
3.245	0.901519	2.35291	1.78353	0.236327	0.202742
3.25	0.902569	2.35779	1.78235	0.235956	0.203411
3.255	0.903613	2.36268	1.78117	0.235577	0.204072
3.26	0.904652	2.36757	1.77999	0.23519	0.204724
3.265	0.905684	2.37247	1.77882	0.234796	0.205367
3.27	0.906711	2.37736	1.77764	0.234394	0.206002
3.275	0.907732	2.38225	1.77647	0.233986	0.206628
3.28	0.908748	2.38715	1.7753	0.23357	0.207246
3.285	0.909757	2.39205	1.77413	0.233146	0.207855
3.29	0.910761	2.39695	1.77297	0.232716	0.208456
3.295	0.91176	2.40184	1.7718	0.232279	0.209048
3.3	0.912752	2.40674	1.77064	0.231835	0.209632
3.305	0.913739	2.41165	1.76948	0.231384	0.210208
3.31	0.91472	2.41655	1.76833	0.230926	0.210776
3.315	0.915696	2.42145	1.76717	0.230462	0.211335
3.32	0.916666	2.42636	1.76602	0.229991	0.211886
3.325	0.91763	2.43126	1.76487	0.229514	0.21243
3.33	0.918589	2.43617	1.76372	0.22903	0.212965
3.335	0.919542	2.44108	1.76258	0.22854	0.213492
3.34	0.920489	2.44599	1.76143	0.228043	0.214011
3.345	0.921431	2.4509	1.76029	0.22754	0.214523
3.35	0.922367	2.45581	1.75916	0.227031	0.215027
3.355	0.923298	2.46072	1.75802	0.226516	0.215522
3.36	0.924223	2.46564	1.75689	0.225995	0.216011
3.365	0.925143	2.47055	1.75576	0.225468	0.216491
3.37	0.926057	2.47547	1.75463	0.224935	0.216964
3.375	0.926965	2.48038	1.75351	0.224397	0.217429
3.38	0.927868	2.4853	1.75238	0.223852	0.217887
3.385	0.928765	2.49022	1.75127	0.223302	0.218337
3.39	0.929657	2.49514	1.75015	0.222746	0.21878
3.395	0.930544	2.50006	1.74903	0.222185	0.219215
3.4	0.931425	2.50498	1.74792	0.221618	0.219643
3.405	0.932301	2.50991	1.74682	0.221045	0.220064
3.41	0.933171	2.51483	1.74571	0.220468	0.220477
3.415	0.934035	2.51975	1.74461	0.219885	0.220883
3.42	0.934895	2.52468	1.74351	0.219296	0.221282
3.425	0.935748	2.52961	1.74241	0.218703	0.221674
3.43	0.936597	2.53453	1.74132	0.218104	0.222059
3.435	0.93744	2.53946	1.74023	0.2175	0.222436
3.44	0.938278	2.54439	1.73914	0.216892	0.222807
3.445	0.93911	2.54932	1.73806	0.216278	0.223171
3.45	0.939937	2.55425	1.73697	0.215659	0.223528
3.455	0.940759	2.55919	1.7359	0.215036	0.223877
3.46	0.941575	2.56412	1.73482	0.214407	0.22422
3.465	0.942387	2.56905	1.73375	0.213774	0.224557
3.47	0.943193	2.57399	1.73268	0.213137	0.224886
3.475	0.943993	2.57892	1.73161	0.212494	0.225209
3.48	0.944789	2.58386	1.73055	0.211847	0.225525
3.485	0.945579	2.5888	1.72949	0.211196	0.225834
3.49	0.946364	2.59373	1.72844	0.21054	0.226137
3.495	0.947143	2.59867	1.72738	0.20988	0.226433
3.5	0.947918	2.60361	1.72634	0.209215	0.226723
3.505	0.948687	2.60855	1.72529	0.208546	0.227006
3.51	0.949452	2.61349	1.72425	0.207873	0.227283
3.515	0.950211	2.61844	1.72321	0.207195	0.227553
3.52	0.950965	2.62338	1.72217	0.206514	0.227817
3.525	0.951714	2.62832	1.72114	0.205828	0.228075
3.53	0.952457	2.63327	1.72011	0.205138	0.228326
3.535	0.953196	2.63821	1.71908	0.204444	0.228571
3.54	0.95393	2.64316	1.71806	0.203746	0.22881
3.545	0.954658	2.6481	1.71704	0.203045	0.229042
3.55	0.955382	2.65305	1.71603	0.202339	0.229269
3.555	0.956101	2.658	1.71502	0.20163	0.229489
3.56	0.956814	2.66295	1.71401	0.200916	0.229703
3.565	0.957523	2.6679	1.713	0.200199	0.229912
3.57	0.958227	2.67285	1.712	0.199479	0.230114
3.575	0.958925	2.6778	1.711	0.198754	0.23031
3.58	0.959619	2.68275	1.71001	0.198027	0.2305
3.585	0.960308	2.6877	1.70902	0.197295	0.230685
3.59	0.960992	2.69266	1.70803	0.19656	0.230863
3.595	0.961671	2.69761	1.70705	0.195822	0.231036
3.6	0.962345	2.70256	1.70607	0.19508	0.231203
3.605	0.963015	2.70752	1.7051	0.194335	0.231364
3.61	0.96368	2.71247	1.70413	0.193586	0.231519
3.615	0.964339	2.71743	1.70316	0.192835	0.231669
3.62	0.964995	2.72239	1.70219	0.19208	0.231813
3.625	0.965645	2.72735	1.70123	0.191321	0.231952
3.63	0.966291	2.7323	1.70028	0.19056	0.232084
3.635	0.966931	2.73726	1.69932	0.189796	0.232212
3.64	0.967568	2.74222	1.69837	0.189028	0.232333
3.645	0.968199	2.74718	1.69743	0.188257	0.232449
3.65	0.968826	2.75214	1.69649	0.187484	0.23256
3.655	0.969448	2.7571	1.69555	0.186707	0.232665
3.66	0.970065	2.76207	1.69462	0.185928	0.232765
3.665	0.970678	2.76703	1.69369	0.185145	0.23286
3.67	0.971287	2.77199	1.69276	0.18436	0.232949
3.675	0.97189	2.77695	1.69184	0.183572	0.233033
3.68	0.97249	2.78192	1.69092	0.182781	0.233111
3.685	0.973084	2.78688	1.69001	0.181988	0.233184
3.69	0.973674	2.79185	1.6891	0.181192	0.233252
3.695	0.97426	2.79681	1.68819	0.180393	0.233315
3.7	0.974841	2.80178	1.68729	0.179591	0.233373
3.705	0.975418	2.80675	1.68639	0.178787	0.233425
3.71	0.97599	2.81171	1.6855	0.177981	0.233473
3.715	0.976558	2.81668	1.68461	0.177172	0.233515
3.72	0.977121	2.82165	1.68372	0.17636	0.233553
3.725	0.977681	2.82662	1.68284	0.175547	0.233585
3.73	0.978235	2.83159	1.68196	0.17473	0.233612
3.735	0.978786	2.83656	1.68109	0.173912	0.233634
3.74	0.979332	2.84153	1.68022	0.173091	0.233652
3.745	0.979873	2.8465	1.67935	0.172267	0.233664
3.75	0.980411	2.85147	1.67849	0.171442	0.233672
3.755	0.980944	2.85644	1.67764	0.170614	0.233675
3.76	0.981473	2.86141	1.67678	0.169784	0.233672
3.765	0.981998	2.86638	1.67593	0.168952	0.233666
3.77	0.982518	2.87136	1.67509	0.168118	0.233654
3.775	0.983034	2.87633	1.67425	0.167282	0.233637
3.78	0.983547	2.8813	1.67341	0.166444	0.233616
3.785	0.984055	2.88628	1.67258	0.165604	0.23359
3.79	0.984559	2.89125	1.67175	0.164762	0.23356
3.795	0.985058	2.89623	1.67093	0.163918	0.233525
3.8	0.985554	2.9012	1.67011	0.163072	0.233485
3.805	0.986046	2.90618	1.66929	0.162224	0.233441
3.81	0.986533	2.91115	1.66848	0.161374	0.233392
3.815	0.987017	2.91613	1.66768	0.160523	0.233338
3.82	0.987497	2.92111	1.66687	0.159669	0.23328
3.825	0.987972	2.92609	1.66607	0.158814	0.233218
3.83	0.988444	2.93106	1.66528	0.157958	0.233151
3.835	0.988912	2.93604	1.66449	0.157099	0.23308
3.84	0.989376	2.94102	1.6637	0.156239	0.233004
3.845	0.989836	2.946	1.66292	0.155378	0.232924
3.85	0.990292	2.95098	1.66215	0.154515	0.232839
3.855	0.990744	2.95596	1.66137	0.15365	0.23275
3.86	0.991193	2.96094	1.66061	0.152784	0.232657
3.865	0.991637	2.96592	1.65984	0.151916	0.232559
3.87	0.992078	2.9709	1.65908	0.151047	0.232458
3.875	0.992515	2.97588	1.65833	0.150176	0.232352
3.88	0.992948	2.98086	1.65758	0.149304	0.232241
3.885	0.993378	2.98584	1.65683	0.148431	0.232127
3.89	0.993804	2.99082	1.65609	0.147557	0.232008
3.895	0.994226	2.99581	1.65535	0.146681	0.231885
3.9	0.994645	3.00079	1.65462	0.145803	0.231758
3.905	0.99506	3.00577	1.65389	0.144925	0.231627
3.91	0.995471	3.01075	1.65316	0.144045	0.231492
3.915	0.995879	3.01574	1.65244	0.143165	0.231353
3.92	0.996283	3.02072	1.65173	0.142283	0.231209
3.925	0.996684	3.0257	1.65102	0.1414	0.231062
3.93	0.997081	3.03069	1.65031	0.140515	0.230911
3.935	0.997475	3.03567	1.64961	0.13963	0.230755
3.94	0.997865	3.04066	1.64891	0.138744	0.230596
3.945	0.998251	3.04564	1.64821	0.137857	0.230433
3.95	0.998635	3.05063	1.64752	0.136969	0.230265
3.955	0.999015	3.05561	1.64684	0.13608	0.230094
3.96	0.999391	3.0606	1.64616	0.13519	0.229919
3.965	0.999764	3.06559	1.64548	0.134299	0.22974
3.97	1.00013	3.07057	1.64481	0.133407	0.229558
3.975	1.0005	3.07556	1.64414	0.132514	0.229371
3.98	1.00086	3.08055	1.64348	0.131621	0.229181
3.985	1.00122	3.08553	1.64282	0.130727	0.228986
3.99	1.00158	3.09052	1.64217	0.129832	0.228788
3.995	1.00193	3.09551	1.64152	0.128936	0.228587
4	1.00228	3.10049	1.64088	0.12804	0.228381
4.005	1.00263	3.10548	1.64024	0.127143	0.228172
4.01	1.00297	3.11047	1.6396	0.126245	0.227959
4.015	1.00331	3.11546	1.63897	0.125347	0.227743
4.02	1.00365	3.12045	1.63834	0.124449	0.227523
4.025	1.00399	3.12544	1.63772	0.123549	0.227299
4.03	1.00432	3.13043	1.6371	0.12265	0.227071
4.035	1.00465	3.13541	1.63649	0.121749	0.22684
4.04	1.00497	3.1404	1.63588	0.120849	0.226606
4.045	1.00529	3.14539	1.63528	0.119947	0.226367
4.05	1.00561	3.15038	1.63468	0.119046	0.226126
4.055	1.00593	3.15537	1.63408	0.118144	0.22588
4.06	1.00624	3.16036	1.63349	0.117242	0.225631
4.065	1.00655	3.16535	1.6329	0.116339	0.225379
4.07	1.00686	3.17034	1.63232	0.115436	0.225123
4.075	1.00716	3.17534	1.63175	0.114533	0.224864
4.08	1.00747	3.18033	1.63117	0.11363	0.224601
4.085	1.00776	3.18532	1.6306	0.112726	0.224335
4.09	1.00806	3.19031	1.63004	0.111822	0.224065
4.095	1.00835	3.1953	1.62948	0.110918	0.223792
4.1	1.00864	3.20029	1.62893	0.110014	0.223516
4.105	1.00893	3.20528	1.62838	0.10911	0.223236
4.11	1.00922	3.21028	1.62783	0.108206	0.222953
4.115	1.0095	3.21527	1.62729	0.107302	0.222666
4.12	1.00978	3.22026	1.62675	0.106397	0.222377
4.125	1.01006	3.22525	1.62622	0.105493	0.222084
4.13	1.01033	3.23024	1.62569	0.104589	0.221787
4.135	1.0106	3.23524	1.62517	0.103684	0.221487
4.14	1.01087	3.24023	1.62465	0.10278	0.221184
4.145	1.01114	3.24522	1.62414	0.101876	0.220878
4.15	1.0114	3.25022	1.62363	0.100972	0.220569
4.155	1.01166	3.25521	1.62313	0.100068	0.220256
4.16	1.01192	3.2602	1.62262	0.0991649	0.21994
4.165	1.01218	3.2652	1.62213	0.0982615	0.219621
4.17	1.01243	3.27019	1.62164	0.0973584	0.219299
4.175	1.01269	3.27518	1.62115	0.0964555	0.218973
4.18	1.01293	3.28018	1.62067	0.0955529	0.218645
4.185	1.01318	3.28517	1.62019	0.0946507	0.218313
4.19	1.01343	3.29016	1.61972	0.0937488	0.217978
4.195	1.01367	3.29516	1.61925	0.0928472	0.21764
4.2	1.01391	3.30015	1.61878	0.0919461	0.217299
4.205	1.01415	3.30515	1.61833	0.0910453	0.216955
4.21	1.01438	3.31014	1.61787	0.0901451	0.216608
4.215	1.01461	3.31514	1.61742	0.0892453	0.216258
4.22	1.01484	3.32013	1.61697	0.088346	0.215904
4.225	1.01507	3.32513	1.61653	0.0874472	0.215548
4.23	1.0153	3.33012	1.61609	0.086549	0.215189
4.235	1.01552	3.33511	1.61566	0.0856513	0.214826
4.24	1.01575	3.34011	1.61523	0.0847543	0.214461
4.245	1.01597	3.34511	1.61481	0.0838579	0.214092
4.25	1.01618	3.3501	1.61439	0.0829621	0.213721
4.255	1.0164	3.3551	1.61398	0.082067	0.213347
4.26	1.01661	3.36009	1.61356	0.0811726	0.21297
4.265	1.01683	3.36509	1.61316	0.080279	0.212589
4.27	1.01703	3.37008	1.61276	0.0793861	0.212206
4.275	1.01724	3.37508	1.61236	0.078494	0.21182
4.28	1.01745	3.38007	1.61197	0.0776027	0.211431
4.285	1.01765	3.38507	1.61158	0.0767122	0.211039
4.29	1.01785	3.39007	1.6112	0.0758226	0.210645
4.295	1.01805	3.39506	1.61082	0.0749339	0.210247
4.3	1.01825	3.40006	1.61044	0.0740461	0.209847
4.305	1.01845	3.40505	1.61007	0.0731592	0.209443
4.31	1.01864	3.41005	1.60971	0.0722733	0.209037
4.315	1.01884	3.41505	1.60935	0.0713884	0.208628
4.32	1.01903	3.42004	1.60899	0.0705044	0.208217
4.325	1.01922	3.42504	1.60864	0.0696216	0.207802
4.33	1.0194	3.43004	1.60829	0.0687397	0.207385
4.335	1.01959	3.43503	1.60794	0.067859	0.206965
4.34	1.01977	3.44003	1.6076	0.0669794	0.206542
4.345	1.01996	3.44503	1.60727	0.0661009	0.206116
4.35	1.02014	3.45002	1.60694	0.0652236	0.205688
4.355	1.02032	3.45502	1.60661	0.0643475	0.205257
4.36	1.02049	3.46002	1.60629	0.0634726	0.204823
4.365	1.02067	3.46501	1.60597	0.0625989	0.204386
4.37	1.02084	3.47001	1.60566	0.0617265	0.203947
4.375	1.02102	3.47501	1.60535	0.0608554	0.203505
4.38	1.02119	3.48	1.60505	0.0599856	0.20306
4.385	1.02136	3.485	1.60475	0.0591171	0.202613
4.39	1.02152	3.49	1.60445	0.05825	0.202162
4.395	1.02169	3.495	1.60416	0.0573843	0.20171
4.4	1.02186	3.49999	1.60387	0.05652	0.201254
4.405	1.02202	3.50499	1.60359	0.0556572	0.200796
4.41	1.02218	3.50999	1.60331	0.0547958	0.200335
4.415	1.02234	3.51498	1.60304	0.0539359	0.199872
4.42	1.0225	3.51998	1.60277	0.0530776	0.199406
4.425	1.02266	3.52498	1.6025	0.0522207	0.198938
4.43	1.02282	3.52998	1.60224	0.0513655	0.198466
4.435	1.02298	3.53497	1.60199	0.0505118	0.197993
4.44	1.02313	3.53997	1.60173	0.0496598	0.197516
4.445	1.02328	3.54497	1.60149	0.0488094	0.197037
4.45	1.02344	3.54997	1.60124	0.0479606	0.196556
4.455	1.02359	3.55497	1.601	0.0471136	0.196072
4.46	1.02374	3.55996	1.60077	0.0462683	0.195585
4.465	1.02389	3.56496	1.60054	0.0454247	0.195096
4.47	1.02403	3.56996	1.60031	0.0445829	0.194604
4.475	1.02418	3.57496	1.60009	0.0437428	0.19411
4.48	1.02433	3.57995	1.59987	0.0429046	0.193613
4.485	1.02447	3.58495	1.59965	0.0420683	0.193113
4.49	1.02461	3.58995	1.59944	0.0412338	0.192612
4.495	1.02475	3.59495	1.59924	0.0404012	0.192107
4.5	1.0249	3.59995	1.59903	0.0395705	0.1916
4.505	1.02504	3.60494	1.59884	0.0387417	0.191091
4.51	1.02518	3.60994	1.59864	0.037915	0.190579
4.515	1.02531	3.61494	1.59845	0.0370902	0.190065
4.52	1.02545	3.61994	1.59827	0.0362674	0.189548
4.525	1.02559	3.62494	1.59809	0.0354467	0.189029
4.53	1.02572	3.62993	1.59791	0.034628	0.188507
4.535	1.02586	3.63493	1.59774	0.0338115	0.187983
4.54	1.02599	3.63993	1.59757	0.032997	0.187456
4.545	1.02612	3.64493	1.5974	0.0321847	0.186927
4.55	1.02626	3.64993	1.59724	0.0313745	0.186396
4.555	1.02639	3.65493	1.59708	0.0305666	0.185862
4.56	1.02652	3.65992	1.59693	0.0297609	0.185326
4.565	1.02665	3.66492	1.59678	0.0289574	0.184787
4.57	1.02678	3.66992	1.59664	0.0281561	0.184246
4.575	1.02691	3.67492	1.5965	0.0273572	0.183702
4.58	1.02703	3.67992	1.59636	0.0265605	0.183156
4.585	1.02716	3.68492	1.59623	0.0257663	0.182608
4.59	1.02729	3.68991	1.5961	0.0249743	0.182057
4.595	1.02741	3.69491	1.59597	0.0241848	0.181504
4.6	1.02754	3.69991	1.59585	0.0233977	0.180949
4.605	1.02766	3.70491	1.59574	0.022613	0.180391
4.61	1.02779	3.70991	1.59562	0.0218307	0.179831
4.615	1.02791	3.71491	1.59551	0.021051	0.179269
4.62	1.02803	3.71991	1.59541	0.0202737	0.178704
4.625	1.02816	3.7249	1.59531	0.019499	0.178137
4.63	1.02828	3.7299	1.59521	0.0187269	0.177567
4.635	1.0284	3.7349	1.59512	0.0179573	0.176995
4.64	1.02852	3.7399	1.59503	0.0171904	0.176421
4.645	1.02864	3.7449	1.59494	0.0164261	0.175845
4.65	1.02876	3.7499	1.59486	0.0156644	0.175266
4.655	1.02888	3.75489	1.59478	0.0149054	0.174685
4.66	1.029	3.75989	1.5947	0.0141492	0.174101
4.665	1.02912	3.76489	1.59463	0.0133956	0.173515
4.67	1.02924	3.76989	1.59457	0.0126448	0.172927
4.675	1.02936	3.77489	1.5945	0.0118968	0.172337
4.68	1.02948	3.77989	1.59444	0.0111516	0.171745
4.685	1.02959	3.78489	1.59439	0.0104092	0.17115
4.69	1.02971	3.78989	1.59434	0.00966965	0.170553
4.695	1.02983	3.79488	1.59429	0.00893298	0.169953
4.7	1.02995	3.79988	1.59424	0.00819921	0.169352
4.705	1.03006	3.80488	1.5942	0.00746835	0.168748
4.71	1.03018	3.80988	1.59416	0.00674045	0.168141
4.715	1.0303	3.81488	1.59413	0.00601551	0.167533
4.72	1.03041	3.81988	1.5941	0.00529357	0.166922
4.725	1.03053	3.82488	1.59407	0.00457464	0.166309
4.73	1.03065	3.82987	1.59405	0.00385875	0.165694
4.735	1.03076	3.83487	1.59403	0.00314592	0.165077
4.74	1.03088	3.83987	1.59402	0.00243618	0.164457
4.745	1.031	3.84487	1.594	0.00172956	0.163835
4.75	1.03111	3.84987	1.594	0.00102606	0.163211
4.755	1.03123	3.85487	1.59399	0.000325726	0.162585
4.76	1.03134	3.85987	1.59399	-0.000371429	0.161957
4.765	1.03146	3.86487	1.59399	-0.00106538	0.161326
4.77	1.03158	3.86986	1.594	-0.0017561	0.160693
4.775	1.03169	3.87486	1.59401	-0.00244357	0.160058
4.78	1.03181	3.87986	1.59402	-0.00312777	0.159421
4.785	1.03192	3.88486	1.59403	-0.00380867	0.158781
4.79	1.03204	3.88986	1.59405	-0.00448625	0.158139
4.795	1.03216	3.89486	1.59407	-0.00516048	0.157495
4.8	1.03227	3.89986	1.5941	-0.00583135	0.156849
4.805	1.03239	3.90485	1.59413	-0.00649883	0.156201
4.81	1.03251	3.90985	1.59416	-0.0071629	0.155551
4.815	1.03262	3.91485	1.5942	-0.00782353	0.154898
4.82	1.03274	3.91985	1.59424	-0.0084807	0.154243
4.825	1.03286	3.92485	1.59428	-0.00913439	0.153587
4.83	1.03298	3.92985	1.59432	-0.00978458	0.152927
4.835	1.03309	3.93485	1.59437	-0.0104312	0.152266
4.84	1.03321	3.93985	1.59443	-0.0110744	0.151603
4.845	1.03333	3.94484	1.59448	-0.0117139	0.150937
4.85	1.03345	3.94984	1.59454	-0.0123499	0.15027
4.855	1.03357	3.95484	1.5946	-0.0129822	0.1496
4.86	1.03369	3.95984	1.59467	-0.0136109	0.148928
4.865	1.03381	3.96484	1.59473	-0.0142359	0.148254
4.87	1.03393	3.96984	1.59481	-0.0148573	0.147578
4.875	1.03405	3.97484	1.59488	-0.0154749	0.146899
4.88	1.03417	3.97983	1.59496	-0.0160889	0.146219
4.885	1.03429	3.98483	1.59504	-0.016699	0.145536
4.89	1.03441	3.98983	1.59512	-0.0173054	0.144852
4.895	1.03453	3.99483	1.59521	-0.0179081	0.144165
4.9	1.03465	3.99983	1.5953	-0.0185069	0.143476
4.905	1.03478	4.00483	1.59539	-0.0191018	0.142785
4.91	1.0349	4.00983	1.59549	-0.019693	0.142092
4.915	1.03503	4.01482	1.59558	-0.0202802	0.141396
4.92	1.03515	4.01982	1.59569	-0.0208635	0.140699
4.925	1.03527	4.02482	1.59579	-0.0214429	0.139999
4.93	1.0354	4.02982	1.5959	-0.0220184	0.139298
4.935	1.03553	4.03482	1.59601	-0.0225899	0.138594
4.94	1.03565	4.03982	1.59612	-0.0231575	0.137889
4.945	1.03578	4.04481	1.59624	-0.023721	0.137181
4.95	1.03591	4.04981	1.59635	-0.0242805	0.136471
4.955	1.03604	4.05481	1.59648	-0.024836	0.135759
4.96	1.03617	4.05981	1.5966	-0.0253874	0.135045
4.965	1.03629	4.06481	1.59673	-0.0259347	0.134329
4.97	1.03642	4.0698	1.59686	-0.0264779	0.13361
4.975	1.03656	4.0748	1.59699	-0.0270169	0.13289
4.98	1.03669	4.0798	1.59712	-0.0275519	0.132168
4.985	1.03682	4.0848	1.59726	-0.0280826	0.131444
4.99	1.03695	4.0898	1.5974	-0.0286092	0.130717
4.995	1.03709	4.0948	1.59755	-0.0291316	0.129989
5	1.03722	4.09979	1.59769	-0.0296497	0.129258
5.005	1.03736	4.10479	1.59784	-0.0301636	0.128525
5.01	1.03749	4.10979	1.59799	-0.0306732	0.127791
5.015	1.03763	4.11479	1.59814	-0.0311785	0.127054
5.02	1.03777	4.11979	1.5983	-0.0316796	0.126315
5.025	1.0379	4.12478	1.59846	-0.0321763	0.125574
5.03	1.03804	4.12978	1.59862	-0.0326687	0.124832
5.035	1.03818	4.13478	1.59878	-0.0331567	0.124087
5.04	1.03832	4.13978	1.59895	-0.0336403	0.12334
5.045	1.03847	4.14478	1.59912	-0.0341195	0.122591
5.05	1.03861	4.14978	1.59929	-0.0345943	0.12184
5.055	1.03875	4.15477	1.59946	-0.0350647	0.121087
5.06	1.0389	4.15977	1.59963	-0.0355306	0.120332
5.065	1.03904	4.16477	1.59981	-0.035992	0.119575
5.07	1.03919	4.16977	1.59999	-0.0364489	0.118816
5.075	1.03933	4.17476	1.60017	-0.0369014	0.118055
5.08	1.03948	4.17976	1.60036	-0.0373493	0.117292
5.085	1.03963	4.18476	1.60055	-0.0377926	0.116527
5.09	1.03978	4.18976	1.60074	-0.0382314	0.11576
5.095	1.03993	4.19476	1.60093	-0.0386656	0.114991
5.1	1.04008	4.19975	1.60112	-0.0390953	0.11422
5.105	1.04024	4.20475	1.60132	-0.0395202	0.113447
5.11	1.04039	4.20975	1.60151	-0.0399406	0.112672
5.115	1.04054	4.21475	1.60171	-0.0403563	0.111894
5.12	1.0407	4.21974	1.60191	-0.0407674	0.111115
5.125	1.04086	4.22474	1.60212	-0.0411737	0.110334
5.13	1.04101	4.22974	1.60232	-0.0415754	0.109551
5.135	1.04117	4.23474	1.60253	-0.0419723	0.108766
5.14	1.04133	4.23973	1.60274	-0.0423645	0.107979
5.145	1.04149	4.24473	1.60295	-0.042752	0.10719
5.15	1.04165	4.24973	1.60317	-0.0431347	0.106399
5.155	1.04182	4.25473	1.60338	-0.0435126	0.105607
5.16	1.04198	4.25972	1.6036	-0.0438857	0.104812
5.165	1.04215	4.26472	1.60382	-0.044254	0.104015
5.17	1.04231	4.26972	1.60404	-0.0446174	0.103216
5.175	1.04248	4.27471	1.60426	-0.0449761	0.102415
5.18	1.04265	4.27971	1.60449	-0.0453298	0.101613
5.185	1.04282	4.28471	1.60472	-0.0456787	0.100808
5.19	1.04299	4.28971	1.60494	-0.0460227	0.100001
5.195	1.04316	4.2947	1.60517	-0.0463618	0.0991927
5.2	1.04333	4.2997	1.60541	-0.046696	0.0983822
5.205	1.04351	4.3047	1.60564	-0.0470252	0.0975697
5.21	1.04368	4.30969	1.60587	-0.0473495	0.0967553
5.215	1.04386	4.31469	1.60611	-0.0476688	0.095939
5.22	1.04404	4.31969	1.60635	-0.0479831	0.0951207
5.225	1.04422	4.32468	1.60659	-0.0482925	0.0943005
5.23	1.0444	4.32968	1.60683	-0.0485968	0.0934783
5.235	1.04458	4.33468	1.60707	-0.0488962	0.0926542
5.24	1.04476	4.33967	1.60732	-0.0491905	0.0918282
5.245	1.04494	4.34467	1.60756	-0.0494797	0.0910003
5.25	1.04513	4.34967	1.60781	-0.0497639	0.0901704
5.255	1.04532	4.35466	1.60806	-0.050043	0.0893387
5.26	1.0455	4.35966	1.60831	-0.0503171	0.088505
5.265	1.04569	4.36466	1.60856	-0.050586	0.0876694
5.27	1.04588	4.36965	1.60882	-0.0508499	0.0868319
5.275	1.04607	4.37465	1.60907	-0.0511086	0.0859925
5.28	1.04627	4.37965	1.60933	-0.0513621	0.0851512
5.285	1.04646	4.38464	1.60958	-0.0516106	0.0843079
5.29	1.04665	4.38964	1.60984	-0.0518539	0.0834628
5.295	1.04685	4.39464	1.6101	-0.052092	0.0826158
5.3	1.04705	4.39963	1.61036	-0.0523249	0.0817669
5.305	1.04725	4.40463	1.61062	-0.0525526	0.0809161
5.31	1.04745	4.40962	1.61088	-0.0527751	0.0800634
5.315	1.04765	4.41462	1.61115	-0.0529925	0.0792089
5.32	1.04785	4.41961	1.61141	-0.0532046	0.0783524
5.325	1.04806	4.42461	1.61168	-0.0534114	0.0774941
5.33	1.04826	4.42961	1.61195	-0.053613	0.0766339
5.335	1.04847	4.4346	1.61221	-0.0538094	0.0757718
5.34	1.04868	4.4396	1.61248	-0.0540004	0.0749079
5.345	1.04889	4.44459	1.61275	-0.0541862	0.0740421
5.35	1.0491	4.44959	1.61302	-0.0543668	0.0731744
5.355	1.04931	4.45458	1.6133	-0.054542	0.0723049
5.36	1.04953	4.45958	1.61357	-0.0547119	0.0714335
5.365	1.04974	4.46458	1.61384	-0.0548765	0.0705602
5.37	1.04996	4.46957	1.61412	-0.0550358	0.0696852
5.375	1.05017	4.47457	1.61439	-0.0551897	0.0688082
5.38	1.05039	4.47956	1.61467	-0.0553383	0.0679294
5.385	1.05061	4.48456	1.61494	-0.0554816	0.0670488
5.39	1.05084	4.48955	1.61522	-0.0556195	0.0661663
5.395	1.05106	4.49455	1.6155	-0.055752	0.065282
5.4	1.05129	4.49954	1.61578	-0.0558791	0.0643959
5.405	1.05151	4.50454	1.61606	-0.0560009	0.0635079
5.41	1.05174	4.50953	1.61634	-0.0561173	0.0626182
5.415	1.05197	4.51453	1.61662	-0.0562282	0.0617266
5.42	1.0522	4.51952	1.6169	-0.0563338	0.0608331
5.425	1.05243	4.52452	1.61718	-0.056434	0.0599379
5.43	1.05266	4.52951	1.61746	-0.0565287	0.0590408
5.435	1.0529	4.5345	1.61775	-0.056618	0.058142
5.44	1.05313	4.5395	1.61803	-0.0567019	0.0572413
5.445	1.05337	4.54449	1.61831	-0.0567803	0.0563388
5.45	1.05361	4.54949	1.6186	-0.0568533	0.0554345
5.455	1.05385	4.55448	1.61888	-0.0569208	0.0545285
5.46	1.05409	4.55948	1.61917	-0.0569829	0.0536206
5.465	1.05434	4.56447	1.61945	-0.0570395	0.052711
5.47	1.05458	4.56946	1.61974	-0.0570907	0.0517995
5.475	1.05483	4.57446	1.62002	-0.0571363	0.0508863
5.48	1.05507	4.57945	1.62031	-0.0571765	0.0499713
5.485	1.05532	4.58444	1.62059	-0.0572112	0.0490545
5.49	1.05557	4.58944	1.62088	-0.0572404	0.048136
5.495	1.05583	4.59443	1.62117	-0.0572641	0.0472157
5.5	1.05608	4.59943	1.62145	-0.0572824	0.0462936
5.505	1.05633	4.60442	1.62174	-0.0572951	0.0453698
5.51	1.05659	4.60941	1.62202	-0.0573023	0.0444442
5.515	1.05685	4.61441	1.62231	-0.057304	0.0435169
5.52	1.05711	4.6194	1.6226	-0.0573001	0.0425878
5.525	1.05737	4.62439	1.62288	-0.0572908	0.0416569
5.53	1.05763	4.62939	1.62317	-0.0572759	0.0407243
5.535	1.05789	4.63438	1.62346	-0.0572555	0.03979
5.54	1.05816	4.63937	1.62374	-0.0572296	0.038854
5.545	1.05842	4.64436	1.62403	-0.0571982	0.0379162
5.55	1.05869	4.64936	1.62432	-0.0571612	0.0369767
5.555	1.05896	4.65435	1.6246	-0.0571187	0.0360355
5.56	1.05923	4.65934	1.62489	-0.0570706	0.0350925
5.565	1.0595	4.66434	1.62517	-0.057017	0.0341478
5.57	1.05977	4.66933	1.62546	-0.0569578	0.0332015
5.575	1.06005	4.67432	1.62574	-0.0568931	0.0322534
5.58	1.06032	4.67931	1.62603	-0.0568229	0.0313036
5.585	1.0606	4.68431	1.62631	-0.0567471	0.0303521
5.59	1.06088	4.6893	1.62659	-0.0566658	0.0293989
5.595	1.06116	4.69429	1.62688	-0.0565789	0.0284441
5.6	1.06144	4.69928	1.62716	-0.0564865	0.0274875
5.605	1.06173	4.70427	1.62744	-0.0563885	0.0265293
5.61	1.06201	4.70927	1.62772	-0.0562849	0.0255694
5.615	1.0623	4.71426	1.62801	-0.0561758	0.0246078
5.62	1.06258	4.71925	1.62829	-0.0560612	0.0236445
5.625	1.06287	4.72424	1.62857	-0.055941	0.0226796
5.63	1.06316	4.72923	1.62885	-0.0558152	0.021713
5.635	1.06345	4.73422	1.62913	-0.0556839	0.0207448
5.64	1.06375	4.73922	1.6294	-0.055547	0.0197749
5.645	1.06404	4.74421	1.62968	-0.0554046	0.0188033
5.65	1.06434	4.7492	1.62996	-0.0552566	0.0178301
5.655	1.06463	4.75419	1.63024	-0.0551031	0.0168553
5.66	1.06493	4.75918	1.63051	-0.0549441	0.0158788
5.665	1.06523	4.76417	1.63079	-0.0547794	0.0149008
5.67	1.06553	4.76916	1.63106	-0.0546093	0.013921
5.675	1.06583	4.77415	1.63133	-0.0544336	0.0129397
5.68	1.06614	4.77914	1.63161	-0.0542523	0.0119567
5.685	1.06644	4.78413	1.63188	-0.0540655	0.0109722
5.69	1.06675	4.78912	1.63215	-0.0538732	0.009986
5.695	1.06706	4.79412	1.63242	-0.0536753	0.00899823
5.7	1.06737	4.79911	1.63268	-0.0534719	0.00800885
5.705	1.06768	4.8041	1.63295	-0.053263	0.00701788
5.71	1.06799	4.80909	1.63322	-0.0530486	0.00602532
5.715	1.0683	4.81408	1.63348	-0.0528286	0.00503118
5.72	1.06862	4.81907	1.63375	-0.0526031	0.00403546
5.725	1.06893	4.82406	1.63401	-0.052372	0.00303816
5.73	1.06925	4.82905	1.63427	-0.0521355	0.0020393
5.735	1.06957	4.83404	1.63453	-0.0518935	0.00103887
5.74	1.06989	4.83903	1.63479	-0.0516459	3.68734e-05
5.745	1.07021	4.84402	1.63505	-0.0513928	-0.000966673
5.75	1.07053	4.84901	1.63531	-0.0511343	-0.00197177
5.755	1.07086	4.854	1.63556	-0.0508702	-0.00297841
5.76	1.07118	4.85898	1.63582	-0.0506007	-0.0039866
5.765	1.07151	4.86397	1.63607	-0.0503256	-0.00499631
5.77	1.07183	4.86896	1.63632	-0.0500451	-0.00600756
5.775	1.07216	4.87395	1.63657	-0.0497591	-0.00702033
5.78	1.07249	4.87894	1.63682	-0.0494677	-0.00803463
5.785	1.07282	4.88393	1.63707	-0.0491707	-0.00905043
5.79	1.07316	4.88892	1.63731	-0.0488683	-0.0100677
5.795	1.07349	4.89391	1.63756	-0.0485605	-0.0110866
5.8	1.07382	4.8989	1.6378	-0.0482472	-0.0121069
5.805	1.07416	4.90389	1.63804	-0.0479285	-0.0131287
5.81	1.0745	4.90887	1.63828	-0.0476043	-0.014152
5.815	1.07484	4.91386	1.63852	-0.0472747	-0.0151768
5.82	1.07518	4.91885	1.63876	-0.0469396	-0.0162031
5.825	1.07552	4.92384	1.63899	-0.0465992	-0.0172308
5.83	1.07586	4.92883	1.63923	-0.0462533	-0.01826
5.835	1.0762	4.93382	1.63946	-0.045902	-0.0192907
5.84	1.07655	4.9388	1.63969	-0.0455453	-0.0203228
5.845	1.07689	4.94379	1.63991	-0.0451833	-0.0213564
5.85	1.07724	4.94878	1.64014	-0.0448158	-0.0223914
5.855	1.07758	4.95377	1.64036	-0.044443	-0.0234278
5.86	1.07793	4.95876	1.64059	-0.0440647	-0.0244657
5.865	1.07828	4.96374	1.64081	-0.0436812	-0.025505
5.87	1.07863	4.96873	1.64102	-0.0432923	-0.0265458
5.875	1.07899	4.97372	1.64124	-0.042898	-0.0275879
5.88	1.07934	4.97871	1.64146	-0.0424984	-0.0286315
5.885	1.07969	4.98369	1.64167	-0.0420934	-0.0296765
5.89	1.08005	4.98868	1.64188	-0.0416831	-0.0307229
5.895	1.0804	4.99367	1.64209	-0.0412675	-0.0317706
5.9	1.08076	4.99866	1.64229	-0.0408466	-0.0328198
5.905	1.08112	5.00364	1.6425	-0.0404204	-0.0338704
5.91	1.08148	5.00863	1.6427	-0.0399889	-0.0349223
5.915	1.08184	5.01362	1.6429	-0.0395522	-0.0359756
5.92	1.0822	5.0186	1.6431	-0.0391101	-0.0370302
5.925	1.08256	5.02359	1.64329	-0.0386628	-0.0380862
5.93	1.08293	5.02858	1.64349	-0.0382102	-0.0391436
5.935	1.08329	5.03357	1.64368	-0.0377524	-0.0402023
5.94	1.08365	5.03855	1.64387	-0.0372894	-0.0412624
5.945	1.08402	5.04354	1.64405	-0.0368211	-0.0423238
5.95	1.08439	5.04852	1.64424	-0.0363476	-0.0433865
5.955	1.08476	5.05351	1.64442	-0.0358689	-0.0444505
5.96	1.08512	5.0585	1.6446	-0.035385	-0.0455159
5.965	1.08549	5.06348	1.64477	-0.0348959	-0.0465826
5.97	1.08586	5.06847	1.64495	-0.0344016	-0.0476505
5.975	1.08624	5.07346	1.64512	-0.0339021	-0.0487198
5.98	1.08661	5.07844	1.64529	-0.0333975	-0.0497904
5.985	1.08698	5.08343	1.64546	-0.0328878	-0.0508622
5.99	1.08735	5.08841	1.64562	-0.0323729	-0.0519354
5.995	1.08773	5.0934	1.64578	-0.0318529	-0.0530098
6	1.0881	5.09839	1.64594	-0.0313277	-0.0540854
6.005	1.08848	5.10337	1.6461	-0.0307975	-0.0551624
6.01	1.08886	5.10836	1.64625	-0.0302622	-0.0562406
6.015	1.08923	5.11334	1.6464	-0.0297217	-0.05732
6.02	1.08961	5.11833	1.64655	-0.0291762	-0.0584007
6.025	1.08999	5.12332	1.6467	-0.0286257	-0.0594826
6.03	1.09037	5.1283	1.64684	-0.0280701	-0.0605657
6.035	1.09075	5.13329	1.64698	-0.0275094	-0.0616501
6.04	1.09113	5.13827	1.64712	-0.0269437	-0.0627356
6.045	1.09152	5.14326	1.64726	-0.026373	-0.0638224
6.05	1.0919	5.14824	1.64739	-0.0257973	-0.0649104
6.055	1.09228	5.15323	1.64752	-0.0252166	-0.0659995
6.06	1.09267	5.15821	1.64764	-0.0246309	-0.0670899
6.065	1.09305	5.1632	1.64777	-0.0240403	-0.0681814
6.07	1.09344	5.16818	1.64789	-0.0234446	-0.0692741
6.075	1.09382	5.17317	1.648	-0.0228441	-0.070368
6.08	1.09421	5.17815	1.64812	-0.0222386	-0.0714631
6.085	1.09459	5.18314	1.64823	-0.0216281	-0.0725593
6.09	1.09498	5.18812	1.64834	-0.0210128	-0.0736566
6.095	1.09537	5.19311	1.64844	-0.0203926	-0.0747551
6.1	1.09576	5.19809	1.64854	-0.0197674	-0.0758547
6.105	1.09615	5.20308	1.64864	-0.0191374	-0.0769554
6.11	1.09654	5.20806	1.64874	-0.0185026	-0.0780573
6.115	1.09693	5.21305	1.64883	-0.0178629	-0.0791602
6.12	1.09732	5.21803	1.64892	-0.0172183	-0.0802643
6.125	1.09771	5.22302	1.64901	-0.0165689	-0.0813695
6.13	1.0981	5.228	1.64909	-0.0159147	-0.0824757
6.135	1.09849	5.23299	1.64917	-0.0152557	-0.083583
6.14	1.09888	5.23797	1.64924	-0.014592	-0.0846914
6.145	1.09927	5.24296	1.64932	-0.0139234	-0.0858009
6.15	1.09967	5.24794	1.64939	-0.0132501	-0.0869115
6.155	1.10006	5.25292	1.64945	-0.012572	-0.0880231
6.16	1.10045	5.25791	1.64952	-0.0118892	-0.0891357
6.165	1.10084	5.26289	1.64958	-0.0112017	-0.0902494
6.17	1.10124	5.26788	1.64963	-0.0105095	-0.0913641
6.175	1.10163	5.27286	1.64968	-0.00981252	-0.0924798
6.18	1.10203	5.27785	1.64973	-0.00911091	-0.0935966
6.185	1.10242	5.28283	1.64978	-0.00840462	-0.0947143
6.19	1.10282	5.28782	1.64982	-0.00769368	-0.0958331
6.195	1.10321	5.2928	1.64986	-0.0069781	-0.0969528
6.2	1.10361	5.29778	1.64989	-0.00625788	-0.0980736
6.205	1.104	5.30277	1.64993	-0.00553305	-0.0991953
6.21	1.1044	5.30775	1.64995	-0.00480361	-0.100318
6.215	1.10479	5.31274	1.64998	-0.00406959	-0.101442
6.22	1.10519	5.31772	1.65	-0.00333098	-0.102566
6.225	1.10558	5.32271	1.65001	-0.00258782	-0.103692
6.23	1.10598	5.32769	1.65003	-0.00184011	-0.104818
6.235	1.10637	5.33267	1.65004	-0.00108786	-0.105946
6.24	1.10677	5.33766	1.65004	-0.000331083	-0.107074
6.245	1.10717	5.34264	1.65004	0.000430197	-0.108203
6.25	1.10756	5.34763	1.65004	0.00119597	-0.109333
6.255	1.10796	5.35261	1.65004	0.00196623	-0.110465
6.26	1.10835	5.3576	1.65003	0.00274095	-0.111596
6.265	1.10875	5.36258	1.65001	0.00352013	-0.112729
6.27	1.10914	5.36757	1.64999	0.00430374	-0.113863
6.275	1.10954	5.37255	1.64997	0.00509178	-0.114998
6.28	1.10994	5.37753	1.64995	0.00588423	-0.116133
6.285	1.11033	5.38252	1.64992	0.00668108	-0.117269
6.29	1.11073	5.3875	1.64988	0.00748231	-0.118406
6.295	1.11112	5.39249	1.64985	0.00828791	-0.119544
6.3	1.11152	5.39747	1.64981	0.00909787	-0.120683
6.305	1.11191	5.40246	1.64976	0.00991217	-0.121823
6.31	1.1123	5.40744	1.64971	0.0107308	-0.122963
6.315	1.1127	5.41243	1.64966	0.0115537	-0.124105
6.32	1.11309	5.41741	1.6496	0.012381	-0.125247
6.325	1.11348	5.42239	1.64954	0.0132125	-0.126389
6.33	1.11388	5.42738	1.64947	0.0140483	-0.127533
6.335	1.11427	5.43236	1.6494	0.0148884	-0.128677
6.34	1.11466	5.43735	1.64933	0.0157326	-0.129822
6.345	1.11505	5.44233	1.64925	0.0165812	-0.130968
6.35	1.11545	5.44732	1.64916	0.0174339	-0.132115
6.355	1.11584	5.4523	1.64908	0.0182909	-0.133262
6.36	1.11623	5.45729	1.64899	0.019152	-0.13441
6.365	1.11662	5.46227	1.64889	0.0200173	-0.135559
6.37	1.11701	5.46726	1.64879	0.0208868	-0.136708
6.375	1.1174	5.47224	1.64869	0.0217604	-0.137859
6.38	1.11778	5.47723	1.64858	0.0226381	-0.139009
6.385	1.11817	5.48221	1.64846	0.02352	-0.140161
6.39	1.11856	5.4872	1.64835	0.0244059	-0.141313
6.395	1.11895	5.49218	1.64822	0.025296	-0.142466
6.4	1.11933	5.49717	1.6481	0.0261901	-0.14362
6.405	1.11972	5.50215	1.64797	0.0270883	-0.144774
6.41	1.1201	5.50714	1.64783	0.0279905	-0.145928
6.415	1.12049	5.51212	1.64769	0.0288967	-0.147084
6.42	1.12087	5.51711	1.64755	0.029807	-0.14824
6.425	1.12125	5.52209	1.6474	0.0307213	-0.149397
6.43	1.12163	5.52708	1.64724	0.0316396	-0.150554
6.435	1.12202	5.53206	1.64709	0.0325618	-0.151712
6.44	1.1224	5.53705	1.64692	0.033488	-0.15287
6.445	1.12278	5.54203	1.64676	0.0344182	-0.154029
6.45	1.12315	5.54702	1.64658	0.0353522	-0.155189
6.455	1.12353	5.55201	1.64641	0.0362902	-0.156349
6.46	1.12391	5.55699	1.64623	0.0372322	-0.157509
6.465	1.12428	5.56198	1.64604	0.038178	-0.15867
6.47	1.12466	5.56696	1.64585	0.0391276	-0.159832
6.475	1.12503	5.57195	1.64565	0.0400812	-0.160994
6.48	1.12541	5.57693	1.64545	0.0410386	-0.162157
6.485	1.12578	5.58192	1.64525	0.0419998	-0.16332
6.49	1.12615	5.58691	1.64504	0.0429648	-0.164484
6.495	1.12652	5.59189	1.64482	0.0439337	-0.165648
6.5	1.12689	5.59688	1.6446	0.0449064	-0.166812
6.505	1.12726	5.60187	1.64438	0.0458828	-0.167977
6.51	1.12762	5.60685	1.64415	0.046863	-0.169143
6.515	1.12799	5.61184	1.64391	0.0478469	-0.170309
6.52	1.12835	5.61683	1.64368	0.0488346	-0.171475
6.525	1.12871	5.62181	1.64343	0.049826	-0.172642
6.53	1.12908	5.6268	1.64318	0.0508212	-0.173809
6.535	1.12944	5.63179	1.64293	0.05182	-0.174977
6.54	1.12979	5.63677	1.64267	0.0528225	-0.176144
6.545	1.13015	5.64176	1.6424	0.0538287	-0.177313
6.55	1.13051	5.64675	1.64214	0.0548385	-0.178481
6.555	1.13086	5.65174	1.64186	0.055852	-0.17965
6.56	1.13122	5.65672	1.64158	0.0568691	-0.18082
6.565	1.13157	5.66171	1.6413	0.0578899	-0.181989
6.57	1.13192	5.6667	1.64101	0.0589142	-0.183159
6.575	1.13227	5.67169	1.64071	0.0599421	-0.18433
6.58	1.13262	5.67667	1.64041	0.0609736	-0.1855
6.585	1.13296	5.68166	1.64011	0.0620087	-0.186671
6.59	1.13331	5.68665	1.6398	0.0630473	-0.187842
6.595	1.13365	5.69164	1.63948	0.0640895	-0.189014
6.6	1.13399	5.69663	1.63916	0.0651352	-0.190185
6.605	1.13433	5.70162	1.63884	0.0661843	-0.191357
6.61	1.13467	5.7066	1.63851	0.067237	-0.192529
6.615	1.13501	5.71159	1.63817	0.0682932	-0.193702
6.62	1.13534	5.71658	1.63783	0.0693529	-0.194874
6.625	1.13568	5.72157	1.63748	0.070416	-0.196047
6.63	1.13601	5.72656	1.63713	0.0714825	-0.19722
6.635	1.13634	5.73155	1.63677	0.0725525	-0.198393
6.64	1.13667	5.73654	1.63641	0.0736259	-0.199566
6.645	1.13699	5.74153	1.63604	0.0747027	-0.20074
6.65	1.13732	5.74652	1.63567	0.0757829	-0.201913
6.655	1.13764	5.75151	1.63529	0.0768665	-0.203087
6.66	1.13796	5.7565	1.63491	0.0779534	-0.204261
6.665	1.13828	5.76149	1.63452	0.0790437	-0.205435
6.67	1.13859	5.76648	1.63412	0.0801374	-0.206609
6.675	1.13891	5.77147	1.63372	0.0812343	-0.207783
6.68	1.13922	5.77646	1.63331	0.0823346	-0.208957
6.685	1.13953	5.78145	1.6329	0.0834382	-0.210131
6.69	1.13984	5.78644	1.63248	0.0845451	-0.211305
6.695	1.14014	5.79143	1.63206	0.0856553	-0.21248
6.7	1.14045	5.79642	1.63163	0.0867687	-0.213654
6.705	1.14075	5.80141	1.6312	0.0878854	-0.214828
6.71	1.14105	5.8064	1.63076	0.0890054	-0.216002
6.715	1.14135	5.81139	1.63032	0.0901286	-0.217177
6.72	1.14164	5.81638	1.62986	0.091255	-0.218351
6.725	1.14194	5.82137	1.62941	0.0923846	-0.219525
6.73	1.14223	5.82636	1.62895	0.0935174	-0.220699
6.735	1.14251	5.83136	1.62848	0.0946533	-0.221873
6.74	1.1428	5.83635	1.62801	0.0957925	-0.223047
6.745	1.14308	5.84134	1.62753	0.0969348	-0.224221
6.75	1.14336	5.84633	1.62704	0.0980803	-0.225395
6.755	1.14364	5.85132	1.62655	0.0992289	-0.226569
6.76	1.14392	5.85632	1.62606	0.100381	-0.227742
6.765	1.14419	5.86131	1.62555	0.101535	-0.228916
6.77	1.14446	5.8663	1.62505	0.102693	-0.230089
6.775	1.14473	5.87129	1.62453	0.103854	-0.231262
6.78	1.145	5.87629	1.62401	0.105018	-0.232435
6.785	1.14526	5.88128	1.62349	0.106186	-0.233608
6.79	1.14552	5.88627	1.62296	0.107356	-0.23478
6.795	1.14578	5.89127	1.62242	0.108529	-0.235953
6.8	1.14604	5.89626	1.62188	0.109705	-0.237125
6.805	1.14629	5.90125	1.62133	0.110885	-0.238297
6.81	1.14654	5.90625	1.62077	0.112067	-0.239468
6.815	1.14679	5.91124	1.62021	0.113252	-0.240639
6.82	1.14703	5.91624	1.61965	0.114441	-0.24181
6.825	1.14727	5.92123	1.61908	0.115632	-0.242981
6.83	1.14751	5.92622	1.6185	0.116826	-0.244151
6.835	1.14774	5.93122	1.61791	0.118024	-0.245321
6.84	1.14798	5.93621	1.61732	0.119224	-0.246491
6.845	1.14821	5.94121	1.61673	0.120427	-0.24766
6.85	1.14843	5.9462	1.61613	0.121633	-0.248829
6.855	1.14866	5.9512	1.61552	0.122842	-0.249998
6.86	1.14888	5.95619	1.6149	0.124054	-0.251166
6.865	1.14909	5.96119	1.61428	0.125268	-0.252334
6.87	1.14931	5.96618	1.61366	0.126486	-0.253501
6.875	1.14952	5.97118	1.61302	0.127706	-0.254668
6.88	1.14973	5.97618	1.61239	0.12893	-0.255834
6.885	1.14993	5.98117	1.61174	0.130156	-0.257
6.89	1.15013	5.98617	1.61109	0.131385	-0.258165
6.895	1.15033	5.99116	1.61043	0.132617	-0.25933
6.9	1.15053	5.99616	1.60977	0.133852	-0.260494
6.905	1.15072	6.00116	1.6091	0.135089	-0.261658
6.91	1.15091	6.00615	1.60843	0.136329	-0.262821
6.915	1.15109	6.01115	1.60774	0.137572	-0.263984
6.92	1.15127	6.01615	1.60706	0.138818	-0.265146
6.925	1.15145	6.02114	1.60636	0.140067	-0.266308
6.93	1.15162	6.02614	1.60566	0.141318	-0.267469
6.935	1.1518	6.03114	1.60495	0.142572	-0.268629
6.94	1.15196	6.03613	1.60424	0.143829	-0.269788
6.945	1.15213	6.04113	1.60352	0.145089	-0.270947
6.95	1.15229	6.04613	1.6028	0.146351	-0.272105
6.955	1.15244	6.05113	1.60207	0.147616	-0.273263
6.96	1.1526	6.05612	1.60133	0.148884	-0.27442
6.965	1.15274	6.06112	1.60058	0.150154	-0.275576
6.97	1.15289	6.06612	1.59983	0.151428	-0.276731
6.975	1.15303	6.07112	1.59908	0.152703	-0.277886
6.98	1.15317	6.07612	1.59831	0.153982	-0.27904
6.985	1.1533	6.08111	1.59754	0.155263	-0.280193
6.99	1.15343	6.08611	1.59677	0.156547	-0.281345
6.995	1.15356	6.09111	1.59598	0.157833	-0.282496
7	1.15368	6.09611	1.59519	0.159122	-0.283647
7.005	1.1538	6.10111	1.5944	0.160414	-0.284796
7.01	1.15391	6.10611	1.5936	0.161708	-0.285945
7.015	1.15402	6.1111	1.59279	0.163005	-0.287093
7.02	1.15413	6.1161	1.59197	0.164305	-0.28824
7.025	1.15423	6.1211	1.59115	0.165607	-0.289386
7.03	1.15433	6.1261	1.59032	0.166911	-0.290531
7.035	1.15442	6.1311	1.58949	0.168218	-0.291675
7.04	1.15451	6.1361	1.58865	0.169528	-0.292818
7.045	1.15459	6.1411	1.5878	0.170841	-0.29396
7.05	1.15468	6.1461	1.58695	0.172155	-0.295101
7.055	1.15475	6.1511	1.58608	0.173473	-0.296241
7.06	1.15482	6.1561	1.58522	0.174793	-0.29738
7.065	1.15489	6.1611	1.58434	0.176115	-0.298518
7.07	1.15495	6.1661	1.58346	0.17744	-0.299654
7.075	1.15501	6.1711	1.58258	0.178768	-0.30079
7.08	1.15507	6.1761	1.58168	0.180098	-0.301925
7.085	1.15512	6.1811	1.58078	0.18143	-0.303058
7.09	1.15516	6.1861	1.57987	0.182765	-0.30419
7.095	1.1552	6.1911	1.57896	0.184103	-0.305321
7.1	1.15524	6.19609	1.57804	0.185442	-0.306451
7.105	1.15527	6.2011	1.57711	0.186785	-0.307579
7.11	1.1553	6.2061	1.57618	0.18813	-0.308707
7.115	1.15532	6.2111	1.57524	0.189477	-0.309833
7.12	1.15534	6.2161	1.57429	0.190827	-0.310957
7.125	1.15535	6.2211	1.57334	0.192179	-0.312081
7.13	1.15536	6.2261	1.57238	0.193533	-0.313203
7.135	1.15536	6.2311	1.57141	0.19489	-0.314323
7.14	1.15536	6.2361	1.57043	0.19625	-0.315443
7.145	1.15535	6.2411	1.56945	0.197611	-0.316561
7.15	1.15534	6.2461	1.56846	0.198976	-0.317677
7.155	1.15533	6.2511	1.56747	0.200342	-0.318792
7.16	1.1553	6.2561	1.56647	0.201711	-0.319906
7.165	1.15528	6.2611	1.56546	0.203082	-0.321018
7.17	1.15525	6.2661	1.56444	0.204456	-0.322129
7.175	1.15521	6.2711	1.56342	0.205832	-0.323238
7.18	1.15517	6.2761	1.56239	0.20721	-0.324346
7.185	1.15512	6.2811	1.56136	0.208591	-0.325452
7.19	1.15507	6.2861	1.56031	0.209974	-0.326556
7.195	1.15501	6.29109	1.55926	0.21136	-0.327659
7.2	1.15495	6.29609	1.55821	0.212748	-0.32876
7.205	1.15488	6.30109	1.55714	0.214138	-0.32986
7.21	1.1548	6.30609	1.55607	0.21553	-0.330958
7.215	1.15473	6.31109	1.55499	0.216925	-0.332054
7.22	1.15464	6.31609	1.55391	0.218322	-0.333149
7.225	1.15455	6.32109	1.55282	0.219721	-0.334241
7.23	1.15446	6.32609	1.55172	0.221123	-0.335332
7.235	1.15435	6.33109	1.55061	0.222527	-0.336422
7.24	1.15425	6.33609	1.5495	0.223933	-0.337509
7.245	1.15414	6.34109	1.54838	0.225341	-0.338595
7.25	1.15402	6.34609	1.54726	0.226752	-0.339679
7.255	1.1539	6.35108	1.54612	0.228165	-0.340761
7.26	1.15377	6.35608	1.54498	0.22958	-0.341841
7.265	1.15363	6.36108	1.54383	0.230998	-0.342919
7.27	1.15349	6.36608	1.54268	0.232417	-0.343995
7.275	1.15334	6.37108	1.54152	0.233839	-0.345069
7.28	1.15319	6.37607	1.54035	0.235264	-0.346141
7.285	1.15303	6.38107	1.53917	0.23669	-0.347211
7.29	1.15287	6.38607	1.53799	0.238119	-0.34828
7.295	1.1527	6.39107	1.5368	0.23955	-0.349346
7.3	1.15252	6.39606	1.5356	0.240983	-0.35041
7.305	1.15234	6.40106	1.53439	0.242418	-0.351472
7.31	1.15215	6.40606	1.53318	0.243856	-0.352531
7.315	1.15196	6.41105	1.53196	0.245296	-0.353589
7.32	1.15176	6.41605	1.53074	0.246738	-0.354644
7.325	1.15155	6.42104	1.5295	0.248182	-0.355697
7.33	1.15134	6.42604	1.52826	0.249628	-0.356748
7.335	1.15112	6.43104	1.52701	0.251077	-0.357797
7.34	1.1509	6.43603	1.52576	0.252527	-0.358843
7.345	1.15067	6.44102	1.52449	0.25398	-0.359888
7.35	1.15043	6.44602	1.52322	0.255435	-0.360929
7.355	1.15018	6.45101	1.52195	0.256892	-0.361969
7.36	1.14993	6.45601	1.52066	0.258352	-0.363006
7.365	1.14968	6.461	1.51937	0.259813	-0.36404
7.37	1.14941	6.46599	1.51807	0.261277	-0.365072
7.375	1.14914	6.47099	1.51677	0.262743	-0.366102
7.38	1.14887	6.47598	1.51545	0.264211	-0.367129
7.385	1.14858	6.48097	1.51413	0.265681	-0.368154
7.39	1.14829	6.48596	1.5128	0.267153	-0.369176
7.395	1.148	6.49095	1.51147	0.268628	-0.370195
7.4	1.14769	6.49594	1.51012	0.270104	-0.371212
7.405	1.14738	6.50093	1.50877	0.271583	-0.372227
7.41	1.14707	6.50592	1.50742	0.273064	-0.373238
7.415	1.14674	6.51091	1.50605	0.274547	-0.374247
7.42	1.14641	6.5159	1.50468	0.276032	-0.375253
7.425	1.14608	6.52089	1.5033	0.277519	-0.376257
7.43	1.14573	6.52588	1.50191	0.279008	-0.377257
7.435	1.14538	6.53087	1.50051	0.280499	-0.378255
7.44	1.14502	6.53585	1.49911	0.281993	-0.37925
7.445	1.14466	6.54084	1.4977	0.283488	-0.380243
7.45	1.14428	6.54583	1.49628	0.284986	-0.381232
7.455	1.14391	6.55081	1.49486	0.286486	-0.382218
7.46	1.14352	6.5558	1.49343	0.287988	-0.383202
7.465	1.14313	6.56078	1.49199	0.289492	-0.384182
7.47	1.14272	6.56577	1.49054	0.290998	-0.38516
7.475	1.14232	6.57075	1.48909	0.292506	-0.386134
7.48	1.1419	6.57573	1.48762	0.294016	-0.387105
7.485	1.14148	6.58072	1.48615	0.295528	-0.388074
7.49	1.14105	6.5857	1.48467	0.297042	-0.389039
7.495	1.14061	6.59068	1.48319	0.298559	-0.390001
7.5	1.14017	6.59566	1.4817	0.300077	-0.390959
7.505	1.13971	6.60064	1.4802	0.301598	-0.391915
7.51	1.13925	6.60562	1.47869	0.303121	-0.392867
7.515	1.13879	6.61059	1.47717	0.304645	-0.393816
7.52	1.13831	6.61557	1.47565	0.306172	-0.394762
7.525	1.13783	6.62055	1.47412	0.307701	-0.395704
7.53	1.13734	6.62552	1.47258	0.309232	-0.396643
7.535	1.13684	6.6305	1.47103	0.310765	-0.397579
7.54	1.13633	6.63547	1.46948	0.312299	-0.398511
7.545	1.13582	6.64045	1.46792	0.313836	-0.39944
7.55	1.1353	6.64542	1.46635	0.315376	-0.400365
7.555	1.13477	6.65039	1.46477	0.316917	-0.401287
7.56	1.13423	6.65536	1.46319	0.31846	-0.402205
7.565	1.13369	6.66033	1.4616	0.320005	-0.403119
7.57	1.13314	6.6653	1.46	0.321552	-0.40403
7.575	1.13257	6.67027	1.45839	0.323102	-0.404937
7.58	1.13201	6.67524	1.45677	0.324653	-0.405841
7.585	1.13143	6.68021	1.45515	0.326206	-0.406741
7.59	1.13084	6.68517	1.45352	0.327762	-0.407637
7.595	1.13025	6.69014	1.45188	0.329319	-0.408529
7.6	1.12965	6.6951	1.45023	0.330878	-0.409417
7.605	1.12904	6.70006	1.44858	0.33244	-0.410302
7.61	1.12842	6.70502	1.44692	0.334004	-0.411182
7.615	1.1278	6.70998	1.44525	0.335569	-0.412059
7.62	1.12716	6.71494	1.44357	0.337137	-0.412932
7.625	1.12652	6.7199	1.44188	0.338706	-0.4138
7.63	1.12587	6.72486	1.44019	0.340278	-0.414665
7.635	1.12521	6.72982	1.43849	0.341852	-0.415526
7.64	1.12454	6.73477	1.43678	0.343427	-0.416382
7.645	1.12386	6.73973	1.43506	0.345005	-0.417234
7.65	1.12318	6.74468	1.43334	0.346585	-0.418083
7.655	1.12248	6.74963	1.4316	0.348167	-0.418926
7.66	1.12178	6.75458	1.42986	0.34975	-0.419766
7.665	1.12107	6.75953	1.42811	0.351336	-0.420602
7.67	1.12035	6.76448	1.42636	0.352924	-0.421433
7.675	1.11962	6.76942	1.42459	0.354514	-0.422259
7.68	1.11889	6.77437	1.42282	0.356106	-0.423082
7.685	1.11814	6.77931	1.42104	0.3577	-0.423899
7.69	1.11738	6.78426	1.41925	0.359296	-0.424713
7.695	1.11662	6.7892	1.41745	0.360894	-0.425522
7.7	1.11585	6.79414	1.41565	0.362494	-0.426326
7.705	1.11507	6.79908	1.41384	0.364096	-0.427126
7.71	1.11428	6.80401	1.41202	0.3657	-0.427921
7.715	1.11348	6.80895	1.41019	0.367306	-0.428712
7.72	1.11267	6.81388	1.40835	0.368914	-0.429497
7.725	1.11185	6.81882	1.40651	0.370524	-0.430278
7.73	1.11102	6.82375	1.40465	0.372137	-0.431055
7.735	1.11019	6.82868	1.40279	0.373751	-0.431826
7.74	1.10934	6.83361	1.40093	0.375367	-0.432593
7.745	1.10849	6.83853	1.39905	0.376985	-0.433355
7.75	1.10762	6.84346	1.39716	0.378606	-0.434111
7.755	1.10675	6.84838	1.39527	0.380228	-0.434863
7.76	1.10587	6.8533	1.39337	0.381852	-0.43561
7.765	1.10498	6.85822	1.39146	0.383479	-0.436352
7.77	1.10408	6.86314	1.38954	0.385107	-0.437089
7.775	1.10316	6.86806	1.38762	0.386738	-0.43782
7.78	1.10224	6.87297	1.38568	0.38837	-0.438547
7.785	1.10131	6.87788	1.38374	0.390005	-0.439268
7.79	1.10037	6.88279	1.38179	0.391641	-0.439984
7.795	1.09943	6.8877	1.37983	0.39328	-0.440695
7.8	1.09847	6.89261	1.37787	0.394921	-0.4414
7.805	1.0975	6.89752	1.37589	0.396564	-0.4421
7.81	1.09652	6.90242	1.37391	0.398208	-0.442795
7.815	1.09553	6.90732	1.37192	0.399855	-0.443484
7.82	1.09454	6.91222	1.36992	0.401504	-0.444168
7.825	1.09353	6.91712	1.36791	0.403155	-0.444846
7.83	1.09251	6.92201	1.3659	0.404808	-0.445518
7.835	1.09148	6.92691	1.36387	0.406463	-0.446185
7.84	1.09045	6.9318	1.36184	0.40812	-0.446847
7.845	1.0894	6.93669	1.3598	0.409779	-0.447502
7.85	1.08834	6.94157	1.35775	0.411441	-0.448152
7.855	1.08727	6.94646	1.35569	0.413104	-0.448796
7.86	1.0862	6.95134	1.35363	0.41477	-0.449435
7.865	1.08511	6.95622	1.35155	0.416437	-0.450067
7.87	1.08401	6.9611	1.34947	0.418107	-0.450694
7.875	1.0829	6.96597	1.34738	0.419778	-0.451314
7.88	1.08179	6.97085	1.34528	0.421452	-0.451929
7.885	1.08066	6.97572	1.34317	0.423128	-0.452537
7.89	1.07952	6.98059	1.34106	0.424806	-0.45314
7.895	1.07837	6.98545	1.33894	0.426486	-0.453736
7.9	1.07721	6.99032	1.3368	0.428168	-0.454326
7.905	1.07604	6.99518	1.33466	0.429852	-0.45491
7.91	1.07486	7.00004	1.33251	0.431539	-0.455488
7.915	1.07367	7.00489	1.33035	0.433227	-0.456059
7.92	1.07247	7.00975	1.32819	0.434918	-0.456625
7.925	1.07126	7.0146	1.32601	0.43661	-0.457183
7.93	1.07004	7.01945	1.32383	0.438305	-0.457736
7.935	1.0688	7.02429	1.32164	0.440002	-0.458281
7.94	1.06756	7.02913	1.31944	0.441701	-0.458821
7.945	1.0663	7.03397	1.31723	0.443402	-0.459353
7.95	1.06504	7.03881	1.31501	0.445106	-0.459879
7.955	1.06376	7.04365	1.31279	0.446811	-0.460399
7.96	1.06248	7.04848	1.31055	0.448519	-0.460912
7.965	1.06118	7.05331	1.30831	0.450229	-0.461418
7.97	1.05987	7.05813	1.30606	0.451941	-0.461917
7.975	1.05855	7.06296	1.3038	0.453655	-0.462409
7.98	1.05722	7.06778	1.30153	0.455371	-0.462895
7.985	1.05588	7.07259	1.29926	0.457089	-0.463373
7.99	1.05453	7.07741	1.29697	0.45881	-0.463845
7.995	1.05317	7.08222	1.29468	0.460533	-0.464309
8	1.05179	7.08702	1.29237	0.462258	-0.464767
8.005	1.05041	7.09183	1.29006	0.463985	-0.465217
8.01	1.04901	7.09663	1.28774	0.465714	-0.465661
8.015	1.0476	7.10143	1.28541	0.467446	-0.466097
8.02	1.04618	7.10622	1.28308	0.46918	-0.466525
8.025	1.04475	7.11101	1.28073	0.470916	-0.466947
8.03	1.04331	7.1158	1.27838	0.472654	-0.467361
8.035	1.04186	7.12058	1.27601	0.474395	-0.467768
8.04	1.0404	7.12537	1.27364	0.476138	-0.468167
8.045	1.03892	7.13014	1.27126	0.477883	-0.468559
8.05	1.03743	7.13492	1.26887	0.47963	-0.468943
8.055	1.03593	7.13969	1.26647	0.481379	-0.46932
8.06	1.03443	7.14445	1.26407	0.483131	-0.469689
8.065	1.0329	7.14922	1.26165	0.484885	-0.47005
8.07	1.03137	7.15398	1.25923	0.486641	-0.470404
8.075	1.02983	7.15873	1.25679	0.4884	-0.47075
8.08	1.02827	7.16348	1.25435	0.490161	-0.471088
8.085	1.0267	7.16823	1.2519	0.491924	-0.471418
8.09	1.02512	7.17298	1.24944	0.49369	-0.47174
8.095	1.02353	7.17772	1.24697	0.495458	-0.472055
8.1	1.02193	7.18245	1.24449	0.497228	-0.472361
8.105	1.02032	7.18718	1.24201	0.499	-0.472659
8.11	1.01869	7.19191	1.23951	0.500775	-0.472949
8.115	1.01705	7.19664	1.23701	0.502553	-0.473231
8.12	1.0154	7.20136	1.2345	0.504332	-0.473505
8.125	1.01374	7.20607	1.23197	0.506114	-0.47377
8.13	1.01207	7.21078	1.22944	0.507899	-0.474027
8.135	1.01038	7.21549	1.2269	0.509685	-0.474276
8.14	1.00868	7.22019	1.22436	0.511474	-0.474517
8.145	1.00697	7.22489	1.2218	0.513266	-0.474748
8.15	1.00525	7.22959	1.21923	0.51506	-0.474972
8.155	1.00352	7.23428	1.21666	0.516856	-0.475187
8.16	1.00177	7.23896	1.21407	0.518655	-0.475393
8.165	1.00001	7.24364	1.21148	0.520457	-0.475591
8.17	0.998242	7.24832	1.20888	0.52226	-0.47578
8.175	0.996459	7.25299	1.20627	0.524067	-0.47596
8.18	0.994665	7.25766	1.20365	0.525875	-0.476131
8.185	0.992858	7.26232	1.20102	0.527687	-0.476294
8.19	0.991038	7.26698	1.19838	0.5295	-0.476447
8.195	0.989206	7.27163	1.19573	0.531316	-0.476592
8.2	0.987362	7.27628	1.19307	0.533135	-0.476728
8.205	0.985506	7.28092	1.19041	0.534957	-0.476854
8.21	0.983637	7.28556	1.18773	0.53678	-0.476972
8.215	0.981756	7.29019	1.18505	0.538607	-0.47708
8.22	0.979862	7.29482	1.18236	0.540436	-0.477179
8.225	0.977956	7.29944	1.17965	0.542267	-0.477269
8.23	0.976037	7.30406	1.17694	0.544102	-0.47735
8.235	0.974106	7.30867	1.17422	0.545938	-0.477421
8.24	0.972162	7.31327	1.17149	0.547778	-0.477483
8.245	0.970206	7.31788	1.16875	0.54962	-0.477535
8.25	0.968236	7.32247	1.16601	0.551465	-0.477578
8.255	0.966255	7.32706	1.16325	0.553312	-0.477611
8.26	0.96426	7.33165	1.16048	0.555162	-0.477635
8.265	0.962253	7.33623	1.15771	0.557015	-0.477649
8.27	0.960233	7.3408	1.15492	0.55887	-0.477653
8.275	0.9582	7.34537	1.15213	0.560728	-0.477648
8.28	0.956155	7.34993	1.14932	0.562589	-0.477633
8.285	0.954096	7.35449	1.14651	0.564453	-0.477608
8.29	0.952025	7.35904	1.14369	0.56632	-0.477573
8.295	0.949941	7.36358	1.14086	0.568189	-0.477528
8.3	0.947844	7.36812	1.13801	0.570061	-0.477473
8.305	0.945734	7.37265	1.13516	0.571936	-0.477408
8.31	0.943611	7.37718	1.1323	0.573814	-0.477333
8.315	0.941475	7.3817	1.12944	0.575694	-0.477248
8.32	0.939327	7.38622	1.12656	0.577578	-0.477152
8.325	0.937165	7.39073	1.12367	0.579464	-0.477046
8.33	0.93499	7.39523	1.12077	0.581353	-0.47693
8.335	0.932802	7.39972	1.11787	0.583246	-0.476804
8.34	0.930601	7.40421	1.11495	0.585141	-0.476667
8.345	0.928386	7.4087	1.11202	0.587039	-0.47652
8.35	0.926159	7.41317	1.10909	0.58894	-0.476362
8.355	0.923918	7.41764	1.10614	0.590844	-0.476194
8.36	0.921665	7.42211	1.10319	0.592751	-0.476015
8.365	0.919398	7.42656	1.10023	0.594661	-0.475825
8.37	0.917117	7.43101	1.09725	0.596575	-0.475625
8.375	0.914824	7.43546	1.09427	0.598491	-0.475414
8.38	0.912517	7.43989	1.09128	0.60041	-0.475192
8.385	0.910197	7.44432	1.08827	0.602333	-0.474959
8.39	0.907864	7.44874	1.08526	0.604258	-0.474716
8.395	0.905517	7.45316	1.08224	0.606187	-0.474461
8.4	0.903157	7.45757	1.07921	0.608119	-0.474196
8.405	0.900783	7.46197	1.07617	0.610055	-0.473919
8.41	0.898396	7.46636	1.07312	0.611993	-0.473631
8.415	0.895996	7.47075	1.07006	0.613935	-0.473332
8.42	0.893582	7.47512	1.06699	0.61588	-0.473022
8.425	0.891155	7.4795	1.06391	0.617828	-0.472701
8.43	0.888714	7.48386	1.06082	0.61978	-0.472368
8.435	0.88626	7.48822	1.05772	0.621735	-0.472024
8.44	0.883792	7.49257	1.05461	0.623693	-0.471669
8.445	0.881311	7.49691	1.0515	0.625655	-0.471302
8.45	0.878816	7.50124	1.04837	0.627621	-0.470923
8.455	0.876307	7.50556	1.04523	0.629589	-0.470533
8.46	0.873785	7.50988	1.04208	0.631562	-0.470132
8.465	0.87125	7.51419	1.03892	0.633537	-0.469719
8.47	0.8687	7.51849	1.03576	0.635517	-0.469294
8.475	0.866137	7.52278	1.03258	0.637499	-0.468857
8.48	0.86356	7.52707	1.02939	0.639486	-0.468409
8.485	0.86097	7.53135	1.02619	0.641476	-0.467949
8.49	0.858366	7.53561	1.02299	0.64347	-0.467477
8.495	0.855748	7.53987	1.01977	0.645467	-0.466992
8.5	0.853117	7.54413	1.01654	0.647469	-0.466496
8.505	0.850471	7.54837	1.0133	0.649474	-0.465988
8.51	0.847812	7.5526	1.01006	0.651482	-0.465468
8.515	0.845139	7.55683	1.0068	0.653495	-0.464936
8.52	0.842453	7.56105	1.00353	0.655511	-0.464392
8.525	0.839752	7.56525	1.00025	0.657532	-0.463835
8.53	0.837038	7.56945	0.996966	0.659556	-0.463266
8.535	0.83431	7.57364	0.993669	0.661584	-0.462685
8.54	0.831568	7.57782	0.990361	0.663617	-0.462091
8.545	0.828812	7.582	0.987043	0.665653	-0.461485
8.55	0.826042	7.58616	0.983714	0.667693	-0.460867
8.555	0.823259	7.59031	0.980376	0.669738	-0.460236
8.56	0.820462	7.59446	0.977027	0.671787	-0.459592
8.565	0.81765	7.59859	0.973668	0.673839	-0.458936
8.57	0.814825	7.60272	0.970299	0.675896	-0.458268
8.575	0.811986	7.60683	0.96692	0.677958	-0.457586
8.58	0.809133	7.61094	0.96353	0.680023	-0.456892
8.585	0.806266	7.61503	0.96013	0.682094	-0.456186
8.59	0.803384	7.61912	0.956719	0.684168	-0.455466
8.595	0.800489	7.6232	0.953298	0.686247	-0.454733
8.6	0.797581	7.62726	0.949867	0.68833	-0.453988
8.605	0.794658	7.63132	0.946425	0.690418	-0.45323
8.61	0.791721	7.63537	0.942973	0.692511	-0.452458
8.615	0.78877	7.6394	0.939511	0.694608	-0.451674
8.62	0.785805	7.64343	0.936038	0.696709	-0.450877
8.625	0.782826	7.64744	0.932554	0.698816	-0.450066
8.63	0.779833	7.65145	0.92906	0.700927	-0.449242
8.635	0.776826	7.65545	0.925556	0.703043	-0.448406
8.64	0.773805	7.65943	0.92204	0.705164	-0.447555
8.645	0.77077	7.6634	0.918515	0.70729	-0.446692
8.65	0.767721	7.66737	0.914978	0.709421	-0.445815
8.655	0.764658	7.67132	0.911431	0.711557	-0.444925
8.66	0.761581	7.67526	0.907873	0.713698	-0.444022
8.665	0.75849	7.67919	0.904305	0.715844	-0.443105
8.67	0.755385	7.68311	0.900725	0.717996	-0.442174
8.675	0.752265	7.68702	0.897135	0.720152	-0.44123
8.68	0.749132	7.69091	0.893535	0.722315	-0.440273
8.685	0.745985	7.6948	0.889923	0.724482	-0.439301
8.69	0.742823	7.69867	0.886301	0.726655	-0.438317
8.695	0.739648	7.70253	0.882667	0.728833	-0.437318
8.7	0.736458	7.70638	0.879023	0.731017	-0.436306
8.705	0.733255	7.71022	0.875368	0.733207	-0.43528
8.71	0.730037	7.71405	0.871702	0.735402	-0.43424
8.715	0.726805	7.71786	0.868025	0.737603	-0.433186
8.72	0.72356	7.72167	0.864337	0.73981	-0.432119
8.725	0.7203	7.72546	0.860638	0.742023	-0.431037
8.73	0.717026	7.72924	0.856928	0.744242	-0.429942
8.735	0.713738	7.73301	0.853207	0.746467	-0.428833
8.74	0.710436	7.73676	0.849474	0.748699	-0.427709
8.745	0.70712	7.7405	0.845731	0.750936	-0.426572
8.75	0.70379	7.74423	0.841976	0.75318	-0.42542
8.755	0.700446	7.74795	0.83821	0.75543	-0.424254
8.76	0.697088	7.75165	0.834433	0.757686	-0.423074
8.765	0.693716	7.75535	0.830645	0.75995	-0.42188
8.77	0.69033	7.75902	0.826845	0.76222	-0.420672
8.775	0.68693	7.76269	0.823034	0.764496	-0.419449
8.78	0.683516	7.76634	0.819211	0.76678	-0.418212
8.785	0.680088	7.76998	0.815378	0.76907	-0.416961
8.79	0.676647	7.77361	0.811532	0.771367	-0.415695
8.795	0.673191	7.77722	0.807675	0.773672	-0.414415
8.8	0.669721	7.78082	0.803807	0.775984	-0.41312
8.805	0.666237	7.78441	0.799927	0.778303	-0.411811
8.81	0.662739	7.78798	0.796036	0.780629	-0.410487
8.815	0.659228	7.79154	0.792132	0.782963	-0.409149
8.82	0.655702	7.79509	0.788218	0.785305	-0.407796
8.825	0.652163	7.79862	0.784291	0.787654	-0.406429
8.83	0.648609	7.80214	0.780353	0.790011	-0.405047
8.835	0.645042	7.80564	0.776403	0.792376	-0.40365
8.84	0.641461	7.80913	0.772441	0.79475	-0.402239
8.845	0.637866	7.8126	0.768467	0.797131	-0.400813
8.85	0.634257	7.81607	0.764482	0.799521	-0.399372
8.855	0.630635	7.81951	0.760484	0.801919	-0.397916
8.86	0.626999	7.82294	0.756474	0.804326	-0.396446
8.865	0.623349	7.82636	0.752453	0.806742	-0.39496
8.87	0.619685	7.82976	0.748419	0.809166	-0.39346
8.875	0.616007	7.83315	0.744373	0.811599	-0.391945
8.88	0.612316	7.83652	0.740315	0.814042	-0.390415
8.885	0.608611	7.83988	0.736245	0.816494	-0.388869
8.89	0.604892	7.84322	0.732163	0.818955	-0.387309
8.895	0.60116	7.84655	0.728068	0.821426	-0.385734
8.9	0.597414	7.84986	0.723961	0.823907	-0.384144
8.905	0.593655	7.85316	0.719841	0.826397	-0.382539
8.91	0.589881	7.85644	0.715709	0.828898	-0.380918
8.915	0.586095	7.8597	0.711565	0.831408	-0.379283
8.92	0.582294	7.86295	0.707408	0.833929	-0.377632
8.925	0.578481	7.86619	0.703238	0.836461	-0.375966
8.93	0.574653	7.8694	0.699056	0.839004	-0.374285
8.935	0.570813	7.87261	0.694861	0.841557	-0.372589
8.94	0.566959	7.87579	0.690653	0.844122	-0.370877
8.945	0.563091	7.87896	0.686432	0.846698	-0.36915
8.95	0.55921	7.88211	0.682199	0.849285	-0.367408
8.955	0.555316	7.88525	0.677952	0.851884	-0.365651
8.96	0.551408	7.88837	0.673693	0.854496	-0.363878
8.965	0.547487	7.89147	0.66942	0.857119	-0.36209
8.97	0.543553	7.89456	0.665135	0.859755	-0.360286
8.975	0.539606	7.89763	0.660836	0.862403	-0.358467
8.98	0.535645	7.90068	0.656524	0.865064	-0.356632
8.985	0.531671	7.90371	0.652199	0.867738	-0.354782
8.99	0.527684	7.90673	0.64786	0.870426	-0.352917
8.995	0.523684	7.90973	0.643508	0.873127	-0.351036
9	0.519671	7.91271	0.639142	0.875842	-0.349139
9.005	0.515645	7.91568	0.634763	0.878571	-0.347227
9.01	0.511606	7.91862	0.63037	0.881315	-0.345299
9.015	0.507554	7.92155	0.625964	0.884073	-0.343356
9.02	0.503489	7.92447	0.621543	0.886847	-0.341397
9.025	0.499412	7.92736	0.617109	0.889635	-0.339422
9.03	0.495321	7.93023	0.612661	0.892439	-0.337431
9.035	0.491218	7.93309	0.608199	0.895259	-0.335425
9.04	0.487101	7.93593	0.603722	0.898096	-0.333404
9.045	0.482973	7.93875	0.599232	0.900949	-0.331366
9.05	0.478831	7.94155	0.594727	0.903819	-0.329313
9.055	0.474677	7.94433	0.590208	0.906706	-0.327244
9.06	0.47051	7.9471	0.585675	0.909611	-0.325159
9.065	0.466331	7.94984	0.581127	0.912534	-0.323058
9.07	0.462139	7.95257	0.576564	0.915476	-0.320941
9.075	0.457935	7.95527	0.571986	0.918436	-0.318809
9.08	0.453719	7.95796	0.567394	0.921416	-0.31666
9.085	0.44949	7.96063	0.562787	0.924415	-0.314496
9.09	0.445249	7.96328	0.558165	0.927435	-0.312316
9.095	0.440995	7.96591	0.553528	0.930475	-0.310119
9.1	0.43673	7.96851	0.548876	0.933537	-0.307907
9.105	0.432452	7.9711	0.544208	0.93662	-0.305679
9.11	0.428162	7.97367	0.539525	0.939725	-0.303434
9.115	0.423861	7.97622	0.534826	0.942853	-0.301174
9.12	0.419547	7.97875	0.530112	0.946005	-0.298897
9.125	0.415221	7.98126	0.525382	0.94918	-0.296605
9.13	0.410884	7.98374	0.520636	0.95238	-0.294296
9.135	0.406534	7.98621	0.515874	0.955605	-0.291971
9.14	0.402173	7.98866	0.511096	0.958855	-0.28963
9.145	0.397801	7.99108	0.506302	0.962132	-0.287272
9.15	0.393416	7.99348	0.501491	0.965436	-0.284899
9.155	0.38902	7.99587	0.496664	0.968768	-0.282509
9.16	0.384613	7.99823	0.49182	0.972128	-0.280103
9.165	0.380194	8.00057	0.486959	0.975518	-0.27768
9.17	0.375764	8.00289	0.482082	0.978938	-0.275241
9.175	0.371323	8.00518	0.477187	0.982389	-0.272786
9.18	0.36687	8.00746	0.472275	0.985872	-0.270314
9.185	0.362406	8.00971	0.467346	0.989387	-0.267825
9.19	0.357931	8.01194	0.462399	0.992936	-0.26532
9.195	0.353445	8.01415	0.457434	0.99652	-0.262799
9.2	0.348948	8.01634	0.452452	1.00014	-0.260261
9.205	0.344441	8.0185	0.447451	1.0038	-0.257706
9.21	0.339922	8.02064	0.442432	1.00749	-0.255135
9.215	0.335393	8.02276	0.437394	1.01122	-0.252547
9.22	0.330853	8.02485	0.432338	1.015	-0.249942
9.225	0.326302	8.02693	0.427263	1.01881	-0.247321
9.23	0.321741	8.02897	0.422169	1.02267	-0.244682
9.235	0.31717	8.031	0.417056	1.02658	-0.242027
9.24	0.312588	8.033	0.411923	1.03052	-0.239354
9.245	0.307996	8.03498	0.40677	1.03452	-0.236665
9.25	0.303394	8.03693	0.401598	1.03857	-0.233959
9.255	0.298782	8.03886	0.396405	1.04266	-0.231235
9.26	0.294159	8.04077	0.391192	1.04681	-0.228495
9.265	0.289527	8.04265	0.385958	1.05102	-0.225737
9.27	0.284885	8.04451	0.380702	1.05527	-0.222961
9.275	0.280233	8.04634	0.375426	1.05959	-0.220169
9.28	0.275572	8.04815	0.370128	1.06397	-0.217359
9.285	0.270901	8.04994	0.364808	1.06842	-0.214531
9.29	0.266221	8.05169	0.359466	1.07292	-0.211686
9.295	0.261531	8.05343	0.354102	1.0775	-0.208823
9.3	0.256832	8.05514	0.348714	1.08215	-0.205943
9.305	0.252123	8.05682	0.343303	1.08687	-0.203044
9.31	0.247406	8.05848	0.337869	1.09167	-0.200128
9.315	0.24268	8.06011	0.332411	1.09655	-0.197193
9.32	0.237945	8.06172	0.326928	1.10152	-0.194241
9.325	0.233201	8.06329	0.32142	1.10657	-0.19127
9.33	0.228448	8.06485	0.315887	1.11171	-0.188281
9.335	0.223687	8.06637	0.310329	1.11695	-0.185273
9.34	0.218917	8.06787	0.304744	1.1223	-0.182247
9.345	0.214139	8.06935	0.299133	1.12774	-0.179202
9.35	0.209353	8.0708	0.293494	1.1333	-0.176138
9.355	0.204559	8.07221	0.287827	1.13898	-0.173056
9.36	0.199757	8.07361	0.282132	1.14478	-0.169954
9.365	0.194946	8.07497	0.276409	1.15072	-0.166833
9.37	0.190128	8.07631	0.270655	1.15679	-0.163693
9.375	0.185303	8.07762	0.264871	1.163	-0.160533
9.38	0.18047	8.0789	0.259056	1.16937	-0.157354
9.385	0.175629	8.08015	0.253209	1.17591	-0.154155
9.39	0.170781	8.08138	0.24733	1.18262	-0.150936
9.395	0.165926	8.08257	0.241417	1.18951	-0.147697
9.4	0.161064	8.08374	0.235469	1.19661	-0.144438
9.405	0.156195	8.08487	0.229486	1.20391	-0.141159
9.41	0.15132	8.08598	0.223466	1.21145	-0.137859
9.415	0.146437	8.08706	0.217409	1.21923	-0.134538
9.42	0.141548	8.08811	0.211313	1.22727	-0.131197
9.425	0.136653	8.08913	0.205177	1.2356	-0.127835
9.43	0.131752	8.09012	0.198999	1.24424	-0.124453
9.435	0.126845	8.09107	0.192777	1.25322	-0.12105
9.44	0.121931	8.092	0.186511	1.26257	-0.117626
9.445	0.117012	8.0929	0.180198	1.27233	-0.114181
9.45	0.112088	8.09376	0.173837	1.28253	-0.110717
9.455	0.107158	8.0946	0.167424	1.29323	-0.107232
9.46	0.102222	8.0954	0.160958	1.30448	-0.103729
9.465	0.0972817	8.09617	0.154436	1.31635	-0.100206
9.47	0.0923363	8.0969	0.147854	1.32893	-0.0966663
9.475	0.087386	8.09761	0.141209	1.3423	-0.0931106
9.48	0.0824312	8.09828	0.134498	1.3566	-0.089541
9.485	0.0774719	8.09891	0.127715	1.37197	-0.0859604
9.49	0.0725084	8.09952	0.120855	1.38859	-0.0823727
9.495	0.0675408	8.10008	0.113912	1.40672	-0.0787834
9.5	0.0625693	8.10062	0.106878	1.42667	-0.0752002
9.505	0.0575942	8.10112	0.0997449	1.44887	-0.0716338
9.51	0.0526156	8.10158	0.0925006	1.47392	-0.0681
9.515	0.0476337	8.102	0.085131	1.50268	-0.0646221
9.52	0.0426487	8.10239	0.0776176	1.53642	-0.0612353
9.525	0.0376609	8.10274	0.0699355	1.57715	-0.0579956
9.53	0.0326706	8.10305	0.0620498	1.62822	-0.054995
9.535	0.0276778	8.10332	0.0539087	1.69562	-0.0523958
9.54	0.022683	8.10355	0.0454306	1.79124	-0.0505069
9.545	0.0176863	8.10373	0.0364744	1.94202	-0.0499922
9.55	0.0126881	8.10386	0.0267643	2.2218	-0.0525671
9.555	0.00768872	8.10394	0.0156553	2.90518	-0.0644517
9.56	0.00268873	8.10394	0.00112941	5.81947	-0.137824
