descriptor s_test R_test Z_test
0	1.6672	9.99999e-06	0.002	-0.402023	-0.00161646
0.005	1.6622	3.00505e-05	0.00401012	-0.40405	-0.0032494
0.01	1.6572	6.02022e-05	0.00603037	-0.40608	-0.00489884
0.015	1.6522	0.000100506	0.00806077	-0.408113	-0.00656479
0.02	1.6472	0.000151011	0.0101013	-0.41015	-0.00824728
0.025	1.6422	0.00021177	0.0121521	-0.41219	-0.00994632
0.03	1.6372	0.000282833	0.014213	-0.414234	-0.0116619
0.035	1.6322	0.000364251	0.0162842	-0.416282	-0.0133941
0.04	1.6272	0.000456073	0.0183656	-0.418334	-0.0151429
0.045	1.6222	0.000558353	0.0204573	-0.420389	-0.0169083
0.05	1.6172	0.000671139	0.0225592	-0.422448	-0.0186904
0.055	1.6122	0.000794484	0.0246715	-0.424511	-0.0204891
0.06	1.6072	0.000928438	0.026794	-0.426579	-0.0223045
0.065	1.60221	0.00107305	0.0289269	-0.42865	-0.0241365
0.07	1.59721	0.00122838	0.0310702	-0.430726	-0.0259853
0.075	1.59221	0.00139447	0.0332238	-0.432807	-0.0278507
0.08	1.58721	0.00157137	0.0353878	-0.434892	-0.0297329
0.085	1.58222	0.00175914	0.0375623	-0.436981	-0.0316319
0.09	1.57722	0.00195782	0.0397472	-0.439075	-0.0335476
0.095	1.57223	0.00216747	0.0419426	-0.441174	-0.0354801
0.1	1.56723	0.00238814	0.0441485	-0.443278	-0.0374294
0.105	1.56224	0.00261988	0.0463648	-0.445386	-0.0393955
0.11	1.55724	0.00286275	0.0485918	-0.4475	-0.0413785
0.115	1.55225	0.00311678	0.0508293	-0.449619	-0.0433782
0.12	1.54726	0.00338205	0.0530774	-0.451743	-0.0453948
0.125	1.54226	0.00365859	0.0553361	-0.453873	-0.0474283
0.13	1.53727	0.00394645	0.0576055	-0.456008	-0.0494787
0.135	1.53228	0.0042457	0.0598855	-0.458148	-0.051546
0.14	1.52729	0.00455638	0.0621762	-0.460294	-0.0536302
0.145	1.5223	0.00487855	0.0644777	-0.462446	-0.0557313
0.15	1.51731	0.00521225	0.0667899	-0.464604	-0.0578493
0.155	1.51232	0.00555754	0.069113	-0.466768	-0.0599843
0.16	1.50734	0.00591447	0.0714468	-0.468938	-0.0621363
0.165	1.50235	0.00628309	0.0737915	-0.471114	-0.0643052
0.17	1.49737	0.00666346	0.0761471	-0.473296	-0.0664911
0.175	1.49238	0.00705562	0.0785135	-0.475485	-0.0686941
0.18	1.4874	0.00745964	0.080891	-0.477681	-0.070914
0.185	1.48241	0.00787555	0.0832794	-0.479883	-0.073151
0.19	1.47743	0.00830342	0.0856788	-0.482091	-0.075405
0.195	1.47245	0.0087433	0.0880893	-0.484307	-0.0776761
0.2	1.46747	0.00919524	0.0905108	-0.48653	-0.0799642
0.205	1.46249	0.00965928	0.0929434	-0.488759	-0.0822695
0.21	1.45752	0.0101355	0.0953872	-0.490996	-0.0845918
0.215	1.45254	0.0106239	0.0978422	-0.493241	-0.0869312
0.22	1.44757	0.0111246	0.100308	-0.495492	-0.0892877
0.225	1.44259	0.0116377	0.102786	-0.497752	-0.0916614
0.23	1.43762	0.0121631	0.105275	-0.500019	-0.0940522
0.235	1.43265	0.0127009	0.107775	-0.502294	-0.0964601
0.24	1.42768	0.0132512	0.110286	-0.504577	-0.0988852
0.245	1.42271	0.0138141	0.112809	-0.506868	-0.101327
0.25	1.41774	0.0143895	0.115343	-0.509168	-0.103787
0.255	1.41278	0.0149776	0.117889	-0.511475	-0.106264
0.26	1.40782	0.0155784	0.120447	-0.513792	-0.108757
0.265	1.40285	0.0161919	0.123016	-0.516117	-0.111268
0.27	1.39789	0.0168182	0.125596	-0.51845	-0.113797
0.275	1.39293	0.0174574	0.128188	-0.520793	-0.116342
0.28	1.38798	0.0181095	0.130792	-0.523145	-0.118905
0.285	1.38302	0.0187746	0.133408	-0.525506	-0.121485
0.29	1.37807	0.0194526	0.136036	-0.527876	-0.124082
0.295	1.37312	0.0201438	0.138675	-0.530256	-0.126697
0.3	1.36816	0.0208481	0.141326	-0.532646	-0.129329
0.305	1.36322	0.0215655	0.14399	-0.535045	-0.131978
0.31	1.35827	0.0222962	0.146665	-0.537454	-0.134644
0.315	1.35333	0.0230402	0.149352	-0.539873	-0.137328
0.32	1.34838	0.0237976	0.152051	-0.542303	-0.140029
0.325	1.34344	0.0245683	0.154763	-0.544743	-0.142747
0.33	1.33851	0.0253525	0.157487	-0.547194	-0.145483
0.335	1.33357	0.0261502	0.160223	-0.549655	-0.148235
0.34	1.32864	0.0269614	0.162971	-0.552127	-0.151006
0.345	1.3237	0.0277863	0.165732	-0.554611	-0.153793
0.35	1.31877	0.0286248	0.168505	-0.557105	-0.156598
0.355	1.31385	0.0294771	0.17129	-0.559611	-0.159421
0.36	1.30892	0.0303431	0.174088	-0.562128	-0.16226
0.365	1.304	0.031223	0.176899	-0.564658	-0.165118
0.37	1.29908	0.0321168	0.179722	-0.567199	-0.167992
0.375	1.29417	0.0330245	0.182558	-0.569752	-0.170884
0.38	1.28925	0.0339463	0.185407	-0.572317	-0.173793
0.385	1.28434	0.0348821	0.188268	-0.574895	-0.17672
0.39	1.27943	0.035832	0.191143	-0.577486	-0.179664
0.395	1.27452	0.036796	0.19403	-0.580089	-0.182625
0.4	1.26962	0.0377743	0.196931	-0.582705	-0.185604
0.405	1.26472	0.0387669	0.199844	-0.585335	-0.1886
0.41	1.25982	0.0397738	0.202771	-0.587977	-0.191614
0.415	1.25493	0.0407952	0.205711	-0.590634	-0.194645
0.42	1.25004	0.0418309	0.208664	-0.593304	-0.197693
0.425	1.24515	0.0428812	0.211631	-0.595987	-0.200759
0.43	1.24026	0.043946	0.21461	-0.598685	-0.203842
0.435	1.23538	0.0450255	0.217604	-0.601398	-0.206943
0.44	1.2305	0.0461196	0.220611	-0.604125	-0.210061
0.445	1.22563	0.0472285	0.223632	-0.606866	-0.213196
0.45	1.22075	0.0483521	0.226666	-0.609623	-0.216349
0.455	1.21589	0.0494906	0.229714	-0.612394	-0.219519
0.46	1.21102	0.050644	0.232776	-0.615181	-0.222707
0.465	1.20616	0.0518124	0.235852	-0.617984	-0.225912
0.47	1.2013	0.0529957	0.238942	-0.620802	-0.229135
0.475	1.19645	0.0541942	0.242046	-0.623636	-0.232375
0.48	1.1916	0.0554078	0.245164	-0.626487	-0.235632
0.485	1.18675	0.0566365	0.248296	-0.629354	-0.238907
0.49	1.18191	0.0578805	0.251443	-0.632237	-0.242199
0.495	1.17707	0.0591398	0.254604	-0.635137	-0.245508
0.5	1.17223	0.0604145	0.25778	-0.638055	-0.248835
0.505	1.1674	0.0617046	0.26097	-0.64099	-0.252179
0.51	1.16258	0.0630102	0.264175	-0.643942	-0.255541
0.515	1.15775	0.0643313	0.267395	-0.646912	-0.258919
0.52	1.15294	0.065668	0.27063	-0.6499	-0.262316
0.525	1.14812	0.0670203	0.273879	-0.652907	-0.265729
0.53	1.14331	0.0683884	0.277144	-0.655931	-0.26916
0.535	1.13851	0.0697722	0.280423	-0.658975	-0.272608
0.54	1.13371	0.0711718	0.283718	-0.662038	-0.276074
0.545	1.12891	0.0725873	0.287028	-0.665119	-0.279556
0.55	1.12412	0.0740188	0.290354	-0.668221	-0.283056
0.555	1.11934	0.0754662	0.293695	-0.671342	-0.286573
0.56	1.11456	0.0769297	0.297052	-0.674483	-0.290108
0.565	1.10978	0.0784094	0.300424	-0.677644	-0.293659
0.57	1.10501	0.0799052	0.303812	-0.680825	-0.297228
0.575	1.10024	0.0814172	0.307216	-0.684028	-0.300814
0.58	1.09548	0.0829455	0.310637	-0.687251	-0.304417
0.585	1.09073	0.0844902	0.314073	-0.690496	-0.308037
0.59	1.08598	0.0860513	0.317525	-0.693762	-0.311675
0.595	1.08123	0.0876288	0.320994	-0.69705	-0.315329
0.6	1.07649	0.0892229	0.324479	-0.700361	-0.319001
0.605	1.07176	0.0908336	0.327981	-0.703693	-0.322689
0.61	1.06703	0.0924609	0.3315	-0.707048	-0.326394
0.615	1.06231	0.0941049	0.335035	-0.710426	-0.330117
0.62	1.05759	0.0957657	0.338587	-0.713827	-0.333856
0.625	1.05288	0.0974432	0.342156	-0.717252	-0.337612
0.63	1.04818	0.0991377	0.345742	-0.720701	-0.341385
0.635	1.04348	0.100849	0.349346	-0.724173	-0.345175
0.64	1.03879	0.102578	0.352967	-0.72767	-0.348981
0.645	1.0341	0.104323	0.356605	-0.731191	-0.352805
0.65	1.02942	0.106086	0.360261	-0.734737	-0.356644
0.655	1.02475	0.107865	0.363935	-0.738309	-0.360501
0.66	1.02009	0.109662	0.367626	-0.741906	-0.364374
0.665	1.01543	0.111477	0.371336	-0.745528	-0.368264
0.67	1.01077	0.113308	0.375064	-0.749177	-0.37217
0.675	1.00613	0.115157	0.378809	-0.752852	-0.376092
0.68	1.00149	0.117024	0.382574	-0.756554	-0.380031
0.685	0.996859	0.118908	0.386356	-0.760282	-0.383986
0.69	0.992235	0.12081	0.390158	-0.764038	-0.387958
0.695	0.987618	0.122729	0.393978	-0.767822	-0.391945
0.7	0.983009	0.124666	0.397817	-0.771633	-0.395949
0.705	0.978406	0.126621	0.401675	-0.775472	-0.399969
0.71	0.973812	0.128594	0.405553	-0.77934	-0.404004
0.715	0.969225	0.130584	0.409449	-0.783237	-0.408056
0.72	0.964646	0.132593	0.413366	-0.787162	-0.412123
0.725	0.960076	0.134619	0.417301	-0.791117	-0.416206
0.73	0.955513	0.136664	0.421257	-0.795102	-0.420305
0.735	0.950958	0.138726	0.425232	-0.799117	-0.424419
0.74	0.946412	0.140807	0.429228	-0.803162	-0.428548
0.745	0.941873	0.142906	0.433244	-0.807237	-0.432693
0.75	0.937344	0.145023	0.43728	-0.811343	-0.436854
0.755	0.932823	0.147159	0.441337	-0.815481	-0.441029
0.76	0.928311	0.149313	0.445414	-0.81965	-0.445219
0.765	0.923808	0.151486	0.449512	-0.82385	-0.449424
0.77	0.919313	0.153677	0.453632	-0.828083	-0.453644
0.775	0.914828	0.155887	0.457772	-0.832348	-0.457879
0.78	0.910352	0.158115	0.461934	-0.836646	-0.462128
0.785	0.905886	0.160362	0.466117	-0.840976	-0.466392
0.79	0.901428	0.162628	0.470322	-0.84534	-0.47067
0.795	0.896981	0.164913	0.474549	-0.849737	-0.474962
0.8	0.892543	0.167217	0.478797	-0.854168	-0.479267
0.805	0.888115	0.169539	0.483068	-0.858634	-0.483587
0.81	0.883697	0.171881	0.487361	-0.863133	-0.487921
0.815	0.87929	0.174241	0.491677	-0.867667	-0.492268
0.82	0.874892	0.176621	0.496015	-0.872236	-0.496628
0.825	0.870505	0.179019	0.500377	-0.87684	-0.501001
0.83	0.866129	0.181437	0.504761	-0.881479	-0.505388
0.835	0.861763	0.183875	0.509168	-0.886154	-0.509787
0.84	0.857408	0.186331	0.513599	-0.890865	-0.514198
0.845	0.853064	0.188807	0.518053	-0.895611	-0.518622
0.85	0.848731	0.191303	0.522531	-0.900395	-0.523059
0.855	0.84441	0.193817	0.527033	-0.905214	-0.527507
0.86	0.8401	0.196352	0.531559	-0.910071	-0.531967
0.865	0.835801	0.198906	0.53611	-0.914964	-0.536438
0.87	0.831515	0.201479	0.540685	-0.919895	-0.540921
0.875	0.82724	0.204073	0.545284	-0.924862	-0.545415
0.88	0.822977	0.206686	0.549908	-0.929868	-0.549919
0.885	0.818726	0.209319	0.554558	-0.934911	-0.554434
0.89	0.814488	0.211971	0.559232	-0.939991	-0.558959
0.895	0.810262	0.214644	0.563932	-0.94511	-0.563494
0.9	0.806049	0.217336	0.568658	-0.950267	-0.568039
0.905	0.801849	0.220049	0.573409	-0.955462	-0.572592
0.91	0.797661	0.222781	0.578186	-0.960695	-0.577155
0.915	0.793487	0.225534	0.58299	-0.965967	-0.581727
0.92	0.789327	0.228307	0.58782	-0.971277	-0.586307
0.925	0.785179	0.2311	0.592676	-0.976626	-0.590895
0.93	0.781046	0.233913	0.597559	-0.982013	-0.595491
0.935	0.776926	0.236746	0.602469	-0.987439	-0.600094
0.94	0.77282	0.2396	0.607406	-0.992903	-0.604704
0.945	0.768729	0.242474	0.612371	-0.998406	-0.60932
0.95	0.764652	0.245368	0.617363	-1.00395	-0.613943
0.955	0.760589	0.248283	0.622383	-1.00953	-0.618571
0.96	0.756542	0.251219	0.62743	-1.01515	-0.623204
0.965	0.752509	0.254174	0.632506	-1.0208	-0.627843
0.97	0.748491	0.257151	0.63761	-1.0265	-0.632485
0.975	0.744489	0.260148	0.642743	-1.03223	-0.637132
0.98	0.740502	0.263165	0.647904	-1.038	-0.641782
0.985	0.736531	0.266203	0.653094	-1.04381	-0.646435
0.99	0.732576	0.269262	0.658313	-1.04965	-0.65109
0.995	0.728637	0.272342	0.663561	-1.05553	-0.655747
1	0.724715	0.275442	0.668839	-1.06145	-0.660406
1.005	0.720808	0.278564	0.674146	-1.06741	-0.665065
1.01	0.716919	0.281705	0.679483	-1.0734	-0.669725
1.015	0.713046	0.284868	0.68485	-1.07943	-0.674384
1.02	0.709191	0.288052	0.690247	-1.08549	-0.679042
1.025	0.705353	0.291256	0.695675	-1.09158	-0.683699
1.03	0.701532	0.294482	0.701132	-1.09771	-0.688353
1.035	0.697729	0.297728	0.706621	-1.10388	-0.693005
1.04	0.693945	0.300995	0.71214	-1.11008	-0.697653
1.045	0.690178	0.304284	0.717691	-1.1163	-0.702296
1.05	0.68643	0.307593	0.723272	-1.12257	-0.706935
1.055	0.6827	0.310923	0.728885	-1.12886	-0.711568
1.06	0.678989	0.314274	0.734529	-1.13518	-0.716194
1.065	0.675298	0.317647	0.740205	-1.14153	-0.720813
1.07	0.671625	0.32104	0.745913	-1.14791	-0.725424
1.075	0.667972	0.324454	0.751653	-1.15432	-0.730026
1.08	0.664339	0.327889	0.757424	-1.16075	-0.734618
1.085	0.660726	0.331345	0.763228	-1.16721	-0.7392
1.09	0.657134	0.334823	0.769064	-1.17369	-0.74377
1.095	0.653561	0.338321	0.774932	-1.1802	-0.748328
1.1	0.65001	0.341841	0.780833	-1.18672	-0.752873
1.105	0.646479	0.345381	0.786767	-1.19327	-0.757403
1.11	0.642969	0.348942	0.792733	-1.19984	-0.761918
1.115	0.639481	0.352525	0.798733	-1.20642	-0.766417
1.12	0.636015	0.356128	0.804765	-1.21302	-0.770899
1.125	0.63257	0.359752	0.81083	-1.21964	-0.775362
1.13	0.629148	0.363397	0.816928	-1.22627	-0.779806
1.135	0.625748	0.367064	0.823059	-1.23291	-0.78423
1.14	0.622371	0.370751	0.829224	-1.23955	-0.788632
1.145	0.619017	0.374459	0.835422	-1.24621	-0.793011
1.15	0.615685	0.378187	0.841653	-1.25287	-0.797367
1.155	0.612378	0.381937	0.847917	-1.25954	-0.801698
1.16	0.609094	0.385707	0.854215	-1.2662	-0.806002
1.165	0.605833	0.389498	0.860546	-1.27287	-0.810279
1.17	0.602598	0.39331	0.86691	-1.27953	-0.814527
1.175	0.599386	0.397142	0.873308	-1.28619	-0.818745
1.18	0.596199	0.400995	0.879739	-1.29283	-0.822932
1.185	0.593037	0.404868	0.886203	-1.29947	-0.827087
1.19	0.589901	0.408762	0.8927	-1.3061	-0.831207
1.195	0.58679	0.412676	0.899231	-1.31271	-0.835292
1.2	0.583705	0.416611	0.905794	-1.3193	-0.83934
1.205	0.580645	0.420566	0.912391	-1.32586	-0.843351
1.21	0.577612	0.424541	0.91902	-1.33241	-0.847321
1.215	0.574606	0.428536	0.925682	-1.33892	-0.85125
1.22	0.571626	0.432551	0.932377	-1.34541	-0.855137
1.225	0.568674	0.436586	0.939104	-1.35186	-0.85898
1.23	0.565748	0.440641	0.945863	-1.35827	-0.862777
1.235	0.562851	0.444716	0.952655	-1.36465	-0.866527
1.24	0.559981	0.448811	0.959478	-1.37097	-0.870229
1.245	0.557139	0.452925	0.966333	-1.37725	-0.87388
1.25	0.554326	0.457058	0.973219	-1.38348	-0.877479
1.255	0.551542	0.461211	0.980136	-1.38965	-0.881024
1.26	0.548786	0.465383	0.987085	-1.39576	-0.884515
1.265	0.54606	0.469574	0.994063	-1.40181	-0.887948
1.27	0.543363	0.473785	1.00107	-1.40779	-0.891323
1.275	0.540695	0.478014	1.00811	-1.4137	-0.894638
1.28	0.538058	0.482262	1.01518	-1.41953	-0.897891
1.285	0.535451	0.486528	1.02228	-1.42528	-0.90108
1.29	0.532874	0.490813	1.0294	-1.43094	-0.904204
1.295	0.530328	0.495116	1.03656	-1.43652	-0.907261
1.3	0.527813	0.499438	1.04374	-1.442	-0.910249
1.305	0.52533	0.503777	1.05095	-1.44738	-0.913167
1.31	0.522877	0.508135	1.05819	-1.45266	-0.916013
1.315	0.520457	0.51251	1.06545	-1.45783	-0.918784
1.32	0.518068	0.516902	1.07274	-1.46289	-0.92148
1.325	0.515712	0.521312	1.08006	-1.46783	-0.924098
1.33	0.513388	0.525739	1.08739	-1.47264	-0.926638
1.335	0.511096	0.530183	1.09476	-1.47733	-0.929096
1.34	0.508838	0.534644	1.10214	-1.48188	-0.931472
1.345	0.506613	0.539122	1.10955	-1.4863	-0.933763
1.35	0.504421	0.543616	1.11699	-1.49057	-0.935969
1.355	0.502262	0.548126	1.12444	-1.4947	-0.938087
1.36	0.500138	0.552652	1.13191	-1.49867	-0.940115
1.365	0.498047	0.557194	1.1394	-1.50249	-0.942052
1.37	0.495991	0.561751	1.14692	-1.50614	-0.943897
1.375	0.493968	0.566324	1.15445	-1.50962	-0.945647
1.38	0.491981	0.570912	1.162	-1.51293	-0.947302
1.385	0.490028	0.575515	1.16956	-1.51606	-0.948859
1.39	0.48811	0.580133	1.17714	-1.51901	-0.950318
1.395	0.486228	0.584765	1.18474	-1.52177	-0.951676
1.4	0.48438	0.589411	1.19234	-1.52433	-0.952932
1.405	0.482568	0.594071	1.19997	-1.5267	-0.954085
1.41	0.480792	0.598745	1.2076	-1.52887	-0.955134
1.415	0.479051	0.603432	1.21524	-1.53082	-0.956076
1.42	0.477347	0.608132	1.2229	-1.53257	-0.956912
1.425	0.475678	0.612846	1.23056	-1.5341	-0.957639
1.43	0.474046	0.617572	1.23823	-1.53541	-0.958256
1.435	0.47245	0.62231	1.24591	-1.53649	-0.958763
1.44	0.47089	0.627061	1.25359	-1.53734	-0.959157
1.445	0.469367	0.631823	1.26128	-1.53796	-0.95944
1.45	0.467881	0.636597	1.26897	-1.53835	-0.959608
1.455	0.466431	0.641382	1.27666	-1.53849	-0.959661
1.46	0.465019	0.646179	1.28435	-1.53839	-0.9596
1.465	0.463643	0.650986	1.29204	-1.53804	-0.959421
1.47	0.462304	0.655803	1.29973	-1.53744	-0.959126
1.475	0.461002	0.660631	1.30742	-1.53659	-0.958714
1.48	0.459738	0.665468	1.3151	-1.53548	-0.958183
1.485	0.45851	0.670315	1.32278	-1.53412	-0.957534
1.49	0.45732	0.675171	1.33045	-1.53249	-0.956766
1.495	0.456167	0.680037	1.33811	-1.53059	-0.955878
1.5	0.455052	0.684911	1.34577	-1.52844	-0.954871
1.505	0.453973	0.689793	1.35341	-1.52601	-0.953744
1.51	0.452932	0.694683	1.36104	-1.52332	-0.952498
1.515	0.451928	0.699582	1.36866	-1.52036	-0.951131
1.52	0.450962	0.704487	1.37626	-1.51713	-0.949645
1.525	0.450032	0.7094	1.38384	-1.51363	-0.948039
1.53	0.44914	0.71432	1.39141	-1.50985	-0.946314
1.535	0.448285	0.719246	1.39896	-1.50581	-0.94447
1.54	0.447468	0.724179	1.40649	-1.50149	-0.942507
1.545	0.446687	0.729118	1.414	-1.4969	-0.940426
1.55	0.445943	0.734062	1.42148	-1.49204	-0.938228
1.555	0.445236	0.739012	1.42894	-1.48691	-0.935913
1.56	0.444566	0.743967	1.43638	-1.48152	-0.933481
1.565	0.443933	0.748926	1.44378	-1.47585	-0.930934
1.57	0.443336	0.753891	1.45116	-1.46993	-0.928273
1.575	0.442776	0.758859	1.45851	-1.46373	-0.925498
1.58	0.442252	0.763831	1.46583	-1.45728	-0.922611
1.585	0.441764	0.768808	1.47312	-1.45057	-0.919612
1.59	0.441313	0.773787	1.48037	-1.4436	-0.916504
1.595	0.440897	0.77877	1.48759	-1.43638	-0.913286
1.6	0.440517	0.783755	1.49477	-1.42891	-0.909961
1.605	0.440173	0.788744	1.50192	-1.4212	-0.90653
1.61	0.439865	0.793734	1.50902	-1.41324	-0.902994
1.615	0.439591	0.798727	1.51609	-1.40505	-0.899355
1.62	0.439353	0.803721	1.52311	-1.39662	-0.895614
1.625	0.439149	0.808717	1.5301	-1.38795	-0.891774
1.63	0.438981	0.813714	1.53704	-1.37907	-0.887835
1.635	0.438846	0.818712	1.54393	-1.36996	-0.8838
1.64	0.438746	0.823711	1.55078	-1.36064	-0.879671
1.645	0.43868	0.828711	1.55758	-1.35111	-0.875449
1.65	0.438648	0.833711	1.56434	-1.34137	-0.871136
1.655	0.438649	0.838711	1.57105	-1.33143	-0.866734
1.66	0.438684	0.84371	1.5777	-1.32129	-0.862245
1.665	0.438751	0.84871	1.58431	-1.31097	-0.857672
1.67	0.438852	0.853709	1.59087	-1.30047	-0.853016
1.675	0.438984	0.858707	1.59737	-1.28978	-0.84828
1.68	0.439149	0.863704	1.60382	-1.27893	-0.843465
1.685	0.439347	0.868701	1.61021	-1.26791	-0.838573
1.69	0.439575	0.873695	1.61655	-1.25673	-0.833608
1.695	0.439835	0.878689	1.62283	-1.2454	-0.82857
1.7	0.440126	0.88368	1.62906	-1.23392	-0.823463
1.705	0.440448	0.88867	1.63523	-1.22231	-0.818289
1.71	0.440801	0.893657	1.64134	-1.21056	-0.813049
1.715	0.441184	0.898643	1.6474	-1.19868	-0.807746
1.72	0.441596	0.903626	1.65339	-1.18668	-0.802383
1.725	0.442038	0.908606	1.65932	-1.17457	-0.796961
1.73	0.442509	0.913584	1.6652	-1.16235	-0.791482
1.735	0.44301	0.918559	1.67101	-1.15002	-0.78595
1.74	0.443538	0.923531	1.67676	-1.13761	-0.780366
1.745	0.444095	0.9285	1.68244	-1.1251	-0.774733
1.75	0.44468	0.933465	1.68807	-1.11251	-0.769052
1.755	0.445293	0.938428	1.69363	-1.09985	-0.763326
1.76	0.445933	0.943386	1.69913	-1.08711	-0.757557
1.765	0.4466	0.948342	1.70457	-1.07432	-0.751748
1.77	0.447293	0.953293	1.70994	-1.06146	-0.7459
1.775	0.448013	0.958241	1.71525	-1.04856	-0.740016
1.78	0.448759	0.963185	1.72049	-1.0356	-0.734097
1.785	0.44953	0.968126	1.72567	-1.02261	-0.728147
1.79	0.450327	0.973062	1.73078	-1.00959	-0.722166
1.795	0.451148	0.977994	1.73583	-0.996536	-0.716157
1.8	0.451994	0.982922	1.74081	-0.983461	-0.710122
1.805	0.452864	0.987845	1.74573	-0.97037	-0.704064
1.81	0.453758	0.992765	1.75058	-0.957266	-0.697983
1.815	0.454676	0.99768	1.75537	-0.944157	-0.691882
1.82	0.455617	1.00259	1.76009	-0.931046	-0.685762
1.825	0.45658	1.0075	1.76474	-0.917939	-0.679627
1.83	0.457567	1.0124	1.76933	-0.904841	-0.673476
1.835	0.458575	1.0173	1.77386	-0.891756	-0.667313
1.84	0.459605	1.02219	1.77832	-0.878689	-0.661139
1.845	0.460657	1.02708	1.78271	-0.865646	-0.654956
1.85	0.461729	1.03196	1.78704	-0.852629	-0.648764
1.855	0.462823	1.03684	1.7913	-0.839643	-0.642567
1.86	0.463937	1.04171	1.7955	-0.826693	-0.636365
1.865	0.465071	1.04658	1.79963	-0.813783	-0.630161
1.87	0.466225	1.05145	1.8037	-0.800915	-0.623955
1.875	0.467399	1.05631	1.80771	-0.788095	-0.617749
1.88	0.468592	1.06116	1.81165	-0.775325	-0.611545
1.885	0.469803	1.06602	1.81552	-0.762609	-0.605343
1.89	0.471033	1.07086	1.81934	-0.74995	-0.599146
1.895	0.472281	1.0757	1.82309	-0.737352	-0.592955
1.9	0.473547	1.08054	1.82677	-0.724817	-0.58677
1.905	0.47483	1.08537	1.8304	-0.712348	-0.580594
1.91	0.476131	1.0902	1.83396	-0.699949	-0.574427
1.915	0.477449	1.09502	1.83746	-0.687622	-0.56827
1.92	0.478783	1.09984	1.8409	-0.675369	-0.562126
1.925	0.480133	1.10466	1.84427	-0.663192	-0.555994
1.93	0.4815	1.10947	1.84759	-0.651095	-0.549875
1.935	0.482882	1.11427	1.85084	-0.63908	-0.543772
1.94	0.484279	1.11907	1.85404	-0.627147	-0.537685
1.945	0.485691	1.12387	1.85718	-0.6153	-0.531614
1.95	0.487118	1.12866	1.86025	-0.603541	-0.525561
1.955	0.48856	1.13345	1.86327	-0.59187	-0.519526
1.96	0.490016	1.13823	1.86623	-0.580289	-0.513511
1.965	0.491485	1.14301	1.86913	-0.568801	-0.507517
1.97	0.492969	1.14779	1.87197	-0.557406	-0.501543
1.975	0.494465	1.15256	1.87476	-0.546106	-0.495591
1.98	0.495975	1.15732	1.87749	-0.534902	-0.489661
1.985	0.497497	1.16209	1.88017	-0.523795	-0.483755
1.99	0.499032	1.16684	1.88279	-0.512786	-0.477873
1.995	0.500579	1.1716	1.88535	-0.501876	-0.472014
2	0.502138	1.17635	1.88786	-0.491066	-0.466181
2.005	0.503708	1.1811	1.89031	-0.480357	-0.460374
2.01	0.50529	1.18584	1.89272	-0.46975	-0.454593
2.015	0.506883	1.19058	1.89506	-0.459244	-0.448838
2.02	0.508487	1.19532	1.89736	-0.448841	-0.443111
2.025	0.510102	1.20005	1.8996	-0.438542	-0.437411
2.03	0.511727	1.20478	1.9018	-0.428345	-0.431739
2.035	0.513362	1.2095	1.90394	-0.418253	-0.426096
2.04	0.515007	1.21422	1.90603	-0.408265	-0.420482
2.045	0.516661	1.21894	1.90807	-0.398381	-0.414897
2.05	0.518325	1.22366	1.91006	-0.388601	-0.409342
2.055	0.519998	1.22837	1.91201	-0.378927	-0.403816
2.06	0.52168	1.23308	1.9139	-0.369356	-0.398321
2.065	0.523371	1.23778	1.91575	-0.359891	-0.392856
2.07	0.52507	1.24248	1.91755	-0.35053	-0.387422
2.075	0.526778	1.24718	1.9193	-0.341273	-0.382019
2.08	0.528493	1.25188	1.92101	-0.33212	-0.376648
2.085	0.530217	1.25657	1.92267	-0.323072	-0.371307
2.09	0.531947	1.26126	1.92428	-0.314127	-0.365999
2.095	0.533686	1.26595	1.92585	-0.305286	-0.360722
2.1	0.535431	1.27064	1.92738	-0.296548	-0.355477
2.105	0.537183	1.27532	1.92886	-0.287913	-0.350265
2.11	0.538942	1.28	1.9303	-0.27938	-0.345085
2.115	0.540708	1.28468	1.9317	-0.270949	-0.339937
2.12	0.54248	1.28935	1.93305	-0.26262	-0.334822
2.125	0.544258	1.29403	1.93437	-0.254392	-0.329739
2.13	0.546042	1.2987	1.93564	-0.246264	-0.324689
2.135	0.547832	1.30337	1.93687	-0.238236	-0.319671
2.14	0.549627	1.30803	1.93806	-0.230308	-0.314687
2.145	0.551428	1.3127	1.93921	-0.222478	-0.309735
2.15	0.553234	1.31736	1.94032	-0.214747	-0.304816
2.155	0.555045	1.32202	1.9414	-0.207113	-0.29993
2.16	0.55686	1.32668	1.94243	-0.199576	-0.295077
2.165	0.558681	1.33134	1.94343	-0.192135	-0.290257
2.17	0.560506	1.33599	1.94439	-0.184789	-0.285469
2.175	0.562335	1.34065	1.94532	-0.177539	-0.280714
2.18	0.564168	1.3453	1.9462	-0.170382	-0.275993
2.185	0.566005	1.34995	1.94706	-0.163319	-0.271304
2.19	0.567846	1.3546	1.94787	-0.156348	-0.266647
2.195	0.569691	1.35924	1.94865	-0.149469	-0.262024
2.2	0.571539	1.36389	1.9494	-0.142681	-0.257433
2.205	0.57339	1.36853	1.95012	-0.135984	-0.252874
2.21	0.575245	1.37318	1.9508	-0.129376	-0.248348
2.215	0.577103	1.37782	1.95144	-0.122856	-0.243855
2.22	0.578963	1.38246	1.95206	-0.116425	-0.239394
2.225	0.580826	1.3871	1.95264	-0.11008	-0.234964
2.23	0.582692	1.39174	1.95319	-0.103822	-0.230568
2.235	0.58456	1.39638	1.95371	-0.0976491	-0.226203
2.24	0.58643	1.40101	1.9542	-0.091561	-0.22187
2.245	0.588303	1.40565	1.95465	-0.0855566	-0.217568
2.25	0.590177	1.41029	1.95508	-0.0796352	-0.213299
2.255	0.592054	1.41492	1.95548	-0.0737959	-0.209061
2.26	0.593932	1.41955	1.95585	-0.068038	-0.204855
2.265	0.595811	1.42419	1.95619	-0.0623605	-0.200679
2.27	0.597692	1.42882	1.9565	-0.0567627	-0.196535
2.275	0.599575	1.43345	1.95679	-0.0512437	-0.192422
2.28	0.601458	1.43808	1.95704	-0.0458026	-0.18834
2.285	0.603343	1.44272	1.95727	-0.0404387	-0.184289
2.29	0.605229	1.44735	1.95747	-0.0351512	-0.180268
2.295	0.607115	1.45198	1.95765	-0.0299392	-0.176278
2.3	0.609002	1.45661	1.9578	-0.0248018	-0.172319
2.305	0.61089	1.46124	1.95792	-0.0197383	-0.168389
2.31	0.612778	1.46587	1.95802	-0.0147478	-0.164489
2.315	0.614666	1.4705	1.95809	-0.00982958	-0.160619
2.32	0.616555	1.47513	1.95814	-0.00498276	-0.156779
2.325	0.618444	1.47976	1.95817	-0.000206555	-0.152969
2.33	0.620333	1.48439	1.95817	0.00449984	-0.149188
2.335	0.622221	1.48901	1.95815	0.00913721	-0.145436
2.34	0.62411	1.49364	1.9581	0.0137064	-0.141713
2.345	0.625998	1.49827	1.95803	0.0182081	-0.13802
2.35	0.627886	1.5029	1.95794	0.0226432	-0.134354
2.355	0.629773	1.50753	1.95783	0.0270124	-0.130718
2.36	0.631659	1.51216	1.95769	0.0313164	-0.12711
2.365	0.633545	1.5168	1.95754	0.0355562	-0.12353
2.37	0.63543	1.52143	1.95736	0.0397324	-0.119978
2.375	0.637314	1.52606	1.95716	0.0438457	-0.116454
2.38	0.639197	1.53069	1.95694	0.047897	-0.112958
2.385	0.641079	1.53532	1.9567	0.051887	-0.10949
2.39	0.64296	1.53995	1.95644	0.0558163	-0.106049
2.395	0.64484	1.54459	1.95616	0.0596858	-0.102635
2.4	0.646718	1.54922	1.95586	0.0634961	-0.0992479
2.405	0.648595	1.55386	1.95555	0.067248	-0.095888
2.41	0.65047	1.55849	1.95521	0.0709422	-0.0925548
2.415	0.652343	1.56313	1.95486	0.0745794	-0.0892481
2.42	0.654215	1.56776	1.95448	0.0781602	-0.0859679
2.425	0.656085	1.5724	1.95409	0.0816855	-0.0827138
2.43	0.657953	1.57704	1.95368	0.0851557	-0.0794858
2.435	0.659819	1.58168	1.95326	0.0885717	-0.0762837
2.44	0.661683	1.58632	1.95282	0.0919341	-0.0731073
2.445	0.663545	1.59096	1.95236	0.0952435	-0.0699564
2.45	0.665404	1.5956	1.95188	0.0985006	-0.0668309
2.455	0.667262	1.60024	1.95139	0.101706	-0.0637306
2.46	0.669116	1.60488	1.95088	0.104861	-0.0606554
2.465	0.670969	1.60953	1.95035	0.107965	-0.057605
2.47	0.672819	1.61417	1.94981	0.111019	-0.0545793
2.475	0.674667	1.61882	1.94926	0.114024	-0.0515781
2.48	0.676511	1.62347	1.94869	0.116981	-0.0486013
2.485	0.678353	1.62812	1.9481	0.11989	-0.0456488
2.49	0.680193	1.63277	1.9475	0.122751	-0.0427202
2.495	0.682029	1.63742	1.94689	0.125566	-0.0398156
2.5	0.683863	1.64207	1.94626	0.128335	-0.0369347
2.505	0.685693	1.64672	1.94562	0.131058	-0.0340773
2.51	0.687521	1.65137	1.94497	0.133736	-0.0312433
2.515	0.689345	1.65603	1.9443	0.13637	-0.0284326
2.52	0.691166	1.66069	1.94362	0.13896	-0.0256449
2.525	0.692984	1.66534	1.94292	0.141506	-0.0228802
2.53	0.694799	1.67	1.94221	0.14401	-0.0201382
2.535	0.69661	1.67466	1.94149	0.146471	-0.0174188
2.54	0.698418	1.67932	1.94076	0.148891	-0.0147219
2.545	0.700223	1.68399	1.94002	0.15127	-0.0120473
2.55	0.702024	1.68865	1.93926	0.153608	-0.00939479
2.555	0.703821	1.69332	1.93849	0.155906	-0.0067643
2.56	0.705615	1.69799	1.93771	0.158164	-0.00415564
2.565	0.707405	1.70265	1.93692	0.160383	-0.00156867
2.57	0.709191	1.70732	1.93612	0.162564	0.000996774
2.575	0.710973	1.712	1.93531	0.164706	0.00354083
2.58	0.712752	1.71667	1.93448	0.166811	0.00606364
2.585	0.714527	1.72134	1.93365	0.168878	0.00856537
2.59	0.716298	1.72602	1.93281	0.170909	0.0110461
2.595	0.718064	1.7307	1.93195	0.172903	0.0135061
2.6	0.719827	1.73537	1.93109	0.174862	0.0159454
2.605	0.721586	1.74006	1.93021	0.176785	0.0183643
2.61	0.72334	1.74474	1.92933	0.178673	0.0207627
2.615	0.725091	1.74942	1.92843	0.180527	0.0231409
2.62	0.726837	1.75411	1.92753	0.182347	0.0254991
2.625	0.728578	1.75879	1.92662	0.184133	0.0278372
2.63	0.730316	1.76348	1.9257	0.185886	0.0301556
2.635	0.732049	1.76817	1.92477	0.187606	0.0324543
2.64	0.733778	1.77286	1.92383	0.189293	0.0347335
2.645	0.735502	1.77756	1.92289	0.190949	0.0369932
2.65	0.737222	1.78225	1.92193	0.192573	0.0392337
2.655	0.738937	1.78695	1.92097	0.194166	0.0414551
2.66	0.740648	1.79165	1.92	0.195728	0.0436575
2.665	0.742354	1.79635	1.91902	0.19726	0.045841
2.67	0.744056	1.80105	1.91803	0.198762	0.0480058
2.675	0.745752	1.80575	1.91704	0.200234	0.0501519
2.68	0.747444	1.81046	1.91604	0.201677	0.0522796
2.685	0.749132	1.81516	1.91503	0.203091	0.0543889
2.69	0.750814	1.81987	1.91401	0.204476	0.05648
2.695	0.752492	1.82458	1.91299	0.205833	0.058553
2.7	0.754165	1.82929	1.91196	0.207163	0.060608
2.705	0.755833	1.83401	1.91093	0.208464	0.0626452
2.71	0.757496	1.83872	1.90988	0.209739	0.0646647
2.715	0.759154	1.84344	1.90884	0.210987	0.0666665
2.72	0.760808	1.84816	1.90778	0.212208	0.0686509
2.725	0.762456	1.85288	1.90672	0.213403	0.0706179
2.73	0.764099	1.8576	1.90565	0.214573	0.0725676
2.735	0.765737	1.86232	1.90458	0.215716	0.0745002
2.74	0.76737	1.86705	1.9035	0.216835	0.0764158
2.745	0.768998	1.87178	1.90242	0.217928	0.0783146
2.75	0.770621	1.87651	1.90133	0.218997	0.0801965
2.755	0.772238	1.88124	1.90023	0.220042	0.0820618
2.76	0.773851	1.88597	1.89913	0.221063	0.0839105
2.765	0.775458	1.89071	1.89803	0.22206	0.0857428
2.77	0.77706	1.89544	1.89692	0.223033	0.0875587
2.775	0.778656	1.90018	1.8958	0.223984	0.0893585
2.78	0.780247	1.90492	1.89468	0.224911	0.0911421
2.785	0.781833	1.90966	1.89356	0.225816	0.0929098
2.79	0.783414	1.91441	1.89243	0.226699	0.0946615
2.795	0.784989	1.91915	1.89129	0.22756	0.0963975
2.8	0.786559	1.9239	1.89016	0.228398	0.0981178
2.805	0.788123	1.92865	1.88901	0.229216	0.0998225
2.81	0.789682	1.9334	1.88787	0.230012	0.101512
2.815	0.791236	1.93815	1.88672	0.230787	0.103186
2.82	0.792784	1.9429	1.88556	0.231542	0.104844
2.825	0.794326	1.94766	1.88441	0.232276	0.106488
2.83	0.795863	1.95242	1.88324	0.232989	0.108116
2.835	0.797395	1.95718	1.88208	0.233683	0.10973
2.84	0.79892	1.96194	1.88091	0.234357	0.111329
2.845	0.800441	1.9667	1.87974	0.235012	0.112912
2.85	0.801955	1.97147	1.87856	0.235647	0.114482
2.855	0.803464	1.97624	1.87739	0.236263	0.116036
2.86	0.804968	1.981	1.8762	0.23686	0.117577
2.865	0.806466	1.98577	1.87502	0.237439	0.119103
2.87	0.807958	1.99055	1.87383	0.238	0.120614
2.875	0.809444	1.99532	1.87264	0.238542	0.122112
2.88	0.810925	2.0001	1.87145	0.239066	0.123595
2.885	0.8124	2.00487	1.87026	0.239573	0.125065
2.89	0.813869	2.00965	1.86906	0.240062	0.12652
2.895	0.815333	2.01443	1.86786	0.240533	0.127962
2.9	0.81679	2.01922	1.86665	0.240988	0.12939
2.905	0.818242	2.024	1.86545	0.241426	0.130804
2.91	0.819689	2.02879	1.86424	0.241847	0.132205
2.915	0.821129	2.03358	1.86303	0.242251	0.133593
2.92	0.822564	2.03837	1.86182	0.24264	0.134967
2.925	0.823993	2.04316	1.86061	0.243012	0.136328
2.93	0.825416	2.04795	1.85939	0.243368	0.137675
2.935	0.826833	2.05274	1.85818	0.243708	0.13901
2.94	0.828244	2.05754	1.85696	0.244033	0.140332
2.945	0.82965	2.06234	1.85574	0.244342	0.14164
2.95	0.83105	2.06714	1.85452	0.244637	0.142936
2.955	0.832443	2.07194	1.85329	0.244916	0.144219
2.96	0.833831	2.07675	1.85207	0.24518	0.14549
2.965	0.835213	2.08155	1.85084	0.24543	0.146748
2.97	0.836589	2.08636	1.84962	0.245665	0.147993
2.975	0.837959	2.09117	1.84839	0.245886	0.149226
2.98	0.839324	2.09598	1.84716	0.246093	0.150447
2.985	0.840682	2.10079	1.84593	0.246285	0.151655
2.99	0.842035	2.1056	1.8447	0.246464	0.152852
2.995	0.843381	2.11042	1.84346	0.246629	0.154036
3	0.844722	2.11523	1.84223	0.246781	0.155208
3.005	0.846056	2.12005	1.841	0.246919	0.156368
3.01	0.847385	2.12487	1.83976	0.247044	0.157516
3.015	0.848708	2.1297	1.83853	0.247156	0.158653
3.02	0.850024	2.13452	1.83729	0.247255	0.159778
3.025	0.851335	2.13934	1.83605	0.247341	0.160891
3.03	0.85264	2.14417	1.83482	0.247415	0.161993
3.035	0.853939	2.149	1.83358	0.247476	0.163083
3.04	0.855232	2.15383	1.83234	0.247525	0.164162
3.045	0.856519	2.15866	1.83111	0.247561	0.165229
3.05	0.8578	2.16349	1.82987	0.247586	0.166285
3.055	0.859075	2.16833	1.82863	0.247599	0.16733
3.06	0.860343	2.17316	1.82739	0.247599	0.168364
3.065	0.861606	2.178	1.82615	0.247589	0.169387
3.07	0.862863	2.18284	1.82492	0.247566	0.170399
3.075	0.864114	2.18768	1.82368	0.247532	0.1714
3.08	0.865359	2.19253	1.82244	0.247487	0.17239
3.085	0.866598	2.19737	1.8212	0.247431	0.173369
3.09	0.867831	2.20221	1.81997	0.247364	0.174338
3.095	0.869058	2.20706	1.81873	0.247286	0.175296
3.1	0.870279	2.21191	1.81749	0.247197	0.176243
3.105	0.871494	2.21676	1.81626	0.247098	0.17718
3.11	0.872703	2.22161	1.81502	0.246988	0.178107
3.115	0.873906	2.22647	1.81379	0.246867	0.179023
3.12	0.875103	2.23132	1.81255	0.246736	0.179929
3.125	0.876294	2.23618	1.81132	0.246596	0.180825
3.13	0.87748	2.24103	1.81009	0.246445	0.18171
3.135	0.878659	2.24589	1.80885	0.246284	0.182586
3.14	0.879832	2.25075	1.80762	0.246113	0.183451
3.145	0.880999	2.25561	1.80639	0.245932	0.184306
3.15	0.88216	2.26048	1.80516	0.245742	0.185152
3.155	0.883315	2.26534	1.80393	0.245543	0.185988
3.16	0.884464	2.27021	1.80271	0.245334	0.186813
3.165	0.885608	2.27508	1.80148	0.245115	0.18763
3.17	0.886745	2.27995	1.80025	0.244888	0.188436
3.175	0.887876	2.28482	1.79903	0.244651	0.189233
3.18	0.889001	2.28969	1.79781	0.244405	0.19002
3.185	0.890121	2.29456	1.79658	0.244151	0.190798
3.19	0.891234	2.29944	1.79536	0.243887	0.191567
3.195	0.892342	2.30431	1.79414	0.243615	0.192326
3.2	0.893443	2.30919	1.79293	0.243335	0.193076
3.205	0.894539	2.31407	1.79171	0.243045	0.193816
3.21	0.895629	2.31895	1.79049	0.242748	0.194548
3.215	0.896712	2.32383	1.78928	0.242442	0.19527
3.22	0.89779	2.32871	1.78807	0.242128	0.195983
3.225	0.898862	2.33359	1.78686	0.241805	0.196688
3.23	0.899928	2.33848	1.78565	0.241475	0.197383
3.235	0.900988	2.34336	1.78444	0.241136	0.198069
3.24	0.902042	2.34825	1.78323	0.24079	0.198747
3.245	0.903091	2.35314	1.78203	0.240436	0.199415
3.25	0.904133	2.35803	1.78083	0.240074	0.200076
3.255	0.90517	2.36292	1.77963	0.239705	0.200727
3.26	0.906201	2.36782	1.77843	0.239328	0.20137
3.265	0.907225	2.37271	1.77723	0.238944	0.202004
3.27	0.908244	2.3776	1.77604	0.238552	0.202629
3.275	0.909258	2.3825	1.77485	0.238153	0.203247
3.28	0.910265	2.3874	1.77365	0.237747	0.203855
3.285	0.911266	2.3923	1.77247	0.237333	0.204456
3.29	0.912262	2.3972	1.77128	0.236913	0.205048
3.295	0.913252	2.4021	1.77009	0.236485	0.205632
3.3	0.914236	2.407	1.76891	0.236051	0.206208
3.305	0.915215	2.4119	1.76773	0.23561	0.206775
3.31	0.916187	2.41681	1.76655	0.235162	0.207335
3.315	0.917154	2.42171	1.76538	0.234707	0.207886
3.32	0.918115	2.42662	1.7642	0.234246	0.20843
3.325	0.91907	2.43153	1.76303	0.233778	0.208965
3.33	0.92002	2.43644	1.76186	0.233304	0.209493
3.335	0.920964	2.44135	1.7607	0.232824	0.210012
3.34	0.921902	2.44626	1.75953	0.232337	0.210524
3.345	0.922834	2.45117	1.75837	0.231844	0.211029
3.35	0.923761	2.45608	1.75721	0.231344	0.211525
3.355	0.924682	2.461	1.75606	0.230839	0.212014
3.36	0.925597	2.46591	1.7549	0.230327	0.212495
3.365	0.926507	2.47083	1.75375	0.22981	0.212969
3.37	0.927411	2.47575	1.7526	0.229286	0.213435
3.375	0.928309	2.48067	1.75146	0.228757	0.213894
3.38	0.929202	2.48559	1.75031	0.228222	0.214345
3.385	0.930089	2.49051	1.74917	0.227681	0.214789
3.39	0.930971	2.49543	1.74803	0.227135	0.215226
3.395	0.931847	2.50035	1.7469	0.226583	0.215655
3.4	0.932717	2.50528	1.74576	0.226025	0.216077
3.405	0.933582	2.5102	1.74463	0.225462	0.216492
3.41	0.934441	2.51513	1.74351	0.224894	0.2169
3.415	0.935295	2.52005	1.74238	0.22432	0.2173
3.42	0.936143	2.52498	1.74126	0.223741	0.217694
3.425	0.936986	2.52991	1.74014	0.223156	0.218081
3.43	0.937823	2.53484	1.73903	0.222567	0.21846
3.435	0.938655	2.53977	1.73791	0.221972	0.218833
3.44	0.939481	2.5447	1.7368	0.221372	0.219199
3.445	0.940302	2.54963	1.7357	0.220768	0.219558
3.45	0.941117	2.55456	1.73459	0.220158	0.21991
3.455	0.941927	2.5595	1.73349	0.219543	0.220255
3.46	0.942731	2.56443	1.73239	0.218924	0.220594
3.465	0.94353	2.56937	1.7313	0.2183	0.220926
3.47	0.944324	2.57431	1.73021	0.217671	0.221252
3.475	0.945112	2.57924	1.72912	0.217037	0.22157
3.48	0.945895	2.58418	1.72803	0.216399	0.221883
3.485	0.946673	2.58912	1.72695	0.215756	0.222189
3.49	0.947445	2.59406	1.72587	0.215109	0.222488
3.495	0.948212	2.599	1.7248	0.214457	0.222781
3.5	0.948974	2.60394	1.72373	0.213801	0.223067
3.505	0.94973	2.60889	1.72266	0.21314	0.223347
3.51	0.950481	2.61383	1.72159	0.212475	0.223621
3.515	0.951227	2.61877	1.72053	0.211806	0.223889
3.52	0.951968	2.62372	1.71947	0.211132	0.22415
3.525	0.952703	2.62866	1.71841	0.210455	0.224405
3.53	0.953434	2.63361	1.71736	0.209773	0.224654
3.535	0.954159	2.63856	1.71631	0.209087	0.224897
3.54	0.954879	2.6435	1.71527	0.208397	0.225134
3.545	0.955593	2.64845	1.71422	0.207703	0.225364
3.55	0.956303	2.6534	1.71319	0.207006	0.225589
3.555	0.957007	2.65835	1.71215	0.206304	0.225808
3.56	0.957706	2.6633	1.71112	0.205598	0.22602
3.565	0.958401	2.66825	1.71009	0.204889	0.226227
3.57	0.95909	2.67321	1.70907	0.204176	0.226428
3.575	0.959774	2.67816	1.70805	0.203459	0.226624
3.58	0.960453	2.68311	1.70703	0.202739	0.226813
3.585	0.961127	2.68807	1.70602	0.202015	0.226997
3.59	0.961796	2.69302	1.70501	0.201287	0.227175
3.595	0.96246	2.69798	1.704	0.200556	0.227347
3.6	0.963119	2.70294	1.703	0.199821	0.227513
3.605	0.963773	2.70789	1.702	0.199083	0.227674
3.61	0.964422	2.71285	1.701	0.198341	0.22783
3.615	0.965067	2.71781	1.70001	0.197596	0.22798
3.62	0.965706	2.72277	1.69902	0.196848	0.228124
3.625	0.966341	2.72773	1.69804	0.196097	0.228263
3.63	0.96697	2.73269	1.69706	0.195342	0.228396
3.635	0.967595	2.73765	1.69608	0.194584	0.228524
3.64	0.968215	2.74261	1.69511	0.193823	0.228647
3.645	0.96883	2.74757	1.69414	0.193058	0.228764
3.65	0.96944	2.75253	1.69317	0.192291	0.228876
3.655	0.970046	2.7575	1.69221	0.19152	0.228983
3.66	0.970647	2.76246	1.69125	0.190747	0.229084
3.665	0.971243	2.76743	1.6903	0.189971	0.22918
3.67	0.971834	2.77239	1.68935	0.189191	0.229271
3.675	0.972421	2.77736	1.6884	0.188409	0.229357
3.68	0.973003	2.78232	1.68746	0.187624	0.229438
3.685	0.97358	2.78729	1.68652	0.186836	0.229513
3.69	0.974153	2.79226	1.68559	0.186045	0.229584
3.695	0.974721	2.79722	1.68466	0.185252	0.229649
3.7	0.975285	2.80219	1.68373	0.184455	0.22971
3.705	0.975843	2.80716	1.68281	0.183657	0.229766
3.71	0.976398	2.81213	1.68189	0.182855	0.229816
3.715	0.976948	2.8171	1.68098	0.182051	0.229862
3.72	0.977493	2.82207	1.68007	0.181244	0.229903
3.725	0.978034	2.82704	1.67916	0.180435	0.229938
3.73	0.97857	2.83201	1.67826	0.179623	0.22997
3.735	0.979102	2.83698	1.67736	0.178809	0.229996
3.74	0.979629	2.84195	1.67647	0.177993	0.230017
3.745	0.980152	2.84693	1.67558	0.177174	0.230034
3.75	0.980671	2.8519	1.67469	0.176352	0.230046
3.755	0.981185	2.85687	1.67381	0.175529	0.230054
3.76	0.981695	2.86185	1.67293	0.174703	0.230056
3.765	0.9822	2.86682	1.67206	0.173874	0.230054
3.77	0.982701	2.8718	1.67119	0.173044	0.230048
3.775	0.983198	2.87677	1.67032	0.172211	0.230037
3.78	0.98369	2.88175	1.66946	0.171377	0.230021
3.785	0.984179	2.88672	1.66861	0.17054	0.230001
3.79	0.984663	2.8917	1.66775	0.169701	0.229976
3.795	0.985143	2.89668	1.66691	0.16886	0.229947
3.8	0.985618	2.90165	1.66606	0.168016	0.229914
3.805	0.98609	2.90663	1.66522	0.167171	0.229876
3.81	0.986557	2.91161	1.66439	0.166324	0.229833
3.815	0.98702	2.91659	1.66355	0.165475	0.229787
3.82	0.987479	2.92157	1.66273	0.164624	0.229736
3.825	0.987934	2.92655	1.6619	0.163772	0.22968
3.83	0.988385	2.93153	1.66108	0.162917	0.229621
3.835	0.988831	2.93651	1.66027	0.162061	0.229557
3.84	0.989274	2.94149	1.65946	0.161202	0.229488
3.845	0.989713	2.94647	1.65865	0.160343	0.229416
3.85	0.990148	2.95145	1.65785	0.159481	0.229339
3.855	0.990578	2.95643	1.65705	0.158618	0.229259
3.86	0.991005	2.96141	1.65626	0.157753	0.229174
3.865	0.991428	2.96639	1.65547	0.156886	0.229085
3.87	0.991847	2.97138	1.65469	0.156018	0.228992
3.875	0.992262	2.97636	1.65391	0.155148	0.228894
3.88	0.992673	2.98134	1.65313	0.154277	0.228793
3.885	0.993081	2.98633	1.65236	0.153404	0.228688
3.89	0.993484	2.99131	1.65159	0.15253	0.228579
3.895	0.993884	2.99629	1.65083	0.151654	0.228465
3.9	0.99428	3.00128	1.65007	0.150777	0.228348
3.905	0.994672	3.00626	1.64932	0.149898	0.228227
3.91	0.995061	3.01125	1.64857	0.149018	0.228102
3.915	0.995446	3.01623	1.64782	0.148137	0.227973
3.92	0.995827	3.02122	1.64708	0.147255	0.22784
3.925	0.996204	3.0262	1.64635	0.146371	0.227704
3.93	0.996578	3.03119	1.64562	0.145486	0.227563
3.935	0.996948	3.03618	1.64489	0.144599	0.227419
3.94	0.997314	3.04116	1.64417	0.143712	0.227271
3.945	0.997677	3.04615	1.64345	0.142823	0.227119
3.95	0.998037	3.05114	1.64273	0.141934	0.226964
3.955	0.998393	3.05612	1.64202	0.141043	0.226804
3.96	0.998745	3.06111	1.64132	0.140151	0.226641
3.965	0.999094	3.0661	1.64062	0.139258	0.226475
3.97	0.999439	3.07109	1.63992	0.138364	0.226304
3.975	0.999781	3.07607	1.63923	0.137469	0.22613
3.98	1.00012	3.08106	1.63854	0.136573	0.225953
3.985	1.00045	3.08605	1.63786	0.135676	0.225772
3.99	1.00079	3.09104	1.63718	0.134778	0.225587
3.995	1.00111	3.09603	1.63651	0.133879	0.225399
4	1.00144	3.10102	1.63584	0.13298	0.225207
4.005	1.00176	3.10601	1.63517	0.132079	0.225011
4.01	1.00208	3.111	1.63451	0.131178	0.224813
4.015	1.00239	3.11599	1.63386	0.130276	0.22461
4.02	1.00271	3.12098	1.6332	0.129373	0.224404
4.025	1.00301	3.12597	1.63256	0.12847	0.224195
4.03	1.00332	3.13096	1.63192	0.127566	0.223982
4.035	1.00362	3.13595	1.63128	0.126661	0.223766
4.04	1.00392	3.14094	1.63064	0.125755	0.223547
4.045	1.00422	3.14593	1.63002	0.124849	0.223324
4.05	1.00451	3.15093	1.62939	0.123942	0.223098
4.055	1.0048	3.15592	1.62877	0.123035	0.222868
4.06	1.00509	3.16091	1.62816	0.122127	0.222635
4.065	1.00537	3.1659	1.62755	0.121219	0.222399
4.07	1.00565	3.17089	1.62694	0.12031	0.22216
4.075	1.00593	3.17588	1.62634	0.119401	0.221917
4.08	1.0062	3.18088	1.62574	0.118491	0.221671
4.085	1.00647	3.18587	1.62515	0.117581	0.221422
4.09	1.00674	3.19086	1.62456	0.11667	0.221169
4.095	1.00701	3.19586	1.62398	0.115759	0.220914
4.1	1.00727	3.20085	1.6234	0.114848	0.220655
4.105	1.00753	3.20584	1.62282	0.113937	0.220393
4.11	1.00779	3.21084	1.62225	0.113025	0.220128
4.115	1.00804	3.21583	1.62169	0.112113	0.21986
4.12	1.0083	3.22082	1.62113	0.111201	0.219588
4.125	1.00854	3.22582	1.62057	0.110288	0.219314
4.13	1.00879	3.23081	1.62002	0.109375	0.219036
4.135	1.00903	3.2358	1.61947	0.108462	0.218755
4.14	1.00927	3.2408	1.61893	0.107549	0.218472
4.145	1.00951	3.24579	1.61839	0.106636	0.218185
4.15	1.00975	3.25079	1.61786	0.105723	0.217895
4.155	1.00998	3.25578	1.61733	0.10481	0.217602
4.16	1.01021	3.26078	1.61681	0.103897	0.217306
4.165	1.01044	3.26577	1.61629	0.102983	0.217008
4.17	1.01066	3.27077	1.61577	0.10207	0.216706
4.175	1.01088	3.27576	1.61526	0.101157	0.216401
4.18	1.0111	3.28076	1.61476	0.100244	0.216093
4.185	1.01132	3.28575	1.61426	0.0993307	0.215783
4.19	1.01154	3.29075	1.61376	0.0984178	0.215469
4.195	1.01175	3.29574	1.61327	0.097505	0.215153
4.2	1.01196	3.30074	1.61278	0.0965924	0.214834
4.205	1.01216	3.30573	1.6123	0.09568	0.214511
4.21	1.01237	3.31073	1.61182	0.0947678	0.214186
4.215	1.01257	3.31573	1.61135	0.0938558	0.213859
4.22	1.01277	3.32072	1.61088	0.0929441	0.213528
4.225	1.01297	3.32572	1.61041	0.0920327	0.213194
4.23	1.01317	3.33071	1.60995	0.0911216	0.212858
4.235	1.01336	3.33571	1.6095	0.0902109	0.212519
4.24	1.01355	3.34071	1.60904	0.0893005	0.212177
4.245	1.01374	3.3457	1.6086	0.0883906	0.211832
4.25	1.01393	3.3507	1.60816	0.087481	0.211485
4.255	1.01411	3.3557	1.60772	0.0865719	0.211134
4.26	1.01429	3.36069	1.60729	0.0856632	0.210782
4.265	1.01447	3.36569	1.60686	0.0847551	0.210426
4.27	1.01465	3.37069	1.60643	0.0838474	0.210068
4.275	1.01483	3.37568	1.60601	0.0829403	0.209706
4.28	1.015	3.38068	1.6056	0.0820338	0.209343
4.285	1.01517	3.38568	1.60519	0.0811278	0.208976
4.29	1.01534	3.39067	1.60478	0.0802225	0.208607
4.295	1.01551	3.39567	1.60438	0.0793178	0.208235
4.3	1.01568	3.40067	1.60399	0.0784138	0.207861
4.305	1.01584	3.40567	1.60359	0.0775104	0.207484
4.31	1.016	3.41066	1.60321	0.0766078	0.207104
4.315	1.01616	3.41566	1.60282	0.0757059	0.206722
4.32	1.01632	3.42066	1.60245	0.0748047	0.206337
4.325	1.01648	3.42566	1.60207	0.0739044	0.20595
4.33	1.01663	3.43065	1.6017	0.0730048	0.20556
4.335	1.01679	3.43565	1.60134	0.0721061	0.205167
4.34	1.01694	3.44065	1.60098	0.0712083	0.204772
4.345	1.01709	3.44565	1.60062	0.0703113	0.204374
4.35	1.01723	3.45064	1.60027	0.0694153	0.203974
4.355	1.01738	3.45564	1.59992	0.0685201	0.203572
4.36	1.01752	3.46064	1.59958	0.067626	0.203166
4.365	1.01766	3.46564	1.59924	0.0667328	0.202759
4.37	1.01781	3.47064	1.59891	0.0658406	0.202348
4.375	1.01794	3.47563	1.59858	0.0649494	0.201935
4.38	1.01808	3.48063	1.59825	0.0640593	0.20152
4.385	1.01822	3.48563	1.59793	0.0631703	0.201103
4.39	1.01835	3.49063	1.59762	0.0622824	0.200682
4.395	1.01848	3.49563	1.59731	0.0613956	0.20026
4.4	1.01861	3.50063	1.597	0.0605099	0.199835
4.405	1.01874	3.50562	1.5967	0.0596255	0.199407
4.41	1.01887	3.51062	1.5964	0.0587422	0.198977
4.415	1.019	3.51562	1.5961	0.0578602	0.198545
4.42	1.01912	3.52062	1.59581	0.0569794	0.19811
4.425	1.01925	3.52562	1.59553	0.0560999	0.197673
4.43	1.01937	3.53062	1.59525	0.0552217	0.197234
4.435	1.01949	3.53561	1.59497	0.0543448	0.196792
4.44	1.01961	3.54061	1.5947	0.0534692	0.196348
4.445	1.01973	3.54561	1.59443	0.0525951	0.195901
4.45	1.01985	3.55061	1.59417	0.0517223	0.195452
4.455	1.01996	3.55561	1.59391	0.0508509	0.195001
4.46	1.02008	3.56061	1.59366	0.049981	0.194547
4.465	1.02019	3.56561	1.59341	0.0491126	0.194091
4.47	1.0203	3.57061	1.59316	0.0482456	0.193633
4.475	1.02041	3.5756	1.59292	0.0473802	0.193172
4.48	1.02052	3.5806	1.59268	0.0465163	0.192709
4.485	1.02063	3.5856	1.59245	0.045654	0.192244
4.49	1.02074	3.5906	1.59222	0.0447932	0.191776
4.495	1.02084	3.5956	1.592	0.0439341	0.191306
4.5	1.02095	3.6006	1.59178	0.0430766	0.190834
4.505	1.02105	3.6056	1.59156	0.0422208	0.19036
4.51	1.02115	3.6106	1.59135	0.0413667	0.189883
4.515	1.02125	3.6156	1.59115	0.0405143	0.189404
4.52	1.02136	3.62059	1.59094	0.0396636	0.188923
4.525	1.02146	3.62559	1.59075	0.0388147	0.18844
4.53	1.02155	3.63059	1.59055	0.0379676	0.187954
4.535	1.02165	3.63559	1.59036	0.0371223	0.187466
4.54	1.02175	3.64059	1.59018	0.0362788	0.186976
4.545	1.02184	3.64559	1.58999	0.0354372	0.186484
4.55	1.02194	3.65059	1.58982	0.0345975	0.185989
4.555	1.02203	3.65559	1.58964	0.0337596	0.185492
4.56	1.02213	3.66059	1.58948	0.0329237	0.184993
4.565	1.02222	3.66559	1.58931	0.0320898	0.184492
4.57	1.02231	3.67059	1.58915	0.0312578	0.183989
4.575	1.0224	3.67558	1.58899	0.0304279	0.183483
4.58	1.02249	3.68058	1.58884	0.0296	0.182976
4.585	1.02258	3.68558	1.58869	0.0287741	0.182466
4.59	1.02267	3.69058	1.58855	0.0279503	0.181954
4.595	1.02276	3.69558	1.58841	0.0271286	0.18144
4.6	1.02285	3.70058	1.58828	0.0263091	0.180923
4.605	1.02293	3.70558	1.58814	0.0254917	0.180405
4.61	1.02302	3.71058	1.58802	0.0246764	0.179884
4.615	1.02311	3.71558	1.58789	0.0238634	0.179361
4.62	1.02319	3.72058	1.58777	0.0230526	0.178836
4.625	1.02327	3.72558	1.58766	0.0222441	0.178309
4.63	1.02336	3.73058	1.58755	0.0214378	0.17778
4.635	1.02344	3.73558	1.58744	0.0206338	0.177249
4.64	1.02352	3.74057	1.58734	0.0198321	0.176715
4.645	1.02361	3.74557	1.58724	0.0190328	0.17618
4.65	1.02369	3.75057	1.58714	0.0182359	0.175642
4.655	1.02377	3.75557	1.58705	0.0174413	0.175102
4.66	1.02385	3.76057	1.58696	0.0166492	0.17456
4.665	1.02393	3.76557	1.58688	0.0158595	0.174016
4.67	1.02401	3.77057	1.5868	0.0150722	0.17347
4.675	1.02409	3.77557	1.58673	0.0142875	0.172922
4.68	1.02417	3.78057	1.58665	0.0135053	0.172372
4.685	1.02425	3.78557	1.58659	0.0127256	0.17182
4.69	1.02433	3.79057	1.58652	0.0119485	0.171266
4.695	1.02441	3.79557	1.58646	0.011174	0.170709
4.7	1.02448	3.80057	1.58641	0.010402	0.170151
4.705	1.02456	3.80557	1.58636	0.00963276	0.16959
4.71	1.02464	3.81057	1.58631	0.00886614	0.169028
4.715	1.02472	3.81557	1.58626	0.0081022	0.168463
4.72	1.02479	3.82056	1.58622	0.00734096	0.167896
4.725	1.02487	3.82556	1.58619	0.00658246	0.167328
4.73	1.02495	3.83056	1.58615	0.00582672	0.166757
4.735	1.02502	3.83556	1.58612	0.00507375	0.166184
4.74	1.0251	3.84056	1.5861	0.00432359	0.165609
4.745	1.02518	3.84556	1.58608	0.00357625	0.165033
4.75	1.02525	3.85056	1.58606	0.00283176	0.164454
4.755	1.02533	3.85556	1.58605	0.00209015	0.163873
4.76	1.02541	3.86056	1.58603	0.00135144	0.16329
4.765	1.02548	3.86556	1.58603	0.000615651	0.162705
4.77	1.02556	3.87056	1.58602	-0.000117194	0.162118
4.775	1.02563	3.87556	1.58603	-0.000847069	0.161529
4.78	1.02571	3.88056	1.58603	-0.00157395	0.160938
4.785	1.02579	3.88556	1.58604	-0.00229781	0.160346
4.79	1.02586	3.89056	1.58605	-0.00301864	0.159751
4.795	1.02594	3.89556	1.58606	-0.0037364	0.159154
4.8	1.02602	3.90056	1.58608	-0.00445107	0.158555
4.805	1.02609	3.90555	1.58611	-0.00516263	0.157954
4.81	1.02617	3.91055	1.58613	-0.00587106	0.157351
4.815	1.02625	3.91555	1.58616	-0.00657633	0.156746
4.82	1.02632	3.92055	1.58619	-0.00727842	0.15614
4.825	1.0264	3.92555	1.58623	-0.0079773	0.155531
4.83	1.02648	3.93055	1.58627	-0.00867296	0.15492
4.835	1.02655	3.93555	1.58631	-0.00936536	0.154307
4.84	1.02663	3.94055	1.58636	-0.0100545	0.153693
4.845	1.02671	3.94555	1.58641	-0.0107403	0.153076
4.85	1.02679	3.95055	1.58646	-0.0114228	0.152457
4.855	1.02687	3.95555	1.58652	-0.012102	0.151837
4.86	1.02695	3.96055	1.58658	-0.0127778	0.151214
4.865	1.02703	3.96555	1.58665	-0.0134502	0.15059
4.87	1.02711	3.97055	1.58671	-0.0141192	0.149963
4.875	1.02719	3.97555	1.58678	-0.0147848	0.149335
4.88	1.02727	3.98055	1.58686	-0.0154469	0.148705
4.885	1.02735	3.98555	1.58693	-0.0161055	0.148073
4.89	1.02743	3.99054	1.58701	-0.0167607	0.147438
4.895	1.02751	3.99554	1.5871	-0.0174123	0.146802
4.9	1.02759	4.00054	1.58719	-0.0180603	0.146164
4.905	1.02767	4.00554	1.58728	-0.0187048	0.145524
4.91	1.02776	4.01054	1.58737	-0.0193457	0.144882
4.915	1.02784	4.01554	1.58747	-0.019983	0.144238
4.92	1.02792	4.02054	1.58757	-0.0206166	0.143593
4.925	1.02801	4.02554	1.58767	-0.0212466	0.142945
4.93	1.02809	4.03054	1.58778	-0.0218729	0.142295
4.935	1.02818	4.03554	1.58788	-0.0224955	0.141644
4.94	1.02826	4.04054	1.588	-0.0231143	0.14099
4.945	1.02835	4.04554	1.58811	-0.0237295	0.140335
4.95	1.02844	4.05053	1.58823	-0.0243408	0.139677
4.955	1.02853	4.05553	1.58835	-0.0249484	0.139018
4.96	1.02861	4.06053	1.58848	-0.0255521	0.138357
4.965	1.0287	4.06553	1.58861	-0.026152	0.137694
4.97	1.02879	4.07053	1.58874	-0.0267481	0.137029
4.975	1.02888	4.07553	1.58887	-0.0273402	0.136362
4.98	1.02897	4.08053	1.58901	-0.0279285	0.135694
4.985	1.02907	4.08553	1.58915	-0.0285129	0.135023
4.99	1.02916	4.09053	1.58929	-0.0290933	0.13435
4.995	1.02925	4.09553	1.58943	-0.0296697	0.133676
5	1.02935	4.10053	1.58958	-0.0302422	0.132999
5.005	1.02944	4.10553	1.58973	-0.0308106	0.132321
5.01	1.02954	4.11052	1.58989	-0.0313751	0.131641
5.015	1.02963	4.11552	1.59004	-0.0319354	0.130959
5.02	1.02973	4.12052	1.5902	-0.0324918	0.130275
5.025	1.02983	4.12552	1.59037	-0.033044	0.129589
5.03	1.02993	4.13052	1.59053	-0.0335921	0.128902
5.035	1.03002	4.13552	1.5907	-0.0341361	0.128212
5.04	1.03013	4.14052	1.59087	-0.0346759	0.127521
5.045	1.03023	4.14552	1.59104	-0.0352116	0.126827
5.05	1.03033	4.15052	1.59122	-0.0357431	0.126132
5.055	1.03043	4.15552	1.5914	-0.0362703	0.125435
5.06	1.03054	4.16052	1.59158	-0.0367934	0.124736
5.065	1.03064	4.16551	1.59176	-0.0373122	0.124035
5.07	1.03075	4.17051	1.59195	-0.0378267	0.123332
5.075	1.03085	4.17551	1.59214	-0.0383369	0.122628
5.08	1.03096	4.18051	1.59233	-0.0388428	0.121921
5.085	1.03107	4.18551	1.59253	-0.0393444	0.121213
5.09	1.03118	4.19051	1.59272	-0.0398416	0.120502
5.095	1.03129	4.19551	1.59292	-0.0403345	0.11979
5.1	1.0314	4.20051	1.59312	-0.040823	0.119076
5.105	1.03151	4.2055	1.59333	-0.0413071	0.118361
5.11	1.03163	4.2105	1.59353	-0.0417867	0.117643
5.115	1.03174	4.2155	1.59374	-0.042262	0.116923
5.12	1.03186	4.2205	1.59395	-0.0427327	0.116202
5.125	1.03197	4.2255	1.59417	-0.043199	0.115479
5.13	1.03209	4.2305	1.59438	-0.0436607	0.114754
5.135	1.03221	4.2355	1.5946	-0.044118	0.114027
5.14	1.03233	4.24049	1.59482	-0.0445707	0.113298
5.145	1.03245	4.24549	1.59505	-0.0450189	0.112567
5.15	1.03258	4.25049	1.59527	-0.0454625	0.111834
5.155	1.0327	4.25549	1.5955	-0.0459015	0.1111
5.16	1.03282	4.26049	1.59573	-0.0463359	0.110364
5.165	1.03295	4.26549	1.59596	-0.0467657	0.109626
5.17	1.03308	4.27049	1.59619	-0.0471908	0.108886
5.175	1.0332	4.27548	1.59643	-0.0476113	0.108144
5.18	1.03333	4.28048	1.59667	-0.0480271	0.1074
5.185	1.03346	4.28548	1.59691	-0.0484382	0.106655
5.19	1.0336	4.29048	1.59715	-0.0488446	0.105908
5.195	1.03373	4.29548	1.59739	-0.0492463	0.105158
5.2	1.03386	4.30048	1.59764	-0.0496432	0.104407
5.205	1.034	4.30547	1.59789	-0.0500354	0.103655
5.21	1.03413	4.31047	1.59814	-0.0504227	0.1029
5.215	1.03427	4.31547	1.59839	-0.0508053	0.102143
5.22	1.03441	4.32047	1.59864	-0.0511831	0.101385
5.225	1.03455	4.32547	1.5989	-0.0515561	0.100625
5.23	1.03469	4.33046	1.59916	-0.0519242	0.0998628
5.235	1.03484	4.33546	1.59942	-0.0522875	0.099099
5.24	1.03498	4.34046	1.59968	-0.0526459	0.0983333
5.245	1.03513	4.34546	1.59994	-0.0529994	0.0975658
5.25	1.03527	4.35046	1.60021	-0.053348	0.0967965
5.255	1.03542	4.35545	1.60047	-0.0536917	0.0960253
5.26	1.03557	4.36045	1.60074	-0.0540304	0.0952523
5.265	1.03572	4.36545	1.60101	-0.0543643	0.0944775
5.27	1.03588	4.37045	1.60128	-0.0546931	0.0937009
5.275	1.03603	4.37544	1.60156	-0.055017	0.0929225
5.28	1.03619	4.38044	1.60183	-0.0553359	0.0921422
5.285	1.03634	4.38544	1.60211	-0.0556497	0.0913602
5.29	1.0365	4.39044	1.60239	-0.0559586	0.0905763
5.295	1.03666	4.39543	1.60267	-0.0562624	0.0897906
5.3	1.03682	4.40043	1.60295	-0.0565612	0.089003
5.305	1.03698	4.40543	1.60323	-0.0568549	0.0882137
5.31	1.03715	4.41043	1.60352	-0.0571436	0.0874226
5.315	1.03731	4.41542	1.6038	-0.0574272	0.0866296
5.32	1.03748	4.42042	1.60409	-0.0577056	0.0858349
5.325	1.03764	4.42542	1.60438	-0.057979	0.0850383
5.33	1.03781	4.43042	1.60467	-0.0582472	0.0842399
5.335	1.03798	4.43541	1.60496	-0.0585103	0.0834398
5.34	1.03816	4.44041	1.60525	-0.0587682	0.0826378
5.345	1.03833	4.44541	1.60555	-0.059021	0.081834
5.35	1.03851	4.4504	1.60584	-0.0592686	0.0810284
5.355	1.03868	4.4554	1.60614	-0.0595111	0.0802211
5.36	1.03886	4.4604	1.60643	-0.0597483	0.0794119
5.365	1.03904	4.46539	1.60673	-0.0599803	0.078601
5.37	1.03922	4.47039	1.60703	-0.0602071	0.0777882
5.375	1.0394	4.47539	1.60733	-0.0604287	0.0769737
5.38	1.03959	4.48038	1.60764	-0.060645	0.0761573
5.385	1.03977	4.48538	1.60794	-0.0608561	0.0753392
5.39	1.03996	4.49038	1.60824	-0.0610619	0.0745193
5.395	1.04015	4.49537	1.60855	-0.0612624	0.0736976
5.4	1.04034	4.50037	1.60886	-0.0614576	0.0728742
5.405	1.04053	4.50537	1.60916	-0.0616476	0.0720489
5.41	1.04073	4.51036	1.60947	-0.0618322	0.0712219
5.415	1.04092	4.51536	1.60978	-0.0620116	0.0703931
5.42	1.04112	4.52035	1.61009	-0.0621856	0.0695625
5.425	1.04131	4.52535	1.6104	-0.0623543	0.0687301
5.43	1.04151	4.53035	1.61071	-0.0625176	0.067896
5.435	1.04172	4.53534	1.61103	-0.0626756	0.0670601
5.44	1.04192	4.54034	1.61134	-0.0628282	0.0662224
5.445	1.04212	4.54533	1.61165	-0.0629754	0.065383
5.45	1.04233	4.55033	1.61197	-0.0631173	0.0645418
5.455	1.04254	4.55533	1.61228	-0.0632538	0.0636988
5.46	1.04274	4.56032	1.6126	-0.0633849	0.0628541
5.465	1.04295	4.56532	1.61292	-0.0635106	0.0620076
5.47	1.04317	4.57031	1.61323	-0.0636308	0.0611593
5.475	1.04338	4.57531	1.61355	-0.0637457	0.0603093
5.48	1.0436	4.5803	1.61387	-0.0638551	0.0594576
5.485	1.04381	4.5853	1.61419	-0.0639591	0.0586041
5.49	1.04403	4.59029	1.61451	-0.0640577	0.0577488
5.495	1.04425	4.59529	1.61483	-0.0641508	0.0568918
5.5	1.04447	4.60028	1.61515	-0.0642385	0.056033
5.505	1.0447	4.60528	1.61547	-0.0643206	0.0551725
5.51	1.04492	4.61027	1.61579	-0.0643974	0.0543103
5.515	1.04515	4.61527	1.61612	-0.0644686	0.0534463
5.52	1.04538	4.62026	1.61644	-0.0645344	0.0525806
5.525	1.04561	4.62526	1.61676	-0.0645947	0.0517131
5.53	1.04584	4.63025	1.61708	-0.0646495	0.050844
5.535	1.04607	4.63525	1.61741	-0.0646988	0.049973
5.54	1.0463	4.64024	1.61773	-0.0647426	0.0491004
5.545	1.04654	4.64524	1.61805	-0.0647809	0.048226
5.55	1.04678	4.65023	1.61838	-0.0648137	0.0473499
5.555	1.04702	4.65523	1.6187	-0.0648409	0.0464721
5.56	1.04726	4.66022	1.61903	-0.0648627	0.0455926
5.565	1.0475	4.66521	1.61935	-0.0648789	0.0447113
5.57	1.04775	4.67021	1.61968	-0.0648896	0.0438283
5.575	1.04799	4.6752	1.62	-0.0648948	0.0429437
5.58	1.04824	4.6802	1.62032	-0.0648944	0.0420573
5.585	1.04849	4.68519	1.62065	-0.0648885	0.0411692
5.59	1.04874	4.69018	1.62097	-0.064877	0.0402794
5.595	1.04899	4.69518	1.6213	-0.06486	0.0393879
5.6	1.04925	4.70017	1.62162	-0.0648374	0.0384946
5.605	1.0495	4.70516	1.62195	-0.0648093	0.0375997
5.61	1.04976	4.71016	1.62227	-0.0647756	0.0367031
5.615	1.05002	4.71515	1.62259	-0.0647364	0.0358048
5.62	1.05028	4.72014	1.62292	-0.0646916	0.0349049
5.625	1.05054	4.72514	1.62324	-0.0646413	0.0340032
5.63	1.0508	4.73013	1.62356	-0.0645854	0.0330998
5.635	1.05107	4.73512	1.62389	-0.0645239	0.0321948
5.64	1.05134	4.74012	1.62421	-0.0644568	0.0312881
5.645	1.05161	4.74511	1.62453	-0.0643842	0.0303797
5.65	1.05188	4.7501	1.62485	-0.064306	0.0294696
5.655	1.05215	4.75509	1.62518	-0.0642223	0.0285579
5.66	1.05242	4.76009	1.6255	-0.0641329	0.0276445
5.665	1.0527	4.76508	1.62582	-0.064038	0.0267294
5.67	1.05297	4.77007	1.62614	-0.0639375	0.0258127
5.675	1.05325	4.77506	1.62646	-0.0638315	0.0248943
5.68	1.05353	4.78006	1.62678	-0.0637198	0.0239742
5.685	1.05381	4.78505	1.62709	-0.0636026	0.0230525
5.69	1.05409	4.79004	1.62741	-0.0634799	0.0221292
5.695	1.05438	4.79503	1.62773	-0.0633515	0.0212042
5.7	1.05466	4.80002	1.62805	-0.0632176	0.0202776
5.705	1.05495	4.80502	1.62836	-0.0630781	0.0193493
5.71	1.05524	4.81001	1.62868	-0.062933	0.0184194
5.715	1.05553	4.815	1.62899	-0.0627824	0.0174878
5.72	1.05582	4.81999	1.62931	-0.0626262	0.0165546
5.725	1.05612	4.82498	1.62962	-0.0624644	0.0156198
5.73	1.05641	4.82997	1.62993	-0.062297	0.0146834
5.735	1.05671	4.83496	1.63024	-0.0621241	0.0137454
5.74	1.05701	4.83995	1.63056	-0.0619457	0.0128057
5.745	1.05731	4.84495	1.63086	-0.0617616	0.0118644
5.75	1.05761	4.84994	1.63117	-0.061572	0.0109215
5.755	1.05792	4.85493	1.63148	-0.0613769	0.00997699
5.76	1.05822	4.85992	1.63179	-0.0611762	0.00903088
5.765	1.05853	4.86491	1.63209	-0.06097	0.00808317
5.77	1.05883	4.8699	1.6324	-0.0607582	0.00713387
5.775	1.05914	4.87489	1.6327	-0.0605408	0.00618296
5.78	1.05945	4.87988	1.63301	-0.060318	0.00523047
5.785	1.05977	4.88487	1.63331	-0.0600896	0.0042764
5.79	1.06008	4.88986	1.63361	-0.0598556	0.00332074
5.795	1.0604	4.89485	1.63391	-0.0596162	0.0023635
5.8	1.06071	4.89984	1.6342	-0.0593712	0.00140469
5.805	1.06103	4.90483	1.6345	-0.0591206	0.000444301
5.81	1.06135	4.90982	1.6348	-0.0588646	-0.000517652
5.815	1.06167	4.91481	1.63509	-0.0586031	-0.00148117
5.82	1.06199	4.9198	1.63538	-0.058336	-0.00244625
5.825	1.06232	4.92479	1.63568	-0.0580634	-0.00341288
5.83	1.06264	4.92978	1.63597	-0.0577854	-0.00438107
5.835	1.06297	4.93477	1.63626	-0.0575018	-0.0053508
5.84	1.0633	4.93976	1.63654	-0.0572128	-0.00632208
5.845	1.06363	4.94475	1.63683	-0.0569183	-0.0072949
5.85	1.06396	4.94973	1.63711	-0.0566183	-0.00826926
5.855	1.06429	4.95472	1.6374	-0.0563128	-0.00924515
5.86	1.06463	4.95971	1.63768	-0.0560019	-0.0102226
5.865	1.06496	4.9647	1.63796	-0.0556855	-0.0112015
5.87	1.0653	4.96969	1.63824	-0.0553637	-0.012182
5.875	1.06564	4.97468	1.63851	-0.0550364	-0.0131639
5.88	1.06598	4.97967	1.63879	-0.0547037	-0.0141474
5.885	1.06632	4.98465	1.63906	-0.0543655	-0.0151324
5.89	1.06666	4.98964	1.63933	-0.0540219	-0.0161189
5.895	1.06701	4.99463	1.6396	-0.0536729	-0.0171069
5.9	1.06735	4.99962	1.63987	-0.0533185	-0.0180964
5.905	1.0677	5.00461	1.64014	-0.0529587	-0.0190874
5.91	1.06805	5.0096	1.6404	-0.0525934	-0.0200799
5.915	1.06839	5.01458	1.64067	-0.0522228	-0.0210738
5.92	1.06875	5.01957	1.64093	-0.0518468	-0.0220692
5.925	1.0691	5.02456	1.64119	-0.0514655	-0.0230661
5.93	1.06945	5.02955	1.64144	-0.0510787	-0.0240645
5.935	1.0698	5.03453	1.6417	-0.0506866	-0.0250643
5.94	1.07016	5.03952	1.64195	-0.0502892	-0.0260656
5.945	1.07052	5.04451	1.6422	-0.0498864	-0.0270684
5.95	1.07087	5.0495	1.64245	-0.0494783	-0.0280725
5.955	1.07123	5.05448	1.6427	-0.0490648	-0.0290782
5.96	1.07159	5.05947	1.64295	-0.0486461	-0.0300853
5.965	1.07196	5.06446	1.64319	-0.048222	-0.0310938
5.97	1.07232	5.06944	1.64343	-0.0477926	-0.0321037
5.975	1.07268	5.07443	1.64367	-0.0473579	-0.0331151
5.98	1.07305	5.07942	1.64391	-0.046918	-0.0341279
5.985	1.07341	5.0844	1.64414	-0.0464728	-0.035142
5.99	1.07378	5.08939	1.64437	-0.0460223	-0.0361577
5.995	1.07415	5.09438	1.6446	-0.0455665	-0.0371747
6	1.07452	5.09936	1.64483	-0.0451056	-0.0381931
6.005	1.07489	5.10435	1.64506	-0.0446393	-0.0392129
6.01	1.07526	5.10933	1.64528	-0.0441679	-0.0402341
6.015	1.07564	5.11432	1.6455	-0.0436913	-0.0412567
6.02	1.07601	5.11931	1.64572	-0.0432094	-0.0422807
6.025	1.07639	5.12429	1.64594	-0.0427224	-0.043306
6.03	1.07676	5.12928	1.64615	-0.0422301	-0.0443327
6.035	1.07714	5.13426	1.64636	-0.0417327	-0.0453608
6.04	1.07752	5.13925	1.64657	-0.0412301	-0.0463902
6.045	1.0779	5.14424	1.64678	-0.0407224	-0.047421
6.05	1.07828	5.14922	1.64698	-0.0402096	-0.0484532
6.055	1.07866	5.15421	1.64718	-0.0396916	-0.0494866
6.06	1.07904	5.15919	1.64738	-0.0391685	-0.0505215
6.065	1.07943	5.16418	1.64757	-0.0386402	-0.0515576
6.07	1.07981	5.16916	1.64777	-0.0381069	-0.0525951
6.075	1.0802	5.17415	1.64796	-0.0375685	-0.0536339
6.08	1.08058	5.17913	1.64815	-0.0370251	-0.054674
6.085	1.08097	5.18412	1.64833	-0.0364765	-0.0557154
6.09	1.08136	5.1891	1.64851	-0.0359229	-0.0567582
6.095	1.08175	5.19409	1.64869	-0.0353643	-0.0578022
6.1	1.08214	5.19907	1.64887	-0.0348006	-0.0588475
6.105	1.08253	5.20406	1.64904	-0.034232	-0.0598941
6.11	1.08292	5.20904	1.64922	-0.0336583	-0.060942
6.115	1.08331	5.21403	1.64938	-0.0330796	-0.0619912
6.12	1.08371	5.21901	1.64955	-0.0324959	-0.0630416
6.125	1.0841	5.22399	1.64971	-0.0319073	-0.0640933
6.13	1.08449	5.22898	1.64987	-0.0313137	-0.0651463
6.135	1.08489	5.23396	1.65003	-0.0307152	-0.0662005
6.14	1.08529	5.23895	1.65018	-0.0301118	-0.067256
6.145	1.08568	5.24393	1.65033	-0.0295034	-0.0683127
6.15	1.08608	5.24892	1.65048	-0.0288901	-0.0693706
6.155	1.08648	5.2539	1.65062	-0.0282719	-0.0704298
6.16	1.08688	5.25888	1.65076	-0.0276489	-0.0714902
6.165	1.08728	5.26387	1.6509	-0.0270209	-0.0725518
6.17	1.08768	5.26885	1.65104	-0.0263882	-0.0736146
6.175	1.08808	5.27384	1.65117	-0.0257505	-0.0746786
6.18	1.08848	5.27882	1.6513	-0.0251081	-0.0757439
6.185	1.08889	5.2838	1.65142	-0.0244608	-0.0768103
6.19	1.08929	5.28879	1.65155	-0.0238087	-0.0778779
6.195	1.08969	5.29377	1.65167	-0.0231518	-0.0789467
6.2	1.0901	5.29875	1.65178	-0.0224902	-0.0800166
6.205	1.0905	5.30374	1.65189	-0.0218238	-0.0810877
6.21	1.09091	5.30872	1.652	-0.0211526	-0.08216
6.215	1.09132	5.3137	1.65211	-0.0204767	-0.0832334
6.22	1.09172	5.31869	1.65221	-0.0197961	-0.084308
6.225	1.09213	5.32367	1.65231	-0.0191108	-0.0853837
6.23	1.09254	5.32865	1.65241	-0.0184207	-0.0864606
6.235	1.09294	5.33364	1.6525	-0.017726	-0.0875385
6.24	1.09335	5.33862	1.65259	-0.0170266	-0.0886176
6.245	1.09376	5.34361	1.65267	-0.0163225	-0.0896979
6.25	1.09417	5.34859	1.65275	-0.0156139	-0.0907792
6.255	1.09458	5.35357	1.65283	-0.0149005	-0.0918616
6.26	1.09499	5.35855	1.65291	-0.0141826	-0.0929451
6.265	1.0954	5.36354	1.65298	-0.0134601	-0.0940297
6.27	1.09581	5.36852	1.65304	-0.0127329	-0.0951154
6.275	1.09622	5.3735	1.65311	-0.0120012	-0.0962022
6.28	1.09664	5.37849	1.65317	-0.011265	-0.09729
6.285	1.09705	5.38347	1.65322	-0.0105241	-0.0983789
6.29	1.09746	5.38845	1.65328	-0.0097788	-0.0994688
6.295	1.09787	5.39344	1.65333	-0.00902894	-0.10056
6.3	1.09828	5.39842	1.65337	-0.00827457	-0.101652
6.305	1.0987	5.4034	1.65341	-0.00751572	-0.102745
6.31	1.09911	5.40838	1.65345	-0.00675238	-0.103839
6.315	1.09952	5.41337	1.65348	-0.00598459	-0.104934
6.32	1.09993	5.41835	1.65351	-0.00521235	-0.10603
6.325	1.10035	5.42333	1.65354	-0.00443567	-0.107127
6.33	1.10076	5.42832	1.65356	-0.00365458	-0.108225
6.335	1.10117	5.4333	1.65358	-0.00286908	-0.109324
6.34	1.10159	5.43828	1.65359	-0.00207919	-0.110424
6.345	1.102	5.44326	1.6536	-0.00128493	-0.111526
6.35	1.10242	5.44825	1.65361	-0.000486298	-0.112628
6.355	1.10283	5.45323	1.65361	0.000316677	-0.11373
6.36	1.10324	5.45821	1.65361	0.00112399	-0.114834
6.365	1.10366	5.4632	1.65361	0.00193561	-0.115939
6.37	1.10407	5.46818	1.6536	0.00275154	-0.117045
6.375	1.10448	5.47316	1.65358	0.00357177	-0.118152
6.38	1.1049	5.47815	1.65356	0.00439626	-0.119259
6.385	1.10531	5.48313	1.65354	0.00522502	-0.120368
6.39	1.10572	5.48811	1.65352	0.00605803	-0.121477
6.395	1.10614	5.49309	1.65349	0.00689527	-0.122588
6.4	1.10655	5.49808	1.65345	0.00773672	-0.123699
6.405	1.10696	5.50306	1.65341	0.00858238	-0.124811
6.41	1.10737	5.50804	1.65337	0.00943223	-0.125924
6.415	1.10779	5.51303	1.65332	0.0102863	-0.127038
6.42	1.1082	5.51801	1.65327	0.0111444	-0.128153
6.425	1.10861	5.52299	1.65322	0.0120068	-0.129268
6.43	1.10902	5.52797	1.65316	0.0128732	-0.130385
6.435	1.10943	5.53296	1.65309	0.0137438	-0.131502
6.44	1.10984	5.53794	1.65302	0.0146185	-0.13262
6.445	1.11025	5.54292	1.65295	0.0154972	-0.133739
6.45	1.11066	5.54791	1.65287	0.0163801	-0.134859
6.455	1.11107	5.55289	1.65279	0.017267	-0.135979
6.46	1.11148	5.55787	1.6527	0.0181579	-0.1371
6.465	1.11189	5.56286	1.65261	0.0190529	-0.138223
6.47	1.1123	5.56784	1.65252	0.0199519	-0.139345
6.475	1.11271	5.57282	1.65242	0.0208548	-0.140469
6.48	1.11311	5.57781	1.65231	0.0217618	-0.141593
6.485	1.11352	5.58279	1.65221	0.0226728	-0.142719
6.49	1.11393	5.58777	1.65209	0.0235877	-0.143844
6.495	1.11433	5.59276	1.65197	0.0245065	-0.144971
6.5	1.11474	5.59774	1.65185	0.0254293	-0.146098
6.505	1.11514	5.60272	1.65172	0.026356	-0.147226
6.51	1.11554	5.60771	1.65159	0.0272865	-0.148355
6.515	1.11595	5.61269	1.65146	0.028221	-0.149485
6.52	1.11635	5.61768	1.65131	0.0291593	-0.150615
6.525	1.11675	5.62266	1.65117	0.0301015	-0.151745
6.53	1.11715	5.62764	1.65102	0.0310476	-0.152877
6.535	1.11755	5.63263	1.65086	0.0319975	-0.154009
6.54	1.11795	5.63761	1.6507	0.0329511	-0.155142
6.545	1.11835	5.6426	1.65054	0.0339086	-0.156275
6.55	1.11875	5.64758	1.65037	0.0348699	-0.157409
6.555	1.11914	5.65256	1.65019	0.0358349	-0.158544
6.56	1.11954	5.65755	1.65002	0.0368037	-0.159679
6.565	1.11993	5.66253	1.64983	0.0377763	-0.160815
6.57	1.12033	5.66752	1.64964	0.0387525	-0.161952
6.575	1.12072	5.6725	1.64945	0.0397325	-0.163089
6.58	1.12111	5.67749	1.64925	0.0407162	-0.164227
6.585	1.1215	5.68247	1.64905	0.0417036	-0.165365
6.59	1.12189	5.68746	1.64884	0.0426946	-0.166504
6.595	1.12228	5.69244	1.64862	0.0436893	-0.167643
6.6	1.12267	5.69743	1.64841	0.0446877	-0.168783
6.605	1.12306	5.70241	1.64818	0.0456897	-0.169924
6.61	1.12344	5.7074	1.64795	0.0466953	-0.171065
6.615	1.12382	5.71238	1.64772	0.0477045	-0.172206
6.62	1.12421	5.71737	1.64748	0.0487173	-0.173348
6.625	1.12459	5.72235	1.64724	0.0497336	-0.17449
6.63	1.12497	5.72734	1.64699	0.0507536	-0.175633
6.635	1.12535	5.73232	1.64674	0.0517771	-0.176777
6.64	1.12573	5.73731	1.64648	0.0528041	-0.177921
6.645	1.1261	5.74229	1.64621	0.0538346	-0.179065
6.65	1.12648	5.74728	1.64594	0.0548687	-0.18021
6.655	1.12685	5.75227	1.64567	0.0559062	-0.181355
6.66	1.12723	5.75725	1.64539	0.0569472	-0.182501
6.665	1.1276	5.76224	1.64511	0.0579917	-0.183647
6.67	1.12797	5.76723	1.64482	0.0590396	-0.184793
6.675	1.12834	5.77221	1.64452	0.060091	-0.18594
6.68	1.1287	5.7772	1.64422	0.0611458	-0.187087
6.685	1.12907	5.78219	1.64391	0.0622041	-0.188235
6.69	1.12943	5.78717	1.6436	0.0632657	-0.189383
6.695	1.12979	5.79216	1.64329	0.0643307	-0.190531
6.7	1.13015	5.79715	1.64297	0.0653991	-0.19168
6.705	1.13051	5.80213	1.64264	0.0664708	-0.192829
6.71	1.13087	5.80712	1.64231	0.0675459	-0.193978
6.715	1.13123	5.81211	1.64197	0.0686244	-0.195127
6.72	1.13158	5.81709	1.64163	0.0697061	-0.196277
6.725	1.13193	5.82208	1.64128	0.0707912	-0.197427
6.73	1.13228	5.82707	1.64092	0.0718796	-0.198578
6.735	1.13263	5.83206	1.64056	0.0729712	-0.199729
6.74	1.13298	5.83705	1.6402	0.0740661	-0.200879
6.745	1.13332	5.84203	1.63983	0.0751643	-0.202031
6.75	1.13367	5.84702	1.63945	0.0762657	-0.203182
6.755	1.13401	5.85201	1.63907	0.0773704	-0.204334
6.76	1.13435	5.857	1.63868	0.0784782	-0.205485
6.765	1.13468	5.86199	1.63829	0.0795893	-0.206637
6.77	1.13502	5.86698	1.63789	0.0807036	-0.20779
6.775	1.13535	5.87196	1.63749	0.0818211	-0.208942
6.78	1.13568	5.87695	1.63708	0.0829417	-0.210095
6.785	1.13601	5.88194	1.63667	0.0840655	-0.211247
6.79	1.13634	5.88693	1.63625	0.0851924	-0.2124
6.795	1.13666	5.89192	1.63582	0.0863225	-0.213553
6.8	1.13699	5.89691	1.63539	0.0874557	-0.214706
6.805	1.13731	5.9019	1.63495	0.088592	-0.215859
6.81	1.13762	5.90689	1.63451	0.0897314	-0.217012
6.815	1.13794	5.91188	1.63406	0.0908739	-0.218166
6.82	1.13825	5.91687	1.6336	0.0920195	-0.219319
6.825	1.13857	5.92186	1.63314	0.0931681	-0.220472
6.83	1.13888	5.92685	1.63268	0.0943198	-0.221626
6.835	1.13918	5.93184	1.63221	0.0954745	-0.222779
6.84	1.13949	5.93683	1.63173	0.0966322	-0.223933
6.845	1.13979	5.94182	1.63125	0.097793	-0.225086
6.85	1.14009	5.94682	1.63076	0.0989568	-0.22624
6.855	1.14039	5.95181	1.63026	0.100124	-0.227393
6.86	1.14068	5.9568	1.62976	0.101293	-0.228546
6.865	1.14097	5.96179	1.62926	0.102466	-0.2297
6.87	1.14126	5.96678	1.62874	0.103642	-0.230853
6.875	1.14155	5.97177	1.62823	0.10482	-0.232006
6.88	1.14183	5.97676	1.6277	0.106002	-0.233159
6.885	1.14211	5.98176	1.62717	0.107186	-0.234312
6.89	1.14239	5.98675	1.62664	0.108374	-0.235465
6.895	1.14267	5.99174	1.62609	0.109564	-0.236618
6.9	1.14294	5.99673	1.62555	0.110757	-0.23777
6.905	1.14321	6.00173	1.62499	0.111953	-0.238923
6.91	1.14348	6.00672	1.62443	0.113152	-0.240075
6.915	1.14375	6.01171	1.62387	0.114354	-0.241227
6.92	1.14401	6.0167	1.62329	0.115559	-0.242379
6.925	1.14427	6.0217	1.62272	0.116766	-0.243531
6.93	1.14453	6.02669	1.62213	0.117976	-0.244682
6.935	1.14478	6.03168	1.62154	0.119189	-0.245833
6.94	1.14503	6.03668	1.62095	0.120405	-0.246984
6.945	1.14528	6.04167	1.62035	0.121624	-0.248135
6.95	1.14552	6.04667	1.61974	0.122846	-0.249285
6.955	1.14576	6.05166	1.61912	0.12407	-0.250435
6.96	1.146	6.05666	1.6185	0.125297	-0.251585
6.965	1.14624	6.06165	1.61788	0.126527	-0.252735
6.97	1.14647	6.06664	1.61724	0.127759	-0.253884
6.975	1.1467	6.07164	1.6166	0.128995	-0.255033
6.98	1.14693	6.07663	1.61596	0.130233	-0.256181
6.985	1.14715	6.08163	1.61531	0.131473	-0.257329
6.99	1.14737	6.08662	1.61465	0.132717	-0.258477
6.995	1.14758	6.09162	1.61399	0.133963	-0.259624
7	1.1478	6.09661	1.61332	0.135212	-0.26077
7.005	1.148	6.10161	1.61264	0.136463	-0.261917
7.01	1.14821	6.10661	1.61196	0.137717	-0.263063
7.015	1.14841	6.1116	1.61127	0.138974	-0.264208
7.02	1.14861	6.1166	1.61058	0.140234	-0.265353
7.025	1.14881	6.12159	1.60987	0.141496	-0.266497
7.03	1.149	6.12659	1.60917	0.142761	-0.267641
7.035	1.14919	6.13159	1.60845	0.144028	-0.268784
7.04	1.14937	6.13658	1.60773	0.145298	-0.269927
7.045	1.14955	6.14158	1.60701	0.14657	-0.271069
7.05	1.14973	6.14658	1.60627	0.147846	-0.272211
7.055	1.1499	6.15157	1.60553	0.149123	-0.273352
7.06	1.15007	6.15657	1.60479	0.150404	-0.274492
7.065	1.15024	6.16157	1.60404	0.151687	-0.275632
7.07	1.1504	6.16657	1.60328	0.152972	-0.276771
7.075	1.15056	6.17156	1.60251	0.15426	-0.277909
7.08	1.15072	6.17656	1.60174	0.155551	-0.279047
7.085	1.15087	6.18156	1.60096	0.156844	-0.280184
7.09	1.15101	6.18656	1.60018	0.158139	-0.28132
7.095	1.15116	6.19155	1.59939	0.159437	-0.282456
7.1	1.15129	6.19655	1.59859	0.160738	-0.283591
7.105	1.15143	6.20155	1.59779	0.162041	-0.284725
7.11	1.15156	6.20655	1.59698	0.163347	-0.285858
7.115	1.15169	6.21155	1.59616	0.164655	-0.28699
7.12	1.15181	6.21655	1.59534	0.165965	-0.288122
7.125	1.15193	6.22154	1.59451	0.167278	-0.289253
7.13	1.15204	6.22654	1.59367	0.168594	-0.290382
7.135	1.15215	6.23154	1.59283	0.169912	-0.291511
7.14	1.15226	6.23654	1.59198	0.171232	-0.29264
7.145	1.15236	6.24154	1.59112	0.172555	-0.293767
7.15	1.15246	6.24654	1.59026	0.17388	-0.294893
7.155	1.15255	6.25154	1.58939	0.175208	-0.296018
7.16	1.15264	6.25654	1.58852	0.176538	-0.297143
7.165	1.15272	6.26154	1.58763	0.17787	-0.298266
7.17	1.1528	6.26654	1.58674	0.179205	-0.299388
7.175	1.15288	6.27153	1.58585	0.180542	-0.30051
7.18	1.15295	6.27653	1.58495	0.181882	-0.30163
7.185	1.15302	6.28153	1.58404	0.183224	-0.302749
7.19	1.15308	6.28653	1.58312	0.184568	-0.303867
7.195	1.15313	6.29153	1.5822	0.185915	-0.304985
7.2	1.15319	6.29653	1.58127	0.187264	-0.3061
7.205	1.15323	6.30153	1.58033	0.188615	-0.307215
7.21	1.15328	6.30653	1.57939	0.189969	-0.308329
7.215	1.15332	6.31153	1.57844	0.191325	-0.309441
7.22	1.15335	6.31653	1.57748	0.192684	-0.310553
7.225	1.15338	6.32153	1.57652	0.194044	-0.311663
7.23	1.1534	6.32653	1.57555	0.195407	-0.312771
7.235	1.15342	6.33153	1.57457	0.196773	-0.313879
7.24	1.15343	6.33653	1.57359	0.19814	-0.314985
7.245	1.15344	6.34153	1.5726	0.19951	-0.31609
7.25	1.15345	6.34653	1.5716	0.200882	-0.317194
7.255	1.15345	6.35153	1.57059	0.202257	-0.318296
7.26	1.15344	6.35653	1.56958	0.203634	-0.319397
7.265	1.15343	6.36153	1.56856	0.205013	-0.320497
7.27	1.15341	6.36653	1.56754	0.206394	-0.321595
7.275	1.15339	6.37153	1.56651	0.207777	-0.322691
7.28	1.15336	6.37653	1.56547	0.209163	-0.323787
7.285	1.15333	6.38153	1.56442	0.210551	-0.324881
7.29	1.1533	6.38653	1.56337	0.211941	-0.325973
7.295	1.15325	6.39153	1.56231	0.213334	-0.327064
7.3	1.15321	6.39653	1.56124	0.214729	-0.328153
7.305	1.15315	6.40153	1.56017	0.216126	-0.329241
7.31	1.15309	6.40653	1.55909	0.217525	-0.330327
7.315	1.15303	6.41153	1.558	0.218926	-0.331411
7.32	1.15296	6.41653	1.55691	0.22033	-0.332494
7.325	1.15288	6.42153	1.55581	0.221735	-0.333576
7.33	1.1528	6.42653	1.5547	0.223143	-0.334655
7.335	1.15272	6.43153	1.55358	0.224553	-0.335733
7.34	1.15263	6.43653	1.55246	0.225966	-0.336809
7.345	1.15253	6.44153	1.55133	0.22738	-0.337884
7.35	1.15243	6.44653	1.55019	0.228797	-0.338956
7.355	1.15232	6.45153	1.54905	0.230216	-0.340027
7.36	1.1522	6.45652	1.5479	0.231637	-0.341097
7.365	1.15208	6.46152	1.54674	0.23306	-0.342164
7.37	1.15196	6.46652	1.54557	0.234485	-0.343229
7.375	1.15182	6.47152	1.5444	0.235912	-0.344293
7.38	1.15169	6.47652	1.54322	0.237342	-0.345355
7.385	1.15154	6.48151	1.54203	0.238774	-0.346414
7.39	1.15139	6.48651	1.54084	0.240207	-0.347472
7.395	1.15124	6.49151	1.53964	0.241643	-0.348528
7.4	1.15108	6.49651	1.53843	0.243081	-0.349582
7.405	1.15091	6.5015	1.53722	0.244522	-0.350634
7.41	1.15073	6.5065	1.53599	0.245964	-0.351683
7.415	1.15055	6.5115	1.53476	0.247408	-0.352731
7.42	1.15037	6.51649	1.53353	0.248855	-0.353777
7.425	1.15018	6.52149	1.53228	0.250303	-0.35482
7.43	1.14998	6.52649	1.53103	0.251754	-0.355861
7.435	1.14977	6.53148	1.52977	0.253207	-0.356901
7.44	1.14956	6.53648	1.52851	0.254662	-0.357937
7.445	1.14934	6.54147	1.52723	0.256119	-0.358972
7.45	1.14912	6.54647	1.52595	0.257578	-0.360005
7.455	1.14889	6.55146	1.52466	0.259039	-0.361035
7.46	1.14865	6.55646	1.52337	0.260502	-0.362063
7.465	1.14841	6.56145	1.52207	0.261967	-0.363088
7.47	1.14816	6.56645	1.52076	0.263435	-0.364111
7.475	1.1479	6.57144	1.51944	0.264904	-0.365132
7.48	1.14764	6.57643	1.51812	0.266375	-0.366151
7.485	1.14737	6.58142	1.51678	0.267849	-0.367167
7.49	1.14709	6.58642	1.51544	0.269325	-0.36818
7.495	1.14681	6.59141	1.5141	0.270802	-0.369191
7.5	1.14652	6.5964	1.51274	0.272282	-0.3702
7.505	1.14622	6.60139	1.51138	0.273763	-0.371205
7.51	1.14592	6.60638	1.51001	0.275247	-0.372209
7.515	1.14561	6.61137	1.50864	0.276733	-0.37321
7.52	1.14529	6.61636	1.50725	0.278221	-0.374208
7.525	1.14496	6.62135	1.50586	0.279711	-0.375203
7.53	1.14463	6.62634	1.50446	0.281202	-0.376196
7.535	1.14429	6.63133	1.50306	0.282696	-0.377186
7.54	1.14395	6.63632	1.50164	0.284192	-0.378173
7.545	1.1436	6.64131	1.50022	0.28569	-0.379158
7.55	1.14324	6.64629	1.49879	0.28719	-0.380139
7.555	1.14287	6.65128	1.49736	0.288692	-0.381118
7.56	1.1425	6.65627	1.49592	0.290196	-0.382094
7.565	1.14211	6.66125	1.49446	0.291702	-0.383067
7.57	1.14173	6.66624	1.49301	0.29321	-0.384037
7.575	1.14133	6.67122	1.49154	0.29472	-0.385005
7.58	1.14093	6.6762	1.49007	0.296232	-0.385969
7.585	1.14052	6.68119	1.48858	0.297746	-0.38693
7.59	1.1401	6.68617	1.4871	0.299261	-0.387888
7.595	1.13967	6.69115	1.4856	0.300779	-0.388844
7.6	1.13924	6.69613	1.4841	0.302299	-0.389796
7.605	1.1388	6.70111	1.48258	0.303821	-0.390744
7.61	1.13835	6.70609	1.48107	0.305345	-0.39169
7.615	1.1379	6.71107	1.47954	0.306871	-0.392633
7.62	1.13743	6.71605	1.478	0.308399	-0.393572
7.625	1.13696	6.72103	1.47646	0.309929	-0.394508
7.63	1.13648	6.72601	1.47491	0.311461	-0.395441
7.635	1.136	6.73098	1.47336	0.312995	-0.39637
7.64	1.1355	6.73596	1.47179	0.31453	-0.397296
7.645	1.135	6.74093	1.47022	0.316068	-0.398219
7.65	1.13449	6.74591	1.46864	0.317608	-0.399138
7.655	1.13397	6.75088	1.46705	0.31915	-0.400053
7.66	1.13345	6.75585	1.46545	0.320693	-0.400966
7.665	1.13291	6.76082	1.46385	0.322239	-0.401874
7.67	1.13237	6.76579	1.46224	0.323787	-0.40278
7.675	1.13182	6.77076	1.46062	0.325336	-0.403681
7.68	1.13126	6.77573	1.45899	0.326888	-0.404579
7.685	1.1307	6.7807	1.45736	0.328441	-0.405474
7.69	1.13012	6.78567	1.45572	0.329997	-0.406364
7.695	1.12954	6.79063	1.45407	0.331554	-0.407251
7.7	1.12895	6.7956	1.45241	0.333114	-0.408134
7.705	1.12835	6.80056	1.45074	0.334675	-0.409014
7.71	1.12774	6.80552	1.44907	0.336238	-0.409889
7.715	1.12713	6.81049	1.44739	0.337804	-0.410761
7.72	1.12651	6.81545	1.4457	0.339371	-0.411629
7.725	1.12587	6.82041	1.444	0.34094	-0.412492
7.73	1.12523	6.82537	1.4423	0.342512	-0.413352
7.735	1.12458	6.83032	1.44059	0.344085	-0.414208
7.74	1.12393	6.83528	1.43887	0.34566	-0.41506
7.745	1.12326	6.84023	1.43714	0.347237	-0.415908
7.75	1.12258	6.84519	1.4354	0.348816	-0.416751
7.755	1.1219	6.85014	1.43366	0.350397	-0.417591
7.76	1.12121	6.85509	1.4319	0.35198	-0.418426
7.765	1.12051	6.86004	1.43014	0.353565	-0.419257
7.77	1.1198	6.86499	1.42838	0.355152	-0.420084
7.775	1.11908	6.86994	1.4266	0.356741	-0.420907
7.78	1.11835	6.87489	1.42482	0.358332	-0.421725
7.785	1.11762	6.87983	1.42303	0.359924	-0.422539
7.79	1.11687	6.88478	1.42123	0.361519	-0.423349
7.795	1.11612	6.88972	1.41942	0.363116	-0.424154
7.8	1.11535	6.89466	1.4176	0.364714	-0.424954
7.805	1.11458	6.8996	1.41578	0.366315	-0.42575
7.81	1.1138	6.90454	1.41395	0.367918	-0.426542
7.815	1.11301	6.90948	1.41211	0.369522	-0.427329
7.82	1.11221	6.91441	1.41026	0.371129	-0.428111
7.825	1.1114	6.91935	1.40841	0.372737	-0.428889
7.83	1.11059	6.92428	1.40654	0.374348	-0.429662
7.835	1.10976	6.92921	1.40467	0.37596	-0.43043
7.84	1.10892	6.93414	1.40279	0.377575	-0.431193
7.845	1.10808	6.93907	1.4009	0.379191	-0.431952
7.85	1.10722	6.944	1.39901	0.380809	-0.432705
7.855	1.10636	6.94892	1.3971	0.38243	-0.433454
7.86	1.10548	6.95384	1.39519	0.384052	-0.434198
7.865	1.1046	6.95877	1.39327	0.385676	-0.434937
7.87	1.10371	6.96369	1.39134	0.387303	-0.435671
7.875	1.10281	6.9686	1.3894	0.388931	-0.4364
7.88	1.1019	6.97352	1.38746	0.390561	-0.437124
7.885	1.10097	6.97843	1.38551	0.392193	-0.437842
7.89	1.10004	6.98335	1.38355	0.393827	-0.438556
7.895	1.0991	6.98826	1.38158	0.395464	-0.439264
7.9	1.09815	6.99317	1.3796	0.397102	-0.439967
7.905	1.09719	6.99807	1.37761	0.398742	-0.440664
7.91	1.09622	7.00298	1.37562	0.400384	-0.441357
7.915	1.09524	7.00788	1.37362	0.402028	-0.442044
7.92	1.09425	7.01278	1.37161	0.403674	-0.442725
7.925	1.09326	7.01768	1.36959	0.405323	-0.443401
7.93	1.09225	7.02258	1.36756	0.406973	-0.444072
7.935	1.09123	7.02747	1.36553	0.408625	-0.444737
7.94	1.0902	7.03237	1.36349	0.410279	-0.445396
7.945	1.08916	7.03726	1.36143	0.411935	-0.44605
7.95	1.08811	7.04215	1.35937	0.413594	-0.446698
7.955	1.08705	7.04703	1.35731	0.415254	-0.44734
7.96	1.08598	7.05192	1.35523	0.416916	-0.447977
7.965	1.0849	7.0568	1.35315	0.41858	-0.448608
7.97	1.08381	7.06168	1.35105	0.420247	-0.449233
7.975	1.08271	7.06656	1.34895	0.421915	-0.449852
7.98	1.0816	7.07143	1.34684	0.423585	-0.450465
7.985	1.08048	7.0763	1.34472	0.425258	-0.451072
7.99	1.07935	7.08117	1.3426	0.426932	-0.451673
7.995	1.07821	7.08604	1.34046	0.428609	-0.452268
8	1.07705	7.09091	1.33832	0.430287	-0.452857
8.005	1.07589	7.09577	1.33617	0.431968	-0.45344
8.01	1.07472	7.10063	1.33401	0.433651	-0.454017
8.015	1.07354	7.10549	1.33184	0.435335	-0.454587
8.02	1.07234	7.11034	1.32966	0.437022	-0.455151
8.025	1.07114	7.1152	1.32748	0.438711	-0.455709
8.03	1.06992	7.12005	1.32529	0.440402	-0.45626
8.035	1.0687	7.1249	1.32308	0.442095	-0.456805
8.04	1.06746	7.12974	1.32087	0.44379	-0.457344
8.045	1.06621	7.13458	1.31865	0.445487	-0.457876
8.05	1.06495	7.13942	1.31643	0.447186	-0.458401
8.055	1.06369	7.14426	1.31419	0.448888	-0.45892
8.06	1.06241	7.14909	1.31195	0.450591	-0.459432
8.065	1.06111	7.15392	1.30969	0.452297	-0.459938
8.07	1.05981	7.15875	1.30743	0.454005	-0.460437
8.075	1.0585	7.16357	1.30516	0.455714	-0.460928
8.08	1.05718	7.16839	1.30288	0.457426	-0.461414
8.085	1.05584	7.17321	1.3006	0.45914	-0.461892
8.09	1.0545	7.17803	1.2983	0.460857	-0.462363
8.095	1.05314	7.18284	1.296	0.462575	-0.462828
8.1	1.05177	7.18765	1.29368	0.464295	-0.463285
8.105	1.05039	7.19246	1.29136	0.466018	-0.463735
8.11	1.049	7.19726	1.28903	0.467743	-0.464179
8.115	1.0476	7.20206	1.28669	0.46947	-0.464615
8.12	1.04619	7.20685	1.28435	0.471199	-0.465043
8.125	1.04476	7.21165	1.28199	0.47293	-0.465465
8.13	1.04333	7.21644	1.27962	0.474664	-0.465879
8.135	1.04188	7.22122	1.27725	0.476399	-0.466286
8.14	1.04042	7.226	1.27487	0.478137	-0.466686
8.145	1.03895	7.23078	1.27248	0.479877	-0.467078
8.15	1.03747	7.23556	1.27008	0.48162	-0.467463
8.155	1.03598	7.24033	1.26767	0.483364	-0.46784
8.16	1.03448	7.2451	1.26525	0.485111	-0.468209
8.165	1.03296	7.24986	1.26283	0.48686	-0.468571
8.17	1.03143	7.25463	1.26039	0.488611	-0.468925
8.175	1.0299	7.25938	1.25795	0.490365	-0.469272
8.18	1.02834	7.26414	1.2555	0.49212	-0.469611
8.185	1.02678	7.26889	1.25304	0.493878	-0.469941
8.19	1.02521	7.27363	1.25057	0.495639	-0.470264
8.195	1.02362	7.27837	1.24809	0.497401	-0.47058
8.2	1.02203	7.28311	1.2456	0.499166	-0.470887
8.205	1.02042	7.28785	1.24311	0.500933	-0.471186
8.21	1.0188	7.29258	1.2406	0.502702	-0.471477
8.215	1.01716	7.2973	1.23809	0.504474	-0.47176
8.22	1.01552	7.30202	1.23557	0.506248	-0.472034
8.225	1.01386	7.30674	1.23304	0.508025	-0.472301
8.23	1.01219	7.31145	1.2305	0.509803	-0.472559
8.235	1.01051	7.31616	1.22795	0.511585	-0.472809
8.24	1.00882	7.32087	1.22539	0.513368	-0.473051
8.245	1.00711	7.32557	1.22282	0.515154	-0.473284
8.25	1.0054	7.33026	1.22025	0.516942	-0.473509
8.255	1.00367	7.33495	1.21766	0.518733	-0.473725
8.26	1.00192	7.33964	1.21507	0.520526	-0.473933
8.265	1.00017	7.34432	1.21247	0.522321	-0.474132
8.27	0.998406	7.349	1.20985	0.524119	-0.474322
8.275	0.996628	7.35367	1.20723	0.525919	-0.474504
8.28	0.994837	7.35834	1.2046	0.527722	-0.474677
8.285	0.993035	7.36301	1.20197	0.529527	-0.474841
8.29	0.99122	7.36767	1.19932	0.531335	-0.474996
8.295	0.989392	7.37232	1.19666	0.533145	-0.475142
8.3	0.987553	7.37697	1.194	0.534957	-0.47528
8.305	0.9857	7.38161	1.19132	0.536772	-0.475408
8.31	0.983836	7.38625	1.18864	0.53859	-0.475527
8.315	0.981959	7.39089	1.18594	0.54041	-0.475637
8.32	0.980069	7.39552	1.18324	0.542233	-0.475738
8.325	0.978167	7.40014	1.18053	0.544058	-0.47583
8.33	0.976252	7.40476	1.17781	0.545886	-0.475913
8.335	0.974325	7.40937	1.17508	0.547716	-0.475986
8.34	0.972385	7.41398	1.17234	0.549549	-0.47605
8.345	0.970432	7.41858	1.16959	0.551385	-0.476104
8.35	0.968467	7.42318	1.16684	0.553223	-0.476149
8.355	0.966489	7.42777	1.16407	0.555064	-0.476185
8.36	0.964498	7.43236	1.1613	0.556907	-0.476211
8.365	0.962495	7.43694	1.15851	0.558753	-0.476227
8.37	0.960478	7.44152	1.15572	0.560602	-0.476233
8.375	0.958449	7.44609	1.15292	0.562454	-0.47623
8.38	0.956407	7.45065	1.1501	0.564308	-0.476217
8.385	0.954352	7.45521	1.14728	0.566165	-0.476195
8.39	0.952285	7.45976	1.14445	0.568025	-0.476162
8.395	0.950204	7.46431	1.14161	0.569887	-0.47612
8.4	0.94811	7.46885	1.13876	0.571752	-0.476067
8.405	0.946004	7.47338	1.1359	0.57362	-0.476005
8.41	0.943884	7.47791	1.13303	0.575491	-0.475932
8.415	0.941752	7.48243	1.13016	0.577365	-0.47585
8.42	0.939606	7.48695	1.12727	0.579241	-0.475757
8.425	0.937447	7.49146	1.12437	0.58112	-0.475654
8.43	0.935275	7.49596	1.12147	0.583003	-0.47554
8.435	0.933091	7.50046	1.11855	0.584888	-0.475417
8.44	0.930893	7.50495	1.11563	0.586776	-0.475283
8.445	0.928681	7.50944	1.11269	0.588667	-0.475138
8.45	0.926457	7.51391	1.10975	0.59056	-0.474983
8.455	0.924219	7.51838	1.1068	0.592457	-0.474818
8.46	0.921968	7.52285	1.10384	0.594357	-0.474642
8.465	0.919704	7.52731	1.10086	0.59626	-0.474455
8.47	0.917427	7.53176	1.09788	0.598166	-0.474258
8.475	0.915136	7.5362	1.09489	0.600075	-0.47405
8.48	0.912832	7.54064	1.09189	0.601987	-0.473831
8.485	0.910515	7.54507	1.08888	0.603902	-0.473601
8.49	0.908184	7.5495	1.08586	0.60582	-0.473361
8.495	0.90584	7.55391	1.08283	0.607741	-0.473109
8.5	0.903482	7.55832	1.07979	0.609666	-0.472847
8.505	0.901111	7.56272	1.07675	0.611593	-0.472573
8.51	0.898727	7.56712	1.07369	0.613524	-0.472289
8.515	0.896329	7.57151	1.07062	0.615458	-0.471993
8.52	0.893918	7.57589	1.06754	0.617396	-0.471686
8.525	0.891493	7.58026	1.06446	0.619336	-0.471368
8.53	0.889054	7.58462	1.06136	0.62128	-0.471039
8.535	0.886602	7.58898	1.05825	0.623227	-0.470698
8.54	0.884137	7.59333	1.05514	0.625178	-0.470346
8.545	0.881658	7.59767	1.05201	0.627132	-0.469983
8.55	0.879165	7.60201	1.04888	0.629089	-0.469608
8.555	0.876659	7.60633	1.04573	0.63105	-0.469222
8.56	0.874139	7.61065	1.04258	0.633014	-0.468824
8.565	0.871605	7.61496	1.03941	0.634982	-0.468414
8.57	0.869058	7.61927	1.03624	0.636953	-0.467993
8.575	0.866497	7.62356	1.03305	0.638928	-0.46756
8.58	0.863922	7.62785	1.02986	0.640907	-0.467115
8.585	0.861333	7.63212	1.02665	0.642889	-0.466658
8.59	0.858731	7.63639	1.02344	0.644874	-0.46619
8.595	0.856115	7.64065	1.02021	0.646864	-0.46571
8.6	0.853486	7.64491	1.01698	0.648857	-0.465218
8.605	0.850842	7.64915	1.01373	0.650853	-0.464713
8.61	0.848185	7.65339	1.01048	0.652854	-0.464197
8.615	0.845514	7.65761	1.00722	0.654858	-0.463669
8.62	0.842829	7.66183	1.00394	0.656866	-0.463128
8.625	0.84013	7.66604	1.00066	0.658878	-0.462575
8.63	0.837418	7.67024	0.997362	0.660894	-0.46201
8.635	0.834691	7.67443	0.994057	0.662914	-0.461433
8.64	0.831951	7.67861	0.990743	0.664937	-0.460844
8.645	0.829197	7.68279	0.987418	0.666965	-0.460242
8.65	0.826428	7.68695	0.984083	0.668997	-0.459627
8.655	0.823646	7.6911	0.980738	0.671033	-0.459001
8.66	0.82085	7.69525	0.977383	0.673073	-0.458361
8.665	0.81804	7.69939	0.974018	0.675117	-0.457709
8.67	0.815217	7.70351	0.970642	0.677165	-0.457045
8.675	0.812379	7.70763	0.967256	0.679218	-0.456368
8.68	0.809527	7.71173	0.96386	0.681275	-0.455678
8.685	0.806661	7.71583	0.960454	0.683336	-0.454975
8.69	0.803782	7.71992	0.957037	0.685402	-0.45426
8.695	0.800888	7.724	0.95361	0.687472	-0.453532
8.7	0.79798	7.72806	0.950173	0.689546	-0.452791
8.705	0.795059	7.73212	0.946725	0.691625	-0.452037
8.71	0.792123	7.73617	0.943267	0.693708	-0.45127
8.715	0.789173	7.74021	0.939799	0.695797	-0.45049
8.72	0.786209	7.74423	0.93632	0.697889	-0.449697
8.725	0.783231	7.74825	0.93283	0.699987	-0.448891
8.73	0.78024	7.75226	0.92933	0.702089	-0.448072
8.735	0.777234	7.75625	0.92582	0.704196	-0.44724
8.74	0.774214	7.76024	0.922299	0.706308	-0.446394
8.745	0.77118	7.76421	0.918767	0.708424	-0.445535
8.75	0.768132	7.76817	0.915225	0.710546	-0.444663
8.755	0.76507	7.77213	0.911673	0.712673	-0.443778
8.76	0.761993	7.77607	0.908109	0.714804	-0.442879
8.765	0.758903	7.78	0.904535	0.716941	-0.441967
8.77	0.755799	7.78392	0.90095	0.719083	-0.441041
8.775	0.75268	7.78783	0.897355	0.721231	-0.440102
8.78	0.749548	7.79172	0.893749	0.723383	-0.439149
8.785	0.746401	7.79561	0.890132	0.725541	-0.438183
8.79	0.743241	7.79948	0.886504	0.727704	-0.437203
8.795	0.740066	7.80335	0.882866	0.729873	-0.436209
8.8	0.736877	7.8072	0.879216	0.732048	-0.435202
8.805	0.733674	7.81104	0.875556	0.734228	-0.434181
8.81	0.730458	7.81487	0.871885	0.736413	-0.433146
8.815	0.727227	7.81868	0.868203	0.738605	-0.432097
8.82	0.723981	7.82248	0.86451	0.740802	-0.431035
8.825	0.720722	7.82628	0.860806	0.743005	-0.429959
8.83	0.717449	7.83006	0.857091	0.745214	-0.428868
8.835	0.714162	7.83382	0.853365	0.747429	-0.427764
8.84	0.710861	7.83758	0.849628	0.749651	-0.426646
8.845	0.707545	7.84132	0.845879	0.751878	-0.425513
8.85	0.704216	7.84505	0.84212	0.754112	-0.424367
8.855	0.700872	7.84877	0.83835	0.756352	-0.423207
8.86	0.697515	7.85248	0.834568	0.758599	-0.422032
8.865	0.694143	7.85617	0.830775	0.760852	-0.420843
8.87	0.690758	7.85985	0.826971	0.763111	-0.41964
8.875	0.687358	7.86351	0.823155	0.765378	-0.418423
8.88	0.683945	7.86717	0.819328	0.767651	-0.417191
8.885	0.680517	7.87081	0.81549	0.769931	-0.415945
8.89	0.677076	7.87443	0.81164	0.772218	-0.414685
8.895	0.67362	7.87805	0.807779	0.774512	-0.41341
8.9	0.670151	7.88165	0.803907	0.776814	-0.412121
8.905	0.666667	7.88524	0.800022	0.779122	-0.410818
8.91	0.66317	7.88881	0.796127	0.781438	-0.4095
8.915	0.659658	7.89237	0.79222	0.783762	-0.408167
8.92	0.656133	7.89591	0.788301	0.786093	-0.40682
8.925	0.652594	7.89945	0.78437	0.788432	-0.405458
8.93	0.649041	7.90296	0.780428	0.790778	-0.404082
8.935	0.645474	7.90647	0.776474	0.793133	-0.402691
8.94	0.641893	7.90996	0.772509	0.795495	-0.401286
8.945	0.638299	7.91343	0.768531	0.797866	-0.399865
8.95	0.63469	7.91689	0.764542	0.800245	-0.39843
8.955	0.631068	7.92034	0.760541	0.802632	-0.39698
8.96	0.627432	7.92377	0.756527	0.805028	-0.395516
8.965	0.623782	7.92719	0.752502	0.807433	-0.394036
8.97	0.620118	7.93059	0.748465	0.809846	-0.392542
8.975	0.616441	7.93398	0.744416	0.812269	-0.391033
8.98	0.61275	7.93735	0.740355	0.8147	-0.389509
8.985	0.609045	7.94071	0.736281	0.817141	-0.38797
8.99	0.605326	7.94405	0.732195	0.819591	-0.386416
8.995	0.601594	7.94738	0.728097	0.822051	-0.384847
9	0.597848	7.95069	0.723987	0.82452	-0.383263
9.005	0.594089	7.95399	0.719864	0.826999	-0.381664
9.01	0.590315	7.95727	0.715729	0.829488	-0.38005
9.015	0.586529	7.96054	0.711582	0.831988	-0.378421
9.02	0.582729	7.96378	0.707422	0.834498	-0.376777
9.025	0.578915	7.96702	0.70325	0.837018	-0.375117
9.03	0.575088	7.97024	0.699064	0.839549	-0.373443
9.035	0.571247	7.97344	0.694867	0.842091	-0.371753
9.04	0.567393	7.97662	0.690656	0.844643	-0.370048
9.045	0.563525	7.97979	0.686433	0.847208	-0.368327
9.05	0.559644	7.98294	0.682197	0.849783	-0.366592
9.055	0.55575	7.98608	0.677948	0.852371	-0.364841
9.06	0.551842	7.9892	0.673686	0.85497	-0.363075
9.065	0.547921	7.9923	0.669411	0.857581	-0.361293
9.07	0.543987	7.99539	0.665124	0.860205	-0.359497
9.075	0.54004	7.99846	0.660823	0.862841	-0.357684
9.08	0.536079	8.00151	0.656508	0.86549	-0.355857
9.085	0.532105	8.00454	0.652181	0.868152	-0.354014
9.09	0.528118	8.00756	0.64784	0.870828	-0.352155
9.095	0.524118	8.01056	0.643486	0.873517	-0.350281
9.1	0.520105	8.01354	0.639118	0.87622	-0.348391
9.105	0.516079	8.01651	0.634737	0.878936	-0.346486
9.11	0.51204	8.01945	0.630343	0.881668	-0.344566
9.115	0.507988	8.02238	0.625934	0.884413	-0.34263
9.12	0.503923	8.0253	0.621512	0.887174	-0.340678
9.125	0.499845	8.02819	0.617076	0.88995	-0.338711
9.13	0.495754	8.03106	0.612626	0.892742	-0.336728
9.135	0.491651	8.03392	0.608163	0.895549	-0.334729
9.14	0.487535	8.03676	0.603685	0.898373	-0.332715
9.145	0.483406	8.03958	0.599193	0.901213	-0.330685
9.15	0.479264	8.04238	0.594687	0.90407	-0.328639
9.155	0.47511	8.04516	0.590167	0.906944	-0.326578
9.16	0.470943	8.04793	0.585632	0.909836	-0.3245
9.165	0.466764	8.05067	0.581083	0.912746	-0.322407
9.17	0.462572	8.0534	0.576519	0.915674	-0.320299
9.175	0.458368	8.0561	0.571941	0.918621	-0.318174
9.18	0.454151	8.05879	0.567348	0.921588	-0.316034
9.185	0.449922	8.06146	0.56274	0.924574	-0.313877
9.19	0.445681	8.06411	0.558117	0.92758	-0.311705
9.195	0.441427	8.06674	0.553479	0.930607	-0.309517
9.2	0.437161	8.06934	0.548826	0.933655	-0.307313
9.205	0.432884	8.07193	0.544158	0.936724	-0.305093
9.21	0.428594	8.0745	0.539474	0.939816	-0.302857
9.215	0.424292	8.07705	0.534775	0.94293	-0.300605
9.22	0.419978	8.07958	0.53006	0.946068	-0.298337
9.225	0.415652	8.08208	0.52533	0.949229	-0.296053
9.23	0.411315	8.08457	0.520584	0.952415	-0.293753
9.235	0.406965	8.08704	0.515822	0.955626	-0.291437
9.24	0.402604	8.08948	0.511044	0.958862	-0.289104
9.245	0.398231	8.09191	0.506249	0.962125	-0.286756
9.25	0.393847	8.09431	0.501439	0.965415	-0.284391
9.255	0.389451	8.09669	0.496612	0.968732	-0.28201
9.26	0.385043	8.09905	0.491768	0.972078	-0.279613
9.265	0.380624	8.10139	0.486907	0.975454	-0.2772
9.27	0.376194	8.10371	0.48203	0.978859	-0.27477
9.275	0.371752	8.10601	0.477136	0.982295	-0.272324
9.28	0.3673	8.10828	0.472224	0.985763	-0.269862
9.285	0.362836	8.11053	0.467296	0.989264	-0.267383
9.29	0.358361	8.11277	0.462349	0.992799	-0.264888
9.295	0.353875	8.11497	0.457385	0.996368	-0.262376
9.3	0.349378	8.11716	0.452403	0.999972	-0.259848
9.305	0.34487	8.11932	0.447404	1.00361	-0.257304
9.31	0.340351	8.12146	0.442385	1.00729	-0.254743
9.315	0.335822	8.12358	0.437349	1.01101	-0.252165
9.32	0.331282	8.12568	0.432294	1.01477	-0.249571
9.325	0.326731	8.12775	0.42722	1.01857	-0.24696
9.33	0.32217	8.1298	0.422127	1.02241	-0.244332
9.335	0.317598	8.13182	0.417015	1.0263	-0.241687
9.34	0.313017	8.13382	0.411884	1.03024	-0.239026
9.345	0.308424	8.1358	0.406732	1.03422	-0.236348
9.35	0.303822	8.13775	0.401561	1.03825	-0.233652
9.355	0.29921	8.13968	0.39637	1.04233	-0.23094
9.36	0.294588	8.14159	0.391158	1.04646	-0.228211
9.365	0.289955	8.14347	0.385926	1.05065	-0.225465
9.37	0.285313	8.14533	0.380673	1.0549	-0.222702
9.375	0.280661	8.14716	0.375398	1.0592	-0.219921
9.38	0.276	8.14897	0.370102	1.06356	-0.217123
9.385	0.271329	8.15076	0.364785	1.06799	-0.214308
9.39	0.266648	8.15251	0.359445	1.07248	-0.211476
9.395	0.261959	8.15425	0.354082	1.07705	-0.208626
9.4	0.25726	8.15596	0.348697	1.08168	-0.205758
9.405	0.252551	8.15764	0.343289	1.08639	-0.202873
9.41	0.247834	8.1593	0.337857	1.09117	-0.19997
9.415	0.243108	8.16093	0.332401	1.09604	-0.19705
9.42	0.238373	8.16253	0.326921	1.10099	-0.194111
9.425	0.233629	8.16411	0.321416	1.10603	-0.191155
9.43	0.228876	8.16567	0.315886	1.11116	-0.18818
9.435	0.224115	8.16719	0.31033	1.11639	-0.185187
9.44	0.219345	8.16869	0.304748	1.12172	-0.182177
9.445	0.214567	8.17017	0.299139	1.12716	-0.179147
9.45	0.209781	8.17161	0.293503	1.1327	-0.1761
9.455	0.204987	8.17303	0.28784	1.13837	-0.173033
9.46	0.200184	8.17443	0.282148	1.14416	-0.169949
9.465	0.195374	8.17579	0.276427	1.15009	-0.166845
9.47	0.190556	8.17713	0.270677	1.15615	-0.163722
9.475	0.185731	8.17844	0.264896	1.16236	-0.160581
9.48	0.180898	8.17972	0.259084	1.16872	-0.157421
9.485	0.176057	8.18097	0.253241	1.17526	-0.154241
9.49	0.171209	8.1822	0.247364	1.18196	-0.151042
9.495	0.166354	8.18339	0.241455	1.18886	-0.147824
9.5	0.161492	8.18456	0.23551	1.19596	-0.144586
9.505	0.156623	8.1857	0.229531	1.20327	-0.141329
9.51	0.151748	8.1868	0.223514	1.21081	-0.138052
9.515	0.146866	8.18788	0.21746	1.21861	-0.134755
9.52	0.141977	8.18893	0.211367	1.22667	-0.131439
9.525	0.137082	8.18995	0.205234	1.23502	-0.128104
9.53	0.132181	8.19094	0.199059	1.24369	-0.124749
9.535	0.127273	8.1919	0.19284	1.25271	-0.121374
9.54	0.12236	8.19283	0.186577	1.2621	-0.117981
9.545	0.117441	8.19372	0.180266	1.27191	-0.114569
9.55	0.112516	8.19459	0.173907	1.28218	-0.111138
9.555	0.107586	8.19542	0.167496	1.29296	-0.10769
9.56	0.102651	8.19622	0.161031	1.30431	-0.104225
9.565	0.0977106	8.19699	0.154509	1.3163	-0.100745
9.57	0.0927653	8.19773	0.147928	1.32902	-0.0972499
9.575	0.0878151	8.19843	0.141283	1.34258	-0.0937433
9.58	0.0828603	8.1991	0.13457	1.35709	-0.0902273
9.585	0.0779011	8.19974	0.127784	1.37273	-0.0867058
9.59	0.0729376	8.20034	0.120921	1.38969	-0.0831838
9.595	0.06797	8.20091	0.113972	1.40825	-0.079668
9.6	0.0629986	8.20145	0.106931	1.42873	-0.0761679
9.605	0.0580234	8.20194	0.0997875	1.45162	-0.0726968
9.61	0.0530448	8.2024	0.0925294	1.47758	-0.0692737
9.615	0.0480629	8.20283	0.0851415	1.50753	-0.0659263
9.62	0.043078	8.20322	0.0776038	1.5429	-0.0626966
9.625	0.0380902	8.20357	0.0698894	1.5859	-0.0596504
9.63	0.0330998	8.20388	0.0619599	1.64023	-0.0568951
9.635	0.028107	8.20415	0.0537587	1.71256	-0.0546183
9.64	0.0231121	8.20437	0.0451959	1.816	-0.0531744
9.645	0.0181154	8.20455	0.0361159	1.98013	-0.0533166
9.65	0.0131171	8.20468	0.0262153	2.28483	-0.0569649
9.655	0.00811763	8.20476	0.0147911	3.01897	-0.0709343
9.66	0.00311763	8.20475	-0.000303699	5.97974	-0.148765
