descriptor s_test R_test Z_test
0	1.66472	9.99999e-06	0.002	-0.402026	-0.00161646
0.005	1.65972	3.00506e-05	0.00401013	-0.404055	-0.0032494
0.01	1.65472	6.02024e-05	0.00603041	-0.406088	-0.00489883
0.015	1.64972	0.000100506	0.00806084	-0.408124	-0.00656477
0.02	1.64472	0.000151013	0.0101015	-0.410163	-0.00824725
0.025	1.63972	0.000211773	0.0121523	-0.412206	-0.00994628
0.03	1.63472	0.000282837	0.0142133	-0.414253	-0.0116619
0.035	1.62972	0.000364256	0.0162846	-0.416303	-0.0133941
0.04	1.62472	0.000456081	0.0183661	-0.418358	-0.0151428
0.045	1.61973	0.000558364	0.0204579	-0.420416	-0.0169082
0.05	1.61473	0.000671154	0.02256	-0.422478	-0.0186903
0.055	1.60973	0.000794503	0.0246724	-0.424545	-0.020489
0.06	1.60473	0.000928462	0.0267951	-0.426615	-0.0223043
0.065	1.59973	0.00107308	0.0289282	-0.42869	-0.0241364
0.07	1.59474	0.00122842	0.0310716	-0.430769	-0.0259851
0.075	1.58974	0.00139451	0.0332254	-0.432853	-0.0278506
0.08	1.58474	0.00157142	0.0353897	-0.434941	-0.0297328
0.085	1.57974	0.0017592	0.0375644	-0.437034	-0.0316317
0.09	1.57475	0.0019579	0.0397496	-0.439131	-0.0335474
0.095	1.56975	0.00216756	0.0419452	-0.441233	-0.0354799
0.1	1.56476	0.00238825	0.0441514	-0.443341	-0.0374292
0.105	1.55976	0.00262001	0.0463681	-0.445453	-0.0393953
0.11	1.55477	0.00286289	0.0485954	-0.44757	-0.0413783
0.115	1.54978	0.00311694	0.0508332	-0.449693	-0.043378
0.12	1.54478	0.00338223	0.0530817	-0.451821	-0.0453947
0.125	1.53979	0.00365879	0.0553408	-0.453954	-0.0474282
0.13	1.5348	0.00394668	0.0576106	-0.456093	-0.0494786
0.135	1.52981	0.00424596	0.059891	-0.458238	-0.0515459
0.14	1.52482	0.00455667	0.0621822	-0.460388	-0.0536301
0.145	1.51983	0.00487887	0.0644842	-0.462544	-0.0557312
0.15	1.51484	0.0052126	0.0667969	-0.464706	-0.0578493
0.155	1.50985	0.00555793	0.0691204	-0.466874	-0.0599843
0.16	1.50486	0.0059149	0.0714548	-0.469048	-0.0621363
0.165	1.49988	0.00628357	0.0738	-0.471228	-0.0643053
0.17	1.49489	0.00666398	0.0761562	-0.473415	-0.0664913
0.175	1.48991	0.00705619	0.0785232	-0.475609	-0.0686943
0.18	1.48492	0.00746026	0.0809013	-0.477808	-0.0709143
0.185	1.47994	0.00787623	0.0832903	-0.480015	-0.0731514
0.19	1.47496	0.00830416	0.0856904	-0.482229	-0.0754055
0.195	1.46998	0.00874409	0.0881016	-0.484449	-0.0776767
0.2	1.465	0.00919609	0.0905238	-0.486677	-0.0799649
0.205	1.46002	0.00966021	0.0929572	-0.488911	-0.0822703
0.21	1.45504	0.0101365	0.0954017	-0.491153	-0.0845927
0.215	1.45007	0.010625	0.0978575	-0.493403	-0.0869322
0.22	1.44509	0.0111258	0.100325	-0.49566	-0.0892889
0.225	1.44012	0.0116389	0.102803	-0.497924	-0.0916627
0.23	1.43515	0.0121644	0.105292	-0.500197	-0.0940537
0.235	1.43018	0.0127023	0.107793	-0.502477	-0.0964618
0.24	1.42521	0.0132527	0.110306	-0.504766	-0.0988871
0.245	1.42024	0.0138157	0.11283	-0.507063	-0.10133
0.25	1.41527	0.0143912	0.115365	-0.509368	-0.103789
0.255	1.41031	0.0149794	0.117912	-0.511681	-0.106266
0.26	1.40534	0.0155803	0.12047	-0.514004	-0.10876
0.265	1.40038	0.016194	0.12304	-0.516335	-0.111271
0.27	1.39542	0.0168204	0.125622	-0.518674	-0.1138
0.275	1.39046	0.0174597	0.128215	-0.521023	-0.116346
0.28	1.3855	0.018112	0.13082	-0.523381	-0.118909
0.285	1.38055	0.0187772	0.133437	-0.525749	-0.121489
0.29	1.37559	0.0194554	0.136066	-0.528126	-0.124087
0.295	1.37064	0.0201467	0.138707	-0.530512	-0.126702
0.3	1.36569	0.0208512	0.141359	-0.532908	-0.129334
0.305	1.36074	0.0215688	0.144024	-0.535315	-0.131983
0.31	1.3558	0.0222997	0.1467	-0.537731	-0.13465
0.315	1.35085	0.0230438	0.149389	-0.540157	-0.137334
0.32	1.34591	0.0238014	0.15209	-0.542594	-0.140035
0.325	1.34097	0.0245723	0.154803	-0.545041	-0.142754
0.33	1.33603	0.0253567	0.157528	-0.547499	-0.14549
0.335	1.3311	0.0261546	0.160265	-0.549968	-0.148244
0.34	1.32616	0.0269661	0.163015	-0.552448	-0.151014
0.345	1.32123	0.0277911	0.165778	-0.554939	-0.153803
0.35	1.3163	0.0286299	0.168552	-0.557441	-0.156608
0.355	1.31137	0.0294824	0.171339	-0.559955	-0.159431
0.36	1.30645	0.0303487	0.174139	-0.562481	-0.162271
0.365	1.30153	0.0312289	0.176952	-0.565018	-0.165129
0.37	1.29661	0.0321229	0.179777	-0.567568	-0.168004
0.375	1.29169	0.0330309	0.182615	-0.570129	-0.170897
0.38	1.28678	0.033953	0.185465	-0.572703	-0.173807
0.385	1.28187	0.034889	0.188329	-0.57529	-0.176734
0.39	1.27696	0.0358393	0.191205	-0.577889	-0.179679
0.395	1.27205	0.0368037	0.194095	-0.580502	-0.182641
0.4	1.26715	0.0377823	0.196997	-0.583127	-0.18562
0.405	1.26225	0.0387752	0.199913	-0.585766	-0.188617
0.41	1.25735	0.0397825	0.202842	-0.588418	-0.191632
0.415	1.25246	0.0408041	0.205784	-0.591084	-0.194664
0.42	1.24756	0.0418403	0.208739	-0.593764	-0.197713
0.425	1.24268	0.0428909	0.211708	-0.596458	-0.20078
0.43	1.23779	0.0439561	0.21469	-0.599166	-0.203864
0.435	1.23291	0.045036	0.217686	-0.601888	-0.206966
0.44	1.22803	0.0461305	0.220695	-0.604626	-0.210085
0.445	1.22315	0.0472398	0.223719	-0.607378	-0.213221
0.45	1.21828	0.0483639	0.226755	-0.610145	-0.216375
0.455	1.21341	0.0495029	0.229806	-0.612928	-0.219547
0.46	1.20855	0.0506567	0.232871	-0.615726	-0.222736
0.465	1.20369	0.0518255	0.235949	-0.61854	-0.225942
0.47	1.19883	0.0530094	0.239042	-0.621369	-0.229166
0.475	1.19397	0.0542084	0.242149	-0.624215	-0.232407
0.48	1.18912	0.0554224	0.24527	-0.627077	-0.235666
0.485	1.18428	0.0566517	0.248405	-0.629956	-0.238942
0.49	1.17944	0.0578963	0.251555	-0.632852	-0.242235
0.495	1.1746	0.0591562	0.254719	-0.635765	-0.245546
0.5	1.16976	0.0604314	0.257898	-0.638695	-0.248874
0.505	1.16493	0.0617221	0.261092	-0.641642	-0.25222
0.51	1.1601	0.0630283	0.2643	-0.644608	-0.255583
0.515	1.15528	0.06435	0.267523	-0.647591	-0.258964
0.52	1.15047	0.0656873	0.270761	-0.650593	-0.262361
0.525	1.14565	0.0670403	0.274014	-0.653613	-0.265777
0.53	1.14084	0.068409	0.277282	-0.656651	-0.269209
0.535	1.13604	0.0697935	0.280565	-0.659709	-0.272659
0.54	1.13124	0.0711938	0.283864	-0.662786	-0.276126
0.545	1.12644	0.0726101	0.287178	-0.665882	-0.279611
0.55	1.12165	0.0740423	0.290507	-0.668998	-0.283113
0.555	1.11687	0.0754905	0.293852	-0.672134	-0.286632
0.56	1.11209	0.0769547	0.297213	-0.67529	-0.290168
0.565	1.10731	0.0784352	0.300589	-0.678467	-0.293722
0.57	1.10254	0.0799318	0.303982	-0.681664	-0.297293
0.575	1.09777	0.0814446	0.30739	-0.684883	-0.300881
0.58	1.09301	0.0829738	0.310814	-0.688122	-0.304487
0.585	1.08826	0.0845193	0.314255	-0.691383	-0.308109
0.59	1.08351	0.0860813	0.317712	-0.694666	-0.311749
0.595	1.07876	0.0876598	0.321185	-0.697971	-0.315405
0.6	1.07403	0.0892548	0.324675	-0.701299	-0.319079
0.605	1.06929	0.0908664	0.328182	-0.704649	-0.32277
0.61	1.06456	0.0924947	0.331705	-0.708022	-0.326478
0.615	1.05984	0.0941397	0.335245	-0.711418	-0.330203
0.62	1.05513	0.0958015	0.338802	-0.714837	-0.333945
0.625	1.05042	0.0974801	0.342376	-0.718281	-0.337704
0.63	1.04571	0.0991756	0.345968	-0.721748	-0.34148
0.635	1.04102	0.100888	0.349576	-0.72524	-0.345272
0.64	1.03632	0.102618	0.353202	-0.728756	-0.349082
0.645	1.03164	0.104364	0.356846	-0.732297	-0.352908
0.65	1.02696	0.106128	0.360508	-0.735863	-0.356751
0.655	1.02229	0.107909	0.364187	-0.739455	-0.36061
0.66	1.01762	0.109707	0.367884	-0.743073	-0.364487
0.665	1.01296	0.111523	0.3716	-0.746717	-0.36838
0.67	1.00831	0.113356	0.375333	-0.750387	-0.372289
0.675	1.00367	0.115206	0.379085	-0.754084	-0.376215
0.68	0.99903	0.117074	0.382856	-0.757807	-0.380157
0.685	0.994399	0.118959	0.386645	-0.761558	-0.384116
0.69	0.989775	0.120862	0.390452	-0.765337	-0.388091
0.695	0.985159	0.122783	0.394279	-0.769144	-0.392082
0.7	0.98055	0.124721	0.398125	-0.772978	-0.396089
0.705	0.975949	0.126678	0.40199	-0.776842	-0.400113
0.71	0.971355	0.128652	0.405874	-0.780734	-0.404152
0.715	0.966769	0.130644	0.409778	-0.784655	-0.408208
0.72	0.962191	0.132654	0.413701	-0.788605	-0.412279
0.725	0.95762	0.134682	0.417644	-0.792586	-0.416366
0.73	0.953058	0.136728	0.421607	-0.796596	-0.420469
0.735	0.948504	0.138792	0.42559	-0.800637	-0.424587
0.74	0.943959	0.140875	0.429593	-0.804708	-0.428721
0.745	0.939421	0.142976	0.433617	-0.808811	-0.432871
0.75	0.934893	0.145095	0.437661	-0.812944	-0.437035
0.755	0.930373	0.147232	0.441725	-0.817109	-0.441215
0.76	0.925861	0.149388	0.445811	-0.821306	-0.44541
0.765	0.921359	0.151563	0.449917	-0.825536	-0.44962
0.77	0.916865	0.153756	0.454045	-0.829797	-0.453845
0.775	0.912381	0.155967	0.458194	-0.834092	-0.458084
0.78	0.907906	0.158198	0.462364	-0.838419	-0.462338
0.785	0.903441	0.160447	0.466557	-0.84278	-0.466607
0.79	0.898984	0.162714	0.47077	-0.847175	-0.47089
0.795	0.894538	0.165001	0.475006	-0.851603	-0.475187
0.8	0.890101	0.167307	0.479264	-0.856066	-0.479498
0.805	0.885675	0.169631	0.483545	-0.860563	-0.483823
0.81	0.881258	0.171975	0.487847	-0.865095	-0.488162
0.815	0.876851	0.174338	0.492173	-0.869662	-0.492514
0.82	0.872455	0.17672	0.496521	-0.874264	-0.49688
0.825	0.868069	0.179121	0.500893	-0.878902	-0.501259
0.83	0.863694	0.181541	0.505287	-0.883576	-0.505651
0.835	0.85933	0.183981	0.509705	-0.888286	-0.510056
0.84	0.854976	0.186439	0.514146	-0.893032	-0.514473
0.845	0.850634	0.188918	0.518612	-0.897815	-0.518903
0.85	0.846302	0.191416	0.523101	-0.902634	-0.523346
0.855	0.841982	0.193933	0.527614	-0.907491	-0.5278
0.86	0.837674	0.19647	0.532151	-0.912385	-0.532266
0.865	0.833377	0.199027	0.536713	-0.917316	-0.536743
0.87	0.829092	0.201603	0.5413	-0.922285	-0.541232
0.875	0.824818	0.204199	0.545911	-0.927292	-0.545732
0.88	0.820557	0.206815	0.550548	-0.932337	-0.550243
0.885	0.816308	0.20945	0.555209	-0.93742	-0.554765
0.89	0.812072	0.212106	0.559896	-0.942541	-0.559296
0.895	0.807847	0.214781	0.564609	-0.947701	-0.563838
0.9	0.803636	0.217477	0.569348	-0.9529	-0.568389
0.905	0.799438	0.220192	0.574112	-0.958137	-0.57295
0.91	0.795253	0.222928	0.578903	-0.963413	-0.57752
0.915	0.79108	0.225683	0.58372	-0.968728	-0.582098
0.92	0.786922	0.228459	0.588564	-0.974082	-0.586685
0.925	0.782777	0.231255	0.593434	-0.979475	-0.59128
0.93	0.778645	0.234071	0.598331	-0.984907	-0.595883
0.935	0.774528	0.236908	0.603256	-0.990378	-0.600493
0.94	0.770424	0.239765	0.608208	-0.995889	-0.60511
0.945	0.766335	0.242642	0.613187	-1.00144	-0.609734
0.95	0.762261	0.24554	0.618194	-1.00703	-0.614363
0.955	0.758201	0.248459	0.62323	-1.01265	-0.618999
0.96	0.754156	0.251397	0.628293	-1.01832	-0.62364
0.965	0.750125	0.254357	0.633384	-1.02403	-0.628285
0.97	0.74611	0.257337	0.638505	-1.02977	-0.632936
0.975	0.742111	0.260337	0.643653	-1.03555	-0.63759
0.98	0.738127	0.263359	0.648831	-1.04137	-0.642247
0.985	0.734159	0.266401	0.654038	-1.04723	-0.646908
0.99	0.730206	0.269463	0.659274	-1.05313	-0.65157
0.995	0.72627	0.272547	0.66454	-1.05906	-0.656235
1	0.722351	0.275651	0.669835	-1.06503	-0.660901
1.005	0.718448	0.278776	0.67516	-1.07104	-0.665568
1.01	0.714562	0.281922	0.680515	-1.07708	-0.670235
1.015	0.710692	0.285089	0.685901	-1.08316	-0.674902
1.02	0.70684	0.288277	0.691317	-1.08928	-0.679568
1.025	0.703006	0.291485	0.696763	-1.09543	-0.684232
1.03	0.699189	0.294715	0.70224	-1.10162	-0.688894
1.035	0.69539	0.297966	0.707748	-1.10784	-0.693553
1.04	0.691609	0.301237	0.713287	-1.11409	-0.698208
1.045	0.687846	0.30453	0.718858	-1.12038	-0.702859
1.05	0.684102	0.307844	0.72446	-1.12669	-0.707505
1.055	0.680376	0.311178	0.730093	-1.13304	-0.712145
1.06	0.676669	0.314534	0.735758	-1.13942	-0.716778
1.065	0.672982	0.317911	0.741455	-1.14583	-0.721404
1.07	0.669314	0.321309	0.747185	-1.15227	-0.726022
1.075	0.665665	0.324728	0.752946	-1.15874	-0.730631
1.08	0.662037	0.328168	0.75874	-1.16523	-0.735231
1.085	0.658429	0.331629	0.764566	-1.17175	-0.739819
1.09	0.65484	0.335111	0.770424	-1.17829	-0.744396
1.095	0.651273	0.338614	0.776316	-1.18485	-0.74896
1.1	0.647726	0.342139	0.78224	-1.19144	-0.753511
1.105	0.644201	0.345684	0.788197	-1.19805	-0.758048
1.11	0.640696	0.349251	0.794188	-1.20467	-0.762569
1.115	0.637214	0.352838	0.800211	-1.21132	-0.767074
1.12	0.633753	0.356447	0.806268	-1.21798	-0.771561
1.125	0.630314	0.360076	0.812357	-1.22465	-0.77603
1.13	0.626897	0.363727	0.818481	-1.23134	-0.78048
1.135	0.623503	0.367398	0.824637	-1.23804	-0.784908
1.14	0.620132	0.371091	0.830828	-1.24475	-0.789315
1.145	0.616783	0.374804	0.837051	-1.25147	-0.793699
1.15	0.613458	0.378538	0.843309	-1.25819	-0.798059
1.155	0.610157	0.382293	0.8496	-1.26491	-0.802394
1.16	0.606879	0.386069	0.855924	-1.27164	-0.806702
1.165	0.603626	0.389866	0.862282	-1.27836	-0.810983
1.17	0.600397	0.393683	0.868674	-1.28508	-0.815234
1.175	0.597192	0.397521	0.8751	-1.2918	-0.819456
1.18	0.594012	0.40138	0.881559	-1.2985	-0.823645
1.185	0.590858	0.405259	0.888051	-1.3052	-0.827802
1.19	0.587728	0.409159	0.894577	-1.31188	-0.831924
1.195	0.584625	0.413079	0.901136	-1.31854	-0.836011
1.2	0.581547	0.41702	0.907729	-1.32519	-0.84006
1.205	0.578496	0.42098	0.914355	-1.33181	-0.844071
1.21	0.57547	0.424962	0.921014	-1.33841	-0.848042
1.215	0.572472	0.428963	0.927706	-1.34498	-0.851971
1.22	0.569501	0.432984	0.934431	-1.35152	-0.855857
1.225	0.566557	0.437025	0.941189	-1.35802	-0.859699
1.23	0.56364	0.441087	0.947979	-1.36448	-0.863495
1.235	0.560751	0.445168	0.954801	-1.3709	-0.867242
1.24	0.55789	0.449268	0.961656	-1.37728	-0.870941
1.245	0.555058	0.453389	0.968542	-1.3836	-0.874589
1.25	0.552254	0.457528	0.97546	-1.38987	-0.878184
1.255	0.549479	0.461688	0.982409	-1.39609	-0.881726
1.26	0.546733	0.465866	0.98939	-1.40224	-0.885211
1.265	0.544016	0.470064	0.996401	-1.40833	-0.888639
1.27	0.541329	0.47428	1.00344	-1.41434	-0.892008
1.275	0.538672	0.478516	1.01051	-1.42029	-0.895316
1.28	0.536045	0.48277	1.01762	-1.42615	-0.898561
1.285	0.533449	0.487043	1.02475	-1.43194	-0.901743
1.29	0.530883	0.491334	1.03191	-1.43763	-0.904858
1.295	0.528348	0.495644	1.03909	-1.44324	-0.907905
1.3	0.525844	0.499972	1.04631	-1.44874	-0.910883
1.305	0.523371	0.504318	1.05355	-1.45415	-0.91379
1.31	0.520931	0.508682	1.06083	-1.45945	-0.916624
1.315	0.518522	0.513063	1.06812	-1.46464	-0.919383
1.32	0.516145	0.517462	1.07545	-1.46971	-0.922066
1.325	0.513801	0.521879	1.08279	-1.47466	-0.92467
1.33	0.511489	0.526312	1.09017	-1.47949	-0.927195
1.335	0.50921	0.530763	1.09756	-1.48419	-0.929637
1.34	0.506965	0.53523	1.10499	-1.48875	-0.931997
1.345	0.504752	0.539714	1.11243	-1.49316	-0.934271
1.35	0.502573	0.544214	1.1199	-1.49744	-0.936458
1.355	0.500428	0.54873	1.12738	-1.50156	-0.938557
1.36	0.498317	0.553263	1.13489	-1.50552	-0.940565
1.365	0.49624	0.557811	1.14242	-1.50933	-0.942482
1.37	0.494197	0.562375	1.14996	-1.51297	-0.944305
1.375	0.492189	0.566954	1.15753	-1.51643	-0.946033
1.38	0.490216	0.571548	1.16511	-1.51972	-0.947664
1.385	0.488278	0.576157	1.17271	-1.52283	-0.949197
1.39	0.486375	0.580781	1.18032	-1.52574	-0.950631
1.395	0.484507	0.585419	1.18795	-1.52847	-0.951963
1.4	0.482675	0.590071	1.1956	-1.531	-0.953192
1.405	0.480878	0.594737	1.20325	-1.53333	-0.954317
1.41	0.479117	0.599417	1.21092	-1.53545	-0.955337
1.415	0.477392	0.60411	1.21859	-1.53736	-0.95625
1.42	0.475704	0.608816	1.22628	-1.53906	-0.957055
1.425	0.474051	0.613535	1.23398	-1.54053	-0.957751
1.43	0.472435	0.618267	1.24168	-1.54178	-0.958336
1.435	0.470856	0.623011	1.24939	-1.54281	-0.95881
1.44	0.469313	0.627767	1.2571	-1.54359	-0.959171
1.445	0.467807	0.632534	1.26482	-1.54415	-0.959418
1.45	0.466337	0.637314	1.27254	-1.54446	-0.959551
1.455	0.464905	0.642104	1.28026	-1.54452	-0.959569
1.46	0.46351	0.646906	1.28799	-1.54434	-0.95947
1.465	0.462152	0.651718	1.29571	-1.54391	-0.959254
1.47	0.460831	0.65654	1.30343	-1.54322	-0.958921
1.475	0.459547	0.661372	1.31114	-1.54227	-0.958469
1.48	0.458301	0.666214	1.31885	-1.54107	-0.957898
1.485	0.457091	0.671066	1.32656	-1.5396	-0.957209
1.49	0.45592	0.675927	1.33426	-1.53787	-0.9564
1.495	0.454785	0.680797	1.34195	-1.53587	-0.95547
1.5	0.453689	0.685675	1.34963	-1.5336	-0.954421
1.505	0.452629	0.690561	1.35729	-1.53106	-0.953252
1.51	0.451607	0.695456	1.36495	-1.52825	-0.951962
1.515	0.450623	0.700358	1.37259	-1.52517	-0.950552
1.52	0.449676	0.705267	1.38022	-1.52181	-0.949021
1.525	0.448766	0.710184	1.38783	-1.51819	-0.947371
1.53	0.447893	0.715107	1.39542	-1.51428	-0.945601
1.535	0.447058	0.720037	1.40299	-1.5101	-0.943712
1.54	0.44626	0.724973	1.41054	-1.50565	-0.941704
1.545	0.4455	0.729915	1.41807	-1.50092	-0.939578
1.55	0.444776	0.734862	1.42557	-1.49592	-0.937333
1.555	0.44409	0.739815	1.43305	-1.49065	-0.934972
1.56	0.44344	0.744772	1.4405	-1.48511	-0.932494
1.565	0.442827	0.749735	1.44793	-1.4793	-0.929901
1.57	0.442251	0.754701	1.45533	-1.47323	-0.927194
1.575	0.441712	0.759672	1.46269	-1.46688	-0.924373
1.58	0.441209	0.764647	1.47003	-1.46028	-0.92144
1.585	0.440742	0.769625	1.47733	-1.45341	-0.918395
1.59	0.440312	0.774606	1.4846	-1.44629	-0.91524
1.595	0.439917	0.779591	1.49183	-1.43892	-0.911977
1.6	0.439559	0.784578	1.49902	-1.43129	-0.908606
1.605	0.439236	0.789567	1.50618	-1.42342	-0.90513
1.61	0.438948	0.794559	1.5133	-1.4153	-0.901549
1.615	0.438696	0.799553	1.52037	-1.40695	-0.897866
1.62	0.438479	0.804548	1.52741	-1.39836	-0.894081
1.625	0.438298	0.809545	1.5344	-1.38954	-0.890197
1.63	0.43815	0.814543	1.54135	-1.38049	-0.886215
1.635	0.438038	0.819541	1.54825	-1.37123	-0.882137
1.64	0.437959	0.824541	1.55511	-1.36175	-0.877966
1.645	0.437915	0.829541	1.56191	-1.35205	-0.873702
1.65	0.437904	0.834541	1.56867	-1.34216	-0.869348
1.655	0.437927	0.83954	1.57538	-1.33206	-0.864906
1.66	0.437983	0.84454	1.58205	-1.32177	-0.860378
1.665	0.438073	0.849539	1.58865	-1.31129	-0.855766
1.67	0.438195	0.854538	1.59521	-1.30063	-0.851072
1.675	0.438349	0.859536	1.60171	-1.2898	-0.846298
1.68	0.438536	0.864532	1.60816	-1.27879	-0.841446
1.685	0.438755	0.869527	1.61456	-1.26762	-0.836519
1.69	0.439005	0.874521	1.62089	-1.2563	-0.831519
1.695	0.439287	0.879513	1.62718	-1.24482	-0.826448
1.7	0.4396	0.884503	1.6334	-1.2332	-0.821308
1.705	0.439943	0.889491	1.63957	-1.22144	-0.816101
1.71	0.440317	0.894477	1.64567	-1.20955	-0.81083
1.715	0.440722	0.899461	1.65172	-1.19753	-0.805497
1.72	0.441156	0.904442	1.65771	-1.18539	-0.800104
1.725	0.441619	0.909421	1.66364	-1.17315	-0.794654
1.73	0.442112	0.914396	1.6695	-1.1608	-0.789149
1.735	0.442633	0.919369	1.67531	-1.14834	-0.783591
1.74	0.443184	0.924339	1.68105	-1.1358	-0.777982
1.745	0.443762	0.929305	1.68673	-1.12317	-0.772324
1.75	0.444368	0.934268	1.69234	-1.11046	-0.766621
1.755	0.445002	0.939228	1.69789	-1.09768	-0.760873
1.76	0.445663	0.944184	1.70338	-1.08483	-0.755084
1.765	0.446351	0.949136	1.70881	-1.07192	-0.749255
1.77	0.447065	0.954085	1.71417	-1.05896	-0.743388
1.775	0.447806	0.95903	1.71946	-1.04594	-0.737487
1.78	0.448572	0.963971	1.72469	-1.03289	-0.731552
1.785	0.449364	0.968908	1.72986	-1.0198	-0.725586
1.79	0.450181	0.973841	1.73495	-1.00667	-0.719591
1.795	0.451023	0.978769	1.73999	-0.993525	-0.713569
1.8	0.45189	0.983694	1.74496	-0.980357	-0.707522
1.805	0.45278	0.988614	1.74986	-0.967176	-0.701453
1.81	0.453694	0.993529	1.75469	-0.953986	-0.695362
1.815	0.454632	0.998441	1.75946	-0.940793	-0.689252
1.82	0.455593	1.00335	1.76417	-0.927602	-0.683125
1.825	0.456577	1.00825	1.7688	-0.914417	-0.676983
1.83	0.457583	1.01315	1.77338	-0.901244	-0.670827
1.835	0.458611	1.01804	1.77788	-0.888087	-0.664659
1.84	0.45966	1.02293	1.78232	-0.874952	-0.658481
1.845	0.460732	1.02781	1.7867	-0.861842	-0.652295
1.85	0.461824	1.03269	1.79101	-0.848761	-0.646103
1.855	0.462937	1.03757	1.79525	-0.835715	-0.639905
1.86	0.46407	1.04244	1.79943	-0.822707	-0.633703
1.865	0.465223	1.0473	1.80354	-0.809741	-0.6275
1.87	0.466396	1.05216	1.80759	-0.796821	-0.621296
1.875	0.467588	1.05702	1.81158	-0.78395	-0.615094
1.88	0.4688	1.06187	1.8155	-0.771133	-0.608893
1.885	0.47003	1.06672	1.81935	-0.758371	-0.602697
1.89	0.471278	1.07156	1.82314	-0.74567	-0.596506
1.895	0.472544	1.07639	1.82687	-0.733031	-0.590321
1.9	0.473829	1.08123	1.83054	-0.720459	-0.584144
1.905	0.47513	1.08605	1.83414	-0.707955	-0.577976
1.91	0.476449	1.09088	1.83768	-0.695522	-0.571818
1.915	0.477784	1.0957	1.84116	-0.683164	-0.565672
1.92	0.479136	1.10051	1.84457	-0.670882	-0.559538
1.925	0.480504	1.10532	1.84793	-0.658679	-0.553417
1.93	0.481888	1.11012	1.85122	-0.646557	-0.547311
1.935	0.483287	1.11492	1.85445	-0.634519	-0.54122
1.94	0.484702	1.11972	1.85763	-0.622566	-0.535147
1.945	0.486131	1.12451	1.86074	-0.6107	-0.52909
1.95	0.487575	1.1293	1.86379	-0.598923	-0.523052
1.955	0.489034	1.13408	1.86679	-0.587237	-0.517033
1.96	0.490506	1.13886	1.86972	-0.575643	-0.511034
1.965	0.491992	1.14363	1.8726	-0.564143	-0.505056
1.97	0.493492	1.1484	1.87542	-0.552738	-0.4991
1.975	0.495005	1.15317	1.87819	-0.541429	-0.493166
1.98	0.496531	1.15793	1.88089	-0.530217	-0.487255
1.985	0.498069	1.16269	1.88354	-0.519105	-0.481367
1.99	0.49962	1.16744	1.88614	-0.508092	-0.475504
1.995	0.501183	1.17219	1.88868	-0.497179	-0.469666
2	0.502757	1.17694	1.89117	-0.486368	-0.463854
2.005	0.504343	1.18168	1.8936	-0.475658	-0.458068
2.01	0.505941	1.18641	1.89598	-0.465052	-0.452308
2.015	0.507549	1.19115	1.8983	-0.454548	-0.446575
2.02	0.509168	1.19588	1.90057	-0.444149	-0.44087
2.025	0.510798	1.20061	1.90279	-0.433853	-0.435193
2.03	0.512438	1.20533	1.90496	-0.423662	-0.429544
2.035	0.514088	1.21005	1.90708	-0.413576	-0.423925
2.04	0.515747	1.21477	1.90915	-0.403595	-0.418334
2.045	0.517417	1.21948	1.91117	-0.39372	-0.412774
2.05	0.519095	1.22419	1.91314	-0.383949	-0.407243
2.055	0.520783	1.2289	1.91506	-0.374284	-0.401742
2.06	0.522479	1.2336	1.91693	-0.364725	-0.396272
2.065	0.524184	1.2383	1.91875	-0.35527	-0.390833
2.07	0.525897	1.243	1.92053	-0.345921	-0.385424
2.075	0.527618	1.24769	1.92226	-0.336677	-0.380048
2.08	0.529348	1.25238	1.92394	-0.327538	-0.374702
2.085	0.531085	1.25707	1.92558	-0.318504	-0.369388
2.09	0.532829	1.26176	1.92717	-0.309574	-0.364107
2.095	0.534581	1.26644	1.92872	-0.300747	-0.358857
2.1	0.536339	1.27112	1.93022	-0.292025	-0.353639
2.105	0.538105	1.2758	1.93168	-0.283406	-0.348454
2.11	0.539877	1.28047	1.9331	-0.27489	-0.343302
2.115	0.541655	1.28515	1.93447	-0.266476	-0.338182
2.12	0.54344	1.28982	1.93581	-0.258164	-0.333094
2.125	0.545231	1.29449	1.9371	-0.249953	-0.328039
2.13	0.547028	1.29915	1.93835	-0.241843	-0.323018
2.135	0.54883	1.30382	1.93956	-0.233833	-0.318029
2.14	0.550638	1.30848	1.94073	-0.225923	-0.313072
2.145	0.552451	1.31314	1.94186	-0.218113	-0.308149
2.15	0.554269	1.3178	1.94295	-0.2104	-0.303259
2.155	0.556092	1.32245	1.944	-0.202785	-0.298402
2.16	0.55792	1.32711	1.94501	-0.195267	-0.293578
2.165	0.559752	1.33176	1.94599	-0.187846	-0.288786
2.17	0.561589	1.33641	1.94693	-0.18052	-0.284028
2.175	0.563429	1.34106	1.94783	-0.173289	-0.279303
2.18	0.565274	1.3457	1.9487	-0.166152	-0.27461
2.185	0.567123	1.35035	1.94953	-0.159109	-0.26995
2.19	0.568975	1.35499	1.95032	-0.152158	-0.265323
2.195	0.570831	1.35964	1.95108	-0.145299	-0.260729
2.2	0.57269	1.36428	1.95181	-0.138532	-0.256167
2.205	0.574553	1.36892	1.9525	-0.131854	-0.251638
2.21	0.576419	1.37356	1.95316	-0.125266	-0.247142
2.215	0.578287	1.37819	1.95379	-0.118767	-0.242678
2.22	0.580158	1.38283	1.95438	-0.112355	-0.238246
2.225	0.582032	1.38747	1.95494	-0.106031	-0.233847
2.23	0.583908	1.3921	1.95547	-0.0997924	-0.229479
2.235	0.585787	1.39674	1.95597	-0.0936395	-0.225144
2.24	0.587668	1.40137	1.95644	-0.0875711	-0.22084
2.245	0.589551	1.406	1.95688	-0.0815865	-0.216569
2.25	0.591435	1.41063	1.95729	-0.0756847	-0.212329
2.255	0.593322	1.41526	1.95767	-0.0698649	-0.20812
2.26	0.59521	1.41989	1.95801	-0.0641263	-0.203943
2.265	0.597099	1.42452	1.95834	-0.0584681	-0.199798
2.27	0.59899	1.42915	1.95863	-0.0528893	-0.195683
2.275	0.600882	1.43378	1.95889	-0.0473893	-0.1916
2.28	0.602776	1.43841	1.95913	-0.041967	-0.187547
2.285	0.60467	1.44303	1.95934	-0.0366218	-0.183525
2.29	0.606565	1.44766	1.95952	-0.0313527	-0.179534
2.295	0.608461	1.45229	1.95968	-0.026159	-0.175573
2.3	0.610357	1.45691	1.95981	-0.0210397	-0.171642
2.305	0.612254	1.46154	1.95991	-0.0159942	-0.167742
2.31	0.614151	1.46617	1.95999	-0.0110214	-0.163871
2.315	0.616049	1.47079	1.96005	-0.00612074	-0.160031
2.32	0.617946	1.47542	1.96008	-0.00129127	-0.15622
2.325	0.619844	1.48004	1.96009	0.0034678	-0.152438
2.33	0.621741	1.48467	1.96007	0.00815728	-0.148686
2.335	0.623639	1.48929	1.96003	0.012778	-0.144963
2.34	0.625536	1.49392	1.95996	0.0173306	-0.141269
2.345	0.627433	1.49855	1.95988	0.0218161	-0.137604
2.35	0.629329	1.50317	1.95977	0.0262351	-0.133967
2.355	0.631224	1.5078	1.95964	0.0305885	-0.130359
2.36	0.633119	1.51243	1.95949	0.034877	-0.12678
2.365	0.635013	1.51705	1.95931	0.0391015	-0.123228
2.37	0.636907	1.52168	1.95912	0.0432625	-0.119705
2.375	0.638799	1.52631	1.9589	0.047361	-0.116209
2.38	0.64069	1.53094	1.95866	0.0513977	-0.112741
2.385	0.64258	1.53557	1.95841	0.0553733	-0.109301
2.39	0.644468	1.5402	1.95813	0.0592885	-0.105888
2.395	0.646355	1.54483	1.95783	0.0631441	-0.102502
2.4	0.648241	1.54946	1.95752	0.0669408	-0.0991427
2.405	0.650125	1.55409	1.95718	0.0706793	-0.0958105
2.41	0.652008	1.55872	1.95683	0.0743604	-0.0925049
2.415	0.653889	1.56336	1.95646	0.0779847	-0.0892259
2.42	0.655768	1.56799	1.95607	0.0815529	-0.0859731
2.425	0.657645	1.57262	1.95566	0.0850657	-0.0827464
2.43	0.65952	1.57726	1.95523	0.0885239	-0.0795457
2.435	0.661393	1.58189	1.95479	0.091928	-0.0763708
2.44	0.663264	1.58653	1.95433	0.0952788	-0.0732215
2.445	0.665133	1.59117	1.95385	0.0985768	-0.0700976
2.45	0.667	1.59581	1.95336	0.101823	-0.066999
2.455	0.668864	1.60045	1.95285	0.105017	-0.0639255
2.46	0.670725	1.60509	1.95233	0.108161	-0.060877
2.465	0.672585	1.60973	1.95179	0.111255	-0.0578533
2.47	0.674441	1.61437	1.95123	0.114299	-0.0548541
2.475	0.676295	1.61901	1.95066	0.117295	-0.0518794
2.48	0.678146	1.62366	1.95007	0.120242	-0.048929
2.485	0.679995	1.6283	1.94947	0.123141	-0.0460026
2.49	0.68184	1.63295	1.94886	0.125994	-0.0431003
2.495	0.683683	1.6376	1.94823	0.1288	-0.0402217
2.5	0.685523	1.64225	1.94758	0.13156	-0.0373667
2.505	0.687359	1.6469	1.94692	0.134275	-0.0345352
2.51	0.689193	1.65155	1.94625	0.136945	-0.031727
2.515	0.691023	1.6562	1.94557	0.139571	-0.0289419
2.52	0.69285	1.66086	1.94487	0.142153	-0.0261798
2.525	0.694674	1.66551	1.94416	0.144692	-0.0234405
2.53	0.696494	1.67017	1.94344	0.147189	-0.0207239
2.535	0.698311	1.67483	1.9427	0.149643	-0.0180298
2.54	0.700125	1.67949	1.94195	0.152057	-0.0153581
2.545	0.701935	1.68415	1.94119	0.154429	-0.0127085
2.55	0.703741	1.68881	1.94042	0.156761	-0.010081
2.555	0.705544	1.69348	1.93963	0.159053	-0.00747538
2.56	0.707343	1.69814	1.93884	0.161305	-0.00489149
2.565	0.709138	1.70281	1.93803	0.163519	-0.00232919
2.57	0.710929	1.70748	1.93722	0.165694	0.000211675
2.575	0.712717	1.71214	1.93639	0.167831	0.00273125
2.58	0.7145	1.71682	1.93555	0.169931	0.00522969
2.585	0.71628	1.72149	1.9347	0.171994	0.00770714
2.59	0.718055	1.72616	1.93384	0.17402	0.0101637
2.595	0.719827	1.73084	1.93297	0.17601	0.0125996
2.6	0.721594	1.73552	1.93209	0.177965	0.015015
2.605	0.723358	1.74019	1.9312	0.179885	0.0174099
2.61	0.725117	1.74487	1.9303	0.18177	0.0197846
2.615	0.726871	1.74956	1.92939	0.18362	0.0221391
2.62	0.728622	1.75424	1.92847	0.185437	0.0244737
2.625	0.730368	1.75893	1.92754	0.18722	0.0267884
2.63	0.73211	1.76361	1.92661	0.18897	0.0290834
2.635	0.733847	1.7683	1.92566	0.190688	0.0313588
2.64	0.73558	1.77299	1.92471	0.192374	0.0336148
2.645	0.737308	1.77768	1.92375	0.194027	0.0358514
2.65	0.739032	1.78238	1.92278	0.19565	0.0380689
2.655	0.740751	1.78707	1.9218	0.197241	0.0402674
2.66	0.742466	1.79177	1.92081	0.198802	0.042447
2.665	0.744176	1.79647	1.91982	0.200333	0.0446078
2.67	0.745881	1.80117	1.91882	0.201833	0.0467499
2.675	0.747581	1.80587	1.91781	0.203305	0.0488736
2.68	0.749277	1.81057	1.91679	0.204747	0.0509789
2.685	0.750968	1.81528	1.91577	0.20616	0.0530659
2.69	0.752654	1.81999	1.91474	0.207546	0.0551348
2.695	0.754335	1.82469	1.9137	0.208903	0.0571856
2.7	0.756011	1.8294	1.91266	0.210232	0.0592186
2.705	0.757682	1.83412	1.9116	0.211534	0.0612339
2.71	0.759349	1.83883	1.91055	0.212809	0.0632315
2.715	0.76101	1.84355	1.90948	0.214058	0.0652116
2.72	0.762666	1.84826	1.90841	0.21528	0.0671743
2.725	0.764317	1.85298	1.90734	0.216476	0.0691198
2.73	0.765963	1.85771	1.90625	0.217647	0.0710481
2.735	0.767604	1.86243	1.90517	0.218792	0.0729593
2.74	0.76924	1.86715	1.90407	0.219912	0.0748537
2.745	0.77087	1.87188	1.90297	0.221007	0.0767312
2.75	0.772496	1.87661	1.90187	0.222078	0.0785921
2.755	0.774116	1.88134	1.90076	0.223125	0.0804364
2.76	0.77573	1.88607	1.89964	0.224148	0.0822642
2.765	0.77734	1.89081	1.89852	0.225147	0.0840757
2.77	0.778944	1.89554	1.89739	0.226123	0.085871
2.775	0.780543	1.90028	1.89626	0.227076	0.0876501
2.78	0.782136	1.90502	1.89513	0.228007	0.0894133
2.785	0.783724	1.90976	1.89399	0.228915	0.0911605
2.79	0.785307	1.9145	1.89284	0.229801	0.0928919
2.795	0.786884	1.91925	1.89169	0.230665	0.0946077
2.8	0.788455	1.92399	1.89054	0.231507	0.0963079
2.805	0.790021	1.92874	1.88938	0.232328	0.0979926
2.81	0.791582	1.93349	1.88822	0.233128	0.0996619
2.815	0.793137	1.93824	1.88706	0.233907	0.101316
2.82	0.794687	1.943	1.88589	0.234665	0.102955
2.825	0.796231	1.94775	1.88471	0.235404	0.104579
2.83	0.797769	1.95251	1.88354	0.236122	0.106188
2.835	0.799302	1.95727	1.88236	0.23682	0.107782
2.84	0.800829	1.96203	1.88117	0.237498	0.109361
2.845	0.80235	1.96679	1.87998	0.238158	0.110926
2.85	0.803866	1.97156	1.87879	0.238798	0.112476
2.855	0.805376	1.97633	1.8776	0.239419	0.114011
2.86	0.80688	1.98109	1.8764	0.240021	0.115532
2.865	0.808379	1.98586	1.8752	0.240605	0.117039
2.87	0.809872	1.99064	1.874	0.241171	0.118532
2.875	0.811359	1.99541	1.87279	0.241719	0.120011
2.88	0.81284	2.00018	1.87158	0.242249	0.121476
2.885	0.814316	2.00496	1.87037	0.242761	0.122927
2.89	0.815786	2.00974	1.86916	0.243256	0.124364
2.895	0.81725	2.01452	1.86794	0.243734	0.125787
2.9	0.818708	2.0193	1.86672	0.244194	0.127197
2.905	0.82016	2.02409	1.8655	0.244638	0.128593
2.91	0.821607	2.02888	1.86428	0.245065	0.129976
2.915	0.823047	2.03366	1.86306	0.245476	0.131345
2.92	0.824482	2.03845	1.86183	0.245871	0.132701
2.925	0.825911	2.04324	1.8606	0.24625	0.134044
2.93	0.827334	2.04804	1.85937	0.246613	0.135374
2.935	0.828751	2.05283	1.85813	0.24696	0.136691
2.94	0.830162	2.05763	1.8569	0.247292	0.137995
2.945	0.831567	2.06243	1.85566	0.247608	0.139287
2.95	0.832966	2.06723	1.85443	0.24791	0.140565
2.955	0.834359	2.07203	1.85319	0.248196	0.141831
2.96	0.835747	2.07683	1.85194	0.248468	0.143084
2.965	0.837128	2.08164	1.8507	0.248725	0.144325
2.97	0.838503	2.08645	1.84946	0.248968	0.145554
2.975	0.839873	2.09126	1.84821	0.249196	0.14677
2.98	0.841236	2.09607	1.84697	0.249411	0.147973
2.985	0.842593	2.10088	1.84572	0.249611	0.149165
2.99	0.843945	2.10569	1.84447	0.249798	0.150345
2.995	0.84529	2.11051	1.84322	0.249971	0.151512
3	0.846629	2.11532	1.84197	0.25013	0.152668
3.005	0.847963	2.12014	1.84072	0.250277	0.153812
3.01	0.84929	2.12496	1.83947	0.25041	0.154944
3.015	0.850611	2.12979	1.83822	0.25053	0.156064
3.02	0.851926	2.13461	1.83697	0.250638	0.157173
3.025	0.853236	2.13944	1.83571	0.250732	0.15827
3.03	0.854539	2.14426	1.83446	0.250815	0.159356
3.035	0.855836	2.14909	1.83321	0.250884	0.16043
3.04	0.857127	2.15392	1.83195	0.250942	0.161493
3.045	0.858412	2.15875	1.8307	0.250987	0.162545
3.05	0.85969	2.16359	1.82944	0.251021	0.163586
3.055	0.860963	2.16842	1.82819	0.251042	0.164615
3.06	0.86223	2.17326	1.82693	0.251052	0.165634
3.065	0.863491	2.1781	1.82568	0.25105	0.166641
3.07	0.864745	2.18294	1.82442	0.251037	0.167638
3.075	0.865994	2.18778	1.82317	0.251012	0.168624
3.08	0.867236	2.19262	1.82191	0.250976	0.169599
3.085	0.868472	2.19747	1.82066	0.250929	0.170564
3.09	0.869703	2.20231	1.8194	0.250872	0.171518
3.095	0.870927	2.20716	1.81815	0.250803	0.172461
3.1	0.872145	2.21201	1.81689	0.250724	0.173394
3.105	0.873357	2.21686	1.81564	0.250634	0.174316
3.11	0.874563	2.22172	1.81439	0.250533	0.175228
3.115	0.875763	2.22657	1.81313	0.250422	0.17613
3.12	0.876956	2.23142	1.81188	0.250301	0.177022
3.125	0.878144	2.23628	1.81063	0.25017	0.177904
3.13	0.879326	2.24114	1.80938	0.250029	0.178775
3.135	0.880501	2.246	1.80813	0.249878	0.179637
3.14	0.881671	2.25086	1.80688	0.249717	0.180488
3.145	0.882834	2.25572	1.80563	0.249546	0.18133
3.15	0.883992	2.26059	1.80438	0.249366	0.182162
3.155	0.885143	2.26545	1.80314	0.249177	0.182984
3.16	0.886288	2.27032	1.80189	0.248978	0.183796
3.165	0.887427	2.27519	1.80065	0.248769	0.184599
3.17	0.88856	2.28006	1.7994	0.248552	0.185392
3.175	0.889687	2.28493	1.79816	0.248326	0.186176
3.18	0.890808	2.2898	1.79692	0.24809	0.186951
3.185	0.891923	2.29468	1.79568	0.247846	0.187716
3.19	0.893032	2.29955	1.79444	0.247593	0.188471
3.195	0.894135	2.30443	1.7932	0.247331	0.189218
3.2	0.895232	2.30931	1.79196	0.247061	0.189955
3.205	0.896323	2.31419	1.79073	0.246782	0.190683
3.21	0.897408	2.31907	1.78949	0.246495	0.191402
3.215	0.898486	2.32395	1.78826	0.246199	0.192112
3.22	0.899559	2.32883	1.78703	0.245896	0.192813
3.225	0.900626	2.33372	1.7858	0.245584	0.193505
3.23	0.901687	2.33861	1.78457	0.245264	0.194188
3.235	0.902741	2.34349	1.78335	0.244936	0.194863
3.24	0.90379	2.34838	1.78212	0.2446	0.195528
3.245	0.904833	2.35327	1.7809	0.244257	0.196185
3.25	0.90587	2.35816	1.77968	0.243906	0.196834
3.255	0.906901	2.36306	1.77846	0.243547	0.197474
3.26	0.907926	2.36795	1.77724	0.243181	0.198105
3.265	0.908944	2.37284	1.77603	0.242807	0.198728
3.27	0.909958	2.37774	1.77481	0.242426	0.199342
3.275	0.910965	2.38264	1.7736	0.242038	0.199948
3.28	0.911966	2.38754	1.77239	0.241642	0.200546
3.285	0.912961	2.39244	1.77118	0.24124	0.201136
3.29	0.91395	2.39734	1.76997	0.24083	0.201717
3.295	0.914934	2.40224	1.76877	0.240413	0.20229
3.3	0.915911	2.40714	1.76757	0.23999	0.202855
3.305	0.916883	2.41205	1.76637	0.239559	0.203412
3.31	0.917849	2.41695	1.76517	0.239122	0.203962
3.315	0.918808	2.42186	1.76397	0.238679	0.204503
3.32	0.919762	2.42677	1.76278	0.238228	0.205036
3.325	0.920711	2.43168	1.76159	0.237771	0.205561
3.33	0.921653	2.43659	1.7604	0.237308	0.206079
3.335	0.92259	2.4415	1.75921	0.236838	0.206589
3.34	0.92352	2.44641	1.75803	0.236362	0.207091
3.345	0.924445	2.45133	1.75685	0.23588	0.207586
3.35	0.925364	2.45624	1.75567	0.235391	0.208073
3.355	0.926278	2.46116	1.75449	0.234896	0.208552
3.36	0.927185	2.46607	1.75332	0.234396	0.209024
3.365	0.928087	2.47099	1.75215	0.233889	0.209489
3.37	0.928983	2.47591	1.75098	0.233376	0.209946
3.375	0.929873	2.48083	1.74981	0.232858	0.210396
3.38	0.930758	2.48575	1.74865	0.232334	0.210838
3.385	0.931637	2.49068	1.74748	0.231804	0.211274
3.39	0.93251	2.4956	1.74632	0.231268	0.211702
3.395	0.933377	2.50052	1.74517	0.230727	0.212123
3.4	0.934239	2.50545	1.74401	0.23018	0.212536
3.405	0.935095	2.51037	1.74286	0.229628	0.212943
3.41	0.935946	2.5153	1.74172	0.22907	0.213343
3.415	0.93679	2.52023	1.74057	0.228507	0.213735
3.42	0.93763	2.52516	1.73943	0.227938	0.214121
3.425	0.938463	2.53009	1.73829	0.227364	0.2145
3.43	0.939291	2.53502	1.73715	0.226786	0.214872
3.435	0.940113	2.53995	1.73602	0.226202	0.215237
3.44	0.94093	2.54488	1.73489	0.225612	0.215596
3.445	0.941741	2.54982	1.73376	0.225018	0.215947
3.45	0.942547	2.55475	1.73263	0.224419	0.216292
3.455	0.943347	2.55969	1.73151	0.223815	0.216631
3.46	0.944142	2.56462	1.73039	0.223206	0.216963
3.465	0.944931	2.56956	1.72928	0.222592	0.217288
3.47	0.945714	2.5745	1.72816	0.221974	0.217607
3.475	0.946493	2.57944	1.72705	0.221351	0.217919
3.48	0.947265	2.58438	1.72595	0.220723	0.218225
3.485	0.948032	2.58932	1.72484	0.22009	0.218524
3.49	0.948794	2.59426	1.72374	0.219453	0.218817
3.495	0.94955	2.5992	1.72265	0.218812	0.219104
3.5	0.950301	2.60415	1.72155	0.218166	0.219385
3.505	0.951047	2.60909	1.72046	0.217515	0.219659
3.51	0.951787	2.61404	1.71937	0.21686	0.219927
3.515	0.952522	2.61898	1.71829	0.216201	0.220189
3.52	0.953251	2.62393	1.71721	0.215538	0.220445
3.525	0.953975	2.62888	1.71613	0.21487	0.220695
3.53	0.954694	2.63382	1.71506	0.214199	0.220939
3.535	0.955408	2.63877	1.71398	0.213523	0.221177
3.54	0.956116	2.64372	1.71292	0.212843	0.221408
3.545	0.956819	2.64867	1.71185	0.212159	0.221634
3.55	0.957516	2.65362	1.71079	0.211471	0.221854
3.555	0.958209	2.65858	1.70973	0.210779	0.222069
3.56	0.958896	2.66353	1.70868	0.210083	0.222277
3.565	0.959578	2.66848	1.70763	0.209383	0.22248
3.57	0.960255	2.67343	1.70658	0.20868	0.222677
3.575	0.960927	2.67839	1.70554	0.207973	0.222868
3.58	0.961593	2.68334	1.7045	0.207262	0.223054
3.585	0.962255	2.6883	1.70346	0.206547	0.223233
3.59	0.962911	2.69326	1.70243	0.205829	0.223408
3.595	0.963562	2.69822	1.7014	0.205107	0.223577
3.6	0.964208	2.70317	1.70038	0.204382	0.22374
3.605	0.964849	2.70813	1.69935	0.203653	0.223898
3.61	0.965485	2.71309	1.69834	0.20292	0.22405
3.615	0.966116	2.71805	1.69732	0.202184	0.224197
3.62	0.966742	2.72301	1.69631	0.201445	0.224339
3.625	0.967363	2.72797	1.6953	0.200703	0.224475
3.63	0.967979	2.73294	1.6943	0.199957	0.224606
3.635	0.96859	2.7379	1.6933	0.199207	0.224732
3.64	0.969196	2.74286	1.6923	0.198455	0.224852
3.645	0.969797	2.74782	1.69131	0.197699	0.224967
3.65	0.970393	2.75279	1.69032	0.196941	0.225078
3.655	0.970985	2.75775	1.68934	0.196179	0.225182
3.66	0.971571	2.76272	1.68836	0.195414	0.225282
3.665	0.972153	2.76769	1.68738	0.194646	0.225377
3.67	0.97273	2.77265	1.68641	0.193875	0.225467
3.675	0.973301	2.77762	1.68544	0.193101	0.225551
3.68	0.973869	2.78259	1.68447	0.192324	0.225631
3.685	0.974431	2.78755	1.68351	0.191544	0.225706
3.69	0.974989	2.79252	1.68255	0.190761	0.225776
3.695	0.975541	2.79749	1.6816	0.189976	0.225841
3.7	0.97609	2.80246	1.68065	0.189187	0.225901
3.705	0.976633	2.80743	1.6797	0.188396	0.225956
3.71	0.977172	2.8124	1.67876	0.187602	0.226007
3.715	0.977706	2.81738	1.67782	0.186806	0.226052
3.72	0.978235	2.82235	1.67689	0.186007	0.226093
3.725	0.97876	2.82732	1.67596	0.185205	0.226129
3.73	0.979281	2.83229	1.67503	0.1844	0.226161
3.735	0.979796	2.83727	1.67411	0.183593	0.226188
3.74	0.980307	2.84224	1.67319	0.182784	0.22621
3.745	0.980814	2.84721	1.67228	0.181972	0.226228
3.75	0.981316	2.85219	1.67137	0.181158	0.226241
3.755	0.981813	2.85716	1.67046	0.180341	0.22625
3.76	0.982306	2.86214	1.66956	0.179522	0.226254
3.765	0.982795	2.86712	1.66866	0.1787	0.226254
3.77	0.983279	2.87209	1.66777	0.177876	0.226249
3.775	0.983759	2.87707	1.66688	0.17705	0.22624
3.78	0.984234	2.88205	1.666	0.176222	0.226226
3.785	0.984705	2.88702	1.66512	0.175391	0.226208
3.79	0.985171	2.892	1.66424	0.174558	0.226186
3.795	0.985634	2.89698	1.66337	0.173723	0.22616
3.8	0.986091	2.90196	1.6625	0.172886	0.226129
3.805	0.986545	2.90694	1.66163	0.172047	0.226094
3.81	0.986994	2.91192	1.66077	0.171205	0.226054
3.815	0.987439	2.9169	1.65992	0.170362	0.226011
3.82	0.98788	2.92188	1.65906	0.169517	0.225963
3.825	0.988317	2.92686	1.65822	0.168669	0.225911
3.83	0.988749	2.93184	1.65737	0.16782	0.225855
3.835	0.989177	2.93682	1.65653	0.166969	0.225795
3.84	0.989601	2.94181	1.6557	0.166116	0.225731
3.845	0.990021	2.94679	1.65487	0.165261	0.225663
3.85	0.990437	2.95177	1.65404	0.164404	0.22559
3.855	0.990848	2.95675	1.65322	0.163545	0.225514
3.86	0.991256	2.96174	1.6524	0.162685	0.225434
3.865	0.99166	2.96672	1.65159	0.161823	0.22535
3.87	0.992059	2.9717	1.65078	0.160959	0.225262
3.875	0.992454	2.97669	1.64998	0.160093	0.22517
3.88	0.992846	2.98167	1.64918	0.159226	0.225074
3.885	0.993234	2.98666	1.64838	0.158357	0.224974
3.89	0.993617	2.99164	1.64759	0.157486	0.224871
3.895	0.993997	2.99663	1.6468	0.156614	0.224763
3.9	0.994372	3.00162	1.64602	0.155741	0.224652
3.905	0.994744	3.0066	1.64524	0.154866	0.224537
3.91	0.995112	3.01159	1.64446	0.153989	0.224419
3.915	0.995476	3.01657	1.64369	0.153111	0.224296
3.92	0.995837	3.02156	1.64293	0.152231	0.22417
3.925	0.996193	3.02655	1.64217	0.15135	0.224041
3.93	0.996546	3.03154	1.64141	0.150468	0.223907
3.935	0.996895	3.03652	1.64066	0.149584	0.22377
3.94	0.997241	3.04151	1.63991	0.148699	0.22363
3.945	0.997582	3.0465	1.63917	0.147813	0.223486
3.95	0.99792	3.05149	1.63843	0.146925	0.223338
3.955	0.998254	3.05648	1.63769	0.146036	0.223187
3.96	0.998585	3.06147	1.63696	0.145146	0.223032
3.965	0.998912	3.06646	1.63624	0.144255	0.222874
3.97	0.999235	3.07145	1.63552	0.143363	0.222712
3.975	0.999555	3.07644	1.6348	0.142469	0.222547
3.98	0.999871	3.08143	1.63409	0.141574	0.222378
3.985	1.00018	3.08642	1.63338	0.140678	0.222206
3.99	1.00049	3.09141	1.63268	0.139782	0.222031
3.995	1.0008	3.0964	1.63198	0.138884	0.221852
4	1.0011	3.10139	1.63128	0.137985	0.22167
4.005	1.0014	3.10638	1.63059	0.137085	0.221484
4.01	1.0017	3.11137	1.62991	0.136184	0.221295
4.015	1.00199	3.11636	1.62923	0.135282	0.221103
4.02	1.00228	3.12135	1.62855	0.134379	0.220908
4.025	1.00256	3.12635	1.62788	0.133475	0.220709
4.03	1.00284	3.13134	1.62721	0.132571	0.220507
4.035	1.00312	3.13633	1.62655	0.131666	0.220302
4.04	1.0034	3.14132	1.62589	0.130759	0.220094
4.045	1.00367	3.14631	1.62524	0.129852	0.219883
4.05	1.00394	3.15131	1.62459	0.128945	0.219668
4.055	1.0042	3.1563	1.62394	0.128036	0.21945
4.06	1.00447	3.16129	1.6233	0.127127	0.219229
4.065	1.00473	3.16629	1.62267	0.126217	0.219005
4.07	1.00498	3.17128	1.62203	0.125306	0.218778
4.075	1.00523	3.17627	1.62141	0.124395	0.218548
4.08	1.00548	3.18127	1.62079	0.123483	0.218315
4.085	1.00573	3.18626	1.62017	0.122571	0.218078
4.09	1.00597	3.19126	1.61956	0.121658	0.217839
4.095	1.00622	3.19625	1.61895	0.120745	0.217597
4.1	1.00645	3.20124	1.61834	0.119831	0.217351
4.105	1.00669	3.20624	1.61774	0.118916	0.217103
4.11	1.00692	3.21123	1.61715	0.118001	0.216852
4.115	1.00715	3.21623	1.61656	0.117086	0.216598
4.12	1.00737	3.22122	1.61597	0.11617	0.216341
4.125	1.0076	3.22622	1.61539	0.115253	0.216081
4.13	1.00782	3.23121	1.61482	0.114337	0.215818
4.135	1.00803	3.23621	1.61425	0.11342	0.215552
4.14	1.00825	3.2412	1.61368	0.112502	0.215283
4.145	1.00846	3.2462	1.61312	0.111585	0.215012
4.15	1.00867	3.2512	1.61256	0.110667	0.214738
4.155	1.00887	3.25619	1.612	0.109749	0.214461
4.16	1.00908	3.26119	1.61146	0.10883	0.214181
4.165	1.00928	3.26618	1.61091	0.107912	0.213898
4.17	1.00948	3.27118	1.61037	0.106993	0.213613
4.175	1.00967	3.27618	1.60984	0.106074	0.213324
4.18	1.00986	3.28117	1.60931	0.105155	0.213033
4.185	1.01005	3.28617	1.60878	0.104236	0.21274
4.19	1.01024	3.29116	1.60826	0.103317	0.212443
4.195	1.01043	3.29616	1.60774	0.102397	0.212144
4.2	1.01061	3.30116	1.60723	0.101478	0.211843
4.205	1.01079	3.30615	1.60672	0.100559	0.211538
4.21	1.01096	3.31115	1.60622	0.0996393	0.211231
4.215	1.01114	3.31615	1.60572	0.09872	0.210921
4.22	1.01131	3.32115	1.60523	0.0978007	0.210609
4.225	1.01148	3.32614	1.60474	0.0968815	0.210294
4.23	1.01165	3.33114	1.60426	0.0959624	0.209977
4.235	1.01181	3.33614	1.60378	0.0950435	0.209656
4.24	1.01198	3.34113	1.6033	0.0941247	0.209334
4.245	1.01214	3.34613	1.60283	0.093206	0.209008
4.25	1.01229	3.35113	1.60236	0.0922876	0.208681
4.255	1.01245	3.35613	1.6019	0.0913693	0.20835
4.26	1.0126	3.36112	1.60145	0.0904513	0.208017
4.265	1.01275	3.36612	1.60099	0.0895336	0.207682
4.27	1.0129	3.37112	1.60055	0.0886162	0.207344
4.275	1.01305	3.37612	1.6001	0.0876991	0.207004
4.28	1.01319	3.38112	1.59966	0.0867823	0.206661
4.285	1.01333	3.38611	1.59923	0.0858659	0.206316
4.29	1.01347	3.39111	1.5988	0.0849498	0.205968
4.295	1.01361	3.39611	1.59838	0.0840342	0.205618
4.3	1.01375	3.40111	1.59796	0.083119	0.205265
4.305	1.01388	3.40611	1.59754	0.0822042	0.20491
4.31	1.01401	3.4111	1.59713	0.08129	0.204553
4.315	1.01414	3.4161	1.59672	0.0803762	0.204193
4.32	1.01427	3.4211	1.59632	0.079463	0.203831
4.325	1.0144	3.4261	1.59592	0.0785503	0.203466
4.33	1.01452	3.4311	1.59553	0.0776381	0.203099
4.335	1.01464	3.4361	1.59514	0.0767266	0.20273
4.34	1.01476	3.44109	1.59476	0.0758157	0.202358
4.345	1.01488	3.44609	1.59438	0.0749054	0.201984
4.35	1.015	3.45109	1.59401	0.0739958	0.201608
4.355	1.01511	3.45609	1.59364	0.0730869	0.201229
4.36	1.01522	3.46109	1.59327	0.0721787	0.200848
4.365	1.01533	3.46609	1.59291	0.0712712	0.200465
4.37	1.01544	3.47109	1.59255	0.0703645	0.20008
4.375	1.01555	3.47609	1.5922	0.0694585	0.199692
4.38	1.01565	3.48109	1.59185	0.0685534	0.199302
4.385	1.01576	3.48608	1.59151	0.0676491	0.19891
4.39	1.01586	3.49108	1.59117	0.0667456	0.198515
4.395	1.01596	3.49608	1.59084	0.065843	0.198118
4.4	1.01606	3.50108	1.59051	0.0649414	0.19772
4.405	1.01616	3.50608	1.59019	0.0640406	0.197318
4.41	1.01625	3.51108	1.58987	0.0631408	0.196915
4.415	1.01634	3.51608	1.58955	0.0622419	0.196509
4.42	1.01644	3.52108	1.58924	0.0613441	0.196102
4.425	1.01653	3.52608	1.58893	0.0604472	0.195692
4.43	1.01662	3.53108	1.58863	0.0595514	0.19528
4.435	1.0167	3.53607	1.58833	0.0586567	0.194866
4.44	1.01679	3.54107	1.58804	0.057763	0.194449
4.445	1.01687	3.54607	1.58775	0.0568705	0.194031
4.45	1.01696	3.55107	1.58747	0.0559791	0.19361
4.455	1.01704	3.55607	1.58719	0.0550888	0.193187
4.46	1.01712	3.56107	1.58691	0.0541998	0.192762
4.465	1.0172	3.56607	1.58664	0.0533119	0.192335
4.47	1.01728	3.57107	1.58637	0.0524252	0.191906
4.475	1.01735	3.57607	1.58611	0.0515399	0.191475
4.48	1.01743	3.58107	1.58585	0.0506557	0.191042
4.485	1.0175	3.58607	1.5856	0.0497729	0.190606
4.49	1.01758	3.59107	1.58535	0.0488914	0.190169
4.495	1.01765	3.59607	1.58511	0.0480112	0.189729
4.5	1.01772	3.60107	1.58487	0.0471325	0.189288
4.505	1.01779	3.60607	1.58463	0.0462551	0.188844
4.51	1.01786	3.61107	1.5844	0.0453791	0.188398
4.515	1.01792	3.61607	1.58417	0.0445045	0.187951
4.52	1.01799	3.62107	1.58395	0.0436314	0.187501
4.525	1.01805	3.62607	1.58373	0.0427599	0.187049
4.53	1.01812	3.63106	1.58352	0.0418898	0.186595
4.535	1.01818	3.63606	1.58331	0.0410212	0.186139
4.54	1.01824	3.64106	1.5831	0.0401542	0.185682
4.545	1.0183	3.64606	1.5829	0.0392888	0.185222
4.55	1.01836	3.65106	1.58271	0.038425	0.18476
4.555	1.01842	3.65606	1.58251	0.0375628	0.184296
4.56	1.01848	3.66106	1.58233	0.0367023	0.18383
4.565	1.01853	3.66606	1.58214	0.0358434	0.183363
4.57	1.01859	3.67106	1.58196	0.0349863	0.182893
4.575	1.01864	3.67606	1.58179	0.0341309	0.182421
4.58	1.0187	3.68106	1.58162	0.0332772	0.181948
4.585	1.01875	3.68606	1.58145	0.0324253	0.181472
4.59	1.0188	3.69106	1.58129	0.0315752	0.180994
4.595	1.01886	3.69606	1.58113	0.0307269	0.180515
4.6	1.01891	3.70106	1.58098	0.0298804	0.180034
4.605	1.01896	3.70606	1.58083	0.0290358	0.17955
4.61	1.01901	3.71106	1.58068	0.0281931	0.179065
4.615	1.01906	3.71606	1.58054	0.0273523	0.178578
4.62	1.0191	3.72106	1.58041	0.0265135	0.178089
4.625	1.01915	3.72606	1.58027	0.0256766	0.177598
4.63	1.0192	3.73106	1.58014	0.0248417	0.177105
4.635	1.01924	3.73606	1.58002	0.0240088	0.17661
4.64	1.01929	3.74106	1.5799	0.0231779	0.176113
4.645	1.01933	3.74606	1.57978	0.0223491	0.175615
4.65	1.01938	3.75106	1.57967	0.0215224	0.175114
4.655	1.01942	3.75606	1.57956	0.0206978	0.174612
4.66	1.01947	3.76106	1.57946	0.0198753	0.174108
4.665	1.01951	3.76606	1.57936	0.019055	0.173602
4.67	1.01955	3.77106	1.57927	0.0182368	0.173094
4.675	1.01959	3.77606	1.57918	0.0174209	0.172584
4.68	1.01963	3.78106	1.57909	0.0166071	0.172072
4.685	1.01967	3.78606	1.57901	0.0157956	0.171559
4.69	1.01972	3.79106	1.57893	0.0149864	0.171043
4.695	1.01976	3.79606	1.57885	0.0141795	0.170526
4.7	1.0198	3.80106	1.57878	0.0133749	0.170007
4.705	1.01984	3.80606	1.57871	0.0125726	0.169486
4.71	1.01987	3.81106	1.57865	0.0117727	0.168963
4.715	1.01991	3.81606	1.57859	0.0109752	0.168439
4.72	1.01995	3.82106	1.57854	0.0101801	0.167912
4.725	1.01999	3.82606	1.57849	0.00938747	0.167384
4.73	1.02003	3.83106	1.57844	0.00859728	0.166854
4.735	1.02007	3.83606	1.5784	0.00780958	0.166322
4.74	1.0201	3.84106	1.57836	0.00702438	0.165788
4.745	1.02014	3.84606	1.57832	0.00624172	0.165253
4.75	1.02018	3.85106	1.57829	0.00546161	0.164715
4.755	1.02022	3.85606	1.57826	0.00468409	0.164176
4.76	1.02025	3.86106	1.57824	0.00390917	0.163635
4.765	1.02029	3.86606	1.57822	0.00313688	0.163093
4.77	1.02033	3.87105	1.5782	0.00236724	0.162548
4.775	1.02037	3.87605	1.57819	0.00160028	0.162002
4.78	1.0204	3.88105	1.57818	0.000836017	0.161454
4.785	1.02044	3.88605	1.57818	7.44782e-05	0.160904
4.79	1.02048	3.89105	1.57818	-0.000684313	0.160352
4.795	1.02051	3.89605	1.57818	-0.00144033	0.159799
4.8	1.02055	3.90105	1.57819	-0.00219356	0.159243
4.805	1.02059	3.90605	1.5782	-0.00294397	0.158686
4.81	1.02062	3.91105	1.57822	-0.00369153	0.158128
4.815	1.02066	3.91605	1.57823	-0.00443623	0.157567
4.82	1.0207	3.92105	1.57826	-0.00517804	0.157005
4.825	1.02074	3.92605	1.57828	-0.00591694	0.156441
4.83	1.02077	3.93105	1.57831	-0.0066529	0.155875
4.835	1.02081	3.93605	1.57835	-0.00738591	0.155307
4.84	1.02085	3.94105	1.57838	-0.00811592	0.154738
4.845	1.02089	3.94605	1.57842	-0.00884294	0.154167
4.85	1.02093	3.95105	1.57847	-0.00956692	0.153594
4.855	1.02096	3.95605	1.57852	-0.0102879	0.153019
4.86	1.021	3.96105	1.57857	-0.0110057	0.152443
4.865	1.02104	3.96605	1.57862	-0.0117205	0.151864
4.87	1.02108	3.97105	1.57868	-0.0124321	0.151285
4.875	1.02112	3.97605	1.57874	-0.0131406	0.150703
4.88	1.02116	3.98105	1.57881	-0.0138459	0.15012
4.885	1.0212	3.98605	1.57888	-0.014548	0.149534
4.89	1.02124	3.99105	1.57895	-0.0152469	0.148948
4.895	1.02128	3.99605	1.57903	-0.0159426	0.148359
4.9	1.02133	4.00105	1.57911	-0.016635	0.147769
4.905	1.02137	4.00605	1.57919	-0.0173241	0.147176
4.91	1.02141	4.01105	1.57928	-0.0180099	0.146583
4.915	1.02145	4.01605	1.57937	-0.0186923	0.145987
4.92	1.0215	4.02105	1.57946	-0.0193715	0.14539
4.925	1.02154	4.02605	1.57956	-0.0200472	0.144791
4.93	1.02158	4.03105	1.57966	-0.0207195	0.14419
4.935	1.02163	4.03605	1.57976	-0.0213885	0.143587
4.94	1.02167	4.04105	1.57987	-0.0220539	0.142983
4.945	1.02172	4.04605	1.57998	-0.0227159	0.142377
4.95	1.02177	4.05105	1.58009	-0.0233744	0.14177
4.955	1.02181	4.05605	1.58021	-0.0240294	0.14116
4.96	1.02186	4.06105	1.58033	-0.0246809	0.140549
4.965	1.02191	4.06605	1.58045	-0.0253288	0.139936
4.97	1.02196	4.07105	1.58058	-0.0259731	0.139322
4.975	1.02201	4.07605	1.58071	-0.0266138	0.138705
4.98	1.02206	4.08105	1.58084	-0.0272509	0.138087
4.985	1.02211	4.08605	1.58098	-0.0278844	0.137468
4.99	1.02216	4.09104	1.58112	-0.0285142	0.136846
4.995	1.02221	4.09604	1.58126	-0.0291402	0.136223
5	1.02227	4.10104	1.5814	-0.0297626	0.135598
5.005	1.02232	4.10604	1.58155	-0.0303812	0.134972
5.01	1.02237	4.11104	1.58171	-0.0309961	0.134343
5.015	1.02243	4.11604	1.58186	-0.0316072	0.133713
5.02	1.02249	4.12104	1.58202	-0.0322145	0.133082
5.025	1.02254	4.12604	1.58218	-0.0328179	0.132448
5.03	1.0226	4.13104	1.58234	-0.0334176	0.131813
5.035	1.02266	4.13604	1.58251	-0.0340133	0.131176
5.04	1.02272	4.14104	1.58268	-0.0346052	0.130538
5.045	1.02278	4.14604	1.58285	-0.0351931	0.129897
5.05	1.02284	4.15104	1.58303	-0.0357771	0.129255
5.055	1.0229	4.15604	1.58321	-0.0363572	0.128612
5.06	1.02297	4.16104	1.58339	-0.0369333	0.127966
5.065	1.02303	4.16604	1.58358	-0.0375054	0.127319
5.07	1.02309	4.17104	1.58376	-0.0380735	0.12667
5.075	1.02316	4.17604	1.58395	-0.0386375	0.12602
5.08	1.02323	4.18104	1.58415	-0.0391975	0.125367
5.085	1.02329	4.18604	1.58434	-0.0397534	0.124714
5.09	1.02336	4.19104	1.58454	-0.0403052	0.124058
5.095	1.02343	4.19604	1.58474	-0.0408529	0.123401
5.1	1.0235	4.20104	1.58495	-0.0413965	0.122742
5.105	1.02358	4.20604	1.58515	-0.0419358	0.122081
5.11	1.02365	4.21104	1.58536	-0.0424711	0.121418
5.115	1.02372	4.21604	1.58558	-0.0430021	0.120754
5.12	1.0238	4.22104	1.58579	-0.0435288	0.120088
5.125	1.02387	4.22604	1.58601	-0.0440514	0.119421
5.13	1.02395	4.23103	1.58623	-0.0445697	0.118751
5.135	1.02403	4.23603	1.58645	-0.0450836	0.11808
5.14	1.02411	4.24103	1.58668	-0.0455933	0.117408
5.145	1.02419	4.24603	1.58691	-0.0460987	0.116733
5.15	1.02427	4.25103	1.58714	-0.0465998	0.116057
5.155	1.02435	4.25603	1.58737	-0.0470964	0.11538
5.16	1.02444	4.26103	1.5876	-0.0475887	0.1147
5.165	1.02452	4.26603	1.58784	-0.0480766	0.114019
5.17	1.02461	4.27103	1.58808	-0.0485601	0.113336
5.175	1.0247	4.27603	1.58833	-0.0490392	0.112651
5.18	1.02478	4.28103	1.58857	-0.0495137	0.111965
5.185	1.02488	4.28603	1.58882	-0.0499839	0.111277
5.19	1.02497	4.29102	1.58907	-0.0504495	0.110587
5.195	1.02506	4.29602	1.58932	-0.0509106	0.109896
5.2	1.02515	4.30102	1.58957	-0.0513672	0.109203
5.205	1.02525	4.30602	1.58983	-0.0518192	0.108508
5.21	1.02534	4.31102	1.59009	-0.0522667	0.107812
5.215	1.02544	4.31602	1.59035	-0.0527096	0.107113
5.22	1.02554	4.32102	1.59062	-0.0531479	0.106413
5.225	1.02564	4.32602	1.59088	-0.0535815	0.105712
5.23	1.02574	4.33102	1.59115	-0.0540106	0.105008
5.235	1.02585	4.33602	1.59142	-0.0544349	0.104303
5.24	1.02595	4.34102	1.59169	-0.0548546	0.103597
5.245	1.02606	4.34601	1.59197	-0.0552697	0.102888
5.25	1.02616	4.35101	1.59224	-0.05568	0.102178
5.255	1.02627	4.35601	1.59252	-0.0560856	0.101466
5.26	1.02638	4.36101	1.5928	-0.0564864	0.100753
5.265	1.02649	4.36601	1.59308	-0.0568825	0.100038
5.27	1.02661	4.37101	1.59337	-0.0572738	0.0993207
5.275	1.02672	4.37601	1.59365	-0.0576603	0.0986021
5.28	1.02684	4.38101	1.59394	-0.058042	0.0978818
5.285	1.02695	4.386	1.59423	-0.0584189	0.0971598
5.29	1.02707	4.391	1.59452	-0.058791	0.096436
5.295	1.02719	4.396	1.59482	-0.0591582	0.0957106
5.3	1.02731	4.401	1.59511	-0.0595205	0.0949835
5.305	1.02744	4.406	1.59541	-0.059878	0.0942546
5.31	1.02756	4.411	1.59571	-0.0602305	0.0935241
5.315	1.02769	4.416	1.59601	-0.0605782	0.0927918
5.32	1.02782	4.42099	1.59631	-0.0609209	0.0920579
5.325	1.02794	4.42599	1.59662	-0.0612586	0.0913223
5.33	1.02808	4.43099	1.59693	-0.0615914	0.0905849
5.335	1.02821	4.43599	1.59723	-0.0619193	0.0898459
5.34	1.02834	4.44099	1.59754	-0.0622421	0.0891051
5.345	1.02848	4.44598	1.59785	-0.0625599	0.0883627
5.35	1.02861	4.45098	1.59817	-0.0628727	0.0876185
5.355	1.02875	4.45598	1.59848	-0.0631805	0.0868727
5.36	1.02889	4.46098	1.5988	-0.0634832	0.0861251
5.365	1.02903	4.46598	1.59911	-0.0637809	0.0853759
5.37	1.02918	4.47098	1.59943	-0.0640735	0.0846249
5.375	1.02932	4.47597	1.59975	-0.064361	0.0838722
5.38	1.02947	4.48097	1.60008	-0.0646434	0.0831179
5.385	1.02962	4.48597	1.6004	-0.0649207	0.0823618
5.39	1.02977	4.49097	1.60072	-0.0651929	0.0816041
5.395	1.02992	4.49596	1.60105	-0.0654599	0.0808446
5.4	1.03007	4.50096	1.60138	-0.0657218	0.0800834
5.405	1.03022	4.50596	1.60171	-0.0659785	0.0793206
5.41	1.03038	4.51096	1.60204	-0.06623	0.078556
5.415	1.03054	4.51595	1.60237	-0.0664764	0.0777897
5.42	1.0307	4.52095	1.6027	-0.0667175	0.0770218
5.425	1.03086	4.52595	1.60303	-0.0669535	0.0762521
5.43	1.03102	4.53095	1.60337	-0.0671842	0.0754808
5.435	1.03119	4.53594	1.6037	-0.0674097	0.0747077
5.44	1.03135	4.54094	1.60404	-0.0676299	0.073933
5.445	1.03152	4.54594	1.60438	-0.0678449	0.0731565
5.45	1.03169	4.55094	1.60472	-0.0680546	0.0723783
5.455	1.03186	4.55593	1.60506	-0.068259	0.0715985
5.46	1.03203	4.56093	1.6054	-0.0684581	0.0708169
5.465	1.03221	4.56593	1.60574	-0.068652	0.0700337
5.47	1.03238	4.57092	1.60608	-0.0688405	0.0692487
5.475	1.03256	4.57592	1.60643	-0.0690237	0.0684621
5.48	1.03274	4.58092	1.60677	-0.0692016	0.0676738
5.485	1.03292	4.58591	1.60712	-0.0693741	0.0668837
5.49	1.03311	4.59091	1.60747	-0.0695413	0.066092
5.495	1.03329	4.59591	1.60781	-0.0697032	0.0652986
5.5	1.03348	4.6009	1.60816	-0.0698596	0.0645034
5.505	1.03367	4.6059	1.60851	-0.0700107	0.0637066
5.51	1.03386	4.6109	1.60886	-0.0701564	0.0629081
5.515	1.03405	4.61589	1.60921	-0.0702967	0.0621079
5.52	1.03424	4.62089	1.60956	-0.0704316	0.061306
5.525	1.03444	4.62589	1.60992	-0.0705611	0.0605024
5.53	1.03464	4.63088	1.61027	-0.0706852	0.0596972
5.535	1.03484	4.63588	1.61062	-0.0708039	0.0588902
5.54	1.03504	4.64087	1.61098	-0.0709171	0.0580815
5.545	1.03524	4.64587	1.61133	-0.0710249	0.0572712
5.55	1.03544	4.65086	1.61169	-0.0711272	0.0564591
5.555	1.03565	4.65586	1.61204	-0.0712241	0.0556454
5.56	1.03586	4.66086	1.6124	-0.0713155	0.05483
5.565	1.03607	4.66585	1.61275	-0.0714014	0.0540129
5.57	1.03628	4.67085	1.61311	-0.0714819	0.0531941
5.575	1.03649	4.67584	1.61347	-0.0715569	0.0523736
5.58	1.03671	4.68084	1.61383	-0.0716264	0.0515515
5.585	1.03692	4.68583	1.61419	-0.0716904	0.0507276
5.59	1.03714	4.69083	1.61454	-0.0717489	0.0499021
5.595	1.03736	4.69582	1.6149	-0.071802	0.0490749
5.6	1.03759	4.70082	1.61526	-0.0718495	0.048246
5.605	1.03781	4.70581	1.61562	-0.0718914	0.0474154
5.61	1.03804	4.71081	1.61598	-0.0719279	0.0465832
5.615	1.03826	4.7158	1.61634	-0.0719588	0.0457493
5.62	1.03849	4.7208	1.6167	-0.0719843	0.0449137
5.625	1.03872	4.72579	1.61706	-0.0720041	0.0440764
5.63	1.03896	4.73079	1.61742	-0.0720185	0.0432374
5.635	1.03919	4.73578	1.61778	-0.0720273	0.0423968
5.64	1.03943	4.74078	1.61814	-0.0720305	0.0415545
5.645	1.03967	4.74577	1.6185	-0.0720282	0.0407105
5.65	1.03991	4.75077	1.61886	-0.0720204	0.0398649
5.655	1.04015	4.75576	1.61922	-0.072007	0.0390176
5.66	1.04039	4.76075	1.61958	-0.071988	0.0381686
5.665	1.04064	4.76575	1.61994	-0.0719635	0.037318
5.67	1.04089	4.77074	1.6203	-0.0719334	0.0364657
5.675	1.04114	4.77573	1.62066	-0.0718977	0.0356117
5.68	1.04139	4.78073	1.62102	-0.0718565	0.0347561
5.685	1.04164	4.78572	1.62138	-0.0718097	0.0338988
5.69	1.04189	4.79072	1.62174	-0.0717573	0.0330398
5.695	1.04215	4.79571	1.6221	-0.0716994	0.0321792
5.7	1.04241	4.8007	1.62245	-0.0716358	0.0313169
5.705	1.04267	4.8057	1.62281	-0.0715667	0.030453
5.71	1.04293	4.81069	1.62317	-0.071492	0.0295874
5.715	1.04319	4.81568	1.62353	-0.0714118	0.0287202
5.72	1.04346	4.82067	1.62389	-0.0713259	0.0278513
5.725	1.04373	4.82567	1.62424	-0.0712345	0.0269807
5.73	1.044	4.83066	1.6246	-0.0711375	0.0261085
5.735	1.04427	4.83565	1.62495	-0.0710348	0.0252347
5.74	1.04454	4.84065	1.62531	-0.0709267	0.0243592
5.745	1.04481	4.84564	1.62566	-0.0708129	0.0234821
5.75	1.04509	4.85063	1.62602	-0.0706935	0.0226033
5.755	1.04537	4.85562	1.62637	-0.0705686	0.021723
5.76	1.04565	4.86062	1.62672	-0.0704381	0.0208409
5.765	1.04593	4.86561	1.62708	-0.070302	0.0199572
5.77	1.04621	4.8706	1.62743	-0.0701603	0.0190719
5.775	1.04649	4.87559	1.62778	-0.0700131	0.018185
5.78	1.04678	4.88058	1.62813	-0.0698602	0.0172964
5.785	1.04707	4.88557	1.62848	-0.0697018	0.0164063
5.79	1.04736	4.89057	1.62883	-0.0695379	0.0155144
5.795	1.04765	4.89556	1.62917	-0.0693683	0.014621
5.8	1.04794	4.90055	1.62952	-0.0691932	0.0137259
5.805	1.04824	4.90554	1.62987	-0.0690125	0.0128293
5.81	1.04854	4.91053	1.63021	-0.0688262	0.011931
5.815	1.04884	4.91552	1.63056	-0.0686344	0.011031
5.82	1.04914	4.92051	1.6309	-0.068437	0.0101295
5.825	1.04944	4.9255	1.63124	-0.0682341	0.00922639
5.83	1.04974	4.9305	1.63158	-0.0680256	0.00832165
5.835	1.05005	4.93549	1.63192	-0.0678115	0.0074153
5.84	1.05035	4.94048	1.63226	-0.067592	0.00650735
5.845	1.05066	4.94547	1.6326	-0.0673668	0.0055978
5.85	1.05097	4.95046	1.63294	-0.0671361	0.00468665
5.855	1.05129	4.95545	1.63327	-0.0668999	0.00377391
5.86	1.0516	4.96044	1.63361	-0.0666582	0.00285957
5.865	1.05191	4.96543	1.63394	-0.0664109	0.00194365
5.87	1.05223	4.97042	1.63427	-0.0661581	0.00102613
5.875	1.05255	4.97541	1.6346	-0.0658998	0.00010703
5.88	1.05287	4.9804	1.63493	-0.065636	-0.000813653
5.885	1.05319	4.98539	1.63526	-0.0653666	-0.00173592
5.89	1.05352	4.99038	1.63559	-0.0650918	-0.00265976
5.895	1.05384	4.99537	1.63591	-0.0648115	-0.00358517
5.9	1.05417	5.00036	1.63624	-0.0645256	-0.00451216
5.905	1.0545	5.00534	1.63656	-0.0642343	-0.00544071
5.91	1.05483	5.01033	1.63688	-0.0639375	-0.00637083
5.915	1.05516	5.01532	1.6372	-0.0636352	-0.00730251
5.92	1.05549	5.02031	1.63752	-0.0633275	-0.00823576
5.925	1.05583	5.0253	1.63784	-0.0630143	-0.00917056
5.93	1.05616	5.03029	1.63815	-0.0626956	-0.0101069
5.935	1.0565	5.03528	1.63846	-0.0623715	-0.0110448
5.94	1.05684	5.04027	1.63878	-0.0620419	-0.0119843
5.945	1.05718	5.04525	1.63909	-0.0617069	-0.0129253
5.95	1.05753	5.05024	1.63939	-0.0613665	-0.0138678
5.955	1.05787	5.05523	1.6397	-0.0610207	-0.0148119
5.96	1.05822	5.06022	1.64001	-0.0606694	-0.0157575
5.965	1.05856	5.06521	1.64031	-0.0603127	-0.0167046
5.97	1.05891	5.07019	1.64061	-0.0599506	-0.0176533
5.975	1.05926	5.07518	1.64091	-0.0595832	-0.0186035
5.98	1.05961	5.08017	1.64121	-0.0592103	-0.0195552
5.985	1.05997	5.08516	1.64151	-0.0588321	-0.0205085
5.99	1.06032	5.09014	1.6418	-0.0584485	-0.0214632
5.995	1.06068	5.09513	1.64209	-0.0580595	-0.0224195
6	1.06104	5.10012	1.64238	-0.0576652	-0.0233773
6.005	1.0614	5.10511	1.64267	-0.0572656	-0.0243365
6.01	1.06176	5.11009	1.64296	-0.0568606	-0.0252973
6.015	1.06212	5.11508	1.64324	-0.0564502	-0.0262596
6.02	1.06248	5.12007	1.64352	-0.0560346	-0.0272234
6.025	1.06285	5.12505	1.6438	-0.0556137	-0.0281886
6.03	1.06321	5.13004	1.64408	-0.0551874	-0.0291554
6.035	1.06358	5.13503	1.64436	-0.0547559	-0.0301236
6.04	1.06395	5.14001	1.64463	-0.0543191	-0.0310933
6.045	1.06432	5.145	1.6449	-0.053877	-0.0320645
6.05	1.06469	5.14999	1.64517	-0.0534296	-0.0330371
6.055	1.06506	5.15497	1.64544	-0.052977	-0.0340113
6.06	1.06544	5.15996	1.6457	-0.0525192	-0.0349868
6.065	1.06581	5.16494	1.64597	-0.0520561	-0.0359639
6.07	1.06619	5.16993	1.64623	-0.0515878	-0.0369424
6.075	1.06657	5.17491	1.64649	-0.0511143	-0.0379223
6.08	1.06695	5.1799	1.64674	-0.0506356	-0.0389037
6.085	1.06733	5.18489	1.64699	-0.0501517	-0.0398865
6.09	1.06771	5.18987	1.64724	-0.0496626	-0.0408708
6.095	1.06809	5.19486	1.64749	-0.0491684	-0.0418565
6.1	1.06848	5.19984	1.64774	-0.048669	-0.0428437
6.105	1.06886	5.20483	1.64798	-0.0481644	-0.0438322
6.11	1.06925	5.20981	1.64822	-0.0476548	-0.0448222
6.115	1.06964	5.2148	1.64846	-0.04714	-0.0458136
6.12	1.07003	5.21978	1.6487	-0.04662	-0.0468064
6.125	1.07042	5.22477	1.64893	-0.046095	-0.0478006
6.13	1.07081	5.22975	1.64916	-0.0455649	-0.0487963
6.135	1.0712	5.23474	1.64939	-0.0450297	-0.0497933
6.14	1.07159	5.23972	1.64961	-0.0444894	-0.0507917
6.145	1.07199	5.2447	1.64984	-0.0439441	-0.0517915
6.15	1.07238	5.24969	1.65006	-0.0433938	-0.0527927
6.155	1.07278	5.25467	1.65027	-0.0428384	-0.0537953
6.16	1.07318	5.25966	1.65049	-0.0422779	-0.0547992
6.165	1.07358	5.26464	1.6507	-0.0417125	-0.0558045
6.17	1.07398	5.26963	1.65091	-0.0411421	-0.0568112
6.175	1.07438	5.27461	1.65111	-0.0405667	-0.0578192
6.18	1.07478	5.27959	1.65132	-0.0399863	-0.0588286
6.185	1.07519	5.28458	1.65152	-0.039401	-0.0598394
6.19	1.07559	5.28956	1.65171	-0.0388107	-0.0608515
6.195	1.07599	5.29454	1.65191	-0.0382155	-0.0618649
6.2	1.0764	5.29953	1.6521	-0.0376154	-0.0628797
6.205	1.07681	5.30451	1.65229	-0.0370103	-0.0638958
6.21	1.07722	5.30949	1.65247	-0.0364004	-0.0649133
6.215	1.07762	5.31448	1.65265	-0.0357856	-0.065932
6.22	1.07803	5.31946	1.65283	-0.0351659	-0.0669521
6.225	1.07844	5.32444	1.65301	-0.0345413	-0.0679735
6.23	1.07886	5.32943	1.65318	-0.0339119	-0.0689962
6.235	1.07927	5.33441	1.65335	-0.0332777	-0.0700201
6.24	1.07968	5.33939	1.65352	-0.0326387	-0.0710454
6.245	1.0801	5.34438	1.65368	-0.0319948	-0.072072
6.25	1.08051	5.34936	1.65384	-0.0313462	-0.0730999
6.255	1.08093	5.35434	1.654	-0.0306928	-0.074129
6.26	1.08134	5.35932	1.65415	-0.0300346	-0.0751594
6.265	1.08176	5.36431	1.6543	-0.0293717	-0.0761911
6.27	1.08218	5.36929	1.65445	-0.0287041	-0.077224
6.275	1.0826	5.37427	1.65459	-0.0280317	-0.0782582
6.28	1.08301	5.37925	1.65473	-0.0273546	-0.0792937
6.285	1.08343	5.38424	1.65487	-0.0266728	-0.0803304
6.29	1.08385	5.38922	1.655	-0.0259863	-0.0813683
6.295	1.08428	5.3942	1.65513	-0.0252952	-0.0824075
6.3	1.0847	5.39918	1.65526	-0.0245994	-0.0834479
6.305	1.08512	5.40416	1.65538	-0.023899	-0.0844895
6.31	1.08554	5.40915	1.6555	-0.023194	-0.0855323
6.315	1.08597	5.41413	1.65562	-0.0224843	-0.0865764
6.32	1.08639	5.41911	1.65573	-0.0217701	-0.0876216
6.325	1.08682	5.42409	1.65584	-0.0210512	-0.0886681
6.33	1.08724	5.42907	1.65594	-0.0203278	-0.0897157
6.335	1.08767	5.43406	1.65604	-0.0195999	-0.0907646
6.34	1.08809	5.43904	1.65614	-0.0188674	-0.0918146
6.345	1.08852	5.44402	1.65624	-0.0181303	-0.0928658
6.35	1.08895	5.449	1.65633	-0.0173888	-0.0939181
6.355	1.08937	5.45398	1.65641	-0.0166428	-0.0949716
6.36	1.0898	5.45896	1.6565	-0.0158923	-0.0960263
6.365	1.09023	5.46395	1.65658	-0.0151373	-0.0970821
6.37	1.09066	5.46893	1.65665	-0.0143778	-0.0981391
6.375	1.09109	5.47391	1.65672	-0.013614	-0.0991972
6.38	1.09152	5.47889	1.65679	-0.0128457	-0.100256
6.385	1.09195	5.48387	1.65686	-0.012073	-0.101317
6.39	1.09238	5.48885	1.65692	-0.0112959	-0.102378
6.395	1.09281	5.49383	1.65697	-0.0105144	-0.103441
6.4	1.09324	5.49882	1.65703	-0.00972852	-0.104505
6.405	1.09367	5.5038	1.65707	-0.00893832	-0.105569
6.41	1.0941	5.50878	1.65712	-0.00814379	-0.106635
6.415	1.09453	5.51376	1.65716	-0.00734493	-0.107702
6.42	1.09496	5.51874	1.6572	-0.00654176	-0.10877
6.425	1.09539	5.52372	1.65723	-0.0057343	-0.109839
6.43	1.09583	5.52871	1.65726	-0.00492257	-0.110909
6.435	1.09626	5.53369	1.65728	-0.00410657	-0.111981
6.44	1.09669	5.53867	1.6573	-0.00328632	-0.113053
6.445	1.09712	5.54365	1.65732	-0.00246184	-0.114126
6.45	1.09755	5.54863	1.65733	-0.00163314	-0.115201
6.455	1.09799	5.55361	1.65734	-0.00080024	-0.116276
6.46	1.09842	5.55859	1.65734	3.68509e-05	-0.117352
6.465	1.09885	5.56358	1.65734	0.000878116	-0.11843
6.47	1.09928	5.56856	1.65734	0.00172354	-0.119508
6.475	1.09972	5.57354	1.65733	0.00257311	-0.120588
6.48	1.10015	5.57852	1.65732	0.00342681	-0.121668
6.485	1.10058	5.5835	1.6573	0.00428462	-0.12275
6.49	1.10101	5.58848	1.65728	0.00514654	-0.123832
6.495	1.10144	5.59347	1.65725	0.00601254	-0.124915
6.5	1.10187	5.59845	1.65722	0.00688261	-0.126
6.505	1.10231	5.60343	1.65719	0.00775673	-0.127085
6.51	1.10274	5.60841	1.65715	0.0086349	-0.128171
6.515	1.10317	5.61339	1.65711	0.00951709	-0.129258
6.52	1.1036	5.61837	1.65706	0.0104033	-0.130346
6.525	1.10403	5.62335	1.65701	0.0112935	-0.131436
6.53	1.10446	5.62834	1.65695	0.0121877	-0.132525
6.535	1.10489	5.63332	1.65689	0.0130858	-0.133616
6.54	1.10532	5.6383	1.65682	0.0139879	-0.134708
6.545	1.10575	5.64328	1.65675	0.014894	-0.135801
6.55	1.10618	5.64826	1.65668	0.0158039	-0.136894
6.555	1.10661	5.65324	1.6566	0.0167178	-0.137989
6.56	1.10703	5.65823	1.65652	0.0176356	-0.139084
6.565	1.10746	5.66321	1.65643	0.0185572	-0.14018
6.57	1.10789	5.66819	1.65634	0.0194827	-0.141277
6.575	1.10832	5.67317	1.65624	0.0204121	-0.142375
6.58	1.10874	5.67815	1.65614	0.0213453	-0.143474
6.585	1.10917	5.68313	1.65603	0.0222823	-0.144573
6.59	1.10959	5.68812	1.65592	0.0232231	-0.145674
6.595	1.11002	5.6931	1.6558	0.0241677	-0.146775
6.6	1.11044	5.69808	1.65568	0.0251161	-0.147877
6.605	1.11086	5.70306	1.65556	0.0260682	-0.14898
6.61	1.11129	5.70804	1.65543	0.0270241	-0.150083
6.615	1.11171	5.71303	1.65529	0.0279838	-0.151188
6.62	1.11213	5.71801	1.65515	0.0289471	-0.152293
6.625	1.11255	5.72299	1.65501	0.0299142	-0.153399
6.63	1.11297	5.72797	1.65486	0.0308849	-0.154505
6.635	1.11339	5.73296	1.6547	0.0318593	-0.155613
6.64	1.11381	5.73794	1.65454	0.0328374	-0.156721
6.645	1.11423	5.74292	1.65438	0.0338192	-0.15783
6.65	1.11464	5.7479	1.65421	0.0348045	-0.158939
6.655	1.11506	5.75289	1.65404	0.0357935	-0.16005
6.66	1.11547	5.75787	1.65386	0.0367861	-0.161161
6.665	1.11589	5.76285	1.65367	0.0377823	-0.162272
6.67	1.1163	5.76783	1.65348	0.038782	-0.163385
6.675	1.11671	5.77282	1.65329	0.0397853	-0.164498
6.68	1.11712	5.7778	1.65309	0.0407922	-0.165611
6.685	1.11753	5.78278	1.65289	0.0418026	-0.166726
6.69	1.11794	5.78777	1.65268	0.0428165	-0.167841
6.695	1.11835	5.79275	1.65246	0.0438339	-0.168956
6.7	1.11876	5.79773	1.65224	0.0448549	-0.170073
6.705	1.11916	5.80272	1.65202	0.0458793	-0.17119
6.71	1.11957	5.8077	1.65179	0.0469071	-0.172307
6.715	1.11997	5.81268	1.65156	0.0479384	-0.173425
6.72	1.12037	5.81767	1.65132	0.0489732	-0.174544
6.725	1.12077	5.82265	1.65107	0.0500114	-0.175663
6.73	1.12117	5.82764	1.65082	0.0510529	-0.176783
6.735	1.12157	5.83262	1.65057	0.0520979	-0.177903
6.74	1.12197	5.8376	1.65031	0.0531463	-0.179024
6.745	1.12236	5.84259	1.65004	0.054198	-0.180146
6.75	1.12276	5.84757	1.64977	0.0552531	-0.181268
6.755	1.12315	5.85256	1.64949	0.0563116	-0.182391
6.76	1.12354	5.85754	1.64921	0.0573733	-0.183514
6.765	1.12393	5.86253	1.64892	0.0584384	-0.184637
6.77	1.12432	5.86751	1.64863	0.0595068	-0.185761
6.775	1.12471	5.8725	1.64833	0.0605785	-0.186886
6.78	1.12509	5.87748	1.64803	0.0616534	-0.188011
6.785	1.12548	5.88247	1.64772	0.0627316	-0.189136
6.79	1.12586	5.88745	1.64741	0.0638131	-0.190262
6.795	1.12624	5.89244	1.64709	0.0648978	-0.191389
6.8	1.12662	5.89742	1.64677	0.0659857	-0.192515
6.805	1.127	5.90241	1.64644	0.0670769	-0.193643
6.81	1.12738	5.90739	1.6461	0.0681712	-0.19477
6.815	1.12775	5.91238	1.64576	0.0692688	-0.195898
6.82	1.12812	5.91737	1.64541	0.0703695	-0.197027
6.825	1.12849	5.92235	1.64506	0.0714733	-0.198156
6.83	1.12886	5.92734	1.6447	0.0725803	-0.199285
6.835	1.12923	5.93233	1.64434	0.0736905	-0.200414
6.84	1.1296	5.93731	1.64397	0.0748038	-0.201544
6.845	1.12996	5.9423	1.6436	0.0759201	-0.202674
6.85	1.13032	5.94729	1.64322	0.0770396	-0.203805
6.855	1.13068	5.95227	1.64283	0.0781622	-0.204936
6.86	1.13104	5.95726	1.64244	0.0792878	-0.206067
6.865	1.1314	5.96225	1.64205	0.0804165	-0.207198
6.87	1.13175	5.96724	1.64165	0.0815483	-0.20833
6.875	1.1321	5.97222	1.64124	0.0826831	-0.209462
6.88	1.13245	5.97721	1.64082	0.0838209	-0.210594
6.885	1.1328	5.9822	1.64041	0.0849617	-0.211726
6.89	1.13315	5.98719	1.63998	0.0861055	-0.212859
6.895	1.13349	5.99217	1.63955	0.0872523	-0.213992
6.9	1.13383	5.99716	1.63911	0.0884021	-0.215125
6.905	1.13417	6.00215	1.63867	0.0895549	-0.216258
6.91	1.13451	6.00714	1.63822	0.0907106	-0.217392
6.915	1.13484	6.01213	1.63777	0.0918693	-0.218525
6.92	1.13517	6.01712	1.63731	0.0930309	-0.219659
6.925	1.1355	6.02211	1.63685	0.0941954	-0.220793
6.93	1.13583	6.0271	1.63637	0.0953628	-0.221927
6.935	1.13616	6.03209	1.6359	0.0965331	-0.223061
6.94	1.13648	6.03708	1.63541	0.0977063	-0.224195
6.945	1.1368	6.04207	1.63493	0.0988824	-0.22533
6.95	1.13712	6.04706	1.63443	0.100061	-0.226464
6.955	1.13743	6.05205	1.63393	0.101243	-0.227599
6.96	1.13775	6.05704	1.63343	0.102428	-0.228733
6.965	1.13806	6.06203	1.63291	0.103615	-0.229868
6.97	1.13836	6.06702	1.6324	0.104805	-0.231003
6.975	1.13867	6.07201	1.63187	0.105999	-0.232137
6.98	1.13897	6.077	1.63134	0.107194	-0.233272
6.985	1.13927	6.08199	1.63081	0.108393	-0.234407
6.99	1.13957	6.08698	1.63026	0.109595	-0.235541
6.995	1.13986	6.09197	1.62972	0.110799	-0.236676
7	1.14015	6.09696	1.62916	0.112006	-0.237811
7.005	1.14044	6.10195	1.6286	0.113215	-0.238945
7.01	1.14073	6.10695	1.62804	0.114428	-0.24008
7.015	1.14101	6.11194	1.62746	0.115643	-0.241214
7.02	1.14129	6.11693	1.62689	0.116861	-0.242348
7.025	1.14157	6.12192	1.6263	0.118082	-0.243482
7.03	1.14184	6.12692	1.62571	0.119305	-0.244616
7.035	1.14212	6.13191	1.62511	0.120531	-0.24575
7.04	1.14238	6.1369	1.62451	0.121759	-0.246884
7.045	1.14265	6.14189	1.6239	0.122991	-0.248017
7.05	1.14291	6.14689	1.62329	0.124225	-0.249151
7.055	1.14317	6.15188	1.62267	0.125461	-0.250284
7.06	1.14343	6.15687	1.62204	0.126701	-0.251417
7.065	1.14368	6.16187	1.62141	0.127942	-0.252549
7.07	1.14393	6.16686	1.62077	0.129187	-0.253682
7.075	1.14418	6.17186	1.62012	0.130434	-0.254814
7.08	1.14442	6.17685	1.61947	0.131684	-0.255946
7.085	1.14466	6.18184	1.61881	0.132936	-0.257078
7.09	1.1449	6.18684	1.61814	0.134191	-0.258209
7.095	1.14513	6.19183	1.61747	0.135448	-0.25934
7.1	1.14536	6.19683	1.6168	0.136708	-0.260471
7.105	1.14559	6.20182	1.61611	0.13797	-0.261601
7.11	1.14581	6.20682	1.61542	0.139236	-0.262731
7.115	1.14603	6.21181	1.61473	0.140503	-0.26386
7.12	1.14625	6.21681	1.61402	0.141773	-0.26499
7.125	1.14646	6.2218	1.61332	0.143046	-0.266118
7.13	1.14667	6.2268	1.6126	0.144321	-0.267247
7.135	1.14687	6.23179	1.61188	0.145598	-0.268375
7.14	1.14707	6.23679	1.61115	0.146879	-0.269502
7.145	1.14727	6.24179	1.61042	0.148161	-0.270629
7.15	1.14747	6.24678	1.60968	0.149446	-0.271755
7.155	1.14766	6.25178	1.60893	0.150734	-0.272881
7.16	1.14784	6.25678	1.60817	0.152024	-0.274007
7.165	1.14803	6.26177	1.60741	0.153316	-0.275132
7.17	1.14821	6.26677	1.60665	0.154611	-0.276256
7.175	1.14838	6.27177	1.60587	0.155908	-0.27738
7.18	1.14855	6.27676	1.6051	0.157208	-0.278503
7.185	1.14872	6.28176	1.60431	0.15851	-0.279625
7.19	1.14888	6.28676	1.60352	0.159814	-0.280747
7.195	1.14904	6.29176	1.60272	0.161121	-0.281869
7.2	1.1492	6.29675	1.60191	0.16243	-0.282989
7.205	1.14935	6.30175	1.6011	0.163742	-0.284109
7.21	1.1495	6.30675	1.60028	0.165056	-0.285229
7.215	1.14964	6.31175	1.59946	0.166373	-0.286347
7.22	1.14978	6.31674	1.59862	0.167691	-0.287465
7.225	1.14992	6.32174	1.59779	0.169012	-0.288582
7.23	1.15005	6.32674	1.59694	0.170336	-0.289698
7.235	1.15017	6.33174	1.59609	0.171662	-0.290814
7.24	1.15029	6.33674	1.59523	0.17299	-0.291929
7.245	1.15041	6.34174	1.59437	0.17432	-0.293043
7.25	1.15053	6.34674	1.59349	0.175653	-0.294156
7.255	1.15063	6.35173	1.59262	0.176988	-0.295268
7.26	1.15074	6.35673	1.59173	0.178325	-0.296379
7.265	1.15084	6.36173	1.59084	0.179665	-0.29749
7.27	1.15094	6.36673	1.58994	0.181007	-0.298599
7.275	1.15103	6.37173	1.58904	0.182351	-0.299708
7.28	1.15111	6.37673	1.58812	0.183697	-0.300816
7.285	1.1512	6.38173	1.58721	0.185046	-0.301922
7.29	1.15127	6.38673	1.58628	0.186397	-0.303028
7.295	1.15135	6.39173	1.58535	0.18775	-0.304133
7.3	1.15141	6.39673	1.58441	0.189106	-0.305236
7.305	1.15148	6.40173	1.58346	0.190463	-0.306339
7.31	1.15154	6.40673	1.58251	0.191823	-0.307441
7.315	1.15159	6.41173	1.58155	0.193185	-0.308541
7.32	1.15164	6.41673	1.58059	0.19455	-0.309641
7.325	1.15168	6.42173	1.57961	0.195916	-0.310739
7.33	1.15172	6.42672	1.57863	0.197285	-0.311836
7.335	1.15176	6.43173	1.57765	0.198656	-0.312932
7.34	1.15179	6.43673	1.57665	0.200029	-0.314027
7.345	1.15181	6.44173	1.57565	0.201405	-0.31512
7.35	1.15183	6.44673	1.57465	0.202782	-0.316213
7.355	1.15184	6.45173	1.57363	0.204162	-0.317304
7.36	1.15185	6.45673	1.57261	0.205544	-0.318394
7.365	1.15186	6.46173	1.57159	0.206928	-0.319482
7.37	1.15185	6.46673	1.57055	0.208314	-0.320569
7.375	1.15185	6.47173	1.56951	0.209702	-0.321655
7.38	1.15184	6.47673	1.56846	0.211093	-0.32274
7.385	1.15182	6.48173	1.5674	0.212485	-0.323823
7.39	1.1518	6.48673	1.56634	0.21388	-0.324905
7.395	1.15177	6.49173	1.56527	0.215277	-0.325985
7.4	1.15174	6.49673	1.5642	0.216676	-0.327064
7.405	1.1517	6.50173	1.56311	0.218077	-0.328141
7.41	1.15165	6.50673	1.56202	0.219481	-0.329217
7.415	1.15161	6.51173	1.56093	0.220886	-0.330292
7.42	1.15155	6.51673	1.55982	0.222294	-0.331365
7.425	1.15149	6.52172	1.55871	0.223703	-0.332436
7.43	1.15142	6.52672	1.55759	0.225115	-0.333506
7.435	1.15135	6.53172	1.55647	0.226529	-0.334574
7.44	1.15127	6.53672	1.55533	0.227944	-0.335641
7.445	1.15119	6.54172	1.55419	0.229362	-0.336706
7.45	1.1511	6.54672	1.55305	0.230782	-0.337769
7.455	1.15101	6.55172	1.55189	0.232204	-0.33883
7.46	1.15091	6.55672	1.55073	0.233629	-0.33989
7.465	1.1508	6.56172	1.54956	0.235055	-0.340948
7.47	1.15069	6.56672	1.54839	0.236483	-0.342005
7.475	1.15057	6.57172	1.54721	0.237913	-0.343059
7.48	1.15045	6.57671	1.54602	0.239346	-0.344112
7.485	1.15032	6.58171	1.54482	0.24078	-0.345163
7.49	1.15018	6.58671	1.54362	0.242217	-0.346212
7.495	1.15004	6.59171	1.5424	0.243655	-0.347259
7.5	1.14989	6.59671	1.54119	0.245096	-0.348304
7.505	1.14974	6.60171	1.53996	0.246538	-0.349348
7.51	1.14958	6.6067	1.53873	0.247983	-0.350389
7.515	1.14941	6.6117	1.53749	0.249429	-0.351428
7.52	1.14924	6.6167	1.53624	0.250878	-0.352466
7.525	1.14906	6.62169	1.53499	0.252329	-0.353501
7.53	1.14887	6.62669	1.53372	0.253781	-0.354534
7.535	1.14868	6.63169	1.53246	0.255236	-0.355566
7.54	1.14848	6.63668	1.53118	0.256693	-0.356595
7.545	1.14828	6.64168	1.5299	0.258151	-0.357622
7.55	1.14807	6.64667	1.52861	0.259612	-0.358646
7.555	1.14785	6.65167	1.52731	0.261075	-0.359669
7.56	1.14763	6.65666	1.526	0.262539	-0.360689
7.565	1.1474	6.66166	1.52469	0.264006	-0.361707
7.57	1.14716	6.66665	1.52337	0.265474	-0.362723
7.575	1.14692	6.67165	1.52204	0.266945	-0.363737
7.58	1.14667	6.67664	1.52071	0.268418	-0.364748
7.585	1.14641	6.68163	1.51937	0.269892	-0.365757
7.59	1.14615	6.68663	1.51802	0.271369	-0.366763
7.595	1.14588	6.69162	1.51666	0.272847	-0.367767
7.6	1.1456	6.69661	1.51529	0.274327	-0.368769
7.605	1.14531	6.7016	1.51392	0.27581	-0.369768
7.61	1.14502	6.7066	1.51254	0.277294	-0.370765
7.615	1.14472	6.71159	1.51116	0.278781	-0.371759
7.62	1.14442	6.71658	1.50976	0.280269	-0.372751
7.625	1.14411	6.72157	1.50836	0.281759	-0.37374
7.63	1.14379	6.72656	1.50695	0.283251	-0.374726
7.635	1.14346	6.73155	1.50554	0.284745	-0.37571
7.64	1.14313	6.73654	1.50411	0.286241	-0.376691
7.645	1.14279	6.74152	1.50268	0.287739	-0.377669
7.65	1.14244	6.74651	1.50124	0.289239	-0.378645
7.655	1.14209	6.7515	1.4998	0.290741	-0.379618
7.66	1.14172	6.75648	1.49834	0.292245	-0.380588
7.665	1.14136	6.76147	1.49688	0.293751	-0.381555
7.67	1.14098	6.76646	1.49541	0.295258	-0.38252
7.675	1.1406	6.77144	1.49394	0.296768	-0.383482
7.68	1.1402	6.77643	1.49245	0.298279	-0.38444
7.685	1.1398	6.78141	1.49096	0.299793	-0.385396
7.69	1.1394	6.78639	1.48946	0.301308	-0.386349
7.695	1.13898	6.79138	1.48796	0.302826	-0.387299
7.7	1.13856	6.79636	1.48644	0.304345	-0.388246
7.705	1.13813	6.80134	1.48492	0.305866	-0.389189
7.71	1.1377	6.80632	1.48339	0.307389	-0.39013
7.715	1.13725	6.8113	1.48185	0.308914	-0.391067
7.72	1.1368	6.81628	1.48031	0.310441	-0.392002
7.725	1.13634	6.82126	1.47876	0.31197	-0.392933
7.73	1.13588	6.82624	1.4772	0.3135	-0.393861
7.735	1.1354	6.83122	1.47563	0.315033	-0.394786
7.74	1.13492	6.83619	1.47406	0.316568	-0.395707
7.745	1.13443	6.84117	1.47247	0.318104	-0.396625
7.75	1.13393	6.84614	1.47088	0.319642	-0.39754
7.755	1.13342	6.85112	1.46928	0.321183	-0.398451
7.76	1.13291	6.85609	1.46768	0.322725	-0.399359
7.765	1.13238	6.86106	1.46606	0.324269	-0.400264
7.77	1.13185	6.86604	1.46444	0.325815	-0.401165
7.775	1.13131	6.87101	1.46281	0.327363	-0.402062
7.78	1.13077	6.87598	1.46118	0.328913	-0.402956
7.785	1.13021	6.88095	1.45953	0.330464	-0.403847
7.79	1.12965	6.88591	1.45788	0.332018	-0.404734
7.795	1.12908	6.89088	1.45622	0.333573	-0.405617
7.8	1.1285	6.89585	1.45455	0.335131	-0.406496
7.805	1.12791	6.90081	1.45288	0.33669	-0.407372
7.81	1.12731	6.90578	1.45119	0.338251	-0.408244
7.815	1.12671	6.91074	1.4495	0.339814	-0.409112
7.82	1.12609	6.9157	1.4478	0.341379	-0.409977
7.825	1.12547	6.92066	1.4461	0.342946	-0.410837
7.83	1.12484	6.92562	1.44438	0.344515	-0.411694
7.835	1.1242	6.93058	1.44266	0.346086	-0.412547
7.84	1.12356	6.93554	1.44093	0.347658	-0.413395
7.845	1.1229	6.9405	1.43919	0.349233	-0.41424
7.85	1.12223	6.94545	1.43744	0.350809	-0.415081
7.855	1.12156	6.95041	1.43569	0.352388	-0.415917
7.86	1.12088	6.95536	1.43393	0.353968	-0.41675
7.865	1.12019	6.96031	1.43216	0.35555	-0.417578
7.87	1.11949	6.96526	1.43038	0.357134	-0.418403
7.875	1.11878	6.97021	1.42859	0.35872	-0.419223
7.88	1.11806	6.97516	1.4268	0.360308	-0.420038
7.885	1.11734	6.98011	1.425	0.361897	-0.42085
7.89	1.1166	6.98505	1.42319	0.363489	-0.421657
7.895	1.11586	6.99	1.42137	0.365082	-0.42246
7.9	1.1151	6.99494	1.41955	0.366678	-0.423258
7.905	1.11434	6.99988	1.41771	0.368275	-0.424052
7.91	1.11357	7.00482	1.41587	0.369874	-0.424841
7.915	1.11279	7.00976	1.41402	0.371476	-0.425626
7.92	1.112	7.0147	1.41217	0.373079	-0.426406
7.925	1.1112	7.01963	1.4103	0.374684	-0.427182
7.93	1.11039	7.02457	1.40843	0.376291	-0.427953
7.935	1.10957	7.0295	1.40654	0.377899	-0.42872
7.94	1.10875	7.03443	1.40466	0.37951	-0.429481
7.945	1.10791	7.03936	1.40276	0.381123	-0.430238
7.95	1.10706	7.04429	1.40085	0.382737	-0.43099
7.955	1.10621	7.04922	1.39894	0.384354	-0.431738
7.96	1.10534	7.05414	1.39702	0.385972	-0.43248
7.965	1.10447	7.05906	1.39509	0.387593	-0.433218
7.97	1.10359	7.06399	1.39315	0.389215	-0.43395
7.975	1.10269	7.06891	1.3912	0.390839	-0.434678
7.98	1.10179	7.07382	1.38925	0.392465	-0.435401
7.985	1.10088	7.07874	1.38729	0.394093	-0.436118
7.99	1.09996	7.08365	1.38532	0.395723	-0.43683
7.995	1.09902	7.08857	1.38334	0.397355	-0.437538
8	1.09808	7.09348	1.38135	0.398989	-0.43824
8.005	1.09713	7.09838	1.37936	0.400625	-0.438936
8.01	1.09617	7.10329	1.37735	0.402263	-0.439628
8.015	1.0952	7.1082	1.37534	0.403903	-0.440314
8.02	1.09422	7.1131	1.37332	0.405544	-0.440995
8.025	1.09323	7.118	1.37129	0.407188	-0.44167
8.03	1.09223	7.1229	1.36926	0.408833	-0.44234
8.035	1.09122	7.1278	1.36721	0.410481	-0.443005
8.04	1.09019	7.13269	1.36516	0.41213	-0.443664
8.045	1.08916	7.13758	1.3631	0.413782	-0.444317
8.05	1.08812	7.14247	1.36103	0.415435	-0.444965
8.055	1.08707	7.14736	1.35895	0.417091	-0.445607
8.06	1.08601	7.15225	1.35687	0.418748	-0.446243
8.065	1.08494	7.15713	1.35478	0.420408	-0.446874
8.07	1.08386	7.16201	1.35267	0.422069	-0.447499
8.075	1.08276	7.16689	1.35056	0.423732	-0.448118
8.08	1.08166	7.17177	1.34844	0.425397	-0.448731
8.085	1.08055	7.17664	1.34632	0.427065	-0.449338
8.09	1.07942	7.18152	1.34418	0.428734	-0.44994
8.095	1.07829	7.18639	1.34204	0.430405	-0.450535
8.1	1.07715	7.19125	1.33989	0.432079	-0.451124
8.105	1.07599	7.19612	1.33773	0.433754	-0.451707
8.11	1.07483	7.20098	1.33556	0.435431	-0.452284
8.115	1.07365	7.20584	1.33338	0.437111	-0.452855
8.12	1.07246	7.2107	1.33119	0.438792	-0.45342
8.125	1.07127	7.21555	1.329	0.440475	-0.453978
8.13	1.07006	7.2204	1.3268	0.442161	-0.45453
8.135	1.06884	7.22525	1.32459	0.443848	-0.455076
8.14	1.06761	7.2301	1.32237	0.445538	-0.455615
8.145	1.06637	7.23494	1.32014	0.447229	-0.456147
8.15	1.06512	7.23978	1.3179	0.448923	-0.456674
8.155	1.06386	7.24462	1.31566	0.450619	-0.457193
8.16	1.06258	7.24946	1.31341	0.452316	-0.457707
8.165	1.0613	7.25429	1.31114	0.454016	-0.458213
8.17	1.06001	7.25912	1.30887	0.455718	-0.458713
8.175	1.0587	7.26395	1.3066	0.457422	-0.459206
8.18	1.05738	7.26877	1.30431	0.459128	-0.459692
8.185	1.05606	7.27359	1.30201	0.460836	-0.460172
8.19	1.05472	7.27841	1.29971	0.462546	-0.460644
8.195	1.05337	7.28322	1.2974	0.464258	-0.46111
8.2	1.05201	7.28803	1.29508	0.465973	-0.461569
8.205	1.05063	7.29284	1.29275	0.467689	-0.46202
8.21	1.04925	7.29764	1.29041	0.469408	-0.462465
8.215	1.04786	7.30245	1.28806	0.471129	-0.462903
8.22	1.04645	7.30724	1.2857	0.472851	-0.463333
8.225	1.04503	7.31204	1.28334	0.474576	-0.463756
8.23	1.0436	7.31683	1.28097	0.476304	-0.464172
8.235	1.04216	7.32162	1.27859	0.478033	-0.464581
8.24	1.04071	7.3264	1.2762	0.479764	-0.464982
8.245	1.03925	7.33118	1.2738	0.481498	-0.465376
8.25	1.03777	7.33596	1.27139	0.483234	-0.465763
8.255	1.03629	7.34074	1.26897	0.484972	-0.466142
8.26	1.03479	7.34551	1.26655	0.486712	-0.466513
8.265	1.03328	7.35027	1.26411	0.488454	-0.466877
8.27	1.03176	7.35504	1.26167	0.490199	-0.467233
8.275	1.03022	7.3598	1.25922	0.491945	-0.467582
8.28	1.02868	7.36455	1.25676	0.493694	-0.467923
8.285	1.02712	7.3693	1.25429	0.495446	-0.468256
8.29	1.02556	7.37405	1.25182	0.497199	-0.468581
8.295	1.02398	7.37879	1.24933	0.498955	-0.468898
8.3	1.02238	7.38353	1.24684	0.500713	-0.469208
8.305	1.02078	7.38827	1.24433	0.502473	-0.469509
8.31	1.01917	7.393	1.24182	0.504235	-0.469803
8.315	1.01754	7.39773	1.2393	0.506	-0.470088
8.32	1.0159	7.40245	1.23677	0.507767	-0.470365
8.325	1.01425	7.40717	1.23423	0.509536	-0.470634
8.33	1.01258	7.41189	1.23168	0.511308	-0.470895
8.335	1.01091	7.4166	1.22913	0.513082	-0.471148
8.34	1.00922	7.42131	1.22656	0.514858	-0.471392
8.345	1.00752	7.42601	1.22399	0.516636	-0.471628
8.35	1.00581	7.43071	1.2214	0.518417	-0.471855
8.355	1.00409	7.4354	1.21881	0.520201	-0.472074
8.36	1.00235	7.44009	1.21621	0.521986	-0.472285
8.365	1.0006	7.44477	1.2136	0.523774	-0.472487
8.37	0.998842	7.44945	1.21098	0.525565	-0.47268
8.375	0.99707	7.45413	1.20835	0.527358	-0.472865
8.38	0.995285	7.4588	1.20572	0.529153	-0.473041
8.385	0.993487	7.46346	1.20307	0.53095	-0.473208
8.39	0.991677	7.46813	1.20042	0.53275	-0.473366
8.395	0.989855	7.47278	1.19775	0.534553	-0.473516
8.4	0.98802	7.47743	1.19508	0.536358	-0.473656
8.405	0.986173	7.48208	1.1924	0.538165	-0.473788
8.41	0.984313	7.48672	1.18971	0.539975	-0.47391
8.415	0.982441	7.49136	1.18701	0.541788	-0.474024
8.42	0.980557	7.49599	1.1843	0.543602	-0.474128
8.425	0.978659	7.50061	1.18158	0.54542	-0.474223
8.43	0.976749	7.50523	1.17885	0.54724	-0.474309
8.435	0.974827	7.50985	1.17612	0.549062	-0.474386
8.44	0.972892	7.51446	1.17337	0.550887	-0.474453
8.445	0.970944	7.51907	1.17062	0.552715	-0.474511
8.45	0.968983	7.52367	1.16785	0.554545	-0.47456
8.455	0.96701	7.52826	1.16508	0.556378	-0.474599
8.46	0.965023	7.53285	1.1623	0.558213	-0.474629
8.465	0.963024	7.53743	1.15951	0.560051	-0.474649
8.47	0.961013	7.54201	1.15671	0.561892	-0.474659
8.475	0.958988	7.54658	1.1539	0.563735	-0.47466
8.48	0.95695	7.55115	1.15108	0.565581	-0.474651
8.485	0.9549	7.55571	1.14825	0.56743	-0.474632
8.49	0.952837	7.56026	1.14541	0.569281	-0.474603
8.495	0.95076	7.56481	1.14257	0.571135	-0.474564
8.5	0.948671	7.56935	1.13971	0.572992	-0.474516
8.505	0.946569	7.57389	1.13685	0.574852	-0.474458
8.51	0.944454	7.57842	1.13397	0.576714	-0.474389
8.515	0.942325	7.58294	1.13109	0.578579	-0.47431
8.52	0.940184	7.58746	1.1282	0.580447	-0.474222
8.525	0.938029	7.59197	1.12529	0.582318	-0.474123
8.53	0.935861	7.59648	1.12238	0.584191	-0.474014
8.535	0.933681	7.60098	1.11946	0.586068	-0.473894
8.54	0.931487	7.60547	1.11653	0.587947	-0.473764
8.545	0.929279	7.60996	1.11359	0.589829	-0.473624
8.55	0.927059	7.61444	1.11064	0.591714	-0.473473
8.555	0.924825	7.61891	1.10768	0.593602	-0.473312
8.56	0.922578	7.62338	1.10472	0.595493	-0.473141
8.565	0.920318	7.62784	1.10174	0.597387	-0.472958
8.57	0.918045	7.63229	1.09875	0.599284	-0.472766
8.575	0.915758	7.63674	1.09575	0.601184	-0.472562
8.58	0.913458	7.64118	1.09275	0.603087	-0.472348
8.585	0.911144	7.64561	1.08973	0.604993	-0.472122
8.59	0.908817	7.65003	1.08671	0.606902	-0.471887
8.595	0.906476	7.65445	1.08367	0.608814	-0.47164
8.6	0.904123	7.65886	1.08063	0.61073	-0.471382
8.605	0.901755	7.66327	1.07758	0.612648	-0.471113
8.61	0.899375	7.66767	1.07451	0.61457	-0.470833
8.615	0.89698	7.67205	1.07144	0.616495	-0.470542
8.62	0.894572	7.67644	1.06836	0.618423	-0.47024
8.625	0.892151	7.68081	1.06527	0.620354	-0.469927
8.63	0.889716	7.68518	1.06216	0.622288	-0.469602
8.635	0.887268	7.68954	1.05905	0.624226	-0.469267
8.64	0.884806	7.69389	1.05593	0.626167	-0.468919
8.645	0.88233	7.69823	1.0528	0.628112	-0.468561
8.65	0.87984	7.70257	1.04966	0.63006	-0.468191
8.655	0.877338	7.7069	1.04651	0.632011	-0.467809
8.66	0.874821	7.71122	1.04335	0.633965	-0.467416
8.665	0.872291	7.71553	1.04018	0.635924	-0.467012
8.67	0.869747	7.71984	1.037	0.637885	-0.466596
8.675	0.867189	7.72413	1.03381	0.63985	-0.466168
8.68	0.864617	7.72842	1.03061	0.641819	-0.465728
8.685	0.862032	7.7327	1.0274	0.643791	-0.465277
8.69	0.859433	7.73697	1.02418	0.645767	-0.464814
8.695	0.85682	7.74123	1.02095	0.647746	-0.464338
8.7	0.854194	7.74549	1.01772	0.649729	-0.463851
8.705	0.851553	7.74973	1.01447	0.651716	-0.463352
8.71	0.848899	7.75397	1.01121	0.653706	-0.462841
8.715	0.846231	7.7582	1.00794	0.655701	-0.462318
8.72	0.843549	7.76242	1.00466	0.657698	-0.461783
8.725	0.840854	7.76663	1.00137	0.6597	-0.461236
8.73	0.838144	7.77083	0.998075	0.661706	-0.460676
8.735	0.83542	7.77503	0.994766	0.663715	-0.460104
8.74	0.832683	7.77921	0.991448	0.665729	-0.45952
8.745	0.829932	7.78339	0.988119	0.667746	-0.458924
8.75	0.827166	7.78755	0.98478	0.669768	-0.458315
8.755	0.824387	7.79171	0.981431	0.671793	-0.457694
8.76	0.821594	7.79586	0.978072	0.673823	-0.45706
8.765	0.818787	7.79999	0.974703	0.675856	-0.456414
8.77	0.815966	7.80412	0.971324	0.677894	-0.455755
8.775	0.813131	7.80824	0.967935	0.679936	-0.455083
8.78	0.810282	7.81235	0.964535	0.681982	-0.454399
8.785	0.807419	7.81645	0.961125	0.684033	-0.453702
8.79	0.804542	7.82054	0.957705	0.686087	-0.452993
8.795	0.801651	7.82462	0.954274	0.688147	-0.45227
8.8	0.798746	7.82869	0.950834	0.69021	-0.451535
8.805	0.795827	7.83275	0.947383	0.692278	-0.450787
8.81	0.792894	7.83679	0.943921	0.694351	-0.450026
8.815	0.789947	7.84083	0.940449	0.696428	-0.449252
8.82	0.786986	7.84486	0.936967	0.698509	-0.448464
8.825	0.78401	7.84888	0.933475	0.700596	-0.447664
8.83	0.781021	7.85289	0.929972	0.702687	-0.446851
8.835	0.778018	7.85689	0.926458	0.704782	-0.446025
8.84	0.775	7.86087	0.922934	0.706883	-0.445185
8.845	0.771969	7.86485	0.9194	0.708988	-0.444332
8.85	0.768923	7.86881	0.915855	0.711098	-0.443466
8.855	0.765864	7.87277	0.9123	0.713214	-0.442587
8.86	0.76279	7.87671	0.908733	0.715334	-0.441694
8.865	0.759702	7.88064	0.905157	0.717459	-0.440788
8.87	0.7566	7.88457	0.901569	0.71959	-0.439868
8.875	0.753484	7.88848	0.897972	0.721725	-0.438935
8.88	0.750354	7.89238	0.894363	0.723866	-0.437989
8.885	0.74721	7.89626	0.890744	0.726012	-0.437029
8.89	0.744052	7.90014	0.887114	0.728163	-0.436055
8.895	0.740879	7.904	0.883473	0.73032	-0.435067
8.9	0.737693	7.90786	0.879821	0.732483	-0.434066
8.905	0.734492	7.9117	0.876159	0.73465	-0.433052
8.91	0.731278	7.91553	0.872485	0.736824	-0.432023
8.915	0.728049	7.91935	0.868801	0.739003	-0.430981
8.92	0.724806	7.92315	0.865106	0.741188	-0.429925
8.925	0.721549	7.92695	0.8614	0.743379	-0.428854
8.93	0.718278	7.93073	0.857683	0.745576	-0.427771
8.935	0.714993	7.9345	0.853956	0.747778	-0.426673
8.94	0.711694	7.93825	0.850217	0.749987	-0.425561
8.945	0.708381	7.942	0.846467	0.752202	-0.424435
8.95	0.705054	7.94573	0.842706	0.754423	-0.423295
8.955	0.701712	7.94945	0.838934	0.75665	-0.422141
8.96	0.698357	7.95316	0.83515	0.758884	-0.420973
8.965	0.694988	7.95685	0.831356	0.761124	-0.41979
8.97	0.691604	7.96053	0.82755	0.763371	-0.418594
8.975	0.688207	7.9642	0.823734	0.765624	-0.417383
8.98	0.684795	7.96786	0.819905	0.767884	-0.416158
8.985	0.68137	7.9715	0.816066	0.770151	-0.414919
8.99	0.677931	7.97513	0.812215	0.772425	-0.413665
8.995	0.674477	7.97874	0.808353	0.774705	-0.412397
9	0.67101	7.98235	0.80448	0.776993	-0.411115
9.005	0.667528	7.98593	0.800595	0.779288	-0.409818
9.01	0.664033	7.98951	0.796698	0.781591	-0.408507
9.015	0.660524	7.99307	0.79279	0.7839	-0.407181
9.02	0.657	7.99662	0.788871	0.786217	-0.40584
9.025	0.653463	8.00015	0.78494	0.788542	-0.404486
9.03	0.649912	8.00367	0.780997	0.790875	-0.403116
9.035	0.646347	8.00718	0.777043	0.793215	-0.401732
9.04	0.642768	8.01067	0.773076	0.795563	-0.400333
9.045	0.639176	8.01415	0.769099	0.79792	-0.39892
9.05	0.635569	8.01761	0.765109	0.800284	-0.397492
9.055	0.631949	8.02106	0.761108	0.802657	-0.396049
9.06	0.628315	8.02449	0.757094	0.805038	-0.394591
9.065	0.624667	8.02791	0.753069	0.807428	-0.393118
9.07	0.621005	8.03132	0.749032	0.809826	-0.391631
9.075	0.617329	8.03471	0.744983	0.812234	-0.390129
9.08	0.61364	8.03808	0.740922	0.81465	-0.388612
9.085	0.609937	8.04144	0.736848	0.817076	-0.38708
9.09	0.606221	8.04479	0.732763	0.81951	-0.385533
9.095	0.60249	8.04812	0.728666	0.821954	-0.383971
9.1	0.598746	8.05143	0.724556	0.824408	-0.382394
9.105	0.594989	8.05473	0.720434	0.826871	-0.380802
9.11	0.591218	8.05801	0.716299	0.829345	-0.379195
9.115	0.587433	8.06128	0.712153	0.831828	-0.377573
9.12	0.583634	8.06453	0.707994	0.834321	-0.375935
9.125	0.579822	8.06777	0.703822	0.836825	-0.374283
9.13	0.575997	8.07099	0.699638	0.83934	-0.372616
9.135	0.572158	8.07419	0.695441	0.841865	-0.370933
9.14	0.568306	8.07738	0.691232	0.844401	-0.369235
9.145	0.56444	8.08055	0.68701	0.846948	-0.367522
9.15	0.560561	8.0837	0.682775	0.849507	-0.365793
9.155	0.556669	8.08684	0.678527	0.852077	-0.36405
9.16	0.552763	8.08996	0.674267	0.854659	-0.362291
9.165	0.548844	8.09307	0.669994	0.857252	-0.360517
9.17	0.544911	8.09616	0.665707	0.859858	-0.358727
9.175	0.540966	8.09923	0.661408	0.862476	-0.356922
9.18	0.537007	8.10228	0.657096	0.865107	-0.355101
9.185	0.533035	8.10532	0.65277	0.867751	-0.353266
9.19	0.52905	8.10834	0.648432	0.870408	-0.351414
9.195	0.525051	8.11134	0.64408	0.873078	-0.349547
9.2	0.52104	8.11432	0.639714	0.875762	-0.347665
9.205	0.517016	8.11729	0.635335	0.878459	-0.345767
9.21	0.512978	8.12024	0.630943	0.881171	-0.343854
9.215	0.508928	8.12317	0.626537	0.883897	-0.341925
9.22	0.504865	8.12608	0.622118	0.886638	-0.339981
9.225	0.500789	8.12898	0.617684	0.889394	-0.338021
9.23	0.4967	8.13186	0.613238	0.892165	-0.336045
9.235	0.492598	8.13472	0.608777	0.894951	-0.334054
9.24	0.488483	8.13756	0.604302	0.897754	-0.332047
9.245	0.484356	8.14038	0.599813	0.900573	-0.330024
9.25	0.480216	8.14318	0.59531	0.903408	-0.327986
9.255	0.476064	8.14597	0.590793	0.906261	-0.325931
9.26	0.471899	8.14874	0.586262	0.909131	-0.323861
9.265	0.467721	8.15148	0.581716	0.912018	-0.321776
9.27	0.463531	8.15421	0.577156	0.914924	-0.319674
9.275	0.459329	8.15692	0.572582	0.917848	-0.317557
9.28	0.455114	8.15961	0.567992	0.920791	-0.315424
9.285	0.450886	8.16228	0.563388	0.923753	-0.313275
9.29	0.446647	8.16493	0.55877	0.926735	-0.31111
9.295	0.442395	8.16756	0.554136	0.929738	-0.308929
9.3	0.438131	8.17017	0.549487	0.932761	-0.306732
9.305	0.433855	8.17276	0.544823	0.935805	-0.304519
9.31	0.429567	8.17533	0.540144	0.938871	-0.302291
9.315	0.425267	8.17789	0.53545	0.941959	-0.300046
9.32	0.420954	8.18042	0.53074	0.94507	-0.297785
9.325	0.41663	8.18293	0.526015	0.948204	-0.295508
9.33	0.412294	8.18542	0.521274	0.951362	-0.293215
9.335	0.407947	8.18789	0.516517	0.954545	-0.290906
9.34	0.403587	8.19033	0.511744	0.957753	-0.288581
9.345	0.399216	8.19276	0.506956	0.960986	-0.286239
9.35	0.394833	8.19517	0.502151	0.964246	-0.283882
9.355	0.390439	8.19755	0.497329	0.967534	-0.281508
9.36	0.386033	8.19992	0.492492	0.970849	-0.279118
9.365	0.381616	8.20226	0.487638	0.974192	-0.276711
9.37	0.377187	8.20458	0.482767	0.977565	-0.274289
9.375	0.372748	8.20688	0.477879	0.980968	-0.27185
9.38	0.368297	8.20916	0.472974	0.984403	-0.269394
9.385	0.363834	8.21141	0.468052	0.987869	-0.266922
9.39	0.359361	8.21365	0.463113	0.991368	-0.264434
9.395	0.354877	8.21586	0.458156	0.994901	-0.261929
9.4	0.350381	8.21805	0.453181	0.998469	-0.259407
9.405	0.345875	8.22021	0.448189	1.00207	-0.256869
9.41	0.341358	8.22236	0.443179	1.00571	-0.254314
9.415	0.33683	8.22448	0.43815	1.00939	-0.251743
9.42	0.332292	8.22658	0.433103	1.01311	-0.249155
9.425	0.327743	8.22865	0.428037	1.01687	-0.24655
9.43	0.323184	8.2307	0.422953	1.02067	-0.243928
9.435	0.318614	8.23273	0.41785	1.02451	-0.24129
9.44	0.314034	8.23474	0.412727	1.0284	-0.238634
9.445	0.309444	8.23672	0.407585	1.03233	-0.235962
9.45	0.304843	8.23868	0.402424	1.03631	-0.233272
9.455	0.300232	8.24061	0.397242	1.04035	-0.230566
9.46	0.295612	8.24252	0.39204	1.04443	-0.227842
9.465	0.290981	8.24441	0.386818	1.04856	-0.225101
9.47	0.286341	8.24627	0.381575	1.05275	-0.222343
9.475	0.28169	8.24811	0.376312	1.057	-0.219567
9.48	0.277031	8.24992	0.371027	1.0613	-0.216774
9.485	0.272361	8.25171	0.36572	1.06567	-0.213963
9.49	0.267683	8.25347	0.360392	1.0701	-0.211135
9.495	0.262994	8.25521	0.355041	1.07459	-0.208289
9.5	0.258297	8.25692	0.349668	1.07916	-0.205425
9.505	0.25359	8.25861	0.344272	1.08379	-0.202544
9.51	0.248875	8.26027	0.338853	1.0885	-0.199644
9.515	0.24415	8.26191	0.333411	1.09329	-0.196726
9.52	0.239416	8.26352	0.327944	1.09816	-0.19379
9.525	0.234674	8.26511	0.322454	1.10311	-0.190836
9.53	0.229923	8.26666	0.316938	1.10816	-0.187863
9.535	0.225164	8.2682	0.311397	1.11329	-0.184872
9.54	0.220396	8.2697	0.305831	1.11852	-0.181862
9.545	0.215619	8.27118	0.300238	1.12386	-0.178833
9.55	0.210835	8.27263	0.294619	1.1293	-0.175785
9.555	0.206042	8.27406	0.288972	1.13485	-0.172718
9.56	0.201241	8.27546	0.283298	1.14052	-0.169632
9.565	0.196433	8.27683	0.277596	1.14631	-0.166527
9.57	0.191616	8.27817	0.271864	1.15224	-0.163401
9.575	0.186792	8.27948	0.266103	1.1583	-0.160256
9.58	0.181961	8.28077	0.260311	1.16451	-0.157091
9.585	0.177122	8.28203	0.254489	1.17088	-0.153906
9.59	0.172276	8.28326	0.248634	1.17741	-0.1507
9.595	0.167422	8.28446	0.242747	1.18411	-0.147474
9.6	0.162562	8.28563	0.236827	1.19101	-0.144226
9.605	0.157695	8.28678	0.230872	1.1981	-0.140958
9.61	0.15282	8.28789	0.224881	1.2054	-0.137669
9.615	0.14794	8.28898	0.218854	1.21294	-0.134358
9.62	0.143052	8.29003	0.21279	1.22072	-0.131026
9.625	0.138159	8.29106	0.206686	1.22876	-0.127671
9.63	0.133259	8.29206	0.200542	1.23709	-0.124295
9.635	0.128353	8.29302	0.194357	1.24573	-0.120896
9.64	0.123441	8.29396	0.188128	1.25471	-0.117475
9.645	0.118524	8.29486	0.181854	1.26406	-0.114031
9.65	0.113601	8.29574	0.175534	1.27382	-0.110564
9.655	0.108672	8.29658	0.169165	1.28402	-0.107074
9.66	0.103738	8.29739	0.162745	1.29472	-0.103562
9.665	0.0987991	8.29817	0.156271	1.30597	-0.100027
9.67	0.093855	8.29891	0.149742	1.31784	-0.0964704
9.675	0.0889062	8.29962	0.143152	1.33041	-0.0928917
9.68	0.0839527	8.3003	0.1365	1.34377	-0.0892922
9.685	0.0789947	8.30095	0.129781	1.35806	-0.085673
9.69	0.0740325	8.30157	0.122991	1.3734	-0.0820363
9.695	0.0690662	8.30214	0.116124	1.39	-0.0783847
9.7	0.0640959	8.30269	0.109174	1.40809	-0.0747222
9.705	0.059122	8.3032	0.102134	1.428	-0.0710548
9.71	0.0541445	8.30367	0.0949937	1.45015	-0.0673912
9.715	0.0491638	8.30411	0.0877429	1.47516	-0.0637445
9.72	0.0441799	8.30451	0.0803671	1.5039	-0.0601348
9.725	0.0391932	8.30488	0.0728476	1.53772	-0.0565938
9.73	0.0342038	8.3052	0.065159	1.57877	-0.0531739
9.735	0.029212	8.30549	0.0572652	1.63075	-0.0499657
9.74	0.024218	8.30573	0.0491114	1.70069	-0.0471383
9.745	0.0192221	8.30594	0.040608	1.80351	-0.0450403
9.75	0.0142246	8.30609	0.0315904	1.977	-0.0445091
9.755	0.00922581	8.3062	0.0217054	2.34531	-0.0481505
9.76	0.00422605	8.30625	0.00997887	3.55795	-0.0701576
9.765	-0.000773793	8.30621	-0.00781089	16.6168	-0.719083
