descriptor s_test R_test Z_test
0	1.66	9.99999e-06	0.002	-0.40203	-0.00161645
0.005	1.655	3.00507e-05	0.00401015	-0.404063	-0.00324937
0.01	1.65	6.02028e-05	0.00603047	-0.4061	-0.00489879
0.015	1.645	0.000100507	0.00806097	-0.40814	-0.0065647
0.02	1.64	0.000151015	0.0101017	-0.410184	-0.00824715
0.025	1.635	0.000211776	0.0121526	-0.412232	-0.00994614
0.03	1.63	0.000282843	0.0142138	-0.414283	-0.0116617
0.035	1.625	0.000364265	0.0162852	-0.416338	-0.0133938
0.04	1.62	0.000456094	0.0183669	-0.418397	-0.0151425
0.045	1.61501	0.000558381	0.0204588	-0.42046	-0.0169079
0.05	1.61001	0.000671177	0.0225611	-0.422527	-0.0186899
0.055	1.60501	0.000794534	0.0246738	-0.424599	-0.0204885
0.06	1.60001	0.000928501	0.0267968	-0.426674	-0.0223038
0.065	1.59501	0.00107313	0.0289302	-0.428754	-0.0241357
0.07	1.59001	0.00122848	0.0310739	-0.430839	-0.0259844
0.075	1.58502	0.00139459	0.0332281	-0.432928	-0.0278498
0.08	1.58002	0.00157151	0.0353928	-0.435022	-0.0297319
0.085	1.57502	0.00175931	0.0375679	-0.43712	-0.0316308
0.09	1.57003	0.00195802	0.0397535	-0.439223	-0.0335464
0.095	1.56503	0.00216771	0.0419496	-0.441331	-0.0354789
0.1	1.56004	0.00238842	0.0441562	-0.443444	-0.0374281
0.105	1.55504	0.0026202	0.0463735	-0.445563	-0.0393941
0.11	1.55005	0.00286311	0.0486013	-0.447686	-0.041377
0.115	1.54505	0.0031172	0.0508397	-0.449815	-0.0433767
0.12	1.54006	0.00338252	0.0530888	-0.451949	-0.0453932
0.125	1.53507	0.00365912	0.0553485	-0.454089	-0.0474267
0.13	1.53008	0.00394706	0.057619	-0.456235	-0.049477
0.135	1.52509	0.00424638	0.0599001	-0.458386	-0.0515442
0.14	1.5201	0.00455714	0.0621921	-0.460543	-0.0536284
0.145	1.51511	0.00487939	0.0644948	-0.462706	-0.0557295
0.15	1.51012	0.00521318	0.0668083	-0.464875	-0.0578475
0.155	1.50513	0.00555857	0.0691327	-0.46705	-0.0599825
0.16	1.50014	0.00591561	0.0714679	-0.469231	-0.0621345
0.165	1.49516	0.00628434	0.0738141	-0.471419	-0.0643034
0.17	1.49017	0.00666483	0.0761712	-0.473614	-0.0664894
0.175	1.48519	0.00705712	0.0785393	-0.475815	-0.0686924
0.18	1.4802	0.00746127	0.0809183	-0.478022	-0.0709124
0.185	1.47522	0.00787733	0.0833084	-0.480237	-0.0731495
0.19	1.47024	0.00830536	0.0857096	-0.482459	-0.0754036
0.195	1.46526	0.0087454	0.0881219	-0.484687	-0.0776748
0.2	1.46028	0.00919751	0.0905454	-0.486923	-0.0799631
0.205	1.4553	0.00966174	0.09298	-0.489166	-0.0822685
0.21	1.45032	0.0101381	0.0954258	-0.491417	-0.084591
0.215	1.44535	0.0106268	0.0978829	-0.493675	-0.0869306
0.22	1.44037	0.0111277	0.100351	-0.495941	-0.0892874
0.225	1.4354	0.0116409	0.102831	-0.498215	-0.0916613
0.23	1.43043	0.0121666	0.105322	-0.500497	-0.0940524
0.235	1.42545	0.0127047	0.107825	-0.502787	-0.0964606
0.24	1.42049	0.0132552	0.110338	-0.505085	-0.0988861
0.245	1.41552	0.0138184	0.112864	-0.507392	-0.101329
0.25	1.41055	0.0143941	0.115401	-0.509707	-0.103789
0.255	1.40558	0.0149825	0.117949	-0.512031	-0.106266
0.26	1.40062	0.0155835	0.12051	-0.514363	-0.10876
0.265	1.39566	0.0161974	0.123081	-0.516704	-0.111271
0.27	1.3907	0.0168241	0.125665	-0.519055	-0.1138
0.275	1.38574	0.0174636	0.12826	-0.521415	-0.116346
0.28	1.38078	0.0181161	0.130867	-0.523784	-0.11891
0.285	1.37583	0.0187815	0.133486	-0.526162	-0.12149
0.29	1.37087	0.01946	0.136117	-0.528551	-0.124088
0.295	1.36592	0.0201516	0.13876	-0.530949	-0.126704
0.3	1.36097	0.0208563	0.141414	-0.533357	-0.129336
0.305	1.35602	0.0215742	0.144081	-0.535775	-0.131986
0.31	1.35108	0.0223054	0.14676	-0.538203	-0.134653
0.315	1.34613	0.0230499	0.149451	-0.540642	-0.137338
0.32	1.34119	0.0238077	0.152154	-0.543091	-0.14004
0.325	1.33625	0.024579	0.15487	-0.545551	-0.142759
0.33	1.33131	0.0253637	0.157598	-0.548022	-0.145496
0.335	1.32638	0.026162	0.160338	-0.550504	-0.14825
0.34	1.32144	0.0269738	0.16309	-0.552998	-0.151021
0.345	1.31651	0.0277993	0.165855	-0.555502	-0.15381
0.35	1.31158	0.0286385	0.168633	-0.558019	-0.156616
0.355	1.30666	0.0294914	0.171423	-0.560547	-0.15944
0.36	1.30173	0.0303581	0.174226	-0.563087	-0.162281
0.365	1.29681	0.0312387	0.177041	-0.565639	-0.16514
0.37	1.29189	0.0321332	0.179869	-0.568203	-0.168016
0.375	1.28697	0.0330417	0.18271	-0.57078	-0.170909
0.38	1.28206	0.0339642	0.185564	-0.573369	-0.17382
0.385	1.27715	0.0349008	0.188431	-0.575971	-0.176748
0.39	1.27224	0.0358515	0.191311	-0.578587	-0.179694
0.395	1.26733	0.0368164	0.194204	-0.581215	-0.182657
0.4	1.26243	0.0377956	0.19711	-0.583857	-0.185638
0.405	1.25753	0.0387891	0.200029	-0.586512	-0.188636
0.41	1.25263	0.0397969	0.202962	-0.589181	-0.191652
0.415	1.24774	0.0408192	0.205908	-0.591865	-0.194685
0.42	1.24285	0.041856	0.208867	-0.594562	-0.197736
0.425	1.23796	0.0429073	0.21184	-0.597274	-0.200804
0.43	1.23307	0.0439732	0.214826	-0.6	-0.203889
0.435	1.22819	0.0450537	0.217826	-0.602741	-0.206992
0.44	1.22331	0.046149	0.22084	-0.605497	-0.210113
0.445	1.21844	0.047259	0.223867	-0.608268	-0.213251
0.45	1.21357	0.0483838	0.226909	-0.611055	-0.216407
0.455	1.2087	0.0495235	0.229964	-0.613857	-0.21958
0.46	1.20383	0.0506782	0.233033	-0.616675	-0.222771
0.465	1.19897	0.0518478	0.236116	-0.619509	-0.225979
0.47	1.19411	0.0530325	0.239214	-0.62236	-0.229204
0.475	1.18926	0.0542323	0.242326	-0.625226	-0.232447
0.48	1.18441	0.0554473	0.245452	-0.62811	-0.235708
0.485	1.17956	0.0566775	0.248593	-0.631011	-0.238986
0.49	1.17472	0.057923	0.251748	-0.633928	-0.242282
0.495	1.16988	0.0591838	0.254917	-0.636864	-0.245595
0.5	1.16505	0.06046	0.258102	-0.639816	-0.248925
0.505	1.16022	0.0617517	0.261301	-0.642787	-0.252273
0.51	1.15539	0.0630589	0.264515	-0.645776	-0.255639
0.515	1.15057	0.0643817	0.267743	-0.648783	-0.259022
0.52	1.14575	0.0657201	0.270987	-0.651809	-0.262422
0.525	1.14094	0.0670742	0.274246	-0.654854	-0.26584
0.53	1.13613	0.0684441	0.277521	-0.657918	-0.269275
0.535	1.13133	0.0698297	0.28081	-0.661001	-0.272728
0.54	1.12653	0.0712313	0.284115	-0.664104	-0.276198
0.545	1.12173	0.0726487	0.287436	-0.667226	-0.279686
0.55	1.11694	0.0740822	0.290772	-0.670369	-0.283191
0.555	1.11216	0.0755317	0.294124	-0.673532	-0.286713
0.56	1.10738	0.0769973	0.297491	-0.676716	-0.290253
0.565	1.1026	0.0784791	0.300875	-0.679921	-0.29381
0.57	1.09783	0.0799771	0.304275	-0.683147	-0.297384
0.575	1.09306	0.0814914	0.30769	-0.686394	-0.300975
0.58	1.0883	0.083022	0.311122	-0.689664	-0.304584
0.585	1.08355	0.0845691	0.314571	-0.692955	-0.30821
0.59	1.0788	0.0861326	0.318035	-0.696268	-0.311854
0.595	1.07406	0.0877126	0.321517	-0.699604	-0.315514
0.6	1.06932	0.0893092	0.325015	-0.702963	-0.319192
0.605	1.06459	0.0909225	0.32853	-0.706345	-0.322887
0.61	1.05986	0.0925525	0.332061	-0.709751	-0.326599
0.615	1.05514	0.0941992	0.33561	-0.71318	-0.330328
0.62	1.05042	0.0958627	0.339176	-0.716633	-0.334075
0.625	1.04571	0.0975432	0.342759	-0.72011	-0.337838
0.63	1.04101	0.0992405	0.34636	-0.723612	-0.341618
0.635	1.03631	0.100955	0.349978	-0.727139	-0.345415
0.64	1.03162	0.102686	0.353613	-0.730691	-0.34923
0.645	1.02694	0.104435	0.357267	-0.734269	-0.353061
0.65	1.02226	0.106201	0.360938	-0.737872	-0.356908
0.655	1.01759	0.107984	0.364628	-0.741502	-0.360773
0.66	1.01293	0.109784	0.368335	-0.745158	-0.364655
0.665	1.00827	0.111602	0.372061	-0.74884	-0.368553
0.67	1.00362	0.113437	0.375805	-0.75255	-0.372468
0.675	0.998972	0.115289	0.379568	-0.756287	-0.376399
0.68	0.994335	0.11716	0.383349	-0.760051	-0.380347
0.685	0.989705	0.119047	0.38715	-0.763843	-0.384311
0.69	0.985083	0.120953	0.390969	-0.767664	-0.388292
0.695	0.980467	0.122876	0.394807	-0.771513	-0.392289
0.7	0.975859	0.124817	0.398665	-0.775391	-0.396303
0.705	0.971259	0.126776	0.402542	-0.779299	-0.400333
0.71	0.966666	0.128752	0.406438	-0.783236	-0.404378
0.715	0.962082	0.130747	0.410354	-0.787202	-0.40844
0.72	0.957505	0.13276	0.41429	-0.791199	-0.412518
0.725	0.952936	0.13479	0.418246	-0.795226	-0.416612
0.73	0.948375	0.136839	0.422222	-0.799284	-0.420722
0.735	0.943822	0.138907	0.426219	-0.803373	-0.424847
0.74	0.939278	0.140992	0.430236	-0.807494	-0.428988
0.745	0.934742	0.143096	0.434273	-0.811646	-0.433145
0.75	0.930214	0.145218	0.438331	-0.81583	-0.437317
0.755	0.925696	0.147358	0.442411	-0.820047	-0.441504
0.76	0.921186	0.149518	0.446511	-0.824296	-0.445707
0.765	0.916685	0.151695	0.450632	-0.828579	-0.449924
0.77	0.912193	0.153892	0.454775	-0.832894	-0.454157
0.775	0.907711	0.156107	0.45894	-0.837243	-0.458405
0.78	0.903237	0.15834	0.463126	-0.841627	-0.462667
0.785	0.898774	0.160593	0.467334	-0.846044	-0.466944
0.79	0.894319	0.162864	0.471564	-0.850496	-0.471235
0.795	0.889875	0.165155	0.475817	-0.854982	-0.475541
0.8	0.88544	0.167464	0.480092	-0.859504	-0.479861
0.805	0.881015	0.169792	0.484389	-0.864061	-0.484195
0.81	0.8766	0.17214	0.488709	-0.868654	-0.488543
0.815	0.872196	0.174506	0.493053	-0.873283	-0.492904
0.82	0.867802	0.176892	0.497419	-0.877948	-0.497279
0.825	0.863418	0.179297	0.501809	-0.882649	-0.501668
0.83	0.859045	0.181721	0.506222	-0.887387	-0.506069
0.835	0.854683	0.184165	0.510659	-0.892163	-0.510484
0.84	0.850332	0.186628	0.51512	-0.896975	-0.514911
0.845	0.845992	0.189111	0.519605	-0.901825	-0.519351
0.85	0.841663	0.191613	0.524114	-0.906713	-0.523804
0.855	0.837346	0.194135	0.528647	-0.911639	-0.528268
0.86	0.83304	0.196677	0.533206	-0.916604	-0.532745
0.865	0.828746	0.199238	0.537789	-0.921606	-0.537233
0.87	0.824463	0.201819	0.542397	-0.926648	-0.541732
0.875	0.820193	0.20442	0.54703	-0.931728	-0.546243
0.88	0.815935	0.20704	0.551689	-0.936847	-0.550765
0.885	0.811689	0.209681	0.556373	-0.942005	-0.555297
0.89	0.807455	0.212341	0.561083	-0.947203	-0.55984
0.895	0.803235	0.215022	0.565819	-0.952441	-0.564393
0.9	0.799027	0.217722	0.570581	-0.957718	-0.568956
0.905	0.794832	0.220443	0.57537	-0.963034	-0.573528
0.91	0.79065	0.223184	0.580185	-0.968391	-0.578109
0.915	0.786481	0.225945	0.585027	-0.973788	-0.582699
0.92	0.782326	0.228726	0.589896	-0.979224	-0.587298
0.925	0.778185	0.231528	0.594792	-0.984701	-0.591905
0.93	0.774058	0.23435	0.599715	-0.990218	-0.59652
0.935	0.769944	0.237193	0.604666	-0.995775	-0.601142
0.94	0.765845	0.240056	0.609645	-1.00137	-0.605771
0.945	0.76176	0.242939	0.614652	-1.00701	-0.610407
0.95	0.75769	0.245843	0.619687	-1.01269	-0.615049
0.955	0.753634	0.248767	0.624751	-1.01841	-0.619697
0.96	0.749594	0.251712	0.629843	-1.02416	-0.62435
0.965	0.745568	0.254678	0.634964	-1.02996	-0.629008
0.97	0.741558	0.257665	0.640113	-1.0358	-0.633671
0.975	0.737563	0.260672	0.645292	-1.04167	-0.638337
0.98	0.733584	0.2637	0.650501	-1.04759	-0.643007
0.985	0.729621	0.266748	0.655739	-1.05355	-0.647681
0.99	0.725675	0.269818	0.661006	-1.05954	-0.652356
0.995	0.721744	0.272908	0.666304	-1.06557	-0.657033
1	0.71783	0.27602	0.671632	-1.07164	-0.661712
1.005	0.713933	0.279152	0.67699	-1.07775	-0.666392
1.01	0.710052	0.282305	0.682379	-1.0839	-0.671072
1.015	0.706189	0.285479	0.687798	-1.09008	-0.675751
1.02	0.702343	0.288675	0.693249	-1.0963	-0.680429
1.025	0.698515	0.291891	0.69873	-1.10256	-0.685106
1.03	0.694704	0.295128	0.704243	-1.10885	-0.68978
1.035	0.690912	0.298386	0.709787	-1.11517	-0.694451
1.04	0.687138	0.301666	0.715363	-1.12153	-0.699119
1.045	0.683382	0.304966	0.720971	-1.12793	-0.703782
1.05	0.679645	0.308288	0.72661	-1.13435	-0.70844
1.055	0.675926	0.311631	0.732282	-1.14081	-0.713092
1.06	0.672227	0.314995	0.737986	-1.1473	-0.717738
1.065	0.668547	0.31838	0.743723	-1.15382	-0.722375
1.07	0.664887	0.321786	0.749492	-1.16037	-0.727005
1.075	0.661247	0.325214	0.755294	-1.16695	-0.731625
1.08	0.657627	0.328663	0.761129	-1.17356	-0.736236
1.085	0.654027	0.332133	0.766996	-1.18019	-0.740835
1.09	0.650447	0.335624	0.772897	-1.18684	-0.745423
1.095	0.646888	0.339136	0.778832	-1.19352	-0.749998
1.1	0.643351	0.342669	0.784799	-1.20023	-0.754559
1.105	0.639834	0.346224	0.7908	-1.20695	-0.759105
1.11	0.63634	0.3498	0.796835	-1.21369	-0.763636
1.115	0.632867	0.353396	0.802903	-1.22045	-0.76815
1.12	0.629415	0.357014	0.809006	-1.22723	-0.772646
1.125	0.625987	0.360654	0.815142	-1.23402	-0.777124
1.13	0.62258	0.364314	0.821312	-1.24082	-0.781581
1.135	0.619197	0.367995	0.827516	-1.24764	-0.786018
1.14	0.615836	0.371697	0.833754	-1.25446	-0.790432
1.145	0.612499	0.375421	0.840027	-1.2613	-0.794823
1.15	0.609185	0.379165	0.846333	-1.26813	-0.799189
1.155	0.605896	0.38293	0.852674	-1.27497	-0.80353
1.16	0.60263	0.386716	0.859049	-1.28181	-0.807843
1.165	0.599388	0.390523	0.865458	-1.28865	-0.812128
1.17	0.596171	0.394351	0.871901	-1.29549	-0.816384
1.175	0.592979	0.3982	0.878378	-1.30232	-0.820609
1.18	0.589813	0.402069	0.88489	-1.30913	-0.824801
1.185	0.586671	0.405959	0.891436	-1.31594	-0.82896
1.19	0.583555	0.409869	0.898015	-1.32273	-0.833084
1.195	0.580465	0.4138	0.904629	-1.32951	-0.837171
1.2	0.577402	0.417751	0.911277	-1.33626	-0.84122
1.205	0.574364	0.421723	0.917958	-1.34299	-0.84523
1.21	0.571354	0.425715	0.924673	-1.34969	-0.849199
1.215	0.568371	0.429728	0.931421	-1.35636	-0.853126
1.22	0.565414	0.43376	0.938203	-1.363	-0.857009
1.225	0.562486	0.437813	0.945018	-1.3696	-0.860846
1.23	0.559585	0.441885	0.951866	-1.37617	-0.864636
1.235	0.556712	0.445978	0.958747	-1.38268	-0.868378
1.24	0.553868	0.45009	0.96566	-1.38915	-0.872069
1.245	0.551052	0.454222	0.972606	-1.39557	-0.875708
1.25	0.548265	0.458373	0.979584	-1.40193	-0.879294
1.255	0.545508	0.462544	0.986594	-1.40823	-0.882825
1.26	0.542779	0.466734	0.993635	-1.41446	-0.886299
1.265	0.540081	0.470943	1.00071	-1.42063	-0.889714
1.27	0.537412	0.475171	1.00781	-1.42672	-0.893068
1.275	0.534774	0.479419	1.01494	-1.43274	-0.896361
1.28	0.532166	0.483685	1.02211	-1.43868	-0.89959
1.285	0.529589	0.487969	1.0293	-1.44452	-0.902753
1.29	0.527043	0.492272	1.03652	-1.45028	-0.905849
1.295	0.524528	0.496594	1.04377	-1.45594	-0.908876
1.3	0.522045	0.500934	1.05105	-1.4615	-0.911832
1.305	0.519593	0.505292	1.05836	-1.46696	-0.914715
1.31	0.517174	0.509667	1.0657	-1.4723	-0.917524
1.315	0.514787	0.51406	1.07306	-1.47753	-0.920256
1.32	0.512432	0.518471	1.08045	-1.48264	-0.922911
1.325	0.51011	0.5229	1.08786	-1.48763	-0.925486
1.33	0.507821	0.527345	1.0953	-1.49248	-0.927979
1.335	0.505566	0.531807	1.10276	-1.49719	-0.930389
1.34	0.503343	0.536286	1.11025	-1.50177	-0.932714
1.345	0.501155	0.540782	1.11775	-1.50619	-0.934952
1.35	0.499	0.545294	1.12529	-1.51047	-0.937102
1.355	0.49688	0.549822	1.13284	-1.51459	-0.939162
1.36	0.494794	0.554366	1.14041	-1.51855	-0.941129
1.365	0.492742	0.558926	1.148	-1.52233	-0.943003
1.37	0.490725	0.563501	1.15562	-1.52595	-0.944782
1.375	0.488744	0.568091	1.16325	-1.52939	-0.946464
1.38	0.486797	0.572697	1.17089	-1.53264	-0.948048
1.385	0.484886	0.577317	1.17856	-1.53571	-0.949532
1.39	0.48301	0.581952	1.18623	-1.53858	-0.950914
1.395	0.48117	0.586601	1.19393	-1.54125	-0.952193
1.4	0.479366	0.591264	1.20163	-1.54372	-0.953368
1.405	0.477597	0.595941	1.20935	-1.54598	-0.954437
1.41	0.475866	0.600631	1.21708	-1.54802	-0.955399
1.415	0.47417	0.605335	1.22482	-1.54985	-0.956253
1.42	0.472511	0.610052	1.23257	-1.55145	-0.956996
1.425	0.470888	0.614781	1.24033	-1.55283	-0.957629
1.43	0.469303	0.619523	1.24809	-1.55397	-0.95815
1.435	0.467754	0.624277	1.25586	-1.55488	-0.958557
1.44	0.466242	0.629043	1.26364	-1.55555	-0.958851
1.445	0.464768	0.633821	1.27141	-1.55597	-0.959029
1.45	0.46333	0.63861	1.27919	-1.55615	-0.959091
1.455	0.46193	0.64341	1.28697	-1.55607	-0.959036
1.46	0.460567	0.648221	1.29475	-1.55574	-0.958864
1.465	0.459242	0.653042	1.30253	-1.55515	-0.958573
1.47	0.457954	0.657873	1.31031	-1.55429	-0.958163
1.475	0.456704	0.662714	1.31808	-1.55318	-0.957633
1.48	0.455492	0.667565	1.32585	-1.55179	-0.956984
1.485	0.454317	0.672425	1.33361	-1.55014	-0.956214
1.49	0.45318	0.677294	1.34136	-1.54821	-0.955323
1.495	0.45208	0.682172	1.3491	-1.54601	-0.954311
1.5	0.451018	0.687058	1.35683	-1.54354	-0.953178
1.505	0.449994	0.691952	1.36455	-1.54079	-0.951924
1.51	0.449008	0.696853	1.37225	-1.53776	-0.950548
1.515	0.44806	0.701763	1.37994	-1.53445	-0.949052
1.52	0.447149	0.706679	1.38761	-1.53086	-0.947434
1.525	0.446276	0.711602	1.39526	-1.527	-0.945696
1.53	0.44544	0.716532	1.4029	-1.52285	-0.943837
1.535	0.444642	0.721468	1.41051	-1.51842	-0.941858
1.54	0.443882	0.72641	1.41811	-1.51372	-0.93976
1.545	0.443159	0.731357	1.42567	-1.50873	-0.937543
1.55	0.442473	0.73631	1.43322	-1.50347	-0.935208
1.555	0.441824	0.741268	1.44074	-1.49793	-0.932756
1.56	0.441213	0.74623	1.44823	-1.49212	-0.930187
1.565	0.440639	0.751197	1.45569	-1.48604	-0.927503
1.57	0.440101	0.756168	1.46312	-1.47968	-0.924704
1.575	0.439601	0.761143	1.47051	-1.47306	-0.921792
1.58	0.439137	0.766121	1.47788	-1.46617	-0.918767
1.585	0.43871	0.771103	1.48521	-1.45901	-0.915632
1.59	0.438319	0.776088	1.49251	-1.4516	-0.912386
1.595	0.437964	0.781075	1.49976	-1.44394	-0.909033
1.6	0.437645	0.786065	1.50698	-1.43602	-0.905572
1.605	0.437362	0.791057	1.51416	-1.42785	-0.902006
1.61	0.437114	0.796051	1.5213	-1.41943	-0.898337
1.615	0.436903	0.801046	1.5284	-1.41078	-0.894565
1.62	0.436726	0.806043	1.53545	-1.40189	-0.890693
1.625	0.436584	0.811041	1.54246	-1.39278	-0.886723
1.63	0.436477	0.81604	1.54943	-1.38343	-0.882655
1.635	0.436405	0.821039	1.55634	-1.37387	-0.878493
1.64	0.436367	0.826039	1.56321	-1.36409	-0.874238
1.645	0.436363	0.831039	1.57003	-1.3541	-0.869892
1.65	0.436393	0.836039	1.5768	-1.34391	-0.865457
1.655	0.436457	0.841039	1.58352	-1.33352	-0.860935
1.66	0.436554	0.846038	1.59019	-1.32294	-0.856329
1.665	0.436684	0.851036	1.59681	-1.31217	-0.851639
1.67	0.436847	0.856034	1.60337	-1.30122	-0.84687
1.675	0.437042	0.86103	1.60987	-1.2901	-0.842022
1.68	0.43727	0.866025	1.61632	-1.27881	-0.837098
1.685	0.437529	0.871018	1.62272	-1.26736	-0.8321
1.69	0.43782	0.876009	1.62905	-1.25576	-0.82703
1.695	0.438143	0.880999	1.63533	-1.24401	-0.821892
1.7	0.438496	0.885986	1.64155	-1.23211	-0.816686
1.705	0.438881	0.890972	1.64771	-1.22009	-0.811416
1.71	0.439295	0.895954	1.65381	-1.20793	-0.806083
1.715	0.43974	0.900935	1.65985	-1.19566	-0.80069
1.72	0.440214	0.905912	1.66583	-1.18327	-0.795239
1.725	0.440718	0.910887	1.67175	-1.17077	-0.789732
1.73	0.441251	0.915858	1.6776	-1.15818	-0.784173
1.735	0.441813	0.920826	1.68339	-1.14549	-0.778562
1.74	0.442403	0.925792	1.68912	-1.13271	-0.772903
1.745	0.443022	0.930753	1.69478	-1.11985	-0.767197
1.75	0.443668	0.935711	1.70038	-1.10691	-0.761448
1.755	0.444341	0.940666	1.70592	-1.09391	-0.755656
1.76	0.445042	0.945616	1.71139	-1.08085	-0.749825
1.765	0.445769	0.950563	1.71679	-1.06773	-0.743956
1.77	0.446523	0.955506	1.72213	-1.05456	-0.738052
1.775	0.447303	0.960445	1.7274	-1.04135	-0.732114
1.78	0.448108	0.965379	1.73261	-1.0281	-0.726146
1.785	0.448939	0.97031	1.73775	-1.01482	-0.720149
1.79	0.449795	0.975236	1.74282	-1.00151	-0.714124
1.795	0.450676	0.980158	1.74783	-0.988188	-0.708075
1.8	0.451581	0.985075	1.75277	-0.97485	-0.702003
1.805	0.452509	0.989988	1.75765	-0.961503	-0.69591
1.81	0.453462	0.994897	1.76245	-0.948153	-0.689799
1.815	0.454438	0.999801	1.7672	-0.934805	-0.68367
1.82	0.455436	1.0047	1.77187	-0.921465	-0.677526
1.825	0.456457	1.00959	1.77648	-0.908137	-0.671369
1.83	0.457501	1.01448	1.78102	-0.894826	-0.6652
1.835	0.458566	1.01937	1.78549	-0.881537	-0.659021
1.84	0.459653	1.02425	1.7899	-0.868274	-0.652834
1.845	0.460761	1.02913	1.79424	-0.855042	-0.646641
1.85	0.46189	1.034	1.79852	-0.841845	-0.640443
1.855	0.463039	1.03886	1.80272	-0.828687	-0.634242
1.86	0.464208	1.04372	1.80687	-0.815573	-0.628039
1.865	0.465397	1.04858	1.81095	-0.802505	-0.621836
1.87	0.466606	1.05343	1.81496	-0.789488	-0.615635
1.875	0.467834	1.05828	1.81891	-0.776526	-0.609436
1.88	0.469081	1.06312	1.82279	-0.763622	-0.603241
1.885	0.470346	1.06796	1.82661	-0.750779	-0.597052
1.89	0.471629	1.07279	1.83036	-0.738	-0.59087
1.895	0.47293	1.07762	1.83405	-0.725289	-0.584696
1.9	0.474249	1.08244	1.83768	-0.712647	-0.578531
1.905	0.475585	1.08726	1.84124	-0.700079	-0.572377
1.91	0.476937	1.09207	1.84474	-0.687587	-0.566235
1.915	0.478307	1.09688	1.84818	-0.675173	-0.560105
1.92	0.479692	1.10169	1.85155	-0.662839	-0.553989
1.925	0.481093	1.10649	1.85487	-0.650589	-0.547889
1.93	0.48251	1.11128	1.85812	-0.638423	-0.541804
1.935	0.483943	1.11607	1.86131	-0.626345	-0.535736
1.94	0.48539	1.12086	1.86445	-0.614355	-0.529686
1.945	0.486852	1.12564	1.86752	-0.602456	-0.523655
1.95	0.488328	1.13042	1.87053	-0.59065	-0.517644
1.955	0.489818	1.13519	1.87348	-0.578938	-0.511652
1.96	0.491323	1.13996	1.87638	-0.567321	-0.505683
1.965	0.49284	1.14472	1.87921	-0.555801	-0.499735
1.97	0.494371	1.14948	1.88199	-0.544379	-0.49381
1.975	0.495915	1.15424	1.88472	-0.533057	-0.487908
1.98	0.497472	1.15899	1.88738	-0.521834	-0.482031
1.985	0.499041	1.16374	1.88999	-0.510714	-0.476178
1.99	0.500622	1.16848	1.89254	-0.499695	-0.47035
1.995	0.502215	1.17322	1.89504	-0.488779	-0.464549
2	0.50382	1.17795	1.89749	-0.477967	-0.458774
2.005	0.505436	1.18269	1.89988	-0.46726	-0.453026
2.01	0.507062	1.18741	1.90221	-0.456658	-0.447305
2.015	0.5087	1.19214	1.9045	-0.446161	-0.441613
2.02	0.510348	1.19686	1.90673	-0.435769	-0.435949
2.025	0.512007	1.20158	1.9089	-0.425484	-0.430313
2.03	0.513675	1.20629	1.91103	-0.415306	-0.424707
2.035	0.515354	1.211	1.91311	-0.405234	-0.419131
2.04	0.517042	1.21571	1.91513	-0.395269	-0.413584
2.045	0.518739	1.22041	1.91711	-0.385411	-0.408068
2.05	0.520445	1.22511	1.91904	-0.37566	-0.402583
2.055	0.52216	1.22981	1.92092	-0.366016	-0.397128
2.06	0.523884	1.2345	1.92275	-0.356478	-0.391704
2.065	0.525616	1.23919	1.92453	-0.347048	-0.386312
2.07	0.527356	1.24388	1.92626	-0.337723	-0.380952
2.075	0.529104	1.24856	1.92795	-0.328506	-0.375623
2.08	0.53086	1.25324	1.9296	-0.319394	-0.370327
2.085	0.532623	1.25792	1.93119	-0.310388	-0.365062
2.09	0.534394	1.2626	1.93274	-0.301487	-0.35983
2.095	0.536171	1.26727	1.93425	-0.292692	-0.35463
2.1	0.537955	1.27194	1.93572	-0.284001	-0.349464
2.105	0.539746	1.27661	1.93714	-0.275414	-0.344329
2.11	0.541544	1.28128	1.93851	-0.266931	-0.339228
2.115	0.543348	1.28594	1.93985	-0.258551	-0.33416
2.12	0.545157	1.2906	1.94114	-0.250273	-0.329124
2.125	0.546973	1.29526	1.94239	-0.242098	-0.324122
2.13	0.548794	1.29991	1.9436	-0.234024	-0.319153
2.135	0.55062	1.30457	1.94477	-0.226051	-0.314217
2.14	0.552452	1.30922	1.9459	-0.218178	-0.309314
2.145	0.554289	1.31387	1.94699	-0.210404	-0.304444
2.15	0.556131	1.31852	1.94804	-0.202729	-0.299608
2.155	0.557978	1.32317	1.94906	-0.195153	-0.294805
2.16	0.559829	1.32781	1.95003	-0.187673	-0.290035
2.165	0.561684	1.33245	1.95097	-0.180291	-0.285298
2.17	0.563544	1.3371	1.95187	-0.173004	-0.280594
2.175	0.565407	1.34174	1.95274	-0.165812	-0.275923
2.18	0.567275	1.34637	1.95357	-0.158715	-0.271286
2.185	0.569146	1.35101	1.95436	-0.151711	-0.266681
2.19	0.571021	1.35565	1.95512	-0.1448	-0.262109
2.195	0.572899	1.36028	1.95584	-0.137981	-0.25757
2.2	0.57478	1.36491	1.95653	-0.131253	-0.253064
2.205	0.576664	1.36954	1.95719	-0.124615	-0.248591
2.21	0.578551	1.37417	1.95781	-0.118067	-0.24415
2.215	0.580441	1.3788	1.9584	-0.111607	-0.239741
2.22	0.582334	1.38343	1.95896	-0.105235	-0.235365
2.225	0.584229	1.38806	1.95949	-0.0989505	-0.231022
2.23	0.586126	1.39268	1.95998	-0.0927517	-0.22671
2.235	0.588025	1.39731	1.96045	-0.0866382	-0.22243
2.24	0.589926	1.40193	1.96088	-0.0806091	-0.218183
2.245	0.59183	1.40656	1.96128	-0.0746635	-0.213967
2.25	0.593734	1.41118	1.96166	-0.0688006	-0.209783
2.255	0.595641	1.4158	1.962	-0.0630195	-0.20563
2.26	0.597549	1.42042	1.96232	-0.0573193	-0.201509
2.265	0.599458	1.42505	1.9626	-0.0516993	-0.197419
2.27	0.601369	1.42967	1.96286	-0.0461585	-0.193361
2.275	0.60328	1.43429	1.96309	-0.0406961	-0.189333
2.28	0.605193	1.43891	1.96329	-0.0353112	-0.185336
2.285	0.607106	1.44353	1.96347	-0.030003	-0.18137
2.29	0.60902	1.44814	1.96362	-0.0247707	-0.177434
2.295	0.610935	1.45276	1.96374	-0.0196134	-0.173529
2.3	0.61285	1.45738	1.96384	-0.0145302	-0.169654
2.305	0.614765	1.462	1.96392	-0.00952033	-0.165809
2.31	0.616681	1.46662	1.96396	-0.00458295	-0.161994
2.315	0.618596	1.47124	1.96399	0.000282778	-0.158208
2.32	0.620512	1.47586	1.96398	0.00507767	-0.154453
2.325	0.622428	1.48047	1.96396	0.00980256	-0.150726
2.33	0.624343	1.48509	1.96391	0.0144582	-0.147029
2.335	0.626258	1.48971	1.96384	0.0190456	-0.143361
2.34	0.628172	1.49433	1.96374	0.0235653	-0.139722
2.345	0.630086	1.49895	1.96362	0.0280182	-0.136112
2.35	0.632	1.50357	1.96348	0.0324052	-0.13253
2.355	0.633912	1.50819	1.96332	0.0367269	-0.128976
2.36	0.635824	1.51281	1.96314	0.0409842	-0.125451
2.365	0.637735	1.51743	1.96293	0.0451779	-0.121954
2.37	0.639645	1.52205	1.96271	0.0493086	-0.118485
2.375	0.641553	1.52667	1.96246	0.0533773	-0.115043
2.38	0.643461	1.53129	1.96219	0.0573846	-0.111629
2.385	0.645367	1.53592	1.96191	0.0613312	-0.108243
2.39	0.647272	1.54054	1.9616	0.065218	-0.104883
2.395	0.649175	1.54516	1.96128	0.0690456	-0.101551
2.4	0.651076	1.54979	1.96093	0.0728148	-0.0982451
2.405	0.652976	1.55441	1.96057	0.0765263	-0.0949662
2.41	0.654874	1.55904	1.96018	0.0801808	-0.0917138
2.415	0.656771	1.56366	1.95978	0.083779	-0.0884877
2.42	0.658665	1.56829	1.95936	0.0873217	-0.0852878
2.425	0.660557	1.57292	1.95893	0.0908094	-0.0821138
2.43	0.662447	1.57755	1.95847	0.0942429	-0.0789657
2.435	0.664335	1.58218	1.958	0.0976229	-0.0758432
2.44	0.666221	1.58681	1.95751	0.10095	-0.0727461
2.445	0.668105	1.59144	1.95701	0.104225	-0.0696744
2.45	0.669986	1.59607	1.95649	0.107448	-0.0666278
2.455	0.671864	1.60071	1.95595	0.110621	-0.0636061
2.46	0.67374	1.60534	1.9554	0.113743	-0.0606092
2.465	0.675613	1.60998	1.95483	0.116815	-0.057637
2.47	0.677484	1.61461	1.95424	0.119839	-0.0546891
2.475	0.679352	1.61925	1.95365	0.122814	-0.0517656
2.48	0.681217	1.62389	1.95303	0.125742	-0.0488662
2.485	0.683079	1.62853	1.9524	0.128622	-0.0459907
2.49	0.684938	1.63317	1.95176	0.131455	-0.0431391
2.495	0.686794	1.63782	1.9511	0.134243	-0.040311
2.5	0.688647	1.64246	1.95043	0.136985	-0.0375064
2.505	0.690496	1.64711	1.94975	0.139683	-0.0347251
2.51	0.692343	1.65175	1.94905	0.142336	-0.031967
2.515	0.694186	1.6564	1.94834	0.144945	-0.0292318
2.52	0.696026	1.66105	1.94761	0.147512	-0.0265194
2.525	0.697862	1.6657	1.94687	0.150035	-0.0238297
2.53	0.699695	1.67035	1.94612	0.152517	-0.0211625
2.535	0.701524	1.67501	1.94536	0.154957	-0.0185176
2.54	0.70335	1.67966	1.94459	0.157356	-0.0158949
2.545	0.705172	1.68432	1.9438	0.159715	-0.0132943
2.55	0.706991	1.68897	1.943	0.162034	-0.0107155
2.555	0.708805	1.69363	1.94219	0.164313	-0.00815848
2.56	0.710616	1.69829	1.94137	0.166553	-0.005623
2.565	0.712423	1.70296	1.94054	0.168755	-0.00310895
2.57	0.714226	1.70762	1.93969	0.170919	-0.00061617
2.575	0.716025	1.71228	1.93884	0.173045	0.00185549
2.58	0.71782	1.71695	1.93797	0.175134	0.00430618
2.585	0.71961	1.72162	1.9371	0.177187	0.00673603
2.59	0.721397	1.72629	1.93621	0.179204	0.00914521
2.595	0.72318	1.73096	1.93531	0.181185	0.0115339
2.6	0.724958	1.73563	1.93441	0.183131	0.0139021
2.605	0.726732	1.74031	1.93349	0.185042	0.0162501
2.61	0.728501	1.74498	1.93257	0.186919	0.018578
2.615	0.730267	1.74966	1.93163	0.188762	0.0208859
2.62	0.732028	1.75434	1.93069	0.190572	0.023174
2.625	0.733784	1.75902	1.92974	0.192349	0.0254425
2.63	0.735536	1.76371	1.92877	0.194093	0.0276913
2.635	0.737283	1.76839	1.9278	0.195805	0.0299208
2.64	0.739026	1.77308	1.92683	0.197485	0.032131
2.645	0.740764	1.77777	1.92584	0.199134	0.034322
2.65	0.742498	1.78246	1.92484	0.200751	0.0364941
2.655	0.744227	1.78715	1.92384	0.202339	0.0386472
2.66	0.745951	1.79184	1.92283	0.203896	0.0407817
2.665	0.74767	1.79654	1.92181	0.205423	0.0428975
2.67	0.749384	1.80123	1.92078	0.206921	0.0449948
2.675	0.751094	1.80593	1.91975	0.208389	0.0470738
2.68	0.752798	1.81063	1.9187	0.209829	0.0491346
2.685	0.754498	1.81533	1.91765	0.211241	0.0511773
2.69	0.756193	1.82004	1.9166	0.212624	0.053202
2.695	0.757883	1.82474	1.91554	0.21398	0.0552088
2.7	0.759567	1.82945	1.91447	0.215309	0.057198
2.705	0.761247	1.83416	1.91339	0.216611	0.0591695
2.71	0.762922	1.83887	1.91231	0.217886	0.0611236
2.715	0.764591	1.84359	1.91122	0.219135	0.0630603
2.72	0.766255	1.8483	1.91012	0.220357	0.0649798
2.725	0.767914	1.85302	1.90902	0.221555	0.0668822
2.73	0.769568	1.85774	1.90791	0.222726	0.0687675
2.735	0.771217	1.86246	1.9068	0.223873	0.070636
2.74	0.77286	1.86718	1.90568	0.224995	0.0724878
2.745	0.774498	1.8719	1.90455	0.226093	0.0743229
2.75	0.776131	1.87663	1.90342	0.227167	0.0761415
2.755	0.777758	1.88136	1.90229	0.228216	0.0779436
2.76	0.77938	1.88609	1.90115	0.229243	0.0797295
2.765	0.780996	1.89082	1.9	0.230246	0.0814992
2.77	0.782607	1.89555	1.89885	0.231226	0.0832528
2.775	0.784213	1.90029	1.89769	0.232183	0.0849904
2.78	0.785813	1.90502	1.89653	0.233118	0.0867121
2.785	0.787407	1.90976	1.89537	0.234031	0.0884182
2.79	0.788996	1.9145	1.8942	0.234923	0.0901085
2.795	0.790579	1.91925	1.89302	0.235792	0.0917834
2.8	0.792157	1.92399	1.89184	0.23664	0.0934428
2.805	0.793729	1.92874	1.89066	0.237468	0.0950869
2.81	0.795296	1.93348	1.88947	0.238274	0.0967158
2.815	0.796857	1.93823	1.88828	0.23906	0.0983296
2.82	0.798412	1.94299	1.88708	0.239825	0.0999283
2.825	0.799962	1.94774	1.88589	0.240571	0.101512
2.83	0.801505	1.9525	1.88468	0.241297	0.103081
2.835	0.803043	1.95725	1.88348	0.242003	0.104636
2.84	0.804576	1.96201	1.88227	0.242689	0.106175
2.845	0.806102	1.96677	1.88105	0.243357	0.107701
2.85	0.807623	1.97154	1.87984	0.244006	0.109211
2.855	0.809138	1.9763	1.87862	0.244636	0.110708
2.86	0.810647	1.98107	1.87739	0.245248	0.11219
2.865	0.81215	1.98584	1.87617	0.245841	0.113658
2.87	0.813647	1.99061	1.87494	0.246417	0.115112
2.875	0.815139	1.99538	1.87371	0.246975	0.116553
2.88	0.816625	2.00016	1.87247	0.247515	0.117979
2.885	0.818104	2.00493	1.87123	0.248038	0.119392
2.89	0.819578	2.00971	1.86999	0.248544	0.120791
2.895	0.821046	2.01449	1.86875	0.249032	0.122176
2.9	0.822508	2.01927	1.86751	0.249504	0.123548
2.905	0.823964	2.02405	1.86626	0.24996	0.124907
2.91	0.825414	2.02884	1.86501	0.250399	0.126252
2.915	0.826857	2.03363	1.86376	0.250822	0.127584
2.92	0.828295	2.03841	1.8625	0.251229	0.128903
2.925	0.829727	2.04321	1.86125	0.25162	0.130209
2.93	0.831153	2.048	1.85999	0.251996	0.131503
2.935	0.832573	2.05279	1.85873	0.252356	0.132783
2.94	0.833987	2.05759	1.85747	0.252701	0.13405
2.945	0.835395	2.06239	1.8562	0.253031	0.135305
2.95	0.836796	2.06719	1.85494	0.253346	0.136547
2.955	0.838192	2.07199	1.85367	0.253646	0.137777
2.96	0.839581	2.07679	1.8524	0.253932	0.138994
2.965	0.840965	2.08159	1.85113	0.254203	0.140199
2.97	0.842342	2.0864	1.84986	0.25446	0.141392
2.975	0.843713	2.09121	1.84859	0.254703	0.142573
2.98	0.845078	2.09602	1.84732	0.254933	0.143741
2.985	0.846437	2.10083	1.84604	0.255148	0.144897
2.99	0.84779	2.10564	1.84477	0.25535	0.146042
2.995	0.849137	2.11046	1.84349	0.255539	0.147175
3	0.850477	2.11528	1.84221	0.255714	0.148295
3.005	0.851811	2.1201	1.84093	0.255876	0.149405
3.01	0.853139	2.12492	1.83965	0.256025	0.150502
3.015	0.854461	2.12974	1.83837	0.256162	0.151588
3.02	0.855777	2.13456	1.83709	0.256286	0.152663
3.025	0.857087	2.13939	1.83581	0.256397	0.153726
3.03	0.85839	2.14421	1.83453	0.256496	0.154778
3.035	0.859688	2.14904	1.83325	0.256582	0.155818
3.04	0.860979	2.15387	1.83196	0.256657	0.156848
3.045	0.862263	2.1587	1.83068	0.256719	0.157866
3.05	0.863542	2.16354	1.8294	0.25677	0.158873
3.055	0.864814	2.16837	1.82811	0.256809	0.15987
3.06	0.866081	2.17321	1.82683	0.256837	0.160855
3.065	0.867341	2.17805	1.82554	0.256853	0.16183
3.07	0.868594	2.18289	1.82426	0.256858	0.162794
3.075	0.869842	2.18773	1.82298	0.256851	0.163747
3.08	0.871083	2.19258	1.82169	0.256834	0.16469
3.085	0.872319	2.19742	1.82041	0.256805	0.165622
3.09	0.873547	2.20227	1.81912	0.256766	0.166544
3.095	0.87477	2.20712	1.81784	0.256716	0.167455
3.1	0.875987	2.21196	1.81656	0.256656	0.168356
3.105	0.877197	2.21682	1.81527	0.256585	0.169247
3.11	0.878401	2.22167	1.81399	0.256504	0.170128
3.115	0.879599	2.22652	1.81271	0.256412	0.170998
3.12	0.88079	2.23138	1.81143	0.256311	0.171859
3.125	0.881976	2.23624	1.81014	0.256199	0.172709
3.13	0.883155	2.2411	1.80886	0.256078	0.17355
3.135	0.884328	2.24596	1.80758	0.255947	0.174381
3.14	0.885494	2.25082	1.8063	0.255806	0.175202
3.145	0.886655	2.25568	1.80502	0.255655	0.176013
3.15	0.887809	2.26055	1.80375	0.255496	0.176814
3.155	0.888957	2.26541	1.80247	0.255326	0.177606
3.16	0.890099	2.27028	1.80119	0.255148	0.178389
3.165	0.891234	2.27515	1.79992	0.25496	0.179162
3.17	0.892364	2.28002	1.79864	0.254764	0.179926
3.175	0.893487	2.28489	1.79737	0.254558	0.18068
3.18	0.894604	2.28977	1.79609	0.254343	0.181425
3.185	0.895715	2.29464	1.79482	0.25412	0.182161
3.19	0.896819	2.29952	1.79355	0.253888	0.182887
3.195	0.897918	2.3044	1.79228	0.253648	0.183605
3.2	0.89901	2.30928	1.79101	0.253399	0.184313
3.205	0.900096	2.31416	1.78975	0.253141	0.185013
3.21	0.901176	2.31904	1.78848	0.252876	0.185703
3.215	0.902249	2.32392	1.78722	0.252602	0.186385
3.22	0.903317	2.32881	1.78595	0.25232	0.187058
3.225	0.904378	2.33369	1.78469	0.25203	0.187722
3.23	0.905433	2.33858	1.78343	0.251732	0.188378
3.235	0.906482	2.34347	1.78217	0.251426	0.189024
3.24	0.907525	2.34836	1.78092	0.251113	0.189663
3.245	0.908562	2.35325	1.77966	0.250792	0.190292
3.25	0.909593	2.35814	1.77841	0.250463	0.190914
3.255	0.910617	2.36304	1.77715	0.250126	0.191527
3.26	0.911636	2.36793	1.7759	0.249783	0.192131
3.265	0.912648	2.37283	1.77465	0.249431	0.192728
3.27	0.913654	2.37773	1.77341	0.249073	0.193316
3.275	0.914654	2.38262	1.77216	0.248707	0.193895
3.28	0.915648	2.38753	1.77092	0.248334	0.194467
3.285	0.916636	2.39243	1.76968	0.247955	0.195031
3.29	0.917618	2.39733	1.76844	0.247568	0.195586
3.295	0.918593	2.40223	1.7672	0.247174	0.196134
3.3	0.919563	2.40714	1.76596	0.246773	0.196674
3.305	0.920527	2.41204	1.76473	0.246366	0.197206
3.31	0.921484	2.41695	1.7635	0.245952	0.19773
3.315	0.922436	2.42186	1.76227	0.245531	0.198246
3.32	0.923381	2.42677	1.76104	0.245104	0.198755
3.325	0.924321	2.43168	1.75981	0.24467	0.199256
3.33	0.925254	2.43659	1.75859	0.24423	0.199749
3.335	0.926182	2.44151	1.75737	0.243784	0.200235
3.34	0.927103	2.44642	1.75615	0.243331	0.200713
3.345	0.928019	2.45134	1.75493	0.242872	0.201184
3.35	0.928928	2.45625	1.75372	0.242407	0.201647
3.355	0.929832	2.46117	1.75251	0.241936	0.202103
3.36	0.930729	2.46609	1.7513	0.241458	0.202552
3.365	0.931621	2.47101	1.75009	0.240975	0.202993
3.37	0.932507	2.47593	1.74889	0.240486	0.203427
3.375	0.933387	2.48085	1.74768	0.239991	0.203854
3.38	0.934261	2.48577	1.74648	0.239491	0.204274
3.385	0.935129	2.4907	1.74529	0.238984	0.204687
3.39	0.935991	2.49562	1.74409	0.238472	0.205093
3.395	0.936847	2.50055	1.7429	0.237955	0.205492
3.4	0.937697	2.50548	1.74171	0.237432	0.205884
3.405	0.938542	2.51041	1.74052	0.236903	0.206269
3.41	0.939381	2.51533	1.73934	0.236369	0.206647
3.415	0.940214	2.52026	1.73816	0.23583	0.207019
3.42	0.941041	2.5252	1.73698	0.235285	0.207383
3.425	0.941862	2.53013	1.7358	0.234735	0.207741
3.43	0.942677	2.53506	1.73463	0.23418	0.208093
3.435	0.943487	2.54	1.73346	0.23362	0.208437
3.44	0.944291	2.54493	1.73229	0.233055	0.208776
3.445	0.945089	2.54987	1.73112	0.232484	0.209107
3.45	0.945882	2.5548	1.72996	0.231909	0.209432
3.455	0.946669	2.55974	1.7288	0.231329	0.209751
3.46	0.94745	2.56468	1.72764	0.230744	0.210063
3.465	0.948225	2.56962	1.72649	0.230154	0.210369
3.47	0.948994	2.57456	1.72534	0.229559	0.210669
3.475	0.949758	2.5795	1.72419	0.22896	0.210962
3.48	0.950517	2.58444	1.72305	0.228355	0.21125
3.485	0.951269	2.58939	1.72191	0.227747	0.21153
3.49	0.952016	2.59433	1.72077	0.227133	0.211805
3.495	0.952758	2.59927	1.71963	0.226516	0.212074
3.5	0.953494	2.60422	1.7185	0.225893	0.212337
3.505	0.954224	2.60917	1.71737	0.225267	0.212593
3.51	0.954949	2.61411	1.71624	0.224635	0.212844
3.515	0.955668	2.61906	1.71512	0.224	0.213089
3.52	0.956381	2.62401	1.714	0.22336	0.213328
3.525	0.957089	2.62896	1.71288	0.222716	0.213561
3.53	0.957792	2.63391	1.71177	0.222068	0.213788
3.535	0.958489	2.63886	1.71066	0.221416	0.214009
3.54	0.95918	2.64381	1.70955	0.220759	0.214225
3.545	0.959867	2.64877	1.70845	0.220099	0.214435
3.55	0.960547	2.65372	1.70735	0.219434	0.214639
3.555	0.961222	2.65867	1.70625	0.218766	0.214838
3.56	0.961892	2.66363	1.70516	0.218093	0.215031
3.565	0.962556	2.66858	1.70407	0.217417	0.215219
3.57	0.963215	2.67354	1.70298	0.216737	0.215401
3.575	0.963869	2.6785	1.70189	0.216053	0.215577
3.58	0.964517	2.68346	1.70081	0.215365	0.215748
3.585	0.96516	2.68841	1.69974	0.214673	0.215914
3.59	0.965798	2.69337	1.69866	0.213978	0.216074
3.595	0.96643	2.69833	1.69759	0.213279	0.21623
3.6	0.967057	2.70329	1.69653	0.212576	0.216379
3.605	0.967679	2.70826	1.69547	0.21187	0.216524
3.61	0.968295	2.71322	1.69441	0.211161	0.216663
3.615	0.968907	2.71818	1.69335	0.210448	0.216797
3.62	0.969513	2.72314	1.6923	0.209731	0.216926
3.625	0.970113	2.72811	1.69125	0.209011	0.21705
3.63	0.970709	2.73307	1.6902	0.208288	0.217169
3.635	0.971299	2.73804	1.68916	0.207561	0.217283
3.64	0.971885	2.743	1.68812	0.206831	0.217392
3.645	0.972465	2.74797	1.68709	0.206097	0.217495
3.65	0.97304	2.75293	1.68606	0.205361	0.217594
3.655	0.97361	2.7579	1.68503	0.204621	0.217688
3.66	0.974175	2.76287	1.68401	0.203878	0.217777
3.665	0.974735	2.76784	1.68299	0.203132	0.217862
3.67	0.975289	2.77281	1.68198	0.202383	0.217941
3.675	0.975839	2.77778	1.68096	0.20163	0.218016
3.68	0.976384	2.78275	1.67996	0.200875	0.218086
3.685	0.976924	2.78772	1.67895	0.200117	0.218151
3.69	0.977458	2.79269	1.67795	0.199356	0.218212
3.695	0.977988	2.79766	1.67695	0.198591	0.218268
3.7	0.978513	2.80263	1.67596	0.197824	0.218319
3.705	0.979033	2.80761	1.67497	0.197054	0.218366
3.71	0.979548	2.81258	1.67399	0.196282	0.218408
3.715	0.980058	2.81755	1.673	0.195506	0.218446
3.72	0.980563	2.82253	1.67203	0.194728	0.218479
3.725	0.981064	2.8275	1.67105	0.193947	0.218508
3.73	0.981559	2.83248	1.67008	0.193163	0.218532
3.735	0.98205	2.83745	1.66912	0.192376	0.218552
3.74	0.982536	2.84243	1.66816	0.191587	0.218568
3.745	0.983018	2.84741	1.6672	0.190796	0.218579
3.75	0.983494	2.85238	1.66624	0.190001	0.218586
3.755	0.983966	2.85736	1.66529	0.189204	0.218589
3.76	0.984433	2.86234	1.66435	0.188405	0.218587
3.765	0.984895	2.86732	1.66341	0.187603	0.218582
3.77	0.985353	2.8723	1.66247	0.186799	0.218572
3.775	0.985806	2.87728	1.66153	0.185992	0.218558
3.78	0.986254	2.88226	1.6606	0.185183	0.21854
3.785	0.986698	2.88724	1.65968	0.184372	0.218517
3.79	0.987137	2.89222	1.65876	0.183558	0.218491
3.795	0.987572	2.8972	1.65784	0.182742	0.218461
3.8	0.988002	2.90218	1.65692	0.181923	0.218426
3.805	0.988428	2.90716	1.65602	0.181103	0.218388
3.81	0.988849	2.91214	1.65511	0.18028	0.218346
3.815	0.989265	2.91713	1.65421	0.179455	0.2183
3.82	0.989678	2.92211	1.65331	0.178628	0.21825
3.825	0.990085	2.92709	1.65242	0.177798	0.218196
3.83	0.990488	2.93208	1.65153	0.176967	0.218138
3.835	0.990887	2.93706	1.65064	0.176133	0.218076
3.84	0.991282	2.94205	1.64976	0.175297	0.218011
3.845	0.991672	2.94703	1.64889	0.17446	0.217942
3.85	0.992057	2.95202	1.64801	0.17362	0.217869
3.855	0.992439	2.957	1.64715	0.172778	0.217792
3.86	0.992816	2.96199	1.64628	0.171935	0.217712
3.865	0.993189	2.96697	1.64542	0.171089	0.217628
3.87	0.993557	2.97196	1.64457	0.170242	0.217541
3.875	0.993921	2.97695	1.64372	0.169392	0.21745
3.88	0.994281	2.98193	1.64287	0.168541	0.217355
3.885	0.994637	2.98692	1.64203	0.167688	0.217256
3.89	0.994989	2.99191	1.64119	0.166834	0.217155
3.895	0.995336	2.9969	1.64035	0.165977	0.217049
3.9	0.99568	3.00188	1.63952	0.165119	0.216941
3.905	0.996019	3.00687	1.6387	0.164259	0.216828
3.91	0.996354	3.01186	1.63788	0.163397	0.216713
3.915	0.996685	3.01685	1.63706	0.162534	0.216593
3.92	0.997012	3.02184	1.63625	0.161669	0.216471
3.925	0.997335	3.02683	1.63544	0.160802	0.216345
3.93	0.997654	3.03182	1.63464	0.159934	0.216216
3.935	0.997969	3.03681	1.63384	0.159064	0.216083
3.94	0.99828	3.0418	1.63304	0.158193	0.215948
3.945	0.998588	3.04679	1.63225	0.15732	0.215809
3.95	0.998891	3.05178	1.63146	0.156445	0.215666
3.955	0.99919	3.05677	1.63068	0.15557	0.215521
3.96	0.999485	3.06176	1.6299	0.154692	0.215372
3.965	0.999777	3.06675	1.62913	0.153814	0.21522
3.97	1.00006	3.07175	1.62836	0.152933	0.215065
3.975	1.00035	3.07674	1.6276	0.152052	0.214907
3.98	1.00063	3.08173	1.62684	0.151169	0.214745
3.985	1.0009	3.08672	1.62608	0.150285	0.214581
3.99	1.00118	3.09172	1.62533	0.149399	0.214414
3.995	1.00145	3.09671	1.62458	0.148513	0.214243
4	1.00171	3.1017	1.62384	0.147625	0.21407
4.005	1.00197	3.10669	1.6231	0.146735	0.213893
4.01	1.00223	3.11169	1.62237	0.145845	0.213713
4.015	1.00248	3.11668	1.62164	0.144953	0.213531
4.02	1.00273	3.12168	1.62091	0.14406	0.213345
4.025	1.00298	3.12667	1.62019	0.143166	0.213157
4.03	1.00323	3.13166	1.61948	0.142271	0.212966
4.035	1.00346	3.13666	1.61877	0.141375	0.212772
4.04	1.0037	3.14165	1.61806	0.140478	0.212575
4.045	1.00393	3.14665	1.61736	0.139579	0.212375
4.05	1.00416	3.15164	1.61666	0.13868	0.212172
4.055	1.00439	3.15664	1.61596	0.13778	0.211967
4.06	1.00461	3.16163	1.61528	0.136878	0.211758
4.065	1.00483	3.16663	1.61459	0.135976	0.211547
4.07	1.00505	3.17162	1.61391	0.135073	0.211334
4.075	1.00526	3.17662	1.61324	0.134169	0.211117
4.08	1.00547	3.18161	1.61257	0.133263	0.210898
4.085	1.00567	3.18661	1.6119	0.132357	0.210676
4.09	1.00587	3.1916	1.61124	0.131451	0.210451
4.095	1.00607	3.1966	1.61058	0.130543	0.210224
4.1	1.00627	3.2016	1.60993	0.129634	0.209994
4.105	1.00646	3.20659	1.60928	0.128725	0.209762
4.11	1.00665	3.21159	1.60864	0.127815	0.209527
4.115	1.00684	3.21659	1.608	0.126904	0.209289
4.12	1.00702	3.22158	1.60736	0.125993	0.209049
4.125	1.0072	3.22658	1.60673	0.125081	0.208806
4.13	1.00738	3.23158	1.60611	0.124168	0.208561
4.135	1.00755	3.23657	1.60549	0.123254	0.208313
4.14	1.00772	3.24157	1.60487	0.12234	0.208062
4.145	1.00789	3.24657	1.60426	0.121425	0.20781
4.15	1.00805	3.25156	1.60365	0.12051	0.207554
4.155	1.00821	3.25656	1.60305	0.119594	0.207297
4.16	1.00837	3.26156	1.60245	0.118677	0.207037
4.165	1.00853	3.26656	1.60186	0.11776	0.206774
4.17	1.00868	3.27155	1.60127	0.116842	0.206509
4.175	1.00883	3.27655	1.60068	0.115924	0.206242
4.18	1.00897	3.28155	1.6001	0.115006	0.205972
4.185	1.00912	3.28655	1.59953	0.114087	0.2057
4.19	1.00926	3.29155	1.59896	0.113167	0.205426
4.195	1.0094	3.29654	1.59839	0.112248	0.205149
4.2	1.00953	3.30154	1.59783	0.111327	0.20487
4.205	1.00966	3.30654	1.59727	0.110407	0.204589
4.21	1.00979	3.31154	1.59672	0.109486	0.204305
4.215	1.00992	3.31654	1.59618	0.108565	0.204019
4.22	1.01004	3.32154	1.59563	0.107643	0.203731
4.225	1.01017	3.32653	1.59509	0.106721	0.203441
4.23	1.01028	3.33153	1.59456	0.105799	0.203148
4.235	1.0104	3.33653	1.59403	0.104877	0.202853
4.24	1.01051	3.34153	1.59351	0.103954	0.202557
4.245	1.01062	3.34653	1.59299	0.103031	0.202257
4.25	1.01073	3.35153	1.59247	0.102109	0.201956
4.255	1.01084	3.35653	1.59196	0.101185	0.201653
4.26	1.01094	3.36153	1.59146	0.100262	0.201347
4.265	1.01104	3.36652	1.59095	0.0993389	0.20104
4.27	1.01114	3.37152	1.59046	0.0984155	0.20073
4.275	1.01124	3.37652	1.58997	0.0974921	0.200418
4.28	1.01133	3.38152	1.58948	0.0965685	0.200104
4.285	1.01142	3.38652	1.589	0.095645	0.199788
4.29	1.01151	3.39152	1.58852	0.0947214	0.19947
4.295	1.0116	3.39652	1.58804	0.0937978	0.19915
4.3	1.01168	3.40152	1.58757	0.0928743	0.198828
4.305	1.01176	3.40652	1.58711	0.0919508	0.198504
4.31	1.01184	3.41152	1.58665	0.0910274	0.198177
4.315	1.01192	3.41652	1.5862	0.0901041	0.197849
4.32	1.01199	3.42152	1.58574	0.0891809	0.197519
4.325	1.01207	3.42652	1.5853	0.0882579	0.197187
4.33	1.01214	3.43152	1.58486	0.087335	0.196853
4.335	1.0122	3.43652	1.58442	0.0864123	0.196517
4.34	1.01227	3.44151	1.58399	0.0854898	0.196179
4.345	1.01233	3.44651	1.58356	0.0845675	0.195839
4.35	1.0124	3.45151	1.58314	0.0836455	0.195498
4.355	1.01245	3.45651	1.58272	0.0827237	0.195154
4.36	1.01251	3.46151	1.58231	0.0818022	0.194808
4.365	1.01257	3.46651	1.5819	0.080881	0.194461
4.37	1.01262	3.47151	1.58149	0.0799601	0.194112
4.375	1.01267	3.47651	1.58109	0.0790396	0.19376
4.38	1.01272	3.48151	1.5807	0.0781194	0.193407
4.385	1.01277	3.48651	1.58031	0.0771996	0.193053
4.39	1.01282	3.49151	1.57992	0.0762803	0.192696
4.395	1.01286	3.49651	1.57954	0.0753613	0.192338
4.4	1.0129	3.50151	1.57916	0.0744428	0.191977
4.405	1.01294	3.50651	1.57879	0.0735248	0.191615
4.41	1.01298	3.51151	1.57842	0.0726073	0.191251
4.415	1.01302	3.51651	1.57806	0.0716903	0.190886
4.42	1.01305	3.52151	1.5777	0.0707738	0.190518
4.425	1.01308	3.52651	1.57735	0.0698579	0.190149
4.43	1.01311	3.53151	1.577	0.0689426	0.189778
4.435	1.01314	3.53651	1.57665	0.0680279	0.189406
4.44	1.01317	3.54151	1.57631	0.0671137	0.189031
4.445	1.0132	3.54651	1.57598	0.0662003	0.188655
4.45	1.01322	3.55151	1.57565	0.0652874	0.188277
4.455	1.01324	3.55651	1.57532	0.0643753	0.187898
4.46	1.01326	3.56151	1.575	0.0634639	0.187517
4.465	1.01328	3.56651	1.57468	0.0625532	0.187134
4.47	1.0133	3.57151	1.57437	0.0616432	0.186749
4.475	1.01332	3.57651	1.57406	0.060734	0.186363
4.48	1.01333	3.58151	1.57376	0.0598256	0.185975
4.485	1.01335	3.58651	1.57346	0.058918	0.185586
4.49	1.01336	3.59151	1.57316	0.0580113	0.185194
4.495	1.01337	3.59651	1.57287	0.0571054	0.184802
4.5	1.01338	3.60151	1.57259	0.0562003	0.184407
4.505	1.01338	3.60651	1.57231	0.0552962	0.184011
4.51	1.01339	3.61151	1.57203	0.054393	0.183613
4.515	1.0134	3.61651	1.57176	0.0534907	0.183214
4.52	1.0134	3.62151	1.57149	0.0525894	0.182813
4.525	1.0134	3.62651	1.57123	0.0516891	0.182411
4.53	1.0134	3.63151	1.57097	0.0507897	0.182007
4.535	1.0134	3.63651	1.57072	0.0498914	0.181601
4.54	1.0134	3.64151	1.57047	0.0489942	0.181194
4.545	1.0134	3.64651	1.57022	0.048098	0.180785
4.55	1.01339	3.65151	1.56998	0.0472029	0.180375
4.555	1.01339	3.65651	1.56975	0.0463089	0.179963
4.56	1.01338	3.66151	1.56951	0.045416	0.179549
4.565	1.01337	3.66651	1.56929	0.0445244	0.179134
4.57	1.01337	3.67151	1.56906	0.0436338	0.178718
4.575	1.01336	3.67651	1.56885	0.0427445	0.1783
4.58	1.01334	3.68151	1.56863	0.0418564	0.17788
4.585	1.01333	3.68651	1.56842	0.0409696	0.177459
4.59	1.01332	3.69151	1.56822	0.040084	0.177037
4.595	1.01331	3.69651	1.56802	0.0391997	0.176613
4.6	1.01329	3.70151	1.56782	0.0383167	0.176187
4.605	1.01328	3.70651	1.56763	0.037435	0.17576
4.61	1.01326	3.71151	1.56744	0.0365547	0.175332
4.615	1.01324	3.71651	1.56726	0.0356758	0.174902
4.62	1.01322	3.72151	1.56708	0.0347982	0.17447
4.625	1.0132	3.72651	1.56691	0.0339221	0.174037
4.63	1.01318	3.73151	1.56674	0.0330474	0.173603
4.635	1.01316	3.73651	1.56657	0.0321742	0.173167
4.64	1.01314	3.74151	1.56641	0.0313025	0.17273
4.645	1.01312	3.74651	1.56626	0.0304323	0.172291
4.65	1.01309	3.75151	1.5661	0.0295636	0.171851
4.655	1.01307	3.75651	1.56596	0.0286964	0.171409
4.66	1.01304	3.76151	1.56581	0.0278309	0.170966
4.665	1.01302	3.76651	1.56567	0.0269669	0.170522
4.67	1.01299	3.77151	1.56554	0.0261046	0.170076
4.675	1.01297	3.77651	1.56541	0.0252439	0.169628
4.68	1.01294	3.78151	1.56528	0.0243848	0.16918
4.685	1.01291	3.78651	1.56516	0.0235275	0.168729
4.69	1.01288	3.79151	1.56504	0.0226718	0.168278
4.695	1.01285	3.79651	1.56493	0.0218179	0.167825
4.7	1.01282	3.80151	1.56482	0.0209657	0.167371
4.705	1.01279	3.80651	1.56471	0.0201154	0.166915
4.71	1.01276	3.81151	1.56461	0.0192668	0.166458
4.715	1.01273	3.81651	1.56452	0.01842	0.165999
4.72	1.0127	3.82151	1.56443	0.0175751	0.165539
4.725	1.01267	3.82651	1.56434	0.0167321	0.165078
4.73	1.01263	3.83151	1.56425	0.0158909	0.164615
4.735	1.0126	3.83651	1.56417	0.0150517	0.164151
4.74	1.01257	3.84151	1.5641	0.0142143	0.163686
4.745	1.01253	3.84651	1.56403	0.013379	0.163219
4.75	1.0125	3.85151	1.56396	0.0125456	0.162751
4.755	1.01246	3.85651	1.5639	0.0117143	0.162281
4.76	1.01243	3.86151	1.56384	0.0108849	0.16181
4.765	1.01239	3.8665	1.56379	0.0100576	0.161338
4.77	1.01236	3.8715	1.56374	0.00923241	0.160864
4.775	1.01232	3.8765	1.56369	0.00840929	0.160389
4.78	1.01229	3.8815	1.56365	0.00758829	0.159913
4.785	1.01225	3.8865	1.56361	0.00676943	0.159435
4.79	1.01221	3.8915	1.56358	0.00595273	0.158956
4.795	1.01218	3.8965	1.56355	0.00513822	0.158476
4.8	1.01214	3.9015	1.56352	0.00432592	0.157994
4.805	1.01211	3.9065	1.5635	0.00351585	0.157511
4.81	1.01207	3.9115	1.56348	0.00270803	0.157027
4.815	1.01203	3.9165	1.56347	0.0019025	0.156541
4.82	1.012	3.9215	1.56346	0.00109927	0.156054
4.825	1.01196	3.9265	1.56345	0.000298364	0.155566
4.83	1.01192	3.9315	1.56345	-0.000500194	0.155076
4.835	1.01189	3.9365	1.56345	-0.00129638	0.154585
4.84	1.01185	3.9415	1.56346	-0.00209017	0.154093
4.845	1.01181	3.9465	1.56347	-0.00288155	0.153599
4.85	1.01178	3.9515	1.56348	-0.00367048	0.153104
4.855	1.01174	3.9565	1.5635	-0.00445696	0.152608
4.86	1.0117	3.9615	1.56352	-0.00524094	0.15211
4.865	1.01167	3.9665	1.56355	-0.00602242	0.151611
4.87	1.01163	3.9715	1.56358	-0.00680136	0.151111
4.875	1.01159	3.9765	1.56362	-0.00757774	0.150609
4.88	1.01156	3.9815	1.56365	-0.00835155	0.150106
4.885	1.01152	3.9865	1.56369	-0.00912275	0.149602
4.89	1.01149	3.9915	1.56374	-0.00989133	0.149096
4.895	1.01145	3.9965	1.56379	-0.0106573	0.14859
4.9	1.01142	4.0015	1.56384	-0.0114205	0.148081
4.905	1.01138	4.0065	1.5639	-0.0121811	0.147572
4.91	1.01135	4.0115	1.56396	-0.0129389	0.147061
4.915	1.01132	4.0165	1.56403	-0.013694	0.146549
4.92	1.01128	4.0215	1.56409	-0.0144464	0.146036
4.925	1.01125	4.0265	1.56417	-0.0151959	0.145521
4.93	1.01122	4.0315	1.56424	-0.0159427	0.145005
4.935	1.01118	4.0365	1.56432	-0.0166866	0.144488
4.94	1.01115	4.0415	1.56441	-0.0174276	0.143969
4.945	1.01112	4.0465	1.56449	-0.0181658	0.143449
4.95	1.01109	4.0515	1.56458	-0.0189011	0.142928
4.955	1.01106	4.0565	1.56468	-0.0196334	0.142405
4.96	1.01103	4.0615	1.56478	-0.0203628	0.141882
4.965	1.011	4.0665	1.56488	-0.0210892	0.141356
4.97	1.01097	4.0715	1.56498	-0.0218126	0.14083
4.975	1.01094	4.0765	1.56509	-0.022533	0.140302
4.98	1.01091	4.0815	1.56521	-0.0232504	0.139773
4.985	1.01089	4.0865	1.56532	-0.0239647	0.139243
4.99	1.01086	4.0915	1.56544	-0.0246759	0.138711
4.995	1.01083	4.0965	1.56556	-0.025384	0.138178
5	1.01081	4.1015	1.56569	-0.026089	0.137644
5.005	1.01078	4.1065	1.56582	-0.0267908	0.137108
5.01	1.01076	4.1115	1.56596	-0.0274894	0.136571
5.015	1.01074	4.1165	1.56609	-0.0281848	0.136033
5.02	1.01071	4.1215	1.56623	-0.0288771	0.135494
5.025	1.01069	4.1265	1.56638	-0.029566	0.134953
5.03	1.01067	4.1315	1.56653	-0.0302517	0.134411
5.035	1.01065	4.1365	1.56668	-0.0309341	0.133867
5.04	1.01063	4.1415	1.56683	-0.0316132	0.133322
5.045	1.01061	4.1465	1.56699	-0.0322889	0.132776
5.05	1.01059	4.1515	1.56715	-0.0329613	0.132229
5.055	1.01057	4.15651	1.56732	-0.0336303	0.13168
5.06	1.01056	4.16151	1.56749	-0.0342959	0.13113
5.065	1.01054	4.16651	1.56766	-0.034958	0.130579
5.07	1.01053	4.17151	1.56783	-0.0356168	0.130026
5.075	1.01051	4.17651	1.56801	-0.036272	0.129472
5.08	1.0105	4.18151	1.56819	-0.0369237	0.128917
5.085	1.01049	4.18651	1.56838	-0.0375719	0.12836
5.09	1.01048	4.19151	1.56856	-0.0382166	0.127802
5.095	1.01047	4.19651	1.56875	-0.0388577	0.127243
5.1	1.01046	4.20151	1.56895	-0.0394953	0.126683
5.105	1.01045	4.20651	1.56915	-0.0401292	0.126121
5.11	1.01044	4.21151	1.56935	-0.0407595	0.125557
5.115	1.01044	4.21651	1.56955	-0.0413861	0.124993
5.12	1.01043	4.22151	1.56976	-0.0420091	0.124427
5.125	1.01043	4.22651	1.56997	-0.0426284	0.12386
5.13	1.01042	4.23151	1.57018	-0.0432439	0.123291
5.135	1.01042	4.23651	1.5704	-0.0438557	0.122721
5.14	1.01042	4.24151	1.57062	-0.0444638	0.12215
5.145	1.01042	4.24651	1.57084	-0.0450681	0.121578
5.15	1.01042	4.25151	1.57106	-0.0456685	0.121004
5.155	1.01042	4.25651	1.57129	-0.0462652	0.120428
5.16	1.01043	4.26151	1.57152	-0.0468579	0.119852
5.165	1.01043	4.26651	1.57176	-0.0474469	0.119274
5.17	1.01044	4.27151	1.572	-0.0480319	0.118695
5.175	1.01045	4.27651	1.57224	-0.048613	0.118114
5.18	1.01045	4.28151	1.57248	-0.0491902	0.117532
5.185	1.01046	4.28651	1.57272	-0.0497634	0.116949
5.19	1.01047	4.29151	1.57297	-0.0503327	0.116364
5.195	1.01049	4.29651	1.57322	-0.0508979	0.115778
5.2	1.0105	4.30151	1.57348	-0.0514592	0.115191
5.205	1.01051	4.30651	1.57374	-0.0520164	0.114602
5.21	1.01053	4.31151	1.574	-0.0525695	0.114012
5.215	1.01055	4.31651	1.57426	-0.0531186	0.11342
5.22	1.01057	4.32151	1.57453	-0.0536636	0.112827
5.225	1.01059	4.32651	1.57479	-0.0542044	0.112233
5.23	1.01061	4.33151	1.57506	-0.0547411	0.111638
5.235	1.01063	4.33651	1.57534	-0.0552736	0.111041
5.24	1.01065	4.34151	1.57561	-0.055802	0.110442
5.245	1.01068	4.34651	1.57589	-0.0563261	0.109843
5.25	1.01071	4.35151	1.57618	-0.0568461	0.109242
5.255	1.01074	4.35651	1.57646	-0.0573618	0.108639
5.26	1.01077	4.36151	1.57675	-0.0578732	0.108035
5.265	1.0108	4.36651	1.57704	-0.0583803	0.10743
5.27	1.01083	4.37151	1.57733	-0.0588832	0.106824
5.275	1.01086	4.37651	1.57762	-0.0593817	0.106216
5.28	1.0109	4.38151	1.57792	-0.0598759	0.105606
5.285	1.01094	4.38651	1.57822	-0.0603657	0.104996
5.29	1.01097	4.39151	1.57852	-0.0608511	0.104383
5.295	1.01101	4.39651	1.57882	-0.0613322	0.10377
5.3	1.01106	4.40151	1.57913	-0.0618088	0.103155
5.305	1.0111	4.40651	1.57944	-0.062281	0.102538
5.31	1.01114	4.41151	1.57975	-0.0627487	0.101921
5.315	1.01119	4.41651	1.58006	-0.063212	0.101301
5.32	1.01124	4.42151	1.58038	-0.0636707	0.100681
5.325	1.01129	4.42651	1.5807	-0.064125	0.100059
5.33	1.01134	4.43151	1.58102	-0.0645747	0.0994355
5.335	1.01139	4.43651	1.58134	-0.0650199	0.0988107
5.34	1.01145	4.44151	1.58167	-0.0654605	0.0981844
5.345	1.0115	4.44651	1.582	-0.0658965	0.0975567
5.35	1.01156	4.4515	1.58232	-0.0663279	0.0969276
5.355	1.01162	4.4565	1.58266	-0.0667547	0.0962971
5.36	1.01168	4.4615	1.58299	-0.0671769	0.0956651
5.365	1.01174	4.4665	1.58333	-0.0675944	0.0950317
5.37	1.01181	4.4715	1.58366	-0.0680072	0.0943969
5.375	1.01187	4.4765	1.584	-0.0684154	0.0937606
5.38	1.01194	4.4815	1.58435	-0.0688188	0.0931229
5.385	1.01201	4.4865	1.58469	-0.0692175	0.0924838
5.39	1.01208	4.4915	1.58504	-0.0696115	0.0918432
5.395	1.01215	4.4965	1.58538	-0.0700007	0.0912012
5.4	1.01223	4.5015	1.58573	-0.0703852	0.0905577
5.405	1.01231	4.5065	1.58609	-0.0707648	0.0899127
5.41	1.01238	4.5115	1.58644	-0.0711397	0.0892663
5.415	1.01246	4.5165	1.5868	-0.0715097	0.0886185
5.42	1.01255	4.5215	1.58715	-0.0718749	0.0879691
5.425	1.01263	4.5265	1.58751	-0.0722352	0.0873184
5.43	1.01271	4.5315	1.58787	-0.0725907	0.0866661
5.435	1.0128	4.5365	1.58824	-0.0729412	0.0860124
5.44	1.01289	4.54149	1.5886	-0.0732869	0.0853572
5.445	1.01298	4.54649	1.58897	-0.0736277	0.0847006
5.45	1.01307	4.55149	1.58934	-0.0739635	0.0840425
5.455	1.01317	4.55649	1.58971	-0.0742944	0.0833829
5.46	1.01327	4.56149	1.59008	-0.0746203	0.0827218
5.465	1.01336	4.56649	1.59045	-0.0749412	0.0820592
5.47	1.01346	4.57149	1.59083	-0.0752572	0.0813951
5.475	1.01357	4.57649	1.5912	-0.0755681	0.0807296
5.48	1.01367	4.58149	1.59158	-0.0758741	0.0800626
5.485	1.01378	4.58649	1.59196	-0.0761749	0.079394
5.49	1.01388	4.59149	1.59234	-0.0764708	0.078724
5.495	1.01399	4.59648	1.59272	-0.0767616	0.0780525
5.5	1.0141	4.60148	1.59311	-0.0770473	0.0773795
5.505	1.01422	4.60648	1.59349	-0.0773279	0.0767049
5.51	1.01433	4.61148	1.59388	-0.0776034	0.0760289
5.515	1.01445	4.61648	1.59427	-0.0778739	0.0753514
5.52	1.01457	4.62148	1.59466	-0.0781391	0.0746723
5.525	1.01469	4.62648	1.59505	-0.0783993	0.0739917
5.53	1.01481	4.63147	1.59544	-0.0786543	0.0733097
5.535	1.01494	4.63647	1.59583	-0.0789041	0.0726261
5.54	1.01507	4.64147	1.59623	-0.0791488	0.0719409
5.545	1.0152	4.64647	1.59662	-0.0793882	0.0712543
5.55	1.01533	4.65147	1.59702	-0.0796225	0.0705661
5.555	1.01546	4.65647	1.59742	-0.0798516	0.0698764
5.56	1.0156	4.66146	1.59782	-0.0800754	0.0691852
5.565	1.01573	4.66646	1.59822	-0.080294	0.0684925
5.57	1.01587	4.67146	1.59862	-0.0805073	0.0677982
5.575	1.01601	4.67646	1.59902	-0.0807154	0.0671024
5.58	1.01616	4.68146	1.59942	-0.0809183	0.066405
5.585	1.0163	4.68645	1.59983	-0.0811158	0.0657061
5.59	1.01645	4.69145	1.60023	-0.0813081	0.0650056
5.595	1.0166	4.69645	1.60064	-0.081495	0.0643037
5.6	1.01675	4.70145	1.60105	-0.0816767	0.0636001
5.605	1.0169	4.70644	1.60146	-0.081853	0.062895
5.61	1.01706	4.71144	1.60187	-0.0820241	0.0621884
5.615	1.01721	4.71644	1.60228	-0.0821897	0.0614802
5.62	1.01737	4.72144	1.60269	-0.0823501	0.0607704
5.625	1.01754	4.72643	1.6031	-0.082505	0.0600591
5.63	1.0177	4.73143	1.60351	-0.0826546	0.0593462
5.635	1.01786	4.73643	1.60392	-0.0827989	0.0586318
5.64	1.01803	4.74143	1.60434	-0.0829377	0.0579158
5.645	1.0182	4.74642	1.60475	-0.0830712	0.0571982
5.65	1.01837	4.75142	1.60517	-0.0831992	0.0564791
5.655	1.01855	4.75642	1.60558	-0.0833219	0.0557584
5.66	1.01872	4.76141	1.606	-0.0834391	0.0550361
5.665	1.0189	4.76641	1.60642	-0.083551	0.0543122
5.67	1.01908	4.77141	1.60684	-0.0836573	0.0535868
5.675	1.01926	4.7764	1.60725	-0.0837583	0.0528598
5.68	1.01945	4.7814	1.60767	-0.0838538	0.0521312
5.685	1.01964	4.7864	1.60809	-0.0839439	0.051401
5.69	1.01982	4.79139	1.60851	-0.0840285	0.0506692
5.695	1.02001	4.79639	1.60893	-0.0841076	0.0499359
5.7	1.02021	4.80139	1.60935	-0.0841813	0.0492009
5.705	1.0204	4.80638	1.60977	-0.0842495	0.0484644
5.71	1.0206	4.81138	1.61019	-0.0843122	0.0477263
5.715	1.0208	4.81638	1.61062	-0.0843694	0.0469866
5.72	1.021	4.82137	1.61104	-0.0844212	0.0462453
5.725	1.0212	4.82637	1.61146	-0.0844674	0.0455024
5.73	1.02141	4.83136	1.61188	-0.0845081	0.0447579
5.735	1.02162	4.83636	1.61231	-0.0845433	0.0440118
5.74	1.02182	4.84135	1.61273	-0.084573	0.0432641
5.745	1.02204	4.84635	1.61315	-0.0845972	0.0425148
5.75	1.02225	4.85135	1.61357	-0.0846159	0.0417639
5.755	1.02247	4.85634	1.614	-0.0846291	0.0410113
5.76	1.02268	4.86134	1.61442	-0.0846367	0.0402572
5.765	1.0229	4.86633	1.61484	-0.0846388	0.0395015
5.77	1.02313	4.87133	1.61527	-0.0846353	0.0387442
5.775	1.02335	4.87632	1.61569	-0.0846263	0.0379852
5.78	1.02358	4.88132	1.61611	-0.0846118	0.0372246
5.785	1.02381	4.88631	1.61654	-0.0845917	0.0364625
5.79	1.02404	4.89131	1.61696	-0.0845661	0.0356987
5.795	1.02427	4.8963	1.61738	-0.0845349	0.0349333
5.8	1.0245	4.90129	1.6178	-0.0844981	0.0341662
5.805	1.02474	4.90629	1.61823	-0.0844558	0.0333976
5.81	1.02498	4.91128	1.61865	-0.084408	0.0326273
5.815	1.02522	4.91628	1.61907	-0.0843546	0.0318554
5.82	1.02547	4.92127	1.61949	-0.0842956	0.0310819
5.825	1.02571	4.92627	1.61991	-0.0842311	0.0303068
5.83	1.02596	4.93126	1.62034	-0.084161	0.0295301
5.835	1.02621	4.93625	1.62076	-0.0840853	0.0287517
5.84	1.02646	4.94125	1.62118	-0.0840041	0.0279717
5.845	1.02671	4.94624	1.6216	-0.0839173	0.0271901
5.85	1.02697	4.95123	1.62202	-0.0838249	0.0264068
5.855	1.02723	4.95623	1.62244	-0.083727	0.0256219
5.86	1.02749	4.96122	1.62285	-0.0836235	0.0248354
5.865	1.02775	4.96621	1.62327	-0.0835145	0.0240473
5.87	1.02802	4.97121	1.62369	-0.0833998	0.0232575
5.875	1.02828	4.9762	1.62411	-0.0832796	0.0224661
5.88	1.02855	4.98119	1.62452	-0.0831539	0.021673
5.885	1.02882	4.98618	1.62494	-0.0830225	0.0208784
5.89	1.02909	4.99118	1.62535	-0.0828857	0.0200821
5.895	1.02937	4.99617	1.62577	-0.0827432	0.0192842
5.9	1.02964	5.00116	1.62618	-0.0825952	0.0184846
5.905	1.02992	5.00615	1.62659	-0.0824416	0.0176834
5.91	1.0302	5.01115	1.62701	-0.0822825	0.0168806
5.915	1.03049	5.01614	1.62742	-0.0821178	0.0160761
5.92	1.03077	5.02113	1.62783	-0.0819476	0.01527
5.925	1.03106	5.02612	1.62824	-0.0817718	0.0144623
5.93	1.03135	5.03111	1.62865	-0.0815905	0.0136529
5.935	1.03164	5.0361	1.62906	-0.0814036	0.0128419
5.94	1.03193	5.0411	1.62946	-0.0812112	0.0120292
5.945	1.03223	5.04609	1.62987	-0.0810132	0.0112149
5.95	1.03253	5.05108	1.63027	-0.0808097	0.010399
5.955	1.03282	5.05607	1.63068	-0.0806007	0.00958148
5.96	1.03313	5.06106	1.63108	-0.0803862	0.0087623
5.965	1.03343	5.06605	1.63148	-0.0801661	0.00794148
5.97	1.03373	5.07104	1.63188	-0.0799405	0.00711902
5.975	1.03404	5.07603	1.63228	-0.0797094	0.00629493
5.98	1.03435	5.08102	1.63268	-0.0794728	0.0054692
5.985	1.03466	5.08601	1.63308	-0.0792306	0.00464184
5.99	1.03498	5.091	1.63348	-0.078983	0.00381284
5.995	1.03529	5.09599	1.63387	-0.0787299	0.00298221
6	1.03561	5.10098	1.63426	-0.0784712	0.00214994
6.005	1.03593	5.10597	1.63466	-0.0782071	0.00131605
6.01	1.03625	5.11096	1.63505	-0.0779375	0.000480513
6.015	1.03657	5.11595	1.63544	-0.0776624	-0.000356653
6.02	1.0369	5.12094	1.63583	-0.0773819	-0.00119545
6.025	1.03722	5.12593	1.63621	-0.0770959	-0.00203588
6.03	1.03755	5.13092	1.6366	-0.0768044	-0.00287794
6.035	1.03788	5.13591	1.63698	-0.0765075	-0.00372163
6.04	1.03821	5.1409	1.63736	-0.0762051	-0.00456695
6.045	1.03855	5.14589	1.63775	-0.0758973	-0.0054139
6.05	1.03889	5.15088	1.63812	-0.0755841	-0.00626247
6.055	1.03922	5.15586	1.6385	-0.0752654	-0.00711268
6.06	1.03956	5.16085	1.63888	-0.0749413	-0.00796451
6.065	1.03991	5.16584	1.63925	-0.0746118	-0.00881796
6.07	1.04025	5.17083	1.63963	-0.0742769	-0.00967304
6.075	1.0406	5.17582	1.64	-0.0739366	-0.0105297
6.08	1.04094	5.1808	1.64037	-0.0735909	-0.0113881
6.085	1.04129	5.18579	1.64074	-0.0732398	-0.012248
6.09	1.04164	5.19078	1.6411	-0.0728834	-0.0131096
6.095	1.042	5.19577	1.64147	-0.0725216	-0.0139728
6.1	1.04235	5.20076	1.64183	-0.0721544	-0.0148376
6.105	1.04271	5.20574	1.64219	-0.0717819	-0.015704
6.11	1.04307	5.21073	1.64255	-0.071404	-0.016572
6.115	1.04343	5.21572	1.64291	-0.0710208	-0.0174417
6.12	1.04379	5.2207	1.64326	-0.0706323	-0.0183129
6.125	1.04415	5.22569	1.64361	-0.0702384	-0.0191858
6.13	1.04452	5.23068	1.64396	-0.0698393	-0.0200603
6.135	1.04489	5.23566	1.64431	-0.0694348	-0.0209364
6.14	1.04525	5.24065	1.64466	-0.0690251	-0.0218141
6.145	1.04563	5.24564	1.64501	-0.0686101	-0.0226934
6.15	1.046	5.25062	1.64535	-0.0681898	-0.0235743
6.155	1.04637	5.25561	1.64569	-0.0677643	-0.0244568
6.16	1.04675	5.26059	1.64603	-0.0673335	-0.0253409
6.165	1.04712	5.26558	1.64637	-0.0668975	-0.0262266
6.17	1.0475	5.27057	1.6467	-0.0664562	-0.0271139
6.175	1.04788	5.27555	1.64703	-0.0660097	-0.0280028
6.18	1.04827	5.28054	1.64736	-0.0655581	-0.0288933
6.185	1.04865	5.28552	1.64769	-0.0651012	-0.0297853
6.19	1.04904	5.29051	1.64802	-0.0646391	-0.030679
6.195	1.04942	5.29549	1.64834	-0.0641719	-0.0315742
6.2	1.04981	5.30048	1.64866	-0.0636995	-0.0324711
6.205	1.0502	5.30546	1.64898	-0.0632219	-0.0333695
6.21	1.0506	5.31045	1.64929	-0.0627392	-0.0342695
6.215	1.05099	5.31543	1.64961	-0.0622514	-0.035171
6.22	1.05138	5.32041	1.64992	-0.0617584	-0.0360742
6.225	1.05178	5.3254	1.65023	-0.0612603	-0.0369789
6.23	1.05218	5.33038	1.65053	-0.0607572	-0.0378852
6.235	1.05258	5.33537	1.65084	-0.0602489	-0.038793
6.24	1.05298	5.34035	1.65114	-0.0597356	-0.0397024
6.245	1.05338	5.34533	1.65144	-0.0592172	-0.0406134
6.25	1.05379	5.35032	1.65173	-0.0586937	-0.041526
6.255	1.05419	5.3553	1.65203	-0.0581653	-0.04244
6.26	1.0546	5.36028	1.65232	-0.0576318	-0.0433557
6.265	1.05501	5.36527	1.65261	-0.0570932	-0.0442729
6.27	1.05542	5.37025	1.65289	-0.0565497	-0.0451916
6.275	1.05583	5.37523	1.65318	-0.0560012	-0.0461119
6.28	1.05624	5.38022	1.65346	-0.0554477	-0.0470338
6.285	1.05666	5.3852	1.65373	-0.0548892	-0.0479572
6.29	1.05707	5.39018	1.65401	-0.0543258	-0.0488821
6.295	1.05749	5.39516	1.65428	-0.0537575	-0.0498085
6.3	1.05791	5.40015	1.65455	-0.0531842	-0.0507365
6.305	1.05833	5.40513	1.65481	-0.052606	-0.051666
6.31	1.05875	5.41011	1.65508	-0.0520229	-0.052597
6.315	1.05917	5.41509	1.65534	-0.0514349	-0.0535296
6.32	1.05959	5.42008	1.65559	-0.050842	-0.0544637
6.325	1.06002	5.42506	1.65585	-0.0502443	-0.0553993
6.33	1.06045	5.43004	1.6561	-0.0496417	-0.0563364
6.335	1.06087	5.43502	1.65635	-0.0490343	-0.057275
6.34	1.0613	5.44	1.65659	-0.0484221	-0.0582151
6.345	1.06173	5.44498	1.65683	-0.0478051	-0.0591567
6.35	1.06216	5.44997	1.65707	-0.0471833	-0.0600998
6.355	1.06259	5.45495	1.65731	-0.0465567	-0.0610444
6.36	1.06303	5.45993	1.65754	-0.0459253	-0.0619905
6.365	1.06346	5.46491	1.65777	-0.0452892	-0.0629381
6.37	1.0639	5.46989	1.658	-0.0446483	-0.0638872
6.375	1.06433	5.47487	1.65822	-0.0440027	-0.0648377
6.38	1.06477	5.47985	1.65844	-0.0433524	-0.0657897
6.385	1.06521	5.48483	1.65866	-0.0426974	-0.0667432
6.39	1.06565	5.48981	1.65887	-0.0420377	-0.0676982
6.395	1.06609	5.49479	1.65908	-0.0413734	-0.0686546
6.4	1.06653	5.49978	1.65929	-0.0407044	-0.0696125
6.405	1.06698	5.50476	1.65949	-0.0400307	-0.0705718
6.41	1.06742	5.50974	1.65969	-0.0393525	-0.0715326
6.415	1.06786	5.51472	1.65989	-0.0386696	-0.0724949
6.42	1.06831	5.5197	1.66008	-0.0379821	-0.0734586
6.425	1.06876	5.52468	1.66027	-0.0372901	-0.0744237
6.43	1.0692	5.52966	1.66046	-0.0365934	-0.0753903
6.435	1.06965	5.53464	1.66064	-0.0358923	-0.0763583
6.44	1.0701	5.53962	1.66082	-0.0351865	-0.0773277
6.445	1.07055	5.5446	1.661	-0.0344763	-0.0782985
6.45	1.071	5.54957	1.66117	-0.0337615	-0.0792708
6.455	1.07146	5.55455	1.66134	-0.0330423	-0.0802444
6.46	1.07191	5.55953	1.6615	-0.0323186	-0.0812195
6.465	1.07236	5.56451	1.66167	-0.0315904	-0.082196
6.47	1.07282	5.56949	1.66182	-0.0308578	-0.0831739
6.475	1.07327	5.57447	1.66198	-0.0301207	-0.0841532
6.48	1.07373	5.57945	1.66213	-0.0293792	-0.0851338
6.485	1.07419	5.58443	1.66227	-0.0286333	-0.0861159
6.49	1.07464	5.58941	1.66242	-0.027883	-0.0870993
6.495	1.0751	5.59439	1.66256	-0.0271283	-0.0880841
6.5	1.07556	5.59937	1.66269	-0.0263693	-0.0890703
6.505	1.07602	5.60435	1.66282	-0.025606	-0.0900578
6.51	1.07648	5.60932	1.66295	-0.0248383	-0.0910467
6.515	1.07694	5.6143	1.66308	-0.0240662	-0.092037
6.52	1.0774	5.61928	1.6632	-0.0232899	-0.0930286
6.525	1.07786	5.62426	1.66331	-0.0225093	-0.0940216
6.53	1.07833	5.62924	1.66343	-0.0217245	-0.0950158
6.535	1.07879	5.63422	1.66354	-0.0209354	-0.0960115
6.54	1.07925	5.6392	1.66364	-0.020142	-0.0970084
6.545	1.07972	5.64418	1.66374	-0.0193444	-0.0980067
6.55	1.08018	5.64915	1.66384	-0.0185426	-0.0990063
6.555	1.08065	5.65413	1.66393	-0.0177366	-0.100007
6.56	1.08111	5.65911	1.66402	-0.0169265	-0.101009
6.565	1.08158	5.66409	1.6641	-0.0161122	-0.102013
6.57	1.08204	5.66907	1.66418	-0.0152937	-0.103018
6.575	1.08251	5.67404	1.66426	-0.0144711	-0.104024
6.58	1.08298	5.67902	1.66433	-0.0136443	-0.105031
6.585	1.08344	5.684	1.6644	-0.0128135	-0.10604
6.59	1.08391	5.68898	1.66446	-0.0119786	-0.10705
6.595	1.08438	5.69396	1.66452	-0.0111396	-0.108061
6.6	1.08485	5.69894	1.66458	-0.0102966	-0.109074
6.605	1.08532	5.70391	1.66463	-0.0094495	-0.110087
6.61	1.08579	5.70889	1.66468	-0.00859839	-0.111102
6.615	1.08625	5.71387	1.66472	-0.00774328	-0.112119
6.62	1.08672	5.71885	1.66476	-0.00688416	-0.113136
6.625	1.08719	5.72383	1.6648	-0.00602107	-0.114155
6.63	1.08766	5.7288	1.66483	-0.00515401	-0.115175
6.635	1.08813	5.73378	1.66485	-0.004283	-0.116196
6.64	1.0886	5.73876	1.66487	-0.00340806	-0.117218
6.645	1.08907	5.74374	1.66489	-0.00252919	-0.118242
6.65	1.08954	5.74871	1.6649	-0.00164643	-0.119266
6.655	1.09001	5.75369	1.66491	-0.00075977	-0.120292
6.66	1.09048	5.75867	1.66491	0.00013076	-0.121319
6.665	1.09095	5.76365	1.66491	0.00102515	-0.122348
6.67	1.09142	5.76862	1.66491	0.00192338	-0.123377
6.675	1.09189	5.7736	1.6649	0.00282544	-0.124408
6.68	1.09236	5.77858	1.66488	0.00373132	-0.12544
6.685	1.09283	5.78356	1.66487	0.00464099	-0.126473
6.69	1.0933	5.78854	1.66484	0.00555445	-0.127507
6.695	1.09377	5.79351	1.66482	0.00647168	-0.128542
6.7	1.09424	5.79849	1.66478	0.00739266	-0.129578
6.705	1.09471	5.80347	1.66475	0.00831737	-0.130616
6.71	1.09518	5.80845	1.6647	0.00924582	-0.131655
6.715	1.09565	5.81343	1.66466	0.010178	-0.132694
6.72	1.09611	5.8184	1.66461	0.0111138	-0.133735
6.725	1.09658	5.82338	1.66455	0.0120533	-0.134777
6.73	1.09705	5.82836	1.66449	0.0129965	-0.13582
6.735	1.09752	5.83334	1.66443	0.0139434	-0.136864
6.74	1.09798	5.83832	1.66436	0.0148938	-0.137909
6.745	1.09845	5.84329	1.66428	0.0158479	-0.138956
6.75	1.09892	5.84827	1.6642	0.0168056	-0.140003
6.755	1.09938	5.85325	1.66412	0.0177669	-0.141051
6.76	1.09985	5.85823	1.66403	0.0187318	-0.142101
6.765	1.10031	5.86321	1.66394	0.0197002	-0.143151
6.77	1.10078	5.86819	1.66384	0.0206722	-0.144203
6.775	1.10124	5.87316	1.66373	0.0216477	-0.145255
6.78	1.10171	5.87814	1.66363	0.0226267	-0.146309
6.785	1.10217	5.88312	1.66351	0.0236092	-0.147363
6.79	1.10263	5.8881	1.66339	0.0245952	-0.148419
6.795	1.10309	5.89308	1.66327	0.0255847	-0.149476
6.8	1.10355	5.89806	1.66314	0.0265777	-0.150533
6.805	1.10401	5.90304	1.66301	0.0275741	-0.151592
6.81	1.10447	5.90801	1.66287	0.0285739	-0.152651
6.815	1.10493	5.91299	1.66273	0.0295772	-0.153711
6.82	1.10539	5.91797	1.66258	0.0305838	-0.154773
6.825	1.10585	5.92295	1.66243	0.0315939	-0.155835
6.83	1.10631	5.92793	1.66227	0.0326073	-0.156898
6.835	1.10676	5.93291	1.66211	0.0336241	-0.157962
6.84	1.10722	5.93789	1.66194	0.0346442	-0.159028
6.845	1.10767	5.94287	1.66177	0.0356676	-0.160094
6.85	1.10812	5.94785	1.66159	0.0366944	-0.16116
6.855	1.10858	5.95283	1.66141	0.0377245	-0.162228
6.86	1.10903	5.95781	1.66122	0.0387579	-0.163297
6.865	1.10948	5.96279	1.66102	0.0397945	-0.164366
6.87	1.10993	5.96777	1.66082	0.0408345	-0.165437
6.875	1.11038	5.97275	1.66062	0.0418776	-0.166508
6.88	1.11082	5.97773	1.66041	0.0429241	-0.16758
6.885	1.11127	5.98271	1.6602	0.0439737	-0.168653
6.89	1.11172	5.98769	1.65998	0.0450265	-0.169727
6.895	1.11216	5.99267	1.65975	0.0460826	-0.170802
6.9	1.1126	5.99765	1.65952	0.0471418	-0.171877
6.905	1.11304	6.00263	1.65928	0.0482042	-0.172953
6.91	1.11349	6.00761	1.65904	0.0492698	-0.17403
6.915	1.11392	6.01259	1.6588	0.0503385	-0.175108
6.92	1.11436	6.01757	1.65855	0.0514103	-0.176187
6.925	1.1148	6.02255	1.65829	0.0524853	-0.177266
6.93	1.11524	6.02753	1.65803	0.0535633	-0.178346
6.935	1.11567	6.03251	1.65776	0.0546445	-0.179427
6.94	1.1161	6.03749	1.65749	0.0557287	-0.180508
6.945	1.11653	6.04247	1.65721	0.056816	-0.181591
6.95	1.11696	6.04746	1.65692	0.0579063	-0.182674
6.955	1.11739	6.05244	1.65663	0.0589997	-0.183758
6.96	1.11782	6.05742	1.65634	0.0600961	-0.184842
6.965	1.11825	6.0624	1.65604	0.0611956	-0.185927
6.97	1.11867	6.06738	1.65573	0.062298	-0.187013
6.975	1.11909	6.07237	1.65542	0.0634034	-0.188099
6.98	1.11951	6.07735	1.6551	0.0645119	-0.189186
6.985	1.11993	6.08233	1.65478	0.0656232	-0.190274
6.99	1.12035	6.08731	1.65445	0.0667376	-0.191363
6.995	1.12077	6.0923	1.65412	0.0678548	-0.192452
7	1.12118	6.09728	1.65378	0.068975	-0.193541
7.005	1.12159	6.10226	1.65343	0.0700981	-0.194631
7.01	1.122	6.10724	1.65308	0.0712242	-0.195722
7.015	1.12241	6.11223	1.65273	0.0723531	-0.196814
7.02	1.12282	6.11721	1.65237	0.0734849	-0.197906
7.025	1.12323	6.12219	1.652	0.0746195	-0.198998
7.03	1.12363	6.12718	1.65163	0.0757571	-0.200091
7.035	1.12403	6.13216	1.65125	0.0768974	-0.201185
7.04	1.12443	6.13715	1.65086	0.0780407	-0.202279
7.045	1.12483	6.14213	1.65047	0.0791867	-0.203374
7.05	1.12523	6.14711	1.65008	0.0803355	-0.204469
7.055	1.12562	6.1521	1.64967	0.0814872	-0.205565
7.06	1.12601	6.15708	1.64927	0.0826416	-0.206661
7.065	1.1264	6.16207	1.64885	0.0837988	-0.207758
7.07	1.12679	6.16705	1.64843	0.0849588	-0.208855
7.075	1.12718	6.17204	1.64801	0.0861215	-0.209952
7.08	1.12756	6.17702	1.64758	0.087287	-0.21105
7.085	1.12794	6.18201	1.64714	0.0884552	-0.212149
7.09	1.12832	6.18699	1.6467	0.0896261	-0.213248
7.095	1.1287	6.19198	1.64625	0.0907997	-0.214347
7.1	1.12907	6.19697	1.6458	0.0919761	-0.215446
7.105	1.12944	6.20195	1.64534	0.0931551	-0.216546
7.11	1.12981	6.20694	1.64487	0.0943368	-0.217647
7.115	1.13018	6.21193	1.6444	0.0955212	-0.218748
7.12	1.13055	6.21691	1.64392	0.0967082	-0.219849
7.125	1.13091	6.2219	1.64344	0.0978979	-0.22095
7.13	1.13127	6.22689	1.64295	0.0990902	-0.222052
7.135	1.13163	6.23187	1.64246	0.100285	-0.223154
7.14	1.13198	6.23686	1.64195	0.101483	-0.224256
7.145	1.13234	6.24185	1.64145	0.102683	-0.225359
7.15	1.13269	6.24684	1.64093	0.103886	-0.226462
7.155	1.13303	6.25182	1.64041	0.105091	-0.227565
7.16	1.13338	6.25681	1.63989	0.106299	-0.228668
7.165	1.13372	6.2618	1.63936	0.107509	-0.229772
7.17	1.13406	6.26679	1.63882	0.108722	-0.230876
7.175	1.1344	6.27178	1.63828	0.109938	-0.23198
7.18	1.13473	6.27677	1.63773	0.111156	-0.233084
7.185	1.13507	6.28175	1.63717	0.112377	-0.234188
7.19	1.13539	6.28674	1.63661	0.1136	-0.235293
7.195	1.13572	6.29173	1.63604	0.114826	-0.236397
7.2	1.13604	6.29672	1.63547	0.116054	-0.237502
7.205	1.13636	6.30171	1.63489	0.117284	-0.238607
7.21	1.13668	6.3067	1.6343	0.118517	-0.239712
7.215	1.137	6.31169	1.63371	0.119753	-0.240817
7.22	1.13731	6.31668	1.63311	0.120991	-0.241923
7.225	1.13762	6.32167	1.6325	0.122232	-0.243028
7.23	1.13792	6.32666	1.63189	0.123475	-0.244133
7.235	1.13822	6.33165	1.63127	0.12472	-0.245239
7.24	1.13852	6.33665	1.63065	0.125968	-0.246344
7.245	1.13882	6.34164	1.63002	0.127218	-0.247449
7.25	1.13911	6.34663	1.62939	0.128471	-0.248555
7.255	1.1394	6.35162	1.62874	0.129726	-0.24966
7.26	1.13969	6.35661	1.62809	0.130983	-0.250766
7.265	1.13997	6.3616	1.62744	0.132243	-0.251871
7.27	1.14025	6.3666	1.62678	0.133505	-0.252976
7.275	1.14053	6.37159	1.62611	0.13477	-0.254081
7.28	1.1408	6.37658	1.62544	0.136036	-0.255187
7.285	1.14107	6.38157	1.62476	0.137306	-0.256292
7.29	1.14133	6.38657	1.62407	0.138577	-0.257396
7.295	1.1416	6.39156	1.62338	0.139851	-0.258501
7.3	1.14186	6.39655	1.62268	0.141127	-0.259606
7.305	1.14211	6.40155	1.62197	0.142406	-0.26071
7.31	1.14236	6.40654	1.62126	0.143687	-0.261814
7.315	1.14261	6.41153	1.62054	0.14497	-0.262918
7.32	1.14286	6.41653	1.61982	0.146255	-0.264022
7.325	1.1431	6.42152	1.61909	0.147543	-0.265126
7.33	1.14334	6.42652	1.61835	0.148833	-0.266229
7.335	1.14357	6.43151	1.6176	0.150125	-0.267332
7.34	1.1438	6.43651	1.61685	0.15142	-0.268435
7.345	1.14403	6.4415	1.6161	0.152716	-0.269537
7.35	1.14425	6.4465	1.61533	0.154015	-0.270639
7.355	1.14447	6.45149	1.61456	0.155317	-0.271741
7.36	1.14468	6.45649	1.61379	0.15662	-0.272843
7.365	1.1449	6.46148	1.613	0.157926	-0.273944
7.37	1.1451	6.46648	1.61221	0.159234	-0.275044
7.375	1.14531	6.47147	1.61142	0.160544	-0.276145
7.38	1.1455	6.47647	1.61061	0.161856	-0.277245
7.385	1.1457	6.48146	1.6098	0.163171	-0.278344
7.39	1.14589	6.48646	1.60899	0.164487	-0.279443
7.395	1.14608	6.49146	1.60817	0.165806	-0.280542
7.4	1.14626	6.49645	1.60734	0.167127	-0.28164
7.405	1.14644	6.50145	1.6065	0.168451	-0.282737
7.41	1.14661	6.50645	1.60566	0.169776	-0.283834
7.415	1.14678	6.51145	1.60481	0.171104	-0.284931
7.42	1.14695	6.51644	1.60396	0.172433	-0.286027
7.425	1.14711	6.52144	1.60309	0.173765	-0.287122
7.43	1.14727	6.52644	1.60222	0.175099	-0.288217
7.435	1.14742	6.53144	1.60135	0.176435	-0.289311
7.44	1.14757	6.53643	1.60047	0.177773	-0.290405
7.445	1.14771	6.54143	1.59958	0.179114	-0.291498
7.45	1.14785	6.54643	1.59868	0.180456	-0.29259
7.455	1.14799	6.55143	1.59778	0.181801	-0.293681
7.46	1.14812	6.55643	1.59687	0.183147	-0.294772
7.465	1.14824	6.56142	1.59596	0.184496	-0.295862
7.47	1.14836	6.56642	1.59503	0.185847	-0.296952
7.475	1.14848	6.57142	1.5941	0.1872	-0.29804
7.48	1.14859	6.57642	1.59317	0.188555	-0.299128
7.485	1.1487	6.58142	1.59222	0.189912	-0.300215
7.49	1.1488	6.58642	1.59128	0.191271	-0.301301
7.495	1.1489	6.59142	1.59032	0.192632	-0.302387
7.5	1.14899	6.59642	1.58936	0.193995	-0.303471
7.505	1.14908	6.60141	1.58839	0.195361	-0.304555
7.51	1.14916	6.60641	1.58741	0.196728	-0.305638
7.515	1.14924	6.61141	1.58643	0.198097	-0.30672
7.52	1.14931	6.61641	1.58543	0.199469	-0.3078
7.525	1.14938	6.62141	1.58444	0.200842	-0.30888
7.53	1.14945	6.62641	1.58343	0.202217	-0.309959
7.535	1.1495	6.63141	1.58242	0.203595	-0.311037
7.54	1.14956	6.63641	1.5814	0.204974	-0.312114
7.545	1.1496	6.64141	1.58038	0.206356	-0.31319
7.55	1.14965	6.64641	1.57935	0.207739	-0.314265
7.555	1.14969	6.65141	1.57831	0.209125	-0.315338
7.56	1.14972	6.65641	1.57726	0.210512	-0.316411
7.565	1.14974	6.66141	1.57621	0.211902	-0.317483
7.57	1.14977	6.66641	1.57515	0.213293	-0.318553
7.575	1.14978	6.67141	1.57408	0.214686	-0.319622
7.58	1.14979	6.67641	1.57301	0.216082	-0.32069
7.585	1.1498	6.68141	1.57193	0.217479	-0.321757
7.59	1.1498	6.68641	1.57084	0.218878	-0.322822
7.595	1.14979	6.69141	1.56975	0.22028	-0.323886
7.6	1.14978	6.69641	1.56865	0.221683	-0.324949
7.605	1.14977	6.70141	1.56754	0.223088	-0.326011
7.61	1.14975	6.70641	1.56642	0.224495	-0.327071
7.615	1.14972	6.71141	1.5653	0.225904	-0.32813
7.62	1.14969	6.71641	1.56417	0.227315	-0.329188
7.625	1.14965	6.72141	1.56304	0.228728	-0.330244
7.63	1.1496	6.72641	1.56189	0.230143	-0.331299
7.635	1.14955	6.73141	1.56074	0.23156	-0.332352
7.64	1.1495	6.73641	1.55958	0.232979	-0.333404
7.645	1.14943	6.74141	1.55842	0.234399	-0.334454
7.65	1.14937	6.74641	1.55725	0.235822	-0.335503
7.655	1.14929	6.75141	1.55607	0.237246	-0.336551
7.66	1.14921	6.75641	1.55488	0.238673	-0.337596
7.665	1.14913	6.76141	1.55369	0.240101	-0.33864
7.67	1.14904	6.76641	1.55249	0.241531	-0.339683
7.675	1.14894	6.77141	1.55128	0.242963	-0.340724
7.68	1.14883	6.7764	1.55006	0.244397	-0.341763
7.685	1.14872	6.7814	1.54884	0.245833	-0.3428
7.69	1.14861	6.7864	1.54761	0.247271	-0.343836
7.695	1.14849	6.7914	1.54638	0.248711	-0.34487
7.7	1.14836	6.7964	1.54513	0.250152	-0.345903
7.705	1.14822	6.8014	1.54388	0.251596	-0.346933
7.71	1.14808	6.8064	1.54262	0.253041	-0.347962
7.715	1.14794	6.81139	1.54136	0.254488	-0.348989
7.72	1.14778	6.81639	1.54009	0.255937	-0.350014
7.725	1.14762	6.82139	1.53881	0.257388	-0.351037
7.73	1.14746	6.82639	1.53752	0.258841	-0.352058
7.735	1.14728	6.83138	1.53623	0.260295	-0.353077
7.74	1.1471	6.83638	1.53492	0.261752	-0.354095
7.745	1.14692	6.84138	1.53362	0.26321	-0.35511
7.75	1.14673	6.84637	1.5323	0.264671	-0.356123
7.755	1.14653	6.85137	1.53098	0.266133	-0.357134
7.76	1.14632	6.85636	1.52965	0.267597	-0.358143
7.765	1.14611	6.86136	1.52831	0.269062	-0.35915
7.77	1.14589	6.86635	1.52696	0.27053	-0.360155
7.775	1.14566	6.87135	1.52561	0.272	-0.361158
7.78	1.14543	6.87634	1.52425	0.273471	-0.362159
7.785	1.14519	6.88134	1.52288	0.274944	-0.363157
7.79	1.14495	6.88633	1.52151	0.276419	-0.364153
7.795	1.14469	6.89133	1.52013	0.277896	-0.365147
7.8	1.14443	6.89632	1.51874	0.279375	-0.366138
7.805	1.14416	6.90131	1.51734	0.280855	-0.367127
7.81	1.14389	6.9063	1.51594	0.282337	-0.368114
7.815	1.14361	6.9113	1.51452	0.283822	-0.369098
7.82	1.14332	6.91629	1.5131	0.285308	-0.37008
7.825	1.14303	6.92128	1.51168	0.286795	-0.37106
7.83	1.14272	6.92627	1.51024	0.288285	-0.372037
7.835	1.14241	6.93126	1.5088	0.289776	-0.373011
7.84	1.1421	6.93625	1.50735	0.29127	-0.373983
7.845	1.14177	6.94124	1.5059	0.292765	-0.374953
7.85	1.14144	6.94623	1.50443	0.294262	-0.37592
7.855	1.1411	6.95122	1.50296	0.295761	-0.376884
7.86	1.14076	6.95621	1.50148	0.297261	-0.377845
7.865	1.1404	6.96119	1.5	0.298764	-0.378804
7.87	1.14004	6.96618	1.4985	0.300268	-0.37976
7.875	1.13967	6.97117	1.497	0.301774	-0.380714
7.88	1.1393	6.97615	1.49549	0.303282	-0.381664
7.885	1.13891	6.98114	1.49398	0.304791	-0.382612
7.89	1.13852	6.98612	1.49245	0.306303	-0.383557
7.895	1.13812	6.99111	1.49092	0.307816	-0.384499
7.9	1.13771	6.99609	1.48938	0.309331	-0.385438
7.905	1.1373	7.00107	1.48784	0.310848	-0.386375
7.91	1.13688	7.00605	1.48628	0.312366	-0.387308
7.915	1.13645	7.01104	1.48472	0.313887	-0.388238
7.92	1.13601	7.01602	1.48315	0.315409	-0.389165
7.925	1.13557	7.021	1.48157	0.316933	-0.390089
7.93	1.13511	7.02598	1.47999	0.318459	-0.391011
7.935	1.13465	7.03096	1.4784	0.319987	-0.391928
7.94	1.13418	7.03593	1.4768	0.321516	-0.392843
7.945	1.1337	7.04091	1.47519	0.323048	-0.393755
7.95	1.13322	7.04589	1.47357	0.324581	-0.394663
7.955	1.13273	7.05086	1.47195	0.326116	-0.395568
7.96	1.13222	7.05584	1.47032	0.327653	-0.39647
7.965	1.13171	7.06081	1.46868	0.329191	-0.397368
7.97	1.1312	7.06578	1.46704	0.330731	-0.398263
7.975	1.13067	7.07076	1.46538	0.332273	-0.399155
7.98	1.13014	7.07573	1.46372	0.333817	-0.400043
7.985	1.12959	7.0807	1.46205	0.335363	-0.400928
7.99	1.12904	7.08567	1.46037	0.336911	-0.401809
7.995	1.12848	7.09064	1.45869	0.33846	-0.402687
8	1.12791	7.0956	1.457	0.340011	-0.403561
8.005	1.12734	7.10057	1.4553	0.341564	-0.404432
8.01	1.12675	7.10554	1.45359	0.343119	-0.405299
8.015	1.12616	7.1105	1.45187	0.344675	-0.406162
8.02	1.12556	7.11547	1.45015	0.346234	-0.407021
8.025	1.12495	7.12043	1.44842	0.347794	-0.407877
8.03	1.12433	7.12539	1.44668	0.349356	-0.408729
8.035	1.1237	7.13035	1.44493	0.35092	-0.409577
8.04	1.12307	7.13531	1.44318	0.352485	-0.410421
8.045	1.12242	7.14027	1.44142	0.354053	-0.411262
8.05	1.12177	7.14523	1.43965	0.355622	-0.412098
8.055	1.1211	7.15018	1.43787	0.357193	-0.41293
8.06	1.12043	7.15514	1.43608	0.358766	-0.413759
8.065	1.11975	7.16009	1.43429	0.360341	-0.414583
8.07	1.11906	7.16504	1.43249	0.361917	-0.415404
8.075	1.11836	7.16999	1.43068	0.363495	-0.41622
8.08	1.11766	7.17494	1.42886	0.365075	-0.417032
8.085	1.11694	7.17989	1.42703	0.366657	-0.41784
8.09	1.11622	7.18484	1.4252	0.368241	-0.418643
8.095	1.11548	7.18978	1.42336	0.369827	-0.419442
8.1	1.11474	7.19473	1.42151	0.371414	-0.420237
8.105	1.11398	7.19967	1.41965	0.373003	-0.421028
8.11	1.11322	7.20461	1.41779	0.374594	-0.421814
8.115	1.11245	7.20955	1.41592	0.376187	-0.422596
8.12	1.11167	7.21449	1.41403	0.377782	-0.423374
8.125	1.11088	7.21943	1.41215	0.379379	-0.424146
8.13	1.11008	7.22436	1.41025	0.380977	-0.424915
8.135	1.10927	7.2293	1.40834	0.382577	-0.425679
8.14	1.10845	7.23423	1.40643	0.384179	-0.426438
8.145	1.10763	7.23916	1.40451	0.385783	-0.427192
8.15	1.10679	7.24409	1.40258	0.387389	-0.427942
8.155	1.10594	7.24902	1.40064	0.388996	-0.428687
8.16	1.10509	7.25394	1.3987	0.390606	-0.429427
8.165	1.10422	7.25887	1.39675	0.392217	-0.430162
8.17	1.10335	7.26379	1.39479	0.39383	-0.430893
8.175	1.10246	7.26871	1.39282	0.395445	-0.431619
8.18	1.10157	7.27363	1.39084	0.397062	-0.432339
8.185	1.10066	7.27855	1.38885	0.398681	-0.433055
8.19	1.09975	7.28347	1.38686	0.400301	-0.433765
8.195	1.09882	7.28838	1.38486	0.401924	-0.434471
8.2	1.09789	7.29329	1.38285	0.403548	-0.435171
8.205	1.09694	7.2982	1.38083	0.405174	-0.435867
8.21	1.09599	7.30311	1.37881	0.406802	-0.436557
8.215	1.09503	7.30802	1.37677	0.408432	-0.437242
8.22	1.09405	7.31292	1.37473	0.410064	-0.437921
8.225	1.09307	7.31782	1.37268	0.411698	-0.438596
8.23	1.09207	7.32272	1.37062	0.413333	-0.439264
8.235	1.09107	7.32762	1.36855	0.414971	-0.439928
8.24	1.09005	7.33252	1.36648	0.41661	-0.440586
8.245	1.08903	7.33741	1.3644	0.418251	-0.441238
8.25	1.08799	7.3423	1.3623	0.419895	-0.441885
8.255	1.08695	7.34719	1.36021	0.42154	-0.442527
8.26	1.08589	7.35208	1.3581	0.423187	-0.443162
8.265	1.08483	7.35696	1.35598	0.424836	-0.443792
8.27	1.08375	7.36185	1.35386	0.426486	-0.444417
8.275	1.08267	7.36673	1.35173	0.428139	-0.445035
8.28	1.08157	7.3716	1.34958	0.429794	-0.445648
8.285	1.08046	7.37648	1.34744	0.43145	-0.446255
8.29	1.07934	7.38135	1.34528	0.433109	-0.446856
8.295	1.07821	7.38622	1.34311	0.434769	-0.447451
8.3	1.07707	7.39109	1.34094	0.436432	-0.448041
8.305	1.07592	7.39596	1.33876	0.438096	-0.448624
8.31	1.07476	7.40082	1.33657	0.439762	-0.449201
8.315	1.07359	7.40568	1.33437	0.441431	-0.449772
8.32	1.07241	7.41054	1.33216	0.443101	-0.450336
8.325	1.07122	7.4154	1.32994	0.444773	-0.450895
8.33	1.07002	7.42025	1.32772	0.446447	-0.451447
8.335	1.0688	7.4251	1.32549	0.448123	-0.451993
8.34	1.06758	7.42995	1.32325	0.449802	-0.452533
8.345	1.06634	7.43479	1.321	0.451482	-0.453066
8.35	1.06509	7.43964	1.31874	0.453164	-0.453593
8.355	1.06384	7.44447	1.31648	0.454848	-0.454113
8.36	1.06257	7.44931	1.3142	0.456534	-0.454627
8.365	1.06129	7.45414	1.31192	0.458222	-0.455134
8.37	1.06	7.45897	1.30963	0.459912	-0.455635
8.375	1.05869	7.4638	1.30733	0.461604	-0.456129
8.38	1.05738	7.46863	1.30502	0.463299	-0.456616
8.385	1.05606	7.47345	1.3027	0.464995	-0.457096
8.39	1.05472	7.47827	1.30038	0.466693	-0.45757
8.395	1.05337	7.48308	1.29805	0.468393	-0.458037
8.4	1.05201	7.48789	1.2957	0.470096	-0.458497
8.405	1.05065	7.4927	1.29335	0.4718	-0.45895
8.41	1.04926	7.49751	1.29099	0.473506	-0.459396
8.415	1.04787	7.50231	1.28863	0.475215	-0.459834
8.42	1.04647	7.50711	1.28625	0.476926	-0.460266
8.425	1.04505	7.5119	1.28387	0.478638	-0.460691
8.43	1.04363	7.5167	1.28147	0.480353	-0.461108
8.435	1.04219	7.52148	1.27907	0.48207	-0.461518
8.44	1.04074	7.52627	1.27666	0.483789	-0.461921
8.445	1.03928	7.53105	1.27424	0.48551	-0.462317
8.45	1.03781	7.53583	1.27181	0.487233	-0.462705
8.455	1.03632	7.5406	1.26938	0.488959	-0.463086
8.46	1.03482	7.54538	1.26693	0.490686	-0.463459
8.465	1.03332	7.55014	1.26448	0.492416	-0.463825
8.47	1.0318	7.55491	1.26202	0.494148	-0.464183
8.475	1.03027	7.55967	1.25955	0.495882	-0.464533
8.48	1.02872	7.56442	1.25707	0.497618	-0.464876
8.485	1.02717	7.56917	1.25458	0.499356	-0.465211
8.49	1.0256	7.57392	1.25208	0.501097	-0.465539
8.495	1.02402	7.57867	1.24958	0.50284	-0.465858
8.5	1.02243	7.58341	1.24706	0.504584	-0.46617
8.505	1.02083	7.58814	1.24454	0.506332	-0.466473
8.51	1.01922	7.59288	1.24201	0.508081	-0.466769
8.515	1.01759	7.5976	1.23947	0.509833	-0.467057
8.52	1.01595	7.60233	1.23692	0.511586	-0.467336
8.525	1.0143	7.60705	1.23436	0.513342	-0.467608
8.53	1.01264	7.61176	1.23179	0.515101	-0.467871
8.535	1.01096	7.61647	1.22922	0.516861	-0.468126
8.54	1.00928	7.62118	1.22663	0.518624	-0.468373
8.545	1.00758	7.62588	1.22404	0.520389	-0.468611
8.55	1.00586	7.63058	1.22144	0.522157	-0.468841
8.555	1.00414	7.63527	1.21883	0.523927	-0.469063
8.56	1.00241	7.63996	1.21621	0.525699	-0.469276
8.565	1.00066	7.64465	1.21358	0.527473	-0.469481
8.57	0.998896	7.64933	1.21094	0.52925	-0.469677
8.575	0.997123	7.654	1.2083	0.531029	-0.469864
8.58	0.995338	7.65867	1.20564	0.532811	-0.470043
8.585	0.99354	7.66334	1.20298	0.534595	-0.470213
8.59	0.991729	7.668	1.2003	0.536381	-0.470374
8.595	0.989906	7.67265	1.19762	0.53817	-0.470526
8.6	0.988071	7.67731	1.19493	0.539961	-0.47067
8.605	0.986223	7.68195	1.19223	0.541754	-0.470804
8.61	0.984363	7.68659	1.18952	0.54355	-0.47093
8.615	0.982489	7.69123	1.18681	0.545349	-0.471047
8.62	0.980604	7.69586	1.18408	0.547149	-0.471154
8.625	0.978705	7.70048	1.18134	0.548953	-0.471252
8.63	0.976794	7.7051	1.1786	0.550759	-0.471342
8.635	0.97487	7.70972	1.17584	0.552567	-0.471421
8.64	0.972934	7.71433	1.17308	0.554378	-0.471492
8.645	0.970984	7.71893	1.17031	0.556191	-0.471553
8.65	0.969022	7.72353	1.16753	0.558007	-0.471605
8.655	0.967047	7.72813	1.16474	0.559826	-0.471648
8.66	0.96506	7.73271	1.16194	0.561647	-0.47168
8.665	0.963059	7.7373	1.15913	0.563471	-0.471704
8.67	0.961045	7.74187	1.15631	0.565297	-0.471718
8.675	0.959019	7.74644	1.15349	0.567126	-0.471722
8.68	0.956979	7.75101	1.15065	0.568957	-0.471716
8.685	0.954927	7.75557	1.14781	0.570792	-0.471701
8.69	0.952861	7.76012	1.14495	0.572628	-0.471676
8.695	0.950783	7.76467	1.14209	0.574468	-0.471641
8.7	0.948691	7.76921	1.13922	0.57631	-0.471596
8.705	0.946587	7.77375	1.13634	0.578155	-0.471541
8.71	0.944469	7.77828	1.13344	0.580003	-0.471476
8.715	0.942338	7.7828	1.13054	0.581853	-0.471401
8.72	0.940194	7.78732	1.12764	0.583707	-0.471316
8.725	0.938037	7.79183	1.12472	0.585563	-0.471221
8.73	0.935867	7.79633	1.12179	0.587421	-0.471116
8.735	0.933683	7.80083	1.11885	0.589283	-0.471
8.74	0.931486	7.80532	1.11591	0.591148	-0.470874
8.745	0.929276	7.80981	1.11295	0.593015	-0.470738
8.75	0.927053	7.81428	1.10998	0.594885	-0.470591
8.755	0.924816	7.81876	1.10701	0.596758	-0.470434
8.76	0.922566	7.82322	1.10403	0.598634	-0.470266
8.765	0.920303	7.82768	1.10103	0.600513	-0.470088
8.77	0.918026	7.83213	1.09803	0.602395	-0.469899
8.775	0.915736	7.83658	1.09502	0.60428	-0.469699
8.78	0.913433	7.84101	1.092	0.606168	-0.469489
8.785	0.911116	7.84545	1.08897	0.608059	-0.469268
8.79	0.908785	7.84987	1.08593	0.609953	-0.469036
8.795	0.906441	7.85429	1.08288	0.61185	-0.468793
8.8	0.904084	7.85869	1.07982	0.61375	-0.468539
8.805	0.901713	7.8631	1.07675	0.615654	-0.468275
8.81	0.899328	7.86749	1.07367	0.61756	-0.467999
8.815	0.89693	7.87188	1.07058	0.619469	-0.467712
8.82	0.894518	7.87626	1.06749	0.621382	-0.467415
8.825	0.892093	7.88063	1.06438	0.623298	-0.467106
8.83	0.889654	7.885	1.06126	0.625217	-0.466785
8.835	0.887202	7.88935	1.05814	0.62714	-0.466454
8.84	0.884736	7.8937	1.055	0.629065	-0.466111
8.845	0.882256	7.89805	1.05185	0.630994	-0.465757
8.85	0.879762	7.90238	1.0487	0.632927	-0.465391
8.855	0.877255	7.9067	1.04554	0.634863	-0.465014
8.86	0.874734	7.91102	1.04236	0.636802	-0.464626
8.865	0.8722	7.91533	1.03918	0.638744	-0.464225
8.87	0.869651	7.91963	1.03598	0.64069	-0.463814
8.875	0.867089	7.92393	1.03278	0.64264	-0.46339
8.88	0.864513	7.92821	1.02957	0.644593	-0.462955
8.885	0.861923	7.93249	1.02634	0.646549	-0.462508
8.89	0.85932	7.93676	1.02311	0.648509	-0.462049
8.895	0.856702	7.94102	1.01987	0.650473	-0.461579
8.9	0.854071	7.94527	1.01662	0.65244	-0.461096
8.905	0.851426	7.94951	1.01335	0.654411	-0.460602
8.91	0.848767	7.95375	1.01008	0.656386	-0.460096
8.915	0.846094	7.95797	1.0068	0.658364	-0.459577
8.92	0.843408	7.96219	1.00351	0.660346	-0.459047
8.925	0.840707	7.9664	1.00021	0.662332	-0.458504
8.93	0.837992	7.9706	0.996895	0.664322	-0.457949
8.935	0.835264	7.97479	0.993573	0.666315	-0.457382
8.94	0.832521	7.97897	0.990241	0.668313	-0.456803
8.945	0.829765	7.98314	0.9869	0.670314	-0.456211
8.95	0.826995	7.9873	0.983548	0.672319	-0.455607
8.955	0.82421	7.99146	0.980187	0.674329	-0.454991
8.96	0.821412	7.9956	0.976815	0.676342	-0.454362
8.965	0.8186	7.99973	0.973433	0.67836	-0.45372
8.97	0.815773	8.00386	0.970042	0.680382	-0.453066
8.975	0.812933	8.00797	0.96664	0.682407	-0.4524
8.98	0.810079	8.01208	0.963228	0.684437	-0.451721
8.985	0.80721	8.01617	0.959805	0.686472	-0.451029
8.99	0.804328	8.02026	0.956373	0.68851	-0.450324
8.995	0.801431	8.02433	0.952931	0.690553	-0.449607
9	0.798521	8.0284	0.949478	0.692601	-0.448876
9.005	0.795596	8.03246	0.946015	0.694652	-0.448133
9.01	0.792657	8.0365	0.942541	0.696708	-0.447377
9.015	0.789705	8.04054	0.939058	0.698769	-0.446608
9.02	0.786738	8.04456	0.935564	0.700834	-0.445826
9.025	0.783757	8.04857	0.93206	0.702904	-0.445031
9.03	0.780762	8.05258	0.928545	0.704979	-0.444223
9.035	0.777753	8.05657	0.92502	0.707058	-0.443402
9.04	0.77473	8.06055	0.921485	0.709142	-0.442568
9.045	0.771692	8.06453	0.917939	0.711231	-0.44172
9.05	0.768641	8.06849	0.914383	0.713325	-0.440859
9.055	0.765575	8.07244	0.910817	0.715424	-0.439985
9.06	0.762496	8.07638	0.90724	0.717527	-0.439098
9.065	0.759402	8.0803	0.903652	0.719636	-0.438197
9.07	0.756294	8.08422	0.900054	0.72175	-0.437283
9.075	0.753172	8.08813	0.896445	0.723869	-0.436355
9.08	0.750036	8.09202	0.892826	0.725993	-0.435414
9.085	0.746886	8.0959	0.889196	0.728122	-0.434459
9.09	0.743722	8.09977	0.885555	0.730257	-0.433491
9.095	0.740543	8.10363	0.881904	0.732397	-0.432509
9.1	0.737351	8.10748	0.878242	0.734543	-0.431514
9.105	0.734144	8.11132	0.874569	0.736694	-0.430505
9.11	0.730923	8.11514	0.870886	0.738851	-0.429482
9.115	0.727689	8.11895	0.867191	0.741013	-0.428445
9.12	0.72444	8.12275	0.863486	0.743182	-0.427394
9.125	0.721177	8.12654	0.85977	0.745356	-0.42633
9.13	0.717899	8.13032	0.856044	0.747536	-0.425252
9.135	0.714608	8.13408	0.852306	0.749721	-0.42416
9.14	0.711303	8.13783	0.848557	0.751913	-0.423054
9.145	0.707983	8.14157	0.844798	0.754111	-0.421934
9.15	0.70465	8.1453	0.841027	0.756315	-0.420799
9.155	0.701302	8.14901	0.837246	0.758526	-0.419651
9.16	0.697941	8.15272	0.833453	0.760743	-0.418489
9.165	0.694565	8.1564	0.829649	0.762966	-0.417313
9.17	0.691175	8.16008	0.825835	0.765195	-0.416122
9.175	0.687772	8.16374	0.822009	0.767432	-0.414917
9.18	0.684354	8.16739	0.818171	0.769675	-0.413698
9.185	0.680922	8.17103	0.814323	0.771925	-0.412465
9.19	0.677476	8.17465	0.810463	0.774181	-0.411218
9.195	0.674016	8.17826	0.806592	0.776445	-0.409956
9.2	0.670543	8.18186	0.80271	0.778716	-0.40868
9.205	0.667055	8.18544	0.798817	0.780994	-0.407389
9.21	0.663553	8.18901	0.794912	0.783279	-0.406084
9.215	0.660037	8.19256	0.790995	0.785571	-0.404764
9.22	0.656508	8.19611	0.787067	0.787871	-0.40343
9.225	0.652964	8.19963	0.783128	0.790179	-0.402082
9.23	0.649407	8.20315	0.779177	0.792494	-0.400719
9.235	0.645836	8.20665	0.775215	0.794818	-0.399341
9.24	0.64225	8.21013	0.771241	0.797149	-0.397949
9.245	0.638651	8.2136	0.767255	0.799488	-0.396542
9.25	0.635038	8.21706	0.763258	0.801835	-0.39512
9.255	0.631411	8.2205	0.759248	0.804191	-0.393684
9.26	0.627771	8.22393	0.755227	0.806555	-0.392233
9.265	0.624117	8.22734	0.751195	0.808927	-0.390767
9.27	0.620448	8.23074	0.74715	0.811309	-0.389287
9.275	0.616767	8.23412	0.743093	0.813699	-0.387791
9.28	0.613071	8.23749	0.739025	0.816098	-0.386281
9.285	0.609362	8.24084	0.734944	0.818506	-0.384756
9.29	0.605639	8.24418	0.730852	0.820923	-0.383216
9.295	0.601902	8.2475	0.726747	0.82335	-0.381661
9.3	0.598152	8.25081	0.722631	0.825786	-0.380091
9.305	0.594388	8.2541	0.718502	0.828232	-0.378506
9.31	0.59061	8.25737	0.71436	0.830688	-0.376906
9.315	0.586819	8.26063	0.710207	0.833154	-0.375291
9.32	0.583014	8.26388	0.706041	0.83563	-0.373661
9.325	0.579196	8.26711	0.701863	0.838117	-0.372016
9.33	0.575364	8.27032	0.697673	0.840614	-0.370356
9.335	0.571519	8.27351	0.693469	0.843122	-0.368681
9.34	0.567661	8.27669	0.689254	0.845641	-0.36699
9.345	0.563788	8.27986	0.685026	0.84817	-0.365285
9.35	0.559903	8.283	0.680785	0.850712	-0.363564
9.355	0.556004	8.28613	0.676531	0.853264	-0.361828
9.36	0.552092	8.28925	0.672265	0.855829	-0.360077
9.365	0.548167	8.29234	0.667986	0.858405	-0.35831
9.37	0.544228	8.29542	0.663694	0.860994	-0.356528
9.375	0.540276	8.29849	0.659389	0.863595	-0.354731
9.38	0.536311	8.30153	0.655071	0.866208	-0.352919
9.385	0.532333	8.30456	0.65074	0.868834	-0.351091
9.39	0.528342	8.30757	0.646396	0.871474	-0.349248
9.395	0.524338	8.31057	0.642038	0.874127	-0.347389
9.4	0.52032	8.31355	0.637668	0.876793	-0.345515
9.405	0.51629	8.3165	0.633284	0.879474	-0.343626
9.41	0.512246	8.31945	0.628886	0.882168	-0.341721
9.415	0.50819	8.32237	0.624475	0.884877	-0.3398
9.42	0.504121	8.32527	0.620051	0.887601	-0.337864
9.425	0.500039	8.32816	0.615613	0.890339	-0.335913
9.43	0.495944	8.33103	0.611161	0.893093	-0.333946
9.435	0.491836	8.33388	0.606696	0.895863	-0.331963
9.44	0.487716	8.33671	0.602217	0.898648	-0.329965
9.445	0.483582	8.33953	0.597723	0.90145	-0.327951
9.45	0.479437	8.34232	0.593216	0.904269	-0.325922
9.455	0.475278	8.3451	0.588695	0.907104	-0.323877
9.46	0.471108	8.34786	0.584159	0.909957	-0.321816
9.465	0.466924	8.35059	0.579609	0.912828	-0.31974
9.47	0.462728	8.35331	0.575045	0.915717	-0.317648
9.475	0.45852	8.35601	0.570467	0.918624	-0.31554
9.48	0.454299	8.35869	0.565874	0.92155	-0.313416
9.485	0.450067	8.36136	0.561266	0.924496	-0.311277
9.49	0.445821	8.364	0.556643	0.927462	-0.309122
9.495	0.441564	8.36662	0.552006	0.930447	-0.306951
9.5	0.437294	8.36922	0.547354	0.933454	-0.304764
9.505	0.433013	8.3718	0.542686	0.936482	-0.302561
9.51	0.428719	8.37437	0.538004	0.939532	-0.300343
9.515	0.424414	8.37691	0.533306	0.942604	-0.298108
9.52	0.420096	8.37943	0.528593	0.945699	-0.295858
9.525	0.415766	8.38193	0.523865	0.948817	-0.293591
9.53	0.411425	8.38441	0.519121	0.951959	-0.291309
9.535	0.407072	8.38687	0.514361	0.955126	-0.289011
9.54	0.402707	8.38931	0.509585	0.958319	-0.286696
9.545	0.398331	8.39173	0.504794	0.961537	-0.284366
9.55	0.393943	8.39413	0.499986	0.964782	-0.282019
9.555	0.389544	8.3965	0.495162	0.968054	-0.279657
9.56	0.385133	8.39886	0.490322	0.971354	-0.277278
9.565	0.38071	8.40119	0.485465	0.974683	-0.274883
9.57	0.376277	8.4035	0.480592	0.978041	-0.272472
9.575	0.371832	8.40579	0.475701	0.98143	-0.270045
9.58	0.367376	8.40806	0.470794	0.984851	-0.267601
9.585	0.362909	8.41031	0.46587	0.988303	-0.265141
9.59	0.358431	8.41253	0.460929	0.991789	-0.262665
9.595	0.353941	8.41473	0.45597	0.995309	-0.260173
9.6	0.349441	8.41691	0.450993	0.998863	-0.257664
9.605	0.34493	8.41907	0.445999	1.00245	-0.255139
9.61	0.340409	8.4212	0.440986	1.00608	-0.252597
9.615	0.335876	8.42331	0.435956	1.00975	-0.250039
9.62	0.331334	8.4254	0.430907	1.01346	-0.247464
9.625	0.32678	8.42747	0.42584	1.0172	-0.244872
9.63	0.322216	8.42951	0.420754	1.02099	-0.242264
9.635	0.317642	8.43153	0.415649	1.02483	-0.23964
9.64	0.313057	8.43352	0.410525	1.0287	-0.236998
9.645	0.308463	8.4355	0.405381	1.03263	-0.23434
9.65	0.303858	8.43744	0.400218	1.0366	-0.231665
9.655	0.299243	8.43937	0.395035	1.04062	-0.228974
9.66	0.294618	8.44127	0.389832	1.0447	-0.226265
9.665	0.289983	8.44314	0.384609	1.04883	-0.223539
9.67	0.285339	8.445	0.379364	1.05301	-0.220796
9.675	0.280684	8.44682	0.374099	1.05725	-0.218036
9.68	0.276021	8.44863	0.368813	1.06155	-0.215259
9.685	0.271347	8.4504	0.363505	1.06592	-0.212465
9.69	0.266665	8.45216	0.358176	1.07034	-0.209653
9.695	0.261973	8.45388	0.352824	1.07484	-0.206825
9.7	0.257271	8.45559	0.34745	1.0794	-0.203978
9.705	0.252561	8.45726	0.342053	1.08404	-0.201114
9.71	0.247842	8.45892	0.336633	1.08876	-0.198232
9.715	0.243114	8.46054	0.331189	1.09355	-0.195333
9.72	0.238376	8.46214	0.325721	1.09843	-0.192416
9.725	0.233631	8.46372	0.320229	1.10339	-0.189481
9.73	0.228876	8.46526	0.314712	1.10844	-0.186528
9.735	0.224113	8.46678	0.30917	1.11359	-0.183557
9.74	0.219342	8.46828	0.303602	1.11884	-0.180567
9.745	0.214562	8.46975	0.298008	1.12419	-0.17756
9.75	0.209775	8.47119	0.292387	1.12965	-0.174534
9.755	0.204979	8.4726	0.286739	1.13522	-0.171489
9.76	0.200175	8.47399	0.281062	1.14092	-0.168426
9.765	0.195363	8.47535	0.275358	1.14675	-0.165344
9.77	0.190544	8.47668	0.269624	1.15271	-0.162243
9.775	0.185717	8.47798	0.263861	1.15882	-0.159123
9.78	0.180882	8.47926	0.258066	1.16508	-0.155983
9.785	0.176041	8.48051	0.252241	1.17149	-0.152825
9.79	0.171192	8.48173	0.246384	1.17809	-0.149647
9.795	0.166336	8.48292	0.240493	1.18486	-0.14645
9.8	0.161473	8.48408	0.234569	1.19183	-0.143232
9.805	0.156603	8.48521	0.22861	1.19901	-0.139996
9.81	0.151726	8.48632	0.222615	1.20641	-0.136739
9.815	0.146843	8.48739	0.216583	1.21405	-0.133462
9.82	0.141953	8.48844	0.210512	1.22196	-0.130165
9.825	0.137057	8.48945	0.204403	1.23014	-0.126848
9.83	0.132155	8.49044	0.198252	1.23863	-0.123512
9.835	0.127247	8.49139	0.192059	1.24746	-0.120155
9.84	0.122333	8.49232	0.185822	1.25664	-0.116778
9.845	0.117414	8.49321	0.179538	1.26623	-0.113381
9.85	0.112488	8.49407	0.173207	1.27626	-0.109965
9.855	0.107558	8.4949	0.166826	1.28677	-0.10653
9.86	0.102622	8.4957	0.160392	1.29784	-0.103076
9.865	0.0976811	8.49647	0.153903	1.30951	-0.099605
9.87	0.0927353	8.4972	0.147355	1.32188	-0.0961174
9.875	0.0877847	8.4979	0.140746	1.33503	-0.0926149
9.88	0.0828296	8.49857	0.134071	1.3491	-0.0890997
9.885	0.0778701	8.49921	0.127325	1.36421	-0.0855747
9.89	0.0729063	8.49981	0.120504	1.38058	-0.0820439
9.895	0.0679385	8.50037	0.113601	1.39842	-0.0785129
9.9	0.0629669	8.50091	0.106609	1.41806	-0.0749894
9.905	0.0579917	8.5014	0.0995189	1.43993	-0.0714844
9.91	0.053013	8.50186	0.0923192	1.46461	-0.0680135
9.915	0.048031	8.50229	0.0849962	1.49295	-0.0646001
9.92	0.043046	8.50267	0.0775314	1.5262	-0.0612792
9.925	0.0380582	8.50302	0.0699004	1.56635	-0.0581061
9.93	0.0330679	8.50333	0.0620687	1.61665	-0.0551717
9.935	0.0280752	8.5036	0.0539854	1.68296	-0.0526344
9.94	0.0230803	8.50383	0.0455706	1.77678	-0.0507944
9.945	0.0180837	8.50401	0.0366867	1.92389	-0.0502885
9.95	0.0130855	8.50415	0.0270672	2.19381	-0.0527346
9.955	0.00808619	8.50423	0.0160982	2.83754	-0.0638058
9.96	0.0030862	8.50424	0.00191048	5.4202	-0.126672
