descriptor s_test R_test Z_test
0	1.65783	9.99999e-06	0.002	-0.402032	-0.00161645
0.005	1.65283	3.00507e-05	0.00401016	-0.404067	-0.00324936
0.01	1.64783	6.0203e-05	0.00603049	-0.406105	-0.00489876
0.015	1.64283	0.000100508	0.00806101	-0.408147	-0.00656466
0.02	1.63783	0.000151016	0.0101017	-0.410192	-0.00824708
0.025	1.63283	0.000211778	0.0121527	-0.412242	-0.00994604
0.03	1.62783	0.000282845	0.0142139	-0.414295	-0.0116616
0.035	1.62283	0.000364268	0.0162854	-0.416352	-0.0133937
0.04	1.61783	0.000456099	0.0183672	-0.418413	-0.0151424
0.045	1.61283	0.000558388	0.0204592	-0.420477	-0.0169077
0.05	1.60783	0.000671186	0.0225616	-0.422547	-0.0186896
0.055	1.60284	0.000794545	0.0246743	-0.42462	-0.0204882
0.06	1.59784	0.000928516	0.0267974	-0.426697	-0.0223034
0.065	1.59284	0.00107315	0.0289309	-0.428779	-0.0241353
0.07	1.58784	0.0012285	0.0310748	-0.430866	-0.0259839
0.075	1.58285	0.00139461	0.0332291	-0.432957	-0.0278493
0.08	1.57785	0.00157155	0.0353939	-0.435053	-0.0297313
0.085	1.57285	0.00175935	0.0375692	-0.437154	-0.0316301
0.09	1.56786	0.00195807	0.039755	-0.439259	-0.0335457
0.095	1.56286	0.00216777	0.0419513	-0.441369	-0.0354781
0.1	1.55787	0.00238849	0.0441581	-0.443485	-0.0374272
0.105	1.55287	0.00262028	0.0463755	-0.445606	-0.0393932
0.11	1.54788	0.0028632	0.0486036	-0.447732	-0.041376
0.115	1.54288	0.0031173	0.0508422	-0.449863	-0.0433756
0.12	1.53789	0.00338264	0.0530915	-0.452	-0.0453921
0.125	1.5329	0.00365925	0.0553515	-0.454142	-0.0474255
0.13	1.52791	0.0039472	0.0576222	-0.45629	-0.0494757
0.135	1.52292	0.00424654	0.0599037	-0.458444	-0.0515429
0.14	1.51792	0.00455732	0.0621959	-0.460604	-0.053627
0.145	1.51294	0.00487959	0.0644989	-0.46277	-0.055728
0.15	1.50795	0.00521341	0.0668128	-0.464942	-0.0578459
0.155	1.50296	0.00555882	0.0691375	-0.46712	-0.0599809
0.16	1.49797	0.00591588	0.0714731	-0.469304	-0.0621328
0.165	1.49298	0.00628465	0.0738196	-0.471495	-0.0643017
0.17	1.488	0.00666516	0.0761771	-0.473693	-0.0664876
0.175	1.48301	0.00705749	0.0785456	-0.475897	-0.0686905
0.18	1.47803	0.00746167	0.080925	-0.478108	-0.0709104
0.185	1.47305	0.00787777	0.0833156	-0.480326	-0.0731475
0.19	1.46807	0.00830583	0.0857172	-0.482551	-0.0754015
0.195	1.46309	0.00874591	0.08813	-0.484783	-0.0776727
0.2	1.45811	0.00919806	0.0905539	-0.487022	-0.0799609
0.205	1.45313	0.00966233	0.092989	-0.489269	-0.0822662
0.21	1.44815	0.0101388	0.0954353	-0.491523	-0.0845887
0.215	1.44317	0.0106275	0.0978929	-0.493785	-0.0869283
0.22	1.4382	0.0111284	0.100362	-0.496055	-0.089285
0.225	1.43323	0.0116417	0.102842	-0.498332	-0.0916589
0.23	1.42825	0.0121674	0.105334	-0.500618	-0.09405
0.235	1.42328	0.0127056	0.107837	-0.502912	-0.0964582
0.24	1.41831	0.0132562	0.110351	-0.505214	-0.0988836
0.245	1.41335	0.0138194	0.112878	-0.507525	-0.101326
0.25	1.40838	0.0143952	0.115415	-0.509844	-0.103786
0.255	1.40341	0.0149837	0.117964	-0.512172	-0.106263
0.26	1.39845	0.0155848	0.120525	-0.514509	-0.108757
0.265	1.39349	0.0161988	0.123098	-0.516855	-0.111269
0.27	1.38853	0.0168255	0.125682	-0.51921	-0.113798
0.275	1.38357	0.0174652	0.128278	-0.521574	-0.116344
0.28	1.37861	0.0181177	0.130886	-0.523948	-0.118907
0.285	1.37366	0.0187833	0.133506	-0.526331	-0.121488
0.29	1.3687	0.0194618	0.136137	-0.528724	-0.124086
0.295	1.36375	0.0201535	0.138781	-0.531127	-0.126701
0.3	1.3588	0.0208584	0.141437	-0.53354	-0.129334
0.305	1.35385	0.0215764	0.144104	-0.535963	-0.131984
0.31	1.34891	0.0223077	0.146784	-0.538396	-0.134651
0.315	1.34396	0.0230523	0.149476	-0.54084	-0.137336
0.32	1.33902	0.0238102	0.15218	-0.543295	-0.140038
0.325	1.33408	0.0245816	0.154897	-0.545761	-0.142757
0.33	1.32914	0.0253665	0.157626	-0.548237	-0.145494
0.335	1.3242	0.0261649	0.160367	-0.550725	-0.148248
0.34	1.31927	0.0269769	0.16312	-0.553224	-0.15102
0.345	1.31434	0.0278025	0.165887	-0.555735	-0.153809
0.35	1.30941	0.0286419	0.168665	-0.558257	-0.156615
0.355	1.30448	0.029495	0.171457	-0.560791	-0.159439
0.36	1.29956	0.0303618	0.17426	-0.563337	-0.162281
0.365	1.29464	0.0312426	0.177077	-0.565895	-0.165139
0.37	1.28972	0.0321373	0.179907	-0.568466	-0.168016
0.375	1.2848	0.033046	0.182749	-0.571049	-0.170909
0.38	1.27989	0.0339687	0.185604	-0.573645	-0.17382
0.385	1.27498	0.0349055	0.188472	-0.576254	-0.176749
0.39	1.27007	0.0358564	0.191354	-0.578876	-0.179695
0.395	1.26516	0.0368216	0.194248	-0.581512	-0.182659
0.4	1.26026	0.037801	0.197156	-0.584161	-0.18564
0.405	1.25536	0.0387947	0.200076	-0.586823	-0.188638
0.41	1.25046	0.0398028	0.203011	-0.5895	-0.191654
0.415	1.24557	0.0408253	0.205958	-0.59219	-0.194688
0.42	1.24068	0.0418623	0.208919	-0.594895	-0.197739
0.425	1.23579	0.0429139	0.211893	-0.597614	-0.200807
0.43	1.2309	0.04398	0.214882	-0.600348	-0.203894
0.435	1.22602	0.0450608	0.217883	-0.603097	-0.206997
0.44	1.22114	0.0461564	0.220899	-0.605861	-0.210118
0.445	1.21627	0.0472667	0.223928	-0.608641	-0.213257
0.45	1.2114	0.0483918	0.226971	-0.611436	-0.216413
0.455	1.20653	0.0495318	0.230028	-0.614247	-0.219587
0.46	1.20166	0.0506868	0.2331	-0.617073	-0.222778
0.465	1.1968	0.0518568	0.236185	-0.619916	-0.225987
0.47	1.19194	0.0530418	0.239285	-0.622776	-0.229213
0.475	1.18709	0.054242	0.242399	-0.625652	-0.232457
0.48	1.18224	0.0554573	0.245527	-0.628545	-0.235718
0.485	1.17739	0.0566879	0.24867	-0.631455	-0.238997
0.49	1.17255	0.0579338	0.251827	-0.634382	-0.242293
0.495	1.16771	0.059195	0.254999	-0.637327	-0.245607
0.5	1.16288	0.0604716	0.258185	-0.64029	-0.248938
0.505	1.15805	0.0617637	0.261387	-0.643271	-0.252287
0.51	1.15322	0.0630714	0.264603	-0.64627	-0.255654
0.515	1.1484	0.0643946	0.267835	-0.649287	-0.259037
0.52	1.14358	0.0657334	0.271081	-0.652324	-0.262439
0.525	1.13877	0.067088	0.274343	-0.655379	-0.265858
0.53	1.13396	0.0684583	0.277619	-0.658454	-0.269294
0.535	1.12916	0.0698445	0.280912	-0.661549	-0.272748
0.54	1.12436	0.0712465	0.284219	-0.664663	-0.276219
0.545	1.11956	0.0726645	0.287543	-0.667797	-0.279707
0.55	1.11477	0.0740985	0.290882	-0.670952	-0.283213
0.555	1.10999	0.0755486	0.294237	-0.674127	-0.286737
0.56	1.10521	0.0770147	0.297607	-0.677323	-0.290278
0.565	1.10043	0.0784971	0.300994	-0.68054	-0.293836
0.57	1.09566	0.0799957	0.304397	-0.683778	-0.297411
0.575	1.0909	0.0815105	0.307815	-0.687039	-0.301004
0.58	1.08614	0.0830418	0.311251	-0.690321	-0.304614
0.585	1.08138	0.0845895	0.314702	-0.693625	-0.308242
0.59	1.07663	0.0861536	0.31817	-0.696952	-0.311887
0.595	1.07189	0.0877343	0.321655	-0.700302	-0.315549
0.6	1.06715	0.0893316	0.325157	-0.703675	-0.319228
0.605	1.06242	0.0909455	0.328675	-0.707071	-0.322924
0.61	1.05769	0.0925762	0.33221	-0.710491	-0.326638
0.615	1.05297	0.0942236	0.335763	-0.713934	-0.330369
0.62	1.04826	0.0958879	0.339332	-0.717403	-0.334117
0.625	1.04355	0.0975691	0.342919	-0.720895	-0.337882
0.63	1.03885	0.0992673	0.346524	-0.724413	-0.341664
0.635	1.03415	0.100982	0.350146	-0.727955	-0.345463
0.64	1.02946	0.102715	0.353786	-0.731523	-0.349279
0.645	1.02478	0.104464	0.357443	-0.735117	-0.353111
0.65	1.0201	0.106231	0.361119	-0.738737	-0.356961
0.655	1.01543	0.108015	0.364813	-0.742383	-0.360828
0.66	1.01076	0.109816	0.368525	-0.746056	-0.364711
0.665	1.00611	0.111634	0.372255	-0.749755	-0.368612
0.67	1.00145	0.11347	0.376004	-0.753482	-0.372528
0.675	0.996811	0.115324	0.379771	-0.757237	-0.376462
0.68	0.992174	0.117195	0.383557	-0.76102	-0.380412
0.685	0.987545	0.119084	0.387362	-0.764831	-0.384379
0.69	0.982922	0.12099	0.391186	-0.76867	-0.388362
0.695	0.978307	0.122914	0.39503	-0.772538	-0.392361
0.7	0.9737	0.124856	0.398892	-0.776436	-0.396377
0.705	0.9691	0.126816	0.402775	-0.780363	-0.40041
0.71	0.964508	0.128794	0.406676	-0.784319	-0.404458
0.715	0.959923	0.13079	0.410598	-0.788306	-0.408522
0.72	0.955347	0.132804	0.41454	-0.792324	-0.412603
0.725	0.950778	0.134836	0.418501	-0.796372	-0.416699
0.73	0.946218	0.136886	0.422483	-0.800451	-0.420812
0.735	0.941666	0.138954	0.426485	-0.804562	-0.42494
0.74	0.937122	0.141041	0.430508	-0.808705	-0.429084
0.745	0.932587	0.143146	0.434552	-0.812879	-0.433243
0.75	0.92806	0.145269	0.438616	-0.817086	-0.437418
0.755	0.923542	0.147411	0.442701	-0.821326	-0.441609
0.76	0.919033	0.149572	0.446808	-0.825599	-0.445814
0.765	0.914533	0.151751	0.450936	-0.829905	-0.450035
0.77	0.910042	0.153948	0.455086	-0.834245	-0.454271
0.775	0.90556	0.156165	0.459257	-0.838618	-0.458522
0.78	0.901087	0.1584	0.46345	-0.843027	-0.462787
0.785	0.896624	0.160654	0.467665	-0.847469	-0.467067
0.79	0.892171	0.162927	0.471902	-0.851947	-0.471362
0.795	0.887727	0.165219	0.476162	-0.85646	-0.475671
0.8	0.883293	0.16753	0.480444	-0.861008	-0.479995
0.805	0.878869	0.169859	0.484749	-0.865592	-0.484332
0.81	0.874455	0.172209	0.489077	-0.870212	-0.488684
0.815	0.870051	0.174577	0.493428	-0.874869	-0.493049
0.82	0.865658	0.176964	0.497803	-0.879562	-0.497428
0.825	0.861276	0.179371	0.502201	-0.884292	-0.50182
0.83	0.856904	0.181797	0.506622	-0.88906	-0.506226
0.835	0.852543	0.184243	0.511067	-0.893865	-0.510644
0.84	0.848193	0.186708	0.515537	-0.898707	-0.515076
0.845	0.843853	0.189192	0.52003	-0.903588	-0.51952
0.85	0.839526	0.191696	0.524548	-0.908507	-0.523976
0.855	0.835209	0.19422	0.529091	-0.913464	-0.528445
0.86	0.830905	0.196764	0.533658	-0.91846	-0.532925
0.865	0.826612	0.199327	0.53825	-0.923495	-0.537418
0.87	0.82233	0.20191	0.542868	-0.928569	-0.541922
0.875	0.818061	0.204513	0.547511	-0.933683	-0.546437
0.88	0.813804	0.207135	0.552179	-0.938836	-0.550963
0.885	0.80956	0.209778	0.556873	-0.944029	-0.5555
0.89	0.805328	0.212441	0.561593	-0.949261	-0.560047
0.895	0.801108	0.215123	0.56634	-0.954534	-0.564604
0.9	0.796902	0.217826	0.571112	-0.959846	-0.569172
0.905	0.792708	0.220549	0.575912	-0.9652	-0.573748
0.91	0.788528	0.223292	0.580738	-0.970593	-0.578335
0.915	0.784361	0.226056	0.585591	-0.976027	-0.582929
0.92	0.780208	0.22884	0.590471	-0.981501	-0.587533
0.925	0.776068	0.231644	0.595378	-0.987016	-0.592145
0.93	0.771942	0.234468	0.600313	-0.992572	-0.596764
0.935	0.767831	0.237313	0.605276	-0.998169	-0.601391
0.94	0.763733	0.240179	0.610267	-1.00381	-0.606025
0.945	0.75965	0.243065	0.615286	-1.00948	-0.610666
0.95	0.755582	0.245971	0.620333	-1.0152	-0.615313
0.955	0.751528	0.248898	0.625409	-1.02096	-0.619966
0.96	0.74749	0.251846	0.630514	-1.02676	-0.624624
0.965	0.743466	0.254815	0.635648	-1.0326	-0.629287
0.97	0.739458	0.257804	0.640811	-1.03848	-0.633955
0.975	0.735466	0.260814	0.646003	-1.0444	-0.638627
0.98	0.731489	0.263845	0.651225	-1.05036	-0.643302
0.985	0.727528	0.266896	0.656477	-1.05636	-0.64798
0.99	0.723584	0.269969	0.661759	-1.0624	-0.652661
0.995	0.719655	0.273062	0.667071	-1.06848	-0.657343
1	0.715744	0.276177	0.672413	-1.07459	-0.662027
1.005	0.711849	0.279312	0.677786	-1.08075	-0.666712
1.01	0.707971	0.282468	0.68319	-1.08694	-0.671397
1.015	0.704111	0.285646	0.688625	-1.09317	-0.676081
1.02	0.700267	0.288844	0.694091	-1.09944	-0.680765
1.025	0.696442	0.292064	0.699588	-1.10574	-0.685446
1.03	0.692634	0.295304	0.705117	-1.11208	-0.690125
1.035	0.688845	0.298566	0.710677	-1.11846	-0.694802
1.04	0.685073	0.301849	0.716269	-1.12487	-0.699474
1.045	0.68132	0.305153	0.721894	-1.13131	-0.704142
1.05	0.677586	0.308478	0.72755	-1.13779	-0.708805
1.055	0.673871	0.311825	0.733239	-1.1443	-0.713462
1.06	0.670176	0.315192	0.738961	-1.15084	-0.718112
1.065	0.666499	0.318581	0.744715	-1.15741	-0.722754
1.07	0.662842	0.321991	0.750502	-1.16401	-0.727388
1.075	0.659206	0.325422	0.756322	-1.17064	-0.732013
1.08	0.655589	0.328875	0.762175	-1.1773	-0.736628
1.085	0.651993	0.332348	0.768062	-1.18398	-0.741231
1.09	0.648417	0.335843	0.773981	-1.19069	-0.745823
1.095	0.644862	0.33936	0.779935	-1.19742	-0.750402
1.1	0.641328	0.342897	0.785922	-1.20418	-0.754967
1.105	0.637816	0.346456	0.791943	-1.21096	-0.759517
1.11	0.634325	0.350035	0.797998	-1.21775	-0.764051
1.115	0.630857	0.353636	0.804086	-1.22457	-0.768569
1.12	0.62741	0.357258	0.810209	-1.2314	-0.773068
1.125	0.623985	0.360902	0.816366	-1.23824	-0.777549
1.13	0.620584	0.364566	0.822557	-1.2451	-0.782009
1.135	0.617205	0.368252	0.828783	-1.25197	-0.786448
1.14	0.613849	0.371958	0.835043	-1.25885	-0.790865
1.145	0.610517	0.375686	0.841337	-1.26574	-0.795258
1.15	0.607208	0.379435	0.847666	-1.27263	-0.799627
1.155	0.603923	0.383204	0.854029	-1.27952	-0.803969
1.16	0.600663	0.386995	0.860427	-1.28642	-0.808284
1.165	0.597427	0.390807	0.866859	-1.29331	-0.81257
1.17	0.594215	0.394639	0.873325	-1.3002	-0.816827
1.175	0.591029	0.398492	0.879826	-1.30708	-0.821052
1.18	0.587868	0.402366	0.886362	-1.31395	-0.825245
1.185	0.584732	0.40626	0.892931	-1.32081	-0.829404
1.19	0.581622	0.410176	0.899535	-1.32765	-0.833527
1.195	0.578538	0.414111	0.906174	-1.33448	-0.837614
1.2	0.575481	0.418068	0.912846	-1.34128	-0.841662
1.205	0.57245	0.422044	0.919553	-1.34806	-0.845671
1.21	0.569446	0.426041	0.926293	-1.35482	-0.849638
1.215	0.566469	0.430059	0.933067	-1.36154	-0.853562
1.22	0.56352	0.434096	0.939875	-1.36822	-0.857442
1.225	0.560598	0.438153	0.946716	-1.37487	-0.861277
1.23	0.557704	0.442231	0.95359	-1.38148	-0.865063
1.235	0.554838	0.446328	0.960497	-1.38804	-0.868801
1.24	0.552001	0.450445	0.967438	-1.39456	-0.872488
1.245	0.549193	0.454582	0.974411	-1.40102	-0.876123
1.25	0.546414	0.458739	0.981416	-1.40742	-0.879703
1.255	0.543664	0.462915	0.988453	-1.41376	-0.883228
1.26	0.540944	0.46711	0.995522	-1.42003	-0.886695
1.265	0.538253	0.471324	1.00262	-1.42624	-0.890103
1.27	0.535593	0.475558	1.00975	-1.43237	-0.89345
1.275	0.532963	0.47981	1.01691	-1.43842	-0.896734
1.28	0.530364	0.484081	1.02411	-1.44439	-0.899954
1.285	0.527795	0.488371	1.03133	-1.45027	-0.903108
1.29	0.525258	0.49268	1.03858	-1.45606	-0.906194
1.295	0.522752	0.497007	1.04586	-1.46175	-0.90921
1.3	0.520278	0.501352	1.05317	-1.46734	-0.912155
1.305	0.517836	0.505715	1.06051	-1.47282	-0.915026
1.31	0.515426	0.510095	1.06787	-1.47819	-0.917822
1.315	0.513048	0.514494	1.07526	-1.48344	-0.920541
1.32	0.510704	0.51891	1.08268	-1.48856	-0.923182
1.325	0.508392	0.523344	1.09012	-1.49356	-0.925742
1.33	0.506113	0.527794	1.09759	-1.49843	-0.92822
1.335	0.503868	0.532262	1.10508	-1.50316	-0.930613
1.34	0.501656	0.536746	1.1126	-1.50774	-0.932921
1.345	0.499478	0.541247	1.12014	-1.51217	-0.935142
1.35	0.497334	0.545764	1.1277	-1.51645	-0.937273
1.355	0.495225	0.550297	1.13528	-1.52057	-0.939313
1.36	0.49315	0.554846	1.14288	-1.52453	-0.941261
1.365	0.49111	0.559411	1.1505	-1.52831	-0.943114
1.37	0.489105	0.563991	1.15815	-1.53192	-0.944871
1.375	0.487135	0.568587	1.16581	-1.53534	-0.946531
1.38	0.4852	0.573197	1.17348	-1.53858	-0.948092
1.385	0.483301	0.577823	1.18118	-1.54163	-0.949551
1.39	0.481437	0.582462	1.18888	-1.54448	-0.950909
1.395	0.47961	0.587116	1.19661	-1.54713	-0.952162
1.4	0.477818	0.591784	1.20434	-1.54957	-0.953311
1.405	0.476063	0.596466	1.21209	-1.5518	-0.954353
1.41	0.474344	0.601161	1.21985	-1.55381	-0.955287
1.415	0.472662	0.60587	1.22762	-1.55561	-0.956111
1.42	0.471016	0.610591	1.2354	-1.55717	-0.956825
1.425	0.469407	0.615325	1.24318	-1.5585	-0.957428
1.43	0.467835	0.620072	1.25097	-1.5596	-0.957918
1.435	0.4663	0.62483	1.25877	-1.56046	-0.958293
1.44	0.464802	0.629601	1.26657	-1.56107	-0.958554
1.445	0.463342	0.634383	1.27438	-1.56144	-0.958699
1.45	0.461919	0.639176	1.28219	-1.56155	-0.958727
1.455	0.460533	0.64398	1.28999	-1.56141	-0.958638
1.46	0.459185	0.648795	1.2978	-1.56101	-0.95843
1.465	0.457875	0.65362	1.30561	-1.56035	-0.958103
1.47	0.456602	0.658455	1.31341	-1.55942	-0.957656
1.475	0.455367	0.663301	1.32121	-1.55823	-0.957089
1.48	0.45417	0.668155	1.329	-1.55677	-0.956402
1.485	0.45301	0.673019	1.33678	-1.55503	-0.955593
1.49	0.451889	0.677891	1.34456	-1.55302	-0.954663
1.495	0.450805	0.682773	1.35232	-1.55073	-0.953612
1.5	0.449759	0.687662	1.36007	-1.54816	-0.952439
1.505	0.448751	0.692559	1.36781	-1.54531	-0.951144
1.51	0.447781	0.697464	1.37554	-1.54218	-0.949728
1.515	0.446849	0.702377	1.38325	-1.53877	-0.94819
1.52	0.445954	0.707296	1.39095	-1.53508	-0.94653
1.525	0.445098	0.712222	1.39862	-1.53111	-0.94475
1.53	0.444279	0.717155	1.40628	-1.52685	-0.942849
1.535	0.443498	0.722093	1.41391	-1.52231	-0.940828
1.54	0.442754	0.727037	1.42152	-1.51749	-0.938687
1.545	0.442048	0.731987	1.42911	-1.51239	-0.936427
1.55	0.441379	0.736942	1.43667	-1.50701	-0.934049
1.555	0.440748	0.741902	1.44421	-1.50135	-0.931553
1.56	0.440154	0.746867	1.45171	-1.49542	-0.928941
1.565	0.439597	0.751836	1.45919	-1.48921	-0.926213
1.57	0.439077	0.756809	1.46664	-1.48273	-0.923371
1.575	0.438594	0.761785	1.47405	-1.47598	-0.920415
1.58	0.438148	0.766765	1.48143	-1.46896	-0.917347
1.585	0.437738	0.771749	1.48878	-1.46167	-0.914168
1.59	0.437365	0.776735	1.49608	-1.45413	-0.91088
1.595	0.437028	0.781723	1.50335	-1.44633	-0.907483
1.6	0.436727	0.786714	1.51059	-1.43828	-0.90398
1.605	0.436462	0.791707	1.51778	-1.42998	-0.900371
1.61	0.436233	0.796702	1.52493	-1.42143	-0.89666
1.615	0.436039	0.801698	1.53203	-1.41264	-0.892846
1.62	0.435881	0.806696	1.5391	-1.40362	-0.888933
1.625	0.435758	0.811694	1.54612	-1.39437	-0.884921
1.63	0.435669	0.816693	1.55309	-1.38489	-0.880813
1.635	0.435615	0.821693	1.56001	-1.37519	-0.876611
1.64	0.435596	0.826693	1.56689	-1.36527	-0.872316
1.645	0.43561	0.831693	1.57371	-1.35515	-0.867931
1.65	0.435659	0.836693	1.58049	-1.34483	-0.863457
1.655	0.435741	0.841692	1.58721	-1.3343	-0.858897
1.66	0.435856	0.846691	1.59389	-1.32359	-0.854253
1.665	0.436005	0.851689	1.6005	-1.31269	-0.849527
1.67	0.436186	0.856685	1.60707	-1.30161	-0.844722
1.675	0.4364	0.861681	1.61358	-1.29036	-0.839839
1.68	0.436646	0.866675	1.62003	-1.27894	-0.83488
1.685	0.436924	0.871667	1.62642	-1.26737	-0.829848
1.69	0.437233	0.876657	1.63276	-1.25564	-0.824746
1.695	0.437574	0.881646	1.63904	-1.24376	-0.819575
1.7	0.437946	0.886632	1.64526	-1.23175	-0.814338
1.705	0.438349	0.891616	1.65141	-1.2196	-0.809037
1.71	0.438782	0.896597	1.65751	-1.20733	-0.803674
1.715	0.439245	0.901575	1.66355	-1.19494	-0.798252
1.72	0.439738	0.906551	1.66952	-1.18244	-0.792774
1.725	0.44026	0.911524	1.67544	-1.16983	-0.78724
1.73	0.440812	0.916493	1.68128	-1.15712	-0.781655
1.735	0.441392	0.921459	1.68707	-1.14432	-0.776019
1.74	0.442	0.926422	1.69279	-1.13143	-0.770336
1.745	0.442637	0.931382	1.69845	-1.11847	-0.764607
1.75	0.443301	0.936337	1.70404	-1.10544	-0.758835
1.755	0.443992	0.941289	1.70957	-1.09233	-0.753022
1.76	0.444711	0.946237	1.71503	-1.07917	-0.74717
1.765	0.445457	0.951182	1.72043	-1.06596	-0.741282
1.77	0.446228	0.956122	1.72576	-1.0527	-0.735359
1.775	0.447026	0.961058	1.73102	-1.0394	-0.729405
1.78	0.447849	0.965989	1.73622	-1.02606	-0.72342
1.785	0.448698	0.970917	1.74135	-1.0127	-0.717407
1.79	0.449571	0.97584	1.74641	-0.999311	-0.711368
1.795	0.45047	0.980759	1.75141	-0.985908	-0.705306
1.8	0.451392	0.985673	1.75634	-0.972493	-0.699221
1.805	0.452338	0.990582	1.7612	-0.959072	-0.693117
1.81	0.453308	0.995487	1.76599	-0.94565	-0.686994
1.815	0.454301	1.00039	1.77072	-0.932234	-0.680856
1.82	0.455317	1.00528	1.77538	-0.918827	-0.674703
1.825	0.456355	1.01017	1.77998	-0.905435	-0.668538
1.83	0.457416	1.01506	1.7845	-0.892062	-0.662362
1.835	0.458498	1.01994	1.78897	-0.878714	-0.656178
1.84	0.459601	1.02482	1.79336	-0.865394	-0.649986
1.845	0.460726	1.02969	1.79769	-0.852108	-0.643788
1.85	0.461872	1.03456	1.80195	-0.838859	-0.637587
1.855	0.463038	1.03942	1.80614	-0.825652	-0.631383
1.86	0.464224	1.04428	1.81027	-0.81249	-0.625179
1.865	0.465429	1.04913	1.81433	-0.799378	-0.618975
1.87	0.466654	1.05398	1.81833	-0.786318	-0.612774
1.875	0.467898	1.05882	1.82226	-0.773316	-0.606576
1.88	0.469161	1.06366	1.82613	-0.760373	-0.600383
1.885	0.470442	1.06849	1.82993	-0.747494	-0.594197
1.89	0.471742	1.07332	1.83367	-0.734681	-0.588018
1.895	0.473059	1.07814	1.83734	-0.721937	-0.581848
1.9	0.474393	1.08296	1.84095	-0.709266	-0.575688
1.905	0.475744	1.08778	1.84449	-0.69667	-0.56954
1.91	0.477113	1.09258	1.84798	-0.684152	-0.563403
1.915	0.478497	1.09739	1.8514	-0.671714	-0.557281
1.92	0.479898	1.10219	1.85476	-0.659358	-0.551173
1.925	0.481315	1.10698	1.85805	-0.647087	-0.545081
1.93	0.482747	1.11177	1.86129	-0.634902	-0.539005
1.935	0.484194	1.11656	1.86446	-0.622807	-0.532947
1.94	0.485656	1.12134	1.86758	-0.610802	-0.526907
1.945	0.487133	1.12612	1.87063	-0.598889	-0.520887
1.95	0.488624	1.13089	1.87363	-0.58707	-0.514887
1.955	0.49013	1.13566	1.87656	-0.575347	-0.508907
1.96	0.491648	1.14042	1.87944	-0.563721	-0.50295
1.965	0.493181	1.14518	1.88226	-0.552193	-0.497016
1.97	0.494726	1.14994	1.88502	-0.540765	-0.491104
1.975	0.496284	1.15469	1.88772	-0.529437	-0.485217
1.98	0.497855	1.15944	1.89037	-0.518211	-0.479354
1.985	0.499438	1.16418	1.89296	-0.507088	-0.473516
1.99	0.501033	1.16892	1.8955	-0.496067	-0.467705
1.995	0.50264	1.17365	1.89798	-0.485152	-0.461919
2	0.504258	1.17838	1.9004	-0.474341	-0.456161
2.005	0.505888	1.18311	1.90277	-0.463635	-0.45043
2.01	0.507529	1.18783	1.90509	-0.453035	-0.444727
2.015	0.50918	1.19255	1.90736	-0.442542	-0.439052
2.02	0.510841	1.19727	1.90957	-0.432156	-0.433406
2.025	0.512513	1.20198	1.91173	-0.421877	-0.427789
2.03	0.514195	1.20669	1.91384	-0.411705	-0.422202
2.035	0.515887	1.21139	1.9159	-0.40164	-0.416645
2.04	0.517587	1.2161	1.91791	-0.391684	-0.411118
2.045	0.519298	1.22079	1.91987	-0.381835	-0.405622
2.05	0.521017	1.22549	1.92177	-0.372093	-0.400157
2.055	0.522744	1.23018	1.92363	-0.362459	-0.394723
2.06	0.524481	1.23487	1.92545	-0.352933	-0.38932
2.065	0.526225	1.23956	1.92721	-0.343514	-0.383949
2.07	0.527978	1.24424	1.92893	-0.334202	-0.37861
2.075	0.529738	1.24892	1.9306	-0.324998	-0.373303
2.08	0.531507	1.2536	1.93223	-0.315899	-0.368028
2.085	0.533282	1.25827	1.9338	-0.306907	-0.362786
2.09	0.535065	1.26294	1.93534	-0.298021	-0.357576
2.095	0.536854	1.26761	1.93683	-0.28924	-0.352399
2.1	0.53865	1.27228	1.93828	-0.280564	-0.347255
2.105	0.540453	1.27694	1.93968	-0.271993	-0.342144
2.11	0.542262	1.2816	1.94104	-0.263526	-0.337066
2.115	0.544078	1.28626	1.94236	-0.255162	-0.332021
2.12	0.545899	1.29092	1.94363	-0.246901	-0.327009
2.125	0.547726	1.29557	1.94487	-0.238743	-0.32203
2.13	0.549559	1.30022	1.94606	-0.230686	-0.317085
2.135	0.551397	1.30487	1.94721	-0.22273	-0.312173
2.14	0.55324	1.30952	1.94833	-0.214875	-0.307294
2.145	0.555088	1.31417	1.9494	-0.207119	-0.302449
2.15	0.556941	1.31881	1.95044	-0.199462	-0.297637
2.155	0.558798	1.32345	1.95143	-0.191904	-0.292858
2.16	0.56066	1.32809	1.95239	-0.184443	-0.288112
2.165	0.562527	1.33273	1.95332	-0.177079	-0.2834
2.17	0.564397	1.33737	1.9542	-0.169811	-0.278721
2.175	0.566271	1.342	1.95505	-0.162638	-0.274075
2.18	0.56815	1.34664	1.95586	-0.155559	-0.269463
2.185	0.570031	1.35127	1.95664	-0.148574	-0.264883
2.19	0.571916	1.3559	1.95738	-0.141682	-0.260336
2.195	0.573805	1.36053	1.95809	-0.134882	-0.255823
2.2	0.575696	1.36516	1.95877	-0.128173	-0.251342
2.205	0.577591	1.36979	1.95941	-0.121554	-0.246893
2.21	0.579488	1.37441	1.96002	-0.115025	-0.242478
2.215	0.581388	1.37904	1.96059	-0.108584	-0.238095
2.22	0.583291	1.38366	1.96113	-0.102231	-0.233744
2.225	0.585196	1.38828	1.96165	-0.0959652	-0.229426
2.23	0.587103	1.39291	1.96213	-0.0897853	-0.22514
2.235	0.589012	1.39753	1.96257	-0.0836905	-0.220886
2.24	0.590923	1.40215	1.96299	-0.0776801	-0.216664
2.245	0.592836	1.40677	1.96338	-0.0717531	-0.212473
2.25	0.594751	1.41139	1.96374	-0.0659088	-0.208315
2.255	0.596667	1.416	1.96407	-0.0601461	-0.204188
2.26	0.598584	1.42062	1.96437	-0.0544643	-0.200092
2.265	0.600503	1.42524	1.96464	-0.0488625	-0.196028
2.27	0.602423	1.42986	1.96489	-0.0433398	-0.191995
2.275	0.604343	1.43447	1.9651	-0.0378953	-0.187993
2.28	0.606265	1.43909	1.96529	-0.0325283	-0.184021
2.285	0.608188	1.4437	1.96546	-0.0272378	-0.180081
2.29	0.610111	1.44832	1.96559	-0.0220231	-0.176171
2.295	0.612034	1.45293	1.9657	-0.0168831	-0.172291
2.3	0.613958	1.45755	1.96579	-0.0118172	-0.168441
2.305	0.615883	1.46216	1.96584	-0.00682439	-0.164622
2.31	0.617807	1.46678	1.96588	-0.00190391	-0.160832
2.315	0.619731	1.47139	1.96589	0.00294508	-0.157072
2.32	0.621656	1.47601	1.96587	0.00772342	-0.153342
2.325	0.62358	1.48062	1.96584	0.0124319	-0.149641
2.33	0.625504	1.48524	1.96577	0.0170714	-0.145969
2.335	0.627428	1.48985	1.96569	0.0216427	-0.142326
2.34	0.629351	1.49447	1.96558	0.0261467	-0.138713
2.345	0.631273	1.49909	1.96545	0.030584	-0.135127
2.35	0.633195	1.5037	1.9653	0.0349555	-0.131571
2.355	0.635116	1.50832	1.96512	0.039262	-0.128043
2.36	0.637036	1.51293	1.96492	0.0435043	-0.124543
2.365	0.638955	1.51755	1.96471	0.0476832	-0.121071
2.37	0.640873	1.52217	1.96447	0.0517994	-0.117626
2.375	0.642789	1.52679	1.96421	0.0558537	-0.11421
2.38	0.644705	1.53141	1.96393	0.0598468	-0.110821
2.385	0.646619	1.53602	1.96363	0.0637795	-0.107459
2.39	0.648531	1.54064	1.96331	0.0676525	-0.104124
2.395	0.650442	1.54526	1.96297	0.0714666	-0.100817
2.4	0.652352	1.54989	1.96262	0.0752225	-0.0975359
2.405	0.654259	1.55451	1.96224	0.0789209	-0.0942817
2.41	0.656165	1.55913	1.96185	0.0825626	-0.0910539
2.415	0.658069	1.56375	1.96143	0.0861481	-0.0878524
2.42	0.659971	1.56838	1.961	0.0896783	-0.084677
2.425	0.661871	1.573	1.96055	0.0931539	-0.0815275
2.43	0.663769	1.57763	1.96009	0.0965754	-0.0784038
2.435	0.665664	1.58226	1.95961	0.0999437	-0.0753056
2.44	0.667557	1.58688	1.95911	0.103259	-0.0722329
2.445	0.669448	1.59151	1.95859	0.106523	-0.0691854
2.45	0.671336	1.59614	1.95806	0.109735	-0.0661629
2.455	0.673222	1.60077	1.95751	0.112897	-0.0631654
2.46	0.675105	1.6054	1.95694	0.116008	-0.0601925
2.465	0.676985	1.61004	1.95636	0.11907	-0.0572443
2.47	0.678863	1.61467	1.95577	0.122084	-0.0543204
2.475	0.680738	1.61931	1.95516	0.125049	-0.0514207
2.48	0.68261	1.62394	1.95453	0.127967	-0.0485451
2.485	0.684479	1.62858	1.95389	0.130837	-0.0456934
2.49	0.686345	1.63322	1.95324	0.133662	-0.0428654
2.495	0.688207	1.63786	1.95257	0.13644	-0.040061
2.5	0.690067	1.6425	1.95189	0.139174	-0.0372799
2.505	0.691924	1.64714	1.95119	0.141863	-0.0345221
2.51	0.693777	1.65179	1.95048	0.144507	-0.0317874
2.515	0.695626	1.65643	1.94976	0.147109	-0.0290756
2.52	0.697473	1.66108	1.94902	0.149667	-0.0263865
2.525	0.699316	1.66573	1.94828	0.152183	-0.02372
2.53	0.701155	1.67038	1.94752	0.154657	-0.021076
2.535	0.702991	1.67503	1.94674	0.15709	-0.0184542
2.54	0.704823	1.67968	1.94596	0.159482	-0.0158546
2.545	0.706651	1.68433	1.94516	0.161834	-0.0132769
2.55	0.708476	1.68899	1.94435	0.164146	-0.010721
2.555	0.710297	1.69364	1.94353	0.166419	-0.0081868
2.56	0.712114	1.6983	1.9427	0.168653	-0.0056741
2.565	0.713927	1.70296	1.94185	0.170848	-0.00318275
2.57	0.715736	1.70762	1.941	0.173006	-0.000712611
2.575	0.717541	1.71229	1.94013	0.175127	0.00173647
2.58	0.719342	1.71695	1.93926	0.177211	0.00416465
2.585	0.721138	1.72162	1.93837	0.179259	0.00657207
2.59	0.722931	1.72628	1.93748	0.181271	0.00895887
2.595	0.724719	1.73095	1.93657	0.183247	0.0113252
2.6	0.726503	1.73562	1.93565	0.185188	0.0136712
2.605	0.728283	1.7403	1.93473	0.187095	0.015997
2.61	0.730059	1.74497	1.93379	0.188968	0.0183028
2.615	0.73183	1.74965	1.93285	0.190807	0.0205887
2.62	0.733596	1.75432	1.93189	0.192613	0.0228548
2.625	0.735358	1.759	1.93093	0.194386	0.0251013
2.63	0.737116	1.76369	1.92996	0.196127	0.0273283
2.635	0.738868	1.76837	1.92898	0.197835	0.029536
2.64	0.740617	1.77305	1.92799	0.199513	0.0317245
2.645	0.74236	1.77774	1.92699	0.201158	0.0338939
2.65	0.744099	1.78243	1.92599	0.202774	0.0360443
2.655	0.745833	1.78712	1.92497	0.204358	0.038176
2.66	0.747562	1.79181	1.92395	0.205913	0.0402889
2.665	0.749287	1.7965	1.92292	0.207438	0.0423833
2.67	0.751006	1.8012	1.92188	0.208934	0.0444593
2.675	0.752721	1.80589	1.92084	0.210401	0.0465171
2.68	0.754431	1.81059	1.91979	0.21184	0.0485566
2.685	0.756136	1.81529	1.91873	0.21325	0.0505781
2.69	0.757835	1.81999	1.91766	0.214632	0.0525818
2.695	0.75953	1.8247	1.91659	0.215987	0.0545676
2.7	0.76122	1.8294	1.91551	0.217315	0.0565358
2.705	0.762904	1.83411	1.91442	0.218616	0.0584864
2.71	0.764584	1.83882	1.91333	0.219891	0.0604197
2.715	0.766258	1.84353	1.91223	0.221139	0.0623356
2.72	0.767927	1.84825	1.91112	0.222362	0.0642344
2.725	0.76959	1.85296	1.91001	0.223559	0.0661161
2.73	0.771249	1.85768	1.90889	0.224731	0.0679809
2.735	0.772902	1.8624	1.90777	0.225878	0.0698289
2.74	0.77455	1.86712	1.90664	0.227001	0.0716602
2.745	0.776192	1.87184	1.90551	0.228099	0.0734749
2.75	0.777829	1.87656	1.90437	0.229174	0.0752732
2.755	0.779461	1.88129	1.90322	0.230225	0.077055
2.76	0.781087	1.88602	1.90207	0.231252	0.0788207
2.765	0.782708	1.89075	1.90091	0.232257	0.0805702
2.77	0.784323	1.89548	1.89975	0.233238	0.0823037
2.775	0.785933	1.90021	1.89858	0.234197	0.0840213
2.78	0.787537	1.90495	1.89741	0.235134	0.0857231
2.785	0.789136	1.90969	1.89624	0.236049	0.0874092
2.79	0.790729	1.91443	1.89506	0.236942	0.0890797
2.795	0.792316	1.91917	1.89387	0.237814	0.0907348
2.8	0.793898	1.92391	1.89268	0.238665	0.0923744
2.805	0.795474	1.92866	1.89149	0.239494	0.0939989
2.81	0.797045	1.9334	1.89029	0.240303	0.0956081
2.815	0.79861	1.93815	1.88909	0.241092	0.0972023
2.82	0.800169	1.9429	1.88789	0.241861	0.0987816
2.825	0.801722	1.94766	1.88668	0.242609	0.100346
2.83	0.803269	1.95241	1.88546	0.243338	0.101896
2.835	0.804811	1.95717	1.88425	0.244048	0.103431
2.84	0.806347	1.96192	1.88303	0.244738	0.104951
2.845	0.807877	1.96668	1.8818	0.245409	0.106457
2.85	0.809401	1.97145	1.88058	0.246062	0.107949
2.855	0.81092	1.97621	1.87935	0.246696	0.109426
2.86	0.812432	1.98098	1.87811	0.247312	0.11089
2.865	0.813939	1.98574	1.87688	0.24791	0.112339
2.87	0.81544	1.99051	1.87564	0.248489	0.113774
2.875	0.816934	1.99528	1.87439	0.249052	0.115195
2.88	0.818423	2.00006	1.87315	0.249596	0.116603
2.885	0.819906	2.00483	1.8719	0.250124	0.117997
2.89	0.821383	2.00961	1.87065	0.250635	0.119377
2.895	0.822854	2.01439	1.8694	0.251128	0.120744
2.9	0.824319	2.01917	1.86814	0.251605	0.122097
2.905	0.825778	2.02395	1.86688	0.252066	0.123438
2.91	0.827231	2.02874	1.86562	0.25251	0.124764
2.915	0.828677	2.03352	1.86436	0.252939	0.126078
2.92	0.830118	2.03831	1.8631	0.253351	0.127379
2.925	0.831553	2.0431	1.86183	0.253748	0.128667
2.93	0.832982	2.04789	1.86056	0.25413	0.129941
2.935	0.834404	2.05268	1.85929	0.254496	0.131204
2.94	0.83582	2.05748	1.85802	0.254847	0.132453
2.945	0.837231	2.06228	1.85674	0.255183	0.13369
2.95	0.838635	2.06708	1.85547	0.255504	0.134914
2.955	0.840033	2.07188	1.85419	0.25581	0.136126
2.96	0.841425	2.07668	1.85291	0.256103	0.137325
2.965	0.842811	2.08148	1.85163	0.256381	0.138512
2.97	0.84419	2.08629	1.85035	0.256644	0.139687
2.975	0.845564	2.0911	1.84906	0.256894	0.14085
2.98	0.846931	2.09591	1.84778	0.25713	0.142001
2.985	0.848292	2.10072	1.84649	0.257353	0.14314
2.99	0.849647	2.10553	1.84521	0.257562	0.144266
2.995	0.850996	2.11034	1.84392	0.257758	0.145382
3	0.852338	2.11516	1.84263	0.25794	0.146485
3.005	0.853675	2.11998	1.84134	0.25811	0.147577
3.01	0.855005	2.1248	1.84005	0.258266	0.148657
3.015	0.856329	2.12962	1.83876	0.25841	0.149726
3.02	0.857646	2.13444	1.83747	0.258542	0.150783
3.025	0.858958	2.13927	1.83618	0.258661	0.151829
3.03	0.860263	2.14409	1.83488	0.258768	0.152864
3.035	0.861562	2.14892	1.83359	0.258862	0.153887
3.04	0.862854	2.15375	1.83229	0.258945	0.1549
3.045	0.864141	2.15859	1.831	0.259016	0.155901
3.05	0.865421	2.16342	1.8297	0.259075	0.156892
3.055	0.866695	2.16825	1.82841	0.259122	0.157871
3.06	0.867962	2.17309	1.82711	0.259158	0.15884
3.065	0.869224	2.17793	1.82582	0.259182	0.159798
3.07	0.870479	2.18277	1.82452	0.259196	0.160745
3.075	0.871727	2.18761	1.82323	0.259198	0.161682
3.08	0.87297	2.19245	1.82193	0.259189	0.162608
3.085	0.874206	2.1973	1.82063	0.25917	0.163524
3.09	0.875436	2.20214	1.81934	0.259139	0.164429
3.095	0.87666	2.20699	1.81804	0.259099	0.165324
3.1	0.877877	2.21184	1.81675	0.259047	0.166209
3.105	0.879088	2.21669	1.81545	0.258985	0.167084
3.11	0.880293	2.22155	1.81416	0.258913	0.167948
3.115	0.881492	2.2264	1.81286	0.258831	0.168802
3.12	0.882684	2.23126	1.81157	0.258739	0.169647
3.125	0.88387	2.23611	1.81027	0.258637	0.170481
3.13	0.88505	2.24097	1.80898	0.258525	0.171306
3.135	0.886223	2.24583	1.80769	0.258404	0.172121
3.14	0.88739	2.25069	1.8064	0.258272	0.172926
3.145	0.888551	2.25556	1.8051	0.258132	0.173721
3.15	0.889706	2.26042	1.80381	0.257982	0.174507
3.155	0.890854	2.26529	1.80252	0.257822	0.175283
3.16	0.891996	2.27016	1.80123	0.257654	0.17605
3.165	0.893132	2.27503	1.79995	0.257476	0.176808
3.17	0.894261	2.2799	1.79866	0.25729	0.177556
3.175	0.895384	2.28477	1.79737	0.257094	0.178295
3.18	0.896501	2.28964	1.79609	0.25689	0.179024
3.185	0.897612	2.29452	1.7948	0.256677	0.179745
3.19	0.898716	2.29939	1.79352	0.256455	0.180456
3.195	0.899814	2.30427	1.79224	0.256225	0.181158
3.2	0.900906	2.30915	1.79096	0.255987	0.181852
3.205	0.901992	2.31403	1.78968	0.25574	0.182536
3.21	0.903072	2.31891	1.7884	0.255485	0.183212
3.215	0.904145	2.3238	1.78712	0.255222	0.183879
3.22	0.905212	2.32868	1.78584	0.25495	0.184537
3.225	0.906272	2.33357	1.78457	0.254671	0.185186
3.23	0.907327	2.33846	1.7833	0.254384	0.185827
3.235	0.908375	2.34334	1.78202	0.254089	0.186459
3.24	0.909417	2.34823	1.78075	0.253787	0.187082
3.245	0.910453	2.35313	1.77948	0.253476	0.187698
3.25	0.911483	2.35802	1.77822	0.253159	0.188304
3.255	0.912506	2.36291	1.77695	0.252833	0.188903
3.26	0.913524	2.36781	1.77569	0.252501	0.189493
3.265	0.914535	2.37271	1.77442	0.252161	0.190075
3.27	0.91554	2.3776	1.77316	0.251813	0.190649
3.275	0.916538	2.3825	1.7719	0.251459	0.191214
3.28	0.917531	2.3874	1.77065	0.251097	0.191772
3.285	0.918518	2.3923	1.76939	0.250729	0.192322
3.29	0.919498	2.39721	1.76814	0.250354	0.192863
3.295	0.920472	2.40211	1.76689	0.249971	0.193397
3.3	0.92144	2.40702	1.76564	0.249582	0.193923
3.305	0.922402	2.41192	1.76439	0.249186	0.194441
3.31	0.923358	2.41683	1.76314	0.248784	0.194951
3.315	0.924307	2.42174	1.7619	0.248375	0.195454
3.32	0.925251	2.42665	1.76066	0.247959	0.195949
3.325	0.926189	2.43156	1.75942	0.247537	0.196436
3.33	0.92712	2.43647	1.75818	0.247109	0.196916
3.335	0.928045	2.44139	1.75694	0.246674	0.197388
3.34	0.928965	2.4463	1.75571	0.246233	0.197853
3.345	0.929878	2.45122	1.75448	0.245786	0.198311
3.35	0.930785	2.45614	1.75325	0.245333	0.198761
3.355	0.931686	2.46105	1.75202	0.244874	0.199204
3.36	0.932581	2.46597	1.7508	0.244409	0.199639
3.365	0.933471	2.47089	1.74958	0.243938	0.200068
3.37	0.934354	2.47582	1.74836	0.243461	0.200489
3.375	0.935231	2.48074	1.74714	0.242978	0.200903
3.38	0.936102	2.48566	1.74593	0.242489	0.20131
3.385	0.936967	2.49059	1.74471	0.241995	0.201711
3.39	0.937827	2.49551	1.7435	0.241495	0.202104
3.395	0.93868	2.50044	1.7423	0.24099	0.20249
3.4	0.939527	2.50537	1.74109	0.240479	0.20287
3.405	0.940369	2.51029	1.73989	0.239963	0.203242
3.41	0.941204	2.51522	1.73869	0.239441	0.203608
3.415	0.942034	2.52015	1.73749	0.238914	0.203967
3.42	0.942858	2.52509	1.7363	0.238382	0.20432
3.425	0.943675	2.53002	1.7351	0.237844	0.204665
3.43	0.944487	2.53495	1.73392	0.237302	0.205005
3.435	0.945294	2.53989	1.73273	0.236754	0.205337
3.44	0.946094	2.54482	1.73154	0.236201	0.205664
3.445	0.946888	2.54976	1.73036	0.235643	0.205983
3.45	0.947677	2.5547	1.72919	0.23508	0.206297
3.455	0.94846	2.55963	1.72801	0.234512	0.206604
3.46	0.949237	2.56457	1.72684	0.23394	0.206904
3.465	0.950008	2.56951	1.72567	0.233362	0.207199
3.47	0.950774	2.57446	1.7245	0.23278	0.207487
3.475	0.951533	2.5794	1.72334	0.232193	0.207769
3.48	0.952287	2.58434	1.72218	0.231602	0.208045
3.485	0.953036	2.58928	1.72102	0.231006	0.208315
3.49	0.953778	2.59423	1.71986	0.230405	0.208578
3.495	0.954515	2.59917	1.71871	0.2298	0.208836
3.5	0.955246	2.60412	1.71756	0.22919	0.209088
3.505	0.955972	2.60907	1.71642	0.228576	0.209333
3.51	0.956692	2.61402	1.71527	0.227958	0.209573
3.515	0.957406	2.61896	1.71413	0.227335	0.209807
3.52	0.958114	2.62391	1.713	0.226708	0.210035
3.525	0.958817	2.62886	1.71186	0.226077	0.210258
3.53	0.959515	2.63382	1.71073	0.225441	0.210475
3.535	0.960207	2.63877	1.70961	0.224801	0.210686
3.54	0.960893	2.64372	1.70848	0.224158	0.210891
3.545	0.961574	2.64867	1.70736	0.22351	0.211091
3.55	0.962249	2.65363	1.70624	0.222858	0.211285
3.555	0.962918	2.65858	1.70513	0.222202	0.211473
3.56	0.963582	2.66354	1.70402	0.221542	0.211656
3.565	0.964241	2.66849	1.70291	0.220879	0.211834
3.57	0.964894	2.67345	1.70181	0.220211	0.212006
3.575	0.965542	2.67841	1.70071	0.21954	0.212173
3.58	0.966184	2.68337	1.69961	0.218865	0.212335
3.585	0.966821	2.68833	1.69851	0.218186	0.212491
3.59	0.967453	2.69329	1.69742	0.217503	0.212642
3.595	0.968079	2.69825	1.69633	0.216817	0.212787
3.6	0.968699	2.70321	1.69525	0.216127	0.212928
3.605	0.969315	2.70817	1.69417	0.215434	0.213063
3.61	0.969925	2.71313	1.69309	0.214737	0.213193
3.615	0.970529	2.7181	1.69202	0.214036	0.213318
3.62	0.971128	2.72306	1.69095	0.213333	0.213439
3.625	0.971722	2.72803	1.68988	0.212625	0.213554
3.63	0.972311	2.73299	1.68882	0.211914	0.213664
3.635	0.972895	2.73796	1.68776	0.2112	0.213769
3.64	0.973473	2.74292	1.6867	0.210483	0.213869
3.645	0.974046	2.74789	1.68565	0.209762	0.213964
3.65	0.974614	2.75286	1.6846	0.209038	0.214055
3.655	0.975176	2.75783	1.68356	0.208311	0.21414
3.66	0.975734	2.7628	1.68252	0.20758	0.214221
3.665	0.976286	2.76776	1.68148	0.206847	0.214298
3.67	0.976833	2.77273	1.68044	0.20611	0.214369
3.675	0.977375	2.77771	1.67941	0.20537	0.214436
3.68	0.977912	2.78268	1.67839	0.204628	0.214498
3.685	0.978444	2.78765	1.67736	0.203882	0.214556
3.69	0.978971	2.79262	1.67634	0.203133	0.214609
3.695	0.979492	2.79759	1.67533	0.202381	0.214657
3.7	0.980009	2.80257	1.67432	0.201627	0.214701
3.705	0.980521	2.80754	1.67331	0.200869	0.21474
3.71	0.981027	2.81251	1.6723	0.200109	0.214776
3.715	0.981529	2.81749	1.6713	0.199345	0.214806
3.72	0.982026	2.82246	1.67031	0.198579	0.214832
3.725	0.982518	2.82744	1.66931	0.19781	0.214854
3.73	0.983005	2.83242	1.66832	0.197039	0.214872
3.735	0.983486	2.83739	1.66734	0.196265	0.214885
3.74	0.983964	2.84237	1.66636	0.195488	0.214894
3.745	0.984436	2.84735	1.66538	0.194708	0.214899
3.75	0.984903	2.85233	1.66441	0.193926	0.2149
3.755	0.985366	2.8573	1.66344	0.193141	0.214896
3.76	0.985823	2.86228	1.66247	0.192354	0.214889
3.765	0.986276	2.86726	1.66151	0.191564	0.214877
3.77	0.986724	2.87224	1.66055	0.190772	0.214861
3.775	0.987168	2.87722	1.6596	0.189977	0.214841
3.78	0.987607	2.8822	1.65865	0.18918	0.214817
3.785	0.988041	2.88719	1.6577	0.18838	0.21479
3.79	0.98847	2.89217	1.65676	0.187578	0.214758
3.795	0.988894	2.89715	1.65582	0.186774	0.214722
3.8	0.989314	2.90213	1.65489	0.185967	0.214683
3.805	0.98973	2.90711	1.65396	0.185158	0.214639
3.81	0.99014	2.9121	1.65303	0.184347	0.214592
3.815	0.990547	2.91708	1.65211	0.183534	0.214541
3.82	0.990948	2.92206	1.65119	0.182718	0.214486
3.825	0.991345	2.92705	1.65028	0.1819	0.214427
3.83	0.991738	2.93203	1.64937	0.18108	0.214365
3.835	0.992126	2.93702	1.64846	0.180258	0.214299
3.84	0.992509	2.942	1.64756	0.179434	0.214229
3.845	0.992888	2.94699	1.64667	0.178607	0.214156
3.85	0.993263	2.95197	1.64577	0.177779	0.214079
3.855	0.993633	2.95696	1.64488	0.176948	0.213998
3.86	0.993998	2.96195	1.644	0.176116	0.213914
3.865	0.99436	2.96693	1.64312	0.175281	0.213826
3.87	0.994717	2.97192	1.64224	0.174445	0.213735
3.875	0.995069	2.97691	1.64137	0.173607	0.21364
3.88	0.995417	2.9819	1.6405	0.172766	0.213542
3.885	0.995761	2.98689	1.63964	0.171924	0.213441
3.89	0.996101	2.99187	1.63878	0.17108	0.213336
3.895	0.996436	2.99686	1.63792	0.170234	0.213227
3.9	0.996767	3.00185	1.63707	0.169387	0.213116
3.905	0.997094	3.00684	1.63623	0.168537	0.213001
3.91	0.997417	3.01183	1.63538	0.167686	0.212882
3.915	0.997736	3.01682	1.63454	0.166833	0.212761
3.92	0.99805	3.02181	1.63371	0.165979	0.212636
3.925	0.99836	3.0268	1.63288	0.165122	0.212508
3.93	0.998666	3.03179	1.63205	0.164264	0.212376
3.935	0.998968	3.03678	1.63123	0.163405	0.212242
3.94	0.999266	3.04177	1.63042	0.162544	0.212104
3.945	0.99956	3.04676	1.6296	0.161681	0.211963
3.95	0.99985	3.05176	1.6288	0.160816	0.211819
3.955	1.00014	3.05675	1.62799	0.15995	0.211672
3.96	1.00042	3.06174	1.62719	0.159083	0.211522
3.965	1.0007	3.06673	1.6264	0.158214	0.211369
3.97	1.00097	3.07172	1.6256	0.157344	0.211213
3.975	1.00124	3.07672	1.62482	0.156472	0.211054
3.98	1.00151	3.08171	1.62404	0.155598	0.210892
3.985	1.00177	3.0867	1.62326	0.154724	0.210727
3.99	1.00203	3.0917	1.62248	0.153847	0.210559
3.995	1.00228	3.09669	1.62171	0.15297	0.210388
4	1.00253	3.10168	1.62095	0.152091	0.210214
4.005	1.00278	3.10668	1.62019	0.151211	0.210037
4.01	1.00302	3.11167	1.61943	0.150329	0.209858
4.015	1.00326	3.11667	1.61868	0.149447	0.209675
4.02	1.0035	3.12166	1.61793	0.148563	0.20949
4.025	1.00373	3.12666	1.61719	0.147677	0.209302
4.03	1.00396	3.13165	1.61645	0.146791	0.209112
4.035	1.00418	3.13664	1.61572	0.145903	0.208918
4.04	1.0044	3.14164	1.61499	0.145014	0.208722
4.045	1.00462	3.14664	1.61426	0.144124	0.208523
4.05	1.00483	3.15163	1.61354	0.143233	0.208322
4.055	1.00504	3.15663	1.61283	0.142341	0.208117
4.06	1.00525	3.16162	1.61212	0.141448	0.207911
4.065	1.00545	3.16662	1.61141	0.140553	0.207701
4.07	1.00565	3.17161	1.61071	0.139658	0.207489
4.075	1.00585	3.17661	1.61001	0.138762	0.207274
4.08	1.00604	3.18161	1.60931	0.137864	0.207057
4.085	1.00623	3.1866	1.60863	0.136966	0.206838
4.09	1.00642	3.1916	1.60794	0.136066	0.206615
4.095	1.0066	3.1966	1.60726	0.135166	0.206391
4.1	1.00678	3.20159	1.60658	0.134265	0.206163
4.105	1.00695	3.20659	1.60591	0.133363	0.205934
4.11	1.00712	3.21159	1.60525	0.132459	0.205701
4.115	1.00729	3.21658	1.60458	0.131556	0.205467
4.12	1.00746	3.22158	1.60393	0.130651	0.20523
4.125	1.00762	3.22658	1.60327	0.129745	0.20499
4.13	1.00778	3.23158	1.60262	0.128839	0.204749
4.135	1.00794	3.23657	1.60198	0.127932	0.204505
4.14	1.00809	3.24157	1.60134	0.127024	0.204258
4.145	1.00824	3.24657	1.6007	0.126115	0.204009
4.15	1.00838	3.25157	1.60007	0.125206	0.203758
4.155	1.00853	3.25657	1.59945	0.124296	0.203505
4.16	1.00867	3.26156	1.59883	0.123385	0.203249
4.165	1.00881	3.26656	1.59821	0.122474	0.202991
4.17	1.00894	3.27156	1.5976	0.121562	0.202731
4.175	1.00907	3.27656	1.59699	0.120649	0.202469
4.18	1.0092	3.28156	1.59639	0.119736	0.202204
4.185	1.00932	3.28655	1.59579	0.118822	0.201937
4.19	1.00944	3.29155	1.59519	0.117907	0.201669
4.195	1.00956	3.29655	1.5946	0.116993	0.201397
4.2	1.00968	3.30155	1.59402	0.116077	0.201124
4.205	1.00979	3.30655	1.59344	0.115161	0.200849
4.21	1.0099	3.31155	1.59286	0.114245	0.200571
4.215	1.01001	3.31655	1.59229	0.113328	0.200292
4.22	1.01012	3.32155	1.59172	0.112411	0.20001
4.225	1.01022	3.32654	1.59116	0.111493	0.199727
4.23	1.01032	3.33154	1.59061	0.110575	0.199441
4.235	1.01041	3.33654	1.59005	0.109656	0.199153
4.24	1.01051	3.34154	1.5895	0.108737	0.198863
4.245	1.0106	3.34654	1.58896	0.107818	0.198571
4.25	1.01069	3.35154	1.58842	0.106898	0.198278
4.255	1.01077	3.35654	1.58789	0.105979	0.197982
4.26	1.01085	3.36154	1.58736	0.105058	0.197684
4.265	1.01093	3.36654	1.58683	0.104138	0.197384
4.27	1.01101	3.37154	1.58631	0.103217	0.197083
4.275	1.01109	3.37654	1.5858	0.102296	0.196779
4.28	1.01116	3.38154	1.58528	0.101375	0.196474
4.285	1.01123	3.38654	1.58478	0.100454	0.196167
4.29	1.0113	3.39154	1.58427	0.0995327	0.195857
4.295	1.01136	3.39653	1.58378	0.0986111	0.195546
4.3	1.01142	3.40153	1.58328	0.0976894	0.195233
4.305	1.01148	3.40653	1.5828	0.0967676	0.194919
4.31	1.01154	3.41153	1.58231	0.0958457	0.194602
4.315	1.0116	3.41653	1.58183	0.0949237	0.194284
4.32	1.01165	3.42153	1.58136	0.0940017	0.193963
4.325	1.0117	3.42653	1.58089	0.0930797	0.193641
4.33	1.01175	3.43153	1.58042	0.0921576	0.193318
4.335	1.01179	3.43653	1.57996	0.0912356	0.192992
4.34	1.01184	3.44153	1.57951	0.0903136	0.192665
4.345	1.01188	3.44653	1.57905	0.0893916	0.192336
4.35	1.01192	3.45153	1.57861	0.0884697	0.192005
4.355	1.01195	3.45653	1.57816	0.0875479	0.191673
4.36	1.01199	3.46153	1.57773	0.0866262	0.191339
4.365	1.01202	3.46653	1.57729	0.0857046	0.191003
4.37	1.01205	3.47153	1.57687	0.0847832	0.190665
4.375	1.01208	3.47653	1.57644	0.0838619	0.190326
4.38	1.01211	3.48153	1.57602	0.0829408	0.189985
4.385	1.01213	3.48653	1.57561	0.0820199	0.189643
4.39	1.01215	3.49153	1.5752	0.0810993	0.189298
4.395	1.01217	3.49653	1.57479	0.0801789	0.188953
4.4	1.01219	3.50153	1.57439	0.0792587	0.188605
4.405	1.01221	3.50653	1.57399	0.0783389	0.188256
4.41	1.01222	3.51153	1.5736	0.0774193	0.187906
4.415	1.01223	3.51653	1.57322	0.0765001	0.187553
4.42	1.01224	3.52153	1.57283	0.0755812	0.1872
4.425	1.01225	3.52653	1.57246	0.0746627	0.186844
4.43	1.01226	3.53153	1.57208	0.0737445	0.186487
4.435	1.01226	3.53653	1.57171	0.0728268	0.186129
4.44	1.01226	3.54153	1.57135	0.0719095	0.185769
4.445	1.01227	3.54653	1.57099	0.0709926	0.185408
4.45	1.01226	3.55153	1.57063	0.0700762	0.185045
4.455	1.01226	3.55653	1.57028	0.0691603	0.18468
4.46	1.01226	3.56153	1.56994	0.0682449	0.184314
4.465	1.01225	3.56653	1.5696	0.06733	0.183947
4.47	1.01224	3.57153	1.56926	0.0664156	0.183578
4.475	1.01223	3.57653	1.56893	0.0655018	0.183207
4.48	1.01222	3.58153	1.5686	0.0645886	0.182835
4.485	1.01221	3.58653	1.56828	0.063676	0.182462
4.49	1.0122	3.59153	1.56796	0.062764	0.182087
4.495	1.01218	3.59653	1.56765	0.0618526	0.181711
4.5	1.01216	3.60153	1.56734	0.0609419	0.181333
4.505	1.01215	3.60653	1.56703	0.0600319	0.180954
4.51	1.01213	3.61153	1.56673	0.0591226	0.180573
4.515	1.0121	3.61653	1.56644	0.0582141	0.180192
4.52	1.01208	3.62153	1.56614	0.0573062	0.179808
4.525	1.01206	3.62653	1.56586	0.0563992	0.179423
4.53	1.01203	3.63153	1.56558	0.0554929	0.179037
4.535	1.012	3.63653	1.5653	0.0545874	0.17865
4.54	1.01197	3.64153	1.56503	0.0536827	0.178261
4.545	1.01194	3.64653	1.56476	0.0527789	0.177871
4.55	1.01191	3.65153	1.56449	0.051876	0.177479
4.555	1.01188	3.65653	1.56423	0.0509739	0.177086
4.56	1.01184	3.66153	1.56398	0.0500728	0.176692
4.565	1.01181	3.66653	1.56373	0.0491725	0.176297
4.57	1.01177	3.67153	1.56348	0.0482733	0.1759
4.575	1.01173	3.67653	1.56324	0.0473749	0.175502
4.58	1.0117	3.68153	1.563	0.0464776	0.175102
4.585	1.01166	3.68653	1.56277	0.0455813	0.174701
4.59	1.01161	3.69153	1.56254	0.044686	0.174299
4.595	1.01157	3.69653	1.56232	0.0437918	0.173896
4.6	1.01153	3.70153	1.5621	0.0428986	0.173491
4.605	1.01148	3.70653	1.56189	0.0420066	0.173085
4.61	1.01144	3.71153	1.56168	0.0411156	0.172678
4.615	1.01139	3.71653	1.56147	0.0402258	0.172269
4.62	1.01134	3.72153	1.56127	0.0393372	0.17186
4.625	1.0113	3.72653	1.56107	0.0384497	0.171449
4.63	1.01125	3.73153	1.56088	0.0375634	0.171036
4.635	1.0112	3.73653	1.56069	0.0366783	0.170623
4.64	1.01114	3.74153	1.56051	0.0357945	0.170208
4.645	1.01109	3.74653	1.56033	0.0349119	0.169792
4.65	1.01104	3.75153	1.56016	0.0340307	0.169375
4.655	1.01098	3.75653	1.55999	0.0331507	0.168956
4.66	1.01093	3.76152	1.55982	0.032272	0.168537
4.665	1.01087	3.76652	1.55966	0.0313947	0.168116
4.67	1.01082	3.77152	1.5595	0.0305188	0.167694
4.675	1.01076	3.77652	1.55935	0.0296442	0.16727
4.68	1.0107	3.78152	1.5592	0.0287711	0.166846
4.685	1.01064	3.78652	1.55906	0.0278994	0.16642
4.69	1.01058	3.79152	1.55892	0.0270291	0.165993
4.695	1.01052	3.79652	1.55878	0.0261604	0.165565
4.7	1.01046	3.80152	1.55865	0.0252931	0.165136
4.705	1.0104	3.80652	1.55853	0.0244273	0.164705
4.71	1.01034	3.81152	1.5584	0.0235631	0.164273
4.715	1.01028	3.81652	1.55829	0.0227004	0.163841
4.72	1.01021	3.82152	1.55817	0.0218393	0.163407
4.725	1.01015	3.82652	1.55806	0.0209798	0.162971
4.73	1.01009	3.83152	1.55796	0.020122	0.162535
4.735	1.01002	3.83652	1.55786	0.0192658	0.162098
4.74	1.00996	3.84152	1.55776	0.0184112	0.161659
4.745	1.00989	3.84652	1.55767	0.0175584	0.161219
4.75	1.00982	3.85152	1.55758	0.0167073	0.160778
4.755	1.00976	3.85652	1.5575	0.0158579	0.160336
4.76	1.00969	3.86152	1.55742	0.0150102	0.159893
4.765	1.00962	3.86652	1.55734	0.0141644	0.159449
4.77	1.00956	3.87152	1.55727	0.0133203	0.159003
4.775	1.00949	3.87652	1.55721	0.0124781	0.158556
4.78	1.00942	3.88152	1.55714	0.0116377	0.158109
4.785	1.00935	3.88652	1.55709	0.0107992	0.15766
4.79	1.00928	3.89152	1.55703	0.00996254	0.15721
4.795	1.00921	3.89651	1.55698	0.00912781	0.156758
4.8	1.00914	3.90151	1.55694	0.00829503	0.156306
4.805	1.00908	3.90651	1.5569	0.0074642	0.155853
4.81	1.00901	3.91151	1.55686	0.00663534	0.155398
4.815	1.00894	3.91651	1.55682	0.00580849	0.154943
4.82	1.00887	3.92151	1.5568	0.00498366	0.154486
4.825	1.0088	3.92651	1.55677	0.00416088	0.154028
4.83	1.00873	3.93151	1.55675	0.00334016	0.153569
4.835	1.00866	3.93651	1.55673	0.00252154	0.153109
4.84	1.00858	3.94151	1.55672	0.00170502	0.152648
4.845	1.00851	3.94651	1.55671	0.000890644	0.152185
4.85	1.00844	3.95151	1.55671	7.8423e-05	0.151722
4.855	1.00837	3.95651	1.55671	-0.000731618	0.151258
4.86	1.0083	3.96151	1.55671	-0.00153946	0.150792
4.865	1.00823	3.96651	1.55672	-0.00234507	0.150325
4.87	1.00816	3.97151	1.55673	-0.00314843	0.149857
4.875	1.00809	3.97651	1.55675	-0.00394953	0.149389
4.88	1.00802	3.9815	1.55677	-0.00474833	0.148919
4.885	1.00795	3.9865	1.55679	-0.00554482	0.148447
4.89	1.00788	3.9915	1.55682	-0.00633897	0.147975
4.895	1.00781	3.9965	1.55685	-0.00713075	0.147502
4.9	1.00774	4.0015	1.55688	-0.00792016	0.147028
4.905	1.00767	4.0065	1.55692	-0.00870716	0.146552
4.91	1.0076	4.0115	1.55697	-0.00949173	0.146076
4.915	1.00754	4.0165	1.55702	-0.0102738	0.145598
4.92	1.00747	4.0215	1.55707	-0.0110535	0.145119
4.925	1.0074	4.0265	1.55712	-0.0118306	0.144639
4.93	1.00733	4.0315	1.55718	-0.0126053	0.144158
4.935	1.00726	4.0365	1.55724	-0.0133773	0.143676
4.94	1.0072	4.0415	1.55731	-0.0141469	0.143193
4.945	1.00713	4.0465	1.55738	-0.0149138	0.142709
4.95	1.00706	4.0515	1.55746	-0.0156781	0.142224
4.955	1.00699	4.0565	1.55753	-0.0164398	0.141738
4.96	1.00693	4.0615	1.55762	-0.0171988	0.14125
4.965	1.00686	4.0665	1.5577	-0.0179552	0.140762
4.97	1.0068	4.0715	1.55779	-0.0187088	0.140272
4.975	1.00673	4.0765	1.55789	-0.0194597	0.139781
4.98	1.00667	4.0815	1.55798	-0.0202079	0.139289
4.985	1.00661	4.0865	1.55808	-0.0209533	0.138797
4.99	1.00654	4.0915	1.55819	-0.0216959	0.138303
4.995	1.00648	4.0965	1.5583	-0.0224357	0.137808
5	1.00642	4.1015	1.55841	-0.0231727	0.137311
5.005	1.00636	4.10649	1.55853	-0.0239068	0.136814
5.01	1.0063	4.11149	1.55865	-0.024638	0.136316
5.015	1.00624	4.11649	1.55877	-0.0253663	0.135816
5.02	1.00618	4.12149	1.5589	-0.0260917	0.135316
5.025	1.00612	4.12649	1.55903	-0.0268141	0.134814
5.03	1.00606	4.13149	1.55916	-0.0275335	0.134311
5.035	1.006	4.13649	1.5593	-0.02825	0.133808
5.04	1.00595	4.14149	1.55944	-0.0289634	0.133303
5.045	1.00589	4.14649	1.55958	-0.0296738	0.132797
5.05	1.00583	4.15149	1.55973	-0.0303811	0.132289
5.055	1.00578	4.15649	1.55988	-0.0310853	0.131781
5.06	1.00573	4.16149	1.56004	-0.0317864	0.131272
5.065	1.00567	4.16649	1.5602	-0.0324844	0.130761
5.07	1.00562	4.17149	1.56036	-0.0331792	0.13025
5.075	1.00557	4.17649	1.56053	-0.0338708	0.129737
5.08	1.00552	4.18149	1.5607	-0.0345592	0.129223
5.085	1.00547	4.18649	1.56087	-0.0352444	0.128709
5.09	1.00542	4.19149	1.56105	-0.0359264	0.128193
5.095	1.00537	4.19649	1.56122	-0.0366051	0.127675
5.1	1.00533	4.20149	1.56141	-0.0372805	0.127157
5.105	1.00528	4.20649	1.56159	-0.0379525	0.126638
5.11	1.00523	4.21149	1.56178	-0.0386213	0.126117
5.115	1.00519	4.21649	1.56198	-0.0392867	0.125596
5.12	1.00515	4.22149	1.56217	-0.0399487	0.125073
5.125	1.00511	4.22649	1.56237	-0.0406072	0.124549
5.13	1.00506	4.23149	1.56258	-0.0412624	0.124024
5.135	1.00502	4.23649	1.56278	-0.0419141	0.123498
5.14	1.00499	4.24149	1.56299	-0.0425623	0.122971
5.145	1.00495	4.24648	1.56321	-0.0432071	0.122443
5.15	1.00491	4.25148	1.56342	-0.0438483	0.121913
5.155	1.00487	4.25648	1.56364	-0.044486	0.121383
5.16	1.00484	4.26148	1.56386	-0.0451201	0.120851
5.165	1.00481	4.26648	1.56409	-0.0457507	0.120318
5.17	1.00477	4.27148	1.56432	-0.0463776	0.119784
5.175	1.00474	4.27648	1.56455	-0.0470009	0.119249
5.18	1.00471	4.28148	1.56478	-0.0476206	0.118712
5.185	1.00468	4.28648	1.56502	-0.0482366	0.118175
5.19	1.00466	4.29148	1.56526	-0.0488489	0.117636
5.195	1.00463	4.29648	1.56551	-0.0494574	0.117096
5.2	1.0046	4.30149	1.56575	-0.0500623	0.116555
5.205	1.00458	4.30649	1.566	-0.0506634	0.116013
5.21	1.00456	4.31149	1.56626	-0.0512607	0.11547
5.215	1.00454	4.31649	1.56651	-0.0518542	0.114925
5.22	1.00452	4.32149	1.56677	-0.0524439	0.11438
5.225	1.0045	4.32649	1.56704	-0.0530297	0.113833
5.23	1.00448	4.33149	1.5673	-0.0536117	0.113285
5.235	1.00446	4.33649	1.56757	-0.0541898	0.112736
5.24	1.00445	4.34149	1.56784	-0.054764	0.112185
5.245	1.00444	4.34649	1.56811	-0.0553342	0.111634
5.25	1.00442	4.35149	1.56839	-0.0559006	0.111081
5.255	1.00441	4.35649	1.56867	-0.0564629	0.110527
5.26	1.0044	4.36149	1.56895	-0.0570212	0.109972
5.265	1.0044	4.36649	1.56924	-0.0575756	0.109415
5.27	1.00439	4.37149	1.56953	-0.0581259	0.108858
5.275	1.00439	4.37649	1.56982	-0.0586721	0.108299
5.28	1.00438	4.38149	1.57011	-0.0592143	0.107739
5.285	1.00438	4.38649	1.57041	-0.0597524	0.107178
5.29	1.00438	4.39149	1.5707	-0.0602863	0.106616
5.295	1.00438	4.39649	1.57101	-0.0608161	0.106052
5.3	1.00438	4.40149	1.57131	-0.0613418	0.105487
5.305	1.00439	4.40649	1.57162	-0.0618633	0.104921
5.31	1.00439	4.41149	1.57193	-0.0623806	0.104354
5.315	1.0044	4.41649	1.57224	-0.0628937	0.103786
5.32	1.00441	4.42149	1.57255	-0.0634025	0.103216
5.325	1.00442	4.42649	1.57287	-0.0639071	0.102645
5.33	1.00443	4.43149	1.57319	-0.0644074	0.102073
5.335	1.00444	4.43649	1.57351	-0.0649035	0.101499
5.34	1.00446	4.44149	1.57384	-0.0653952	0.100925
5.345	1.00448	4.44649	1.57416	-0.0658825	0.100349
5.35	1.0045	4.45149	1.57449	-0.0663656	0.0997716
5.355	1.00452	4.45649	1.57482	-0.0668442	0.0991931
5.36	1.00454	4.46149	1.57516	-0.0673185	0.0986134
5.365	1.00456	4.46649	1.57549	-0.0677883	0.0980325
5.37	1.00459	4.47149	1.57583	-0.0682537	0.0974502
5.375	1.00461	4.47649	1.57617	-0.0687147	0.0968667
5.38	1.00464	4.48149	1.57652	-0.0691712	0.0962819
5.385	1.00467	4.48649	1.57686	-0.0696232	0.0956959
5.39	1.0047	4.49149	1.57721	-0.0700707	0.0951085
5.395	1.00474	4.49649	1.57756	-0.0705137	0.0945199
5.4	1.00477	4.50149	1.57792	-0.0709522	0.09393
5.405	1.00481	4.50649	1.57827	-0.0713861	0.0933388
5.41	1.00485	4.51149	1.57863	-0.0718154	0.0927463
5.415	1.00489	4.51649	1.57899	-0.0722402	0.0921525
5.42	1.00493	4.52149	1.57935	-0.0726603	0.0915574
5.425	1.00498	4.52649	1.57971	-0.0730758	0.0909609
5.43	1.00502	4.53149	1.58008	-0.0734866	0.0903632
5.435	1.00507	4.53649	1.58044	-0.0738928	0.0897642
5.44	1.00512	4.54149	1.58081	-0.0742943	0.0891638
5.445	1.00517	4.54649	1.58118	-0.0746911	0.0885621
5.45	1.00523	4.55149	1.58156	-0.0750832	0.0879591
5.455	1.00528	4.55649	1.58193	-0.0754706	0.0873548
5.46	1.00534	4.56148	1.58231	-0.0758532	0.0867491
5.465	1.0054	4.56648	1.58269	-0.076231	0.0861421
5.47	1.00546	4.57148	1.58307	-0.0766041	0.0855337
5.475	1.00553	4.57648	1.58345	-0.0769724	0.084924
5.48	1.00559	4.58148	1.58384	-0.0773358	0.084313
5.485	1.00566	4.58648	1.58423	-0.0776945	0.0837006
5.49	1.00573	4.59148	1.58461	-0.0780483	0.0830868
5.495	1.0058	4.59648	1.585	-0.0783972	0.0824717
5.5	1.00587	4.60148	1.5854	-0.0787412	0.0818552
5.505	1.00595	4.60648	1.58579	-0.0790804	0.0812374
5.51	1.00602	4.61148	1.58619	-0.0794147	0.0806182
5.515	1.0061	4.61648	1.58658	-0.079744	0.0799976
5.52	1.00618	4.62148	1.58698	-0.0800684	0.0793756
5.525	1.00627	4.62648	1.58738	-0.0803879	0.0787523
5.53	1.00635	4.63148	1.58778	-0.0807024	0.0781275
5.535	1.00644	4.63648	1.58819	-0.0810119	0.0775014
5.54	1.00653	4.64148	1.58859	-0.0813164	0.0768739
5.545	1.00662	4.64648	1.589	-0.0816159	0.076245
5.55	1.00671	4.65147	1.58941	-0.0819104	0.0756147
5.555	1.00681	4.65647	1.58982	-0.0821999	0.0749829
5.56	1.0069	4.66147	1.59023	-0.0824843	0.0743498
5.565	1.007	4.66647	1.59064	-0.0827636	0.0737152
5.57	1.0071	4.67147	1.59105	-0.0830379	0.0730793
5.575	1.00721	4.67647	1.59147	-0.0833071	0.0724419
5.58	1.00731	4.68147	1.59189	-0.0835712	0.0718031
5.585	1.00742	4.68647	1.5923	-0.0838301	0.0711629
5.59	1.00753	4.69147	1.59272	-0.084084	0.0705212
5.595	1.00764	4.69647	1.59314	-0.0843327	0.0698781
5.6	1.00775	4.70146	1.59356	-0.0845762	0.0692336
5.605	1.00787	4.70646	1.59399	-0.0848146	0.0685876
5.61	1.00799	4.71146	1.59441	-0.0850479	0.0679402
5.615	1.00811	4.71646	1.59484	-0.0852759	0.0672913
5.62	1.00823	4.72146	1.59526	-0.0854987	0.066641
5.625	1.00836	4.72646	1.59569	-0.0857164	0.0659892
5.63	1.00848	4.73146	1.59612	-0.0859288	0.065336
5.635	1.00861	4.73645	1.59655	-0.0861359	0.0646813
5.64	1.00874	4.74145	1.59698	-0.0863379	0.0640251
5.645	1.00888	4.74645	1.59741	-0.0865346	0.0633675
5.65	1.00901	4.75145	1.59784	-0.086726	0.0627084
5.655	1.00915	4.75645	1.59828	-0.0869121	0.0620478
5.66	1.00929	4.76144	1.59871	-0.087093	0.0613857
5.665	1.00943	4.76644	1.59915	-0.0872686	0.0607222
5.67	1.00957	4.77144	1.59958	-0.0874388	0.0600571
5.675	1.00972	4.77644	1.60002	-0.0876038	0.0593906
5.68	1.00987	4.78144	1.60046	-0.0877634	0.0587226
5.685	1.01002	4.78643	1.6009	-0.0879177	0.0580531
5.69	1.01017	4.79143	1.60134	-0.0880667	0.057382
5.695	1.01033	4.79643	1.60178	-0.0882103	0.0567095
5.7	1.01048	4.80143	1.60222	-0.0883486	0.0560355
5.705	1.01064	4.80642	1.60266	-0.0884815	0.0553599
5.71	1.0108	4.81142	1.6031	-0.088609	0.0546829
5.715	1.01097	4.81642	1.60355	-0.0887311	0.0540043
5.72	1.01113	4.82142	1.60399	-0.0888479	0.0533242
5.725	1.0113	4.82641	1.60443	-0.0889592	0.0526426
5.73	1.01147	4.83141	1.60488	-0.0890652	0.0519594
5.735	1.01164	4.83641	1.60532	-0.0891657	0.0512748
5.74	1.01182	4.8414	1.60577	-0.0892608	0.0505886
5.745	1.012	4.8464	1.60622	-0.0893505	0.0499008
5.75	1.01218	4.8514	1.60666	-0.0894348	0.0492115
5.755	1.01236	4.85639	1.60711	-0.0895136	0.0485207
5.76	1.01254	4.86139	1.60756	-0.089587	0.0478283
5.765	1.01273	4.86639	1.60801	-0.0896549	0.0471344
5.77	1.01291	4.87138	1.60845	-0.0897174	0.0464389
5.775	1.01311	4.87638	1.6089	-0.0897744	0.0457419
5.78	1.0133	4.88138	1.60935	-0.0898259	0.0450433
5.785	1.01349	4.88637	1.6098	-0.089872	0.0443432
5.79	1.01369	4.89137	1.61025	-0.0899126	0.0436415
5.795	1.01389	4.89637	1.6107	-0.0899477	0.0429382
5.8	1.01409	4.90136	1.61115	-0.0899773	0.0422334
5.805	1.0143	4.90636	1.6116	-0.0900014	0.041527
5.81	1.0145	4.91135	1.61205	-0.0900201	0.040819
5.815	1.01471	4.91635	1.6125	-0.0900332	0.0401094
5.82	1.01492	4.92134	1.61295	-0.0900408	0.0393983
5.825	1.01513	4.92634	1.6134	-0.0900429	0.0386855
5.83	1.01535	4.93133	1.61385	-0.0900396	0.0379712
5.835	1.01557	4.93633	1.6143	-0.0900306	0.0372553
5.84	1.01579	4.94133	1.61475	-0.0900162	0.0365379
5.845	1.01601	4.94632	1.6152	-0.0899963	0.0358188
5.85	1.01623	4.95132	1.61565	-0.0899708	0.0350981
5.855	1.01646	4.95631	1.6161	-0.0899398	0.0343758
5.86	1.01669	4.96131	1.61655	-0.0899033	0.033652
5.865	1.01692	4.9663	1.617	-0.0898612	0.0329265
5.87	1.01715	4.97129	1.61745	-0.0898136	0.0321994
5.875	1.01739	4.97629	1.6179	-0.0897605	0.0314708
5.88	1.01762	4.98128	1.61835	-0.0897018	0.0307405
5.885	1.01786	4.98628	1.6188	-0.0896376	0.0300086
5.89	1.01811	4.99127	1.61924	-0.0895679	0.0292751
5.895	1.01835	4.99627	1.61969	-0.0894926	0.0285399
5.9	1.0186	5.00126	1.62014	-0.0894118	0.0278032
5.905	1.01885	5.00625	1.62059	-0.0893255	0.0270648
5.91	1.0191	5.01125	1.62103	-0.0892336	0.0263249
5.915	1.01935	5.01624	1.62148	-0.0891361	0.0255832
5.92	1.01961	5.02123	1.62192	-0.0890331	0.02484
5.925	1.01986	5.02623	1.62237	-0.0889246	0.0240952
5.93	1.02012	5.03122	1.62281	-0.0888106	0.0233487
5.935	1.02039	5.03621	1.62326	-0.088691	0.0226006
5.94	1.02065	5.04121	1.6237	-0.0885658	0.0218508
5.945	1.02092	5.0462	1.62414	-0.0884351	0.0210994
5.95	1.02119	5.05119	1.62459	-0.0882989	0.0203464
5.955	1.02146	5.05619	1.62503	-0.0881572	0.0195918
5.96	1.02173	5.06118	1.62547	-0.0880099	0.0188355
5.965	1.02201	5.06617	1.62591	-0.0878571	0.0180775
5.97	1.02228	5.07116	1.62635	-0.0876987	0.0173179
5.975	1.02256	5.07615	1.62679	-0.0875348	0.0165567
5.98	1.02285	5.08115	1.62722	-0.0873654	0.0157939
5.985	1.02313	5.08614	1.62766	-0.0871905	0.0150294
5.99	1.02342	5.09113	1.6281	-0.0870101	0.0142632
5.995	1.0237	5.09612	1.62853	-0.0868241	0.0134954
6	1.02399	5.10111	1.62897	-0.0866326	0.0127259
6.005	1.02429	5.10611	1.6294	-0.0864356	0.0119548
6.01	1.02458	5.1111	1.62983	-0.0862331	0.0111821
6.015	1.02488	5.11609	1.63026	-0.0860251	0.0104076
6.02	1.02518	5.12108	1.63069	-0.0858116	0.00963156
6.025	1.02548	5.12607	1.63112	-0.0855926	0.00885383
6.03	1.02578	5.13106	1.63155	-0.0853681	0.00807445
6.035	1.02609	5.13605	1.63198	-0.0851381	0.0072934
6.04	1.0264	5.14104	1.6324	-0.0849027	0.0065107
6.045	1.02671	5.14603	1.63283	-0.0846617	0.00572634
6.05	1.02702	5.15102	1.63325	-0.0844153	0.00494031
6.055	1.02733	5.15601	1.63367	-0.0841634	0.00415263
6.06	1.02765	5.161	1.63409	-0.083906	0.00336328
6.065	1.02797	5.16599	1.63451	-0.0836432	0.00257228
6.07	1.02829	5.17098	1.63493	-0.0833749	0.0017796
6.075	1.02861	5.17597	1.63535	-0.0831012	0.000985268
6.08	1.02894	5.18096	1.63576	-0.082822	0.000189267
6.085	1.02926	5.18595	1.63618	-0.0825374	-0.000608398
6.09	1.02959	5.19094	1.63659	-0.0822474	-0.00140773
6.095	1.02992	5.19593	1.637	-0.0819519	-0.00220873
6.1	1.03026	5.20092	1.63741	-0.0816511	-0.00301139
6.105	1.03059	5.20591	1.63782	-0.0813448	-0.00381572
6.11	1.03093	5.21089	1.63823	-0.0810331	-0.00462172
6.115	1.03127	5.21588	1.63863	-0.080716	-0.00542938
6.12	1.03161	5.22087	1.63903	-0.0803935	-0.00623871
6.125	1.03195	5.22586	1.63944	-0.0800657	-0.00704971
6.13	1.03229	5.23085	1.63984	-0.0797324	-0.00786238
6.135	1.03264	5.23584	1.64024	-0.0793938	-0.00867671
6.14	1.03299	5.24082	1.64063	-0.0790499	-0.00949271
6.145	1.03334	5.24581	1.64103	-0.0787005	-0.0103104
6.15	1.03369	5.2508	1.64142	-0.0783459	-0.0111297
6.155	1.03405	5.25579	1.64181	-0.0779859	-0.0119507
6.16	1.03441	5.26077	1.6422	-0.0776206	-0.0127734
6.165	1.03476	5.26576	1.64259	-0.0772499	-0.0135977
6.17	1.03513	5.27075	1.64298	-0.076874	-0.0144237
6.175	1.03549	5.27573	1.64336	-0.0764927	-0.0152514
6.18	1.03585	5.28072	1.64374	-0.0761061	-0.0160807
6.185	1.03622	5.28571	1.64412	-0.0757143	-0.0169117
6.19	1.03659	5.29069	1.6445	-0.0753172	-0.0177444
6.195	1.03696	5.29568	1.64488	-0.0749148	-0.0185787
6.2	1.03733	5.30067	1.64525	-0.0745072	-0.0194147
6.205	1.0377	5.30565	1.64563	-0.0740943	-0.0202523
6.21	1.03808	5.31064	1.646	-0.0736762	-0.0210917
6.215	1.03846	5.31562	1.64637	-0.0732529	-0.0219326
6.22	1.03883	5.32061	1.64673	-0.0728243	-0.0227753
6.225	1.03922	5.32559	1.6471	-0.0723905	-0.0236196
6.23	1.0396	5.33058	1.64746	-0.0719516	-0.0244655
6.235	1.03998	5.33557	1.64782	-0.0715074	-0.0253131
6.24	1.04037	5.34055	1.64818	-0.0710581	-0.0261624
6.245	1.04076	5.34554	1.64853	-0.0706036	-0.0270133
6.25	1.04115	5.35052	1.64888	-0.070144	-0.0278659
6.255	1.04154	5.3555	1.64923	-0.0696792	-0.0287201
6.26	1.04193	5.36049	1.64958	-0.0692093	-0.029576
6.265	1.04233	5.36547	1.64993	-0.0687343	-0.0304335
6.27	1.04273	5.37046	1.65027	-0.0682541	-0.0312927
6.275	1.04312	5.37544	1.65061	-0.0677689	-0.0321536
6.28	1.04352	5.38043	1.65095	-0.0672785	-0.033016
6.285	1.04393	5.38541	1.65129	-0.0667831	-0.0338801
6.29	1.04433	5.39039	1.65162	-0.0662827	-0.0347459
6.295	1.04474	5.39538	1.65195	-0.0657771	-0.0356133
6.3	1.04514	5.40036	1.65228	-0.0652666	-0.0364824
6.305	1.04555	5.40534	1.65261	-0.064751	-0.0373531
6.31	1.04596	5.41033	1.65293	-0.0642304	-0.0382254
6.315	1.04637	5.41531	1.65325	-0.0637048	-0.0390993
6.32	1.04679	5.42029	1.65357	-0.0631741	-0.0399749
6.325	1.0472	5.42528	1.65389	-0.0626386	-0.0408522
6.33	1.04762	5.43026	1.6542	-0.062098	-0.041731
6.335	1.04804	5.43524	1.65451	-0.0615525	-0.0426115
6.34	1.04846	5.44022	1.65482	-0.0610021	-0.0434936
6.345	1.04888	5.44521	1.65513	-0.0604467	-0.0443773
6.35	1.0493	5.45019	1.65543	-0.0598864	-0.0452627
6.355	1.04972	5.45517	1.65573	-0.0593212	-0.0461497
6.36	1.05015	5.46015	1.65602	-0.0587511	-0.0470382
6.365	1.05058	5.46513	1.65632	-0.0581761	-0.0479285
6.37	1.05101	5.47011	1.65661	-0.0575963	-0.0488203
6.375	1.05144	5.4751	1.6569	-0.0570116	-0.0497137
6.38	1.05187	5.48008	1.65718	-0.0564221	-0.0506087
6.385	1.0523	5.48506	1.65746	-0.0558278	-0.0515054
6.39	1.05273	5.49004	1.65774	-0.0552286	-0.0524036
6.395	1.05317	5.49502	1.65802	-0.0546247	-0.0533035
6.4	1.05361	5.5	1.65829	-0.0540159	-0.0542049
6.405	1.05404	5.50498	1.65856	-0.0534024	-0.0551079
6.41	1.05448	5.50996	1.65883	-0.0527842	-0.0560126
6.415	1.05492	5.51494	1.65909	-0.0521612	-0.0569188
6.42	1.05537	5.51992	1.65935	-0.0515334	-0.0578266
6.425	1.05581	5.5249	1.65961	-0.050901	-0.058736
6.43	1.05626	5.52988	1.65987	-0.0502639	-0.0596469
6.435	1.0567	5.53486	1.66012	-0.049622	-0.0605595
6.44	1.05715	5.53984	1.66037	-0.0489755	-0.0614736
6.445	1.0576	5.54482	1.66061	-0.0483244	-0.0623893
6.45	1.05805	5.5498	1.66085	-0.0476686	-0.0633066
6.455	1.0585	5.55478	1.66109	-0.0470081	-0.0642254
6.46	1.05895	5.55976	1.66133	-0.0463431	-0.0651458
6.465	1.0594	5.56474	1.66156	-0.0456735	-0.0660677
6.47	1.05986	5.56972	1.66179	-0.0449992	-0.0669912
6.475	1.06031	5.5747	1.66201	-0.0443204	-0.0679163
6.48	1.06077	5.57968	1.66223	-0.0436371	-0.0688429
6.485	1.06123	5.58466	1.66245	-0.0429492	-0.069771
6.49	1.06169	5.58964	1.66266	-0.0422568	-0.0707007
6.495	1.06215	5.59462	1.66288	-0.0415598	-0.071632
6.5	1.06261	5.5996	1.66308	-0.0408584	-0.0725647
6.505	1.06307	5.60457	1.66329	-0.0401525	-0.073499
6.51	1.06353	5.60955	1.66349	-0.0394421	-0.0744348
6.515	1.06399	5.61453	1.66369	-0.0387272	-0.0753722
6.52	1.06446	5.61951	1.66388	-0.038008	-0.076311
6.525	1.06492	5.62449	1.66407	-0.0372843	-0.0772514
6.53	1.06539	5.62947	1.66426	-0.0365562	-0.0781933
6.535	1.06586	5.63444	1.66444	-0.0358237	-0.0791367
6.54	1.06633	5.63942	1.66462	-0.0350868	-0.0800816
6.545	1.0668	5.6444	1.66479	-0.0343455	-0.081028
6.55	1.06727	5.64938	1.66497	-0.0335999	-0.0819759
6.555	1.06774	5.65436	1.66513	-0.03285	-0.0829253
6.56	1.06821	5.65933	1.6653	-0.0320958	-0.0838761
6.565	1.06868	5.66431	1.66546	-0.0313372	-0.0848285
6.57	1.06916	5.66929	1.66561	-0.0305744	-0.0857823
6.575	1.06963	5.67427	1.66577	-0.0298073	-0.0867376
6.58	1.0701	5.67924	1.66592	-0.0290359	-0.0876944
6.585	1.07058	5.68422	1.66606	-0.0282604	-0.0886526
6.59	1.07106	5.6892	1.6662	-0.0274805	-0.0896123
6.595	1.07153	5.69417	1.66634	-0.0266965	-0.0905734
6.6	1.07201	5.69915	1.66647	-0.0259083	-0.091536
6.605	1.07249	5.70413	1.6666	-0.0251158	-0.0925001
6.61	1.07297	5.70911	1.66673	-0.0243193	-0.0934656
6.615	1.07345	5.71408	1.66685	-0.0235185	-0.0944325
6.62	1.07393	5.71906	1.66697	-0.0227137	-0.0954008
6.625	1.07441	5.72404	1.66708	-0.0219047	-0.0963706
6.63	1.07489	5.72901	1.66719	-0.0210916	-0.0973418
6.635	1.07537	5.73399	1.6673	-0.0202744	-0.0983144
6.64	1.07585	5.73897	1.6674	-0.0194532	-0.0992884
6.645	1.07634	5.74394	1.6675	-0.0186279	-0.100264
6.65	1.07682	5.74892	1.66759	-0.0177986	-0.101241
6.655	1.0773	5.7539	1.66768	-0.0169652	-0.102219
6.66	1.07779	5.75887	1.66776	-0.0161278	-0.103199
6.665	1.07827	5.76385	1.66784	-0.0152864	-0.10418
6.67	1.07876	5.76883	1.66792	-0.0144411	-0.105162
6.675	1.07924	5.7738	1.66799	-0.0135917	-0.106146
6.68	1.07973	5.77878	1.66806	-0.0127385	-0.107131
6.685	1.08021	5.78376	1.66812	-0.0118813	-0.108117
6.69	1.0807	5.78873	1.66818	-0.0110201	-0.109105
6.695	1.08119	5.79371	1.66824	-0.0101551	-0.110094
6.7	1.08167	5.79868	1.66829	-0.00928617	-0.111085
6.705	1.08216	5.80366	1.66833	-0.00841337	-0.112077
6.71	1.08265	5.80864	1.66838	-0.00753672	-0.11307
6.715	1.08313	5.81361	1.66841	-0.00665622	-0.114064
6.72	1.08362	5.81859	1.66845	-0.0057719	-0.11506
6.725	1.08411	5.82357	1.66848	-0.00488376	-0.116057
6.73	1.0846	5.82854	1.6685	-0.00399182	-0.117056
6.735	1.08509	5.83352	1.66852	-0.00309611	-0.118056
6.74	1.08557	5.83849	1.66854	-0.00219662	-0.119057
6.745	1.08606	5.84347	1.66855	-0.00129338	-0.120059
6.75	1.08655	5.84845	1.66855	-0.00038641	-0.121063
6.755	1.08704	5.85342	1.66856	0.000524287	-0.122068
6.76	1.08753	5.8584	1.66855	0.00143869	-0.123074
6.765	1.08801	5.86338	1.66855	0.00235678	-0.124082
6.77	1.0885	5.86835	1.66853	0.00327856	-0.12509
6.775	1.08899	5.87333	1.66852	0.00420399	-0.1261
6.78	1.08948	5.8783	1.6685	0.00513307	-0.127111
6.785	1.08996	5.88328	1.66847	0.00606579	-0.128124
6.79	1.09045	5.88826	1.66844	0.00700212	-0.129138
6.795	1.09094	5.89323	1.66841	0.00794205	-0.130153
6.8	1.09143	5.89821	1.66837	0.00888557	-0.131169
6.805	1.09191	5.90319	1.66832	0.00983266	-0.132186
6.81	1.0924	5.90816	1.66827	0.0107833	-0.133205
6.815	1.09289	5.91314	1.66822	0.0117375	-0.134224
6.82	1.09337	5.91811	1.66816	0.0126952	-0.135245
6.825	1.09386	5.92309	1.6681	0.0136565	-0.136268
6.83	1.09434	5.92807	1.66803	0.0146212	-0.137291
6.835	1.09483	5.93304	1.66796	0.0155894	-0.138315
6.84	1.09531	5.93802	1.66788	0.0165611	-0.139341
6.845	1.0958	5.943	1.66779	0.0175363	-0.140368
6.85	1.09628	5.94797	1.66771	0.0185149	-0.141396
6.855	1.09676	5.95295	1.66761	0.0194969	-0.142425
6.86	1.09725	5.95793	1.66752	0.0204823	-0.143455
6.865	1.09773	5.9629	1.66741	0.0214711	-0.144487
6.87	1.09821	5.96788	1.66731	0.0224634	-0.145519
6.875	1.09869	5.97286	1.66719	0.0234589	-0.146553
6.88	1.09917	5.97783	1.66708	0.0244579	-0.147587
6.885	1.09965	5.98281	1.66695	0.0254602	-0.148623
6.89	1.10013	5.98779	1.66683	0.0264658	-0.14966
6.895	1.10061	5.99276	1.6667	0.0274747	-0.150698
6.9	1.10109	5.99774	1.66656	0.0284869	-0.151737
6.905	1.10157	6.00272	1.66642	0.0295024	-0.152777
6.91	1.10204	6.0077	1.66627	0.0305212	-0.153818
6.915	1.10252	6.01267	1.66612	0.0315433	-0.15486
6.92	1.10299	6.01765	1.66596	0.0325685	-0.155904
6.925	1.10347	6.02263	1.66579	0.033597	-0.156948
6.93	1.10394	6.02761	1.66563	0.0346288	-0.157993
6.935	1.10441	6.03258	1.66545	0.0356637	-0.159039
6.94	1.10489	6.03756	1.66528	0.0367018	-0.160087
6.945	1.10536	6.04254	1.66509	0.0377431	-0.161135
6.95	1.10583	6.04752	1.6649	0.0387876	-0.162184
6.955	1.1063	6.05249	1.66471	0.0398352	-0.163234
6.96	1.10676	6.05747	1.66451	0.040886	-0.164286
6.965	1.10723	6.06245	1.66431	0.0419398	-0.165338
6.97	1.1077	6.06743	1.6641	0.0429968	-0.166391
6.975	1.10816	6.07241	1.66388	0.0440569	-0.167445
6.98	1.10862	6.07739	1.66366	0.04512	-0.1685
6.985	1.10909	6.08236	1.66344	0.0461863	-0.169556
6.99	1.10955	6.08734	1.6632	0.0472556	-0.170613
6.995	1.11001	6.09232	1.66297	0.0483279	-0.171671
7	1.11047	6.0973	1.66273	0.0494033	-0.172729
7.005	1.11092	6.10228	1.66248	0.0504816	-0.173789
7.01	1.11138	6.10726	1.66223	0.051563	-0.174849
7.015	1.11184	6.11224	1.66197	0.0526474	-0.175911
7.02	1.11229	6.11722	1.66171	0.0537348	-0.176973
7.025	1.11274	6.1222	1.66144	0.0548251	-0.178036
7.03	1.11319	6.12718	1.66116	0.0559184	-0.1791
7.035	1.11364	6.13216	1.66088	0.0570146	-0.180164
7.04	1.11409	6.13714	1.6606	0.0581138	-0.18123
7.045	1.11454	6.14212	1.66031	0.0592159	-0.182296
7.05	1.11499	6.1471	1.66001	0.0603209	-0.183363
7.055	1.11543	6.15208	1.65971	0.0614287	-0.184431
7.06	1.11587	6.15706	1.6594	0.0625395	-0.1855
7.065	1.11631	6.16204	1.65909	0.0636531	-0.18657
7.07	1.11675	6.16702	1.65877	0.0647696	-0.18764
7.075	1.11719	6.172	1.65845	0.0658889	-0.188711
7.08	1.11763	6.17698	1.65812	0.0670111	-0.189783
7.085	1.11806	6.18196	1.65778	0.0681361	-0.190855
7.09	1.11849	6.18694	1.65744	0.0692639	-0.191928
7.095	1.11892	6.19192	1.6571	0.0703945	-0.193002
7.1	1.11935	6.1969	1.65674	0.0715279	-0.194077
7.105	1.11978	6.20189	1.65639	0.072664	-0.195152
7.11	1.12021	6.20687	1.65602	0.073803	-0.196228
7.115	1.12063	6.21185	1.65565	0.0749446	-0.197305
7.12	1.12105	6.21683	1.65528	0.076089	-0.198382
7.125	1.12147	6.22181	1.6549	0.0772362	-0.19946
7.13	1.12189	6.2268	1.65451	0.0783861	-0.200539
7.135	1.12231	6.23178	1.65412	0.0795386	-0.201618
7.14	1.12272	6.23676	1.65372	0.0806939	-0.202698
7.145	1.12313	6.24175	1.65332	0.0818519	-0.203778
7.15	1.12354	6.24673	1.65291	0.0830125	-0.204859
7.155	1.12395	6.25171	1.6525	0.0841758	-0.205941
7.16	1.12436	6.2567	1.65207	0.0853417	-0.207023
7.165	1.12476	6.26168	1.65165	0.0865103	-0.208106
7.17	1.12516	6.26666	1.65122	0.0876815	-0.209189
7.175	1.12556	6.27165	1.65078	0.0888554	-0.210273
7.18	1.12596	6.27663	1.65033	0.0900318	-0.211357
7.185	1.12635	6.28162	1.64988	0.0912109	-0.212442
7.19	1.12675	6.2866	1.64943	0.0923925	-0.213527
7.195	1.12714	6.29158	1.64896	0.0935767	-0.214613
7.2	1.12752	6.29657	1.6485	0.0947635	-0.215699
7.205	1.12791	6.30156	1.64802	0.0959529	-0.216786
7.21	1.12829	6.30654	1.64754	0.0971448	-0.217873
7.215	1.12867	6.31153	1.64706	0.0983392	-0.218961
7.22	1.12905	6.31651	1.64657	0.0995362	-0.220049
7.225	1.12943	6.3215	1.64607	0.100736	-0.221137
7.23	1.1298	6.32648	1.64556	0.101938	-0.222226
7.235	1.13017	6.33147	1.64505	0.103142	-0.223315
7.24	1.13054	6.33646	1.64454	0.104349	-0.224405
7.245	1.13091	6.34144	1.64402	0.105559	-0.225495
7.25	1.13127	6.34643	1.64349	0.106771	-0.226585
7.255	1.13163	6.35142	1.64296	0.107985	-0.227676
7.26	1.13199	6.3564	1.64242	0.109202	-0.228767
7.265	1.13234	6.36139	1.64187	0.110421	-0.229858
7.27	1.1327	6.36638	1.64132	0.111643	-0.23095
7.275	1.13305	6.37137	1.64076	0.112867	-0.232042
7.28	1.13339	6.37635	1.64019	0.114093	-0.233134
7.285	1.13374	6.38134	1.63962	0.115322	-0.234227
7.29	1.13408	6.38633	1.63905	0.116554	-0.235319
7.295	1.13442	6.39132	1.63847	0.117787	-0.236412
7.3	1.13475	6.39631	1.63788	0.119024	-0.237505
7.305	1.13508	6.4013	1.63728	0.120262	-0.238599
7.31	1.13541	6.40629	1.63668	0.121503	-0.239692
7.315	1.13574	6.41128	1.63607	0.122746	-0.240786
7.32	1.13606	6.41627	1.63546	0.123992	-0.24188
7.325	1.13638	6.42125	1.63484	0.12524	-0.242973
7.33	1.1367	6.42624	1.63421	0.12649	-0.244068
7.335	1.13701	6.43123	1.63358	0.127742	-0.245162
7.34	1.13732	6.43623	1.63294	0.128997	-0.246256
7.345	1.13763	6.44122	1.6323	0.130254	-0.24735
7.35	1.13793	6.44621	1.63164	0.131514	-0.248445
7.355	1.13823	6.4512	1.63099	0.132776	-0.24954
7.36	1.13853	6.45619	1.63032	0.13404	-0.250634
7.365	1.13883	6.46118	1.62965	0.135306	-0.251729
7.37	1.13912	6.46617	1.62898	0.136574	-0.252823
7.375	1.1394	6.47116	1.62829	0.137845	-0.253918
7.38	1.13969	6.47616	1.6276	0.139118	-0.255012
7.385	1.13997	6.48115	1.62691	0.140393	-0.256107
7.39	1.14025	6.48614	1.62621	0.141671	-0.257202
7.395	1.14052	6.49113	1.6255	0.142951	-0.258296
7.4	1.14079	6.49612	1.62478	0.144233	-0.25939
7.405	1.14105	6.50112	1.62406	0.145517	-0.260485
7.41	1.14132	6.50611	1.62334	0.146803	-0.261579
7.415	1.14158	6.5111	1.6226	0.148092	-0.262673
7.42	1.14183	6.5161	1.62186	0.149382	-0.263767
7.425	1.14208	6.52109	1.62111	0.150675	-0.26486
7.43	1.14233	6.52608	1.62036	0.15197	-0.265954
7.435	1.14257	6.53108	1.6196	0.153268	-0.267047
7.44	1.14281	6.53607	1.61883	0.154567	-0.26814
7.445	1.14305	6.54107	1.61806	0.155869	-0.269233
7.45	1.14328	6.54606	1.61728	0.157172	-0.270326
7.455	1.14351	6.55106	1.6165	0.158478	-0.271418
7.46	1.14374	6.55605	1.6157	0.159786	-0.272511
7.465	1.14396	6.56105	1.6149	0.161096	-0.273602
7.47	1.14417	6.56604	1.6141	0.162408	-0.274694
7.475	1.14439	6.57104	1.61329	0.163723	-0.275785
7.48	1.14459	6.57603	1.61247	0.165039	-0.276876
7.485	1.1448	6.58103	1.61164	0.166358	-0.277966
7.49	1.145	6.58603	1.61081	0.167678	-0.279057
7.495	1.14519	6.59102	1.60997	0.169001	-0.280146
7.5	1.14539	6.59602	1.60913	0.170326	-0.281236
7.505	1.14557	6.60101	1.60828	0.171653	-0.282324
7.51	1.14576	6.60601	1.60742	0.172982	-0.283413
7.515	1.14593	6.61101	1.60655	0.174313	-0.284501
7.52	1.14611	6.616	1.60568	0.175646	-0.285588
7.525	1.14628	6.621	1.6048	0.176981	-0.286675
7.53	1.14644	6.626	1.60392	0.178318	-0.287762
7.535	1.14661	6.631	1.60303	0.179657	-0.288848
7.54	1.14676	6.63599	1.60213	0.180998	-0.289933
7.545	1.14691	6.64099	1.60122	0.182342	-0.291018
7.55	1.14706	6.64599	1.60031	0.183687	-0.292102
7.555	1.1472	6.65099	1.59939	0.185034	-0.293185
7.56	1.14734	6.65599	1.59847	0.186384	-0.294268
7.565	1.14748	6.66098	1.59754	0.187735	-0.29535
7.57	1.14761	6.66598	1.5966	0.189088	-0.296432
7.575	1.14773	6.67098	1.59565	0.190444	-0.297513
7.58	1.14785	6.67598	1.5947	0.191801	-0.298593
7.585	1.14796	6.68098	1.59374	0.19316	-0.299672
7.59	1.14807	6.68598	1.59278	0.194521	-0.300751
7.595	1.14818	6.69098	1.5918	0.195885	-0.301829
7.6	1.14828	6.69597	1.59082	0.19725	-0.302906
7.605	1.14837	6.70097	1.58984	0.198617	-0.303982
7.61	1.14847	6.70597	1.58884	0.199986	-0.305057
7.615	1.14855	6.71097	1.58784	0.201357	-0.306132
7.62	1.14863	6.71597	1.58684	0.20273	-0.307205
7.625	1.14871	6.72097	1.58582	0.204105	-0.308278
7.63	1.14878	6.72597	1.5848	0.205482	-0.30935
7.635	1.14884	6.73097	1.58378	0.206861	-0.310421
7.64	1.1489	6.73597	1.58274	0.208242	-0.311491
7.645	1.14895	6.74097	1.5817	0.209625	-0.31256
7.65	1.149	6.74597	1.58065	0.211009	-0.313628
7.655	1.14905	6.75097	1.5796	0.212396	-0.314694
7.66	1.14909	6.75597	1.57854	0.213784	-0.31576
7.665	1.14912	6.76097	1.57747	0.215175	-0.316825
7.67	1.14915	6.76597	1.57639	0.216567	-0.317889
7.675	1.14917	6.77097	1.57531	0.217961	-0.318951
7.68	1.14919	6.77597	1.57422	0.219358	-0.320013
7.685	1.1492	6.78097	1.57312	0.220756	-0.321073
7.69	1.14921	6.78597	1.57202	0.222155	-0.322132
7.695	1.14921	6.79097	1.57091	0.223557	-0.32319
7.7	1.1492	6.79597	1.56979	0.224961	-0.324247
7.705	1.14919	6.80097	1.56866	0.226367	-0.325302
7.71	1.14917	6.80597	1.56753	0.227774	-0.326356
7.715	1.14915	6.81097	1.56639	0.229183	-0.327409
7.72	1.14912	6.81597	1.56525	0.230595	-0.32846
7.725	1.14909	6.82097	1.56409	0.232008	-0.329511
7.73	1.14905	6.82597	1.56293	0.233423	-0.330559
7.735	1.14901	6.83097	1.56177	0.234839	-0.331607
7.74	1.14896	6.83597	1.56059	0.236258	-0.332653
7.745	1.1489	6.84097	1.55941	0.237679	-0.333697
7.75	1.14884	6.84597	1.55822	0.239101	-0.33474
7.755	1.14877	6.85097	1.55703	0.240525	-0.335782
7.76	1.14869	6.85597	1.55582	0.241951	-0.336822
7.765	1.14861	6.86097	1.55462	0.243379	-0.33786
7.77	1.14852	6.86597	1.5534	0.244809	-0.338897
7.775	1.14843	6.87096	1.55217	0.24624	-0.339933
7.78	1.14833	6.87596	1.55094	0.247674	-0.340966
7.785	1.14823	6.88096	1.5497	0.249109	-0.341998
7.79	1.14811	6.88596	1.54846	0.250546	-0.343029
7.795	1.148	6.89096	1.54721	0.251985	-0.344058
7.8	1.14787	6.89596	1.54595	0.253426	-0.345085
7.805	1.14774	6.90096	1.54468	0.254868	-0.34611
7.81	1.1476	6.90595	1.54341	0.256313	-0.347133
7.815	1.14746	6.91095	1.54212	0.257759	-0.348155
7.82	1.14731	6.91595	1.54083	0.259207	-0.349175
7.825	1.14716	6.92095	1.53954	0.260657	-0.350193
7.83	1.14699	6.92595	1.53824	0.262108	-0.351209
7.835	1.14682	6.93094	1.53692	0.263562	-0.352224
7.84	1.14665	6.93594	1.53561	0.265017	-0.353236
7.845	1.14646	6.94094	1.53428	0.266474	-0.354246
7.85	1.14628	6.94593	1.53295	0.267933	-0.355255
7.855	1.14608	6.95093	1.53161	0.269393	-0.356261
7.86	1.14588	6.95592	1.53026	0.270856	-0.357265
7.865	1.14567	6.96092	1.52891	0.27232	-0.358268
7.87	1.14545	6.96592	1.52755	0.273786	-0.359268
7.875	1.14523	6.97091	1.52618	0.275254	-0.360266
7.88	1.145	6.97591	1.5248	0.276723	-0.361262
7.885	1.14476	6.9809	1.52342	0.278195	-0.362256
7.89	1.14452	6.98589	1.52203	0.279668	-0.363247
7.895	1.14427	6.99089	1.52063	0.281143	-0.364237
7.9	1.14401	6.99588	1.51922	0.28262	-0.365224
7.905	1.14375	7.00087	1.51781	0.284098	-0.366208
7.91	1.14347	7.00587	1.51639	0.285579	-0.367191
7.915	1.14319	7.01086	1.51496	0.287061	-0.368171
7.92	1.14291	7.01585	1.51353	0.288545	-0.369149
7.925	1.14261	7.02084	1.51208	0.29003	-0.370124
7.93	1.14231	7.02583	1.51063	0.291518	-0.371097
7.935	1.14201	7.03082	1.50918	0.293007	-0.372067
7.94	1.14169	7.03581	1.50771	0.294498	-0.373035
7.945	1.14137	7.0408	1.50624	0.29599	-0.374
7.95	1.14104	7.04579	1.50476	0.297485	-0.374963
7.955	1.1407	7.05078	1.50327	0.298981	-0.375923
7.96	1.14036	7.05577	1.50178	0.300479	-0.376881
7.965	1.14	7.06076	1.50027	0.301979	-0.377836
7.97	1.13964	7.06574	1.49876	0.303481	-0.378788
7.975	1.13928	7.07073	1.49725	0.304984	-0.379737
7.98	1.1389	7.07572	1.49572	0.306489	-0.380684
7.985	1.13852	7.0807	1.49419	0.307996	-0.381628
7.99	1.13813	7.08569	1.49265	0.309505	-0.382569
7.995	1.13773	7.09067	1.4911	0.311015	-0.383507
8	1.13732	7.09565	1.48955	0.312527	-0.384443
8.005	1.13691	7.10064	1.48798	0.314041	-0.385375
8.01	1.13649	7.10562	1.48641	0.315557	-0.386305
8.015	1.13606	7.1106	1.48484	0.317075	-0.387232
8.02	1.13562	7.11558	1.48325	0.318594	-0.388155
8.025	1.13518	7.12056	1.48166	0.320115	-0.389076
8.03	1.13472	7.12554	1.48006	0.321638	-0.389993
8.035	1.13426	7.13052	1.47845	0.323162	-0.390908
8.04	1.13379	7.1355	1.47683	0.324688	-0.391819
8.045	1.13332	7.14048	1.47521	0.326217	-0.392727
8.05	1.13283	7.14545	1.47358	0.327746	-0.393632
8.055	1.13234	7.15043	1.47194	0.329278	-0.394534
8.06	1.13184	7.1554	1.47029	0.330811	-0.395432
8.065	1.13133	7.16038	1.46864	0.332346	-0.396327
8.07	1.13081	7.16535	1.46698	0.333883	-0.397219
8.075	1.13028	7.17032	1.46531	0.335422	-0.398107
8.08	1.12975	7.17529	1.46363	0.336962	-0.398992
8.085	1.1292	7.18026	1.46195	0.338505	-0.399873
8.09	1.12865	7.18523	1.46025	0.340049	-0.400752
8.095	1.12809	7.1902	1.45855	0.341594	-0.401626
8.1	1.12752	7.19517	1.45685	0.343142	-0.402497
8.105	1.12695	7.20014	1.45513	0.344691	-0.403364
8.11	1.12636	7.2051	1.45341	0.346242	-0.404228
8.115	1.12577	7.21007	1.45168	0.347795	-0.405088
8.12	1.12516	7.21503	1.44994	0.34935	-0.405944
8.125	1.12455	7.21999	1.44819	0.350906	-0.406797
8.13	1.12393	7.22495	1.44643	0.352464	-0.407646
8.135	1.1233	7.22991	1.44467	0.354024	-0.408491
8.14	1.12267	7.23487	1.4429	0.355586	-0.409332
8.145	1.12202	7.23983	1.44112	0.357149	-0.410169
8.15	1.12136	7.24479	1.43934	0.358714	-0.411003
8.155	1.1207	7.24974	1.43755	0.360281	-0.411832
8.16	1.12003	7.2547	1.43574	0.36185	-0.412658
8.165	1.11934	7.25965	1.43393	0.363421	-0.413479
8.17	1.11865	7.2646	1.43212	0.364993	-0.414297
8.175	1.11795	7.26955	1.43029	0.366567	-0.41511
8.18	1.11724	7.2745	1.42846	0.368143	-0.415919
8.185	1.11653	7.27945	1.42662	0.369721	-0.416724
8.19	1.1158	7.2844	1.42477	0.371301	-0.417525
8.195	1.11506	7.28934	1.42291	0.372882	-0.418321
8.2	1.11432	7.29429	1.42105	0.374465	-0.419113
8.205	1.11356	7.29923	1.41918	0.37605	-0.419901
8.21	1.1128	7.30417	1.4173	0.377637	-0.420685
8.215	1.11202	7.30911	1.41541	0.379225	-0.421464
8.22	1.11124	7.31405	1.41351	0.380815	-0.422238
8.225	1.11045	7.31898	1.41161	0.382408	-0.423008
8.23	1.10964	7.32392	1.4097	0.384002	-0.423774
8.235	1.10883	7.32885	1.40778	0.385597	-0.424535
8.24	1.10801	7.33379	1.40585	0.387195	-0.425291
8.245	1.10718	7.33872	1.40391	0.388794	-0.426043
8.25	1.10634	7.34365	1.40197	0.390395	-0.42679
8.255	1.10549	7.34857	1.40002	0.391998	-0.427532
8.26	1.10463	7.3535	1.39806	0.393603	-0.42827
8.265	1.10376	7.35842	1.39609	0.39521	-0.429002
8.27	1.10288	7.36334	1.39411	0.396818	-0.42973
8.275	1.102	7.36826	1.39213	0.398429	-0.430453
8.28	1.1011	7.37318	1.39014	0.400041	-0.431171
8.285	1.10019	7.3781	1.38814	0.401655	-0.431884
8.29	1.09927	7.38301	1.38613	0.403271	-0.432592
8.295	1.09834	7.38793	1.38411	0.404888	-0.433295
8.3	1.0974	7.39284	1.38209	0.406508	-0.433993
8.305	1.09646	7.39775	1.38005	0.408129	-0.434685
8.31	1.0955	7.40266	1.37801	0.409752	-0.435373
8.315	1.09453	7.40756	1.37597	0.411377	-0.436055
8.32	1.09355	7.41247	1.37391	0.413004	-0.436732
8.325	1.09256	7.41737	1.37184	0.414633	-0.437404
8.33	1.09157	7.42227	1.36977	0.416264	-0.43807
8.335	1.09056	7.42716	1.36769	0.417896	-0.438731
8.34	1.08954	7.43206	1.3656	0.419531	-0.439386
8.345	1.08851	7.43695	1.3635	0.421167	-0.440036
8.35	1.08747	7.44184	1.3614	0.422805	-0.44068
8.355	1.08642	7.44673	1.35928	0.424445	-0.441319
8.36	1.08536	7.45162	1.35716	0.426087	-0.441952
8.365	1.08429	7.4565	1.35503	0.427731	-0.442579
8.37	1.08321	7.46138	1.35289	0.429376	-0.443201
8.375	1.08212	7.46626	1.35074	0.431024	-0.443817
8.38	1.08102	7.47114	1.34859	0.432674	-0.444427
8.385	1.0799	7.47601	1.34643	0.434325	-0.445032
8.39	1.07878	7.48089	1.34425	0.435978	-0.44563
8.395	1.07765	7.48576	1.34207	0.437634	-0.446223
8.4	1.0765	7.49062	1.33989	0.439291	-0.446809
8.405	1.07535	7.49549	1.33769	0.44095	-0.44739
8.41	1.07418	7.50035	1.33548	0.442611	-0.447964
8.415	1.07301	7.50521	1.33327	0.444274	-0.448532
8.42	1.07182	7.51007	1.33105	0.445939	-0.449094
8.425	1.07062	7.51492	1.32882	0.447606	-0.44965
8.43	1.06941	7.51977	1.32658	0.449275	-0.4502
8.435	1.06819	7.52462	1.32434	0.450945	-0.450743
8.44	1.06696	7.52947	1.32208	0.452618	-0.45128
8.445	1.06572	7.53431	1.31982	0.454293	-0.451811
8.45	1.06447	7.53915	1.31755	0.45597	-0.452335
8.455	1.0632	7.54399	1.31527	0.457648	-0.452853
8.46	1.06193	7.54882	1.31298	0.459329	-0.453364
8.465	1.06064	7.55366	1.31068	0.461012	-0.453868
8.47	1.05934	7.55848	1.30838	0.462696	-0.454366
8.475	1.05804	7.56331	1.30606	0.464383	-0.454857
8.48	1.05672	7.56813	1.30374	0.466072	-0.455342
8.485	1.05539	7.57295	1.30141	0.467762	-0.45582
8.49	1.05404	7.57777	1.29907	0.469455	-0.456291
8.495	1.05269	7.58258	1.29673	0.47115	-0.456755
8.5	1.05133	7.58739	1.29437	0.472847	-0.457212
8.505	1.04995	7.5922	1.29201	0.474546	-0.457662
8.51	1.04856	7.597	1.28963	0.476247	-0.458105
8.515	1.04716	7.6018	1.28725	0.477949	-0.458541
8.52	1.04575	7.6066	1.28486	0.479654	-0.45897
8.525	1.04433	7.61139	1.28246	0.481362	-0.459392
8.53	1.0429	7.61618	1.28006	0.483071	-0.459807
8.535	1.04145	7.62097	1.27764	0.484782	-0.460214
8.54	1.04	7.62575	1.27522	0.486495	-0.460614
8.545	1.03853	7.63053	1.27278	0.488211	-0.461007
8.55	1.03705	7.63531	1.27034	0.489928	-0.461392
8.555	1.03556	7.64008	1.26789	0.491648	-0.46177
8.56	1.03405	7.64485	1.26544	0.49337	-0.46214
8.565	1.03254	7.64962	1.26297	0.495094	-0.462503
8.57	1.03101	7.65438	1.26049	0.49682	-0.462858
8.575	1.02947	7.65913	1.25801	0.498548	-0.463206
8.58	1.02792	7.66389	1.25552	0.500279	-0.463546
8.585	1.02636	7.66864	1.25302	0.502011	-0.463878
8.59	1.02479	7.67338	1.25051	0.503746	-0.464202
8.595	1.0232	7.67813	1.24799	0.505483	-0.464519
8.6	1.0216	7.68286	1.24546	0.507222	-0.464827
8.605	1.01999	7.6876	1.24292	0.508963	-0.465128
8.61	1.01837	7.69233	1.24038	0.510707	-0.465421
8.615	1.01674	7.69705	1.23782	0.512453	-0.465705
8.62	1.01509	7.70177	1.23526	0.514201	-0.465982
8.625	1.01343	7.70649	1.23269	0.515951	-0.46625
8.63	1.01176	7.7112	1.23011	0.517703	-0.46651
8.635	1.01008	7.71591	1.22752	0.519458	-0.466762
8.64	1.00838	7.72061	1.22493	0.521215	-0.467006
8.645	1.00668	7.72531	1.22232	0.522975	-0.467241
8.65	1.00496	7.73001	1.2197	0.524736	-0.467468
8.655	1.00322	7.7347	1.21708	0.5265	-0.467687
8.66	1.00148	7.73939	1.21445	0.528266	-0.467897
8.665	0.999723	7.74407	1.21181	0.530035	-0.468098
8.67	0.997954	7.74874	1.20916	0.531806	-0.468291
8.675	0.996173	7.75342	1.2065	0.533579	-0.468475
8.68	0.994379	7.75808	1.20383	0.535355	-0.468651
8.685	0.992572	7.76275	1.20115	0.537133	-0.468817
8.69	0.990753	7.7674	1.19847	0.538913	-0.468975
8.695	0.988922	7.77206	1.19577	0.540696	-0.469124
8.7	0.987078	7.7767	1.19307	0.542481	-0.469264
8.705	0.985221	7.78135	1.19036	0.544269	-0.469396
8.71	0.983352	7.78598	1.18764	0.546059	-0.469518
8.715	0.98147	7.79062	1.18491	0.547851	-0.469631
8.72	0.979575	7.79524	1.18217	0.549646	-0.469735
8.725	0.977668	7.79986	1.17942	0.551444	-0.46983
8.73	0.975748	7.80448	1.17666	0.553243	-0.469915
8.735	0.973815	7.80909	1.17389	0.555046	-0.469992
8.74	0.97187	7.8137	1.17112	0.556851	-0.470059
8.745	0.969911	7.8183	1.16834	0.558658	-0.470117
8.75	0.96794	7.82289	1.16554	0.560468	-0.470165
8.755	0.965956	7.82748	1.16274	0.562281	-0.470204
8.76	0.963959	7.83207	1.15993	0.564096	-0.470233
8.765	0.961949	7.83665	1.15711	0.565913	-0.470253
8.77	0.959926	7.84122	1.15428	0.567734	-0.470263
8.775	0.95789	7.84578	1.15144	0.569557	-0.470263
8.78	0.955841	7.85035	1.14859	0.571382	-0.470254
8.785	0.953779	7.8549	1.14573	0.57321	-0.470235
8.79	0.951704	7.85945	1.14287	0.575041	-0.470206
8.795	0.949616	7.86399	1.13999	0.576875	-0.470168
8.8	0.947515	7.86853	1.13711	0.578711	-0.470119
8.805	0.945401	7.87306	1.13422	0.58055	-0.47006
8.81	0.943274	7.87759	1.13131	0.582391	-0.469992
8.815	0.941133	7.8821	1.1284	0.584236	-0.469913
8.82	0.93898	7.88662	1.12548	0.586083	-0.469824
8.825	0.936813	7.89112	1.12255	0.587933	-0.469725
8.83	0.934632	7.89562	1.11961	0.589786	-0.469615
8.835	0.932439	7.90012	1.11666	0.591641	-0.469496
8.84	0.930232	7.9046	1.1137	0.5935	-0.469366
8.845	0.928012	7.90908	1.11074	0.595361	-0.469226
8.85	0.925779	7.91356	1.10776	0.597225	-0.469075
8.855	0.923532	7.91802	1.10477	0.599092	-0.468914
8.86	0.921272	7.92248	1.10178	0.600962	-0.468742
8.865	0.918999	7.92694	1.09877	0.602835	-0.468559
8.87	0.916712	7.93138	1.09576	0.604711	-0.468366
8.875	0.914412	7.93582	1.09273	0.60659	-0.468163
8.88	0.912098	7.94025	1.0897	0.608472	-0.467948
8.885	0.909771	7.94468	1.08666	0.610357	-0.467723
8.89	0.90743	7.9491	1.08361	0.612245	-0.467487
8.895	0.905076	7.95351	1.08055	0.614136	-0.46724
8.9	0.902708	7.95791	1.07748	0.61603	-0.466982
8.905	0.900327	7.96231	1.0744	0.617927	-0.466713
8.91	0.897932	7.9667	1.07131	0.619827	-0.466433
8.915	0.895523	7.97108	1.06821	0.621731	-0.466142
8.92	0.893101	7.97545	1.0651	0.623637	-0.46584
8.925	0.890665	7.97982	1.06198	0.625547	-0.465526
8.93	0.888216	7.98418	1.05885	0.62746	-0.465202
8.935	0.885753	7.98853	1.05571	0.629377	-0.464866
8.94	0.883276	7.99287	1.05257	0.631297	-0.464519
8.945	0.880786	7.99721	1.04941	0.63322	-0.46416
8.95	0.878282	8.00154	1.04625	0.635146	-0.46379
8.955	0.875764	8.00586	1.04307	0.637076	-0.463408
8.96	0.873232	8.01017	1.03988	0.639009	-0.463015
8.965	0.870687	8.01447	1.03669	0.640945	-0.46261
8.97	0.868128	8.01877	1.03348	0.642885	-0.462194
8.975	0.865555	8.02306	1.03027	0.644829	-0.461766
8.98	0.862968	8.02734	1.02705	0.646776	-0.461326
8.985	0.860367	8.03161	1.02381	0.648726	-0.460875
8.99	0.857753	8.03587	1.02057	0.65068	-0.460411
8.995	0.855125	8.04012	1.01731	0.652638	-0.459936
9	0.852483	8.04437	1.01405	0.654599	-0.459449
9.005	0.849827	8.0486	1.01078	0.656564	-0.45895
9.01	0.847157	8.05283	1.0075	0.658533	-0.458438
9.015	0.844473	8.05705	1.0042	0.660505	-0.457915
9.02	0.841775	8.06126	1.0009	0.662481	-0.45738
9.025	0.839064	8.06546	0.997588	0.664461	-0.456832
9.03	0.836338	8.06965	0.994266	0.666445	-0.456273
9.035	0.833598	8.07383	0.990933	0.668433	-0.455701
9.04	0.830845	8.07801	0.987591	0.670424	-0.455116
9.045	0.828077	8.08217	0.984239	0.67242	-0.45452
9.05	0.825296	8.08633	0.980877	0.674419	-0.453911
9.055	0.822501	8.09047	0.977505	0.676423	-0.453289
9.06	0.819691	8.09461	0.974123	0.678431	-0.452655
9.065	0.816868	8.09873	0.970731	0.680442	-0.452009
9.07	0.81403	8.10285	0.967329	0.682458	-0.45135
9.075	0.811179	8.10696	0.963916	0.684478	-0.450678
9.08	0.808313	8.11106	0.960494	0.686502	-0.449994
9.085	0.805433	8.11514	0.957061	0.688531	-0.449297
9.09	0.80254	8.11922	0.953619	0.690563	-0.448587
9.095	0.799632	8.12329	0.950166	0.692601	-0.447864
9.1	0.79671	8.12735	0.946703	0.694642	-0.447129
9.105	0.793774	8.13139	0.94323	0.696688	-0.44638
9.11	0.790824	8.13543	0.939746	0.698739	-0.445619
9.115	0.78786	8.13946	0.936253	0.700794	-0.444845
9.12	0.784882	8.14347	0.932749	0.702853	-0.444058
9.125	0.78189	8.14748	0.929234	0.704917	-0.443257
9.13	0.778884	8.15147	0.92571	0.706986	-0.442444
9.135	0.775863	8.15546	0.922175	0.70906	-0.441617
9.14	0.772829	8.15943	0.918629	0.711138	-0.440778
9.145	0.76978	8.1634	0.915074	0.713221	-0.439925
9.15	0.766717	8.16735	0.911508	0.715309	-0.439058
9.155	0.76364	8.17129	0.907931	0.717402	-0.438179
9.16	0.760549	8.17522	0.904344	0.7195	-0.437286
9.165	0.757444	8.17914	0.900747	0.721603	-0.43638
9.17	0.754325	8.18305	0.897139	0.723712	-0.43546
9.175	0.751191	8.18694	0.89352	0.725825	-0.434527
9.18	0.748044	8.19083	0.889891	0.727944	-0.43358
9.185	0.744882	8.1947	0.886251	0.730068	-0.43262
9.19	0.741707	8.19856	0.882601	0.732197	-0.431646
9.195	0.738517	8.20241	0.87894	0.734331	-0.430659
9.2	0.735313	8.20625	0.875268	0.736472	-0.429658
9.205	0.732095	8.21008	0.871586	0.738617	-0.428643
9.21	0.728863	8.21389	0.867893	0.740769	-0.427614
9.215	0.725616	8.2177	0.864189	0.742926	-0.426572
9.22	0.722356	8.22149	0.860474	0.745089	-0.425516
9.225	0.719081	8.22527	0.856749	0.747257	-0.424446
9.23	0.715793	8.22903	0.853013	0.749432	-0.423362
9.235	0.71249	8.23279	0.849265	0.751612	-0.422264
9.24	0.709173	8.23653	0.845507	0.753799	-0.421152
9.245	0.705843	8.24026	0.841738	0.755991	-0.420026
9.25	0.702498	8.24397	0.837958	0.75819	-0.418886
9.255	0.699139	8.24768	0.834167	0.760395	-0.417732
9.26	0.695766	8.25137	0.830365	0.762607	-0.416564
9.265	0.692379	8.25505	0.826552	0.764825	-0.415382
9.27	0.688978	8.25871	0.822728	0.76705	-0.414186
9.275	0.685562	8.26236	0.818893	0.769281	-0.412975
9.28	0.682133	8.266	0.815047	0.771519	-0.41175
9.285	0.67869	8.26963	0.811189	0.773764	-0.410511
9.29	0.675233	8.27324	0.80732	0.776015	-0.409258
9.295	0.671762	8.27684	0.80344	0.778274	-0.40799
9.3	0.668276	8.28043	0.799549	0.78054	-0.406708
9.305	0.664777	8.284	0.795646	0.782813	-0.405411
9.31	0.661264	8.28755	0.791732	0.785093	-0.4041
9.315	0.657737	8.2911	0.787807	0.787381	-0.402775
9.32	0.654196	8.29463	0.78387	0.789676	-0.401435
9.325	0.650642	8.29815	0.779921	0.791979	-0.40008
9.33	0.647073	8.30165	0.775961	0.794289	-0.398711
9.335	0.64349	8.30513	0.77199	0.796608	-0.397327
9.34	0.639894	8.30861	0.768007	0.798934	-0.395929
9.345	0.636283	8.31207	0.764012	0.801269	-0.394516
9.35	0.632659	8.31551	0.760006	0.803611	-0.393088
9.355	0.629021	8.31894	0.755988	0.805962	-0.391646
9.36	0.62537	8.32236	0.751958	0.808322	-0.390189
9.365	0.621704	8.32576	0.747917	0.81069	-0.388717
9.37	0.618025	8.32914	0.743863	0.813067	-0.38723
9.375	0.614332	8.33251	0.739798	0.815452	-0.385729
9.38	0.610625	8.33587	0.73572	0.817847	-0.384213
9.385	0.606905	8.33921	0.731631	0.820251	-0.382681
9.39	0.60317	8.34254	0.72753	0.822664	-0.381135
9.395	0.599423	8.34585	0.723417	0.825087	-0.379574
9.4	0.595661	8.34914	0.719291	0.827519	-0.377998
9.405	0.591886	8.35242	0.715154	0.829961	-0.376407
9.41	0.588098	8.35568	0.711004	0.832413	-0.374801
9.415	0.584296	8.35893	0.706842	0.834875	-0.37318
9.42	0.58048	8.36216	0.702667	0.837347	-0.371544
9.425	0.576651	8.36537	0.698481	0.83983	-0.369893
9.43	0.572808	8.36857	0.694282	0.842323	-0.368226
9.435	0.568952	8.37176	0.69007	0.844827	-0.366545
9.44	0.565083	8.37492	0.685846	0.847343	-0.364848
9.445	0.5612	8.37807	0.681609	0.849869	-0.363136
9.45	0.557304	8.38121	0.67736	0.852407	-0.361409
9.455	0.553395	8.38432	0.673098	0.854956	-0.359667
9.46	0.549472	8.38742	0.668823	0.857517	-0.35791
9.465	0.545536	8.39051	0.664535	0.86009	-0.356137
9.47	0.541587	8.39357	0.660235	0.862676	-0.354349
9.475	0.537624	8.39662	0.655922	0.865273	-0.352545
9.48	0.533649	8.39966	0.651595	0.867884	-0.350727
9.485	0.52966	8.40267	0.647256	0.870507	-0.348893
9.49	0.525658	8.40567	0.642903	0.873144	-0.347043
9.495	0.521643	8.40865	0.638538	0.875794	-0.345178
9.5	0.517615	8.41161	0.634159	0.878458	-0.343298
9.505	0.513575	8.41456	0.629766	0.881136	-0.341402
9.51	0.509521	8.41748	0.625361	0.883828	-0.339491
9.515	0.505454	8.42039	0.620941	0.886534	-0.337564
9.52	0.501375	8.42328	0.616509	0.889255	-0.335622
9.525	0.497282	8.42615	0.612063	0.891992	-0.333664
9.53	0.493177	8.42901	0.607603	0.894744	-0.331691
9.535	0.489059	8.43184	0.603129	0.897511	-0.329702
9.54	0.484929	8.43466	0.598641	0.900295	-0.327698
9.545	0.480786	8.43746	0.59414	0.903095	-0.325677
9.55	0.47663	8.44024	0.589624	0.905912	-0.323642
9.555	0.472462	8.443	0.585095	0.908746	-0.32159
9.56	0.468281	8.44575	0.580551	0.911598	-0.319523
9.565	0.464088	8.44847	0.575993	0.914467	-0.31744
9.57	0.459882	8.45117	0.571421	0.917355	-0.315342
9.575	0.455664	8.45386	0.566834	0.920261	-0.313228
9.58	0.451434	8.45652	0.562233	0.923187	-0.311098
9.585	0.447191	8.45917	0.557617	0.926132	-0.308952
9.59	0.442936	8.46179	0.552986	0.929097	-0.30679
9.595	0.438669	8.4644	0.548341	0.932082	-0.304613
9.6	0.43439	8.46699	0.54368	0.935089	-0.302419
9.605	0.430099	8.46955	0.539005	0.938117	-0.30021
9.61	0.425796	8.4721	0.534314	0.941167	-0.297985
9.615	0.421481	8.47463	0.529608	0.944239	-0.295744
9.62	0.417154	8.47713	0.524887	0.947335	-0.293487
9.625	0.412815	8.47962	0.52015	0.950454	-0.291214
9.63	0.408465	8.48208	0.515398	0.953597	-0.288925
9.635	0.404103	8.48452	0.51063	0.956765	-0.28662
9.64	0.399729	8.48695	0.505846	0.959959	-0.284299
9.645	0.395343	8.48935	0.501046	0.963179	-0.281962
9.65	0.390947	8.49173	0.496231	0.966426	-0.279609
9.655	0.386538	8.49409	0.491398	0.9697	-0.277239
9.66	0.382118	8.49643	0.48655	0.973002	-0.274854
9.665	0.377687	8.49874	0.481685	0.976334	-0.272452
9.67	0.373245	8.50104	0.476803	0.979695	-0.270034
9.675	0.368792	8.50331	0.471905	0.983087	-0.2676
9.68	0.364327	8.50556	0.466989	0.986511	-0.26515
9.685	0.359851	8.50779	0.462057	0.989967	-0.262683
9.69	0.355365	8.51	0.457107	0.993457	-0.2602
9.695	0.350867	8.51218	0.45214	0.996981	-0.2577
9.7	0.346359	8.51434	0.447155	1.00054	-0.255184
9.705	0.341839	8.51648	0.442152	1.00414	-0.252652
9.71	0.33731	8.5186	0.437131	1.00777	-0.250103
9.715	0.332769	8.52069	0.432092	1.01144	-0.247537
9.72	0.328218	8.52276	0.427035	1.01516	-0.244955
9.725	0.323657	8.52481	0.421959	1.01891	-0.242356
9.73	0.319085	8.52684	0.416865	1.02271	-0.239741
9.735	0.314503	8.52884	0.411751	1.02655	-0.237108
9.74	0.30991	8.53081	0.406619	1.03043	-0.234459
9.745	0.305308	8.53277	0.401466	1.03437	-0.231793
9.75	0.300696	8.5347	0.396295	1.03835	-0.229111
9.755	0.296073	8.5366	0.391103	1.04238	-0.226411
9.76	0.291441	8.53849	0.385891	1.04646	-0.223694
9.765	0.286799	8.54034	0.380659	1.0506	-0.22096
9.77	0.282147	8.54218	0.375406	1.0548	-0.218209
9.775	0.277485	8.54399	0.370132	1.05905	-0.21544
9.78	0.272815	8.54577	0.364836	1.06336	-0.212655
9.785	0.268134	8.54753	0.35952	1.06774	-0.209852
9.79	0.263445	8.54926	0.354181	1.07218	-0.207031
9.795	0.258746	8.55097	0.34882	1.07669	-0.204193
9.8	0.254038	8.55266	0.343437	1.08127	-0.201337
9.805	0.249321	8.55431	0.33803	1.08593	-0.198464
9.81	0.244595	8.55595	0.332601	1.09066	-0.195572
9.815	0.23986	8.55755	0.327147	1.09547	-0.192663
9.82	0.235116	8.55914	0.32167	1.10036	-0.189735
9.825	0.230364	8.56069	0.316168	1.10534	-0.18679
9.83	0.225603	8.56222	0.310641	1.11042	-0.183826
9.835	0.220834	8.56372	0.305089	1.11559	-0.180844
9.84	0.216057	8.5652	0.299511	1.12086	-0.177843
9.845	0.211271	8.56664	0.293907	1.12623	-0.174823
9.85	0.206478	8.56807	0.288276	1.13172	-0.171785
9.855	0.201676	8.56946	0.282617	1.13733	-0.168728
9.86	0.196866	8.57083	0.276931	1.14305	-0.165651
9.865	0.192049	8.57217	0.271215	1.14891	-0.162556
9.87	0.187224	8.57348	0.265471	1.1549	-0.159441
9.875	0.182392	8.57476	0.259696	1.16104	-0.156306
9.88	0.177552	8.57602	0.253891	1.16733	-0.153151
9.885	0.172705	8.57725	0.248054	1.17379	-0.149977
9.89	0.167851	8.57845	0.242185	1.18042	-0.146782
9.895	0.16299	8.57962	0.236283	1.18724	-0.143568
9.9	0.158122	8.58076	0.230347	1.19425	-0.140332
9.905	0.153248	8.58187	0.224376	1.20147	-0.137076
9.91	0.148366	8.58295	0.218369	1.20892	-0.133799
9.915	0.143479	8.58401	0.212324	1.21662	-0.130501
9.92	0.138585	8.58503	0.206241	1.22458	-0.127181
9.925	0.133684	8.58603	0.200118	1.23282	-0.12384
9.93	0.128778	8.58699	0.193954	1.24137	-0.120478
9.935	0.123866	8.58792	0.187747	1.25026	-0.117094
9.94	0.118948	8.58883	0.181496	1.25951	-0.113688
9.945	0.114025	8.5897	0.175198	1.26917	-0.11026
9.95	0.109096	8.59054	0.168852	1.27928	-0.10681
9.955	0.104162	8.59135	0.162456	1.28988	-0.103339
9.96	0.0992223	8.59212	0.156007	1.30103	-0.0998465
9.965	0.0942781	8.59287	0.149501	1.31279	-0.096333
9.97	0.0893291	8.59358	0.142937	1.32526	-0.0927993
9.975	0.0843754	8.59426	0.136311	1.33852	-0.0892464
9.98	0.0794174	8.59491	0.129619	1.3527	-0.0856759
9.985	0.0744551	8.59552	0.122855	1.36795	-0.0820899
9.99	0.0694887	8.5961	0.116015	1.38446	-0.0784917
9.995	0.0645184	8.59664	0.109093	1.40246	-0.0748855
10	0.0595444	8.59715	0.102081	1.4223	-0.0712781
10.005	0.054567	8.59762	0.0949692	1.4444	-0.0676787
10.01	0.0495862	8.59806	0.0877471	1.46939	-0.0641016
10.015	0.0446024	8.59846	0.0804002	1.49816	-0.060568
10.02	0.0396156	8.59883	0.0729094	1.53208	-0.0571117
10.025	0.0346263	8.59915	0.065249	1.57333	-0.0537876
10.03	0.0296345	8.59944	0.0573824	1.62569	-0.0506902
10.035	0.0246406	8.59969	0.0492539	1.69626	-0.0479941
10.04	0.0196447	8.59989	0.0407726	1.80002	-0.0460555
10.045	0.0146473	8.60005	0.0317725	1.97444	-0.0457169
10.05	0.00964845	8.60016	0.0219003	2.33973	-0.0495361
10.055	0.00464871	8.60021	0.0102016	3.49393	-0.0706726
10.06	-0.000351158	8.60017	-0.00726803	13.9892	-0.526226
